# Author: FAC idanalysis.IDKickMap
# Termination_kicks [T2m2]: -7.1793e-04 +3.6337e-04 +3.0001e-04 +4.1305e-04 
# Total Length of Longitudinal Interval [m]
2.77
# Number of Horizontal Points
37
# Number of Vertical Points
3
# Total Horizontal 2nd Order Kick [T2m2]
START
            -0000.01800 -0000.01700 -0000.01600 -0000.01500 -0000.01400 -0000.01300 -0000.01200 -0000.01100 -0000.01000 -0000.00900 -0000.00800 -0000.00700 -0000.00600 -0000.00500 -0000.00400 -0000.00300 -0000.00200 -0000.00100 +0000.00000 +0000.00100 +0000.00200 +0000.00300 +0000.00400 +0000.00500 +0000.00600 +0000.00700 +0000.00800 +0000.00900 +0000.01000 +0000.01100 +0000.01200 +0000.01300 +0000.01400 +0000.01500 +0000.01600 +0000.01700 +0000.01800 
+0000.01200 +7.6094e-04 +7.8656e-04 +7.3958e-04 +7.4277e-04 +7.5203e-04 +7.3222e-04 +7.2186e-04 +7.0642e-04 +6.8359e-04 +6.6153e-04 +6.3972e-04 +6.3201e-04 +6.1473e-04 +6.1023e-04 +5.9766e-04 +5.7156e-04 +5.3429e-04 +5.1206e-04 +4.6272e-04 +4.3989e-04 +4.1466e-04 +4.2306e-04 +4.3464e-04 +4.8946e-04 +5.3040e-04 +6.0956e-04 +6.8052e-04 +7.5800e-04 +8.1716e-04 +9.1057e-04 +9.7916e-04 +1.0143e-03 +1.0242e-03 +1.0254e-03 +1.0158e-03 +9.5835e-04 +9.1931e-04 
+0000.00000 +7.6094e-04 +7.8656e-04 +7.3958e-04 +7.4277e-04 +7.5203e-04 +7.3222e-04 +7.2186e-04 +7.0642e-04 +6.8359e-04 +6.6153e-04 +6.3972e-04 +6.3201e-04 +6.1473e-04 +6.1023e-04 +5.9766e-04 +5.7156e-04 +5.3429e-04 +5.1206e-04 +4.6272e-04 +4.3989e-04 +4.1466e-04 +4.2306e-04 +4.3464e-04 +4.8946e-04 +5.3040e-04 +6.0956e-04 +6.8052e-04 +7.5800e-04 +8.1716e-04 +9.1057e-04 +9.7916e-04 +1.0143e-03 +1.0242e-03 +1.0254e-03 +1.0158e-03 +9.5835e-04 +9.1931e-04 
-0000.01200 +7.6094e-04 +7.8656e-04 +7.3958e-04 +7.4277e-04 +7.5203e-04 +7.3222e-04 +7.2186e-04 +7.0642e-04 +6.8359e-04 +6.6153e-04 +6.3972e-04 +6.3201e-04 +6.1473e-04 +6.1023e-04 +5.9766e-04 +5.7156e-04 +5.3429e-04 +5.1206e-04 +4.6272e-04 +4.3989e-04 +4.1466e-04 +4.2306e-04 +4.3464e-04 +4.8946e-04 +5.3040e-04 +6.0956e-04 +6.8052e-04 +7.5800e-04 +8.1716e-04 +9.1057e-04 +9.7916e-04 +1.0143e-03 +1.0242e-03 +1.0254e-03 +1.0158e-03 +9.5835e-04 +9.1931e-04 
# Total Vertical 2nd Order Kick [T2m2]
START
            -0000.01800 -0000.01700 -0000.01600 -0000.01500 -0000.01400 -0000.01300 -0000.01200 -0000.01100 -0000.01000 -0000.00900 -0000.00800 -0000.00700 -0000.00600 -0000.00500 -0000.00400 -0000.00300 -0000.00200 -0000.00100 +0000.00000 +0000.00100 +0000.00200 +0000.00300 +0000.00400 +0000.00500 +0000.00600 +0000.00700 +0000.00800 +0000.00900 +0000.01000 +0000.01100 +0000.01200 +0000.01300 +0000.01400 +0000.01500 +0000.01600 +0000.01700 +0000.01800 
+0000.01200 -9.7253e-04 -1.0010e-03 -1.0240e-03 -1.0590e-03 -1.0735e-03 -1.0722e-03 -1.0677e-03 -1.0429e-03 -1.0040e-03 -9.4232e-04 -9.0744e-04 -8.2572e-04 -7.8752e-04 -7.4410e-04 -7.1594e-04 -6.8949e-04 -6.6636e-04 -6.5365e-04 -6.5078e-04 -6.8101e-04 -7.0258e-04 -7.1649e-04 -7.5873e-04 -7.9446e-04 -8.3896e-04 -8.6776e-04 -8.9960e-04 -9.5292e-04 -9.6463e-04 -9.9429e-04 -1.0417e-03 -1.0574e-03 -1.0559e-03 -1.0581e-03 -1.0555e-03 -1.0398e-03 -9.9966e-04 
+0000.00000 -9.7253e-04 -1.0010e-03 -1.0240e-03 -1.0590e-03 -1.0735e-03 -1.0722e-03 -1.0677e-03 -1.0429e-03 -1.0040e-03 -9.4232e-04 -9.0744e-04 -8.2572e-04 -7.8752e-04 -7.4410e-04 -7.1594e-04 -6.8949e-04 -6.6636e-04 -6.5365e-04 -6.5078e-04 -6.8101e-04 -7.0258e-04 -7.1649e-04 -7.5873e-04 -7.9446e-04 -8.3896e-04 -8.6776e-04 -8.9960e-04 -9.5292e-04 -9.6463e-04 -9.9429e-04 -1.0417e-03 -1.0574e-03 -1.0559e-03 -1.0581e-03 -1.0555e-03 -1.0398e-03 -9.9966e-04 
-0000.01200 -9.7253e-04 -1.0010e-03 -1.0240e-03 -1.0590e-03 -1.0735e-03 -1.0722e-03 -1.0677e-03 -1.0429e-03 -1.0040e-03 -9.4232e-04 -9.0744e-04 -8.2572e-04 -7.8752e-04 -7.4410e-04 -7.1594e-04 -6.8949e-04 -6.6636e-04 -6.5365e-04 -6.5078e-04 -6.8101e-04 -7.0258e-04 -7.1649e-04 -7.5873e-04 -7.9446e-04 -8.3896e-04 -8.6776e-04 -8.9960e-04 -9.5292e-04 -9.6463e-04 -9.9429e-04 -1.0417e-03 -1.0574e-03 -1.0559e-03 -1.0581e-03 -1.0555e-03 -1.0398e-03 -9.9966e-04 
# Horizontal Final Position [m]
START
            -0000.01800 -0000.01700 -0000.01600 -0000.01500 -0000.01400 -0000.01300 -0000.01200 -0000.01100 -0000.01000 -0000.00900 -0000.00800 -0000.00700 -0000.00600 -0000.00500 -0000.00400 -0000.00300 -0000.00200 -0000.00100 +0000.00000 +0000.00100 +0000.00200 +0000.00300 +0000.00400 +0000.00500 +0000.00600 +0000.00700 +0000.00800 +0000.00900 +0000.01000 +0000.01100 +0000.01200 +0000.01300 +0000.01400 +0000.01500 +0000.01600 +0000.01700 +0000.01800 
+0000.01200 -1.8040e-02 -1.7041e-02 -1.6043e-02 -1.5045e-02 -1.4046e-02 -1.3047e-02 -1.2047e-02 -1.1047e-02 -1.0046e-02 -9.0449e-03 -8.0429e-03 -7.0401e-03 -6.0370e-03 -5.0332e-03 -4.0294e-03 -3.0258e-03 -2.0222e-03 -1.0185e-03 -1.5204e-05 +9.8849e-04 +1.9921e-03 +2.9962e-03 +4.0005e-03 +5.0055e-03 +6.0102e-03 +7.0155e-03 +8.0207e-03 +9.0257e-03 +1.0030e-02 +1.1035e-02 +1.2040e-02 +1.3044e-02 +1.4047e-02 +1.5049e-02 +1.6052e-02 +1.7053e-02 +1.8055e-02 
+0000.00000 -1.8040e-02 -1.7041e-02 -1.6043e-02 -1.5045e-02 -1.4046e-02 -1.3047e-02 -1.2047e-02 -1.1047e-02 -1.0046e-02 -9.0449e-03 -8.0429e-03 -7.0401e-03 -6.0370e-03 -5.0332e-03 -4.0294e-03 -3.0258e-03 -2.0222e-03 -1.0185e-03 -1.5204e-05 +9.8849e-04 +1.9921e-03 +2.9962e-03 +4.0005e-03 +5.0055e-03 +6.0102e-03 +7.0155e-03 +8.0207e-03 +9.0257e-03 +1.0030e-02 +1.1035e-02 +1.2040e-02 +1.3044e-02 +1.4047e-02 +1.5049e-02 +1.6052e-02 +1.7053e-02 +1.8055e-02 
-0000.01200 -1.8040e-02 -1.7041e-02 -1.6043e-02 -1.5045e-02 -1.4046e-02 -1.3047e-02 -1.2047e-02 -1.1047e-02 -1.0046e-02 -9.0449e-03 -8.0429e-03 -7.0401e-03 -6.0370e-03 -5.0332e-03 -4.0294e-03 -3.0258e-03 -2.0222e-03 -1.0185e-03 -1.5204e-05 +9.8849e-04 +1.9921e-03 +2.9962e-03 +4.0005e-03 +5.0055e-03 +6.0102e-03 +7.0155e-03 +8.0207e-03 +9.0257e-03 +1.0030e-02 +1.1035e-02 +1.2040e-02 +1.3044e-02 +1.4047e-02 +1.5049e-02 +1.6052e-02 +1.7053e-02 +1.8055e-02 
# Vertical Final Position [m]
START
            -0000.01800 -0000.01700 -0000.01600 -0000.01500 -0000.01400 -0000.01300 -0000.01200 -0000.01100 -0000.01000 -0000.00900 -0000.00800 -0000.00700 -0000.00600 -0000.00500 -0000.00400 -0000.00300 -0000.00200 -0000.00100 +0000.00000 +0000.00100 +0000.00200 +0000.00300 +0000.00400 +0000.00500 +0000.00600 +0000.00700 +0000.00800 +0000.00900 +0000.01000 +0000.01100 +0000.01200 +0000.01300 +0000.01400 +0000.01500 +0000.01600 +0000.01700 +0000.01800 
+0000.01200 +1.1836e-02 +1.1841e-02 +1.1848e-02 +1.1855e-02 +1.1864e-02 +1.1874e-02 +1.1884e-02 +1.1895e-02 +1.1906e-02 +1.1918e-02 +1.1929e-02 +1.1941e-02 +1.1952e-02 +1.1962e-02 +1.1971e-02 +1.1980e-02 +1.1988e-02 +1.1995e-02 +1.2002e-02 +1.2008e-02 +1.2013e-02 +1.2018e-02 +1.2022e-02 +1.2026e-02 +1.2029e-02 +1.2032e-02 +1.2034e-02 +1.2036e-02 +1.2038e-02 +1.2039e-02 +1.2040e-02 +1.2041e-02 +1.2043e-02 +1.2044e-02 +1.2045e-02 +1.2046e-02 +1.2048e-02 
+0000.00000 -1.6413e-04 -1.5856e-04 -1.5186e-04 -1.4457e-04 -1.3609e-04 -1.2645e-04 -1.1622e-04 -1.0528e-04 -9.3907e-05 -8.2023e-05 -7.0700e-05 -5.8955e-05 -4.8382e-05 -3.8167e-05 -2.8895e-05 -2.0168e-05 -1.2065e-05 -4.6181e-06 +2.1406e-06 +7.8186e-06 +1.3170e-05 +1.8291e-05 +2.2387e-05 +2.6136e-05 +2.9153e-05 +3.1938e-05 +3.4354e-05 +3.5912e-05 +3.7902e-05 +3.9293e-05 +4.0032e-05 +4.1207e-05 +4.2539e-05 +4.3643e-05 +4.4895e-05 +4.6344e-05 +4.8227e-05 
-0000.01200 -1.2164e-02 -1.2159e-02 -1.2152e-02 -1.2145e-02 -1.2136e-02 -1.2126e-02 -1.2116e-02 -1.2105e-02 -1.2094e-02 -1.2082e-02 -1.2071e-02 -1.2059e-02 -1.2048e-02 -1.2038e-02 -1.2029e-02 -1.2020e-02 -1.2012e-02 -1.2005e-02 -1.1998e-02 -1.1992e-02 -1.1987e-02 -1.1982e-02 -1.1978e-02 -1.1974e-02 -1.1971e-02 -1.1968e-02 -1.1966e-02 -1.1964e-02 -1.1962e-02 -1.1961e-02 -1.1960e-02 -1.1959e-02 -1.1957e-02 -1.1956e-02 -1.1955e-02 -1.1954e-02 -1.1952e-02 