# Author: FAC idanalysis.IDKickMap
# Termination_kicks [T2m2]: +8.8743e-05 -2.0172e-04 +6.4635e-04 +9.5323e-04 
# Total Length of Longitudinal Interval [m]
2.77
# Number of Horizontal Points
37
# Number of Vertical Points
3
# Total Horizontal 2nd Order Kick [T2m2]
START
            -0000.01800 -0000.01700 -0000.01600 -0000.01500 -0000.01400 -0000.01300 -0000.01200 -0000.01100 -0000.01000 -0000.00900 -0000.00800 -0000.00700 -0000.00600 -0000.00500 -0000.00400 -0000.00300 -0000.00200 -0000.00100 +0000.00000 +0000.00100 +0000.00200 +0000.00300 +0000.00400 +0000.00500 +0000.00600 +0000.00700 +0000.00800 +0000.00900 +0000.01000 +0000.01100 +0000.01200 +0000.01300 +0000.01400 +0000.01500 +0000.01600 +0000.01700 +0000.01800 
+0000.01200 -4.6176e-05 -8.6835e-05 -1.0285e-04 -1.2009e-04 -1.5980e-04 -1.8841e-04 -2.0536e-04 -2.2847e-04 -2.5025e-04 -2.6211e-04 -2.7430e-04 -3.0731e-04 -3.2465e-04 -3.2418e-04 -3.2703e-04 -3.3750e-04 -3.5243e-04 -3.6930e-04 -3.6198e-04 -3.7010e-04 -3.5549e-04 -3.4960e-04 -3.3758e-04 -3.4686e-04 -3.3720e-04 -3.2380e-04 -3.3871e-04 -3.3063e-04 -3.1523e-04 -3.1487e-04 -3.0518e-04 -3.1546e-04 -3.0159e-04 -2.9919e-04 -2.9851e-04 -2.7735e-04 -2.9439e-04 
+0000.00000 -4.6176e-05 -8.6835e-05 -1.0285e-04 -1.2009e-04 -1.5980e-04 -1.8841e-04 -2.0536e-04 -2.2847e-04 -2.5025e-04 -2.6211e-04 -2.7430e-04 -3.0731e-04 -3.2465e-04 -3.2418e-04 -3.2703e-04 -3.3750e-04 -3.5243e-04 -3.6930e-04 -3.6198e-04 -3.7010e-04 -3.5549e-04 -3.4960e-04 -3.3758e-04 -3.4686e-04 -3.3720e-04 -3.2380e-04 -3.3871e-04 -3.3063e-04 -3.1523e-04 -3.1487e-04 -3.0518e-04 -3.1546e-04 -3.0159e-04 -2.9919e-04 -2.9851e-04 -2.7735e-04 -2.9439e-04 
-0000.01200 -4.6176e-05 -8.6835e-05 -1.0285e-04 -1.2009e-04 -1.5980e-04 -1.8841e-04 -2.0536e-04 -2.2847e-04 -2.5025e-04 -2.6211e-04 -2.7430e-04 -3.0731e-04 -3.2465e-04 -3.2418e-04 -3.2703e-04 -3.3750e-04 -3.5243e-04 -3.6930e-04 -3.6198e-04 -3.7010e-04 -3.5549e-04 -3.4960e-04 -3.3758e-04 -3.4686e-04 -3.3720e-04 -3.2380e-04 -3.3871e-04 -3.3063e-04 -3.1523e-04 -3.1487e-04 -3.0518e-04 -3.1546e-04 -3.0159e-04 -2.9919e-04 -2.9851e-04 -2.7735e-04 -2.9439e-04 
# Total Vertical 2nd Order Kick [T2m2]
START
            -0000.01800 -0000.01700 -0000.01600 -0000.01500 -0000.01400 -0000.01300 -0000.01200 -0000.01100 -0000.01000 -0000.00900 -0000.00800 -0000.00700 -0000.00600 -0000.00500 -0000.00400 -0000.00300 -0000.00200 -0000.00100 +0000.00000 +0000.00100 +0000.00200 +0000.00300 +0000.00400 +0000.00500 +0000.00600 +0000.00700 +0000.00800 +0000.00900 +0000.01000 +0000.01100 +0000.01200 +0000.01300 +0000.01400 +0000.01500 +0000.01600 +0000.01700 +0000.01800 
+0000.01200 -1.1475e-03 -1.1211e-03 -1.1040e-03 -1.0988e-03 -1.0556e-03 -1.0469e-03 -1.0215e-03 -1.0137e-03 -9.7943e-04 -9.4862e-04 -9.0352e-04 -8.8823e-04 -8.6847e-04 -8.5672e-04 -8.4687e-04 -8.0920e-04 -8.0534e-04 -7.8846e-04 -7.7032e-04 -7.7056e-04 -7.5006e-04 -7.4688e-04 -7.2361e-04 -7.2785e-04 -7.1183e-04 -7.1429e-04 -6.9159e-04 -6.9394e-04 -6.7767e-04 -6.6124e-04 -6.4320e-04 -6.2110e-04 -6.0040e-04 -5.6927e-04 -5.3412e-04 -4.9427e-04 -4.6435e-04 
+0000.00000 -1.1475e-03 -1.1211e-03 -1.1040e-03 -1.0988e-03 -1.0556e-03 -1.0469e-03 -1.0215e-03 -1.0137e-03 -9.7943e-04 -9.4862e-04 -9.0352e-04 -8.8823e-04 -8.6847e-04 -8.5672e-04 -8.4687e-04 -8.0920e-04 -8.0534e-04 -7.8846e-04 -7.7032e-04 -7.7056e-04 -7.5006e-04 -7.4688e-04 -7.2361e-04 -7.2785e-04 -7.1183e-04 -7.1429e-04 -6.9159e-04 -6.9394e-04 -6.7767e-04 -6.6124e-04 -6.4320e-04 -6.2110e-04 -6.0040e-04 -5.6927e-04 -5.3412e-04 -4.9427e-04 -4.6435e-04 
-0000.01200 -1.1475e-03 -1.1211e-03 -1.1040e-03 -1.0988e-03 -1.0556e-03 -1.0469e-03 -1.0215e-03 -1.0137e-03 -9.7943e-04 -9.4862e-04 -9.0352e-04 -8.8823e-04 -8.6847e-04 -8.5672e-04 -8.4687e-04 -8.0920e-04 -8.0534e-04 -7.8846e-04 -7.7032e-04 -7.7056e-04 -7.5006e-04 -7.4688e-04 -7.2361e-04 -7.2785e-04 -7.1183e-04 -7.1429e-04 -6.9159e-04 -6.9394e-04 -6.7767e-04 -6.6124e-04 -6.4320e-04 -6.2110e-04 -6.0040e-04 -5.6927e-04 -5.3412e-04 -4.9427e-04 -4.6435e-04 
# Horizontal Final Position [m]
START
            -0000.01800 -0000.01700 -0000.01600 -0000.01500 -0000.01400 -0000.01300 -0000.01200 -0000.01100 -0000.01000 -0000.00900 -0000.00800 -0000.00700 -0000.00600 -0000.00500 -0000.00400 -0000.00300 -0000.00200 -0000.00100 +0000.00000 +0000.00100 +0000.00200 +0000.00300 +0000.00400 +0000.00500 +0000.00600 +0000.00700 +0000.00800 +0000.00900 +0000.01000 +0000.01100 +0000.01200 +0000.01300 +0000.01400 +0000.01500 +0000.01600 +0000.01700 +0000.01800 
+0000.01200 -1.8013e-02 -1.7014e-02 -1.6015e-02 -1.5015e-02 -1.4016e-02 -1.3016e-02 -1.2016e-02 -1.1016e-02 -1.0016e-02 -9.0149e-03 -8.0141e-03 -7.0134e-03 -6.0122e-03 -5.0106e-03 -4.0089e-03 -3.0074e-03 -2.0056e-03 -1.0039e-03 -1.7397e-06 +1.0001e-03 +2.0027e-03 +3.0049e-03 +4.0074e-03 +5.0094e-03 +6.0118e-03 +7.0143e-03 +8.0161e-03 +9.0184e-03 +1.0021e-02 +1.1023e-02 +1.2025e-02 +1.3027e-02 +1.4029e-02 +1.5030e-02 +1.6032e-02 +1.7034e-02 +1.8035e-02 
+0000.00000 -1.8013e-02 -1.7014e-02 -1.6015e-02 -1.5015e-02 -1.4016e-02 -1.3016e-02 -1.2016e-02 -1.1016e-02 -1.0016e-02 -9.0149e-03 -8.0141e-03 -7.0134e-03 -6.0122e-03 -5.0106e-03 -4.0089e-03 -3.0074e-03 -2.0056e-03 -1.0039e-03 -1.7397e-06 +1.0001e-03 +2.0027e-03 +3.0049e-03 +4.0074e-03 +5.0094e-03 +6.0118e-03 +7.0143e-03 +8.0161e-03 +9.0184e-03 +1.0021e-02 +1.1023e-02 +1.2025e-02 +1.3027e-02 +1.4029e-02 +1.5030e-02 +1.6032e-02 +1.7034e-02 +1.8035e-02 
-0000.01200 -1.8013e-02 -1.7014e-02 -1.6015e-02 -1.5015e-02 -1.4016e-02 -1.3016e-02 -1.2016e-02 -1.1016e-02 -1.0016e-02 -9.0149e-03 -8.0141e-03 -7.0134e-03 -6.0122e-03 -5.0106e-03 -4.0089e-03 -3.0074e-03 -2.0056e-03 -1.0039e-03 -1.7397e-06 +1.0001e-03 +2.0027e-03 +3.0049e-03 +4.0074e-03 +5.0094e-03 +6.0118e-03 +7.0143e-03 +8.0161e-03 +9.0184e-03 +1.0021e-02 +1.1023e-02 +1.2025e-02 +1.3027e-02 +1.4029e-02 +1.5030e-02 +1.6032e-02 +1.7034e-02 +1.8035e-02 
# Vertical Final Position [m]
START
            -0000.01800 -0000.01700 -0000.01600 -0000.01500 -0000.01400 -0000.01300 -0000.01200 -0000.01100 -0000.01000 -0000.00900 -0000.00800 -0000.00700 -0000.00600 -0000.00500 -0000.00400 -0000.00300 -0000.00200 -0000.00100 +0000.00000 +0000.00100 +0000.00200 +0000.00300 +0000.00400 +0000.00500 +0000.00600 +0000.00700 +0000.00800 +0000.00900 +0000.01000 +0000.01100 +0000.01200 +0000.01300 +0000.01400 +0000.01500 +0000.01600 +0000.01700 +0000.01800 
+0000.01200 +1.1895e-02 +1.1899e-02 +1.1903e-02 +1.1907e-02 +1.1912e-02 +1.1916e-02 +1.1921e-02 +1.1926e-02 +1.1932e-02 +1.1937e-02 +1.1943e-02 +1.1948e-02 +1.1954e-02 +1.1959e-02 +1.1964e-02 +1.1969e-02 +1.1974e-02 +1.1979e-02 +1.1983e-02 +1.1988e-02 +1.1992e-02 +1.1996e-02 +1.2000e-02 +1.2003e-02 +1.2007e-02 +1.2010e-02 +1.2013e-02 +1.2016e-02 +1.2019e-02 +1.2021e-02 +1.2024e-02 +1.2026e-02 +1.2029e-02 +1.2031e-02 +1.2034e-02 +1.2036e-02 +1.2038e-02 
+0000.00000 -1.0458e-04 -1.0090e-04 -9.7075e-05 -9.3109e-05 -8.8239e-05 -8.3711e-05 -7.8676e-05 -7.3848e-05 -6.8439e-05 -6.2937e-05 -5.7095e-05 -5.1828e-05 -4.6489e-05 -4.1331e-05 -3.6262e-05 -3.0874e-05 -2.6097e-05 -2.1296e-05 -1.6717e-05 -1.2481e-05 -8.0852e-06 -4.2507e-06 -2.1245e-07 +3.1491e-06 +6.6771e-06 +9.7078e-06 +1.2995e-05 +1.5699e-05 +1.8561e-05 +2.1297e-05 +2.3850e-05 +2.6395e-05 +2.8768e-05 +3.1175e-05 +3.3595e-05 +3.6035e-05 +3.8109e-05 
-0000.01200 -1.2105e-02 -1.2101e-02 -1.2097e-02 -1.2093e-02 -1.2088e-02 -1.2084e-02 -1.2079e-02 -1.2074e-02 -1.2068e-02 -1.2063e-02 -1.2057e-02 -1.2052e-02 -1.2046e-02 -1.2041e-02 -1.2036e-02 -1.2031e-02 -1.2026e-02 -1.2021e-02 -1.2017e-02 -1.2012e-02 -1.2008e-02 -1.2004e-02 -1.2000e-02 -1.1997e-02 -1.1993e-02 -1.1990e-02 -1.1987e-02 -1.1984e-02 -1.1981e-02 -1.1979e-02 -1.1976e-02 -1.1974e-02 -1.1971e-02 -1.1969e-02 -1.1966e-02 -1.1964e-02 -1.1962e-02 