# Author: FAC idanalysis.IDKickMap
# Termination_kicks [T2m2]: -3.6809e-04 +8.5245e-05 +5.0186e-04 +7.1004e-04 
# Total Length of Longitudinal Interval [m]
2.77
# Number of Horizontal Points
37
# Number of Vertical Points
3
# Total Horizontal 2nd Order Kick [T2m2]
START
            -0000.01800 -0000.01700 -0000.01600 -0000.01500 -0000.01400 -0000.01300 -0000.01200 -0000.01100 -0000.01000 -0000.00900 -0000.00800 -0000.00700 -0000.00600 -0000.00500 -0000.00400 -0000.00300 -0000.00200 -0000.00100 +0000.00000 +0000.00100 +0000.00200 +0000.00300 +0000.00400 +0000.00500 +0000.00600 +0000.00700 +0000.00800 +0000.00900 +0000.01000 +0000.01100 +0000.01200 +0000.01300 +0000.01400 +0000.01500 +0000.01600 +0000.01700 +0000.01800 
+0000.01200 +4.3715e-04 +4.0414e-04 +3.7207e-04 +3.4742e-04 +3.1824e-04 +2.9474e-04 +2.6111e-04 +2.5185e-04 +2.2912e-04 +2.0262e-04 +1.8058e-04 +1.5720e-04 +1.4847e-04 +1.4385e-04 +1.2899e-04 +9.9034e-05 +9.0434e-05 +8.2798e-05 +8.1870e-05 +6.5993e-05 +7.0843e-05 +8.9594e-05 +9.8433e-05 +1.2754e-04 +1.3224e-04 +1.7180e-04 +2.1444e-04 +2.4948e-04 +2.7805e-04 +3.1610e-04 +3.3806e-04 +3.4129e-04 +3.5477e-04 +3.6902e-04 +3.4193e-04 +3.3418e-04 +3.0578e-04 
+0000.00000 +4.3715e-04 +4.0414e-04 +3.7207e-04 +3.4742e-04 +3.1824e-04 +2.9474e-04 +2.6111e-04 +2.5185e-04 +2.2912e-04 +2.0262e-04 +1.8058e-04 +1.5720e-04 +1.4847e-04 +1.4385e-04 +1.2899e-04 +9.9034e-05 +9.0434e-05 +8.2798e-05 +8.1870e-05 +6.5993e-05 +7.0843e-05 +8.9594e-05 +9.8433e-05 +1.2754e-04 +1.3224e-04 +1.7180e-04 +2.1444e-04 +2.4948e-04 +2.7805e-04 +3.1610e-04 +3.3806e-04 +3.4129e-04 +3.5477e-04 +3.6902e-04 +3.4193e-04 +3.3418e-04 +3.0578e-04 
-0000.01200 +4.3715e-04 +4.0414e-04 +3.7207e-04 +3.4742e-04 +3.1824e-04 +2.9474e-04 +2.6111e-04 +2.5185e-04 +2.2912e-04 +2.0262e-04 +1.8058e-04 +1.5720e-04 +1.4847e-04 +1.4385e-04 +1.2899e-04 +9.9034e-05 +9.0434e-05 +8.2798e-05 +8.1870e-05 +6.5993e-05 +7.0843e-05 +8.9594e-05 +9.8433e-05 +1.2754e-04 +1.3224e-04 +1.7180e-04 +2.1444e-04 +2.4948e-04 +2.7805e-04 +3.1610e-04 +3.3806e-04 +3.4129e-04 +3.5477e-04 +3.6902e-04 +3.4193e-04 +3.3418e-04 +3.0578e-04 
# Total Vertical 2nd Order Kick [T2m2]
START
            -0000.01800 -0000.01700 -0000.01600 -0000.01500 -0000.01400 -0000.01300 -0000.01200 -0000.01100 -0000.01000 -0000.00900 -0000.00800 -0000.00700 -0000.00600 -0000.00500 -0000.00400 -0000.00300 -0000.00200 -0000.00100 +0000.00000 +0000.00100 +0000.00200 +0000.00300 +0000.00400 +0000.00500 +0000.00600 +0000.00700 +0000.00800 +0000.00900 +0000.01000 +0000.01100 +0000.01200 +0000.01300 +0000.01400 +0000.01500 +0000.01600 +0000.01700 +0000.01800 
+0000.01200 -1.0479e-03 -1.0441e-03 -1.0315e-03 -1.0426e-03 -1.0338e-03 -1.0137e-03 -9.9873e-04 -9.6958e-04 -9.3895e-04 -9.2180e-04 -8.7850e-04 -8.5031e-04 -8.3303e-04 -8.1568e-04 -7.7323e-04 -7.4570e-04 -7.2806e-04 -7.0995e-04 -7.1043e-04 -7.0941e-04 -7.0628e-04 -7.2517e-04 -7.2834e-04 -7.4675e-04 -7.4609e-04 -7.8502e-04 -7.9621e-04 -8.1346e-04 -8.2484e-04 -8.2171e-04 -8.3626e-04 -8.3254e-04 -8.2641e-04 -8.0125e-04 -7.8237e-04 -7.4881e-04 -7.0475e-04 
+0000.00000 -1.0479e-03 -1.0441e-03 -1.0315e-03 -1.0426e-03 -1.0338e-03 -1.0137e-03 -9.9873e-04 -9.6958e-04 -9.3895e-04 -9.2180e-04 -8.7850e-04 -8.5031e-04 -8.3303e-04 -8.1568e-04 -7.7323e-04 -7.4570e-04 -7.2806e-04 -7.0995e-04 -7.1043e-04 -7.0941e-04 -7.0628e-04 -7.2517e-04 -7.2834e-04 -7.4675e-04 -7.4609e-04 -7.8502e-04 -7.9621e-04 -8.1346e-04 -8.2484e-04 -8.2171e-04 -8.3626e-04 -8.3254e-04 -8.2641e-04 -8.0125e-04 -7.8237e-04 -7.4881e-04 -7.0475e-04 
-0000.01200 -1.0479e-03 -1.0441e-03 -1.0315e-03 -1.0426e-03 -1.0338e-03 -1.0137e-03 -9.9873e-04 -9.6958e-04 -9.3895e-04 -9.2180e-04 -8.7850e-04 -8.5031e-04 -8.3303e-04 -8.1568e-04 -7.7323e-04 -7.4570e-04 -7.2806e-04 -7.0995e-04 -7.1043e-04 -7.0941e-04 -7.0628e-04 -7.2517e-04 -7.2834e-04 -7.4675e-04 -7.4609e-04 -7.8502e-04 -7.9621e-04 -8.1346e-04 -8.2484e-04 -8.2171e-04 -8.3626e-04 -8.3254e-04 -8.2641e-04 -8.0125e-04 -7.8237e-04 -7.4881e-04 -7.0475e-04 
# Horizontal Final Position [m]
START
            -0000.01800 -0000.01700 -0000.01600 -0000.01500 -0000.01400 -0000.01300 -0000.01200 -0000.01100 -0000.01000 -0000.00900 -0000.00800 -0000.00700 -0000.00600 -0000.00500 -0000.00400 -0000.00300 -0000.00200 -0000.00100 +0000.00000 +0000.00100 +0000.00200 +0000.00300 +0000.00400 +0000.00500 +0000.00600 +0000.00700 +0000.00800 +0000.00900 +0000.01000 +0000.01100 +0000.01200 +0000.01300 +0000.01400 +0000.01500 +0000.01600 +0000.01700 +0000.01800 
+0000.01200 -1.8028e-02 -1.7029e-02 -1.6031e-02 -1.5032e-02 -1.4033e-02 -1.3033e-02 -1.2034e-02 -1.1033e-02 -1.0033e-02 -9.0318e-03 -8.0304e-03 -7.0287e-03 -6.0266e-03 -5.0240e-03 -4.0213e-03 -3.0189e-03 -2.0159e-03 -1.0128e-03 -9.5313e-06 +9.9350e-04 +1.9969e-03 +3.0006e-03 +4.0041e-03 +5.0079e-03 +6.0111e-03 +7.0151e-03 +8.0189e-03 +9.0226e-03 +1.0026e-02 +1.1030e-02 +1.2033e-02 +1.3035e-02 +1.4038e-02 +1.5041e-02 +1.6043e-02 +1.7045e-02 +1.8046e-02 
+0000.00000 -1.8028e-02 -1.7029e-02 -1.6031e-02 -1.5032e-02 -1.4033e-02 -1.3033e-02 -1.2034e-02 -1.1033e-02 -1.0033e-02 -9.0318e-03 -8.0304e-03 -7.0287e-03 -6.0266e-03 -5.0240e-03 -4.0213e-03 -3.0189e-03 -2.0159e-03 -1.0128e-03 -9.5313e-06 +9.9350e-04 +1.9969e-03 +3.0006e-03 +4.0041e-03 +5.0079e-03 +6.0111e-03 +7.0151e-03 +8.0189e-03 +9.0226e-03 +1.0026e-02 +1.1030e-02 +1.2033e-02 +1.3035e-02 +1.4038e-02 +1.5041e-02 +1.6043e-02 +1.7045e-02 +1.8046e-02 
-0000.01200 -1.8028e-02 -1.7029e-02 -1.6031e-02 -1.5032e-02 -1.4033e-02 -1.3033e-02 -1.2034e-02 -1.1033e-02 -1.0033e-02 -9.0318e-03 -8.0304e-03 -7.0287e-03 -6.0266e-03 -5.0240e-03 -4.0213e-03 -3.0189e-03 -2.0159e-03 -1.0128e-03 -9.5313e-06 +9.9350e-04 +1.9969e-03 +3.0006e-03 +4.0041e-03 +5.0079e-03 +6.0111e-03 +7.0151e-03 +8.0189e-03 +9.0226e-03 +1.0026e-02 +1.1030e-02 +1.2033e-02 +1.3035e-02 +1.4038e-02 +1.5041e-02 +1.6043e-02 +1.7045e-02 +1.8046e-02 
# Vertical Final Position [m]
START
            -0000.01800 -0000.01700 -0000.01600 -0000.01500 -0000.01400 -0000.01300 -0000.01200 -0000.01100 -0000.01000 -0000.00900 -0000.00800 -0000.00700 -0000.00600 -0000.00500 -0000.00400 -0000.00300 -0000.00200 -0000.00100 +0000.00000 +0000.00100 +0000.00200 +0000.00300 +0000.00400 +0000.00500 +0000.00600 +0000.00700 +0000.00800 +0000.00900 +0000.01000 +0000.01100 +0000.01200 +0000.01300 +0000.01400 +0000.01500 +0000.01600 +0000.01700 +0000.01800 
+0000.01200 +1.1861e-02 +1.1866e-02 +1.1872e-02 +1.1878e-02 +1.1885e-02 +1.1892e-02 +1.1900e-02 +1.1908e-02 +1.1917e-02 +1.1925e-02 +1.1934e-02 +1.1943e-02 +1.1951e-02 +1.1958e-02 +1.1966e-02 +1.1974e-02 +1.1981e-02 +1.1987e-02 +1.1993e-02 +1.1999e-02 +1.2004e-02 +1.2008e-02 +1.2013e-02 +1.2016e-02 +1.2020e-02 +1.2023e-02 +1.2026e-02 +1.2028e-02 +1.2031e-02 +1.2033e-02 +1.2035e-02 +1.2037e-02 +1.2039e-02 +1.2041e-02 +1.2043e-02 +1.2045e-02 +1.2047e-02 
+0000.00000 -1.3868e-04 -1.3363e-04 -1.2783e-04 -1.2185e-04 -1.1504e-04 -1.0752e-04 -9.9763e-05 -9.1562e-05 -8.2943e-05 -7.4647e-05 -6.5936e-05 -5.7398e-05 -4.9464e-05 -4.1619e-05 -3.3642e-05 -2.6161e-05 -1.9341e-05 -1.2800e-05 -7.0427e-06 -1.4119e-06 +3.8576e-06 +8.2973e-06 +1.2683e-05 +1.6431e-05 +2.0243e-05 +2.2943e-05 +2.5831e-05 +2.8277e-05 +3.0586e-05 +3.2979e-05 +3.4849e-05 +3.6734e-05 +3.8667e-05 +4.0718e-05 +4.2640e-05 +4.4729e-05 +4.6949e-05 
-0000.01200 -1.2139e-02 -1.2134e-02 -1.2128e-02 -1.2122e-02 -1.2115e-02 -1.2108e-02 -1.2100e-02 -1.2092e-02 -1.2083e-02 -1.2075e-02 -1.2066e-02 -1.2057e-02 -1.2049e-02 -1.2042e-02 -1.2034e-02 -1.2026e-02 -1.2019e-02 -1.2013e-02 -1.2007e-02 -1.2001e-02 -1.1996e-02 -1.1992e-02 -1.1987e-02 -1.1984e-02 -1.1980e-02 -1.1977e-02 -1.1974e-02 -1.1972e-02 -1.1969e-02 -1.1967e-02 -1.1965e-02 -1.1963e-02 -1.1961e-02 -1.1959e-02 -1.1957e-02 -1.1955e-02 -1.1953e-02 