# Author: FAC idanalysis.IDKickMap
# Termination_kicks [T2m2]: +1.2910e-05 -6.9293e-06 -9.4548e-06 -3.7036e-06 
# Total Length of Longitudinal Interval [m]
2.773
# Number of Horizontal Points
21
# Number of Vertical Points
5
# Total Horizontal 2nd Order Kick [T2m2]
START
            -0000.01000 -0000.00900 -0000.00800 -0000.00700 -0000.00600 -0000.00500 -0000.00400 -0000.00300 -0000.00200 -0000.00100 +0000.00000 +0000.00100 +0000.00200 +0000.00300 +0000.00400 +0000.00500 +0000.00600 +0000.00700 +0000.00800 +0000.00900 +0000.01000 
+0000.00600 +9.6812e-05 +1.0062e-04 +1.0238e-04 +1.0160e-04 +9.7812e-05 +9.0655e-05 +7.9929e-05 +6.5715e-05 +4.8428e-05 +2.8839e-05 +8.0128e-06 -1.2817e-05 -3.2415e-05 -4.9717e-05 -6.3949e-05 -7.4695e-05 -8.1873e-05 -8.5676e-05 -8.6479e-05 -8.4743e-05 -8.0949e-05 
+0000.00300 -1.3287e-04 -1.4239e-04 -1.4861e-04 -1.5035e-04 -1.4648e-04 -1.3610e-04 -1.1874e-04 -9.4490e-05 -6.4173e-05 -2.9310e-05 +7.9918e-06 +4.5293e-05 +8.0154e-05 +1.1047e-04 +1.3471e-04 +1.5207e-04 +1.6244e-04 +1.6630e-04 +1.6456e-04 +1.5833e-04 +1.4880e-04 
+0000.00000 -2.0292e-04 -2.1530e-04 -2.2258e-04 -2.2319e-04 -2.1573e-04 -1.9915e-04 -1.7298e-04 -1.3754e-04 -9.4064e-05 -4.4625e-05 +7.9890e-06 +6.0602e-05 +1.1004e-04 +1.5352e-04 +1.8895e-04 +2.1512e-04 +2.3170e-04 +2.3915e-04 +2.3854e-04 +2.3126e-04 +2.1887e-04 
-0000.00300 -1.3287e-04 -1.4239e-04 -1.4862e-04 -1.5035e-04 -1.4648e-04 -1.3611e-04 -1.1875e-04 -9.4501e-05 -6.4186e-05 -2.9323e-05 +7.9782e-06 +4.5280e-05 +8.0141e-05 +1.1046e-04 +1.3470e-04 +1.5206e-04 +1.6243e-04 +1.6630e-04 +1.6456e-04 +1.5833e-04 +1.4880e-04 
-0000.00600 +9.6813e-05 +1.0062e-04 +1.0237e-04 +1.0158e-04 +9.7784e-05 +9.0615e-05 +7.9878e-05 +6.5652e-05 +4.8356e-05 +2.8760e-05 +7.9312e-06 -1.2896e-05 -3.2489e-05 -4.9781e-05 -6.4003e-05 -7.4736e-05 -8.1903e-05 -8.5696e-05 -8.6490e-05 -8.4748e-05 -8.0949e-05 
# Total Vertical 2nd Order Kick [T2m2]
START
            -0000.01000 -0000.00900 -0000.00800 -0000.00700 -0000.00600 -0000.00500 -0000.00400 -0000.00300 -0000.00200 -0000.00100 +0000.00000 +0000.00100 +0000.00200 +0000.00300 +0000.00400 +0000.00500 +0000.00600 +0000.00700 +0000.00800 +0000.00900 +0000.01000 
+0000.00600 -2.5153e-03 -2.4044e-03 -2.2871e-03 -2.1663e-03 -2.0456e-03 -1.9295e-03 -1.8233e-03 -1.7327e-03 -1.6632e-03 -1.6194e-03 -1.6044e-03 -1.6194e-03 -1.6632e-03 -1.7327e-03 -1.8233e-03 -1.9295e-03 -2.0456e-03 -2.1664e-03 -2.2872e-03 -2.4045e-03 -2.5154e-03 
+0000.00300 -8.7638e-04 -8.2724e-04 -7.7651e-04 -7.2554e-04 -6.7593e-04 -6.2950e-04 -5.8813e-04 -5.5365e-04 -5.2772e-04 -5.1161e-04 -5.0614e-04 -5.1161e-04 -5.2773e-04 -5.5367e-04 -5.8814e-04 -6.2952e-04 -6.7596e-04 -7.2557e-04 -7.7655e-04 -8.2729e-04 -8.7643e-04 
+0000.00000 +1.0783e-05 +1.0781e-05 +1.0779e-05 +1.0777e-05 +1.0775e-05 +1.0773e-05 +1.0771e-05 +1.0768e-05 +1.0766e-05 +1.0764e-05 +1.0762e-05 +1.0759e-05 +1.0757e-05 +1.0755e-05 +1.0752e-05 +1.0750e-05 +1.0748e-05 +1.0745e-05 +1.0743e-05 +1.0741e-05 +1.0739e-05 
-0000.00300 +8.9795e-04 +8.4881e-04 +7.9807e-04 +7.4709e-04 +6.9748e-04 +6.5104e-04 +6.0967e-04 +5.7519e-04 +5.4925e-04 +5.3313e-04 +5.2766e-04 +5.3313e-04 +5.4924e-04 +5.7517e-04 +6.0964e-04 +6.5101e-04 +6.9745e-04 +7.4705e-04 +7.9803e-04 +8.4877e-04 +8.9790e-04 
-0000.00600 +2.5369e-03 +2.4260e-03 +2.3087e-03 +2.1879e-03 +2.0672e-03 +1.9510e-03 +1.8449e-03 +1.7542e-03 +1.6847e-03 +1.6409e-03 +1.6259e-03 +1.6409e-03 +1.6847e-03 +1.7542e-03 +1.8448e-03 +1.9510e-03 +2.0671e-03 +2.1878e-03 +2.3086e-03 +2.4259e-03 +2.5369e-03 
# Horizontal Final Position [m]
START
            -0000.01000 -0000.00900 -0000.00800 -0000.00700 -0000.00600 -0000.00500 -0000.00400 -0000.00300 -0000.00200 -0000.00100 +0000.00000 +0000.00100 +0000.00200 +0000.00300 +0000.00400 +0000.00500 +0000.00600 +0000.00700 +0000.00800 +0000.00900 +0000.01000 
+0000.00600 -1.0003e-02 -9.0030e-03 -8.0030e-03 -7.0030e-03 -6.0030e-03 -5.0031e-03 -4.0033e-03 -3.0036e-03 -2.0039e-03 -1.0042e-03 -4.5798e-06 +9.9504e-04 +1.9947e-03 +2.9944e-03 +3.9941e-03 +4.9939e-03 +5.9938e-03 +6.9937e-03 +7.9937e-03 +8.9937e-03 +9.9937e-03 
+0000.00300 -1.0007e-02 -9.0074e-03 -8.0075e-03 -7.0075e-03 -6.0074e-03 -5.0073e-03 -4.0069e-03 -3.0065e-03 -2.0060e-03 -1.0054e-03 -4.6856e-06 +9.9598e-04 +1.9966e-03 +2.9971e-03 +3.9976e-03 +4.9979e-03 +5.9981e-03 +6.9981e-03 +7.9981e-03 +8.9980e-03 +9.9978e-03 
+0000.00000 -1.0008e-02 -9.0087e-03 -8.0088e-03 -7.0088e-03 -6.0087e-03 -5.0084e-03 -4.0080e-03 -3.0073e-03 -2.0066e-03 -1.0057e-03 -4.7459e-06 +9.9619e-04 +1.9971e-03 +2.9979e-03 +3.9985e-03 +4.9990e-03 +5.9993e-03 +6.9994e-03 +7.9994e-03 +8.9993e-03 +9.9991e-03 
-0000.00300 -1.0007e-02 -9.0074e-03 -8.0075e-03 -7.0076e-03 -6.0075e-03 -5.0074e-03 -4.0071e-03 -3.0066e-03 -2.0061e-03 -1.0055e-03 -4.8160e-06 +9.9585e-04 +1.9965e-03 +2.9970e-03 +3.9975e-03 +4.9978e-03 +5.9980e-03 +6.9981e-03 +7.9980e-03 +8.9979e-03 +9.9978e-03 
-0000.00600 -1.0003e-02 -9.0031e-03 -8.0031e-03 -7.0032e-03 -6.0033e-03 -5.0034e-03 -4.0036e-03 -3.0039e-03 -2.0042e-03 -1.0046e-03 -4.9478e-06 +9.9468e-04 +1.9943e-03 +2.9940e-03 +3.9938e-03 +4.9936e-03 +5.9935e-03 +6.9935e-03 +7.9935e-03 +8.9935e-03 +9.9936e-03 
# Vertical Final Position [m]
START
            -0000.01000 -0000.00900 -0000.00800 -0000.00700 -0000.00600 -0000.00500 -0000.00400 -0000.00300 -0000.00200 -0000.00100 +0000.00000 +0000.00100 +0000.00200 +0000.00300 +0000.00400 +0000.00500 +0000.00600 +0000.00700 +0000.00800 +0000.00900 +0000.01000 
+0000.00600 +5.9546e-03 +5.9566e-03 +5.9587e-03 +5.9608e-03 +5.9630e-03 +5.9651e-03 +5.9671e-03 +5.9687e-03 +5.9700e-03 +5.9708e-03 +5.9712e-03 +5.9709e-03 +5.9702e-03 +5.9690e-03 +5.9674e-03 +5.9656e-03 +5.9635e-03 +5.9614e-03 +5.9592e-03 +5.9571e-03 +5.9552e-03 
+0000.00300 +2.9840e-03 +2.9849e-03 +2.9858e-03 +2.9867e-03 +2.9876e-03 +2.9885e-03 +2.9892e-03 +2.9899e-03 +2.9903e-03 +2.9907e-03 +2.9908e-03 +2.9907e-03 +2.9904e-03 +2.9900e-03 +2.9894e-03 +2.9887e-03 +2.9879e-03 +2.9870e-03 +2.9861e-03 +2.9852e-03 +2.9843e-03 
+0000.00000 -1.4168e-07 -1.3289e-07 -1.2274e-07 -1.1115e-07 -9.8106e-08 -8.3639e-08 -6.7834e-08 -5.0844e-08 -3.2890e-08 -1.4255e-08 +4.7322e-09 +2.3719e-08 +4.2353e-08 +6.0304e-08 +7.7291e-08 +9.3094e-08 +1.0756e-07 +1.2060e-07 +1.3218e-07 +1.4234e-07 +1.5113e-07 
-0000.00300 -2.9844e-03 -2.9853e-03 -2.9861e-03 -2.9870e-03 -2.9879e-03 -2.9887e-03 -2.9894e-03 -2.9900e-03 -2.9904e-03 -2.9907e-03 -2.9908e-03 -2.9906e-03 -2.9903e-03 -2.9898e-03 -2.9892e-03 -2.9884e-03 -2.9876e-03 -2.9867e-03 -2.9857e-03 -2.9848e-03 -2.9839e-03 
-0000.00600 -5.9553e-03 -5.9573e-03 -5.9593e-03 -5.9615e-03 -5.9636e-03 -5.9656e-03 -5.9675e-03 -5.9690e-03 -5.9702e-03 -5.9709e-03 -5.9711e-03 -5.9708e-03 -5.9700e-03 -5.9687e-03 -5.9670e-03 -5.9650e-03 -5.9629e-03 -5.9607e-03 -5.9585e-03 -5.9564e-03 -5.9544e-03 