# Author: FAC idanalysis.IDKickMap
# Termination_kicks [T2m2]: -1.8697e-06 +1.8237e-11 -1.1137e-05 +1.2347e-12 
# Total Length of Longitudinal Interval [m]
2.773
# Number of Horizontal Points
21
# Number of Vertical Points
5
# Total Horizontal 2nd Order Kick [T2m2]
START
            -0000.01000 -0000.00900 -0000.00800 -0000.00700 -0000.00600 -0000.00500 -0000.00400 -0000.00300 -0000.00200 -0000.00100 +0000.00000 +0000.00100 +0000.00200 +0000.00300 +0000.00400 +0000.00500 +0000.00600 +0000.00700 +0000.00800 +0000.00900 +0000.01000 
+0000.00600 +8.8147e-06 +1.5835e-05 +2.3218e-05 +3.1165e-05 +3.9760e-05 +4.8719e-05 +5.6897e-05 +6.1572e-05 +5.8242e-05 +4.2942e-05 +1.7683e-05 -7.5789e-06 -2.2887e-05 -2.6227e-05 -2.1561e-05 -1.3389e-05 -4.4345e-06 +4.1564e-06 +1.2101e-05 +1.9480e-05 +2.6497e-05 
+0000.00300 +7.2062e-06 +1.2064e-05 +1.6552e-05 +2.0603e-05 +2.4057e-05 +2.6656e-05 +2.8048e-05 +2.7866e-05 +2.5891e-05 +2.2272e-05 +1.7648e-05 +1.3023e-05 +9.4033e-06 +7.4275e-06 +7.2435e-06 +8.6336e-06 +1.1231e-05 +1.4684e-05 +1.8732e-05 +2.3219e-05 +2.8074e-05 
+0000.00000 +6.5539e-06 +1.0719e-05 +1.4382e-05 +1.7482e-05 +1.9926e-05 +2.1604e-05 +2.2416e-05 +2.2312e-05 +2.1344e-05 +1.9687e-05 +1.7648e-05 +1.5608e-05 +1.3952e-05 +1.2982e-05 +1.2878e-05 +1.3689e-05 +1.5366e-05 +1.7810e-05 +2.0908e-05 +2.4569e-05 +2.8733e-05 
-0000.00300 +7.2062e-06 +1.2064e-05 +1.6552e-05 +2.0603e-05 +2.4057e-05 +2.6656e-05 +2.8048e-05 +2.7866e-05 +2.5891e-05 +2.2272e-05 +1.7648e-05 +1.3023e-05 +9.4033e-06 +7.4275e-06 +7.2435e-06 +8.6336e-06 +1.1231e-05 +1.4684e-05 +1.8732e-05 +2.3219e-05 +2.8074e-05 
-0000.00600 +8.8147e-06 +1.5835e-05 +2.3218e-05 +3.1165e-05 +3.9760e-05 +4.8719e-05 +5.6897e-05 +6.1572e-05 +5.8242e-05 +4.2942e-05 +1.7683e-05 -7.5790e-06 -2.2887e-05 -2.6227e-05 -2.1561e-05 -1.3389e-05 -4.4345e-06 +4.1563e-06 +1.2101e-05 +1.9480e-05 +2.6497e-05 
# Total Vertical 2nd Order Kick [T2m2]
START
            -0000.01000 -0000.00900 -0000.00800 -0000.00700 -0000.00600 -0000.00500 -0000.00400 -0000.00300 -0000.00200 -0000.00100 +0000.00000 +0000.00100 +0000.00200 +0000.00300 +0000.00400 +0000.00500 +0000.00600 +0000.00700 +0000.00800 +0000.00900 +0000.01000 
+0000.00600 -2.5494e-03 -2.5485e-03 -2.5465e-03 -2.5429e-03 -2.5370e-03 -2.5275e-03 -2.5131e-03 -2.4929e-03 -2.4687e-03 -2.4469e-03 -2.4378e-03 -2.4469e-03 -2.4686e-03 -2.4929e-03 -2.5131e-03 -2.5275e-03 -2.5369e-03 -2.5429e-03 -2.5465e-03 -2.5485e-03 -2.5494e-03 
+0000.00300 -9.8037e-04 -9.7971e-04 -9.7852e-04 -9.7668e-04 -9.7410e-04 -9.7071e-04 -9.6664e-04 -9.6222e-04 -9.5810e-04 -9.5511e-04 -9.5401e-04 -9.5511e-04 -9.5809e-04 -9.6222e-04 -9.6664e-04 -9.7071e-04 -9.7409e-04 -9.7668e-04 -9.7851e-04 -9.7971e-04 -9.8037e-04 
+0000.00000 -4.8307e-11 -4.8470e-11 -4.8145e-11 -4.7249e-11 -5.0889e-11 -4.8285e-11 -5.3472e-11 -4.6749e-11 -4.8373e-11 -4.7382e-11 -4.4479e-11 -4.6138e-11 -4.2978e-11 -4.6581e-11 -4.1459e-11 -3.9495e-11 -3.7842e-11 -3.7052e-11 -3.5658e-11 -3.1722e-11 -3.3897e-11 
-0000.00300 +9.8037e-04 +9.7971e-04 +9.7852e-04 +9.7668e-04 +9.7410e-04 +9.7071e-04 +9.6664e-04 +9.6222e-04 +9.5810e-04 +9.5511e-04 +9.5401e-04 +9.5511e-04 +9.5809e-04 +9.6222e-04 +9.6664e-04 +9.7071e-04 +9.7409e-04 +9.7668e-04 +9.7851e-04 +9.7971e-04 +9.8037e-04 
-0000.00600 +2.5494e-03 +2.5485e-03 +2.5465e-03 +2.5429e-03 +2.5370e-03 +2.5275e-03 +2.5131e-03 +2.4929e-03 +2.4687e-03 +2.4469e-03 +2.4378e-03 +2.4469e-03 +2.4686e-03 +2.4929e-03 +2.5131e-03 +2.5275e-03 +2.5369e-03 +2.5429e-03 +2.5465e-03 +2.5485e-03 +2.5494e-03 
# Horizontal Final Position [m]
START
            -0000.01000 -0000.00900 -0000.00800 -0000.00700 -0000.00600 -0000.00500 -0000.00400 -0000.00300 -0000.00200 -0000.00100 +0000.00000 +0000.00100 +0000.00200 +0000.00300 +0000.00400 +0000.00500 +0000.00600 +0000.00700 +0000.00800 +0000.00900 +0000.01000 
+0000.00600 -1.0003e-02 -9.0024e-03 -8.0023e-03 -7.0021e-03 -6.0020e-03 -5.0018e-03 -4.0017e-03 -3.0016e-03 -2.0016e-03 -1.0019e-03 -2.3629e-06 +9.9718e-04 +1.9969e-03 +2.9968e-03 +3.9969e-03 +4.9971e-03 +5.9972e-03 +6.9974e-03 +7.9975e-03 +8.9976e-03 +9.9978e-03 
+0000.00300 -1.0003e-02 -9.0025e-03 -8.0024e-03 -7.0023e-03 -6.0023e-03 -5.0022e-03 -4.0022e-03 -3.0022e-03 -2.0022e-03 -1.0023e-03 -2.3720e-06 +9.9754e-04 +1.9975e-03 +2.9974e-03 +3.9974e-03 +4.9975e-03 +5.9975e-03 +6.9976e-03 +7.9976e-03 +8.9977e-03 +9.9978e-03 
+0000.00000 -1.0003e-02 -9.0025e-03 -8.0024e-03 -7.0024e-03 -6.0023e-03 -5.0023e-03 -4.0023e-03 -3.0023e-03 -2.0023e-03 -1.0023e-03 -2.3736e-06 +9.9759e-04 +1.9976e-03 +2.9975e-03 +3.9975e-03 +4.9976e-03 +5.9976e-03 +6.9976e-03 +7.9977e-03 +8.9978e-03 +9.9978e-03 
-0000.00300 -1.0003e-02 -9.0025e-03 -8.0024e-03 -7.0023e-03 -6.0023e-03 -5.0022e-03 -4.0022e-03 -3.0022e-03 -2.0022e-03 -1.0023e-03 -2.3720e-06 +9.9754e-04 +1.9975e-03 +2.9974e-03 +3.9974e-03 +4.9975e-03 +5.9975e-03 +6.9976e-03 +7.9976e-03 +8.9977e-03 +9.9978e-03 
-0000.00600 -1.0003e-02 -9.0024e-03 -8.0023e-03 -7.0021e-03 -6.0020e-03 -5.0018e-03 -4.0017e-03 -3.0016e-03 -2.0016e-03 -1.0019e-03 -2.3629e-06 +9.9718e-04 +1.9969e-03 +2.9968e-03 +3.9969e-03 +4.9971e-03 +5.9972e-03 +6.9974e-03 +7.9975e-03 +8.9976e-03 +9.9978e-03 
# Vertical Final Position [m]
START
            -0000.01000 -0000.00900 -0000.00800 -0000.00700 -0000.00600 -0000.00500 -0000.00400 -0000.00300 -0000.00200 -0000.00100 +0000.00000 +0000.00100 +0000.00200 +0000.00300 +0000.00400 +0000.00500 +0000.00600 +0000.00700 +0000.00800 +0000.00900 +0000.01000 
+0000.00600 +5.9541e-03 +5.9541e-03 +5.9542e-03 +5.9542e-03 +5.9543e-03 +5.9545e-03 +5.9548e-03 +5.9551e-03 +5.9556e-03 +5.9560e-03 +5.9561e-03 +5.9560e-03 +5.9556e-03 +5.9551e-03 +5.9548e-03 +5.9545e-03 +5.9543e-03 +5.9542e-03 +5.9542e-03 +5.9541e-03 +5.9541e-03 
+0000.00300 +2.9824e-03 +2.9824e-03 +2.9824e-03 +2.9824e-03 +2.9825e-03 +2.9825e-03 +2.9826e-03 +2.9827e-03 +2.9828e-03 +2.9828e-03 +2.9828e-03 +2.9828e-03 +2.9828e-03 +2.9827e-03 +2.9826e-03 +2.9825e-03 +2.9825e-03 +2.9824e-03 +2.9824e-03 +2.9824e-03 +2.9824e-03 
+0000.00000 -4.6767e-13 -4.4586e-13 -4.1508e-13 -3.6034e-13 -4.5887e-13 -3.7263e-13 -5.1692e-13 -2.9232e-13 -3.6585e-13 -3.2353e-13 -2.2589e-13 -3.0426e-13 -2.3054e-13 -3.5702e-13 -2.1929e-13 -1.7930e-13 -1.5600e-13 -1.5148e-13 -1.4504e-13 -2.6919e-14 -1.2925e-13 
-0000.00300 -2.9824e-03 -2.9824e-03 -2.9824e-03 -2.9824e-03 -2.9825e-03 -2.9825e-03 -2.9826e-03 -2.9827e-03 -2.9828e-03 -2.9828e-03 -2.9828e-03 -2.9828e-03 -2.9828e-03 -2.9827e-03 -2.9826e-03 -2.9825e-03 -2.9825e-03 -2.9824e-03 -2.9824e-03 -2.9824e-03 -2.9824e-03 
-0000.00600 -5.9541e-03 -5.9541e-03 -5.9542e-03 -5.9542e-03 -5.9543e-03 -5.9545e-03 -5.9548e-03 -5.9551e-03 -5.9556e-03 -5.9560e-03 -5.9561e-03 -5.9560e-03 -5.9556e-03 -5.9551e-03 -5.9548e-03 -5.9545e-03 -5.9543e-03 -5.9542e-03 -5.9542e-03 -5.9541e-03 -5.9541e-03 