# Author: FAC idanalysis.IDKickMap
# Termination_kicks [T2m2]: +1.5590e-04 +1.8052e-12 -1.5423e-04 -3.8405e-12 
# Total Length of Longitudinal Interval [m]
2.773
# Number of Horizontal Points
11
# Number of Vertical Points
9
# Total Horizontal 2nd Order Kick [T2m2]
START
            -0000.00500 -0000.00400 -0000.00300 -0000.00200 -0000.00100 +0000.00000 +0000.00100 +0000.00200 +0000.00300 +0000.00400 +0000.00500 
+0000.00400 +6.4962e-06 +6.4372e-06 +6.3779e-06 +6.3184e-06 +6.2587e-06 +3.9286e-06 -1.6672e-06 -1.6672e-06 -1.6672e-06 -1.6672e-06 -1.6672e-06 
+0000.00300 +4.7151e-06 +4.6865e-06 +4.6577e-06 +4.6288e-06 +4.5997e-06 -6.6095e-06 -8.4273e-06 -8.4441e-06 -8.4606e-06 -8.4771e-06 -8.4933e-06 
+0000.00200 +3.0851e-06 +3.0736e-06 +3.0619e-06 +3.0501e-06 +3.0382e-06 -5.4455e-06 -6.7525e-06 -6.7445e-06 -6.7365e-06 -6.7283e-06 -6.7200e-06 
+0000.00100 +1.6063e-06 +1.5984e-06 +1.5904e-06 +1.5824e-06 +1.5743e-06 -4.3141e-06 -5.1752e-06 -5.1560e-06 -5.1367e-06 -5.1173e-06 -5.0979e-06 
+0000.00000 +2.7879e-07 +2.6105e-07 +2.4330e-07 +2.2555e-07 +2.0781e-07 -3.2182e-06 -3.6956e-06 -3.6784e-06 -3.6613e-06 -3.6442e-06 -3.6270e-06 
-0000.00100 +1.6063e-06 +1.5984e-06 +1.5904e-06 +1.5824e-06 +1.5743e-06 -4.3141e-06 -5.1752e-06 -5.1560e-06 -5.1367e-06 -5.1173e-06 -5.0979e-06 
-0000.00200 +3.0851e-06 +3.0736e-06 +3.0619e-06 +3.0501e-06 +3.0382e-06 -5.4455e-06 -6.7525e-06 -6.7445e-06 -6.7365e-06 -6.7283e-06 -6.7199e-06 
-0000.00300 +4.7151e-06 +4.6865e-06 +4.6577e-06 +4.6288e-06 +4.5997e-06 -6.6095e-06 -8.4273e-06 -8.4440e-06 -8.4606e-06 -8.4770e-06 -8.4933e-06 
-0000.00400 +6.4962e-06 +6.4372e-06 +6.3779e-06 +6.3184e-06 +6.2587e-06 +3.9286e-06 -1.6672e-06 -1.6672e-06 -1.6672e-06 -1.6672e-06 -1.6672e-06 
# Total Vertical 2nd Order Kick [T2m2]
START
            -0000.00500 -0000.00400 -0000.00300 -0000.00200 -0000.00100 +0000.00000 +0000.00100 +0000.00200 +0000.00300 +0000.00400 +0000.00500 
+0000.00400 -1.1672e-03 -1.1664e-03 -1.1657e-03 -1.1650e-03 -1.1642e-03 +2.0529e-12 +3.1945e-12 +4.3537e-12 +5.5128e-12 +6.6720e-12 +7.8312e-12 
+0000.00300 -8.5037e-04 -8.4988e-04 -8.4940e-04 -8.4892e-04 -8.4843e-04 -8.4795e-04 -8.4844e-04 -8.4892e-04 -8.4940e-04 -8.4989e-04 -8.5037e-04 
+0000.00200 -5.5023e-04 -5.4995e-04 -5.4968e-04 -5.4940e-04 -5.4913e-04 -5.4885e-04 -5.4913e-04 -5.4940e-04 -5.4968e-04 -5.4995e-04 -5.5023e-04 
+0000.00100 -2.6677e-04 -2.6666e-04 -2.6654e-04 -2.6643e-04 -2.6631e-04 -2.6620e-04 -2.6631e-04 -2.6643e-04 -2.6654e-04 -2.6666e-04 -2.6677e-04 
+0000.00000 +6.5698e-12 +8.2250e-12 +9.8802e-12 +1.1535e-11 +1.3191e-11 +1.4840e-11 +1.5266e-11 +1.5692e-11 +1.6118e-11 +1.6543e-11 +1.6969e-11 
-0000.00100 +2.6677e-04 +2.6666e-04 +2.6654e-04 +2.6643e-04 +2.6631e-04 +2.6620e-04 +2.6631e-04 +2.6643e-04 +2.6654e-04 +2.6666e-04 +2.6677e-04 
-0000.00200 +5.5023e-04 +5.4995e-04 +5.4968e-04 +5.4940e-04 +5.4913e-04 +5.4885e-04 +5.4913e-04 +5.4940e-04 +5.4968e-04 +5.4995e-04 +5.5023e-04 
-0000.00300 +8.5037e-04 +8.4988e-04 +8.4940e-04 +8.4892e-04 +8.4843e-04 +8.4795e-04 +8.4844e-04 +8.4892e-04 +8.4940e-04 +8.4989e-04 +8.5037e-04 
-0000.00400 +1.1672e-03 +1.1664e-03 +1.1657e-03 +1.1650e-03 +1.1642e-03 +2.0192e-12 +8.7609e-13 -2.8311e-13 -1.4423e-12 -2.6015e-12 -3.7607e-12 
# Horizontal Final Position [m]
START
            -0000.00500 -0000.00400 -0000.00300 -0000.00200 -0000.00100 +0000.00000 +0000.00100 +0000.00200 +0000.00300 +0000.00400 +0000.00500 
+0000.00400 -4.9956e-03 -3.9956e-03 -2.9956e-03 -1.9956e-03 -9.9562e-04 +1.9296e-07 +1.0000e-03 +2.0000e-03 +3.0000e-03 +4.0000e-03 +5.0000e-03 
+0000.00300 -4.9956e-03 -3.9956e-03 -2.9956e-03 -1.9956e-03 -9.9565e-04 +4.1615e-06 +1.0041e-03 +2.0041e-03 +3.0041e-03 +4.0041e-03 +5.0041e-03 
+0000.00200 -4.9957e-03 -3.9957e-03 -2.9957e-03 -1.9957e-03 -9.9568e-04 +4.1797e-06 +1.0041e-03 +2.0041e-03 +3.0041e-03 +4.0042e-03 +5.0042e-03 
+0000.00100 -4.9957e-03 -3.9957e-03 -2.9957e-03 -1.9957e-03 -9.9570e-04 +4.1975e-06 +1.0042e-03 +2.0042e-03 +3.0042e-03 +4.0042e-03 +5.0042e-03 
+0000.00000 -4.9957e-03 -3.9957e-03 -2.9957e-03 -1.9957e-03 -9.9573e-04 +4.2149e-06 +1.0042e-03 +2.0042e-03 +3.0042e-03 +4.0042e-03 +5.0042e-03 
-0000.00100 -4.9957e-03 -3.9957e-03 -2.9957e-03 -1.9957e-03 -9.9570e-04 +4.1975e-06 +1.0042e-03 +2.0042e-03 +3.0042e-03 +4.0042e-03 +5.0042e-03 
-0000.00200 -4.9957e-03 -3.9957e-03 -2.9957e-03 -1.9957e-03 -9.9568e-04 +4.1797e-06 +1.0041e-03 +2.0041e-03 +3.0041e-03 +4.0042e-03 +5.0042e-03 
-0000.00300 -4.9956e-03 -3.9956e-03 -2.9956e-03 -1.9956e-03 -9.9565e-04 +4.1615e-06 +1.0041e-03 +2.0041e-03 +3.0041e-03 +4.0041e-03 +5.0041e-03 
-0000.00400 -4.9956e-03 -3.9956e-03 -2.9956e-03 -1.9956e-03 -9.9562e-04 +1.9296e-07 +1.0000e-03 +2.0000e-03 +3.0000e-03 +4.0000e-03 +5.0000e-03 
# Vertical Final Position [m]
START
            -0000.00500 -0000.00400 -0000.00300 -0000.00200 -0000.00100 +0000.00000 +0000.00100 +0000.00200 +0000.00300 +0000.00400 +0000.00500 
+0000.00400 +3.9790e-03 +3.9790e-03 +3.9790e-03 +3.9790e-03 +3.9791e-03 +4.0000e-03 +4.0000e-03 +4.0000e-03 +4.0000e-03 +4.0000e-03 +4.0000e-03 
+0000.00300 +2.9847e-03 +2.9847e-03 +2.9847e-03 +2.9847e-03 +2.9847e-03 +2.9848e-03 +2.9847e-03 +2.9847e-03 +2.9847e-03 +2.9847e-03 +2.9847e-03 
+0000.00200 +1.9901e-03 +1.9901e-03 +1.9901e-03 +1.9901e-03 +1.9901e-03 +1.9901e-03 +1.9901e-03 +1.9901e-03 +1.9901e-03 +1.9901e-03 +1.9901e-03 
+0000.00100 +9.9520e-04 +9.9520e-04 +9.9521e-04 +9.9521e-04 +9.9521e-04 +9.9521e-04 +9.9521e-04 +9.9521e-04 +9.9521e-04 +9.9520e-04 +9.9520e-04 
+0000.00000 +1.5833e-13 +1.8145e-13 +2.0458e-13 +2.2770e-13 +2.5082e-13 +2.7389e-13 +2.8421e-13 +2.9454e-13 +3.0486e-13 +3.1518e-13 +3.2550e-13 
-0000.00100 -9.9520e-04 -9.9520e-04 -9.9521e-04 -9.9521e-04 -9.9521e-04 -9.9521e-04 -9.9521e-04 -9.9521e-04 -9.9521e-04 -9.9520e-04 -9.9520e-04 
-0000.00200 -1.9901e-03 -1.9901e-03 -1.9901e-03 -1.9901e-03 -1.9901e-03 -1.9901e-03 -1.9901e-03 -1.9901e-03 -1.9901e-03 -1.9901e-03 -1.9901e-03 
-0000.00300 -2.9847e-03 -2.9847e-03 -2.9847e-03 -2.9847e-03 -2.9847e-03 -2.9848e-03 -2.9847e-03 -2.9847e-03 -2.9847e-03 -2.9847e-03 -2.9847e-03 
-0000.00400 -3.9790e-03 -3.9790e-03 -3.9790e-03 -3.9790e-03 -3.9791e-03 -4.0000e-03 -4.0000e-03 -4.0000e-03 -4.0000e-03 -4.0000e-03 -4.0000e-03 