# Author: FAC idanalysis.IDKickMap
# Termination_kicks [T2m2]: +8.3773e-07 +4.3362e-12 -9.1820e-06 +2.0063e-12 
# Total Length of Longitudinal Interval [m]
2.773
# Number of Horizontal Points
21
# Number of Vertical Points
5
# Total Horizontal 2nd Order Kick [T2m2]
START
            -0000.01000 -0000.00900 -0000.00800 -0000.00700 -0000.00600 -0000.00500 -0000.00400 -0000.00300 -0000.00200 -0000.00100 +0000.00000 +0000.00100 +0000.00200 +0000.00300 +0000.00400 +0000.00500 +0000.00600 +0000.00700 +0000.00800 +0000.00900 +0000.01000 
+0000.00600 +7.3308e-06 +8.6998e-06 +9.9066e-06 +1.0945e-05 +1.1803e-05 +1.2469e-05 +1.2936e-05 +1.3206e-05 +1.3301e-05 +1.3261e-05 +1.3149e-05 +1.3037e-05 +1.2997e-05 +1.3091e-05 +1.3360e-05 +1.3826e-05 +1.4491e-05 +1.5347e-05 +1.6384e-05 +1.7589e-05 +1.8955e-05 
+0000.00300 +7.5804e-06 +8.6176e-06 +9.5276e-06 +1.0316e-05 +1.0988e-05 +1.1551e-05 +1.2012e-05 +1.2384e-05 +1.2684e-05 +1.2932e-05 +1.3154e-05 +1.3375e-05 +1.3623e-05 +1.3922e-05 +1.4294e-05 +1.4754e-05 +1.5316e-05 +1.5987e-05 +1.6774e-05 +1.7682e-05 +1.8717e-05 
+0000.00000 +7.7286e-06 +8.6749e-06 +9.5068e-06 +1.0232e-05 +1.0859e-05 +1.1395e-05 +1.1852e-05 +1.2241e-05 +1.2577e-05 +1.2875e-05 +1.3155e-05 +1.3435e-05 +1.3733e-05 +1.4069e-05 +1.4457e-05 +1.4913e-05 +1.5448e-05 +1.6074e-05 +1.6798e-05 +1.7628e-05 +1.8573e-05 
-0000.00300 +7.5804e-06 +8.6176e-06 +9.5276e-06 +1.0316e-05 +1.0988e-05 +1.1551e-05 +1.2012e-05 +1.2384e-05 +1.2684e-05 +1.2932e-05 +1.3154e-05 +1.3375e-05 +1.3623e-05 +1.3922e-05 +1.4294e-05 +1.4754e-05 +1.5316e-05 +1.5987e-05 +1.6774e-05 +1.7682e-05 +1.8717e-05 
-0000.00600 +7.3308e-06 +8.6998e-06 +9.9066e-06 +1.0945e-05 +1.1803e-05 +1.2469e-05 +1.2936e-05 +1.3206e-05 +1.3301e-05 +1.3261e-05 +1.3149e-05 +1.3037e-05 +1.2997e-05 +1.3091e-05 +1.3360e-05 +1.3826e-05 +1.4491e-05 +1.5347e-05 +1.6384e-05 +1.7589e-05 +1.8955e-05 
# Total Vertical 2nd Order Kick [T2m2]
START
            -0000.01000 -0000.00900 -0000.00800 -0000.00700 -0000.00600 -0000.00500 -0000.00400 -0000.00300 -0000.00200 -0000.00100 +0000.00000 +0000.00100 +0000.00200 +0000.00300 +0000.00400 +0000.00500 +0000.00600 +0000.00700 +0000.00800 +0000.00900 +0000.01000 
+0000.00600 -4.3594e-04 -4.3589e-04 -4.3568e-04 -4.3532e-04 -4.3484e-04 -4.3427e-04 -4.3367e-04 -4.3310e-04 -4.3263e-04 -4.3231e-04 -4.3220e-04 -4.3231e-04 -4.3263e-04 -4.3310e-04 -4.3367e-04 -4.3427e-04 -4.3484e-04 -4.3532e-04 -4.3568e-04 -4.3589e-04 -4.3594e-04 
+0000.00300 -1.6754e-04 -1.6759e-04 -1.6759e-04 -1.6753e-04 -1.6744e-04 -1.6732e-04 -1.6719e-04 -1.6707e-04 -1.6697e-04 -1.6690e-04 -1.6688e-04 -1.6690e-04 -1.6697e-04 -1.6707e-04 -1.6719e-04 -1.6732e-04 -1.6744e-04 -1.6753e-04 -1.6758e-04 -1.6759e-04 -1.6753e-04 
+0000.00000 -5.5007e-12 -4.8971e-12 -4.7775e-12 -4.2835e-12 -5.8520e-12 -5.3270e-12 -4.9246e-12 -5.0095e-12 -5.9867e-12 -5.0942e-12 -6.2456e-12 -7.4236e-12 -7.0043e-12 -6.6460e-12 -5.8983e-12 -5.8717e-12 -7.0561e-12 -7.6487e-12 -6.3533e-12 -7.3701e-12 -7.1060e-12 
-0000.00300 +1.6754e-04 +1.6759e-04 +1.6759e-04 +1.6753e-04 +1.6744e-04 +1.6732e-04 +1.6719e-04 +1.6707e-04 +1.6697e-04 +1.6690e-04 +1.6688e-04 +1.6690e-04 +1.6697e-04 +1.6707e-04 +1.6719e-04 +1.6732e-04 +1.6744e-04 +1.6753e-04 +1.6758e-04 +1.6759e-04 +1.6753e-04 
-0000.00600 +4.3594e-04 +4.3589e-04 +4.3568e-04 +4.3532e-04 +4.3484e-04 +4.3427e-04 +4.3367e-04 +4.3310e-04 +4.3263e-04 +4.3231e-04 +4.3220e-04 +4.3231e-04 +4.3263e-04 +4.3310e-04 +4.3367e-04 +4.3427e-04 +4.3484e-04 +4.3532e-04 +4.3568e-04 +4.3589e-04 +4.3594e-04 
# Horizontal Final Position [m]
START
            -0000.01000 -0000.00900 -0000.00800 -0000.00700 -0000.00600 -0000.00500 -0000.00400 -0000.00300 -0000.00200 -0000.00100 +0000.00000 +0000.00100 +0000.00200 +0000.00300 +0000.00400 +0000.00500 +0000.00600 +0000.00700 +0000.00800 +0000.00900 +0000.01000 
+0000.00600 -1.0002e-02 -9.0021e-03 -8.0021e-03 -7.0021e-03 -6.0021e-03 -5.0020e-03 -4.0020e-03 -3.0020e-03 -2.0020e-03 -1.0020e-03 -2.0367e-06 +9.9796e-04 +1.9980e-03 +2.9980e-03 +3.9980e-03 +4.9980e-03 +5.9980e-03 +6.9980e-03 +7.9980e-03 +8.9981e-03 +9.9981e-03 
+0000.00300 -1.0002e-02 -9.0021e-03 -8.0021e-03 -7.0021e-03 -6.0021e-03 -5.0021e-03 -4.0020e-03 -3.0020e-03 -2.0020e-03 -1.0020e-03 -2.0288e-06 +9.9798e-04 +1.9980e-03 +2.9980e-03 +3.9980e-03 +4.9980e-03 +5.9980e-03 +6.9980e-03 +7.9981e-03 +8.9981e-03 +9.9981e-03 
+0000.00000 -1.0002e-02 -9.0021e-03 -8.0021e-03 -7.0021e-03 -6.0021e-03 -5.0020e-03 -4.0020e-03 -3.0020e-03 -2.0020e-03 -1.0020e-03 -2.0260e-06 +9.9798e-04 +1.9980e-03 +2.9980e-03 +3.9980e-03 +4.9980e-03 +5.9980e-03 +6.9980e-03 +7.9981e-03 +8.9981e-03 +9.9981e-03 
-0000.00300 -1.0002e-02 -9.0021e-03 -8.0021e-03 -7.0021e-03 -6.0021e-03 -5.0021e-03 -4.0020e-03 -3.0020e-03 -2.0020e-03 -1.0020e-03 -2.0288e-06 +9.9798e-04 +1.9980e-03 +2.9980e-03 +3.9980e-03 +4.9980e-03 +5.9980e-03 +6.9980e-03 +7.9981e-03 +8.9981e-03 +9.9981e-03 
-0000.00600 -1.0002e-02 -9.0021e-03 -8.0021e-03 -7.0021e-03 -6.0021e-03 -5.0020e-03 -4.0020e-03 -3.0020e-03 -2.0020e-03 -1.0020e-03 -2.0367e-06 +9.9796e-04 +1.9980e-03 +2.9980e-03 +3.9980e-03 +4.9980e-03 +5.9980e-03 +6.9980e-03 +7.9980e-03 +8.9981e-03 +9.9981e-03 
# Vertical Final Position [m]
START
            -0000.01000 -0000.00900 -0000.00800 -0000.00700 -0000.00600 -0000.00500 -0000.00400 -0000.00300 -0000.00200 -0000.00100 +0000.00000 +0000.00100 +0000.00200 +0000.00300 +0000.00400 +0000.00500 +0000.00600 +0000.00700 +0000.00800 +0000.00900 +0000.01000 
+0000.00600 +5.9922e-03 +5.9922e-03 +5.9922e-03 +5.9922e-03 +5.9922e-03 +5.9922e-03 +5.9922e-03 +5.9922e-03 +5.9922e-03 +5.9922e-03 +5.9922e-03 +5.9922e-03 +5.9922e-03 +5.9922e-03 +5.9922e-03 +5.9922e-03 +5.9922e-03 +5.9921e-03 +5.9921e-03 +5.9921e-03 +5.9921e-03 
+0000.00300 +2.9970e-03 +2.9970e-03 +2.9970e-03 +2.9970e-03 +2.9970e-03 +2.9970e-03 +2.9970e-03 +2.9970e-03 +2.9970e-03 +2.9970e-03 +2.9970e-03 +2.9970e-03 +2.9970e-03 +2.9970e-03 +2.9970e-03 +2.9970e-03 +2.9970e-03 +2.9970e-03 +2.9970e-03 +2.9970e-03 +2.9970e-03 
+0000.00000 +7.6792e-15 +2.7456e-14 +3.8810e-14 +5.1927e-14 +1.1057e-14 +2.6172e-14 +4.2858e-14 +4.3254e-14 +1.8430e-14 +5.3537e-14 +3.2419e-14 -7.3157e-15 +4.4691e-16 +1.5240e-14 +3.9064e-14 +3.7540e-14 +6.0186e-15 -7.3229e-15 +2.9521e-14 -9.4745e-15 +1.1297e-14 
-0000.00300 -2.9970e-03 -2.9970e-03 -2.9970e-03 -2.9970e-03 -2.9970e-03 -2.9970e-03 -2.9970e-03 -2.9970e-03 -2.9970e-03 -2.9970e-03 -2.9970e-03 -2.9970e-03 -2.9970e-03 -2.9970e-03 -2.9970e-03 -2.9970e-03 -2.9970e-03 -2.9970e-03 -2.9970e-03 -2.9970e-03 -2.9970e-03 
-0000.00600 -5.9922e-03 -5.9922e-03 -5.9922e-03 -5.9922e-03 -5.9922e-03 -5.9922e-03 -5.9922e-03 -5.9922e-03 -5.9922e-03 -5.9922e-03 -5.9922e-03 -5.9922e-03 -5.9922e-03 -5.9922e-03 -5.9922e-03 -5.9922e-03 -5.9922e-03 -5.9921e-03 -5.9921e-03 -5.9921e-03 -5.9921e-03 