# Author: FAC idanalysis.IDKickMap
# Termination_kicks [T2m2]: +4.6491e-06 -2.9120e-06 -1.1073e-05 -1.5819e-06 
# Total Length of Longitudinal Interval [m]
2.773
# Number of Horizontal Points
21
# Number of Vertical Points
5
# Total Horizontal 2nd Order Kick [T2m2]
START
            -0000.01000 -0000.00900 -0000.00800 -0000.00700 -0000.00600 -0000.00500 -0000.00400 -0000.00300 -0000.00200 -0000.00100 +0000.00000 +0000.00100 +0000.00200 +0000.00300 +0000.00400 +0000.00500 +0000.00600 +0000.00700 +0000.00800 +0000.00900 +0000.01000 
+0000.00600 +3.6964e-05 +3.9412e-05 +4.0846e-05 +4.1163e-05 +4.0291e-05 +3.8216e-05 +3.5007e-05 +3.0824e-05 +2.5897e-05 +2.0480e-05 +1.4822e-05 +9.1508e-06 +3.6981e-06 -1.2824e-06 -5.5255e-06 -8.7948e-06 -1.0925e-05 -1.1844e-05 -1.1566e-05 -1.0162e-05 -7.7375e-06 
+0000.00300 -8.9502e-05 -9.6311e-05 -1.0121e-04 -1.0320e-04 -1.0125e-04 -9.4437e-05 -8.2147e-05 -6.4247e-05 -4.1243e-05 -1.4328e-05 +1.4714e-05 +4.3753e-05 +7.0661e-05 +9.3653e-05 +1.1154e-04 +1.2381e-04 +1.3061e-04 +1.3255e-04 +1.3055e-04 +1.2563e-04 +1.1881e-04 
+0000.00000 -1.3016e-04 -1.3927e-04 -1.4540e-04 -1.4724e-04 -1.4354e-04 -1.3325e-04 -1.1574e-04 -9.1020e-05 -5.9885e-05 -2.3908e-05 +1.4675e-05 +5.3258e-05 +8.9234e-05 +1.2037e-04 +1.4508e-04 +1.6259e-04 +1.7288e-04 +1.7658e-04 +1.7473e-04 +1.6861e-04 +1.5949e-04 
-0000.00300 -8.9492e-05 -9.6307e-05 -1.0122e-04 -1.0322e-04 -1.0127e-04 -9.4475e-05 -8.2198e-05 -6.4310e-05 -4.1316e-05 -1.4408e-05 +1.4631e-05 +4.3672e-05 +7.0586e-05 +9.3588e-05 +1.1149e-04 +1.2377e-04 +1.3058e-04 +1.3253e-04 +1.3054e-04 +1.2563e-04 +1.1882e-04 
-0000.00600 +3.7011e-05 +3.9444e-05 +4.0856e-05 +4.1143e-05 +4.0232e-05 +3.8109e-05 +3.4846e-05 +3.0609e-05 +2.5632e-05 +2.0181e-05 +1.4509e-05 +8.8472e-06 +3.4258e-06 -1.5082e-06 -5.6977e-06 -8.9135e-06 -1.0996e-05 -1.1875e-05 -1.1565e-05 -1.0139e-05 -7.6985e-06 
# Total Vertical 2nd Order Kick [T2m2]
START
            -0000.01000 -0000.00900 -0000.00800 -0000.00700 -0000.00600 -0000.00500 -0000.00400 -0000.00300 -0000.00200 -0000.00100 +0000.00000 +0000.00100 +0000.00200 +0000.00300 +0000.00400 +0000.00500 +0000.00600 +0000.00700 +0000.00800 +0000.00900 +0000.01000 
+0000.00600 -2.3936e-03 -2.3348e-03 -2.2720e-03 -2.2066e-03 -2.1405e-03 -2.0764e-03 -2.0173e-03 -1.9666e-03 -1.9275e-03 -1.9027e-03 -1.8942e-03 -1.9027e-03 -1.9273e-03 -1.9664e-03 -2.0171e-03 -2.0762e-03 -2.1403e-03 -2.2064e-03 -2.2718e-03 -2.3347e-03 -2.3935e-03 
+0000.00300 -8.6355e-04 -8.3514e-04 -8.0537e-04 -7.7506e-04 -7.4522e-04 -7.1701e-04 -6.9168e-04 -6.7045e-04 -6.5441e-04 -6.4442e-04 -6.4102e-04 -6.4440e-04 -6.5437e-04 -6.7039e-04 -6.9161e-04 -7.1694e-04 -7.4514e-04 -7.7498e-04 -8.0530e-04 -8.3508e-04 -8.6350e-04 
+0000.00000 +4.5410e-06 +4.5384e-06 +4.5365e-06 +4.5353e-06 +4.5352e-06 +4.5361e-06 +4.5383e-06 +4.5415e-06 +4.5458e-06 +4.5508e-06 +4.5562e-06 +4.5616e-06 +4.5667e-06 +4.5712e-06 +4.5748e-06 +4.5772e-06 +4.5785e-06 +4.5787e-06 +4.5779e-06 +4.5762e-06 +4.5738e-06 
-0000.00300 +8.7261e-04 +8.4419e-04 +8.1441e-04 +7.8410e-04 +7.5425e-04 +7.2605e-04 +7.0073e-04 +6.7951e-04 +6.6348e-04 +6.5351e-04 +6.5013e-04 +6.5353e-04 +6.6352e-04 +6.7956e-04 +7.0079e-04 +7.2612e-04 +7.5433e-04 +7.8417e-04 +8.1448e-04 +8.4425e-04 +8.7267e-04 
-0000.00600 +2.4026e-03 +2.3438e-03 +2.2809e-03 +2.2155e-03 +2.1494e-03 +2.0853e-03 +2.0262e-03 +1.9755e-03 +1.9364e-03 +1.9118e-03 +1.9033e-03 +1.9118e-03 +1.9366e-03 +1.9757e-03 +2.0264e-03 +2.0855e-03 +2.1496e-03 +2.2157e-03 +2.2811e-03 +2.3440e-03 +2.4027e-03 
# Horizontal Final Position [m]
START
            -0000.01000 -0000.00900 -0000.00800 -0000.00700 -0000.00600 -0000.00500 -0000.00400 -0000.00300 -0000.00200 -0000.00100 +0000.00000 +0000.00100 +0000.00200 +0000.00300 +0000.00400 +0000.00500 +0000.00600 +0000.00700 +0000.00800 +0000.00900 +0000.01000 
+0000.00600 -1.0003e-02 -9.0031e-03 -8.0031e-03 -7.0030e-03 -6.0030e-03 -5.0030e-03 -4.0031e-03 -3.0031e-03 -2.0032e-03 -1.0033e-03 -3.3670e-06 +9.9653e-04 +1.9964e-03 +2.9963e-03 +3.9962e-03 +4.9961e-03 +5.9961e-03 +6.9960e-03 +7.9960e-03 +8.9960e-03 +9.9960e-03 
+0000.00300 -1.0005e-02 -9.0056e-03 -8.0057e-03 -7.0057e-03 -6.0057e-03 -5.0055e-03 -4.0053e-03 -3.0050e-03 -2.0046e-03 -1.0041e-03 -3.5577e-06 +9.9696e-04 +1.9974e-03 +2.9978e-03 +3.9982e-03 +4.9984e-03 +5.9985e-03 +6.9985e-03 +7.9985e-03 +8.9984e-03 +9.9983e-03 
+0000.00000 -1.0006e-02 -9.0064e-03 -8.0065e-03 -7.0065e-03 -6.0065e-03 -5.0063e-03 -4.0060e-03 -3.0056e-03 -2.0050e-03 -1.0044e-03 -3.6639e-06 +9.9703e-04 +1.9977e-03 +2.9982e-03 +3.9987e-03 +4.9990e-03 +5.9992e-03 +6.9992e-03 +7.9992e-03 +8.9991e-03 +9.9990e-03 
-0000.00300 -1.0006e-02 -9.0057e-03 -8.0058e-03 -7.0058e-03 -6.0058e-03 -5.0057e-03 -4.0055e-03 -3.0052e-03 -2.0048e-03 -1.0043e-03 -3.7747e-06 +9.9675e-04 +1.9972e-03 +2.9976e-03 +3.9980e-03 +4.9982e-03 +5.9983e-03 +6.9984e-03 +7.9984e-03 +8.9983e-03 +9.9982e-03 
-0000.00600 -1.0003e-02 -9.0033e-03 -8.0033e-03 -7.0034e-03 -6.0034e-03 -5.0035e-03 -4.0035e-03 -3.0036e-03 -2.0038e-03 -1.0039e-03 -3.9760e-06 +9.9593e-04 +1.9958e-03 +2.9958e-03 +3.9957e-03 +4.9957e-03 +5.9957e-03 +6.9957e-03 +7.9957e-03 +8.9958e-03 +9.9958e-03 
# Vertical Final Position [m]
START
            -0000.01000 -0000.00900 -0000.00800 -0000.00700 -0000.00600 -0000.00500 -0000.00400 -0000.00300 -0000.00200 -0000.00100 +0000.00000 +0000.00100 +0000.00200 +0000.00300 +0000.00400 +0000.00500 +0000.00600 +0000.00700 +0000.00800 +0000.00900 +0000.01000 
+0000.00600 +5.9568e-03 +5.9578e-03 +5.9590e-03 +5.9601e-03 +5.9613e-03 +5.9625e-03 +5.9636e-03 +5.9645e-03 +5.9653e-03 +5.9658e-03 +5.9660e-03 +5.9659e-03 +5.9655e-03 +5.9649e-03 +5.9640e-03 +5.9629e-03 +5.9618e-03 +5.9606e-03 +5.9595e-03 +5.9584e-03 +5.9573e-03 
+0000.00300 +2.9843e-03 +2.9848e-03 +2.9854e-03 +2.9859e-03 +2.9865e-03 +2.9870e-03 +2.9874e-03 +2.9878e-03 +2.9882e-03 +2.9884e-03 +2.9884e-03 +2.9884e-03 +2.9883e-03 +2.9880e-03 +2.9876e-03 +2.9872e-03 +2.9867e-03 +2.9862e-03 +2.9856e-03 +2.9851e-03 +2.9846e-03 
+0000.00000 -1.4001e-07 -1.3341e-07 -1.2520e-07 -1.1524e-07 -1.0339e-07 -8.9620e-08 -7.3976e-08 -5.6621e-08 -3.7839e-08 -1.8028e-08 +2.3228e-09 +2.2675e-08 +4.2492e-08 +6.1283e-08 +7.8650e-08 +9.4307e-08 +1.0809e-07 +1.1995e-07 +1.2994e-07 +1.3816e-07 +1.4477e-07 
-0000.00300 -2.9847e-03 -2.9852e-03 -2.9857e-03 -2.9862e-03 -2.9867e-03 -2.9872e-03 -2.9876e-03 -2.9880e-03 -2.9883e-03 -2.9884e-03 -2.9884e-03 -2.9884e-03 -2.9881e-03 -2.9878e-03 -2.9874e-03 -2.9870e-03 -2.9864e-03 -2.9859e-03 -2.9853e-03 -2.9848e-03 -2.9843e-03 
-0000.00600 -5.9574e-03 -5.9584e-03 -5.9595e-03 -5.9607e-03 -5.9619e-03 -5.9630e-03 -5.9640e-03 -5.9649e-03 -5.9655e-03 -5.9659e-03 -5.9660e-03 -5.9658e-03 -5.9653e-03 -5.9645e-03 -5.9636e-03 -5.9625e-03 -5.9613e-03 -5.9601e-03 -5.9589e-03 -5.9577e-03 -5.9567e-03 