# Author: FAC idanalysis.IDKickMap
# Termination_kicks [T2m2]: +5.8428e-06 -7.8163e-12 -2.8126e-05 -1.8584e-12 
# Total Length of Longitudinal Interval [m]
2.773
# Number of Horizontal Points
21
# Number of Vertical Points
5
# Total Horizontal 2nd Order Kick [T2m2]
START
            -0000.01000 -0000.00900 -0000.00800 -0000.00700 -0000.00600 -0000.00500 -0000.00400 -0000.00300 -0000.00200 -0000.00100 +0000.00000 +0000.00100 +0000.00200 +0000.00300 +0000.00400 +0000.00500 +0000.00600 +0000.00700 +0000.00800 +0000.00900 +0000.01000 
+0000.00600 -8.3299e-06 +5.5140e-07 +8.3784e-06 +1.5174e-05 +2.0957e-05 +2.5756e-05 +2.9626e-05 +3.2657e-05 +3.4992e-05 +3.6826e-05 +3.8395e-05 +3.9964e-05 +4.1795e-05 +4.4126e-05 +4.7152e-05 +5.1014e-05 +5.5806e-05 +6.1579e-05 +6.8364e-05 +7.6179e-05 +8.5047e-05 
+0000.00300 -3.6225e-06 +3.2653e-06 +9.3878e-06 +1.4798e-05 +1.9551e-05 +2.3708e-05 +2.7339e-05 +3.0526e-05 +3.3364e-05 +3.5962e-05 +3.8436e-05 +4.0910e-05 +4.3506e-05 +4.6342e-05 +4.9527e-05 +5.3154e-05 +5.7307e-05 +6.2054e-05 +6.7459e-05 +7.3574e-05 +8.0454e-05 
+0000.00000 -1.7711e-06 +4.5432e-06 +1.0180e-05 +1.5194e-05 +1.9645e-05 +2.3595e-05 +2.7112e-05 +3.0271e-05 +3.3154e-05 +3.5849e-05 +3.8447e-05 +4.1046e-05 +4.3739e-05 +4.6620e-05 +4.9777e-05 +5.3292e-05 +5.7238e-05 +6.1685e-05 +6.6695e-05 +7.2325e-05 +7.8633e-05 
-0000.00300 -3.6225e-06 +3.2653e-06 +9.3878e-06 +1.4798e-05 +1.9551e-05 +2.3708e-05 +2.7339e-05 +3.0526e-05 +3.3364e-05 +3.5962e-05 +3.8436e-05 +4.0910e-05 +4.3506e-05 +4.6342e-05 +4.9527e-05 +5.3154e-05 +5.7307e-05 +6.2054e-05 +6.7459e-05 +7.3574e-05 +8.0454e-05 
-0000.00600 -8.3298e-06 +5.5141e-07 +8.3784e-06 +1.5174e-05 +2.0957e-05 +2.5756e-05 +2.9626e-05 +3.2657e-05 +3.4992e-05 +3.6826e-05 +3.8395e-05 +3.9964e-05 +4.1795e-05 +4.4126e-05 +4.7152e-05 +5.1014e-05 +5.5806e-05 +6.1579e-05 +6.8364e-05 +7.6179e-05 +8.5047e-05 
# Total Vertical 2nd Order Kick [T2m2]
START
            -0000.01000 -0000.00900 -0000.00800 -0000.00700 -0000.00600 -0000.00500 -0000.00400 -0000.00300 -0000.00200 -0000.00100 +0000.00000 +0000.00100 +0000.00200 +0000.00300 +0000.00400 +0000.00500 +0000.00600 +0000.00700 +0000.00800 +0000.00900 +0000.01000 
+0000.00600 -2.5834e-03 -2.5846e-03 -2.5849e-03 -2.5844e-03 -2.5834e-03 -2.5819e-03 -2.5802e-03 -2.5786e-03 -2.5772e-03 -2.5763e-03 -2.5760e-03 -2.5763e-03 -2.5772e-03 -2.5786e-03 -2.5802e-03 -2.5819e-03 -2.5834e-03 -2.5845e-03 -2.5850e-03 -2.5847e-03 -2.5835e-03 
+0000.00300 -9.9413e-04 -9.9511e-04 -9.9572e-04 -9.9604e-04 -9.9611e-04 -9.9601e-04 -9.9580e-04 -9.9556e-04 -9.9534e-04 -9.9519e-04 -9.9514e-04 -9.9519e-04 -9.9535e-04 -9.9557e-04 -9.9582e-04 -9.9602e-04 -9.9613e-04 -9.9606e-04 -9.9575e-04 -9.9514e-04 -9.9416e-04 
+0000.00000 +2.1794e-11 +2.1531e-11 +1.5464e-11 +1.5645e-11 +1.6366e-11 +1.1440e-11 +9.9750e-12 +1.1299e-11 +5.6689e-12 +4.3091e-12 +5.5438e-12 +1.9560e-12 +2.1878e-12 -1.3404e-12 -3.8032e-12 -3.0952e-12 -5.1295e-12 -4.5924e-12 -6.0279e-12 -5.3823e-12 -5.6789e-12 
-0000.00300 +9.9413e-04 +9.9511e-04 +9.9572e-04 +9.9604e-04 +9.9611e-04 +9.9601e-04 +9.9580e-04 +9.9556e-04 +9.9534e-04 +9.9519e-04 +9.9514e-04 +9.9519e-04 +9.9535e-04 +9.9557e-04 +9.9582e-04 +9.9602e-04 +9.9613e-04 +9.9606e-04 +9.9575e-04 +9.9514e-04 +9.9416e-04 
-0000.00600 +2.5834e-03 +2.5846e-03 +2.5849e-03 +2.5844e-03 +2.5834e-03 +2.5819e-03 +2.5802e-03 +2.5786e-03 +2.5772e-03 +2.5763e-03 +2.5760e-03 +2.5763e-03 +2.5772e-03 +2.5786e-03 +2.5802e-03 +2.5819e-03 +2.5834e-03 +2.5845e-03 +2.5850e-03 +2.5847e-03 +2.5835e-03 
# Horizontal Final Position [m]
START
            -0000.01000 -0000.00900 -0000.00800 -0000.00700 -0000.00600 -0000.00500 -0000.00400 -0000.00300 -0000.00200 -0000.00100 +0000.00000 +0000.00100 +0000.00200 +0000.00300 +0000.00400 +0000.00500 +0000.00600 +0000.00700 +0000.00800 +0000.00900 +0000.01000 
+0000.00600 -1.0007e-02 -9.0070e-03 -8.0069e-03 -7.0068e-03 -6.0067e-03 -5.0066e-03 -4.0065e-03 -3.0065e-03 -2.0064e-03 -1.0064e-03 -6.3875e-06 +9.9364e-04 +1.9937e-03 +2.9937e-03 +3.9938e-03 +4.9939e-03 +5.9940e-03 +6.9941e-03 +7.9942e-03 +8.9944e-03 +9.9946e-03 
+0000.00300 -1.0007e-02 -9.0069e-03 -8.0068e-03 -7.0067e-03 -6.0066e-03 -5.0066e-03 -4.0065e-03 -3.0065e-03 -2.0064e-03 -1.0064e-03 -6.3545e-06 +9.9369e-04 +1.9937e-03 +2.9938e-03 +3.9939e-03 +4.9939e-03 +5.9940e-03 +6.9941e-03 +7.9942e-03 +8.9944e-03 +9.9945e-03 
+0000.00000 -1.0007e-02 -9.0068e-03 -8.0068e-03 -7.0067e-03 -6.0066e-03 -5.0066e-03 -4.0065e-03 -3.0065e-03 -2.0064e-03 -1.0064e-03 -6.3431e-06 +9.9370e-04 +1.9938e-03 +2.9938e-03 +3.9939e-03 +4.9940e-03 +5.9940e-03 +6.9941e-03 +7.9943e-03 +8.9944e-03 +9.9945e-03 
-0000.00300 -1.0007e-02 -9.0069e-03 -8.0068e-03 -7.0067e-03 -6.0066e-03 -5.0066e-03 -4.0065e-03 -3.0065e-03 -2.0064e-03 -1.0064e-03 -6.3545e-06 +9.9369e-04 +1.9937e-03 +2.9938e-03 +3.9939e-03 +4.9939e-03 +5.9940e-03 +6.9941e-03 +7.9942e-03 +8.9944e-03 +9.9945e-03 
-0000.00600 -1.0007e-02 -9.0070e-03 -8.0069e-03 -7.0068e-03 -6.0067e-03 -5.0066e-03 -4.0065e-03 -3.0065e-03 -2.0064e-03 -1.0064e-03 -6.3875e-06 +9.9364e-04 +1.9937e-03 +2.9937e-03 +3.9938e-03 +4.9939e-03 +5.9940e-03 +6.9941e-03 +7.9942e-03 +8.9944e-03 +9.9946e-03 
# Vertical Final Position [m]
START
            -0000.01000 -0000.00900 -0000.00800 -0000.00700 -0000.00600 -0000.00500 -0000.00400 -0000.00300 -0000.00200 -0000.00100 +0000.00000 +0000.00100 +0000.00200 +0000.00300 +0000.00400 +0000.00500 +0000.00600 +0000.00700 +0000.00800 +0000.00900 +0000.01000 
+0000.00600 +5.9537e-03 +5.9536e-03 +5.9536e-03 +5.9536e-03 +5.9536e-03 +5.9536e-03 +5.9536e-03 +5.9536e-03 +5.9536e-03 +5.9536e-03 +5.9536e-03 +5.9536e-03 +5.9536e-03 +5.9536e-03 +5.9535e-03 +5.9535e-03 +5.9534e-03 +5.9534e-03 +5.9534e-03 +5.9533e-03 +5.9533e-03 
+0000.00300 +2.9822e-03 +2.9822e-03 +2.9822e-03 +2.9821e-03 +2.9821e-03 +2.9821e-03 +2.9821e-03 +2.9821e-03 +2.9821e-03 +2.9821e-03 +2.9821e-03 +2.9821e-03 +2.9821e-03 +2.9821e-03 +2.9821e-03 +2.9820e-03 +2.9820e-03 +2.9820e-03 +2.9820e-03 +2.9820e-03 +2.9820e-03 
+0000.00000 +1.1316e-13 +1.0453e-13 -4.5256e-14 -2.3785e-14 +2.1406e-14 -1.0510e-13 -1.0770e-13 -5.4053e-14 -1.9748e-13 -2.2186e-13 -1.5741e-13 -2.4077e-13 -2.0728e-13 -3.1121e-13 -3.5706e-13 -3.0649e-13 -3.6138e-13 -2.9835e-13 -3.5098e-13 -3.2241e-13 -3.2946e-13 
-0000.00300 -2.9822e-03 -2.9822e-03 -2.9822e-03 -2.9821e-03 -2.9821e-03 -2.9821e-03 -2.9821e-03 -2.9821e-03 -2.9821e-03 -2.9821e-03 -2.9821e-03 -2.9821e-03 -2.9821e-03 -2.9821e-03 -2.9821e-03 -2.9820e-03 -2.9820e-03 -2.9820e-03 -2.9820e-03 -2.9820e-03 -2.9820e-03 
-0000.00600 -5.9537e-03 -5.9536e-03 -5.9536e-03 -5.9536e-03 -5.9536e-03 -5.9536e-03 -5.9536e-03 -5.9536e-03 -5.9536e-03 -5.9536e-03 -5.9536e-03 -5.9536e-03 -5.9536e-03 -5.9536e-03 -5.9535e-03 -5.9535e-03 -5.9534e-03 -5.9534e-03 -5.9534e-03 -5.9533e-03 -5.9533e-03 