# Author: FAC idanalysis.IDKickMap
# Termination_kicks [T2m2]: +1.8311e-05 -5.5990e-06 -1.7293e-05 -2.9143e-06 
# Total Length of Longitudinal Interval [m]
2.773
# Number of Horizontal Points
21
# Number of Vertical Points
5
# Total Horizontal 2nd Order Kick [T2m2]
START
            -0000.01000 -0000.00900 -0000.00800 -0000.00700 -0000.00600 -0000.00500 -0000.00400 -0000.00300 -0000.00200 -0000.00100 +0000.00000 +0000.00100 +0000.00200 +0000.00300 +0000.00400 +0000.00500 +0000.00600 +0000.00700 +0000.00800 +0000.00900 +0000.01000 
+0000.00600 +9.8870e-05 +1.0401e-04 +1.0653e-04 +1.0607e-04 +1.0234e-04 +9.5189e-05 +8.4625e-05 +7.0887e-05 +5.4465e-05 +3.6090e-05 +1.6684e-05 -2.7272e-06 -2.1113e-05 -3.7553e-05 -5.1314e-05 -6.1905e-05 -6.9086e-05 -7.2842e-05 -7.3335e-05 -7.0850e-05 -6.5737e-05 
+0000.00300 -5.7201e-05 -5.7141e-05 -5.5825e-05 -5.2941e-05 -4.8243e-05 -4.1579e-05 -3.2930e-05 -2.2426e-05 -1.0355e-05 +2.8540e-06 +1.6660e-05 +3.0465e-05 +4.3670e-05 +5.5735e-05 +6.6230e-05 +7.4870e-05 +8.1522e-05 +8.6209e-05 +8.9079e-05 +9.0382e-05 +9.0429e-05 
+0000.00000 -1.0110e-04 -1.0189e-04 -1.0032e-04 -9.5943e-05 -8.8447e-05 -7.7658e-05 -6.3611e-05 -4.6565e-05 -2.7013e-05 -5.6560e-06 +1.6646e-05 +3.8947e-05 +6.0302e-05 +7.9852e-05 +9.6894e-05 +1.1094e-04 +1.2172e-04 +1.2921e-04 +1.3358e-04 +1.3514e-04 +1.3435e-04 
-0000.00300 -5.7204e-05 -5.7148e-05 -5.5837e-05 -5.2959e-05 -4.8266e-05 -4.1608e-05 -3.2964e-05 -2.2465e-05 -1.0397e-05 +2.8088e-06 +1.6614e-05 +3.0419e-05 +4.3626e-05 +5.5694e-05 +6.6194e-05 +7.4838e-05 +8.1496e-05 +8.6189e-05 +8.9065e-05 +9.0373e-05 +9.0424e-05 
-0000.00600 +9.8870e-05 +1.0400e-04 +1.0650e-04 +1.0602e-04 +1.0227e-04 +9.5100e-05 +8.4516e-05 +7.0761e-05 +5.4325e-05 +3.5940e-05 +1.6530e-05 -2.8790e-06 -2.1258e-05 -3.7684e-05 -5.1429e-05 -6.2001e-05 -6.9163e-05 -7.2899e-05 -7.3373e-05 -7.0872e-05 -6.5744e-05 
# Total Vertical 2nd Order Kick [T2m2]
START
            -0000.01000 -0000.00900 -0000.00800 -0000.00700 -0000.00600 -0000.00500 -0000.00400 -0000.00300 -0000.00200 -0000.00100 +0000.00000 +0000.00100 +0000.00200 +0000.00300 +0000.00400 +0000.00500 +0000.00600 +0000.00700 +0000.00800 +0000.00900 +0000.01000 
+0000.00600 -2.0532e-03 -1.9739e-03 -1.8923e-03 -1.8105e-03 -1.7309e-03 -1.6564e-03 -1.5900e-03 -1.5345e-03 -1.4927e-03 -1.4666e-03 -1.4578e-03 -1.4666e-03 -1.4926e-03 -1.5344e-03 -1.5899e-03 -1.6563e-03 -1.7308e-03 -1.8104e-03 -1.8922e-03 -1.9739e-03 -2.0532e-03 
+0000.00300 -7.4266e-04 -7.1164e-04 -6.8032e-04 -6.4949e-04 -6.2008e-04 -5.9303e-04 -5.6929e-04 -5.4975e-04 -5.3518e-04 -5.2618e-04 -5.2313e-04 -5.2617e-04 -5.3516e-04 -5.4972e-04 -5.6926e-04 -5.9300e-04 -6.2005e-04 -6.4946e-04 -6.8029e-04 -7.1162e-04 -7.4264e-04 
+0000.00000 +8.6398e-06 +8.6388e-06 +8.6381e-06 +8.6380e-06 +8.6383e-06 +8.6393e-06 +8.6407e-06 +8.6427e-06 +8.6450e-06 +8.6477e-06 +8.6505e-06 +8.6533e-06 +8.6560e-06 +8.6584e-06 +8.6604e-06 +8.6620e-06 +8.6629e-06 +8.6634e-06 +8.6632e-06 +8.6626e-06 +8.6615e-06 
-0000.00300 +7.5992e-04 +7.2890e-04 +6.9757e-04 +6.6675e-04 +6.3734e-04 +6.1029e-04 +5.8656e-04 +5.6702e-04 +5.5246e-04 +5.4347e-04 +5.4043e-04 +5.4348e-04 +5.5248e-04 +5.6705e-04 +5.8659e-04 +6.1034e-04 +6.3739e-04 +6.6680e-04 +6.9763e-04 +7.2896e-04 +7.5998e-04 
-0000.00600 +2.0704e-03 +1.9911e-03 +1.9095e-03 +1.8276e-03 +1.7481e-03 +1.6736e-03 +1.6072e-03 +1.5517e-03 +1.5099e-03 +1.4839e-03 +1.4750e-03 +1.4839e-03 +1.5099e-03 +1.5518e-03 +1.6073e-03 +1.6737e-03 +1.7482e-03 +1.8278e-03 +1.9096e-03 +1.9913e-03 +2.0706e-03 
# Horizontal Final Position [m]
START
            -0000.01000 -0000.00900 -0000.00800 -0000.00700 -0000.00600 -0000.00500 -0000.00400 -0000.00300 -0000.00200 -0000.00100 +0000.00000 +0000.00100 +0000.00200 +0000.00300 +0000.00400 +0000.00500 +0000.00600 +0000.00700 +0000.00800 +0000.00900 +0000.01000 
+0000.00600 -1.0005e-02 -9.0049e-03 -8.0049e-03 -7.0049e-03 -6.0050e-03 -5.0051e-03 -4.0053e-03 -3.0055e-03 -2.0058e-03 -1.0061e-03 -6.4905e-06 +9.9316e-04 +1.9928e-03 +2.9925e-03 +3.9923e-03 +4.9921e-03 +5.9920e-03 +6.9919e-03 +7.9919e-03 +8.9919e-03 +9.9920e-03 
+0000.00300 -1.0008e-02 -9.0078e-03 -8.0078e-03 -7.0078e-03 -6.0077e-03 -5.0076e-03 -4.0075e-03 -3.0073e-03 -2.0071e-03 -1.0068e-03 -6.6021e-06 +9.9365e-04 +1.9939e-03 +2.9941e-03 +3.9943e-03 +4.9945e-03 +5.9946e-03 +6.9947e-03 +7.9947e-03 +8.9948e-03 +9.9948e-03 
+0000.00000 -1.0009e-02 -9.0087e-03 -8.0087e-03 -7.0086e-03 -6.0085e-03 -5.0083e-03 -4.0081e-03 -3.0078e-03 -2.0075e-03 -1.0071e-03 -6.6772e-06 +9.9372e-04 +1.9941e-03 +2.9945e-03 +3.9948e-03 +4.9950e-03 +5.9953e-03 +6.9954e-03 +7.9955e-03 +8.9956e-03 +9.9956e-03 
-0000.00300 -1.0008e-02 -9.0079e-03 -8.0080e-03 -7.0079e-03 -6.0079e-03 -5.0078e-03 -4.0076e-03 -3.0075e-03 -2.0073e-03 -1.0070e-03 -6.7762e-06 +9.9347e-04 +1.9937e-03 +2.9939e-03 +3.9941e-03 +4.9943e-03 +5.9944e-03 +6.9946e-03 +7.9946e-03 +8.9947e-03 +9.9947e-03 
-0000.00600 -1.0005e-02 -9.0052e-03 -8.0052e-03 -7.0052e-03 -6.0053e-03 -5.0055e-03 -4.0057e-03 -3.0060e-03 -2.0063e-03 -1.0066e-03 -6.9574e-06 +9.9270e-04 +1.9924e-03 +2.9921e-03 +3.9919e-03 +4.9917e-03 +5.9916e-03 +6.9916e-03 +7.9916e-03 +8.9917e-03 +9.9918e-03 
# Vertical Final Position [m]
START
            -0000.01000 -0000.00900 -0000.00800 -0000.00700 -0000.00600 -0000.00500 -0000.00400 -0000.00300 -0000.00200 -0000.00100 +0000.00000 +0000.00100 +0000.00200 +0000.00300 +0000.00400 +0000.00500 +0000.00600 +0000.00700 +0000.00800 +0000.00900 +0000.01000 
+0000.00600 +5.9630e-03 +5.9644e-03 +5.9659e-03 +5.9673e-03 +5.9688e-03 +5.9701e-03 +5.9713e-03 +5.9723e-03 +5.9731e-03 +5.9736e-03 +5.9738e-03 +5.9736e-03 +5.9732e-03 +5.9724e-03 +5.9715e-03 +5.9703e-03 +5.9690e-03 +5.9675e-03 +5.9661e-03 +5.9646e-03 +5.9632e-03 
+0000.00300 +2.9865e-03 +2.9870e-03 +2.9876e-03 +2.9882e-03 +2.9887e-03 +2.9892e-03 +2.9896e-03 +2.9900e-03 +2.9902e-03 +2.9904e-03 +2.9905e-03 +2.9904e-03 +2.9903e-03 +2.9900e-03 +2.9897e-03 +2.9893e-03 +2.9888e-03 +2.9883e-03 +2.9877e-03 +2.9872e-03 +2.9866e-03 
+0000.00000 -1.2013e-07 -1.1239e-07 -1.0344e-07 -9.3294e-08 -8.1955e-08 -6.9486e-08 -5.5985e-08 -4.1593e-08 -2.6492e-08 -1.0897e-08 +4.9517e-09 +2.0802e-08 +3.6400e-08 +5.1506e-08 +6.5906e-08 +7.9416e-08 +9.1895e-08 +1.0324e-07 +1.1341e-07 +1.2236e-07 +1.3011e-07 
-0000.00300 -2.9868e-03 -2.9873e-03 -2.9879e-03 -2.9884e-03 -2.9889e-03 -2.9894e-03 -2.9898e-03 -2.9901e-03 -2.9903e-03 -2.9905e-03 -2.9905e-03 -2.9904e-03 -2.9902e-03 -2.9899e-03 -2.9895e-03 -2.9891e-03 -2.9886e-03 -2.9880e-03 -2.9875e-03 -2.9869e-03 -2.9863e-03 
-0000.00600 -5.9635e-03 -5.9649e-03 -5.9663e-03 -5.9678e-03 -5.9691e-03 -5.9704e-03 -5.9716e-03 -5.9725e-03 -5.9732e-03 -5.9736e-03 -5.9737e-03 -5.9735e-03 -5.9730e-03 -5.9722e-03 -5.9712e-03 -5.9699e-03 -5.9686e-03 -5.9671e-03 -5.9656e-03 -5.9641e-03 -5.9626e-03 