# Author: FAC idanalysis.IDKickMap
# Termination_kicks [T2m2]: -3.8111e-06 +3.1347e-06 -4.2025e-05 +1.5540e-06 
# Total Length of Longitudinal Interval [m]
2.773
# Number of Horizontal Points
21
# Number of Vertical Points
5
# Total Horizontal 2nd Order Kick [T2m2]
START
            -0000.01000 -0000.00900 -0000.00800 -0000.00700 -0000.00600 -0000.00500 -0000.00400 -0000.00300 -0000.00200 -0000.00100 +0000.00000 +0000.00100 +0000.00200 +0000.00300 +0000.00400 +0000.00500 +0000.00600 +0000.00700 +0000.00800 +0000.00900 +0000.01000 
+0000.00600 +1.4149e-04 +1.4644e-04 +1.4885e-04 +1.4839e-04 +1.4477e-04 +1.3784e-04 +1.2761e-04 +1.1433e-04 +9.8447e-05 +8.0687e-05 +6.1936e-05 +4.3186e-05 +2.5432e-05 +9.5629e-06 -3.7153e-06 -1.3930e-05 -2.0849e-05 -2.4459e-05 -2.4918e-05 -2.2503e-05 -1.7550e-05 
+0000.00300 -9.2753e-06 -9.2219e-06 -7.9558e-06 -5.1765e-06 -6.4421e-07 +5.7860e-06 +1.4134e-05 +2.4274e-05 +3.5929e-05 +4.8683e-05 +6.2016e-05 +7.5349e-05 +8.8104e-05 +9.9759e-05 +1.0990e-04 +1.1825e-04 +1.2468e-04 +1.2921e-04 +1.3199e-04 +1.3325e-04 +1.3330e-04 
+0000.00000 -5.1674e-05 -5.2438e-05 -5.0918e-05 -4.6695e-05 -3.9455e-05 -2.9035e-05 -1.5468e-05 +9.9535e-07 +1.9879e-05 +4.0506e-05 +6.2046e-05 +8.3585e-05 +1.0421e-04 +1.2309e-04 +1.3955e-04 +1.5312e-04 +1.6353e-04 +1.7077e-04 +1.7498e-04 +1.7650e-04 +1.7572e-04 
-0000.00300 -9.2729e-06 -9.2152e-06 -7.9442e-06 -5.1596e-06 -6.2181e-07 +5.8138e-06 +1.4167e-05 +2.4311e-05 +3.5969e-05 +4.8726e-05 +6.2060e-05 +7.5393e-05 +8.8146e-05 +9.9798e-05 +1.0993e-04 +1.1828e-04 +1.2470e-04 +1.2923e-04 +1.3200e-04 +1.3326e-04 +1.3331e-04 
-0000.00600 +1.4149e-04 +1.4645e-04 +1.4888e-04 +1.4843e-04 +1.4483e-04 +1.3792e-04 +1.2772e-04 +1.1445e-04 +9.8582e-05 +8.0830e-05 +6.2083e-05 +4.3331e-05 +2.5569e-05 +9.6883e-06 -3.6056e-06 -1.3838e-05 -2.0776e-05 -2.4405e-05 -2.4882e-05 -2.2482e-05 -1.7543e-05 
# Total Vertical 2nd Order Kick [T2m2]
START
            -0000.01000 -0000.00900 -0000.00800 -0000.00700 -0000.00600 -0000.00500 -0000.00400 -0000.00300 -0000.00200 -0000.00100 +0000.00000 +0000.00100 +0000.00200 +0000.00300 +0000.00400 +0000.00500 +0000.00600 +0000.00700 +0000.00800 +0000.00900 +0000.01000 
+0000.00600 -1.9964e-03 -1.9197e-03 -1.8409e-03 -1.7618e-03 -1.6850e-03 -1.6130e-03 -1.5489e-03 -1.4953e-03 -1.4549e-03 -1.4298e-03 -1.4212e-03 -1.4298e-03 -1.4550e-03 -1.4954e-03 -1.5490e-03 -1.6132e-03 -1.6851e-03 -1.7620e-03 -1.8410e-03 -1.9199e-03 -1.9966e-03 
+0000.00300 -7.3048e-04 -7.0052e-04 -6.7026e-04 -6.4049e-04 -6.1208e-04 -5.8596e-04 -5.6303e-04 -5.4416e-04 -5.3010e-04 -5.2141e-04 -5.1848e-04 -5.2142e-04 -5.3011e-04 -5.4419e-04 -5.6307e-04 -5.8600e-04 -6.1213e-04 -6.4054e-04 -6.7032e-04 -7.0058e-04 -7.3054e-04 
+0000.00000 -4.8419e-06 -4.8410e-06 -4.8405e-06 -4.8404e-06 -4.8409e-06 -4.8419e-06 -4.8434e-06 -4.8453e-06 -4.8477e-06 -4.8503e-06 -4.8531e-06 -4.8558e-06 -4.8585e-06 -4.8608e-06 -4.8628e-06 -4.8643e-06 -4.8653e-06 -4.8657e-06 -4.8655e-06 -4.8649e-06 -4.8638e-06 
-0000.00300 +7.2082e-04 +6.9086e-04 +6.6060e-04 +6.3083e-04 +6.0242e-04 +5.7629e-04 +5.5336e-04 +5.3448e-04 +5.2041e-04 +5.1172e-04 +5.0878e-04 +5.1171e-04 +5.2039e-04 +5.3446e-04 +5.5333e-04 +5.7626e-04 +6.0239e-04 +6.3080e-04 +6.6057e-04 +6.9084e-04 +7.2080e-04 
-0000.00600 +1.9868e-03 +1.9102e-03 +1.8313e-03 +1.7522e-03 +1.6754e-03 +1.6034e-03 +1.5393e-03 +1.4857e-03 +1.4453e-03 +1.4201e-03 +1.4116e-03 +1.4201e-03 +1.4452e-03 +1.4856e-03 +1.5392e-03 +1.6034e-03 +1.6753e-03 +1.7522e-03 +1.8312e-03 +1.9101e-03 +1.9868e-03 
# Horizontal Final Position [m]
START
            -0000.01000 -0000.00900 -0000.00800 -0000.00700 -0000.00600 -0000.00500 -0000.00400 -0000.00300 -0000.00200 -0000.00100 +0000.00000 +0000.00100 +0000.00200 +0000.00300 +0000.00400 +0000.00500 +0000.00600 +0000.00700 +0000.00800 +0000.00900 +0000.01000 
+0000.00600 -1.0005e-02 -9.0051e-03 -8.0051e-03 -7.0051e-03 -6.0052e-03 -5.0054e-03 -4.0056e-03 -3.0058e-03 -2.0061e-03 -1.0065e-03 -6.8145e-06 +9.9285e-04 +1.9925e-03 +2.9923e-03 +3.9920e-03 +4.9919e-03 +5.9918e-03 +6.9917e-03 +7.9918e-03 +8.9918e-03 +9.9920e-03 
+0000.00300 -1.0008e-02 -9.0078e-03 -8.0078e-03 -7.0078e-03 -6.0077e-03 -5.0076e-03 -4.0075e-03 -3.0073e-03 -2.0071e-03 -1.0069e-03 -6.6389e-06 +9.9360e-04 +1.9938e-03 +2.9941e-03 +3.9943e-03 +4.9944e-03 +5.9946e-03 +6.9947e-03 +7.9947e-03 +8.9948e-03 +9.9948e-03 
+0000.00000 -1.0008e-02 -9.0085e-03 -8.0085e-03 -7.0084e-03 -6.0083e-03 -5.0082e-03 -4.0079e-03 -3.0076e-03 -2.0073e-03 -1.0069e-03 -6.5430e-06 +9.9385e-04 +1.9942e-03 +2.9946e-03 +3.9949e-03 +4.9951e-03 +5.9953e-03 +6.9955e-03 +7.9956e-03 +8.9956e-03 +9.9957e-03 
-0000.00300 -1.0008e-02 -9.0077e-03 -8.0077e-03 -7.0076e-03 -6.0076e-03 -5.0075e-03 -4.0073e-03 -3.0071e-03 -2.0069e-03 -1.0067e-03 -6.4707e-06 +9.9377e-04 +1.9940e-03 +2.9942e-03 +3.9944e-03 +4.9946e-03 +5.9947e-03 +6.9948e-03 +7.9948e-03 +8.9949e-03 +9.9949e-03 
-0000.00600 -1.0005e-02 -9.0048e-03 -8.0048e-03 -7.0048e-03 -6.0049e-03 -5.0050e-03 -4.0052e-03 -3.0054e-03 -2.0057e-03 -1.0060e-03 -6.3635e-06 +9.9330e-04 +1.9930e-03 +2.9927e-03 +3.9924e-03 +4.9923e-03 +5.9921e-03 +6.9921e-03 +7.9921e-03 +8.9921e-03 +9.9922e-03 
# Vertical Final Position [m]
START
            -0000.01000 -0000.00900 -0000.00800 -0000.00700 -0000.00600 -0000.00500 -0000.00400 -0000.00300 -0000.00200 -0000.00100 +0000.00000 +0000.00100 +0000.00200 +0000.00300 +0000.00400 +0000.00500 +0000.00600 +0000.00700 +0000.00800 +0000.00900 +0000.01000 
+0000.00600 +5.9644e-03 +5.9658e-03 +5.9672e-03 +5.9686e-03 +5.9699e-03 +5.9712e-03 +5.9723e-03 +5.9732e-03 +5.9739e-03 +5.9743e-03 +5.9744e-03 +5.9742e-03 +5.9737e-03 +5.9729e-03 +5.9719e-03 +5.9707e-03 +5.9693e-03 +5.9679e-03 +5.9664e-03 +5.9650e-03 +5.9636e-03 
+0000.00300 +2.9871e-03 +2.9877e-03 +2.9882e-03 +2.9887e-03 +2.9892e-03 +2.9896e-03 +2.9900e-03 +2.9903e-03 +2.9906e-03 +2.9907e-03 +2.9907e-03 +2.9906e-03 +2.9905e-03 +2.9902e-03 +2.9898e-03 +2.9894e-03 +2.9889e-03 +2.9883e-03 +2.9878e-03 +2.9872e-03 +2.9866e-03 
+0000.00000 +1.1488e-07 +1.0739e-07 +9.8752e-08 +8.8946e-08 +7.7993e-08 +6.5947e-08 +5.2906e-08 +3.9004e-08 +2.4417e-08 +9.3542e-09 -5.9544e-09 -2.1264e-08 -3.6330e-08 -5.0921e-08 -6.4828e-08 -7.7876e-08 -8.9928e-08 -1.0089e-07 -1.1070e-07 -1.1935e-07 -1.2684e-07 
-0000.00300 -2.9868e-03 -2.9874e-03 -2.9879e-03 -2.9885e-03 -2.9890e-03 -2.9895e-03 -2.9899e-03 -2.9902e-03 -2.9905e-03 -2.9907e-03 -2.9907e-03 -2.9907e-03 -2.9905e-03 -2.9903e-03 -2.9900e-03 -2.9896e-03 -2.9891e-03 -2.9886e-03 -2.9880e-03 -2.9875e-03 -2.9870e-03 
-0000.00600 -5.9639e-03 -5.9653e-03 -5.9667e-03 -5.9682e-03 -5.9695e-03 -5.9709e-03 -5.9720e-03 -5.9730e-03 -5.9738e-03 -5.9742e-03 -5.9744e-03 -5.9743e-03 -5.9739e-03 -5.9731e-03 -5.9722e-03 -5.9710e-03 -5.9697e-03 -5.9684e-03 -5.9669e-03 -5.9655e-03 -5.9641e-03 