# Author: FAC idanalysis.IDKickMap
# Termination_kicks [T2m2]: +3.9580e-06 -3.7353e-06 -6.3901e-06 -2.0500e-06 
# Total Length of Longitudinal Interval [m]
2.773
# Number of Horizontal Points
21
# Number of Vertical Points
5
# Total Horizontal 2nd Order Kick [T2m2]
START
            -0000.01000 -0000.00900 -0000.00800 -0000.00700 -0000.00600 -0000.00500 -0000.00400 -0000.00300 -0000.00200 -0000.00100 +0000.00000 +0000.00100 +0000.00200 +0000.00300 +0000.00400 +0000.00500 +0000.00600 +0000.00700 +0000.00800 +0000.00900 +0000.01000 
+0000.00600 -4.9183e-05 -6.4107e-05 -8.1472e-05 -1.0074e-04 -1.2049e-04 -1.3777e-04 -1.4747e-04 -1.4229e-04 -1.1471e-04 -6.1971e-05 +8.2202e-06 +7.8397e-05 +1.3110e-04 +1.5864e-04 +1.6377e-04 +1.5403e-04 +1.3673e-04 +1.1696e-04 +9.7673e-05 +8.0296e-05 +6.5363e-05 
+0000.00300 -1.6190e-04 -1.8376e-04 -2.0354e-04 -2.1882e-04 -2.2662e-04 -2.2363e-04 -2.0669e-04 -1.7367e-04 -1.2452e-04 -6.2008e-05 +8.1257e-06 +7.8258e-05 +1.4077e-04 +1.8992e-04 +2.2292e-04 +2.3986e-04 +2.4285e-04 +2.3504e-04 +2.1975e-04 +1.9997e-04 +1.7810e-04 
+0000.00000 -2.0584e-04 -2.3093e-04 -2.5251e-04 -2.6765e-04 -2.7297e-04 -2.6506e-04 -2.4108e-04 -1.9967e-04 -1.4163e-04 -7.0412e-05 +8.1150e-06 +8.6641e-05 +1.5786e-04 +2.1590e-04 +2.5731e-04 +2.8128e-04 +2.8920e-04 +2.8387e-04 +2.6873e-04 +2.4715e-04 +2.2206e-04 
-0000.00300 -1.6190e-04 -1.8376e-04 -2.0354e-04 -2.1882e-04 -2.2663e-04 -2.2364e-04 -2.0670e-04 -1.7369e-04 -1.2454e-04 -6.2029e-05 +8.1039e-06 +7.8237e-05 +1.4075e-04 +1.8990e-04 +2.2291e-04 +2.3985e-04 +2.4284e-04 +2.3503e-04 +2.1975e-04 +1.9997e-04 +1.7810e-04 
-0000.00600 -4.9195e-05 -6.4122e-05 -8.1494e-05 -1.0077e-04 -1.2053e-04 -1.3783e-04 -1.4756e-04 -1.4242e-04 -1.1487e-04 -6.2157e-05 +8.0268e-06 +7.8217e-05 +1.3095e-04 +1.5852e-04 +1.6369e-04 +1.5398e-04 +1.3669e-04 +1.1694e-04 +9.7664e-05 +8.0295e-05 +6.5366e-05 
# Total Vertical 2nd Order Kick [T2m2]
START
            -0000.01000 -0000.00900 -0000.00800 -0000.00700 -0000.00600 -0000.00500 -0000.00400 -0000.00300 -0000.00200 -0000.00100 +0000.00000 +0000.00100 +0000.00200 +0000.00300 +0000.00400 +0000.00500 +0000.00600 +0000.00700 +0000.00800 +0000.00900 +0000.01000 
+0000.00600 -2.4732e-03 -2.4307e-03 -2.3881e-03 -2.3486e-03 -2.3163e-03 -2.2957e-03 -2.2913e-03 -2.3041e-03 -2.3293e-03 -2.3546e-03 -2.3653e-03 -2.3546e-03 -2.3293e-03 -2.3041e-03 -2.2913e-03 -2.2958e-03 -2.3163e-03 -2.3487e-03 -2.3882e-03 -2.4307e-03 -2.4732e-03 
+0000.00300 -8.7542e-04 -8.4580e-04 -8.1449e-04 -7.8259e-04 -7.5154e-04 -7.2297e-04 -6.9845e-04 -6.7914e-04 -6.6560e-04 -6.5773e-04 -6.5517e-04 -6.5774e-04 -6.6561e-04 -6.7916e-04 -6.9847e-04 -7.2300e-04 -7.5157e-04 -7.8262e-04 -8.1452e-04 -8.4583e-04 -8.7546e-04 
+0000.00000 +5.8683e-06 +5.8672e-06 +5.8659e-06 +5.8645e-06 +5.8630e-06 +5.8612e-06 +5.8592e-06 +5.8569e-06 +5.8543e-06 +5.8514e-06 +5.8483e-06 +5.8452e-06 +5.8423e-06 +5.8398e-06 +5.8375e-06 +5.8356e-06 +5.8339e-06 +5.8324e-06 +5.8309e-06 +5.8296e-06 +5.8285e-06 
-0000.00300 +8.8716e-04 +8.5753e-04 +8.2622e-04 +7.9432e-04 +7.6327e-04 +7.3470e-04 +7.1017e-04 +6.9086e-04 +6.7731e-04 +6.6943e-04 +6.6687e-04 +6.6942e-04 +6.7729e-04 +6.9083e-04 +7.1014e-04 +7.3466e-04 +7.6323e-04 +7.9428e-04 +8.2617e-04 +8.5749e-04 +8.8711e-04 
-0000.00600 +2.4849e-03 +2.4424e-03 +2.3999e-03 +2.3604e-03 +2.3280e-03 +2.3075e-03 +2.3030e-03 +2.3158e-03 +2.3410e-03 +2.3663e-03 +2.3770e-03 +2.3663e-03 +2.3409e-03 +2.3158e-03 +2.3029e-03 +2.3074e-03 +2.3279e-03 +2.3603e-03 +2.3998e-03 +2.4423e-03 +2.4849e-03 
# Horizontal Final Position [m]
START
            -0000.01000 -0000.00900 -0000.00800 -0000.00700 -0000.00600 -0000.00500 -0000.00400 -0000.00300 -0000.00200 -0000.00100 +0000.00000 +0000.00100 +0000.00200 +0000.00300 +0000.00400 +0000.00500 +0000.00600 +0000.00700 +0000.00800 +0000.00900 +0000.01000 
+0000.00600 -1.0004e-02 -9.0039e-03 -8.0042e-03 -7.0045e-03 -6.0049e-03 -5.0052e-03 -4.0053e-03 -3.0052e-03 -2.0047e-03 -1.0037e-03 -2.4344e-06 +9.9881e-04 +1.9997e-03 +3.0002e-03 +4.0002e-03 +5.0000e-03 +5.9997e-03 +6.9993e-03 +7.9990e-03 +8.9987e-03 +9.9984e-03 
+0000.00300 -1.0006e-02 -9.0061e-03 -8.0064e-03 -7.0067e-03 -6.0068e-03 -5.0068e-03 -4.0064e-03 -3.0058e-03 -2.0050e-03 -1.0038e-03 -2.5895e-06 +9.9866e-04 +1.9998e-03 +3.0006e-03 +4.0012e-03 +5.0015e-03 +6.0016e-03 +7.0014e-03 +8.0011e-03 +9.0008e-03 +1.0000e-02 
+0000.00000 -1.0006e-02 -9.0069e-03 -8.0073e-03 -7.0076e-03 -6.0077e-03 -5.0075e-03 -4.0071e-03 -3.0064e-03 -2.0053e-03 -1.0041e-03 -2.6616e-06 +9.9874e-04 +2.0000e-03 +3.0010e-03 +4.0018e-03 +5.0022e-03 +6.0024e-03 +7.0023e-03 +8.0020e-03 +9.0016e-03 +1.0001e-02 
-0000.00300 -1.0006e-02 -9.0061e-03 -8.0065e-03 -7.0067e-03 -6.0069e-03 -5.0068e-03 -4.0065e-03 -3.0060e-03 -2.0051e-03 -1.0040e-03 -2.7317e-06 +9.9852e-04 +1.9996e-03 +3.0005e-03 +4.0011e-03 +5.0014e-03 +6.0015e-03 +7.0014e-03 +8.0011e-03 +9.0007e-03 +1.0000e-02 
-0000.00600 -1.0004e-02 -9.0040e-03 -8.0043e-03 -7.0047e-03 -6.0051e-03 -5.0054e-03 -4.0056e-03 -3.0055e-03 -2.0050e-03 -1.0041e-03 -2.8745e-06 +9.9838e-04 +1.9993e-03 +2.9999e-03 +4.0000e-03 +4.9998e-03 +5.9995e-03 +6.9992e-03 +7.9989e-03 +8.9986e-03 +9.9983e-03 
# Vertical Final Position [m]
START
            -0000.01000 -0000.00900 -0000.00800 -0000.00700 -0000.00600 -0000.00500 -0000.00400 -0000.00300 -0000.00200 -0000.00100 +0000.00000 +0000.00100 +0000.00200 +0000.00300 +0000.00400 +0000.00500 +0000.00600 +0000.00700 +0000.00800 +0000.00900 +0000.01000 
+0000.00600 +5.9554e-03 +5.9561e-03 +5.9569e-03 +5.9576e-03 +5.9582e-03 +5.9586e-03 +5.9587e-03 +5.9585e-03 +5.9581e-03 +5.9577e-03 +5.9576e-03 +5.9579e-03 +5.9584e-03 +5.9589e-03 +5.9592e-03 +5.9592e-03 +5.9588e-03 +5.9582e-03 +5.9575e-03 +5.9568e-03 +5.9560e-03 
+0000.00300 +2.9841e-03 +2.9846e-03 +2.9852e-03 +2.9858e-03 +2.9863e-03 +2.9869e-03 +2.9873e-03 +2.9877e-03 +2.9880e-03 +2.9881e-03 +2.9882e-03 +2.9882e-03 +2.9881e-03 +2.9879e-03 +2.9875e-03 +2.9871e-03 +2.9866e-03 +2.9861e-03 +2.9855e-03 +2.9850e-03 +2.9844e-03 
+0000.00000 -1.3349e-07 -1.2744e-07 -1.2000e-07 -1.1095e-07 -1.0010e-07 -8.7306e-08 -7.2520e-08 -5.5824e-08 -3.7468e-08 -1.7877e-08 +2.3753e-09 +2.2628e-08 +4.2220e-08 +6.0578e-08 +7.7277e-08 +9.2066e-08 +1.0486e-07 +1.1572e-07 +1.2478e-07 +1.3223e-07 +1.3827e-07 
-0000.00300 -2.9845e-03 -2.9850e-03 -2.9855e-03 -2.9861e-03 -2.9866e-03 -2.9871e-03 -2.9875e-03 -2.9879e-03 -2.9881e-03 -2.9882e-03 -2.9882e-03 -2.9881e-03 -2.9880e-03 -2.9877e-03 -2.9873e-03 -2.9869e-03 -2.9863e-03 -2.9858e-03 -2.9852e-03 -2.9846e-03 -2.9841e-03 
-0000.00600 -5.9561e-03 -5.9568e-03 -5.9576e-03 -5.9582e-03 -5.9588e-03 -5.9591e-03 -5.9592e-03 -5.9589e-03 -5.9584e-03 -5.9579e-03 -5.9576e-03 -5.9577e-03 -5.9581e-03 -5.9585e-03 -5.9587e-03 -5.9586e-03 -5.9582e-03 -5.9576e-03 -5.9569e-03 -5.9561e-03 -5.9553e-03 