# Author: FAC idanalysis.IDKickMap
# Termination_kicks [T2m2]: -9.5279e-06 +2.9811e-06 -3.6246e-05 +1.6469e-06 
# Total Length of Longitudinal Interval [m]
2.773
# Number of Horizontal Points
21
# Number of Vertical Points
5
# Total Horizontal 2nd Order Kick [T2m2]
START
            -0000.01000 -0000.00900 -0000.00800 -0000.00700 -0000.00600 -0000.00500 -0000.00400 -0000.00300 -0000.00200 -0000.00100 +0000.00000 +0000.00100 +0000.00200 +0000.00300 +0000.00400 +0000.00500 +0000.00600 +0000.00700 +0000.00800 +0000.00900 +0000.01000 
+0000.00600 +1.4475e-04 +1.4855e-04 +1.5030e-04 +1.4951e-04 +1.4572e-04 +1.3855e-04 +1.2782e-04 +1.1361e-04 +9.6323e-05 +7.6742e-05 +5.5929e-05 +3.5117e-05 +1.5539e-05 -1.7398e-06 -1.5951e-05 -2.6676e-05 -3.3837e-05 -3.7628e-05 -3.8421e-05 -3.6680e-05 -3.2883e-05 
+0000.00300 -8.4766e-05 -9.4281e-05 -1.0050e-04 -1.0224e-04 -9.8370e-05 -8.8002e-05 -7.0652e-05 -4.6426e-05 -1.6134e-05 +1.8702e-05 +5.5975e-05 +9.3249e-05 +1.2808e-04 +1.5838e-04 +1.8260e-04 +1.9995e-04 +2.1031e-04 +2.1418e-04 +2.1244e-04 +2.0621e-04 +1.9669e-04 
+0000.00000 -1.5477e-04 -1.6714e-04 -1.7441e-04 -1.7502e-04 -1.6757e-04 -1.5099e-04 -1.2484e-04 -8.9438e-05 -4.5990e-05 +3.4119e-06 +5.5986e-05 +1.0856e-04 +1.5796e-04 +2.0141e-04 +2.3681e-04 +2.6296e-04 +2.7952e-04 +2.8698e-04 +2.8636e-04 +2.7908e-04 +2.6671e-04 
-0000.00300 -8.4766e-05 -9.4280e-05 -1.0050e-04 -1.0223e-04 -9.8364e-05 -8.7995e-05 -7.0643e-05 -4.6415e-05 -1.6122e-05 +1.8715e-05 +5.5989e-05 +9.3262e-05 +1.2810e-04 +1.5839e-04 +1.8261e-04 +1.9996e-04 +2.1032e-04 +2.1418e-04 +2.1244e-04 +2.0621e-04 +1.9669e-04 
-0000.00600 +1.4474e-04 +1.4855e-04 +1.5031e-04 +1.4952e-04 +1.4574e-04 +1.3859e-04 +1.2787e-04 +1.1367e-04 +9.6396e-05 +7.6821e-05 +5.6011e-05 +3.5197e-05 +1.5613e-05 -1.6755e-06 -1.5897e-05 -2.6635e-05 -3.3807e-05 -3.7608e-05 -3.8409e-05 -3.6675e-05 -3.2883e-05 
# Total Vertical 2nd Order Kick [T2m2]
START
            -0000.01000 -0000.00900 -0000.00800 -0000.00700 -0000.00600 -0000.00500 -0000.00400 -0000.00300 -0000.00200 -0000.00100 +0000.00000 +0000.00100 +0000.00200 +0000.00300 +0000.00400 +0000.00500 +0000.00600 +0000.00700 +0000.00800 +0000.00900 +0000.01000 
+0000.00600 -2.5290e-03 -2.4182e-03 -2.3010e-03 -2.1803e-03 -2.0596e-03 -1.9436e-03 -1.8375e-03 -1.7470e-03 -1.6775e-03 -1.6337e-03 -1.6187e-03 -1.6337e-03 -1.6775e-03 -1.7469e-03 -1.8375e-03 -1.9436e-03 -2.0596e-03 -2.1802e-03 -2.3010e-03 -2.4181e-03 -2.5290e-03 
+0000.00300 -8.9132e-04 -8.4222e-04 -7.9152e-04 -7.4058e-04 -6.9100e-04 -6.4460e-04 -6.0326e-04 -5.6881e-04 -5.4289e-04 -5.2678e-04 -5.2132e-04 -5.2677e-04 -5.4287e-04 -5.6879e-04 -6.0323e-04 -6.4457e-04 -6.9097e-04 -7.4054e-04 -7.9148e-04 -8.4218e-04 -8.9128e-04 
+0000.00000 -4.8233e-06 -4.8215e-06 -4.8197e-06 -4.8178e-06 -4.8158e-06 -4.8137e-06 -4.8116e-06 -4.8095e-06 -4.8073e-06 -4.8050e-06 -4.8027e-06 -4.8004e-06 -4.7981e-06 -4.7957e-06 -4.7934e-06 -4.7910e-06 -4.7886e-06 -4.7862e-06 -4.7838e-06 -4.7815e-06 -4.7792e-06 
-0000.00300 +8.8167e-04 +8.3257e-04 +7.8188e-04 +7.3094e-04 +6.8137e-04 +6.3497e-04 +5.9363e-04 +5.5919e-04 +5.3327e-04 +5.1717e-04 +5.1171e-04 +5.1718e-04 +5.3328e-04 +5.5920e-04 +5.9365e-04 +6.3500e-04 +6.8140e-04 +7.3098e-04 +7.8192e-04 +8.3262e-04 +8.8173e-04 
-0000.00600 +2.5194e-03 +2.4085e-03 +2.2914e-03 +2.1706e-03 +2.0500e-03 +1.9340e-03 +1.8279e-03 +1.7373e-03 +1.6679e-03 +1.6241e-03 +1.6091e-03 +1.6241e-03 +1.6679e-03 +1.7374e-03 +1.8279e-03 +1.9340e-03 +2.0500e-03 +2.1707e-03 +2.2914e-03 +2.4086e-03 +2.5195e-03 
# Horizontal Final Position [m]
START
            -0000.01000 -0000.00900 -0000.00800 -0000.00700 -0000.00600 -0000.00500 -0000.00400 -0000.00300 -0000.00200 -0000.00100 +0000.00000 +0000.00100 +0000.00200 +0000.00300 +0000.00400 +0000.00500 +0000.00600 +0000.00700 +0000.00800 +0000.00900 +0000.01000 
+0000.00600 -1.0003e-02 -9.0031e-03 -8.0031e-03 -7.0031e-03 -6.0032e-03 -5.0034e-03 -4.0036e-03 -3.0039e-03 -2.0042e-03 -1.0045e-03 -4.9290e-06 +9.9469e-04 +1.9943e-03 +2.9940e-03 +3.9938e-03 +4.9936e-03 +5.9935e-03 +6.9935e-03 +7.9935e-03 +8.9935e-03 +9.9936e-03 
+0000.00300 -1.0007e-02 -9.0074e-03 -8.0076e-03 -7.0076e-03 -6.0075e-03 -5.0074e-03 -4.0071e-03 -3.0066e-03 -2.0061e-03 -1.0055e-03 -4.7973e-06 +9.9588e-04 +1.9965e-03 +2.9971e-03 +3.9975e-03 +4.9978e-03 +5.9980e-03 +6.9981e-03 +7.9981e-03 +8.9980e-03 +9.9978e-03 
+0000.00000 -1.0008e-02 -9.0087e-03 -8.0089e-03 -7.0089e-03 -6.0087e-03 -5.0085e-03 -4.0080e-03 -3.0074e-03 -2.0066e-03 -1.0057e-03 -4.7273e-06 +9.9622e-04 +1.9971e-03 +2.9979e-03 +3.9986e-03 +4.9990e-03 +5.9993e-03 +6.9995e-03 +7.9995e-03 +8.9994e-03 +9.9992e-03 
-0000.00300 -1.0007e-02 -9.0074e-03 -8.0075e-03 -7.0075e-03 -6.0075e-03 -5.0073e-03 -4.0070e-03 -3.0065e-03 -2.0060e-03 -1.0053e-03 -4.6670e-06 +9.9601e-04 +1.9966e-03 +2.9972e-03 +3.9976e-03 +4.9979e-03 +5.9981e-03 +6.9982e-03 +7.9982e-03 +8.9981e-03 +9.9979e-03 
-0000.00600 -1.0003e-02 -9.0029e-03 -8.0029e-03 -7.0029e-03 -6.0030e-03 -5.0031e-03 -4.0033e-03 -3.0035e-03 -2.0038e-03 -1.0042e-03 -4.5613e-06 +9.9506e-04 +1.9947e-03 +2.9944e-03 +3.9941e-03 +4.9939e-03 +5.9938e-03 +6.9937e-03 +7.9936e-03 +8.9937e-03 +9.9937e-03 
# Vertical Final Position [m]
START
            -0000.01000 -0000.00900 -0000.00800 -0000.00700 -0000.00600 -0000.00500 -0000.00400 -0000.00300 -0000.00200 -0000.00100 +0000.00000 +0000.00100 +0000.00200 +0000.00300 +0000.00400 +0000.00500 +0000.00600 +0000.00700 +0000.00800 +0000.00900 +0000.01000 
+0000.00600 +5.9547e-03 +5.9567e-03 +5.9588e-03 +5.9609e-03 +5.9631e-03 +5.9652e-03 +5.9670e-03 +5.9686e-03 +5.9698e-03 +5.9706e-03 +5.9708e-03 +5.9704e-03 +5.9696e-03 +5.9683e-03 +5.9666e-03 +5.9646e-03 +5.9624e-03 +5.9602e-03 +5.9580e-03 +5.9558e-03 +5.9538e-03 
+0000.00300 +2.9842e-03 +2.9851e-03 +2.9860e-03 +2.9869e-03 +2.9877e-03 +2.9886e-03 +2.9893e-03 +2.9899e-03 +2.9903e-03 +2.9906e-03 +2.9906e-03 +2.9905e-03 +2.9902e-03 +2.9897e-03 +2.9890e-03 +2.9883e-03 +2.9874e-03 +2.9865e-03 +2.9855e-03 +2.9846e-03 +2.9837e-03 
+0000.00000 +1.3992e-07 +1.3113e-07 +1.2098e-07 +1.0940e-07 +9.6368e-08 +8.1910e-08 +6.6116e-08 +4.9138e-08 +3.1198e-08 +1.2577e-08 -6.3954e-09 -2.5367e-08 -4.3986e-08 -6.1922e-08 -7.8895e-08 -9.4684e-08 -1.0913e-07 -1.2216e-07 -1.3374e-07 -1.4388e-07 -1.5266e-07 
-0000.00300 -2.9838e-03 -2.9847e-03 -2.9856e-03 -2.9866e-03 -2.9875e-03 -2.9883e-03 -2.9891e-03 -2.9897e-03 -2.9902e-03 -2.9905e-03 -2.9907e-03 -2.9906e-03 -2.9903e-03 -2.9899e-03 -2.9893e-03 -2.9885e-03 -2.9877e-03 -2.9868e-03 -2.9859e-03 -2.9850e-03 -2.9841e-03 
-0000.00600 -5.9540e-03 -5.9560e-03 -5.9581e-03 -5.9603e-03 -5.9625e-03 -5.9647e-03 -5.9666e-03 -5.9683e-03 -5.9696e-03 -5.9705e-03 -5.9708e-03 -5.9706e-03 -5.9698e-03 -5.9686e-03 -5.9670e-03 -5.9651e-03 -5.9630e-03 -5.9609e-03 -5.9587e-03 -5.9566e-03 -5.9546e-03 