# Author: FAC idanalysis.IDKickMap
# Termination_kicks [T2m2]: +8.9023e-06 -5.6414e-06 -8.3999e-06 -3.0422e-06 
# Total Length of Longitudinal Interval [m]
2.773
# Number of Horizontal Points
21
# Number of Vertical Points
5
# Total Horizontal 2nd Order Kick [T2m2]
START
            -0000.01000 -0000.00900 -0000.00800 -0000.00700 -0000.00600 -0000.00500 -0000.00400 -0000.00300 -0000.00200 -0000.00100 +0000.00000 +0000.00100 +0000.00200 +0000.00300 +0000.00400 +0000.00500 +0000.00600 +0000.00700 +0000.00800 +0000.00900 +0000.01000 
+0000.00600 +5.1179e-05 +5.1440e-05 +5.0405e-05 +4.7978e-05 +4.4163e-05 +3.9123e-05 +3.3189e-05 +2.6822e-05 +2.0472e-05 +1.4406e-05 +8.5934e-06 +2.7763e-06 -3.3026e-06 -9.6713e-06 -1.6061e-05 -2.2018e-05 -2.7081e-05 -3.0916e-05 -3.3362e-05 -3.4414e-05 -3.4168e-05 
+0000.00300 -1.4463e-04 -1.5772e-04 -1.6751e-04 -1.7243e-04 -1.7085e-04 -1.6132e-04 -1.4286e-04 -1.1528e-04 -7.9393e-05 -3.7148e-05 +8.5558e-06 +5.4259e-05 +9.6501e-05 +1.3238e-04 +1.5996e-04 +1.7842e-04 +1.8794e-04 +1.8952e-04 +1.8459e-04 +1.7479e-04 +1.6169e-04 
+0000.00000 -2.0776e-04 -2.2416e-04 -2.3559e-04 -2.4005e-04 -2.3556e-04 -2.2051e-04 -1.9392e-04 -1.5585e-04 -1.0757e-04 -5.1581e-05 +8.5505e-06 +6.8681e-05 +1.2467e-04 +1.7295e-04 +2.1102e-04 +2.3760e-04 +2.5265e-04 +2.5714e-04 +2.5268e-04 +2.4124e-04 +2.2483e-04 
-0000.00300 -1.4463e-04 -1.5772e-04 -1.6752e-04 -1.7244e-04 -1.7086e-04 -1.6133e-04 -1.4287e-04 -1.1529e-04 -7.9407e-05 -3.7163e-05 +8.5399e-06 +5.4243e-05 +9.6487e-05 +1.3237e-04 +1.5995e-04 +1.7841e-04 +1.8793e-04 +1.8951e-04 +1.8459e-04 +1.7479e-04 +1.6169e-04 
-0000.00600 +5.1178e-05 +5.1435e-05 +5.0393e-05 +4.7956e-05 +4.4131e-05 +3.9077e-05 +3.3128e-05 +2.6745e-05 +2.0381e-05 +1.4306e-05 +8.4893e-06 +2.6747e-06 -3.3956e-06 -9.7514e-06 -1.6126e-05 -2.2068e-05 -2.7117e-05 -3.0940e-05 -3.3377e-05 -3.4421e-05 -3.4170e-05 
# Total Vertical 2nd Order Kick [T2m2]
START
            -0000.01000 -0000.00900 -0000.00800 -0000.00700 -0000.00600 -0000.00500 -0000.00400 -0000.00300 -0000.00200 -0000.00100 +0000.00000 +0000.00100 +0000.00200 +0000.00300 +0000.00400 +0000.00500 +0000.00600 +0000.00700 +0000.00800 +0000.00900 +0000.01000 
+0000.00600 -2.5545e-03 -2.4639e-03 -2.3676e-03 -2.2679e-03 -2.1678e-03 -2.0714e-03 -1.9833e-03 -1.9082e-03 -1.8508e-03 -1.8147e-03 -1.8024e-03 -1.8147e-03 -1.8508e-03 -1.9082e-03 -1.9833e-03 -2.0715e-03 -2.1679e-03 -2.2679e-03 -2.3677e-03 -2.4640e-03 -2.5545e-03 
+0000.00300 -8.9262e-04 -8.4863e-04 -8.0273e-04 -7.5616e-04 -7.1048e-04 -6.6746e-04 -6.2896e-04 -5.9680e-04 -5.7258e-04 -5.5752e-04 -5.5242e-04 -5.5753e-04 -5.7259e-04 -5.9681e-04 -6.2898e-04 -6.6748e-04 -7.1051e-04 -7.5619e-04 -8.0277e-04 -8.4868e-04 -8.9267e-04 
+0000.00000 +8.8064e-06 +8.8047e-06 +8.8029e-06 +8.8010e-06 +8.7990e-06 +8.7969e-06 +8.7947e-06 +8.7924e-06 +8.7900e-06 +8.7875e-06 +8.7850e-06 +8.7824e-06 +8.7799e-06 +8.7774e-06 +8.7751e-06 +8.7728e-06 +8.7706e-06 +8.7684e-06 +8.7663e-06 +8.7643e-06 +8.7624e-06 
-0000.00300 +9.1024e-04 +8.6625e-04 +8.2034e-04 +7.7377e-04 +7.2808e-04 +6.8505e-04 +6.4655e-04 +6.1439e-04 +5.9016e-04 +5.7510e-04 +5.6999e-04 +5.7509e-04 +5.9014e-04 +6.1436e-04 +6.4652e-04 +6.8502e-04 +7.2804e-04 +7.7372e-04 +8.2029e-04 +8.6620e-04 +9.1019e-04 
-0000.00600 +2.5721e-03 +2.4815e-03 +2.3852e-03 +2.2855e-03 +2.1854e-03 +2.0890e-03 +2.0009e-03 +1.9258e-03 +1.8684e-03 +1.8323e-03 +1.8200e-03 +1.8323e-03 +1.8683e-03 +1.9257e-03 +2.0008e-03 +2.0890e-03 +2.1854e-03 +2.2854e-03 +2.3852e-03 +2.4815e-03 +2.5720e-03 
# Horizontal Final Position [m]
START
            -0000.01000 -0000.00900 -0000.00800 -0000.00700 -0000.00600 -0000.00500 -0000.00400 -0000.00300 -0000.00200 -0000.00100 +0000.00000 +0000.00100 +0000.00200 +0000.00300 +0000.00400 +0000.00500 +0000.00600 +0000.00700 +0000.00800 +0000.00900 +0000.01000 
+0000.00600 -1.0003e-02 -9.0031e-03 -8.0031e-03 -7.0031e-03 -6.0032e-03 -5.0032e-03 -4.0033e-03 -3.0034e-03 -2.0035e-03 -1.0036e-03 -3.7337e-06 +9.9616e-04 +1.9960e-03 +2.9959e-03 +3.9958e-03 +4.9956e-03 +5.9955e-03 +6.9955e-03 +7.9954e-03 +8.9954e-03 +9.9954e-03 
+0000.00300 -1.0007e-02 -9.0068e-03 -8.0070e-03 -7.0071e-03 -6.0071e-03 -5.0069e-03 -4.0066e-03 -3.0061e-03 -2.0054e-03 -1.0047e-03 -3.8546e-06 +9.9696e-04 +1.9977e-03 +2.9983e-03 +3.9988e-03 +4.9992e-03 +5.9993e-03 +6.9994e-03 +7.9993e-03 +8.9991e-03 +9.9989e-03 
+0000.00000 -1.0008e-02 -9.0080e-03 -8.0083e-03 -7.0083e-03 -6.0083e-03 -5.0080e-03 -4.0075e-03 -3.0068e-03 -2.0060e-03 -1.0050e-03 -3.9194e-06 +9.9715e-04 +1.9982e-03 +2.9990e-03 +3.9997e-03 +5.0002e-03 +6.0004e-03 +7.0005e-03 +8.0005e-03 +9.0003e-03 +1.0000e-02 
-0000.00300 -1.0007e-02 -9.0069e-03 -8.0071e-03 -7.0072e-03 -6.0072e-03 -5.0070e-03 -4.0067e-03 -3.0062e-03 -2.0056e-03 -1.0048e-03 -3.9892e-06 +9.9683e-04 +1.9976e-03 +2.9982e-03 +3.9987e-03 +4.9991e-03 +5.9992e-03 +6.9993e-03 +7.9992e-03 +8.9990e-03 +9.9988e-03 
-0000.00600 -1.0003e-02 -9.0032e-03 -8.0032e-03 -7.0033e-03 -6.0034e-03 -5.0035e-03 -4.0036e-03 -3.0038e-03 -2.0039e-03 -1.0040e-03 -4.1214e-06 +9.9578e-04 +1.9957e-03 +2.9956e-03 +3.9955e-03 +4.9954e-03 +5.9953e-03 +6.9953e-03 +7.9952e-03 +8.9952e-03 +9.9953e-03 
# Vertical Final Position [m]
START
            -0000.01000 -0000.00900 -0000.00800 -0000.00700 -0000.00600 -0000.00500 -0000.00400 -0000.00300 -0000.00200 -0000.00100 +0000.00000 +0000.00100 +0000.00200 +0000.00300 +0000.00400 +0000.00500 +0000.00600 +0000.00700 +0000.00800 +0000.00900 +0000.01000 
+0000.00600 +5.9539e-03 +5.9555e-03 +5.9572e-03 +5.9590e-03 +5.9608e-03 +5.9626e-03 +5.9642e-03 +5.9656e-03 +5.9667e-03 +5.9674e-03 +5.9676e-03 +5.9675e-03 +5.9669e-03 +5.9659e-03 +5.9646e-03 +5.9631e-03 +5.9614e-03 +5.9596e-03 +5.9578e-03 +5.9561e-03 +5.9545e-03 
+0000.00300 +2.9837e-03 +2.9845e-03 +2.9854e-03 +2.9862e-03 +2.9870e-03 +2.9878e-03 +2.9885e-03 +2.9891e-03 +2.9896e-03 +2.9899e-03 +2.9900e-03 +2.9899e-03 +2.9897e-03 +2.9893e-03 +2.9887e-03 +2.9880e-03 +2.9873e-03 +2.9865e-03 +2.9857e-03 +2.9849e-03 +2.9841e-03 
+0000.00000 -1.4122e-07 -1.3317e-07 -1.2369e-07 -1.1269e-07 -1.0010e-07 -8.5913e-08 -7.0191e-08 -5.3082e-08 -3.4826e-08 -1.5748e-08 +3.7595e-09 +2.3266e-08 +4.2344e-08 +6.0599e-08 +7.7707e-08 +9.3429e-08 +1.0762e-07 +1.2020e-07 +1.3121e-07 +1.4069e-07 +1.4875e-07 
-0000.00300 -2.9841e-03 -2.9849e-03 -2.9857e-03 -2.9865e-03 -2.9873e-03 -2.9881e-03 -2.9887e-03 -2.9893e-03 -2.9897e-03 -2.9899e-03 -2.9900e-03 -2.9899e-03 -2.9896e-03 -2.9891e-03 -2.9885e-03 -2.9878e-03 -2.9870e-03 -2.9862e-03 -2.9853e-03 -2.9845e-03 -2.9837e-03 
-0000.00600 -5.9546e-03 -5.9562e-03 -5.9579e-03 -5.9597e-03 -5.9614e-03 -5.9631e-03 -5.9646e-03 -5.9659e-03 -5.9669e-03 -5.9675e-03 -5.9676e-03 -5.9674e-03 -5.9666e-03 -5.9656e-03 -5.9642e-03 -5.9625e-03 -5.9608e-03 -5.9590e-03 -5.9571e-03 -5.9554e-03 -5.9537e-03 