# Author: FAC idanalysis.IDKickMap
# Termination_kicks [T2m2]: -7.6136e-06 +1.9456e-06 -2.3751e-05 +1.1897e-06 
# Total Length of Longitudinal Interval [m]
2.773
# Number of Horizontal Points
21
# Number of Vertical Points
5
# Total Horizontal 2nd Order Kick [T2m2]
START
            -0000.01000 -0000.00900 -0000.00800 -0000.00700 -0000.00600 -0000.00500 -0000.00400 -0000.00300 -0000.00200 -0000.00100 +0000.00000 +0000.00100 +0000.00200 +0000.00300 +0000.00400 +0000.00500 +0000.00600 +0000.00700 +0000.00800 +0000.00900 +0000.01000 
+0000.00600 +2.0620e-05 +1.3148e-05 +4.3442e-06 -5.3486e-06 -1.4994e-05 -2.2962e-05 -2.6856e-05 -2.3830e-05 -1.1612e-05 +9.8900e-06 +3.7385e-05 +6.4884e-05 +8.6396e-05 +9.8629e-05 +1.0167e-04 +9.7789e-05 +8.9830e-05 +8.0192e-05 +7.0502e-05 +6.1699e-05 +5.4225e-05 
+0000.00300 -1.2735e-04 -1.4542e-04 -1.6066e-04 -1.7098e-04 -1.7399e-04 -1.6728e-04 -1.4882e-04 -1.1761e-04 -7.4204e-05 -2.1085e-05 +3.7446e-05 +9.5976e-05 +1.4910e-04 +1.9251e-04 +2.2372e-04 +2.4217e-04 +2.4889e-04 +2.4587e-04 +2.3555e-04 +2.2031e-04 +2.0224e-04 
+0000.00000 -1.7984e-04 -2.0136e-04 -2.1855e-04 -2.2883e-04 -2.2944e-04 -2.1781e-04 -1.9206e-04 -1.5157e-04 -9.7491e-05 -3.2894e-05 +3.7456e-05 +1.0781e-04 +1.7240e-04 +2.2648e-04 +2.6697e-04 +2.9272e-04 +3.0435e-04 +3.0373e-04 +2.9345e-04 +2.7626e-04 +2.5474e-04 
-0000.00300 -1.2735e-04 -1.4542e-04 -1.6066e-04 -1.7098e-04 -1.7399e-04 -1.6727e-04 -1.4881e-04 -1.1760e-04 -7.4187e-05 -2.1066e-05 +3.7465e-05 +9.5995e-05 +1.4911e-04 +1.9252e-04 +2.2373e-04 +2.4218e-04 +2.4889e-04 +2.4588e-04 +2.3555e-04 +2.2031e-04 +2.0224e-04 
-0000.00600 +2.0622e-05 +1.3155e-05 +4.3575e-06 -5.3255e-06 -1.4957e-05 -2.2909e-05 -2.6781e-05 -2.3732e-05 -1.1491e-05 +1.0028e-05 +3.7530e-05 +6.5024e-05 +8.6522e-05 +9.8733e-05 +1.0175e-04 +9.7848e-05 +8.9872e-05 +8.0219e-05 +7.0519e-05 +6.1708e-05 +5.4230e-05 
# Total Vertical 2nd Order Kick [T2m2]
START
            -0000.01000 -0000.00900 -0000.00800 -0000.00700 -0000.00600 -0000.00500 -0000.00400 -0000.00300 -0000.00200 -0000.00100 +0000.00000 +0000.00100 +0000.00200 +0000.00300 +0000.00400 +0000.00500 +0000.00600 +0000.00700 +0000.00800 +0000.00900 +0000.01000 
+0000.00600 -2.5444e-03 -2.4819e-03 -2.4164e-03 -2.3502e-03 -2.2864e-03 -2.2286e-03 -2.1804e-03 -2.1444e-03 -2.1211e-03 -2.1089e-03 -2.1052e-03 -2.1088e-03 -2.1210e-03 -2.1443e-03 -2.1803e-03 -2.2285e-03 -2.2863e-03 -2.3501e-03 -2.4163e-03 -2.4818e-03 -2.5443e-03 
+0000.00300 -9.0126e-04 -8.6523e-04 -8.2725e-04 -7.8846e-04 -7.5030e-04 -7.1444e-04 -6.8260e-04 -6.5632e-04 -6.3681e-04 -6.2484e-04 -6.2081e-04 -6.2483e-04 -6.3679e-04 -6.5630e-04 -6.8257e-04 -7.1440e-04 -7.5026e-04 -7.8841e-04 -8.2720e-04 -8.6518e-04 -9.0121e-04 
+0000.00000 -3.2611e-06 -3.2598e-06 -3.2583e-06 -3.2567e-06 -3.2550e-06 -3.2531e-06 -3.2510e-06 -3.2486e-06 -3.2461e-06 -3.2433e-06 -3.2405e-06 -3.2376e-06 -3.2349e-06 -3.2323e-06 -3.2300e-06 -3.2278e-06 -3.2258e-06 -3.2239e-06 -3.2222e-06 -3.2205e-06 -3.2189e-06 
-0000.00300 +8.9473e-04 +8.5871e-04 +8.2073e-04 +7.8194e-04 +7.4378e-04 +7.0793e-04 +6.7609e-04 +6.4982e-04 +6.3032e-04 +6.1835e-04 +6.1433e-04 +6.1836e-04 +6.3033e-04 +6.4984e-04 +6.7612e-04 +7.0796e-04 +7.4381e-04 +7.8197e-04 +8.2077e-04 +8.5875e-04 +8.9478e-04 
-0000.00600 +2.5378e-03 +2.4754e-03 +2.4099e-03 +2.3437e-03 +2.2798e-03 +2.2221e-03 +2.1739e-03 +2.1379e-03 +2.1146e-03 +2.1024e-03 +2.0987e-03 +2.1024e-03 +2.1146e-03 +2.1379e-03 +2.1739e-03 +2.2221e-03 +2.2799e-03 +2.3437e-03 +2.4099e-03 +2.4754e-03 +2.5379e-03 
# Horizontal Final Position [m]
START
            -0000.01000 -0000.00900 -0000.00800 -0000.00700 -0000.00600 -0000.00500 -0000.00400 -0000.00300 -0000.00200 -0000.00100 +0000.00000 +0000.00100 +0000.00200 +0000.00300 +0000.00400 +0000.00500 +0000.00600 +0000.00700 +0000.00800 +0000.00900 +0000.01000 
+0000.00600 -1.0003e-02 -9.0036e-03 -8.0038e-03 -7.0040e-03 -6.0042e-03 -5.0043e-03 -4.0044e-03 -3.0044e-03 -2.0042e-03 -1.0038e-03 -3.3202e-06 +9.9718e-04 +1.9976e-03 +2.9978e-03 +3.9979e-03 +4.9978e-03 +5.9977e-03 +6.9976e-03 +7.9974e-03 +8.9973e-03 +9.9971e-03 
+0000.00300 -1.0006e-02 -9.0064e-03 -8.0067e-03 -7.0069e-03 -6.0070e-03 -5.0069e-03 -4.0065e-03 -3.0060e-03 -2.0052e-03 -1.0042e-03 -3.1837e-06 +9.9788e-04 +1.9988e-03 +2.9996e-03 +4.0002e-03 +5.0005e-03 +6.0007e-03 +7.0006e-03 +8.0004e-03 +9.0002e-03 +9.9999e-03 
+0000.00000 -1.0007e-02 -9.0074e-03 -8.0077e-03 -7.0079e-03 -6.0079e-03 -5.0077e-03 -4.0073e-03 -3.0065e-03 -2.0056e-03 -1.0044e-03 -3.1138e-06 +9.9816e-04 +1.9993e-03 +3.0003e-03 +4.0010e-03 +5.0015e-03 +6.0017e-03 +7.0017e-03 +8.0015e-03 +9.0012e-03 +1.0001e-02 
-0000.00300 -1.0006e-02 -9.0064e-03 -8.0067e-03 -7.0068e-03 -6.0069e-03 -5.0068e-03 -4.0064e-03 -3.0059e-03 -2.0051e-03 -1.0041e-03 -3.0445e-06 +9.9801e-04 +1.9990e-03 +2.9997e-03 +4.0003e-03 +5.0006e-03 +6.0008e-03 +7.0007e-03 +8.0005e-03 +9.0002e-03 +9.9999e-03 
-0000.00600 -1.0003e-02 -9.0035e-03 -8.0036e-03 -7.0038e-03 -6.0040e-03 -5.0041e-03 -4.0041e-03 -3.0041e-03 -2.0038e-03 -1.0034e-03 -2.9049e-06 +9.9759e-04 +1.9980e-03 +2.9982e-03 +3.9982e-03 +4.9981e-03 +5.9979e-03 +6.9977e-03 +7.9975e-03 +8.9974e-03 +9.9972e-03 
# Vertical Final Position [m]
START
            -0000.01000 -0000.00900 -0000.00800 -0000.00700 -0000.00600 -0000.00500 -0000.00400 -0000.00300 -0000.00200 -0000.00100 +0000.00000 +0000.00100 +0000.00200 +0000.00300 +0000.00400 +0000.00500 +0000.00600 +0000.00700 +0000.00800 +0000.00900 +0000.01000 
+0000.00600 +5.9543e-03 +5.9555e-03 +5.9566e-03 +5.9578e-03 +5.9589e-03 +5.9599e-03 +5.9608e-03 +5.9614e-03 +5.9618e-03 +5.9619e-03 +5.9619e-03 +5.9618e-03 +5.9615e-03 +5.9610e-03 +5.9603e-03 +5.9594e-03 +5.9583e-03 +5.9571e-03 +5.9559e-03 +5.9547e-03 +5.9535e-03 
+0000.00300 +2.9839e-03 +2.9846e-03 +2.9853e-03 +2.9859e-03 +2.9866e-03 +2.9872e-03 +2.9878e-03 +2.9883e-03 +2.9886e-03 +2.9888e-03 +2.9888e-03 +2.9887e-03 +2.9885e-03 +2.9881e-03 +2.9876e-03 +2.9870e-03 +2.9863e-03 +2.9856e-03 +2.9849e-03 +2.9842e-03 +2.9835e-03 
+0000.00000 +1.3676e-07 +1.2981e-07 +1.2143e-07 +1.1145e-07 +9.9744e-08 +8.6234e-08 +7.0927e-08 +5.3946e-08 +3.5544e-08 +1.6103e-08 -3.8862e-09 -2.3876e-08 -4.3316e-08 -6.1718e-08 -7.8699e-08 -9.4006e-08 -1.0752e-07 -1.1922e-07 -1.2920e-07 -1.3758e-07 -1.4454e-07 
-0000.00300 -2.9836e-03 -2.9842e-03 -2.9849e-03 -2.9856e-03 -2.9863e-03 -2.9870e-03 -2.9876e-03 -2.9881e-03 -2.9885e-03 -2.9887e-03 -2.9888e-03 -2.9888e-03 -2.9886e-03 -2.9883e-03 -2.9878e-03 -2.9873e-03 -2.9866e-03 -2.9859e-03 -2.9852e-03 -2.9846e-03 -2.9839e-03 
-0000.00600 -5.9536e-03 -5.9548e-03 -5.9559e-03 -5.9572e-03 -5.9583e-03 -5.9594e-03 -5.9603e-03 -5.9610e-03 -5.9615e-03 -5.9618e-03 -5.9619e-03 -5.9619e-03 -5.9618e-03 -5.9614e-03 -5.9608e-03 -5.9600e-03 -5.9589e-03 -5.9578e-03 -5.9566e-03 -5.9554e-03 -5.9543e-03 