# Author: FAC idanalysis.IDKickMap
# Termination_kicks [T2m2]: -5.1404e-06 +1.3661e-06 -1.9068e-05 +8.1362e-07 
# Total Length of Longitudinal Interval [m]
2.773
# Number of Horizontal Points
21
# Number of Vertical Points
5
# Total Horizontal 2nd Order Kick [T2m2]
START
            -0000.01000 -0000.00900 -0000.00800 -0000.00700 -0000.00600 -0000.00500 -0000.00400 -0000.00300 -0000.00200 -0000.00100 +0000.00000 +0000.00100 +0000.00200 +0000.00300 +0000.00400 +0000.00500 +0000.00600 +0000.00700 +0000.00800 +0000.00900 +0000.01000 
+0000.00600 +1.5926e-05 +1.3124e-05 +9.3857e-06 +4.9790e-06 +4.4368e-07 -3.3093e-06 -4.9704e-06 -3.0234e-06 +3.7085e-06 +1.5243e-05 +2.9867e-05 +4.4511e-05 +5.6099e-05 +6.2903e-05 +6.4925e-05 +6.3330e-05 +5.9629e-05 +5.5131e-05 +5.0749e-05 +4.7023e-05 +4.4227e-05 
+0000.00300 -8.2621e-05 -9.3109e-05 -1.0190e-04 -1.0763e-04 -1.0876e-04 -1.0372e-04 -9.1233e-05 -7.0653e-05 -4.2338e-05 -7.8710e-06 +3.0023e-05 +6.7920e-05 +1.0240e-04 +1.3072e-04 +1.5132e-04 +1.6382e-04 +1.6887e-04 +1.6775e-04 +1.6203e-04 +1.5325e-04 +1.4276e-04 
+0000.00000 -1.1750e-04 -1.3045e-04 -1.4071e-04 -1.4661e-04 -1.4632e-04 -1.3815e-04 -1.2086e-04 -9.4060e-05 -5.8462e-05 -1.6057e-05 +3.0074e-05 +7.6204e-05 +1.1861e-04 +1.5421e-04 +1.8101e-04 +1.9829e-04 +2.0646e-04 +2.0675e-04 +2.0085e-04 +1.9058e-04 +1.7763e-04 
-0000.00300 -8.2637e-05 -9.3120e-05 -1.0190e-04 -1.0762e-04 -1.0874e-04 -1.0368e-04 -9.1179e-05 -7.0582e-05 -4.2253e-05 -7.7754e-06 +3.0122e-05 +6.8017e-05 +1.0248e-04 +1.3080e-04 +1.5137e-04 +1.6386e-04 +1.6889e-04 +1.6776e-04 +1.6203e-04 +1.5324e-04 +1.4275e-04 
-0000.00600 +1.5859e-05 +1.3068e-05 +9.3470e-06 +4.9695e-06 +4.7702e-07 -3.2176e-06 -4.8056e-06 -2.7760e-06 +4.0361e-06 +1.5631e-05 +3.0280e-05 +4.4905e-05 +5.6437e-05 +6.3163e-05 +6.5103e-05 +6.3435e-05 +5.9675e-05 +5.5132e-05 +5.0719e-05 +4.6974e-05 +4.4167e-05 
# Total Vertical 2nd Order Kick [T2m2]
START
            -0000.01000 -0000.00900 -0000.00800 -0000.00700 -0000.00600 -0000.00500 -0000.00400 -0000.00300 -0000.00200 -0000.00100 +0000.00000 +0000.00100 +0000.00200 +0000.00300 +0000.00400 +0000.00500 +0000.00600 +0000.00700 +0000.00800 +0000.00900 +0000.01000 
+0000.00600 -2.3926e-03 -2.3507e-03 -2.3065e-03 -2.2614e-03 -2.2172e-03 -2.1764e-03 -2.1413e-03 -2.1138e-03 -2.0948e-03 -2.0840e-03 -2.0806e-03 -2.0841e-03 -2.0950e-03 -2.1140e-03 -2.1415e-03 -2.1767e-03 -2.2175e-03 -2.2616e-03 -2.3067e-03 -2.3509e-03 -2.3927e-03 
+0000.00300 -8.6910e-04 -8.4509e-04 -8.1966e-04 -7.9354e-04 -7.6769e-04 -7.4326e-04 -7.2140e-04 -7.0323e-04 -6.8964e-04 -6.8126e-04 -6.7844e-04 -6.8128e-04 -6.8968e-04 -7.0329e-04 -7.2148e-04 -7.4334e-04 -7.6778e-04 -7.9362e-04 -8.1973e-04 -8.4516e-04 -8.6916e-04 
+0000.00000 -2.2216e-06 -2.2184e-06 -2.2159e-06 -2.2142e-06 -2.2137e-06 -2.2146e-06 -2.2169e-06 -2.2207e-06 -2.2259e-06 -2.2320e-06 -2.2387e-06 -2.2455e-06 -2.2518e-06 -2.2572e-06 -2.2613e-06 -2.2640e-06 -2.2653e-06 -2.2651e-06 -2.2637e-06 -2.2614e-06 -2.2585e-06 
-0000.00300 +8.6469e-04 +8.4069e-04 +8.1526e-04 +7.8914e-04 +7.6331e-04 +7.3887e-04 +7.1700e-04 +6.9882e-04 +6.8521e-04 +6.7681e-04 +6.7396e-04 +6.7678e-04 +6.8516e-04 +6.9875e-04 +7.1692e-04 +7.3878e-04 +7.6321e-04 +7.8905e-04 +8.1517e-04 +8.4061e-04 +8.6463e-04 
-0000.00600 +2.3882e-03 +2.3464e-03 +2.3023e-03 +2.2571e-03 +2.2130e-03 +2.1722e-03 +2.1371e-03 +2.1096e-03 +2.0905e-03 +2.0797e-03 +2.0762e-03 +2.0796e-03 +2.0903e-03 +2.1093e-03 +2.1368e-03 +2.1719e-03 +2.2127e-03 +2.2569e-03 +2.3020e-03 +2.3463e-03 +2.3881e-03 
# Horizontal Final Position [m]
START
            -0000.01000 -0000.00900 -0000.00800 -0000.00700 -0000.00600 -0000.00500 -0000.00400 -0000.00300 -0000.00200 -0000.00100 +0000.00000 +0000.00100 +0000.00200 +0000.00300 +0000.00400 +0000.00500 +0000.00600 +0000.00700 +0000.00800 +0000.00900 +0000.01000 
+0000.00600 -1.0003e-02 -9.0034e-03 -8.0035e-03 -7.0036e-03 -6.0037e-03 -5.0038e-03 -4.0038e-03 -3.0038e-03 -2.0037e-03 -1.0035e-03 -3.2816e-06 +9.9699e-04 +1.9972e-03 +2.9974e-03 +3.9974e-03 +4.9974e-03 +5.9974e-03 +6.9973e-03 +7.9973e-03 +8.9972e-03 +9.9972e-03 
+0000.00300 -1.0005e-02 -9.0052e-03 -8.0054e-03 -7.0055e-03 -6.0055e-03 -5.0054e-03 -4.0052e-03 -3.0049e-03 -2.0044e-03 -1.0038e-03 -3.0678e-06 +9.9762e-04 +1.9982e-03 +2.9988e-03 +3.9991e-03 +4.9994e-03 +5.9995e-03 +6.9995e-03 +7.9994e-03 +8.9992e-03 +9.9991e-03 
+0000.00000 -1.0006e-02 -9.0058e-03 -8.0060e-03 -7.0061e-03 -6.0061e-03 -5.0060e-03 -4.0057e-03 -3.0052e-03 -2.0046e-03 -1.0038e-03 -2.9539e-06 +9.9788e-04 +1.9986e-03 +2.9993e-03 +3.9998e-03 +5.0001e-03 +6.0002e-03 +7.0002e-03 +8.0001e-03 +9.0000e-03 +9.9997e-03 
-0000.00300 -1.0005e-02 -9.0051e-03 -8.0053e-03 -7.0054e-03 -6.0054e-03 -5.0053e-03 -4.0051e-03 -3.0047e-03 -2.0042e-03 -1.0035e-03 -2.8405e-06 +9.9784e-04 +1.9985e-03 +2.9990e-03 +3.9993e-03 +4.9995e-03 +5.9996e-03 +6.9996e-03 +7.9995e-03 +8.9993e-03 +9.9991e-03 
-0000.00600 -1.0003e-02 -9.0032e-03 -8.0032e-03 -7.0033e-03 -6.0033e-03 -5.0034e-03 -4.0033e-03 -3.0033e-03 -2.0031e-03 -1.0029e-03 -2.6238e-06 +9.9763e-04 +1.9978e-03 +2.9979e-03 +3.9979e-03 +4.9978e-03 +5.9977e-03 +6.9976e-03 +7.9975e-03 +8.9974e-03 +9.9974e-03 
# Vertical Final Position [m]
START
            -0000.01000 -0000.00900 -0000.00800 -0000.00700 -0000.00600 -0000.00500 -0000.00400 -0000.00300 -0000.00200 -0000.00100 +0000.00000 +0000.00100 +0000.00200 +0000.00300 +0000.00400 +0000.00500 +0000.00600 +0000.00700 +0000.00800 +0000.00900 +0000.01000 
+0000.00600 +5.9571e-03 +5.9579e-03 +5.9587e-03 +5.9595e-03 +5.9602e-03 +5.9609e-03 +5.9615e-03 +5.9620e-03 +5.9623e-03 +5.9624e-03 +5.9624e-03 +5.9623e-03 +5.9620e-03 +5.9616e-03 +5.9611e-03 +5.9604e-03 +5.9597e-03 +5.9589e-03 +5.9580e-03 +5.9572e-03 +5.9565e-03 
+0000.00300 +2.9845e-03 +2.9850e-03 +2.9854e-03 +2.9859e-03 +2.9863e-03 +2.9867e-03 +2.9871e-03 +2.9874e-03 +2.9876e-03 +2.9878e-03 +2.9878e-03 +2.9877e-03 +2.9875e-03 +2.9873e-03 +2.9869e-03 +2.9865e-03 +2.9860e-03 +2.9855e-03 +2.9851e-03 +2.9846e-03 +2.9841e-03 
+0000.00000 +1.3930e-07 +1.3378e-07 +1.2662e-07 +1.1758e-07 +1.0644e-07 +9.3088e-08 +7.7486e-08 +5.9767e-08 +4.0235e-08 +1.9372e-08 -2.2001e-09 -2.3774e-08 -4.4644e-08 -6.4186e-08 -8.1917e-08 -9.7533e-08 -1.1090e-07 -1.2205e-07 -1.3111e-07 -1.3828e-07 -1.4382e-07 
-0000.00300 -2.9842e-03 -2.9846e-03 -2.9851e-03 -2.9856e-03 -2.9860e-03 -2.9865e-03 -2.9869e-03 -2.9873e-03 -2.9875e-03 -2.9877e-03 -2.9878e-03 -2.9878e-03 -2.9876e-03 -2.9874e-03 -2.9871e-03 -2.9867e-03 -2.9863e-03 -2.9859e-03 -2.9854e-03 -2.9849e-03 -2.9845e-03 
-0000.00600 -5.9565e-03 -5.9573e-03 -5.9581e-03 -5.9589e-03 -5.9597e-03 -5.9604e-03 -5.9611e-03 -5.9616e-03 -5.9620e-03 -5.9623e-03 -5.9624e-03 -5.9624e-03 -5.9623e-03 -5.9620e-03 -5.9616e-03 -5.9609e-03 -5.9602e-03 -5.9594e-03 -5.9586e-03 -5.9578e-03 -5.9571e-03 