# Author: FAC idanalysis.IDKickMap
# Termination_kicks [T2m2]: -5.4334e-06 +2.0060e-06 -2.7629e-05 +1.1071e-06 
# Total Length of Longitudinal Interval [m]
2.773
# Number of Horizontal Points
21
# Number of Vertical Points
5
# Total Horizontal 2nd Order Kick [T2m2]
START
            -0000.01000 -0000.00900 -0000.00800 -0000.00700 -0000.00600 -0000.00500 -0000.00400 -0000.00300 -0000.00200 -0000.00100 +0000.00000 +0000.00100 +0000.00200 +0000.00300 +0000.00400 +0000.00500 +0000.00600 +0000.00700 +0000.00800 +0000.00900 +0000.01000 
+0000.00600 +8.8716e-05 +9.3262e-05 +9.6320e-05 +9.7573e-05 +9.6695e-05 +9.3400e-05 +8.7515e-05 +7.9053e-05 +6.8281e-05 +5.5754e-05 +4.2278e-05 +2.8809e-05 +1.6300e-05 +5.5551e-06 -2.8763e-06 -8.7295e-06 -1.1995e-05 -1.2849e-05 -1.1578e-05 -8.5073e-06 -3.9560e-06 
+0000.00300 -4.9114e-05 -5.3156e-05 -5.5447e-05 -5.5276e-05 -5.1971e-05 -4.4996e-05 -3.4054e-05 -1.9193e-05 -8.6703e-07 +2.0057e-05 +4.2377e-05 +6.4698e-05 +8.5626e-05 +1.0396e-04 +1.1882e-04 +1.2977e-04 +1.3675e-04 +1.4006e-04 +1.4024e-04 +1.3795e-04 +1.3391e-04 
+0000.00000 -9.1014e-05 -9.6925e-05 -9.9984e-05 -9.9253e-05 -9.3880e-05 -8.3225e-05 -6.6999e-05 -4.5375e-05 -1.9053e-05 +1.0753e-05 +4.2414e-05 +7.4076e-05 +1.0388e-04 +1.3020e-04 +1.5182e-04 +1.6805e-04 +1.7870e-04 +1.8407e-04 +1.8480e-04 +1.8173e-04 +1.7582e-04 
-0000.00300 -4.9119e-05 -5.3155e-05 -5.5439e-05 -5.5260e-05 -5.1946e-05 -4.4961e-05 -3.4010e-05 -1.9140e-05 -8.0707e-07 +2.0122e-05 +4.2444e-05 +6.4764e-05 +8.5687e-05 +1.0401e-04 +1.1887e-04 +1.2981e-04 +1.3678e-04 +1.4008e-04 +1.4025e-04 +1.3795e-04 +1.3391e-04 
-0000.00600 +8.8687e-05 +9.3248e-05 +9.6327e-05 +9.7607e-05 +9.6760e-05 +9.3502e-05 +8.7655e-05 +7.9230e-05 +6.8490e-05 +5.5985e-05 +4.2518e-05 +2.9043e-05 +1.6515e-05 +5.7402e-06 -2.7269e-06 -8.6179e-06 -1.1919e-05 -1.2806e-05 -1.1561e-05 -8.5124e-06 -3.9770e-06 
# Total Vertical 2nd Order Kick [T2m2]
START
            -0000.01000 -0000.00900 -0000.00800 -0000.00700 -0000.00600 -0000.00500 -0000.00400 -0000.00300 -0000.00200 -0000.00100 +0000.00000 +0000.00100 +0000.00200 +0000.00300 +0000.00400 +0000.00500 +0000.00600 +0000.00700 +0000.00800 +0000.00900 +0000.01000 
+0000.00600 -2.2534e-03 -2.1865e-03 -2.1156e-03 -2.0421e-03 -1.9685e-03 -1.8974e-03 -1.8321e-03 -1.7762e-03 -1.7332e-03 -1.7061e-03 -1.6968e-03 -1.7061e-03 -1.7333e-03 -1.7763e-03 -1.8323e-03 -1.8975e-03 -1.9686e-03 -2.0423e-03 -2.1157e-03 -2.1867e-03 -2.2536e-03 
+0000.00300 -8.1813e-04 -7.8866e-04 -7.5812e-04 -7.2734e-04 -6.9731e-04 -6.6913e-04 -6.4397e-04 -6.2297e-04 -6.0715e-04 -5.9731e-04 -5.9398e-04 -5.9732e-04 -6.0718e-04 -6.2301e-04 -6.4402e-04 -6.6919e-04 -6.9737e-04 -7.2740e-04 -7.5818e-04 -7.8872e-04 -8.1819e-04 
+0000.00000 -3.1938e-06 -3.1918e-06 -3.1905e-06 -3.1898e-06 -3.1899e-06 -3.1910e-06 -3.1929e-06 -3.1957e-06 -3.1993e-06 -3.2034e-06 -3.2077e-06 -3.2122e-06 -3.2163e-06 -3.2200e-06 -3.2230e-06 -3.2252e-06 -3.2265e-06 -3.2268e-06 -3.2263e-06 -3.2251e-06 -3.2233e-06 
-0000.00300 +8.1176e-04 +7.8230e-04 +7.5176e-04 +7.2099e-04 +6.9096e-04 +6.6278e-04 +6.3761e-04 +6.1660e-04 +6.0077e-04 +5.9091e-04 +5.8756e-04 +5.9090e-04 +6.0073e-04 +6.1656e-04 +6.3756e-04 +6.6272e-04 +6.9090e-04 +7.2093e-04 +7.5171e-04 +7.8225e-04 +8.1172e-04 
-0000.00600 +2.2471e-03 +2.1803e-03 +2.1093e-03 +2.0359e-03 +1.9622e-03 +1.8911e-03 +1.8259e-03 +1.7700e-03 +1.7269e-03 +1.6997e-03 +1.6904e-03 +1.6997e-03 +1.7268e-03 +1.7698e-03 +1.8257e-03 +1.8910e-03 +1.9621e-03 +2.0357e-03 +2.1092e-03 +2.1801e-03 +2.2470e-03 
# Horizontal Final Position [m]
START
            -0000.01000 -0000.00900 -0000.00800 -0000.00700 -0000.00600 -0000.00500 -0000.00400 -0000.00300 -0000.00200 -0000.00100 +0000.00000 +0000.00100 +0000.00200 +0000.00300 +0000.00400 +0000.00500 +0000.00600 +0000.00700 +0000.00800 +0000.00900 +0000.01000 
+0000.00600 -1.0004e-02 -9.0035e-03 -8.0034e-03 -7.0034e-03 -6.0035e-03 -5.0036e-03 -4.0037e-03 -3.0039e-03 -2.0041e-03 -1.0043e-03 -4.5612e-06 +9.9520e-04 +1.9950e-03 +2.9948e-03 +3.9947e-03 +4.9946e-03 +5.9946e-03 +6.9946e-03 +7.9946e-03 +8.9947e-03 +9.9948e-03 
+0000.00300 -1.0006e-02 -9.0060e-03 -8.0061e-03 -7.0061e-03 -6.0060e-03 -5.0059e-03 -4.0057e-03 -3.0055e-03 -2.0052e-03 -1.0048e-03 -4.3758e-06 +9.9603e-04 +1.9964e-03 +2.9967e-03 +3.9970e-03 +4.9972e-03 +5.9974e-03 +6.9974e-03 +7.9975e-03 +8.9974e-03 +9.9974e-03 
+0000.00000 -1.0007e-02 -9.0067e-03 -8.0068e-03 -7.0068e-03 -6.0067e-03 -5.0065e-03 -4.0062e-03 -3.0059e-03 -2.0054e-03 -1.0048e-03 -4.2725e-06 +9.9630e-04 +1.9968e-03 +2.9973e-03 +3.9977e-03 +4.9980e-03 +5.9982e-03 +6.9983e-03 +7.9983e-03 +8.9983e-03 +9.9982e-03 
-0000.00300 -1.0006e-02 -9.0059e-03 -8.0060e-03 -7.0059e-03 -6.0059e-03 -5.0058e-03 -4.0056e-03 -3.0053e-03 -2.0050e-03 -1.0046e-03 -4.1780e-06 +9.9622e-04 +1.9966e-03 +2.9969e-03 +3.9972e-03 +4.9974e-03 +5.9975e-03 +6.9976e-03 +7.9976e-03 +8.9975e-03 +9.9975e-03 
-0000.00600 -1.0003e-02 -9.0032e-03 -8.0031e-03 -7.0031e-03 -6.0031e-03 -5.0032e-03 -4.0032e-03 -3.0034e-03 -2.0036e-03 -1.0038e-03 -4.0161e-06 +9.9574e-04 +1.9955e-03 +2.9953e-03 +3.9951e-03 +4.9950e-03 +5.9949e-03 +6.9949e-03 +7.9949e-03 +8.9949e-03 +9.9950e-03 
# Vertical Final Position [m]
START
            -0000.01000 -0000.00900 -0000.00800 -0000.00700 -0000.00600 -0000.00500 -0000.00400 -0000.00300 -0000.00200 -0000.00100 +0000.00000 +0000.00100 +0000.00200 +0000.00300 +0000.00400 +0000.00500 +0000.00600 +0000.00700 +0000.00800 +0000.00900 +0000.01000 
+0000.00600 +5.9597e-03 +5.9609e-03 +5.9621e-03 +5.9634e-03 +5.9647e-03 +5.9660e-03 +5.9671e-03 +5.9681e-03 +5.9688e-03 +5.9693e-03 +5.9694e-03 +5.9692e-03 +5.9686e-03 +5.9678e-03 +5.9667e-03 +5.9655e-03 +5.9642e-03 +5.9628e-03 +5.9615e-03 +5.9602e-03 +5.9590e-03 
+0000.00300 +2.9855e-03 +2.9860e-03 +2.9865e-03 +2.9871e-03 +2.9876e-03 +2.9881e-03 +2.9885e-03 +2.9889e-03 +2.9891e-03 +2.9893e-03 +2.9893e-03 +2.9892e-03 +2.9890e-03 +2.9887e-03 +2.9883e-03 +2.9878e-03 +2.9873e-03 +2.9868e-03 +2.9862e-03 +2.9856e-03 +2.9851e-03 
+0000.00000 +1.3072e-07 +1.2377e-07 +1.1537e-07 +1.0542e-07 +9.3870e-08 +8.0714e-08 +6.6035e-08 +4.9994e-08 +3.2836e-08 +1.4883e-08 -3.4830e-09 -2.1851e-08 -3.9808e-08 -5.6973e-08 -7.3023e-08 -8.7712e-08 -1.0088e-07 -1.1245e-07 -1.2241e-07 -1.3082e-07 -1.3777e-07 
-0000.00300 -2.9852e-03 -2.9857e-03 -2.9862e-03 -2.9868e-03 -2.9874e-03 -2.9879e-03 -2.9884e-03 -2.9887e-03 -2.9891e-03 -2.9893e-03 -2.9893e-03 -2.9893e-03 -2.9891e-03 -2.9889e-03 -2.9885e-03 -2.9881e-03 -2.9876e-03 -2.9870e-03 -2.9865e-03 -2.9859e-03 -2.9854e-03 
-0000.00600 -5.9591e-03 -5.9603e-03 -5.9616e-03 -5.9629e-03 -5.9643e-03 -5.9656e-03 -5.9668e-03 -5.9678e-03 -5.9687e-03 -5.9692e-03 -5.9694e-03 -5.9693e-03 -5.9688e-03 -5.9681e-03 -5.9671e-03 -5.9659e-03 -5.9647e-03 -5.9634e-03 -5.9620e-03 -5.9608e-03 -5.9595e-03 