# Author: FAC idanalysis.IDKickMap
# Termination_kicks [T2m2]: +3.2843e-07 +1.1469e-11 -1.8926e-05 -1.0428e-11 
# Total Length of Longitudinal Interval [m]
2.773
# Number of Horizontal Points
21
# Number of Vertical Points
5
# Total Horizontal 2nd Order Kick [T2m2]
START
            -0000.01000 -0000.00900 -0000.00800 -0000.00700 -0000.00600 -0000.00500 -0000.00400 -0000.00300 -0000.00200 -0000.00100 +0000.00000 +0000.00100 +0000.00200 +0000.00300 +0000.00400 +0000.00500 +0000.00600 +0000.00700 +0000.00800 +0000.00900 +0000.01000 
+0000.00600 +1.3735e-06 +9.1377e-06 +1.6087e-05 +2.2129e-05 +2.7111e-05 +3.0831e-05 +3.3088e-05 +3.3755e-05 +3.2876e-05 +3.0742e-05 +2.7897e-05 +2.5052e-05 +2.2916e-05 +2.2033e-05 +2.2695e-05 +2.4946e-05 +2.8660e-05 +3.3634e-05 +3.9669e-05 +4.6610e-05 +5.4365e-05 
+0000.00300 +9.9967e-07 +6.7056e-06 +1.1685e-05 +1.5947e-05 +1.9493e-05 +2.2328e-05 +2.4474e-05 +2.5987e-05 +2.6961e-05 +2.7542e-05 +2.7913e-05 +2.8284e-05 +2.8864e-05 +2.9837e-05 +3.1348e-05 +3.3492e-05 +3.6324e-05 +3.9867e-05 +4.4125e-05 +4.9100e-05 +5.4802e-05 
+0000.00000 +1.2673e-06 +6.4280e-06 +1.0920e-05 +1.4775e-05 +1.8022e-05 +2.0700e-05 +2.2858e-05 +2.4561e-05 +2.5897e-05 +2.6975e-05 +2.7918e-05 +2.8861e-05 +2.9938e-05 +3.1274e-05 +3.2976e-05 +3.5131e-05 +3.7807e-05 +4.1053e-05 +4.4905e-05 +4.9394e-05 +5.4551e-05 
-0000.00300 +9.9966e-07 +6.7056e-06 +1.1685e-05 +1.5947e-05 +1.9493e-05 +2.2328e-05 +2.4474e-05 +2.5987e-05 +2.6961e-05 +2.7542e-05 +2.7913e-05 +2.8284e-05 +2.8864e-05 +2.9837e-05 +3.1348e-05 +3.3492e-05 +3.6324e-05 +3.9867e-05 +4.4125e-05 +4.9100e-05 +5.4802e-05 
-0000.00600 +1.3735e-06 +9.1377e-06 +1.6087e-05 +2.2129e-05 +2.7111e-05 +3.0831e-05 +3.3088e-05 +3.3755e-05 +3.2876e-05 +3.0742e-05 +2.7897e-05 +2.5052e-05 +2.2916e-05 +2.2033e-05 +2.2695e-05 +2.4946e-05 +2.8660e-05 +3.3634e-05 +3.9669e-05 +4.6610e-05 +5.4365e-05 
# Total Vertical 2nd Order Kick [T2m2]
START
            -0000.01000 -0000.00900 -0000.00800 -0000.00700 -0000.00600 -0000.00500 -0000.00400 -0000.00300 -0000.00200 -0000.00100 +0000.00000 +0000.00100 +0000.00200 +0000.00300 +0000.00400 +0000.00500 +0000.00600 +0000.00700 +0000.00800 +0000.00900 +0000.01000 
+0000.00600 -2.5826e-03 -2.5815e-03 -2.5793e-03 -2.5761e-03 -2.5719e-03 -2.5669e-03 -2.5615e-03 -2.5563e-03 -2.5518e-03 -2.5488e-03 -2.5477e-03 -2.5488e-03 -2.5518e-03 -2.5563e-03 -2.5615e-03 -2.5669e-03 -2.5719e-03 -2.5761e-03 -2.5793e-03 -2.5815e-03 -2.5826e-03 
+0000.00300 -9.9363e-04 -9.9354e-04 -9.9309e-04 -9.9231e-04 -9.9127e-04 -9.9006e-04 -9.8879e-04 -9.8760e-04 -9.8662e-04 -9.8597e-04 -9.8575e-04 -9.8597e-04 -9.8662e-04 -9.8760e-04 -9.8879e-04 -9.9006e-04 -9.9128e-04 -9.9232e-04 -9.9310e-04 -9.9355e-04 -9.9364e-04 
+0000.00000 +4.3190e-12 +3.8504e-12 +5.7567e-12 +6.0270e-12 +8.0944e-12 +9.7418e-12 +1.0638e-11 +1.1678e-11 +8.3857e-12 +9.3270e-12 +1.1319e-11 +7.2686e-12 +1.1204e-11 +1.1628e-11 +1.2514e-11 +1.1694e-11 +1.0176e-11 +8.2296e-12 +1.1547e-11 +8.2559e-12 +7.9978e-12 
-0000.00300 +9.9363e-04 +9.9354e-04 +9.9309e-04 +9.9231e-04 +9.9127e-04 +9.9006e-04 +9.8879e-04 +9.8760e-04 +9.8662e-04 +9.8597e-04 +9.8575e-04 +9.8597e-04 +9.8662e-04 +9.8760e-04 +9.8879e-04 +9.9006e-04 +9.9128e-04 +9.9232e-04 +9.9310e-04 +9.9355e-04 +9.9364e-04 
-0000.00600 +2.5826e-03 +2.5815e-03 +2.5793e-03 +2.5761e-03 +2.5719e-03 +2.5669e-03 +2.5615e-03 +2.5563e-03 +2.5518e-03 +2.5488e-03 +2.5477e-03 +2.5488e-03 +2.5518e-03 +2.5563e-03 +2.5615e-03 +2.5669e-03 +2.5719e-03 +2.5761e-03 +2.5793e-03 +2.5815e-03 +2.5826e-03 
# Horizontal Final Position [m]
START
            -0000.01000 -0000.00900 -0000.00800 -0000.00700 -0000.00600 -0000.00500 -0000.00400 -0000.00300 -0000.00200 -0000.00100 +0000.00000 +0000.00100 +0000.00200 +0000.00300 +0000.00400 +0000.00500 +0000.00600 +0000.00700 +0000.00800 +0000.00900 +0000.01000 
+0000.00600 -1.0005e-02 -9.0045e-03 -8.0043e-03 -7.0042e-03 -6.0041e-03 -5.0041e-03 -4.0040e-03 -3.0040e-03 -2.0041e-03 -1.0041e-03 -4.1412e-06 +9.9581e-04 +1.9958e-03 +2.9958e-03 +3.9958e-03 +4.9958e-03 +5.9959e-03 +6.9960e-03 +7.9961e-03 +8.9962e-03 +9.9964e-03 
+0000.00300 -1.0005e-02 -9.0045e-03 -8.0044e-03 -7.0043e-03 -6.0043e-03 -5.0042e-03 -4.0042e-03 -3.0042e-03 -2.0041e-03 -1.0041e-03 -4.1298e-06 +9.9588e-04 +1.9959e-03 +2.9959e-03 +3.9959e-03 +4.9960e-03 +5.9960e-03 +6.9961e-03 +7.9962e-03 +8.9963e-03 +9.9964e-03 
+0000.00000 -1.0005e-02 -9.0045e-03 -8.0044e-03 -7.0043e-03 -6.0043e-03 -5.0042e-03 -4.0042e-03 -3.0042e-03 -2.0042e-03 -1.0041e-03 -4.1256e-06 +9.9589e-04 +1.9959e-03 +2.9959e-03 +3.9960e-03 +4.9960e-03 +5.9961e-03 +6.9961e-03 +7.9962e-03 +8.9963e-03 +9.9964e-03 
-0000.00300 -1.0005e-02 -9.0045e-03 -8.0044e-03 -7.0043e-03 -6.0043e-03 -5.0042e-03 -4.0042e-03 -3.0042e-03 -2.0041e-03 -1.0041e-03 -4.1298e-06 +9.9588e-04 +1.9959e-03 +2.9959e-03 +3.9959e-03 +4.9960e-03 +5.9960e-03 +6.9961e-03 +7.9962e-03 +8.9963e-03 +9.9964e-03 
-0000.00600 -1.0005e-02 -9.0045e-03 -8.0043e-03 -7.0042e-03 -6.0041e-03 -5.0041e-03 -4.0040e-03 -3.0040e-03 -2.0041e-03 -1.0041e-03 -4.1412e-06 +9.9581e-04 +1.9958e-03 +2.9958e-03 +3.9958e-03 +4.9958e-03 +5.9959e-03 +6.9960e-03 +7.9961e-03 +8.9962e-03 +9.9964e-03 
# Vertical Final Position [m]
START
            -0000.01000 -0000.00900 -0000.00800 -0000.00700 -0000.00600 -0000.00500 -0000.00400 -0000.00300 -0000.00200 -0000.00100 +0000.00000 +0000.00100 +0000.00200 +0000.00300 +0000.00400 +0000.00500 +0000.00600 +0000.00700 +0000.00800 +0000.00900 +0000.01000 
+0000.00600 +5.9536e-03 +5.9536e-03 +5.9536e-03 +5.9537e-03 +5.9537e-03 +5.9538e-03 +5.9539e-03 +5.9540e-03 +5.9541e-03 +5.9541e-03 +5.9541e-03 +5.9541e-03 +5.9541e-03 +5.9540e-03 +5.9539e-03 +5.9538e-03 +5.9537e-03 +5.9536e-03 +5.9535e-03 +5.9535e-03 +5.9534e-03 
+0000.00300 +2.9822e-03 +2.9822e-03 +2.9822e-03 +2.9822e-03 +2.9822e-03 +2.9822e-03 +2.9822e-03 +2.9822e-03 +2.9823e-03 +2.9823e-03 +2.9823e-03 +2.9823e-03 +2.9822e-03 +2.9822e-03 +2.9822e-03 +2.9822e-03 +2.9822e-03 +2.9821e-03 +2.9821e-03 +2.9821e-03 +2.9821e-03 
+0000.00000 +3.8662e-13 +3.7666e-13 +4.2034e-13 +4.4010e-13 +4.8988e-13 +5.2891e-13 +5.3230e-13 +5.4066e-13 +4.4201e-13 +4.6465e-13 +4.9836e-13 +3.6262e-13 +4.8149e-13 +4.8568e-13 +4.9346e-13 +4.5398e-13 +4.0599e-13 +3.2838e-13 +4.0677e-13 +3.0830e-13 +2.7689e-13 
-0000.00300 -2.9822e-03 -2.9822e-03 -2.9822e-03 -2.9822e-03 -2.9822e-03 -2.9822e-03 -2.9822e-03 -2.9822e-03 -2.9823e-03 -2.9823e-03 -2.9823e-03 -2.9823e-03 -2.9822e-03 -2.9822e-03 -2.9822e-03 -2.9822e-03 -2.9822e-03 -2.9821e-03 -2.9821e-03 -2.9821e-03 -2.9821e-03 
-0000.00600 -5.9536e-03 -5.9536e-03 -5.9536e-03 -5.9537e-03 -5.9537e-03 -5.9538e-03 -5.9539e-03 -5.9540e-03 -5.9541e-03 -5.9541e-03 -5.9541e-03 -5.9541e-03 -5.9541e-03 -5.9540e-03 -5.9539e-03 -5.9538e-03 -5.9537e-03 -5.9536e-03 -5.9535e-03 -5.9535e-03 -5.9534e-03 