# Author: FAC idanalysis.IDKickMap
# Termination_kicks [T2m2]: -6.4188e-06 +1.5001e-06 -1.8389e-05 +9.6112e-07 
# Total Length of Longitudinal Interval [m]
2.773
# Number of Horizontal Points
21
# Number of Vertical Points
5
# Total Horizontal 2nd Order Kick [T2m2]
START
            -0000.01000 -0000.00900 -0000.00800 -0000.00700 -0000.00600 -0000.00500 -0000.00400 -0000.00300 -0000.00200 -0000.00100 +0000.00000 +0000.00100 +0000.00200 +0000.00300 +0000.00400 +0000.00500 +0000.00600 +0000.00700 +0000.00800 +0000.00900 +0000.01000 
+0000.00600 -4.8462e-05 -6.7939e-05 -9.0938e-05 -1.1713e-04 -1.4514e-04 -1.7156e-04 -1.8959e-04 -1.8805e-04 -1.5323e-04 -7.7270e-05 +2.9204e-05 +1.3569e-04 +2.1168e-04 +2.4653e-04 +2.4810e-04 +2.3008e-04 +2.0368e-04 +1.7568e-04 +1.4950e-04 +1.2650e-04 +1.0702e-04 
+0000.00300 -1.4163e-04 -1.6555e-04 -1.8798e-04 -2.0639e-04 -2.1751e-04 -2.1744e-04 -2.0224e-04 -1.6889e-04 -1.1665e-04 -4.8343e-05 +2.9294e-05 +1.0693e-04 +1.7523e-04 +2.2748e-04 +2.6083e-04 +2.7603e-04 +2.7610e-04 +2.6499e-04 +2.4657e-04 +2.2415e-04 +2.0022e-04 
+0000.00000 -1.8045e-04 -2.0734e-04 -2.3134e-04 -2.4937e-04 -2.5771e-04 -2.5244e-04 -2.3011e-04 -1.8872e-04 -1.2879e-04 -5.3925e-05 +2.9305e-05 +1.1254e-04 +1.8740e-04 +2.4733e-04 +2.8871e-04 +3.1105e-04 +3.1632e-04 +3.0797e-04 +2.8994e-04 +2.6594e-04 +2.3905e-04 
-0000.00300 -1.4163e-04 -1.6555e-04 -1.8798e-04 -2.0639e-04 -2.1750e-04 -2.1743e-04 -2.0223e-04 -1.6887e-04 -1.1662e-04 -4.8321e-05 +2.9318e-05 +1.0695e-04 +1.7526e-04 +2.2750e-04 +2.6085e-04 +2.7605e-04 +2.7611e-04 +2.6499e-04 +2.4658e-04 +2.2415e-04 +2.0022e-04 
-0000.00600 -4.8517e-05 -6.7991e-05 -9.0983e-05 -1.1716e-04 -1.4516e-04 -1.7156e-04 -1.8956e-04 -1.8798e-04 -1.5311e-04 -7.7089e-05 +2.9437e-05 +1.3594e-04 +2.1191e-04 +2.4672e-04 +2.4825e-04 +2.3021e-04 +2.0378e-04 +1.7577e-04 +1.4957e-04 +1.2657e-04 +1.0709e-04 
# Total Vertical 2nd Order Kick [T2m2]
START
            -0000.01000 -0000.00900 -0000.00800 -0000.00700 -0000.00600 -0000.00500 -0000.00400 -0000.00300 -0000.00200 -0000.00100 +0000.00000 +0000.00100 +0000.00200 +0000.00300 +0000.00400 +0000.00500 +0000.00600 +0000.00700 +0000.00800 +0000.00900 +0000.01000 
+0000.00600 -2.4211e-03 -2.3892e-03 -2.3591e-03 -2.3346e-03 -2.3208e-03 -2.3239e-03 -2.3499e-03 -2.4007e-03 -2.4679e-03 -2.5289e-03 -2.5541e-03 -2.5289e-03 -2.4679e-03 -2.4006e-03 -2.3498e-03 -2.3238e-03 -2.3207e-03 -2.3345e-03 -2.3590e-03 -2.3891e-03 -2.4211e-03 
+0000.00300 -8.6602e-04 -8.4021e-04 -8.1297e-04 -7.8542e-04 -7.5902e-04 -7.3543e-04 -7.1617e-04 -7.0215e-04 -6.9334e-04 -6.8884e-04 -6.8751e-04 -6.8883e-04 -6.9332e-04 -7.0212e-04 -7.1614e-04 -7.3539e-04 -7.5898e-04 -7.8537e-04 -8.1293e-04 -8.4017e-04 -8.6597e-04 
+0000.00000 -2.5581e-06 -2.5572e-06 -2.5561e-06 -2.5549e-06 -2.5536e-06 -2.5520e-06 -2.5502e-06 -2.5480e-06 -2.5454e-06 -2.5424e-06 -2.5391e-06 -2.5360e-06 -2.5330e-06 -2.5305e-06 -2.5283e-06 -2.5265e-06 -2.5250e-06 -2.5236e-06 -2.5224e-06 -2.5212e-06 -2.5202e-06 
-0000.00300 +8.6090e-04 +8.3509e-04 +8.0786e-04 +7.8030e-04 +7.5391e-04 +7.3033e-04 +7.1107e-04 +6.9705e-04 +6.8825e-04 +6.8376e-04 +6.8243e-04 +6.8376e-04 +6.8826e-04 +6.9707e-04 +7.1109e-04 +7.3035e-04 +7.5393e-04 +7.8033e-04 +8.0789e-04 +8.3513e-04 +8.6094e-04 
-0000.00600 +2.4160e-03 +2.3840e-03 +2.3539e-03 +2.3294e-03 +2.3156e-03 +2.3188e-03 +2.3448e-03 +2.3956e-03 +2.4629e-03 +2.5239e-03 +2.5490e-03 +2.5239e-03 +2.4628e-03 +2.3956e-03 +2.3448e-03 +2.3188e-03 +2.3157e-03 +2.3295e-03 +2.3540e-03 +2.3841e-03 +2.4161e-03 
# Horizontal Final Position [m]
START
            -0000.01000 -0000.00900 -0000.00800 -0000.00700 -0000.00600 -0000.00500 -0000.00400 -0000.00300 -0000.00200 -0000.00100 +0000.00000 +0000.00100 +0000.00200 +0000.00300 +0000.00400 +0000.00500 +0000.00600 +0000.00700 +0000.00800 +0000.00900 +0000.01000 
+0000.00600 -1.0004e-02 -9.0042e-03 -8.0047e-03 -7.0051e-03 -6.0057e-03 -5.0062e-03 -4.0065e-03 -3.0065e-03 -2.0059e-03 -1.0046e-03 -2.6397e-06 +9.9930e-04 +2.0007e-03 +3.0013e-03 +4.0014e-03 +5.0011e-03 +6.0006e-03 +7.0001e-03 +7.9997e-03 +8.9993e-03 +9.9989e-03 
+0000.00300 -1.0006e-02 -9.0060e-03 -8.0064e-03 -7.0067e-03 -6.0069e-03 -5.0069e-03 -4.0067e-03 -3.0061e-03 -2.0051e-03 -1.0039e-03 -2.4921e-06 +9.9891e-04 +2.0002e-03 +3.0011e-03 +4.0017e-03 +5.0020e-03 +6.0020e-03 +7.0018e-03 +8.0015e-03 +9.0011e-03 +1.0001e-02 
+0000.00000 -1.0006e-02 -9.0067e-03 -8.0071e-03 -7.0075e-03 -6.0076e-03 -5.0075e-03 -4.0071e-03 -3.0064e-03 -2.0053e-03 -1.0039e-03 -2.4221e-06 +9.9908e-04 +2.0004e-03 +3.0015e-03 +4.0023e-03 +5.0027e-03 +6.0028e-03 +7.0026e-03 +8.0023e-03 +9.0019e-03 +1.0001e-02 
-0000.00300 -1.0006e-02 -9.0059e-03 -8.0063e-03 -7.0067e-03 -6.0069e-03 -5.0068e-03 -4.0066e-03 -3.0059e-03 -2.0050e-03 -1.0038e-03 -2.3487e-06 +9.9905e-04 +2.0003e-03 +3.0012e-03 +4.0018e-03 +5.0021e-03 +6.0021e-03 +7.0019e-03 +8.0015e-03 +9.0011e-03 +1.0001e-02 
-0000.00600 -1.0004e-02 -9.0042e-03 -8.0046e-03 -7.0050e-03 -6.0055e-03 -5.0060e-03 -4.0063e-03 -3.0062e-03 -2.0055e-03 -1.0041e-03 -2.1835e-06 +9.9974e-04 +2.0011e-03 +3.0017e-03 +4.0017e-03 +5.0013e-03 +6.0008e-03 +7.0003e-03 +7.9998e-03 +8.9994e-03 +9.9990e-03 
# Vertical Final Position [m]
START
            -0000.01000 -0000.00900 -0000.00800 -0000.00700 -0000.00600 -0000.00500 -0000.00400 -0000.00300 -0000.00200 -0000.00100 +0000.00000 +0000.00100 +0000.00200 +0000.00300 +0000.00400 +0000.00500 +0000.00600 +0000.00700 +0000.00800 +0000.00900 +0000.01000 
+0000.00600 +5.9565e-03 +5.9571e-03 +5.9576e-03 +5.9581e-03 +5.9583e-03 +5.9582e-03 +5.9577e-03 +5.9567e-03 +5.9555e-03 +5.9543e-03 +5.9537e-03 +5.9541e-03 +5.9552e-03 +5.9563e-03 +5.9572e-03 +5.9577e-03 +5.9577e-03 +5.9574e-03 +5.9570e-03 +5.9564e-03 +5.9558e-03 
+0000.00300 +2.9845e-03 +2.9850e-03 +2.9855e-03 +2.9860e-03 +2.9864e-03 +2.9869e-03 +2.9872e-03 +2.9874e-03 +2.9875e-03 +2.9876e-03 +2.9876e-03 +2.9875e-03 +2.9874e-03 +2.9872e-03 +2.9870e-03 +2.9866e-03 +2.9862e-03 +2.9857e-03 +2.9852e-03 +2.9847e-03 +2.9842e-03 
+0000.00000 +1.2920e-07 +1.2371e-07 +1.1687e-07 +1.0844e-07 +9.8183e-08 +8.5927e-08 +7.1575e-08 +5.5177e-08 +3.6971e-08 +1.7404e-08 -2.8963e-09 -2.3198e-08 -4.2765e-08 -6.0973e-08 -7.7374e-08 -9.1729e-08 -1.0399e-07 -1.1425e-07 -1.2269e-07 -1.2953e-07 -1.3502e-07 
-0000.00300 -2.9842e-03 -2.9847e-03 -2.9852e-03 -2.9857e-03 -2.9862e-03 -2.9866e-03 -2.9870e-03 -2.9872e-03 -2.9874e-03 -2.9875e-03 -2.9876e-03 -2.9876e-03 -2.9876e-03 -2.9874e-03 -2.9872e-03 -2.9869e-03 -2.9864e-03 -2.9860e-03 -2.9855e-03 -2.9850e-03 -2.9845e-03 
-0000.00600 -5.9558e-03 -5.9564e-03 -5.9570e-03 -5.9574e-03 -5.9577e-03 -5.9576e-03 -5.9572e-03 -5.9563e-03 -5.9551e-03 -5.9541e-03 -5.9537e-03 -5.9543e-03 -5.9555e-03 -5.9568e-03 -5.9577e-03 -5.9582e-03 -5.9583e-03 -5.9581e-03 -5.9576e-03 -5.9571e-03 -5.9565e-03 