# Author: FAC idanalysis.IDKickMap
# Termination_kicks [T2m2]: -8.6958e-06 +2.4535e-06 -2.9886e-05 +1.4254e-06 
# Total Length of Longitudinal Interval [m]
2.773
# Number of Horizontal Points
21
# Number of Vertical Points
5
# Total Horizontal 2nd Order Kick [T2m2]
START
            -0000.01000 -0000.00900 -0000.00800 -0000.00700 -0000.00600 -0000.00500 -0000.00400 -0000.00300 -0000.00200 -0000.00100 +0000.00000 +0000.00100 +0000.00200 +0000.00300 +0000.00400 +0000.00500 +0000.00600 +0000.00700 +0000.00800 +0000.00900 +0000.01000 
+0000.00600 +8.9223e-05 +8.9479e-05 +8.8438e-05 +8.6003e-05 +8.2181e-05 +7.7131e-05 +7.1187e-05 +6.4810e-05 +5.8452e-05 +5.2381e-05 +4.6570e-05 +4.0761e-05 +3.4696e-05 +2.8345e-05 +2.1976e-05 +1.6040e-05 +1.0996e-05 +7.1762e-06 +4.7415e-06 +3.6983e-06 +3.9497e-06 
+0000.00300 -1.0641e-04 -1.1949e-04 -1.2928e-04 -1.3419e-04 -1.3261e-04 -1.2310e-04 -1.0466e-04 -7.7099e-05 -4.1247e-05 +9.5798e-07 +4.6620e-05 +9.2282e-05 +1.3449e-04 +1.7034e-04 +1.9790e-04 +2.1633e-04 +2.2585e-04 +2.2743e-04 +2.2251e-04 +2.1272e-04 +1.9964e-04 
+0000.00000 -1.6948e-04 -1.8587e-04 -1.9729e-04 -2.0175e-04 -1.9726e-04 -1.8222e-04 -1.5566e-04 -1.1763e-04 -6.9383e-05 -1.3446e-05 +4.6630e-05 +1.0671e-04 +1.6264e-04 +2.1088e-04 +2.4892e-04 +2.7547e-04 +2.9051e-04 +2.9499e-04 +2.9054e-04 +2.7911e-04 +2.6272e-04 
-0000.00300 -1.0641e-04 -1.1949e-04 -1.2927e-04 -1.3419e-04 -1.3261e-04 -1.2309e-04 -1.0465e-04 -7.7086e-05 -4.1233e-05 +9.7337e-07 +4.6636e-05 +9.2297e-05 +1.3450e-04 +1.7035e-04 +1.9791e-04 +2.1634e-04 +2.2586e-04 +2.2743e-04 +2.2251e-04 +2.1272e-04 +1.9964e-04 
-0000.00600 +8.9223e-05 +8.9484e-05 +8.8450e-05 +8.6024e-05 +8.2213e-05 +7.7177e-05 +7.1248e-05 +6.4886e-05 +5.8542e-05 +5.2481e-05 +4.6674e-05 +4.0862e-05 +3.4788e-05 +2.8425e-05 +2.2041e-05 +1.6090e-05 +1.1031e-05 +7.2000e-06 +4.7560e-06 +3.7057e-06 +3.9521e-06 
# Total Vertical 2nd Order Kick [T2m2]
START
            -0000.01000 -0000.00900 -0000.00800 -0000.00700 -0000.00600 -0000.00500 -0000.00400 -0000.00300 -0000.00200 -0000.00100 +0000.00000 +0000.00100 +0000.00200 +0000.00300 +0000.00400 +0000.00500 +0000.00600 +0000.00700 +0000.00800 +0000.00900 +0000.01000 
+0000.00600 -2.5650e-03 -2.4745e-03 -2.3783e-03 -2.2787e-03 -2.1787e-03 -2.0824e-03 -1.9943e-03 -1.9193e-03 -1.8619e-03 -1.8259e-03 -1.8136e-03 -1.8258e-03 -1.8619e-03 -1.9192e-03 -1.9942e-03 -2.0823e-03 -2.1786e-03 -2.2786e-03 -2.3783e-03 -2.4745e-03 -2.5650e-03 
+0000.00300 -9.0466e-04 -8.6071e-04 -8.1484e-04 -7.6831e-04 -7.2266e-04 -6.7967e-04 -6.4121e-04 -6.0907e-04 -5.8486e-04 -5.6982e-04 -5.6471e-04 -5.6981e-04 -5.8485e-04 -6.0905e-04 -6.4118e-04 -6.7964e-04 -7.2262e-04 -7.6827e-04 -8.1479e-04 -8.6066e-04 -9.0461e-04 
+0000.00000 -4.0382e-06 -4.0366e-06 -4.0349e-06 -4.0330e-06 -4.0311e-06 -4.0290e-06 -4.0269e-06 -4.0246e-06 -4.0222e-06 -4.0197e-06 -4.0172e-06 -4.0146e-06 -4.0121e-06 -4.0096e-06 -4.0072e-06 -4.0049e-06 -4.0027e-06 -4.0005e-06 -3.9983e-06 -3.9962e-06 -3.9943e-06 
-0000.00300 +8.9658e-04 +8.5263e-04 +8.0676e-04 +7.6024e-04 +7.1460e-04 +6.7161e-04 +6.3315e-04 +6.0102e-04 +5.7682e-04 +5.6178e-04 +5.5668e-04 +5.6179e-04 +5.7683e-04 +6.0104e-04 +6.3317e-04 +6.7164e-04 +7.1463e-04 +7.6027e-04 +8.0680e-04 +8.5267e-04 +8.9663e-04 
-0000.00600 +2.5569e-03 +2.4664e-03 +2.3702e-03 +2.2706e-03 +2.1706e-03 +2.0743e-03 +1.9862e-03 +1.9112e-03 +1.8539e-03 +1.8178e-03 +1.8055e-03 +1.8178e-03 +1.8539e-03 +1.9113e-03 +1.9863e-03 +2.0743e-03 +2.1707e-03 +2.2706e-03 +2.3703e-03 +2.4665e-03 +2.5570e-03 
# Horizontal Final Position [m]
START
            -0000.01000 -0000.00900 -0000.00800 -0000.00700 -0000.00600 -0000.00500 -0000.00400 -0000.00300 -0000.00200 -0000.00100 +0000.00000 +0000.00100 +0000.00200 +0000.00300 +0000.00400 +0000.00500 +0000.00600 +0000.00700 +0000.00800 +0000.00900 +0000.01000 
+0000.00600 -1.0003e-02 -9.0032e-03 -8.0032e-03 -7.0033e-03 -6.0034e-03 -5.0035e-03 -4.0036e-03 -3.0037e-03 -2.0039e-03 -1.0040e-03 -4.1068e-06 +9.9579e-04 +1.9957e-03 +2.9956e-03 +3.9955e-03 +4.9954e-03 +5.9953e-03 +6.9953e-03 +7.9952e-03 +8.9952e-03 +9.9953e-03 
+0000.00300 -1.0007e-02 -9.0069e-03 -8.0071e-03 -7.0072e-03 -6.0072e-03 -5.0070e-03 -4.0067e-03 -3.0062e-03 -2.0056e-03 -1.0048e-03 -3.9746e-06 +9.9685e-04 +1.9976e-03 +2.9983e-03 +3.9988e-03 +4.9991e-03 +5.9993e-03 +6.9993e-03 +7.9993e-03 +8.9991e-03 +9.9989e-03 
+0000.00000 -1.0008e-02 -9.0081e-03 -8.0083e-03 -7.0084e-03 -6.0083e-03 -5.0080e-03 -4.0076e-03 -3.0069e-03 -2.0060e-03 -1.0050e-03 -3.9049e-06 +9.9718e-04 +1.9982e-03 +2.9991e-03 +3.9998e-03 +5.0002e-03 +6.0005e-03 +7.0006e-03 +8.0005e-03 +9.0003e-03 +1.0000e-02 
-0000.00300 -1.0007e-02 -9.0069e-03 -8.0070e-03 -7.0071e-03 -6.0071e-03 -5.0069e-03 -4.0066e-03 -3.0061e-03 -2.0054e-03 -1.0047e-03 -3.8402e-06 +9.9698e-04 +1.9977e-03 +2.9984e-03 +3.9989e-03 +4.9992e-03 +5.9994e-03 +6.9994e-03 +7.9993e-03 +8.9992e-03 +9.9989e-03 
-0000.00600 -1.0003e-02 -9.0030e-03 -8.0031e-03 -7.0031e-03 -6.0031e-03 -5.0032e-03 -4.0033e-03 -3.0034e-03 -2.0035e-03 -1.0036e-03 -3.7194e-06 +9.9617e-04 +1.9960e-03 +2.9959e-03 +3.9958e-03 +4.9957e-03 +5.9955e-03 +6.9955e-03 +7.9954e-03 +8.9954e-03 +9.9954e-03 
# Vertical Final Position [m]
START
            -0000.01000 -0000.00900 -0000.00800 -0000.00700 -0000.00600 -0000.00500 -0000.00400 -0000.00300 -0000.00200 -0000.00100 +0000.00000 +0000.00100 +0000.00200 +0000.00300 +0000.00400 +0000.00500 +0000.00600 +0000.00700 +0000.00800 +0000.00900 +0000.01000 
+0000.00600 +5.9540e-03 +5.9556e-03 +5.9574e-03 +5.9591e-03 +5.9609e-03 +5.9626e-03 +5.9642e-03 +5.9655e-03 +5.9665e-03 +5.9671e-03 +5.9672e-03 +5.9669e-03 +5.9662e-03 +5.9651e-03 +5.9637e-03 +5.9621e-03 +5.9603e-03 +5.9584e-03 +5.9566e-03 +5.9548e-03 +5.9532e-03 
+0000.00300 +2.9839e-03 +2.9847e-03 +2.9855e-03 +2.9863e-03 +2.9871e-03 +2.9879e-03 +2.9886e-03 +2.9891e-03 +2.9895e-03 +2.9898e-03 +2.9898e-03 +2.9897e-03 +2.9894e-03 +2.9890e-03 +2.9884e-03 +2.9876e-03 +2.9868e-03 +2.9860e-03 +2.9851e-03 +2.9843e-03 +2.9835e-03 
+0000.00000 +1.3978e-07 +1.3172e-07 +1.2225e-07 +1.1126e-07 +9.8681e-08 +8.4507e-08 +6.8798e-08 +5.1704e-08 +3.3464e-08 +1.4404e-08 -5.0850e-09 -2.4573e-08 -4.3632e-08 -6.1870e-08 -7.8962e-08 -9.4667e-08 -1.0884e-07 -1.2141e-07 -1.3240e-07 -1.4187e-07 -1.4992e-07 
-0000.00300 -2.9835e-03 -2.9843e-03 -2.9852e-03 -2.9860e-03 -2.9869e-03 -2.9877e-03 -2.9884e-03 -2.9890e-03 -2.9894e-03 -2.9897e-03 -2.9899e-03 -2.9898e-03 -2.9895e-03 -2.9891e-03 -2.9886e-03 -2.9879e-03 -2.9871e-03 -2.9863e-03 -2.9855e-03 -2.9847e-03 -2.9839e-03 
-0000.00600 -5.9533e-03 -5.9549e-03 -5.9567e-03 -5.9585e-03 -5.9603e-03 -5.9621e-03 -5.9637e-03 -5.9651e-03 -5.9662e-03 -5.9669e-03 -5.9672e-03 -5.9671e-03 -5.9665e-03 -5.9655e-03 -5.9642e-03 -5.9626e-03 -5.9609e-03 -5.9591e-03 -5.9573e-03 -5.9556e-03 -5.9539e-03 