# Author: FAC idanalysis.IDKickMap
# Termination_kicks [T2m2]: +1.2174e-04 +9.1358e-05 +5.9232e-04 +1.0639e-03 
# Total Length of Longitudinal Interval [m]
2.773
# Number of Horizontal Points
37
# Number of Vertical Points
3
# Total Horizontal 2nd Order Kick [T2m2]
START
            -0000.01800 -0000.01700 -0000.01600 -0000.01500 -0000.01400 -0000.01300 -0000.01200 -0000.01100 -0000.01000 -0000.00900 -0000.00800 -0000.00700 -0000.00600 -0000.00500 -0000.00400 -0000.00300 -0000.00200 -0000.00100 +0000.00000 +0000.00100 +0000.00200 +0000.00300 +0000.00400 +0000.00500 +0000.00600 +0000.00700 +0000.00800 +0000.00900 +0000.01000 +0000.01100 +0000.01200 +0000.01300 +0000.01400 +0000.01500 +0000.01600 +0000.01700 +0000.01800 
+0000.01200 -9.9677e-05 -1.2277e-04 -1.6624e-04 -2.0483e-04 -2.5805e-04 -2.9228e-04 -3.3446e-04 -3.5733e-04 -4.1078e-04 -4.3195e-04 -4.4729e-04 -4.3922e-04 -4.4835e-04 -4.7089e-04 -4.9048e-04 -4.9073e-04 -4.9465e-04 -4.9899e-04 -4.6691e-04 -4.6684e-04 -4.5423e-04 -4.5270e-04 -4.1359e-04 -3.9797e-04 -3.7538e-04 -3.4977e-04 -3.2552e-04 -3.0692e-04 -3.1208e-04 -3.0417e-04 -3.0150e-04 -2.5930e-04 -2.6872e-04 -2.4944e-04 -2.4484e-04 -2.3984e-04 -2.4546e-04 
+0000.00000 -9.9677e-05 -1.2277e-04 -1.6624e-04 -2.0483e-04 -2.5805e-04 -2.9228e-04 -3.3446e-04 -3.5733e-04 -4.1078e-04 -4.3195e-04 -4.4729e-04 -4.3922e-04 -4.4835e-04 -4.7089e-04 -4.9048e-04 -4.9073e-04 -4.9465e-04 -4.9899e-04 -4.6691e-04 -4.6684e-04 -4.5423e-04 -4.5270e-04 -4.1359e-04 -3.9797e-04 -3.7538e-04 -3.4977e-04 -3.2552e-04 -3.0692e-04 -3.1208e-04 -3.0417e-04 -3.0150e-04 -2.5930e-04 -2.6872e-04 -2.4944e-04 -2.4484e-04 -2.3984e-04 -2.4546e-04 
-0000.01200 -9.9677e-05 -1.2277e-04 -1.6624e-04 -2.0483e-04 -2.5805e-04 -2.9228e-04 -3.3446e-04 -3.5733e-04 -4.1078e-04 -4.3195e-04 -4.4729e-04 -4.3922e-04 -4.4835e-04 -4.7089e-04 -4.9048e-04 -4.9073e-04 -4.9465e-04 -4.9899e-04 -4.6691e-04 -4.6684e-04 -4.5423e-04 -4.5270e-04 -4.1359e-04 -3.9797e-04 -3.7538e-04 -3.4977e-04 -3.2552e-04 -3.0692e-04 -3.1208e-04 -3.0417e-04 -3.0150e-04 -2.5930e-04 -2.6872e-04 -2.4944e-04 -2.4484e-04 -2.3984e-04 -2.4546e-04 
# Total Vertical 2nd Order Kick [T2m2]
START
            -0000.01800 -0000.01700 -0000.01600 -0000.01500 -0000.01400 -0000.01300 -0000.01200 -0000.01100 -0000.01000 -0000.00900 -0000.00800 -0000.00700 -0000.00600 -0000.00500 -0000.00400 -0000.00300 -0000.00200 -0000.00100 +0000.00000 +0000.00100 +0000.00200 +0000.00300 +0000.00400 +0000.00500 +0000.00600 +0000.00700 +0000.00800 +0000.00900 +0000.01000 +0000.01100 +0000.01200 +0000.01300 +0000.01400 +0000.01500 +0000.01600 +0000.01700 +0000.01800 
+0000.01200 -1.2567e-03 -1.2105e-03 -1.1643e-03 -1.0902e-03 -1.0413e-03 -9.8002e-04 -9.2409e-04 -8.7318e-04 -7.9887e-04 -7.5334e-04 -7.0409e-04 -6.5555e-04 -5.8369e-04 -5.4903e-04 -4.9075e-04 -4.3364e-04 -4.0391e-04 -3.7313e-04 -3.5014e-04 -3.3241e-04 -3.2235e-04 -3.1464e-04 -3.1556e-04 -3.1395e-04 -3.2959e-04 -3.3626e-04 -3.4461e-04 -3.6942e-04 -3.7853e-04 -4.1273e-04 -4.2567e-04 -4.2419e-04 -4.3620e-04 -4.4068e-04 -4.3740e-04 -4.4092e-04 -4.2605e-04 
+0000.00000 -1.2567e-03 -1.2105e-03 -1.1643e-03 -1.0902e-03 -1.0413e-03 -9.8002e-04 -9.2409e-04 -8.7318e-04 -7.9887e-04 -7.5334e-04 -7.0409e-04 -6.5555e-04 -5.8369e-04 -5.4903e-04 -4.9075e-04 -4.3364e-04 -4.0391e-04 -3.7313e-04 -3.5014e-04 -3.3241e-04 -3.2235e-04 -3.1464e-04 -3.1556e-04 -3.1395e-04 -3.2959e-04 -3.3626e-04 -3.4461e-04 -3.6942e-04 -3.7853e-04 -4.1273e-04 -4.2567e-04 -4.2419e-04 -4.3620e-04 -4.4068e-04 -4.3740e-04 -4.4092e-04 -4.2605e-04 
-0000.01200 -1.2567e-03 -1.2105e-03 -1.1643e-03 -1.0902e-03 -1.0413e-03 -9.8002e-04 -9.2409e-04 -8.7318e-04 -7.9887e-04 -7.5334e-04 -7.0409e-04 -6.5555e-04 -5.8369e-04 -5.4903e-04 -4.9075e-04 -4.3364e-04 -4.0391e-04 -3.7313e-04 -3.5014e-04 -3.3241e-04 -3.2235e-04 -3.1464e-04 -3.1556e-04 -3.1395e-04 -3.2959e-04 -3.3626e-04 -3.4461e-04 -3.6942e-04 -3.7853e-04 -4.1273e-04 -4.2567e-04 -4.2419e-04 -4.3620e-04 -4.4068e-04 -4.3740e-04 -4.4092e-04 -4.2605e-04 
# Horizontal Final Position [m]
START
            -0000.01800 -0000.01700 -0000.01600 -0000.01500 -0000.01400 -0000.01300 -0000.01200 -0000.01100 -0000.01000 -0000.00900 -0000.00800 -0000.00700 -0000.00600 -0000.00500 -0000.00400 -0000.00300 -0000.00200 -0000.00100 +0000.00000 +0000.00100 +0000.00200 +0000.00300 +0000.00400 +0000.00500 +0000.00600 +0000.00700 +0000.00800 +0000.00900 +0000.01000 +0000.01100 +0000.01200 +0000.01300 +0000.01400 +0000.01500 +0000.01600 +0000.01700 +0000.01800 
+0000.01200 -1.8015e-02 -1.7016e-02 -1.6017e-02 -1.5017e-02 -1.4018e-02 -1.3019e-02 -1.2019e-02 -1.1019e-02 -1.0019e-02 -9.0183e-03 -8.0173e-03 -7.0158e-03 -6.0144e-03 -5.0131e-03 -4.0116e-03 -3.0096e-03 -2.0075e-03 -1.0055e-03 -2.7183e-06 +9.9962e-04 +2.0022e-03 +3.0046e-03 +4.0076e-03 +5.0102e-03 +6.0130e-03 +7.0156e-03 +8.0183e-03 +9.0207e-03 +1.0023e-02 +1.1025e-02 +1.2027e-02 +1.3029e-02 +1.4031e-02 +1.5033e-02 +1.6035e-02 +1.7036e-02 +1.8038e-02 
+0000.00000 -1.8015e-02 -1.7016e-02 -1.6017e-02 -1.5017e-02 -1.4018e-02 -1.3019e-02 -1.2019e-02 -1.1019e-02 -1.0019e-02 -9.0183e-03 -8.0173e-03 -7.0158e-03 -6.0144e-03 -5.0131e-03 -4.0116e-03 -3.0096e-03 -2.0075e-03 -1.0055e-03 -2.7183e-06 +9.9962e-04 +2.0022e-03 +3.0046e-03 +4.0076e-03 +5.0102e-03 +6.0130e-03 +7.0156e-03 +8.0183e-03 +9.0207e-03 +1.0023e-02 +1.1025e-02 +1.2027e-02 +1.3029e-02 +1.4031e-02 +1.5033e-02 +1.6035e-02 +1.7036e-02 +1.8038e-02 
-0000.01200 -1.8015e-02 -1.7016e-02 -1.6017e-02 -1.5017e-02 -1.4018e-02 -1.3019e-02 -1.2019e-02 -1.1019e-02 -1.0019e-02 -9.0183e-03 -8.0173e-03 -7.0158e-03 -6.0144e-03 -5.0131e-03 -4.0116e-03 -3.0096e-03 -2.0075e-03 -1.0055e-03 -2.7183e-06 +9.9962e-04 +2.0022e-03 +3.0046e-03 +4.0076e-03 +5.0102e-03 +6.0130e-03 +7.0156e-03 +8.0183e-03 +9.0207e-03 +1.0023e-02 +1.1025e-02 +1.2027e-02 +1.3029e-02 +1.4031e-02 +1.5033e-02 +1.6035e-02 +1.7036e-02 +1.8038e-02 
# Vertical Final Position [m]
START
            -0000.01800 -0000.01700 -0000.01600 -0000.01500 -0000.01400 -0000.01300 -0000.01200 -0000.01100 -0000.01000 -0000.00900 -0000.00800 -0000.00700 -0000.00600 -0000.00500 -0000.00400 -0000.00300 -0000.00200 -0000.00100 +0000.00000 +0000.00100 +0000.00200 +0000.00300 +0000.00400 +0000.00500 +0000.00600 +0000.00700 +0000.00800 +0000.00900 +0000.01000 +0000.01100 +0000.01200 +0000.01300 +0000.01400 +0000.01500 +0000.01600 +0000.01700 +0000.01800 
+0000.01200 +1.1902e-02 +1.1906e-02 +1.1910e-02 +1.1915e-02 +1.1920e-02 +1.1926e-02 +1.1932e-02 +1.1937e-02 +1.1944e-02 +1.1949e-02 +1.1955e-02 +1.1961e-02 +1.1968e-02 +1.1973e-02 +1.1979e-02 +1.1985e-02 +1.1990e-02 +1.1995e-02 +1.2000e-02 +1.2005e-02 +1.2009e-02 +1.2013e-02 +1.2016e-02 +1.2020e-02 +1.2023e-02 +1.2026e-02 +1.2028e-02 +1.2030e-02 +1.2033e-02 +1.2034e-02 +1.2036e-02 +1.2038e-02 +1.2040e-02 +1.2042e-02 +1.2044e-02 +1.2045e-02 +1.2047e-02 
+0000.00000 -9.8427e-05 -9.4322e-05 -8.9892e-05 -8.4612e-05 -7.9582e-05 -7.4102e-05 -6.8493e-05 -6.2710e-05 -5.6423e-05 -5.0630e-05 -4.4620e-05 -3.8683e-05 -3.2213e-05 -2.6657e-05 -2.0699e-05 -1.4781e-05 -9.5991e-06 -4.5081e-06 +2.8880e-07 +4.7472e-06 +8.9116e-06 +1.2831e-05 +1.6409e-05 +1.9765e-05 +2.2697e-05 +2.5501e-05 +2.8226e-05 +3.0385e-05 +3.2659e-05 +3.4390e-05 +3.6313e-05 +3.8409e-05 +4.0074e-05 +4.1827e-05 +4.3546e-05 +4.5147e-05 +4.7006e-05 
-0000.01200 -1.2098e-02 -1.2094e-02 -1.2090e-02 -1.2085e-02 -1.2080e-02 -1.2074e-02 -1.2068e-02 -1.2063e-02 -1.2056e-02 -1.2051e-02 -1.2045e-02 -1.2039e-02 -1.2032e-02 -1.2027e-02 -1.2021e-02 -1.2015e-02 -1.2010e-02 -1.2005e-02 -1.2000e-02 -1.1995e-02 -1.1991e-02 -1.1987e-02 -1.1984e-02 -1.1980e-02 -1.1977e-02 -1.1974e-02 -1.1972e-02 -1.1970e-02 -1.1967e-02 -1.1966e-02 -1.1964e-02 -1.1962e-02 -1.1960e-02 -1.1958e-02 -1.1956e-02 -1.1955e-02 -1.1953e-02 