# Author: FAC idanalysis.IDKickMap
# Termination_kicks [T2m2]: -7.0539e-04 +9.4395e-04 +2.3032e-04 +7.1849e-04 
# Total Length of Longitudinal Interval [m]
2.773
# Number of Horizontal Points
37
# Number of Vertical Points
3
# Total Horizontal 2nd Order Kick [T2m2]
START
            -0000.01800 -0000.01700 -0000.01600 -0000.01500 -0000.01400 -0000.01300 -0000.01200 -0000.01100 -0000.01000 -0000.00900 -0000.00800 -0000.00700 -0000.00600 -0000.00500 -0000.00400 -0000.00300 -0000.00200 -0000.00100 +0000.00000 +0000.00100 +0000.00200 +0000.00300 +0000.00400 +0000.00500 +0000.00600 +0000.00700 +0000.00800 +0000.00900 +0000.01000 +0000.01100 +0000.01200 +0000.01300 +0000.01400 +0000.01500 +0000.01600 +0000.01700 +0000.01800 
+0000.01200 +8.4002e-04 +8.3375e-04 +7.9628e-04 +7.7039e-04 +7.3196e-04 +6.8379e-04 +6.5724e-04 +6.0522e-04 +5.6170e-04 +5.1307e-04 +4.4204e-04 +3.8825e-04 +3.5649e-04 +3.1110e-04 +2.9769e-04 +2.7087e-04 +2.7556e-04 +2.6039e-04 +2.6907e-04 +2.9507e-04 +3.1498e-04 +3.6879e-04 +4.0556e-04 +4.5627e-04 +5.3230e-04 +6.1187e-04 +6.7846e-04 +7.6557e-04 +8.2146e-04 +8.7905e-04 +9.2014e-04 +9.6158e-04 +9.7540e-04 +9.7838e-04 +9.4977e-04 +9.3866e-04 +8.8255e-04 
+0000.00000 +8.4002e-04 +8.3375e-04 +7.9628e-04 +7.7039e-04 +7.3196e-04 +6.8379e-04 +6.5724e-04 +6.0522e-04 +5.6170e-04 +5.1307e-04 +4.4204e-04 +3.8825e-04 +3.5649e-04 +3.1110e-04 +2.9769e-04 +2.7087e-04 +2.7556e-04 +2.6039e-04 +2.6907e-04 +2.9507e-04 +3.1498e-04 +3.6879e-04 +4.0556e-04 +4.5627e-04 +5.3230e-04 +6.1187e-04 +6.7846e-04 +7.6557e-04 +8.2146e-04 +8.7905e-04 +9.2014e-04 +9.6158e-04 +9.7540e-04 +9.7838e-04 +9.4977e-04 +9.3866e-04 +8.8255e-04 
-0000.01200 +8.4002e-04 +8.3375e-04 +7.9628e-04 +7.7039e-04 +7.3196e-04 +6.8379e-04 +6.5724e-04 +6.0522e-04 +5.6170e-04 +5.1307e-04 +4.4204e-04 +3.8825e-04 +3.5649e-04 +3.1110e-04 +2.9769e-04 +2.7087e-04 +2.7556e-04 +2.6039e-04 +2.6907e-04 +2.9507e-04 +3.1498e-04 +3.6879e-04 +4.0556e-04 +4.5627e-04 +5.3230e-04 +6.1187e-04 +6.7846e-04 +7.6557e-04 +8.2146e-04 +8.7905e-04 +9.2014e-04 +9.6158e-04 +9.7540e-04 +9.7838e-04 +9.4977e-04 +9.3866e-04 +8.8255e-04 
# Total Vertical 2nd Order Kick [T2m2]
START
            -0000.01800 -0000.01700 -0000.01600 -0000.01500 -0000.01400 -0000.01300 -0000.01200 -0000.01100 -0000.01000 -0000.00900 -0000.00800 -0000.00700 -0000.00600 -0000.00500 -0000.00400 -0000.00300 -0000.00200 -0000.00100 +0000.00000 +0000.00100 +0000.00200 +0000.00300 +0000.00400 +0000.00500 +0000.00600 +0000.00700 +0000.00800 +0000.00900 +0000.01000 +0000.01100 +0000.01200 +0000.01300 +0000.01400 +0000.01500 +0000.01600 +0000.01700 +0000.01800 
+0000.01200 -1.6741e-03 -1.6477e-03 -1.6233e-03 -1.5853e-03 -1.5317e-03 -1.4594e-03 -1.3768e-03 -1.2537e-03 -1.1040e-03 -9.4644e-04 -7.8308e-04 -6.0764e-04 -4.3997e-04 -2.8363e-04 -1.2750e-04 +1.6897e-05 +1.0670e-04 +1.8937e-04 +2.3520e-04 +2.3477e-04 +1.9747e-04 +1.5217e-04 +6.5369e-05 -2.9757e-05 -1.4708e-04 -2.9764e-04 -4.2407e-04 -5.6371e-04 -7.0964e-04 -8.2999e-04 -9.4667e-04 -1.0648e-03 -1.1554e-03 -1.2402e-03 -1.3159e-03 -1.3795e-03 -1.4078e-03 
+0000.00000 -1.6741e-03 -1.6477e-03 -1.6233e-03 -1.5853e-03 -1.5317e-03 -1.4594e-03 -1.3768e-03 -1.2537e-03 -1.1040e-03 -9.4644e-04 -7.8308e-04 -6.0764e-04 -4.3997e-04 -2.8363e-04 -1.2750e-04 +1.6897e-05 +1.0670e-04 +1.8937e-04 +2.3520e-04 +2.3477e-04 +1.9747e-04 +1.5217e-04 +6.5369e-05 -2.9757e-05 -1.4708e-04 -2.9764e-04 -4.2407e-04 -5.6371e-04 -7.0964e-04 -8.2999e-04 -9.4667e-04 -1.0648e-03 -1.1554e-03 -1.2402e-03 -1.3159e-03 -1.3795e-03 -1.4078e-03 
-0000.01200 -1.6741e-03 -1.6477e-03 -1.6233e-03 -1.5853e-03 -1.5317e-03 -1.4594e-03 -1.3768e-03 -1.2537e-03 -1.1040e-03 -9.4644e-04 -7.8308e-04 -6.0764e-04 -4.3997e-04 -2.8363e-04 -1.2750e-04 +1.6897e-05 +1.0670e-04 +1.8937e-04 +2.3520e-04 +2.3477e-04 +1.9747e-04 +1.5217e-04 +6.5369e-05 -2.9757e-05 -1.4708e-04 -2.9764e-04 -4.2407e-04 -5.6371e-04 -7.0964e-04 -8.2999e-04 -9.4667e-04 -1.0648e-03 -1.1554e-03 -1.2402e-03 -1.3159e-03 -1.3795e-03 -1.4078e-03 
# Horizontal Final Position [m]
START
            -0000.01800 -0000.01700 -0000.01600 -0000.01500 -0000.01400 -0000.01300 -0000.01200 -0000.01100 -0000.01000 -0000.00900 -0000.00800 -0000.00700 -0000.00600 -0000.00500 -0000.00400 -0000.00300 -0000.00200 -0000.00100 +0000.00000 +0000.00100 +0000.00200 +0000.00300 +0000.00400 +0000.00500 +0000.00600 +0000.00700 +0000.00800 +0000.00900 +0000.01000 +0000.01100 +0000.01200 +0000.01300 +0000.01400 +0000.01500 +0000.01600 +0000.01700 +0000.01800 
+0000.01200 -1.8041e-02 -1.7043e-02 -1.6045e-02 -1.5047e-02 -1.4049e-02 -1.3051e-02 -1.2051e-02 -1.1052e-02 -1.0052e-02 -9.0508e-03 -8.0497e-03 -7.0478e-03 -6.0448e-03 -5.0416e-03 -4.0374e-03 -3.0331e-03 -2.0282e-03 -1.0235e-03 -1.8261e-05 +9.8719e-04 +1.9924e-03 +2.9983e-03 +4.0035e-03 +5.0089e-03 +6.0144e-03 +7.0197e-03 +8.0246e-03 +9.0297e-03 +1.0034e-02 +1.1038e-02 +1.2041e-02 +1.3045e-02 +1.4048e-02 +1.5050e-02 +1.6052e-02 +1.7053e-02 +1.8054e-02 
+0000.00000 -1.8041e-02 -1.7043e-02 -1.6045e-02 -1.5047e-02 -1.4049e-02 -1.3051e-02 -1.2051e-02 -1.1052e-02 -1.0052e-02 -9.0508e-03 -8.0497e-03 -7.0478e-03 -6.0448e-03 -5.0416e-03 -4.0374e-03 -3.0331e-03 -2.0282e-03 -1.0235e-03 -1.8261e-05 +9.8719e-04 +1.9924e-03 +2.9983e-03 +4.0035e-03 +5.0089e-03 +6.0144e-03 +7.0197e-03 +8.0246e-03 +9.0297e-03 +1.0034e-02 +1.1038e-02 +1.2041e-02 +1.3045e-02 +1.4048e-02 +1.5050e-02 +1.6052e-02 +1.7053e-02 +1.8054e-02 
-0000.01200 -1.8041e-02 -1.7043e-02 -1.6045e-02 -1.5047e-02 -1.4049e-02 -1.3051e-02 -1.2051e-02 -1.1052e-02 -1.0052e-02 -9.0508e-03 -8.0497e-03 -7.0478e-03 -6.0448e-03 -5.0416e-03 -4.0374e-03 -3.0331e-03 -2.0282e-03 -1.0235e-03 -1.8261e-05 +9.8719e-04 +1.9924e-03 +2.9983e-03 +4.0035e-03 +5.0089e-03 +6.0144e-03 +7.0197e-03 +8.0246e-03 +9.0297e-03 +1.0034e-02 +1.1038e-02 +1.2041e-02 +1.3045e-02 +1.4048e-02 +1.5050e-02 +1.6052e-02 +1.7053e-02 +1.8054e-02 
# Vertical Final Position [m]
START
            -0000.01800 -0000.01700 -0000.01600 -0000.01500 -0000.01400 -0000.01300 -0000.01200 -0000.01100 -0000.01000 -0000.00900 -0000.00800 -0000.00700 -0000.00600 -0000.00500 -0000.00400 -0000.00300 -0000.00200 -0000.00100 +0000.00000 +0000.00100 +0000.00200 +0000.00300 +0000.00400 +0000.00500 +0000.00600 +0000.00700 +0000.00800 +0000.00900 +0000.01000 +0000.01100 +0000.01200 +0000.01300 +0000.01400 +0000.01500 +0000.01600 +0000.01700 +0000.01800 
+0000.01200 +1.1839e-02 +1.1846e-02 +1.1853e-02 +1.1862e-02 +1.1872e-02 +1.1883e-02 +1.1894e-02 +1.1907e-02 +1.1921e-02 +1.1934e-02 +1.1948e-02 +1.1962e-02 +1.1975e-02 +1.1988e-02 +1.2000e-02 +1.2011e-02 +1.2021e-02 +1.2030e-02 +1.2037e-02 +1.2043e-02 +1.2048e-02 +1.2053e-02 +1.2056e-02 +1.2058e-02 +1.2059e-02 +1.2060e-02 +1.2060e-02 +1.2060e-02 +1.2059e-02 +1.2059e-02 +1.2058e-02 +1.2057e-02 +1.2057e-02 +1.2057e-02 +1.2056e-02 +1.2056e-02 +1.2057e-02 
+0000.00000 -1.6080e-04 -1.5423e-04 -1.4676e-04 -1.3816e-04 -1.2831e-04 -1.1743e-04 -1.0582e-04 -9.2985e-05 -7.9348e-05 -6.5538e-05 -5.1724e-05 -3.7975e-05 -2.4694e-05 -1.2043e-05 -1.1599e-07 +1.1224e-05 +2.0729e-05 +2.9586e-05 +3.7204e-05 +4.3248e-05 +4.8257e-05 +5.2569e-05 +5.5523e-05 +5.7867e-05 +5.9292e-05 +5.9709e-05 +6.0095e-05 +5.9872e-05 +5.9265e-05 +5.8881e-05 +5.8176e-05 +5.7381e-05 +5.6994e-05 +5.6661e-05 +5.6368e-05 +5.6249e-05 +5.6867e-05 
-0000.01200 -1.2161e-02 -1.2154e-02 -1.2147e-02 -1.2138e-02 -1.2128e-02 -1.2117e-02 -1.2106e-02 -1.2093e-02 -1.2079e-02 -1.2066e-02 -1.2052e-02 -1.2038e-02 -1.2025e-02 -1.2012e-02 -1.2000e-02 -1.1989e-02 -1.1979e-02 -1.1970e-02 -1.1963e-02 -1.1957e-02 -1.1952e-02 -1.1947e-02 -1.1944e-02 -1.1942e-02 -1.1941e-02 -1.1940e-02 -1.1940e-02 -1.1940e-02 -1.1941e-02 -1.1941e-02 -1.1942e-02 -1.1943e-02 -1.1943e-02 -1.1943e-02 -1.1944e-02 -1.1944e-02 -1.1943e-02 