# Author: FAC idanalysis.IDKickMap
# Termination_kicks [T2m2]: -2.0741e-04 -3.2891e-05 +5.5802e-04 +7.9403e-04 
# Total Length of Longitudinal Interval [m]
2.77
# Number of Horizontal Points
37
# Number of Vertical Points
3
# Total Horizontal 2nd Order Kick [T2m2]
START
            -0000.01800 -0000.01700 -0000.01600 -0000.01500 -0000.01400 -0000.01300 -0000.01200 -0000.01100 -0000.01000 -0000.00900 -0000.00800 -0000.00700 -0000.00600 -0000.00500 -0000.00400 -0000.00300 -0000.00200 -0000.00100 +0000.00000 +0000.00100 +0000.00200 +0000.00300 +0000.00400 +0000.00500 +0000.00600 +0000.00700 +0000.00800 +0000.00900 +0000.01000 +0000.01100 +0000.01200 +0000.01300 +0000.01400 +0000.01500 +0000.01600 +0000.01700 +0000.01800 
+0000.01200 +2.2792e-04 +2.2051e-04 +1.9044e-04 +1.4227e-04 +1.2788e-04 +1.0744e-04 +8.9613e-05 +6.8560e-05 +3.6300e-05 +8.9047e-06 +1.3176e-05 -6.5736e-06 -1.9978e-05 -3.9383e-05 -6.7248e-05 -5.8195e-05 -7.6194e-05 -9.8858e-05 -7.4584e-05 -7.8874e-05 -8.3645e-05 -9.3271e-05 -7.9744e-05 -5.9588e-05 -5.0196e-05 -1.9366e-05 +6.7684e-06 +5.3419e-05 +5.5831e-05 +9.7219e-05 +1.1054e-04 +1.2083e-04 +1.1609e-04 +1.1902e-04 +1.2500e-04 +1.2327e-04 +1.1335e-04 
+0000.00000 +2.2792e-04 +2.2051e-04 +1.9044e-04 +1.4227e-04 +1.2788e-04 +1.0744e-04 +8.9613e-05 +6.8560e-05 +3.6300e-05 +8.9047e-06 +1.3176e-05 -6.5736e-06 -1.9978e-05 -3.9383e-05 -6.7248e-05 -5.8195e-05 -7.6194e-05 -9.8858e-05 -7.4584e-05 -7.8874e-05 -8.3645e-05 -9.3271e-05 -7.9744e-05 -5.9588e-05 -5.0196e-05 -1.9366e-05 +6.7684e-06 +5.3419e-05 +5.5831e-05 +9.7219e-05 +1.1054e-04 +1.2083e-04 +1.1609e-04 +1.1902e-04 +1.2500e-04 +1.2327e-04 +1.1335e-04 
-0000.01200 +2.2792e-04 +2.2051e-04 +1.9044e-04 +1.4227e-04 +1.2788e-04 +1.0744e-04 +8.9613e-05 +6.8560e-05 +3.6300e-05 +8.9047e-06 +1.3176e-05 -6.5736e-06 -1.9978e-05 -3.9383e-05 -6.7248e-05 -5.8195e-05 -7.6194e-05 -9.8858e-05 -7.4584e-05 -7.8874e-05 -8.3645e-05 -9.3271e-05 -7.9744e-05 -5.9588e-05 -5.0196e-05 -1.9366e-05 +6.7684e-06 +5.3419e-05 +5.5831e-05 +9.7219e-05 +1.1054e-04 +1.2083e-04 +1.1609e-04 +1.1902e-04 +1.2500e-04 +1.2327e-04 +1.1335e-04 
# Total Vertical 2nd Order Kick [T2m2]
START
            -0000.01800 -0000.01700 -0000.01600 -0000.01500 -0000.01400 -0000.01300 -0000.01200 -0000.01100 -0000.01000 -0000.00900 -0000.00800 -0000.00700 -0000.00600 -0000.00500 -0000.00400 -0000.00300 -0000.00200 -0000.00100 +0000.00000 +0000.00100 +0000.00200 +0000.00300 +0000.00400 +0000.00500 +0000.00600 +0000.00700 +0000.00800 +0000.00900 +0000.01000 +0000.01100 +0000.01200 +0000.01300 +0000.01400 +0000.01500 +0000.01600 +0000.01700 +0000.01800 
+0000.01200 -1.1226e-03 -1.1122e-03 -1.0883e-03 -1.0882e-03 -1.0907e-03 -1.0629e-03 -1.0434e-03 -1.0306e-03 -1.0182e-03 -9.8407e-04 -9.5138e-04 -9.4205e-04 -9.2893e-04 -8.9424e-04 -8.6049e-04 -8.3383e-04 -8.2795e-04 -8.0327e-04 -8.0832e-04 -8.0784e-04 -8.0668e-04 -8.1340e-04 -8.2482e-04 -8.1640e-04 -8.2136e-04 -8.2761e-04 -8.2798e-04 -8.3109e-04 -8.3121e-04 -8.2870e-04 -8.2809e-04 -8.2917e-04 -7.9460e-04 -7.7756e-04 -7.4819e-04 -6.8879e-04 -6.5014e-04 
+0000.00000 -1.1226e-03 -1.1122e-03 -1.0883e-03 -1.0882e-03 -1.0907e-03 -1.0629e-03 -1.0434e-03 -1.0306e-03 -1.0182e-03 -9.8407e-04 -9.5138e-04 -9.4205e-04 -9.2893e-04 -8.9424e-04 -8.6049e-04 -8.3383e-04 -8.2795e-04 -8.0327e-04 -8.0832e-04 -8.0784e-04 -8.0668e-04 -8.1340e-04 -8.2482e-04 -8.1640e-04 -8.2136e-04 -8.2761e-04 -8.2798e-04 -8.3109e-04 -8.3121e-04 -8.2870e-04 -8.2809e-04 -8.2917e-04 -7.9460e-04 -7.7756e-04 -7.4819e-04 -6.8879e-04 -6.5014e-04 
-0000.01200 -1.1226e-03 -1.1122e-03 -1.0883e-03 -1.0882e-03 -1.0907e-03 -1.0629e-03 -1.0434e-03 -1.0306e-03 -1.0182e-03 -9.8407e-04 -9.5138e-04 -9.4205e-04 -9.2893e-04 -8.9424e-04 -8.6049e-04 -8.3383e-04 -8.2795e-04 -8.0327e-04 -8.0832e-04 -8.0784e-04 -8.0668e-04 -8.1340e-04 -8.2482e-04 -8.1640e-04 -8.2136e-04 -8.2761e-04 -8.2798e-04 -8.3109e-04 -8.3121e-04 -8.2870e-04 -8.2809e-04 -8.2917e-04 -7.9460e-04 -7.7756e-04 -7.4819e-04 -6.8879e-04 -6.5014e-04 
# Horizontal Final Position [m]
START
            -0000.01800 -0000.01700 -0000.01600 -0000.01500 -0000.01400 -0000.01300 -0000.01200 -0000.01100 -0000.01000 -0000.00900 -0000.00800 -0000.00700 -0000.00600 -0000.00500 -0000.00400 -0000.00300 -0000.00200 -0000.00100 +0000.00000 +0000.00100 +0000.00200 +0000.00300 +0000.00400 +0000.00500 +0000.00600 +0000.00700 +0000.00800 +0000.00900 +0000.01000 +0000.01100 +0000.01200 +0000.01300 +0000.01400 +0000.01500 +0000.01600 +0000.01700 +0000.01800 
+0000.01200 -1.8024e-02 -1.7025e-02 -1.6026e-02 -1.5027e-02 -1.4027e-02 -1.3028e-02 -1.2028e-02 -1.1028e-02 -1.0027e-02 -9.0265e-03 -8.0248e-03 -7.0235e-03 -6.0215e-03 -5.0197e-03 -4.0177e-03 -3.0150e-03 -2.0126e-03 -1.0102e-03 -6.7693e-06 +9.9595e-04 +1.9989e-03 +3.0016e-03 +4.0048e-03 +5.0082e-03 +6.0112e-03 +7.0146e-03 +8.0179e-03 +9.0215e-03 +1.0024e-02 +1.1028e-02 +1.2030e-02 +1.3033e-02 +1.4035e-02 +1.5037e-02 +1.6040e-02 +1.7041e-02 +1.8043e-02 
+0000.00000 -1.8024e-02 -1.7025e-02 -1.6026e-02 -1.5027e-02 -1.4027e-02 -1.3028e-02 -1.2028e-02 -1.1028e-02 -1.0027e-02 -9.0265e-03 -8.0248e-03 -7.0235e-03 -6.0215e-03 -5.0197e-03 -4.0177e-03 -3.0150e-03 -2.0126e-03 -1.0102e-03 -6.7693e-06 +9.9595e-04 +1.9989e-03 +3.0016e-03 +4.0048e-03 +5.0082e-03 +6.0112e-03 +7.0146e-03 +8.0179e-03 +9.0215e-03 +1.0024e-02 +1.1028e-02 +1.2030e-02 +1.3033e-02 +1.4035e-02 +1.5037e-02 +1.6040e-02 +1.7041e-02 +1.8043e-02 
-0000.01200 -1.8024e-02 -1.7025e-02 -1.6026e-02 -1.5027e-02 -1.4027e-02 -1.3028e-02 -1.2028e-02 -1.1028e-02 -1.0027e-02 -9.0265e-03 -8.0248e-03 -7.0235e-03 -6.0215e-03 -5.0197e-03 -4.0177e-03 -3.0150e-03 -2.0126e-03 -1.0102e-03 -6.7693e-06 +9.9595e-04 +1.9989e-03 +3.0016e-03 +4.0048e-03 +5.0082e-03 +6.0112e-03 +7.0146e-03 +8.0179e-03 +9.0215e-03 +1.0024e-02 +1.1028e-02 +1.2030e-02 +1.3033e-02 +1.4035e-02 +1.5037e-02 +1.6040e-02 +1.7041e-02 +1.8043e-02 
# Vertical Final Position [m]
START
            -0000.01800 -0000.01700 -0000.01600 -0000.01500 -0000.01400 -0000.01300 -0000.01200 -0000.01100 -0000.01000 -0000.00900 -0000.00800 -0000.00700 -0000.00600 -0000.00500 -0000.00400 -0000.00300 -0000.00200 -0000.00100 +0000.00000 +0000.00100 +0000.00200 +0000.00300 +0000.00400 +0000.00500 +0000.00600 +0000.00700 +0000.00800 +0000.00900 +0000.01000 +0000.01100 +0000.01200 +0000.01300 +0000.01400 +0000.01500 +0000.01600 +0000.01700 +0000.01800 
+0000.01200 +1.1871e-02 +1.1876e-02 +1.1881e-02 +1.1887e-02 +1.1892e-02 +1.1899e-02 +1.1906e-02 +1.1913e-02 +1.1920e-02 +1.1927e-02 +1.1935e-02 +1.1942e-02 +1.1949e-02 +1.1956e-02 +1.1963e-02 +1.1970e-02 +1.1976e-02 +1.1982e-02 +1.1988e-02 +1.1993e-02 +1.1998e-02 +1.2002e-02 +1.2006e-02 +1.2010e-02 +1.2014e-02 +1.2017e-02 +1.2020e-02 +1.2023e-02 +1.2025e-02 +1.2028e-02 +1.2030e-02 +1.2032e-02 +1.2035e-02 +1.2037e-02 +1.2039e-02 +1.2042e-02 +1.2044e-02 
+0000.00000 -1.2900e-04 -1.2430e-04 -1.1895e-04 -1.1347e-04 -1.0783e-04 -1.0112e-04 -9.4331e-05 -8.7363e-05 -8.0287e-05 -7.2735e-05 -6.5123e-05 -5.8043e-05 -5.1056e-05 -4.3774e-05 -3.6670e-05 -2.9984e-05 -2.3892e-05 -1.7751e-05 -1.2396e-05 -7.3247e-06 -2.4460e-06 +1.9743e-06 +6.0603e-06 +1.0113e-05 +1.3653e-05 +1.6871e-05 +1.9930e-05 +2.2749e-05 +2.5362e-05 +2.7763e-05 +3.0013e-05 +3.2039e-05 +3.4610e-05 +3.6621e-05 +3.8885e-05 +4.1579e-05 +4.3805e-05 
-0000.01200 -1.2129e-02 -1.2124e-02 -1.2119e-02 -1.2113e-02 -1.2108e-02 -1.2101e-02 -1.2094e-02 -1.2087e-02 -1.2080e-02 -1.2073e-02 -1.2065e-02 -1.2058e-02 -1.2051e-02 -1.2044e-02 -1.2037e-02 -1.2030e-02 -1.2024e-02 -1.2018e-02 -1.2012e-02 -1.2007e-02 -1.2002e-02 -1.1998e-02 -1.1994e-02 -1.1990e-02 -1.1986e-02 -1.1983e-02 -1.1980e-02 -1.1977e-02 -1.1975e-02 -1.1972e-02 -1.1970e-02 -1.1968e-02 -1.1965e-02 -1.1963e-02 -1.1961e-02 -1.1958e-02 -1.1956e-02 