# Author: FAC idanalysis.IDKickMap
# Termination_kicks [T2m2]: -8.1838e-04 +4.8209e-04 +2.2664e-04 +3.6099e-04 
# Total Length of Longitudinal Interval [m]
2.77
# Number of Horizontal Points
37
# Number of Vertical Points
3
# Total Horizontal 2nd Order Kick [T2m2]
START
            -0000.01800 -0000.01700 -0000.01600 -0000.01500 -0000.01400 -0000.01300 -0000.01200 -0000.01100 -0000.01000 -0000.00900 -0000.00800 -0000.00700 -0000.00600 -0000.00500 -0000.00400 -0000.00300 -0000.00200 -0000.00100 +0000.00000 +0000.00100 +0000.00200 +0000.00300 +0000.00400 +0000.00500 +0000.00600 +0000.00700 +0000.00800 +0000.00900 +0000.01000 +0000.01100 +0000.01200 +0000.01300 +0000.01400 +0000.01500 +0000.01600 +0000.01700 +0000.01800 
+0000.01200 +8.5917e-04 +8.5911e-04 +8.6628e-04 +8.2263e-04 +8.1469e-04 +8.2377e-04 +8.0264e-04 +7.7003e-04 +7.5038e-04 +7.3759e-04 +7.5016e-04 +7.1595e-04 +6.7125e-04 +6.7023e-04 +6.5003e-04 +6.2019e-04 +5.7099e-04 +5.2379e-04 +4.8721e-04 +4.4479e-04 +4.2029e-04 +4.2908e-04 +4.3522e-04 +4.7582e-04 +5.2441e-04 +6.0590e-04 +7.0802e-04 +8.0800e-04 +8.7618e-04 +9.7132e-04 +1.0242e-03 +1.0680e-03 +1.0784e-03 +1.0700e-03 +1.0528e-03 +1.0217e-03 +9.5559e-04 
+0000.00000 +8.5917e-04 +8.5911e-04 +8.6628e-04 +8.2263e-04 +8.1469e-04 +8.2377e-04 +8.0264e-04 +7.7003e-04 +7.5038e-04 +7.3759e-04 +7.5016e-04 +7.1595e-04 +6.7125e-04 +6.7023e-04 +6.5003e-04 +6.2019e-04 +5.7099e-04 +5.2379e-04 +4.8721e-04 +4.4479e-04 +4.2029e-04 +4.2908e-04 +4.3522e-04 +4.7582e-04 +5.2441e-04 +6.0590e-04 +7.0802e-04 +8.0800e-04 +8.7618e-04 +9.7132e-04 +1.0242e-03 +1.0680e-03 +1.0784e-03 +1.0700e-03 +1.0528e-03 +1.0217e-03 +9.5559e-04 
-0000.01200 +8.5917e-04 +8.5911e-04 +8.6628e-04 +8.2263e-04 +8.1469e-04 +8.2377e-04 +8.0264e-04 +7.7003e-04 +7.5038e-04 +7.3759e-04 +7.5016e-04 +7.1595e-04 +6.7125e-04 +6.7023e-04 +6.5003e-04 +6.2019e-04 +5.7099e-04 +5.2379e-04 +4.8721e-04 +4.4479e-04 +4.2029e-04 +4.2908e-04 +4.3522e-04 +4.7582e-04 +5.2441e-04 +6.0590e-04 +7.0802e-04 +8.0800e-04 +8.7618e-04 +9.7132e-04 +1.0242e-03 +1.0680e-03 +1.0784e-03 +1.0700e-03 +1.0528e-03 +1.0217e-03 +9.5559e-04 
# Total Vertical 2nd Order Kick [T2m2]
START
            -0000.01800 -0000.01700 -0000.01600 -0000.01500 -0000.01400 -0000.01300 -0000.01200 -0000.01100 -0000.01000 -0000.00900 -0000.00800 -0000.00700 -0000.00600 -0000.00500 -0000.00400 -0000.00300 -0000.00200 -0000.00100 +0000.00000 +0000.00100 +0000.00200 +0000.00300 +0000.00400 +0000.00500 +0000.00600 +0000.00700 +0000.00800 +0000.00900 +0000.01000 +0000.01100 +0000.01200 +0000.01300 +0000.01400 +0000.01500 +0000.01600 +0000.01700 +0000.01800 
+0000.01200 -7.9592e-04 -8.4421e-04 -8.8783e-04 -9.0378e-04 -9.3033e-04 -9.4410e-04 -9.2790e-04 -8.9133e-04 -8.4758e-04 -7.8206e-04 -6.9798e-04 -6.5709e-04 -5.9507e-04 -5.3217e-04 -4.9553e-04 -4.6695e-04 -4.4842e-04 -4.4975e-04 -4.6003e-04 -4.7701e-04 -5.0490e-04 -5.1551e-04 -5.5856e-04 -5.9039e-04 -6.4238e-04 -6.7834e-04 -7.2313e-04 -7.6261e-04 -8.0738e-04 -8.3253e-04 -8.8170e-04 -9.0426e-04 -9.1508e-04 -9.1384e-04 -9.3255e-04 -9.2191e-04 -8.8584e-04 
+0000.00000 -7.9592e-04 -8.4421e-04 -8.8783e-04 -9.0378e-04 -9.3033e-04 -9.4410e-04 -9.2790e-04 -8.9133e-04 -8.4758e-04 -7.8206e-04 -6.9798e-04 -6.5709e-04 -5.9507e-04 -5.3217e-04 -4.9553e-04 -4.6695e-04 -4.4842e-04 -4.4975e-04 -4.6003e-04 -4.7701e-04 -5.0490e-04 -5.1551e-04 -5.5856e-04 -5.9039e-04 -6.4238e-04 -6.7834e-04 -7.2313e-04 -7.6261e-04 -8.0738e-04 -8.3253e-04 -8.8170e-04 -9.0426e-04 -9.1508e-04 -9.1384e-04 -9.3255e-04 -9.2191e-04 -8.8584e-04 
-0000.01200 -7.9592e-04 -8.4421e-04 -8.8783e-04 -9.0378e-04 -9.3033e-04 -9.4410e-04 -9.2790e-04 -8.9133e-04 -8.4758e-04 -7.8206e-04 -6.9798e-04 -6.5709e-04 -5.9507e-04 -5.3217e-04 -4.9553e-04 -4.6695e-04 -4.4842e-04 -4.4975e-04 -4.6003e-04 -4.7701e-04 -5.0490e-04 -5.1551e-04 -5.5856e-04 -5.9039e-04 -6.4238e-04 -6.7834e-04 -7.2313e-04 -7.6261e-04 -8.0738e-04 -8.3253e-04 -8.8170e-04 -9.0426e-04 -9.1508e-04 -9.1384e-04 -9.3255e-04 -9.2191e-04 -8.8584e-04 
# Horizontal Final Position [m]
START
            -0000.01800 -0000.01700 -0000.01600 -0000.01500 -0000.01400 -0000.01300 -0000.01200 -0000.01100 -0000.01000 -0000.00900 -0000.00800 -0000.00700 -0000.00600 -0000.00500 -0000.00400 -0000.00300 -0000.00200 -0000.00100 +0000.00000 +0000.00100 +0000.00200 +0000.00300 +0000.00400 +0000.00500 +0000.00600 +0000.00700 +0000.00800 +0000.00900 +0000.01000 +0000.01100 +0000.01200 +0000.01300 +0000.01400 +0000.01500 +0000.01600 +0000.01700 +0000.01800 
+0000.01200 -1.8043e-02 -1.7045e-02 -1.6047e-02 -1.5049e-02 -1.4051e-02 -1.3051e-02 -1.2052e-02 -1.1052e-02 -1.0052e-02 -9.0499e-03 -8.0470e-03 -7.0445e-03 -6.0415e-03 -5.0374e-03 -4.0333e-03 -3.0293e-03 -2.0257e-03 -1.0221e-03 -1.8401e-05 +9.8511e-04 +1.9888e-03 +2.9932e-03 +3.9976e-03 +5.0025e-03 +6.0076e-03 +7.0131e-03 +8.0190e-03 +9.0246e-03 +1.0030e-02 +1.1035e-02 +1.2039e-02 +1.3043e-02 +1.4046e-02 +1.5049e-02 +1.6051e-02 +1.7053e-02 +1.8054e-02 
+0000.00000 -1.8043e-02 -1.7045e-02 -1.6047e-02 -1.5049e-02 -1.4051e-02 -1.3051e-02 -1.2052e-02 -1.1052e-02 -1.0052e-02 -9.0499e-03 -8.0470e-03 -7.0445e-03 -6.0415e-03 -5.0374e-03 -4.0333e-03 -3.0293e-03 -2.0257e-03 -1.0221e-03 -1.8401e-05 +9.8511e-04 +1.9888e-03 +2.9932e-03 +3.9976e-03 +5.0025e-03 +6.0076e-03 +7.0131e-03 +8.0190e-03 +9.0246e-03 +1.0030e-02 +1.1035e-02 +1.2039e-02 +1.3043e-02 +1.4046e-02 +1.5049e-02 +1.6051e-02 +1.7053e-02 +1.8054e-02 
-0000.01200 -1.8043e-02 -1.7045e-02 -1.6047e-02 -1.5049e-02 -1.4051e-02 -1.3051e-02 -1.2052e-02 -1.1052e-02 -1.0052e-02 -9.0499e-03 -8.0470e-03 -7.0445e-03 -6.0415e-03 -5.0374e-03 -4.0333e-03 -3.0293e-03 -2.0257e-03 -1.0221e-03 -1.8401e-05 +9.8511e-04 +1.9888e-03 +2.9932e-03 +3.9976e-03 +5.0025e-03 +6.0076e-03 +7.0131e-03 +8.0190e-03 +9.0246e-03 +1.0030e-02 +1.1035e-02 +1.2039e-02 +1.3043e-02 +1.4046e-02 +1.5049e-02 +1.6051e-02 +1.7053e-02 +1.8054e-02 
# Vertical Final Position [m]
START
            -0000.01800 -0000.01700 -0000.01600 -0000.01500 -0000.01400 -0000.01300 -0000.01200 -0000.01100 -0000.01000 -0000.00900 -0000.00800 -0000.00700 -0000.00600 -0000.00500 -0000.00400 -0000.00300 -0000.00200 -0000.00100 +0000.00000 +0000.00100 +0000.00200 +0000.00300 +0000.00400 +0000.00500 +0000.00600 +0000.00700 +0000.00800 +0000.00900 +0000.01000 +0000.01100 +0000.01200 +0000.01300 +0000.01400 +0000.01500 +0000.01600 +0000.01700 +0000.01800 
+0000.01200 +1.1833e-02 +1.1839e-02 +1.1846e-02 +1.1854e-02 +1.1863e-02 +1.1873e-02 +1.1884e-02 +1.1896e-02 +1.1908e-02 +1.1921e-02 +1.1934e-02 +1.1945e-02 +1.1957e-02 +1.1968e-02 +1.1978e-02 +1.1987e-02 +1.1995e-02 +1.2003e-02 +1.2009e-02 +1.2015e-02 +1.2021e-02 +1.2026e-02 +1.2030e-02 +1.2034e-02 +1.2037e-02 +1.2040e-02 +1.2042e-02 +1.2043e-02 +1.2045e-02 +1.2046e-02 +1.2046e-02 +1.2047e-02 +1.2048e-02 +1.2049e-02 +1.2050e-02 +1.2051e-02 +1.2053e-02 
+0000.00000 -1.6663e-04 -1.6104e-04 -1.5439e-04 -1.4632e-04 -1.3730e-04 -1.2728e-04 -1.1618e-04 -1.0424e-04 -9.1908e-05 -7.9105e-05 -6.6243e-05 -5.4564e-05 -4.2949e-05 -3.1961e-05 -2.2118e-05 -1.3017e-05 -4.8252e-06 +2.5597e-06 +9.2848e-06 +1.5303e-05 +2.0767e-05 +2.5964e-05 +3.0097e-05 +3.3955e-05 +3.6944e-05 +3.9562e-05 +4.1644e-05 +4.3378e-05 +4.4652e-05 +4.5813e-05 +4.6355e-05 +4.7285e-05 +4.8226e-05 +4.9254e-05 +4.9936e-05 +5.1142e-05 +5.2819e-05 
-0000.01200 -1.2167e-02 -1.2161e-02 -1.2154e-02 -1.2146e-02 -1.2137e-02 -1.2127e-02 -1.2116e-02 -1.2104e-02 -1.2092e-02 -1.2079e-02 -1.2066e-02 -1.2055e-02 -1.2043e-02 -1.2032e-02 -1.2022e-02 -1.2013e-02 -1.2005e-02 -1.1997e-02 -1.1991e-02 -1.1985e-02 -1.1979e-02 -1.1974e-02 -1.1970e-02 -1.1966e-02 -1.1963e-02 -1.1960e-02 -1.1958e-02 -1.1957e-02 -1.1955e-02 -1.1954e-02 -1.1954e-02 -1.1953e-02 -1.1952e-02 -1.1951e-02 -1.1950e-02 -1.1949e-02 -1.1947e-02 