# Author: FAC idanalysis.IDKickMap
# Termination_kicks [T2m2]: -6.8463e-06 +1.6493e-06 -2.0181e-05 +1.0403e-06 
# Total Length of Longitudinal Interval [m]
2.773
# Number of Horizontal Points
21
# Number of Vertical Points
5
# Total Horizontal 2nd Order Kick [T2m2]
START
            -0000.01000 -0000.00900 -0000.00800 -0000.00700 -0000.00600 -0000.00500 -0000.00400 -0000.00300 -0000.00200 -0000.00100 +0000.00000 +0000.00100 +0000.00200 +0000.00300 +0000.00400 +0000.00500 +0000.00600 +0000.00700 +0000.00800 +0000.00900 +0000.01000 
+0000.00600 -2.5215e-05 -4.0132e-05 -5.7492e-05 -7.6758e-05 -9.6505e-05 -1.1379e-04 -1.2351e-04 -1.1837e-04 -9.0844e-05 -3.8173e-05 +3.1957e-05 +1.0209e-04 +1.5478e-04 +1.8234e-04 +1.8750e-04 +1.7780e-04 +1.6052e-04 +1.4079e-04 +1.2152e-04 +1.0417e-04 +8.9248e-05 
+0000.00300 -1.3785e-04 -1.5970e-04 -1.7946e-04 -1.9474e-04 -2.0254e-04 -1.9955e-04 -1.8262e-04 -1.4963e-04 -1.0051e-04 -3.8050e-05 +3.2034e-05 +1.0212e-04 +1.6458e-04 +2.1370e-04 +2.4669e-04 +2.6362e-04 +2.6661e-04 +2.5881e-04 +2.4353e-04 +2.2377e-04 +2.0191e-04 
+0000.00000 -1.8176e-04 -2.0684e-04 -2.2840e-04 -2.4353e-04 -2.4885e-04 -2.4094e-04 -2.1698e-04 -1.7559e-04 -1.1759e-04 -4.6427e-05 +3.2045e-05 +1.1052e-04 +1.8168e-04 +2.3968e-04 +2.8107e-04 +3.0502e-04 +3.1293e-04 +3.0761e-04 +2.9248e-04 +2.7091e-04 +2.4584e-04 
-0000.00300 -1.3785e-04 -1.5970e-04 -1.7946e-04 -1.9473e-04 -2.0253e-04 -1.9954e-04 -1.8261e-04 -1.4962e-04 -1.0050e-04 -3.8029e-05 +3.2056e-05 +1.0214e-04 +1.6460e-04 +2.1372e-04 +2.4670e-04 +2.6363e-04 +2.6662e-04 +2.5881e-04 +2.4353e-04 +2.2377e-04 +2.0192e-04 
-0000.00600 -2.5220e-05 -4.0134e-05 -5.7486e-05 -7.6743e-05 -9.6476e-05 -1.1374e-04 -1.2344e-04 -1.1827e-04 -9.0700e-05 -3.7997e-05 +3.2150e-05 +1.0228e-04 +1.5495e-04 +1.8247e-04 +1.8760e-04 +1.7787e-04 +1.6057e-04 +1.4082e-04 +1.2155e-04 +1.0418e-04 +8.9262e-05 
# Total Vertical 2nd Order Kick [T2m2]
START
            -0000.01000 -0000.00900 -0000.00800 -0000.00700 -0000.00600 -0000.00500 -0000.00400 -0000.00300 -0000.00200 -0000.00100 +0000.00000 +0000.00100 +0000.00200 +0000.00300 +0000.00400 +0000.00500 +0000.00600 +0000.00700 +0000.00800 +0000.00900 +0000.01000 
+0000.00600 -2.4801e-03 -2.4376e-03 -2.3951e-03 -2.3557e-03 -2.3233e-03 -2.3028e-03 -2.2983e-03 -2.3111e-03 -2.3363e-03 -2.3616e-03 -2.3723e-03 -2.3615e-03 -2.3363e-03 -2.3111e-03 -2.2983e-03 -2.3027e-03 -2.3232e-03 -2.3556e-03 -2.3951e-03 -2.4376e-03 -2.4801e-03 
+0000.00300 -8.8347e-04 -8.5387e-04 -8.2258e-04 -7.9070e-04 -7.5967e-04 -7.3112e-04 -7.0661e-04 -6.8731e-04 -6.7377e-04 -6.6590e-04 -6.6334e-04 -6.6589e-04 -6.7375e-04 -6.8728e-04 -7.0657e-04 -7.3108e-04 -7.5963e-04 -7.9065e-04 -8.2253e-04 -8.5382e-04 -8.8342e-04 
+0000.00000 -2.7962e-06 -2.7952e-06 -2.7940e-06 -2.7926e-06 -2.7911e-06 -2.7894e-06 -2.7874e-06 -2.7852e-06 -2.7825e-06 -2.7796e-06 -2.7765e-06 -2.7735e-06 -2.7706e-06 -2.7680e-06 -2.7658e-06 -2.7638e-06 -2.7621e-06 -2.7605e-06 -2.7591e-06 -2.7577e-06 -2.7565e-06 
-0000.00300 +8.7788e-04 +8.4827e-04 +8.1699e-04 +7.8511e-04 +7.5408e-04 +7.2554e-04 +7.0103e-04 +6.8174e-04 +6.6820e-04 +6.6034e-04 +6.5779e-04 +6.6035e-04 +6.6821e-04 +6.8175e-04 +7.0105e-04 +7.2556e-04 +7.5411e-04 +7.8514e-04 +8.1702e-04 +8.4831e-04 +8.7792e-04 
-0000.00600 +2.4745e-03 +2.4320e-03 +2.3895e-03 +2.3501e-03 +2.3177e-03 +2.2972e-03 +2.2928e-03 +2.3056e-03 +2.3307e-03 +2.3560e-03 +2.3667e-03 +2.3560e-03 +2.3307e-03 +2.3056e-03 +2.2928e-03 +2.2972e-03 +2.3177e-03 +2.3501e-03 +2.3896e-03 +2.4321e-03 +2.4746e-03 
# Horizontal Final Position [m]
START
            -0000.01000 -0000.00900 -0000.00800 -0000.00700 -0000.00600 -0000.00500 -0000.00400 -0000.00300 -0000.00200 -0000.00100 +0000.00000 +0000.00100 +0000.00200 +0000.00300 +0000.00400 +0000.00500 +0000.00600 +0000.00700 +0000.00800 +0000.00900 +0000.01000 
+0000.00600 -1.0004e-02 -9.0040e-03 -8.0043e-03 -7.0047e-03 -6.0051e-03 -5.0054e-03 -4.0056e-03 -3.0055e-03 -2.0051e-03 -1.0041e-03 -2.8662e-06 +9.9841e-04 +1.9994e-03 +2.9999e-03 +4.0000e-03 +4.9999e-03 +5.9996e-03 +6.9992e-03 +7.9989e-03 +8.9986e-03 +9.9983e-03 
+0000.00300 -1.0006e-02 -9.0061e-03 -8.0065e-03 -7.0068e-03 -6.0069e-03 -5.0069e-03 -4.0066e-03 -3.0060e-03 -2.0051e-03 -1.0040e-03 -2.7235e-06 +9.9854e-04 +1.9997e-03 +3.0006e-03 +4.0012e-03 +5.0015e-03 +6.0015e-03 +7.0014e-03 +8.0011e-03 +9.0008e-03 +1.0000e-02 
+0000.00000 -1.0007e-02 -9.0070e-03 -8.0074e-03 -7.0076e-03 -6.0077e-03 -5.0076e-03 -4.0072e-03 -3.0064e-03 -2.0054e-03 -1.0041e-03 -2.6535e-06 +9.9877e-04 +2.0001e-03 +3.0011e-03 +4.0019e-03 +5.0023e-03 +6.0024e-03 +7.0023e-03 +8.0021e-03 +9.0017e-03 +1.0001e-02 
-0000.00300 -1.0006e-02 -9.0061e-03 -8.0065e-03 -7.0067e-03 -6.0069e-03 -5.0068e-03 -4.0065e-03 -3.0059e-03 -2.0050e-03 -1.0039e-03 -2.5814e-06 +9.9868e-04 +1.9998e-03 +3.0007e-03 +4.0013e-03 +5.0016e-03 +6.0016e-03 +7.0015e-03 +8.0012e-03 +9.0008e-03 +1.0000e-02 
-0000.00600 -1.0004e-02 -9.0039e-03 -8.0042e-03 -7.0046e-03 -6.0049e-03 -5.0052e-03 -4.0053e-03 -3.0052e-03 -2.0047e-03 -1.0037e-03 -2.4264e-06 +9.9883e-04 +1.9998e-03 +3.0002e-03 +4.0003e-03 +5.0001e-03 +5.9997e-03 +6.9994e-03 +7.9990e-03 +8.9987e-03 +9.9984e-03 
# Vertical Final Position [m]
START
            -0000.01000 -0000.00900 -0000.00800 -0000.00700 -0000.00600 -0000.00500 -0000.00400 -0000.00300 -0000.00200 -0000.00100 +0000.00000 +0000.00100 +0000.00200 +0000.00300 +0000.00400 +0000.00500 +0000.00600 +0000.00700 +0000.00800 +0000.00900 +0000.01000 
+0000.00600 +5.9555e-03 +5.9562e-03 +5.9570e-03 +5.9577e-03 +5.9582e-03 +5.9586e-03 +5.9586e-03 +5.9584e-03 +5.9578e-03 +5.9573e-03 +5.9570e-03 +5.9572e-03 +5.9576e-03 +5.9580e-03 +5.9582e-03 +5.9580e-03 +5.9576e-03 +5.9570e-03 +5.9563e-03 +5.9555e-03 +5.9547e-03 
+0000.00300 +2.9842e-03 +2.9848e-03 +2.9853e-03 +2.9859e-03 +2.9864e-03 +2.9869e-03 +2.9874e-03 +2.9877e-03 +2.9879e-03 +2.9880e-03 +2.9880e-03 +2.9880e-03 +2.9878e-03 +2.9875e-03 +2.9871e-03 +2.9867e-03 +2.9861e-03 +2.9856e-03 +2.9850e-03 +2.9844e-03 +2.9839e-03 
+0000.00000 +1.3255e-07 +1.2651e-07 +1.1907e-07 +1.1003e-07 +9.9182e-08 +8.6397e-08 +7.1621e-08 +5.4936e-08 +3.6594e-08 +1.7016e-08 -3.2209e-09 -2.3458e-08 -4.3036e-08 -6.1380e-08 -7.8066e-08 -9.2844e-08 -1.0563e-07 -1.1648e-07 -1.2553e-07 -1.3297e-07 -1.3901e-07 
-0000.00300 -2.9839e-03 -2.9844e-03 -2.9850e-03 -2.9856e-03 -2.9862e-03 -2.9867e-03 -2.9872e-03 -2.9875e-03 -2.9878e-03 -2.9880e-03 -2.9880e-03 -2.9880e-03 -2.9879e-03 -2.9877e-03 -2.9874e-03 -2.9869e-03 -2.9864e-03 -2.9859e-03 -2.9853e-03 -2.9848e-03 -2.9842e-03 
-0000.00600 -5.9548e-03 -5.9555e-03 -5.9563e-03 -5.9570e-03 -5.9576e-03 -5.9580e-03 -5.9581e-03 -5.9580e-03 -5.9576e-03 -5.9572e-03 -5.9571e-03 -5.9573e-03 -5.9579e-03 -5.9584e-03 -5.9587e-03 -5.9586e-03 -5.9583e-03 -5.9577e-03 -5.9570e-03 -5.9562e-03 -5.9554e-03 