# Author: FAC idanalysis.IDKickMap
# Termination_kicks [T2m2]: +1.1630e-06 -1.8491e-06 -7.7820e-06 -1.0292e-06 
# Total Length of Longitudinal Interval [m]
2.773
# Number of Horizontal Points
21
# Number of Vertical Points
5
# Total Horizontal 2nd Order Kick [T2m2]
START
            -0000.01000 -0000.00900 -0000.00800 -0000.00700 -0000.00600 -0000.00500 -0000.00400 -0000.00300 -0000.00200 -0000.00100 +0000.00000 +0000.00100 +0000.00200 +0000.00300 +0000.00400 +0000.00500 +0000.00600 +0000.00700 +0000.00800 +0000.00900 +0000.01000 
+0000.00600 -4.6566e-05 -5.8651e-05 -7.3181e-05 -8.9866e-05 -1.0769e-04 -1.2429e-04 -1.3506e-04 -1.3268e-04 -1.0849e-04 -5.7920e-05 +1.1891e-05 +8.1642e-05 +1.3206e-04 +1.5608e-04 +1.5831e-04 +1.4743e-04 +1.3076e-04 +1.1288e-04 +9.6172e-05 +8.1627e-05 +6.9536e-05 
+0000.00300 -1.1463e-04 -1.3057e-04 -1.4554e-04 -1.5774e-04 -1.6483e-04 -1.6408e-04 -1.5272e-04 -1.2869e-04 -9.1503e-05 -4.3175e-05 +1.1613e-05 +6.6395e-05 +1.1471e-04 +1.5187e-04 +1.7587e-04 +1.8720e-04 +1.8793e-04 +1.8082e-04 +1.6861e-04 +1.5363e-04 +1.3768e-04 
+0000.00000 -1.4296e-04 -1.6126e-04 -1.7761e-04 -1.8980e-04 -1.9519e-04 -1.9094e-04 -1.7459e-04 -1.4472e-04 -1.0168e-04 -4.8040e-05 +1.1547e-05 +7.1133e-05 +1.2478e-04 +1.6781e-04 +1.9768e-04 +2.1403e-04 +2.1827e-04 +2.1289e-04 +2.0069e-04 +1.8434e-04 +1.6604e-04 
-0000.00300 -1.1460e-04 -1.3055e-04 -1.4553e-04 -1.5774e-04 -1.6484e-04 -1.6411e-04 -1.5278e-04 -1.2877e-04 -9.1612e-05 -4.3301e-05 +1.1481e-05 +6.6268e-05 +1.1459e-04 +1.5178e-04 +1.7581e-04 +1.8716e-04 +1.8791e-04 +1.8082e-04 +1.6862e-04 +1.5365e-04 +1.3770e-04 
-0000.00600 -4.6521e-05 -5.8608e-05 -7.3148e-05 -8.9856e-05 -1.0773e-04 -1.2439e-04 -1.3526e-04 -1.3302e-04 -1.0898e-04 -5.8538e-05 +1.1239e-05 +8.1067e-05 +1.3163e-04 +1.5581e-04 +1.5818e-04 +1.4741e-04 +1.3081e-04 +1.1298e-04 +9.6289e-05 +8.1756e-05 +6.9668e-05 
# Total Vertical 2nd Order Kick [T2m2]
START
            -0000.01000 -0000.00900 -0000.00800 -0000.00700 -0000.00600 -0000.00500 -0000.00400 -0000.00300 -0000.00200 -0000.00100 +0000.00000 +0000.00100 +0000.00200 +0000.00300 +0000.00400 +0000.00500 +0000.00600 +0000.00700 +0000.00800 +0000.00900 +0000.01000 
+0000.00600 -2.4441e-03 -2.4206e-03 -2.3981e-03 -2.3793e-03 -2.3675e-03 -2.3669e-03 -2.3816e-03 -2.4125e-03 -2.4543e-03 -2.4923e-03 -2.5078e-03 -2.4921e-03 -2.4540e-03 -2.4121e-03 -2.3812e-03 -2.3665e-03 -2.3671e-03 -2.3790e-03 -2.3979e-03 -2.4204e-03 -2.4439e-03 
+0000.00300 -8.8984e-04 -8.7094e-04 -8.5084e-04 -8.3033e-04 -8.1044e-04 -7.9236e-04 -7.7721e-04 -7.6576e-04 -7.5817e-04 -7.5403e-04 -7.5273e-04 -7.5399e-04 -7.5809e-04 -7.6566e-04 -7.7710e-04 -7.9224e-04 -8.1033e-04 -8.3023e-04 -8.5075e-04 -8.7086e-04 -8.8977e-04 
+0000.00000 +2.8958e-06 +2.8916e-06 +2.8880e-06 +2.8853e-06 +2.8840e-06 +2.8844e-06 +2.8868e-06 +2.8913e-06 +2.8977e-06 +2.9056e-06 +2.9144e-06 +2.9232e-06 +2.9314e-06 +2.9382e-06 +2.9431e-06 +2.9460e-06 +2.9469e-06 +2.9460e-06 +2.9437e-06 +2.9404e-06 +2.9365e-06 
-0000.00300 +8.9561e-04 +8.7669e-04 +8.5659e-04 +8.3606e-04 +8.1616e-04 +7.9808e-04 +7.8293e-04 +7.7149e-04 +7.6392e-04 +7.5982e-04 +7.5855e-04 +7.5985e-04 +7.6399e-04 +7.7158e-04 +7.8303e-04 +7.9818e-04 +8.1626e-04 +8.3616e-04 +8.5667e-04 +8.7676e-04 +8.9567e-04 
-0000.00600 +2.4497e-03 +2.4262e-03 +2.4037e-03 +2.3848e-03 +2.3730e-03 +2.3724e-03 +2.3870e-03 +2.4180e-03 +2.4598e-03 +2.4979e-03 +2.5137e-03 +2.4981e-03 +2.4601e-03 +2.4183e-03 +2.3873e-03 +2.3727e-03 +2.3732e-03 +2.3851e-03 +2.4039e-03 +2.4264e-03 +2.4499e-03 
# Horizontal Final Position [m]
START
            -0000.01000 -0000.00900 -0000.00800 -0000.00700 -0000.00600 -0000.00500 -0000.00400 -0000.00300 -0000.00200 -0000.00100 +0000.00000 +0000.00100 +0000.00200 +0000.00300 +0000.00400 +0000.00500 +0000.00600 +0000.00700 +0000.00800 +0000.00900 +0000.01000 
+0000.00600 -1.0003e-02 -9.0036e-03 -8.0038e-03 -7.0041e-03 -6.0044e-03 -5.0047e-03 -4.0048e-03 -3.0047e-03 -2.0042e-03 -1.0033e-03 -2.0146e-06 +9.9922e-04 +2.0001e-03 +3.0005e-03 +4.0004e-03 +5.0002e-03 +5.9999e-03 +6.9995e-03 +7.9992e-03 +8.9989e-03 +9.9987e-03 
+0000.00300 -1.0005e-02 -9.0049e-03 -8.0052e-03 -7.0054e-03 -6.0055e-03 -5.0055e-03 -4.0053e-03 -3.0048e-03 -2.0041e-03 -1.0033e-03 -2.2822e-06 +9.9869e-04 +1.9996e-03 +3.0002e-03 +4.0006e-03 +5.0008e-03 +6.0008e-03 +7.0007e-03 +8.0004e-03 +9.0002e-03 +9.9999e-03 
+0000.00000 -1.0005e-02 -9.0055e-03 -8.0058e-03 -7.0060e-03 -6.0061e-03 -5.0060e-03 -4.0057e-03 -3.0052e-03 -2.0044e-03 -1.0035e-03 -2.4099e-06 +9.9866e-04 +1.9996e-03 +3.0004e-03 +4.0009e-03 +5.0012e-03 +6.0013e-03 +7.0012e-03 +8.0010e-03 +9.0007e-03 +1.0000e-02 
-0000.00300 -1.0005e-02 -9.0050e-03 -8.0053e-03 -7.0055e-03 -6.0056e-03 -5.0056e-03 -4.0054e-03 -3.0050e-03 -2.0044e-03 -1.0035e-03 -2.5342e-06 +9.9845e-04 +1.9993e-03 +3.0000e-03 +4.0004e-03 +5.0006e-03 +6.0007e-03 +7.0006e-03 +8.0003e-03 +9.0001e-03 +9.9998e-03 
-0000.00600 -1.0004e-02 -9.0038e-03 -8.0040e-03 -7.0044e-03 -6.0047e-03 -5.0050e-03 -4.0053e-03 -3.0053e-03 -2.0049e-03 -1.0040e-03 -2.7841e-06 +9.9848e-04 +1.9994e-03 +2.9999e-03 +4.0000e-03 +4.9998e-03 +5.9996e-03 +6.9993e-03 +7.9990e-03 +8.9987e-03 +9.9985e-03 
# Vertical Final Position [m]
START
            -0000.01000 -0000.00900 -0000.00800 -0000.00700 -0000.00600 -0000.00500 -0000.00400 -0000.00300 -0000.00200 -0000.00100 +0000.00000 +0000.00100 +0000.00200 +0000.00300 +0000.00400 +0000.00500 +0000.00600 +0000.00700 +0000.00800 +0000.00900 +0000.01000 
+0000.00600 +5.9559e-03 +5.9563e-03 +5.9567e-03 +5.9570e-03 +5.9572e-03 +5.9573e-03 +5.9570e-03 +5.9565e-03 +5.9558e-03 +5.9552e-03 +5.9550e-03 +5.9554e-03 +5.9561e-03 +5.9570e-03 +5.9576e-03 +5.9578e-03 +5.9578e-03 +5.9576e-03 +5.9573e-03 +5.9569e-03 +5.9565e-03 
+0000.00300 +2.9838e-03 +2.9842e-03 +2.9845e-03 +2.9849e-03 +2.9853e-03 +2.9856e-03 +2.9859e-03 +2.9861e-03 +2.9863e-03 +2.9864e-03 +2.9865e-03 +2.9865e-03 +2.9864e-03 +2.9863e-03 +2.9862e-03 +2.9859e-03 +2.9856e-03 +2.9852e-03 +2.9849e-03 +2.9845e-03 +2.9842e-03 
+0000.00000 -1.4375e-07 -1.3944e-07 -1.3345e-07 -1.2544e-07 -1.1503e-07 -1.0195e-07 -8.6011e-08 -6.7255e-08 -4.5989e-08 -2.2821e-08 +1.3780e-09 +2.5580e-08 +4.8756e-08 +7.0035e-08 +8.8807e-08 +1.0476e-07 +1.1786e-07 +1.2828e-07 +1.3632e-07 +1.4232e-07 +1.4664e-07 
-0000.00300 -2.9842e-03 -2.9845e-03 -2.9849e-03 -2.9852e-03 -2.9856e-03 -2.9859e-03 -2.9862e-03 -2.9863e-03 -2.9864e-03 -2.9865e-03 -2.9865e-03 -2.9864e-03 -2.9863e-03 -2.9861e-03 -2.9859e-03 -2.9856e-03 -2.9853e-03 -2.9849e-03 -2.9845e-03 -2.9842e-03 -2.9838e-03 
-0000.00600 -5.9565e-03 -5.9569e-03 -5.9573e-03 -5.9576e-03 -5.9578e-03 -5.9578e-03 -5.9575e-03 -5.9569e-03 -5.9561e-03 -5.9554e-03 -5.9550e-03 -5.9552e-03 -5.9558e-03 -5.9565e-03 -5.9570e-03 -5.9573e-03 -5.9572e-03 -5.9570e-03 -5.9567e-03 -5.9563e-03 -5.9558e-03 