# Author: FAC idanalysis.IDKickMap
# Termination_kicks [T2m2]: +3.2224e-06 -3.3927e-06 -5.9585e-06 -1.8698e-06 
# Total Length of Longitudinal Interval [m]
2.773
# Number of Horizontal Points
21
# Number of Vertical Points
5
# Total Horizontal 2nd Order Kick [T2m2]
START
            -0000.01000 -0000.00900 -0000.00800 -0000.00700 -0000.00600 -0000.00500 -0000.00400 -0000.00300 -0000.00200 -0000.00100 +0000.00000 +0000.00100 +0000.00200 +0000.00300 +0000.00400 +0000.00500 +0000.00600 +0000.00700 +0000.00800 +0000.00900 +0000.01000 
+0000.00600 -6.9977e-05 -8.9463e-05 -1.1247e-04 -1.3867e-04 -1.6668e-04 -1.9309e-04 -2.1111e-04 -2.0953e-04 -1.7464e-04 -9.8591e-05 +7.9679e-06 +1.1451e-04 +1.9050e-04 +2.2533e-04 +2.2686e-04 +2.0881e-04 +1.8236e-04 +1.5433e-04 +1.2812e-04 +1.0510e-04 +8.5609e-05 
+0000.00300 -1.6321e-04 -1.8714e-04 -2.0958e-04 -2.2801e-04 -2.3913e-04 -2.3906e-04 -2.2384e-04 -1.9046e-04 -1.3818e-04 -6.9838e-05 +7.8495e-06 +8.5536e-05 +1.5388e-04 +2.0615e-04 +2.3953e-04 +2.5473e-04 +2.5480e-04 +2.4367e-04 +2.2524e-04 +2.0280e-04 +1.7886e-04 
+0000.00000 -2.0205e-04 -2.2896e-04 -2.5297e-04 -2.7101e-04 -2.7936e-04 -2.7409e-04 -2.5174e-04 -2.1032e-04 -1.5035e-04 -7.5445e-05 +7.8375e-06 +9.1120e-05 +1.6603e-04 +2.2600e-04 +2.6741e-04 +2.8976e-04 +2.9503e-04 +2.8668e-04 +2.6864e-04 +2.4462e-04 +2.1771e-04 
-0000.00300 -1.6321e-04 -1.8714e-04 -2.0958e-04 -2.2801e-04 -2.3913e-04 -2.3907e-04 -2.2386e-04 -1.9048e-04 -1.3821e-04 -6.9860e-05 +7.8260e-06 +8.5513e-05 +1.5386e-04 +2.0614e-04 +2.3951e-04 +2.5472e-04 +2.5479e-04 +2.4367e-04 +2.2524e-04 +2.0280e-04 +1.7886e-04 
-0000.00600 -7.0039e-05 -8.9528e-05 -1.1254e-04 -1.3875e-04 -1.6677e-04 -1.9321e-04 -2.1126e-04 -2.0971e-04 -1.7487e-04 -9.8839e-05 +7.7354e-06 +1.1432e-04 +1.9037e-04 +2.2525e-04 +2.2682e-04 +2.0880e-04 +1.8238e-04 +1.5436e-04 +1.2816e-04 +1.0515e-04 +8.5662e-05 
# Total Vertical 2nd Order Kick [T2m2]
START
            -0000.01000 -0000.00900 -0000.00800 -0000.00700 -0000.00600 -0000.00500 -0000.00400 -0000.00300 -0000.00200 -0000.00100 +0000.00000 +0000.00100 +0000.00200 +0000.00300 +0000.00400 +0000.00500 +0000.00600 +0000.00700 +0000.00800 +0000.00900 +0000.01000 
+0000.00600 -2.4148e-03 -2.3827e-03 -2.3526e-03 -2.3281e-03 -2.3143e-03 -2.3175e-03 -2.3435e-03 -2.3943e-03 -2.4616e-03 -2.5227e-03 -2.5478e-03 -2.5227e-03 -2.4616e-03 -2.3943e-03 -2.3435e-03 -2.3175e-03 -2.3143e-03 -2.3281e-03 -2.3527e-03 -2.3828e-03 -2.4148e-03 
+0000.00300 -8.5866e-04 -8.3284e-04 -8.0559e-04 -7.7802e-04 -7.5160e-04 -7.2801e-04 -7.0874e-04 -6.9471e-04 -6.8590e-04 -6.8141e-04 -6.8008e-04 -6.8141e-04 -6.8591e-04 -6.9473e-04 -7.0876e-04 -7.2803e-04 -7.5163e-04 -7.7805e-04 -8.0562e-04 -8.3287e-04 -8.5870e-04 
+0000.00000 +5.3381e-06 +5.3371e-06 +5.3361e-06 +5.3349e-06 +5.3335e-06 +5.3319e-06 +5.3300e-06 +5.3278e-06 +5.3251e-06 +5.3221e-06 +5.3189e-06 +5.3157e-06 +5.3128e-06 +5.3103e-06 +5.3081e-06 +5.3063e-06 +5.3048e-06 +5.3035e-06 +5.3023e-06 +5.3012e-06 +5.3002e-06 
-0000.00300 +8.6934e-04 +8.4352e-04 +8.1626e-04 +7.8869e-04 +7.6228e-04 +7.3867e-04 +7.1940e-04 +7.0537e-04 +6.9656e-04 +6.9205e-04 +6.9072e-04 +6.9204e-04 +6.9653e-04 +7.0534e-04 +7.1937e-04 +7.3863e-04 +7.6223e-04 +7.8865e-04 +8.1622e-04 +8.4347e-04 +8.6930e-04 
-0000.00600 +2.4254e-03 +2.3934e-03 +2.3633e-03 +2.3388e-03 +2.3250e-03 +2.3281e-03 +2.3542e-03 +2.4050e-03 +2.4723e-03 +2.5333e-03 +2.5585e-03 +2.5333e-03 +2.4722e-03 +2.4049e-03 +2.3541e-03 +2.3281e-03 +2.3249e-03 +2.3387e-03 +2.3632e-03 +2.3934e-03 +2.4254e-03 
# Horizontal Final Position [m]
START
            -0000.01000 -0000.00900 -0000.00800 -0000.00700 -0000.00600 -0000.00500 -0000.00400 -0000.00300 -0000.00200 -0000.00100 +0000.00000 +0000.00100 +0000.00200 +0000.00300 +0000.00400 +0000.00500 +0000.00600 +0000.00700 +0000.00800 +0000.00900 +0000.01000 
+0000.00600 -1.0004e-02 -9.0041e-03 -8.0045e-03 -7.0050e-03 -6.0055e-03 -5.0059e-03 -4.0062e-03 -3.0061e-03 -2.0055e-03 -1.0041e-03 -2.1905e-06 +9.9970e-04 +2.0010e-03 +3.0016e-03 +4.0016e-03 +5.0013e-03 +6.0008e-03 +7.0002e-03 +7.9998e-03 +8.9993e-03 +9.9990e-03 
+0000.00300 -1.0005e-02 -9.0059e-03 -8.0063e-03 -7.0066e-03 -6.0068e-03 -5.0068e-03 -4.0065e-03 -3.0059e-03 -2.0050e-03 -1.0037e-03 -2.3557e-06 +9.9903e-04 +2.0002e-03 +3.0012e-03 +4.0018e-03 +5.0020e-03 +6.0020e-03 +7.0018e-03 +8.0015e-03 +9.0011e-03 +1.0001e-02 
+0000.00000 -1.0006e-02 -9.0067e-03 -8.0071e-03 -7.0074e-03 -6.0076e-03 -5.0075e-03 -4.0071e-03 -3.0063e-03 -2.0053e-03 -1.0039e-03 -2.4292e-06 +9.9906e-04 +2.0004e-03 +3.0015e-03 +4.0022e-03 +5.0026e-03 +6.0027e-03 +7.0025e-03 +8.0022e-03 +9.0018e-03 +1.0001e-02 
-0000.00300 -1.0005e-02 -9.0059e-03 -8.0063e-03 -7.0067e-03 -6.0069e-03 -5.0069e-03 -4.0066e-03 -3.0060e-03 -2.0051e-03 -1.0039e-03 -2.4993e-06 +9.9889e-04 +2.0001e-03 +3.0010e-03 +4.0016e-03 +5.0019e-03 +6.0019e-03 +7.0017e-03 +8.0014e-03 +9.0010e-03 +1.0001e-02 
-0000.00600 -1.0004e-02 -9.0042e-03 -8.0046e-03 -7.0051e-03 -6.0056e-03 -5.0061e-03 -4.0065e-03 -3.0065e-03 -2.0059e-03 -1.0045e-03 -2.6469e-06 +9.9926e-04 +2.0006e-03 +3.0013e-03 +4.0013e-03 +5.0010e-03 +6.0006e-03 +7.0001e-03 +7.9996e-03 +8.9992e-03 +9.9989e-03 
# Vertical Final Position [m]
START
            -0000.01000 -0000.00900 -0000.00800 -0000.00700 -0000.00600 -0000.00500 -0000.00400 -0000.00300 -0000.00200 -0000.00100 +0000.00000 +0000.00100 +0000.00200 +0000.00300 +0000.00400 +0000.00500 +0000.00600 +0000.00700 +0000.00800 +0000.00900 +0000.01000 
+0000.00600 +5.9564e-03 +5.9570e-03 +5.9575e-03 +5.9580e-03 +5.9582e-03 +5.9582e-03 +5.9578e-03 +5.9569e-03 +5.9557e-03 +5.9547e-03 +5.9543e-03 +5.9549e-03 +5.9561e-03 +5.9573e-03 +5.9583e-03 +5.9588e-03 +5.9589e-03 +5.9586e-03 +5.9582e-03 +5.9577e-03 +5.9571e-03 
+0000.00300 +2.9844e-03 +2.9849e-03 +2.9854e-03 +2.9859e-03 +2.9863e-03 +2.9868e-03 +2.9871e-03 +2.9874e-03 +2.9876e-03 +2.9877e-03 +2.9878e-03 +2.9878e-03 +2.9877e-03 +2.9876e-03 +2.9874e-03 +2.9870e-03 +2.9866e-03 +2.9862e-03 +2.9857e-03 +2.9852e-03 +2.9847e-03 
+0000.00000 -1.3004e-07 -1.2455e-07 -1.1771e-07 -1.0927e-07 -9.9010e-08 -8.6746e-08 -7.2385e-08 -5.5977e-08 -3.7760e-08 -1.8180e-08 +2.1345e-09 +2.2449e-08 +4.2030e-08 +6.0250e-08 +7.6662e-08 +9.1028e-08 +1.0330e-07 +1.1356e-07 +1.2201e-07 +1.2886e-07 +1.3435e-07 
-0000.00300 -2.9848e-03 -2.9852e-03 -2.9857e-03 -2.9862e-03 -2.9866e-03 -2.9870e-03 -2.9874e-03 -2.9876e-03 -2.9877e-03 -2.9878e-03 -2.9878e-03 -2.9877e-03 -2.9876e-03 -2.9874e-03 -2.9871e-03 -2.9868e-03 -2.9863e-03 -2.9859e-03 -2.9854e-03 -2.9849e-03 -2.9844e-03 
-0000.00600 -5.9571e-03 -5.9577e-03 -5.9582e-03 -5.9586e-03 -5.9588e-03 -5.9588e-03 -5.9583e-03 -5.9573e-03 -5.9560e-03 -5.9549e-03 -5.9543e-03 -5.9547e-03 -5.9557e-03 -5.9569e-03 -5.9578e-03 -5.9582e-03 -5.9582e-03 -5.9580e-03 -5.9575e-03 -5.9570e-03 -5.9564e-03 