# Author: FAC idanalysis.IDKickMap
# Termination_kicks [T2m2]: +1.3374e-04 -5.0583e-12 -1.3233e-04 +6.1403e-12 
# Total Length of Longitudinal Interval [m]
2.773
# Number of Horizontal Points
11
# Number of Vertical Points
9
# Total Horizontal 2nd Order Kick [T2m2]
START
            -0000.00500 -0000.00400 -0000.00300 -0000.00200 -0000.00100 +0000.00000 +0000.00100 +0000.00200 +0000.00300 +0000.00400 +0000.00500 
+0000.00400 -2.5979e-06 -2.5622e-06 -2.5263e-06 -2.4903e-06 -2.4542e-06 +4.1910e-06 -1.4057e-06 -1.4057e-06 -1.4057e-06 -1.4057e-06 -1.4057e-06 
+0000.00300 -2.5271e-06 -2.5275e-06 -2.5278e-06 -2.5280e-06 -2.5281e-06 -9.8734e-07 -8.5518e-07 -8.2135e-07 -7.8759e-07 -7.5392e-07 -7.2032e-07 
+0000.00200 -2.5067e-06 -2.5321e-06 -2.5574e-06 -2.5827e-06 -2.6079e-06 -9.7225e-07 -8.4476e-07 -8.1950e-07 -7.9429e-07 -7.6912e-07 -7.4400e-07 
+0000.00100 -2.5367e-06 -2.5760e-06 -2.6153e-06 -2.6545e-06 -2.6937e-06 -9.6099e-07 -8.2831e-07 -8.0051e-07 -7.7273e-07 -7.4497e-07 -7.1723e-07 
+0000.00000 -2.6171e-06 -2.6592e-06 -2.7013e-06 -2.7434e-06 -2.7855e-06 -9.5372e-07 -8.0583e-07 -7.6438e-07 -7.2293e-07 -6.8148e-07 -6.4003e-07 
-0000.00100 -2.5367e-06 -2.5760e-06 -2.6153e-06 -2.6545e-06 -2.6937e-06 -9.6099e-07 -8.2831e-07 -8.0051e-07 -7.7273e-07 -7.4497e-07 -7.1723e-07 
-0000.00200 -2.5067e-06 -2.5321e-06 -2.5574e-06 -2.5827e-06 -2.6079e-06 -9.7225e-07 -8.4476e-07 -8.1950e-07 -7.9428e-07 -7.6912e-07 -7.4400e-07 
-0000.00300 -2.5271e-06 -2.5275e-06 -2.5278e-06 -2.5280e-06 -2.5281e-06 -9.8734e-07 -8.5517e-07 -8.2134e-07 -7.8759e-07 -7.5391e-07 -7.2032e-07 
-0000.00400 -2.5979e-06 -2.5622e-06 -2.5263e-06 -2.4903e-06 -2.4542e-06 +4.5173e-06 -1.4057e-06 -1.4057e-06 -1.4057e-06 -1.4057e-06 -1.4057e-06 
# Total Vertical 2nd Order Kick [T2m2]
START
            -0000.00500 -0000.00400 -0000.00300 -0000.00200 -0000.00100 +0000.00000 +0000.00100 +0000.00200 +0000.00300 +0000.00400 +0000.00500 
+0000.00400 -2.3767e-04 -2.3777e-04 -2.3787e-04 -2.3797e-04 -2.3807e-04 -1.0655e-12 +4.6598e-13 +2.0140e-12 +3.5619e-12 +5.1099e-12 +6.6579e-12 
+0000.00300 -1.7314e-04 -1.7322e-04 -1.7329e-04 -1.7337e-04 -1.7345e-04 -1.7353e-04 -1.7345e-04 -1.7337e-04 -1.7329e-04 -1.7322e-04 -1.7314e-04 
+0000.00200 -1.1202e-04 -1.1207e-04 -1.1213e-04 -1.1218e-04 -1.1223e-04 -1.1229e-04 -1.1223e-04 -1.1218e-04 -1.1213e-04 -1.1207e-04 -1.1202e-04 
+0000.00100 -5.4305e-05 -5.4333e-05 -5.4360e-05 -5.4388e-05 -5.4416e-05 -5.4444e-05 -5.4416e-05 -5.4388e-05 -5.4360e-05 -5.4333e-05 -5.4305e-05 
+0000.00000 -4.5450e-12 -3.3156e-12 -2.0862e-12 -8.5683e-13 +3.7256e-13 +1.6011e-12 +2.8550e-12 +4.1089e-12 +5.3629e-12 +6.6168e-12 +7.8707e-12 
-0000.00100 +5.4305e-05 +5.4333e-05 +5.4360e-05 +5.4388e-05 +5.4416e-05 +5.4444e-05 +5.4416e-05 +5.4388e-05 +5.4360e-05 +5.4333e-05 +5.4305e-05 
-0000.00200 +1.1202e-04 +1.1207e-04 +1.1213e-04 +1.1218e-04 +1.1223e-04 +1.1229e-04 +1.1223e-04 +1.1218e-04 +1.1213e-04 +1.1207e-04 +1.1202e-04 
-0000.00300 +1.7314e-04 +1.7322e-04 +1.7329e-04 +1.7337e-04 +1.7345e-04 +1.7353e-04 +1.7345e-04 +1.7337e-04 +1.7329e-04 +1.7322e-04 +1.7314e-04 
-0000.00400 +2.3767e-04 +2.3777e-04 +2.3787e-04 +2.3797e-04 +2.3807e-04 -1.0991e-12 -2.6300e-12 -4.1780e-12 -5.7260e-12 -7.2740e-12 -8.8219e-12 
# Horizontal Final Position [m]
START
            -0000.00500 -0000.00400 -0000.00300 -0000.00200 -0000.00100 +0000.00000 +0000.00100 +0000.00200 +0000.00300 +0000.00400 +0000.00500 
+0000.00400 -4.9963e-03 -3.9963e-03 -2.9963e-03 -1.9963e-03 -9.9633e-04 +1.9396e-07 +1.0000e-03 +2.0000e-03 +3.0000e-03 +4.0000e-03 +5.0000e-03 
+0000.00300 -4.9964e-03 -3.9963e-03 -2.9963e-03 -1.9963e-03 -9.9634e-04 +3.6915e-06 +1.0037e-03 +2.0037e-03 +3.0037e-03 +4.0037e-03 +5.0037e-03 
+0000.00200 -4.9964e-03 -3.9964e-03 -2.9963e-03 -1.9963e-03 -9.9634e-04 +3.6897e-06 +1.0037e-03 +2.0037e-03 +3.0037e-03 +4.0037e-03 +5.0037e-03 
+0000.00100 -4.9964e-03 -3.9964e-03 -2.9964e-03 -1.9963e-03 -9.9635e-04 +3.6879e-06 +1.0037e-03 +2.0037e-03 +3.0037e-03 +4.0037e-03 +5.0037e-03 
+0000.00000 -4.9964e-03 -3.9964e-03 -2.9964e-03 -1.9964e-03 -9.9635e-04 +3.6860e-06 +1.0037e-03 +2.0037e-03 +3.0037e-03 +4.0037e-03 +5.0037e-03 
-0000.00100 -4.9964e-03 -3.9964e-03 -2.9964e-03 -1.9963e-03 -9.9635e-04 +3.6879e-06 +1.0037e-03 +2.0037e-03 +3.0037e-03 +4.0037e-03 +5.0037e-03 
-0000.00200 -4.9964e-03 -3.9964e-03 -2.9963e-03 -1.9963e-03 -9.9634e-04 +3.6897e-06 +1.0037e-03 +2.0037e-03 +3.0037e-03 +4.0037e-03 +5.0037e-03 
-0000.00300 -4.9964e-03 -3.9963e-03 -2.9963e-03 -1.9963e-03 -9.9634e-04 +3.6915e-06 +1.0037e-03 +2.0037e-03 +3.0037e-03 +4.0037e-03 +5.0037e-03 
-0000.00400 -4.9963e-03 -3.9963e-03 -2.9963e-03 -1.9963e-03 -9.9633e-04 +2.0508e-07 +1.0000e-03 +2.0000e-03 +3.0000e-03 +4.0000e-03 +5.0000e-03 
# Vertical Final Position [m]
START
            -0000.00500 -0000.00400 -0000.00300 -0000.00200 -0000.00100 +0000.00000 +0000.00100 +0000.00200 +0000.00300 +0000.00400 +0000.00500 
+0000.00400 +3.9957e-03 +3.9957e-03 +3.9957e-03 +3.9957e-03 +3.9957e-03 +4.0000e-03 +4.0000e-03 +4.0000e-03 +4.0000e-03 +4.0000e-03 +4.0000e-03 
+0000.00300 +2.9969e-03 +2.9969e-03 +2.9969e-03 +2.9969e-03 +2.9969e-03 +2.9969e-03 +2.9969e-03 +2.9969e-03 +2.9969e-03 +2.9969e-03 +2.9969e-03 
+0000.00200 +1.9980e-03 +1.9980e-03 +1.9980e-03 +1.9980e-03 +1.9980e-03 +1.9980e-03 +1.9980e-03 +1.9980e-03 +1.9980e-03 +1.9980e-03 +1.9980e-03 
+0000.00100 +9.9902e-04 +9.9902e-04 +9.9902e-04 +9.9902e-04 +9.9902e-04 +9.9902e-04 +9.9902e-04 +9.9902e-04 +9.9903e-04 +9.9903e-04 +9.9903e-04 
+0000.00000 -1.9754e-13 -1.7668e-13 -1.5583e-13 -1.3498e-13 -1.1412e-13 -9.3275e-14 -6.7759e-14 -4.2243e-14 -1.6727e-14 +8.7891e-15 +3.4305e-14 
-0000.00100 -9.9902e-04 -9.9902e-04 -9.9902e-04 -9.9902e-04 -9.9902e-04 -9.9902e-04 -9.9902e-04 -9.9902e-04 -9.9903e-04 -9.9903e-04 -9.9903e-04 
-0000.00200 -1.9980e-03 -1.9980e-03 -1.9980e-03 -1.9980e-03 -1.9980e-03 -1.9980e-03 -1.9980e-03 -1.9980e-03 -1.9980e-03 -1.9980e-03 -1.9980e-03 
-0000.00300 -2.9969e-03 -2.9969e-03 -2.9969e-03 -2.9969e-03 -2.9969e-03 -2.9969e-03 -2.9969e-03 -2.9969e-03 -2.9969e-03 -2.9969e-03 -2.9969e-03 
-0000.00400 -3.9957e-03 -3.9957e-03 -3.9957e-03 -3.9957e-03 -3.9957e-03 -4.0000e-03 -4.0000e-03 -4.0000e-03 -4.0000e-03 -4.0000e-03 -4.0000e-03 