# Author: FAC idanalysis.IDKickMap
# Termination_kicks [T2m2]: +7.1634e-06 -3.5095e-06 -1.2685e-05 -1.8850e-06 
# Total Length of Longitudinal Interval [m]
2.773
# Number of Horizontal Points
21
# Number of Vertical Points
5
# Total Horizontal 2nd Order Kick [T2m2]
START
            -0000.01000 -0000.00900 -0000.00800 -0000.00700 -0000.00600 -0000.00500 -0000.00400 -0000.00300 -0000.00200 -0000.00100 +0000.00000 +0000.00100 +0000.00200 +0000.00300 +0000.00400 +0000.00500 +0000.00600 +0000.00700 +0000.00800 +0000.00900 +0000.01000 
+0000.00600 +6.3456e-05 +6.8159e-05 +7.1335e-05 +7.2655e-05 +7.1783e-05 +6.8425e-05 +6.2398e-05 +5.3711e-05 +4.2638e-05 +2.9746e-05 +1.5861e-05 +1.9673e-06 -1.0950e-05 -2.2059e-05 -3.0788e-05 -3.6862e-05 -4.0265e-05 -4.1179e-05 -3.9895e-05 -3.6751e-05 -3.2075e-05 
+0000.00300 -7.8657e-05 -8.2821e-05 -8.5176e-05 -8.4991e-05 -8.1573e-05 -7.4368e-05 -6.3072e-05 -4.7735e-05 -2.8826e-05 -7.2392e-06 +1.5784e-05 +3.8805e-05 +6.0386e-05 +7.9286e-05 +9.4612e-05 +1.0589e-04 +1.1309e-04 +1.1649e-04 +1.1666e-04 +1.1429e-04 +1.1012e-04 
+0000.00000 -1.2186e-04 -1.2796e-04 -1.3112e-04 -1.3036e-04 -1.2482e-04 -1.1383e-04 -9.7095e-05 -7.4792e-05 -4.7643e-05 -1.6902e-05 +1.5753e-05 +4.8409e-05 +7.9149e-05 +1.0630e-04 +1.2860e-04 +1.4533e-04 +1.5632e-04 +1.6185e-04 +1.6260e-04 +1.5944e-04 +1.5334e-04 
-0000.00300 -7.8652e-05 -8.2821e-05 -8.5184e-05 -8.5007e-05 -8.1599e-05 -7.4404e-05 -6.3118e-05 -4.7790e-05 -2.8888e-05 -7.3065e-06 +1.5715e-05 +3.8737e-05 +6.0322e-05 +7.9229e-05 +9.4564e-05 +1.0586e-04 +1.1306e-04 +1.1647e-04 +1.1665e-04 +1.1429e-04 +1.1012e-04 
-0000.00600 +6.3485e-05 +6.8173e-05 +7.1327e-05 +7.2620e-05 +7.1715e-05 +6.8319e-05 +6.2252e-05 +5.3527e-05 +4.2421e-05 +2.9505e-05 +1.5611e-05 +1.7239e-06 -1.1173e-05 -2.2251e-05 -3.0944e-05 -3.6978e-05 -4.0344e-05 -4.1224e-05 -3.9912e-05 -3.6746e-05 -3.2053e-05 
# Total Vertical 2nd Order Kick [T2m2]
START
            -0000.01000 -0000.00900 -0000.00800 -0000.00700 -0000.00600 -0000.00500 -0000.00400 -0000.00300 -0000.00200 -0000.00100 +0000.00000 +0000.00100 +0000.00200 +0000.00300 +0000.00400 +0000.00500 +0000.00600 +0000.00700 +0000.00800 +0000.00900 +0000.01000 
+0000.00600 -2.3153e-03 -2.2463e-03 -2.1732e-03 -2.0974e-03 -2.0215e-03 -1.9482e-03 -1.8808e-03 -1.8232e-03 -1.7788e-03 -1.7508e-03 -1.7412e-03 -1.7507e-03 -1.7787e-03 -1.8231e-03 -1.8807e-03 -1.9480e-03 -2.0213e-03 -2.0973e-03 -2.1730e-03 -2.2462e-03 -2.3152e-03 
+0000.00300 -8.3504e-04 -8.0465e-04 -7.7316e-04 -7.4142e-04 -7.1045e-04 -6.8139e-04 -6.5544e-04 -6.3377e-04 -6.1744e-04 -6.0728e-04 -6.0382e-04 -6.0726e-04 -6.1741e-04 -6.3372e-04 -6.5538e-04 -6.8133e-04 -7.1039e-04 -7.4136e-04 -7.7310e-04 -8.0460e-04 -8.3500e-04 
+0000.00000 +5.4588e-06 +5.4567e-06 +5.4553e-06 +5.4545e-06 +5.4546e-06 +5.4556e-06 +5.4575e-06 +5.4603e-06 +5.4639e-06 +5.4680e-06 +5.4725e-06 +5.4770e-06 +5.4812e-06 +5.4850e-06 +5.4880e-06 +5.4902e-06 +5.4915e-06 +5.4918e-06 +5.4913e-06 +5.4900e-06 +5.4882e-06 
-0000.00300 +8.4594e-04 +8.1554e-04 +7.8405e-04 +7.5230e-04 +7.2133e-04 +6.9227e-04 +6.6633e-04 +6.4467e-04 +6.2835e-04 +6.1820e-04 +6.1476e-04 +6.1822e-04 +6.2838e-04 +6.4471e-04 +6.6638e-04 +6.9233e-04 +7.2140e-04 +7.5237e-04 +7.8411e-04 +8.1560e-04 +8.4599e-04 
-0000.00600 +2.3261e-03 +2.2571e-03 +2.1839e-03 +2.1082e-03 +2.0323e-03 +1.9589e-03 +1.8916e-03 +1.8340e-03 +1.7896e-03 +1.7616e-03 +1.7521e-03 +1.7617e-03 +1.7897e-03 +1.8341e-03 +1.8918e-03 +1.9591e-03 +2.0324e-03 +2.1084e-03 +2.1841e-03 +2.2573e-03 +2.3262e-03 
# Horizontal Final Position [m]
START
            -0000.01000 -0000.00900 -0000.00800 -0000.00700 -0000.00600 -0000.00500 -0000.00400 -0000.00300 -0000.00200 -0000.00100 +0000.00000 +0000.00100 +0000.00200 +0000.00300 +0000.00400 +0000.00500 +0000.00600 +0000.00700 +0000.00800 +0000.00900 +0000.01000 
+0000.00600 -1.0003e-02 -9.0033e-03 -8.0032e-03 -7.0032e-03 -6.0032e-03 -5.0032e-03 -4.0033e-03 -3.0034e-03 -2.0036e-03 -1.0038e-03 -4.0844e-06 +9.9566e-04 +1.9954e-03 +2.9952e-03 +3.9950e-03 +4.9949e-03 +5.9948e-03 +6.9948e-03 +7.9948e-03 +8.9948e-03 +9.9949e-03 
+0000.00300 -1.0006e-02 -9.0060e-03 -8.0061e-03 -7.0061e-03 -6.0060e-03 -5.0059e-03 -4.0057e-03 -3.0054e-03 -2.0051e-03 -1.0047e-03 -4.2516e-06 +9.9616e-04 +1.9965e-03 +2.9969e-03 +3.9972e-03 +4.9974e-03 +5.9975e-03 +6.9975e-03 +7.9975e-03 +8.9975e-03 +9.9974e-03 
+0000.00000 -1.0007e-02 -9.0069e-03 -8.0069e-03 -7.0069e-03 -6.0068e-03 -5.0067e-03 -4.0064e-03 -3.0060e-03 -2.0055e-03 -1.0049e-03 -4.3491e-06 +9.9624e-04 +1.9968e-03 +2.9973e-03 +3.9977e-03 +4.9980e-03 +5.9982e-03 +6.9983e-03 +7.9983e-03 +8.9983e-03 +9.9982e-03 
-0000.00300 -1.0006e-02 -9.0061e-03 -8.0062e-03 -7.0062e-03 -6.0061e-03 -5.0060e-03 -4.0058e-03 -3.0056e-03 -2.0052e-03 -1.0049e-03 -4.4556e-06 +9.9596e-04 +1.9963e-03 +2.9967e-03 +3.9970e-03 +4.9972e-03 +5.9973e-03 +6.9974e-03 +7.9974e-03 +8.9974e-03 +9.9973e-03 
-0000.00600 -1.0004e-02 -9.0035e-03 -8.0035e-03 -7.0035e-03 -6.0035e-03 -5.0036e-03 -4.0038e-03 -3.0039e-03 -2.0042e-03 -1.0044e-03 -4.6466e-06 +9.9511e-04 +1.9949e-03 +2.9947e-03 +3.9946e-03 +4.9945e-03 +5.9944e-03 +6.9945e-03 +7.9945e-03 +8.9946e-03 +9.9947e-03 
# Vertical Final Position [m]
START
            -0000.01000 -0000.00900 -0000.00800 -0000.00700 -0000.00600 -0000.00500 -0000.00400 -0000.00300 -0000.00200 -0000.00100 +0000.00000 +0000.00100 +0000.00200 +0000.00300 +0000.00400 +0000.00500 +0000.00600 +0000.00700 +0000.00800 +0000.00900 +0000.01000 
+0000.00600 +5.9582e-03 +5.9594e-03 +5.9608e-03 +5.9621e-03 +5.9635e-03 +5.9648e-03 +5.9661e-03 +5.9671e-03 +5.9680e-03 +5.9685e-03 +5.9687e-03 +5.9686e-03 +5.9681e-03 +5.9674e-03 +5.9664e-03 +5.9652e-03 +5.9639e-03 +5.9626e-03 +5.9612e-03 +5.9599e-03 +5.9587e-03 
+0000.00300 +2.9848e-03 +2.9854e-03 +2.9859e-03 +2.9865e-03 +2.9871e-03 +2.9876e-03 +2.9881e-03 +2.9885e-03 +2.9888e-03 +2.9890e-03 +2.9891e-03 +2.9891e-03 +2.9889e-03 +2.9886e-03 +2.9883e-03 +2.9878e-03 +2.9873e-03 +2.9868e-03 +2.9862e-03 +2.9856e-03 +2.9851e-03 
+0000.00000 -1.3552e-07 -1.2835e-07 -1.1969e-07 -1.0943e-07 -9.7517e-08 -8.3950e-08 -6.8812e-08 -5.2269e-08 -3.4574e-08 -1.6060e-08 +2.8814e-09 +2.1824e-08 +4.0344e-08 +5.8046e-08 +7.4600e-08 +8.9750e-08 +1.0333e-07 +1.1526e-07 +1.2553e-07 +1.3421e-07 +1.4138e-07 
-0000.00300 -2.9852e-03 -2.9857e-03 -2.9862e-03 -2.9868e-03 -2.9873e-03 -2.9878e-03 -2.9883e-03 -2.9886e-03 -2.9889e-03 -2.9891e-03 -2.9891e-03 -2.9890e-03 -2.9888e-03 -2.9885e-03 -2.9881e-03 -2.9876e-03 -2.9870e-03 -2.9865e-03 -2.9859e-03 -2.9853e-03 -2.9847e-03 
-0000.00600 -5.9588e-03 -5.9600e-03 -5.9613e-03 -5.9626e-03 -5.9640e-03 -5.9653e-03 -5.9664e-03 -5.9674e-03 -5.9682e-03 -5.9686e-03 -5.9687e-03 -5.9685e-03 -5.9679e-03 -5.9671e-03 -5.9660e-03 -5.9648e-03 -5.9634e-03 -5.9620e-03 -5.9606e-03 -5.9593e-03 -5.9580e-03 