# Author: FAC idanalysis.IDKickMap
# Termination_kicks [T2m2]: -1.7593e-06 -4.1618e-12 -1.1921e-05 -8.0488e-12 
# Total Length of Longitudinal Interval [m]
2.773
# Number of Horizontal Points
21
# Number of Vertical Points
5
# Total Horizontal 2nd Order Kick [T2m2]
START
            -0000.01000 -0000.00900 -0000.00800 -0000.00700 -0000.00600 -0000.00500 -0000.00400 -0000.00300 -0000.00200 -0000.00100 +0000.00000 +0000.00100 +0000.00200 +0000.00300 +0000.00400 +0000.00500 +0000.00600 +0000.00700 +0000.00800 +0000.00900 +0000.01000 
+0000.00600 +8.4656e-06 +1.5658e-05 +2.3029e-05 +3.0666e-05 +3.8482e-05 +4.6000e-05 +5.2030e-05 +5.4377e-05 +5.0158e-05 +3.7591e-05 +1.8751e-05 -9.0615e-08 -1.2665e-05 -1.6893e-05 -1.4554e-05 -8.5301e-06 -1.0171e-06 +6.7943e-06 +1.4428e-05 +2.1795e-05 +2.8983e-05 
+0000.00300 +6.5503e-06 +1.1469e-05 +1.5940e-05 +1.9891e-05 +2.3183e-05 +2.5601e-05 +2.6883e-05 +2.6789e-05 +2.5220e-05 +2.2364e-05 +1.8743e-05 +1.5121e-05 +1.2264e-05 +1.0694e-05 +1.0598e-05 +1.1878e-05 +1.4295e-05 +1.7585e-05 +2.1534e-05 +2.6002e-05 +3.0919e-05 
+0000.00000 +5.8956e-06 +1.0137e-05 +1.3837e-05 +1.6948e-05 +1.9402e-05 +2.1119e-05 +2.2038e-05 +2.2143e-05 +2.1503e-05 +2.0282e-05 +1.8743e-05 +1.7204e-05 +1.5983e-05 +1.5342e-05 +1.5447e-05 +1.6365e-05 +1.8081e-05 +2.0533e-05 +2.3643e-05 +2.7341e-05 +3.1581e-05 
-0000.00300 +6.5502e-06 +1.1469e-05 +1.5940e-05 +1.9891e-05 +2.3183e-05 +2.5601e-05 +2.6883e-05 +2.6788e-05 +2.5220e-05 +2.2364e-05 +1.8743e-05 +1.5121e-05 +1.2264e-05 +1.0694e-05 +1.0598e-05 +1.1878e-05 +1.4295e-05 +1.7585e-05 +2.1534e-05 +2.6002e-05 +3.0919e-05 
-0000.00600 +8.4656e-06 +1.5658e-05 +2.3029e-05 +3.0666e-05 +3.8482e-05 +4.6000e-05 +5.2030e-05 +5.4377e-05 +5.0158e-05 +3.7591e-05 +1.8751e-05 -9.0613e-08 -1.2665e-05 -1.6892e-05 -1.4554e-05 -8.5301e-06 -1.0171e-06 +6.7943e-06 +1.4428e-05 +2.1795e-05 +2.8983e-05 
# Total Vertical 2nd Order Kick [T2m2]
START
            -0000.01000 -0000.00900 -0000.00800 -0000.00700 -0000.00600 -0000.00500 -0000.00400 -0000.00300 -0000.00200 -0000.00100 +0000.00000 +0000.00100 +0000.00200 +0000.00300 +0000.00400 +0000.00500 +0000.00600 +0000.00700 +0000.00800 +0000.00900 +0000.01000 
+0000.00600 -2.5562e-03 -2.5550e-03 -2.5526e-03 -2.5485e-03 -2.5422e-03 -2.5326e-03 -2.5193e-03 -2.5021e-03 -2.4831e-03 -2.4674e-03 -2.4611e-03 -2.4674e-03 -2.4831e-03 -2.5021e-03 -2.5193e-03 -2.5326e-03 -2.5421e-03 -2.5485e-03 -2.5526e-03 -2.5550e-03 -2.5562e-03 
+0000.00300 -9.8303e-04 -9.8235e-04 -9.8116e-04 -9.7938e-04 -9.7694e-04 -9.7387e-04 -9.7030e-04 -9.6656e-04 -9.6319e-04 -9.6079e-04 -9.5993e-04 -9.6079e-04 -9.6318e-04 -9.6656e-04 -9.7030e-04 -9.7387e-04 -9.7694e-04 -9.7937e-04 -9.8116e-04 -9.8235e-04 -9.8303e-04 
+0000.00000 +2.7282e-11 +3.0563e-11 +3.2184e-11 +3.5429e-11 +3.8599e-11 +3.7103e-11 +3.9714e-11 +4.2856e-11 +4.5708e-11 +4.7561e-11 +4.8981e-11 +4.8669e-11 +4.9225e-11 +4.5542e-11 +5.0150e-11 +4.6847e-11 +4.6680e-11 +4.4159e-11 +4.2923e-11 +3.9816e-11 +3.9482e-11 
-0000.00300 +9.8303e-04 +9.8235e-04 +9.8116e-04 +9.7938e-04 +9.7694e-04 +9.7387e-04 +9.7030e-04 +9.6657e-04 +9.6319e-04 +9.6079e-04 +9.5993e-04 +9.6079e-04 +9.6318e-04 +9.6656e-04 +9.7030e-04 +9.7387e-04 +9.7694e-04 +9.7937e-04 +9.8116e-04 +9.8235e-04 +9.8303e-04 
-0000.00600 +2.5562e-03 +2.5550e-03 +2.5526e-03 +2.5485e-03 +2.5422e-03 +2.5326e-03 +2.5193e-03 +2.5021e-03 +2.4831e-03 +2.4674e-03 +2.4611e-03 +2.4674e-03 +2.4831e-03 +2.5021e-03 +2.5193e-03 +2.5326e-03 +2.5421e-03 +2.5485e-03 +2.5526e-03 +2.5550e-03 +2.5562e-03 
# Horizontal Final Position [m]
START
            -0000.01000 -0000.00900 -0000.00800 -0000.00700 -0000.00600 -0000.00500 -0000.00400 -0000.00300 -0000.00200 -0000.00100 +0000.00000 +0000.00100 +0000.00200 +0000.00300 +0000.00400 +0000.00500 +0000.00600 +0000.00700 +0000.00800 +0000.00900 +0000.01000 
+0000.00600 -1.0003e-02 -9.0026e-03 -8.0025e-03 -7.0023e-03 -6.0022e-03 -5.0021e-03 -4.0020e-03 -3.0019e-03 -2.0020e-03 -1.0022e-03 -2.5380e-06 +9.9712e-04 +1.9969e-03 +2.9968e-03 +3.9969e-03 +4.9970e-03 +5.9971e-03 +6.9972e-03 +7.9974e-03 +8.9975e-03 +9.9976e-03 
+0000.00300 -1.0003e-02 -9.0027e-03 -8.0026e-03 -7.0025e-03 -6.0025e-03 -5.0024e-03 -4.0024e-03 -3.0024e-03 -2.0024e-03 -1.0025e-03 -2.5440e-06 +9.9739e-04 +1.9973e-03 +2.9973e-03 +3.9973e-03 +4.9973e-03 +5.9974e-03 +6.9974e-03 +7.9975e-03 +8.9976e-03 +9.9977e-03 
+0000.00000 -1.0003e-02 -9.0027e-03 -8.0026e-03 -7.0026e-03 -6.0025e-03 -5.0025e-03 -4.0025e-03 -3.0025e-03 -2.0025e-03 -1.0025e-03 -2.5449e-06 +9.9743e-04 +1.9974e-03 +2.9974e-03 +3.9974e-03 +4.9974e-03 +5.9974e-03 +6.9975e-03 +7.9975e-03 +8.9976e-03 +9.9977e-03 
-0000.00300 -1.0003e-02 -9.0027e-03 -8.0026e-03 -7.0025e-03 -6.0025e-03 -5.0024e-03 -4.0024e-03 -3.0024e-03 -2.0024e-03 -1.0025e-03 -2.5440e-06 +9.9739e-04 +1.9973e-03 +2.9973e-03 +3.9973e-03 +4.9973e-03 +5.9974e-03 +6.9974e-03 +7.9975e-03 +8.9976e-03 +9.9977e-03 
-0000.00600 -1.0003e-02 -9.0026e-03 -8.0025e-03 -7.0023e-03 -6.0022e-03 -5.0021e-03 -4.0020e-03 -3.0019e-03 -2.0020e-03 -1.0022e-03 -2.5380e-06 +9.9712e-04 +1.9969e-03 +2.9968e-03 +3.9969e-03 +4.9970e-03 +5.9971e-03 +6.9972e-03 +7.9974e-03 +8.9975e-03 +9.9976e-03 
# Vertical Final Position [m]
START
            -0000.01000 -0000.00900 -0000.00800 -0000.00700 -0000.00600 -0000.00500 -0000.00400 -0000.00300 -0000.00200 -0000.00100 +0000.00000 +0000.00100 +0000.00200 +0000.00300 +0000.00400 +0000.00500 +0000.00600 +0000.00700 +0000.00800 +0000.00900 +0000.01000 
+0000.00600 +5.9540e-03 +5.9540e-03 +5.9541e-03 +5.9541e-03 +5.9542e-03 +5.9544e-03 +5.9547e-03 +5.9550e-03 +5.9553e-03 +5.9556e-03 +5.9557e-03 +5.9556e-03 +5.9553e-03 +5.9550e-03 +5.9547e-03 +5.9544e-03 +5.9543e-03 +5.9541e-03 +5.9541e-03 +5.9540e-03 +5.9540e-03 
+0000.00300 +2.9823e-03 +2.9823e-03 +2.9824e-03 +2.9824e-03 +2.9824e-03 +2.9825e-03 +2.9825e-03 +2.9826e-03 +2.9827e-03 +2.9827e-03 +2.9827e-03 +2.9827e-03 +2.9827e-03 +2.9826e-03 +2.9825e-03 +2.9825e-03 +2.9824e-03 +2.9824e-03 +2.9823e-03 +2.9823e-03 +2.9823e-03 
+0000.00000 +3.3512e-13 +4.2264e-13 +4.3486e-13 +5.0316e-13 +5.7299e-13 +4.9005e-13 +5.4151e-13 +6.0970e-13 +6.7329e-13 +7.1299e-13 +7.1660e-13 +6.9957e-13 +7.0288e-13 +5.8886e-13 +7.2771e-13 +6.4914e-13 +6.4798e-13 +5.7683e-13 +5.6298e-13 +4.6900e-13 +4.8396e-13 
-0000.00300 -2.9823e-03 -2.9823e-03 -2.9824e-03 -2.9824e-03 -2.9824e-03 -2.9825e-03 -2.9825e-03 -2.9826e-03 -2.9827e-03 -2.9827e-03 -2.9827e-03 -2.9827e-03 -2.9827e-03 -2.9826e-03 -2.9825e-03 -2.9825e-03 -2.9824e-03 -2.9824e-03 -2.9823e-03 -2.9823e-03 -2.9823e-03 
-0000.00600 -5.9540e-03 -5.9540e-03 -5.9541e-03 -5.9541e-03 -5.9542e-03 -5.9544e-03 -5.9547e-03 -5.9550e-03 -5.9553e-03 -5.9556e-03 -5.9557e-03 -5.9556e-03 -5.9553e-03 -5.9550e-03 -5.9547e-03 -5.9544e-03 -5.9543e-03 -5.9541e-03 -5.9541e-03 -5.9540e-03 -5.9540e-03 