# Author: FAC idanalysis.IDKickMap
# Termination_kicks [T2m2]: -4.6783e-06 +1.0952e-06 -1.5311e-05 +6.7873e-07 
# Total Length of Longitudinal Interval [m]
2.773
# Number of Horizontal Points
21
# Number of Vertical Points
5
# Total Horizontal 2nd Order Kick [T2m2]
START
            -0000.01000 -0000.00900 -0000.00800 -0000.00700 -0000.00600 -0000.00500 -0000.00400 -0000.00300 -0000.00200 -0000.00100 +0000.00000 +0000.00100 +0000.00200 +0000.00300 +0000.00400 +0000.00500 +0000.00600 +0000.00700 +0000.00800 +0000.00900 +0000.01000 
+0000.00600 -3.2221e-05 -4.4034e-05 -5.8244e-05 -7.4574e-05 -9.2040e-05 -1.0833e-04 -1.1896e-04 -1.1677e-04 -9.3282e-05 -4.3986e-05 +2.4204e-05 +9.2442e-05 +1.4186e-04 +1.6548e-04 +1.6780e-04 +1.5726e-04 +1.4104e-04 +1.2361e-04 +1.0730e-04 +9.3094e-05 +8.1281e-05 
+0000.00300 -9.8806e-05 -1.1440e-04 -1.2903e-04 -1.4096e-04 -1.4791e-04 -1.4719e-04 -1.3612e-04 -1.1266e-04 -7.6339e-05 -2.9126e-05 +2.4412e-05 +7.7955e-05 +1.2518e-04 +1.6152e-04 +1.8501e-04 +1.9610e-04 +1.9683e-04 +1.8990e-04 +1.7798e-04 +1.6335e-04 +1.4776e-04 
+0000.00000 -1.2652e-04 -1.4440e-04 -1.6038e-04 -1.7230e-04 -1.7756e-04 -1.7341e-04 -1.5743e-04 -1.2824e-04 -8.6182e-05 -3.3758e-05 +2.4476e-05 +8.2709e-05 +1.3513e-04 +1.7719e-04 +2.0638e-04 +2.2236e-04 +2.2651e-04 +2.2125e-04 +2.0933e-04 +1.9334e-04 +1.7546e-04 
-0000.00300 -9.8831e-05 -1.1442e-04 -1.2905e-04 -1.4097e-04 -1.4789e-04 -1.4716e-04 -1.3606e-04 -1.1257e-04 -7.6234e-05 -2.9003e-05 +2.4541e-05 +7.8078e-05 +1.2529e-04 +1.6161e-04 +1.8507e-04 +1.9614e-04 +1.9685e-04 +1.8990e-04 +1.7797e-04 +1.6333e-04 +1.4774e-04 
-0000.00600 -3.2303e-05 -4.4113e-05 -5.8313e-05 -7.4621e-05 -9.2047e-05 -1.0827e-04 -1.1880e-04 -1.1647e-04 -9.2837e-05 -4.3408e-05 +2.4835e-05 +9.3021e-05 +1.4231e-04 +1.6578e-04 +1.6796e-04 +1.5732e-04 +1.4103e-04 +1.2356e-04 +1.0722e-04 +9.3006e-05 +8.1189e-05 
# Total Vertical 2nd Order Kick [T2m2]
START
            -0000.01000 -0000.00900 -0000.00800 -0000.00700 -0000.00600 -0000.00500 -0000.00400 -0000.00300 -0000.00200 -0000.00100 +0000.00000 +0000.00100 +0000.00200 +0000.00300 +0000.00400 +0000.00500 +0000.00600 +0000.00700 +0000.00800 +0000.00900 +0000.01000 
+0000.00600 -2.3933e-03 -2.3703e-03 -2.3483e-03 -2.3298e-03 -2.3182e-03 -2.3177e-03 -2.3320e-03 -2.3623e-03 -2.4032e-03 -2.4404e-03 -2.4558e-03 -2.4406e-03 -2.4034e-03 -2.3626e-03 -2.3323e-03 -2.3180e-03 -2.3185e-03 -2.3301e-03 -2.3485e-03 -2.3704e-03 -2.3934e-03 
+0000.00300 -8.7428e-04 -8.5579e-04 -8.3614e-04 -8.1608e-04 -7.9663e-04 -7.7895e-04 -7.6415e-04 -7.5297e-04 -7.4557e-04 -7.4156e-04 -7.4033e-04 -7.4159e-04 -7.4564e-04 -7.5305e-04 -7.6425e-04 -7.7905e-04 -7.9673e-04 -8.1617e-04 -8.3622e-04 -8.5586e-04 -8.7433e-04 
+0000.00000 -1.8001e-06 -1.7960e-06 -1.7925e-06 -1.7900e-06 -1.7887e-06 -1.7892e-06 -1.7916e-06 -1.7960e-06 -1.8024e-06 -1.8102e-06 -1.8188e-06 -1.8275e-06 -1.8355e-06 -1.8422e-06 -1.8471e-06 -1.8500e-06 -1.8509e-06 -1.8500e-06 -1.8478e-06 -1.8445e-06 -1.8407e-06 
-0000.00300 +8.7070e-04 +8.5222e-04 +8.3258e-04 +8.1254e-04 +7.9310e-04 +7.7542e-04 +7.6062e-04 +7.4942e-04 +7.4201e-04 +7.3796e-04 +7.3669e-04 +7.3792e-04 +7.4194e-04 +7.4933e-04 +7.6051e-04 +7.7531e-04 +7.9298e-04 +8.1243e-04 +8.3249e-04 +8.5214e-04 +8.7063e-04 
-0000.00600 +2.3898e-03 +2.3668e-03 +2.3449e-03 +2.3264e-03 +2.3149e-03 +2.3144e-03 +2.3287e-03 +2.3590e-03 +2.3998e-03 +2.4370e-03 +2.4522e-03 +2.4368e-03 +2.3995e-03 +2.3586e-03 +2.3283e-03 +2.3140e-03 +2.3146e-03 +2.3262e-03 +2.3446e-03 +2.3666e-03 +2.3896e-03 
# Horizontal Final Position [m]
START
            -0000.01000 -0000.00900 -0000.00800 -0000.00700 -0000.00600 -0000.00500 -0000.00400 -0000.00300 -0000.00200 -0000.00100 +0000.00000 +0000.00100 +0000.00200 +0000.00300 +0000.00400 +0000.00500 +0000.00600 +0000.00700 +0000.00800 +0000.00900 +0000.01000 
+0000.00600 -1.0003e-02 -9.0037e-03 -8.0040e-03 -7.0043e-03 -6.0046e-03 -5.0050e-03 -4.0052e-03 -3.0052e-03 -2.0048e-03 -1.0040e-03 -2.7435e-06 +9.9850e-04 +1.9994e-03 +2.9999e-03 +4.0000e-03 +4.9998e-03 +5.9996e-03 +6.9993e-03 +7.9990e-03 +8.9988e-03 +9.9986e-03 
+0000.00300 -1.0005e-02 -9.0049e-03 -8.0052e-03 -7.0054e-03 -6.0056e-03 -5.0056e-03 -4.0054e-03 -3.0050e-03 -2.0043e-03 -1.0035e-03 -2.4998e-06 +9.9847e-04 +1.9993e-03 +3.0000e-03 +4.0004e-03 +5.0006e-03 +6.0007e-03 +7.0005e-03 +8.0003e-03 +9.0001e-03 +9.9998e-03 
+0000.00000 -1.0005e-02 -9.0054e-03 -8.0057e-03 -7.0059e-03 -6.0060e-03 -5.0060e-03 -4.0057e-03 -3.0051e-03 -2.0044e-03 -1.0034e-03 -2.3783e-06 +9.9867e-04 +1.9996e-03 +3.0004e-03 +4.0009e-03 +5.0012e-03 +6.0013e-03 +7.0012e-03 +8.0010e-03 +9.0007e-03 +1.0000e-02 
-0000.00300 -1.0005e-02 -9.0049e-03 -8.0051e-03 -7.0053e-03 -6.0054e-03 -5.0054e-03 -4.0052e-03 -3.0047e-03 -2.0041e-03 -1.0032e-03 -2.2535e-06 +9.9871e-04 +1.9996e-03 +3.0002e-03 +4.0006e-03 +5.0008e-03 +6.0008e-03 +7.0007e-03 +8.0004e-03 +9.0002e-03 +9.9999e-03 
-0000.00600 -1.0003e-02 -9.0035e-03 -8.0038e-03 -7.0041e-03 -6.0043e-03 -5.0046e-03 -4.0047e-03 -3.0046e-03 -2.0042e-03 -1.0032e-03 -1.9914e-06 +9.9923e-04 +2.0001e-03 +3.0005e-03 +4.0004e-03 +5.0002e-03 +5.9999e-03 +6.9995e-03 +7.9992e-03 +8.9989e-03 +9.9987e-03 
# Vertical Final Position [m]
START
            -0000.01000 -0000.00900 -0000.00800 -0000.00700 -0000.00600 -0000.00500 -0000.00400 -0000.00300 -0000.00200 -0000.00100 +0000.00000 +0000.00100 +0000.00200 +0000.00300 +0000.00400 +0000.00500 +0000.00600 +0000.00700 +0000.00800 +0000.00900 +0000.01000 
+0000.00600 +5.9571e-03 +5.9575e-03 +5.9579e-03 +5.9582e-03 +5.9584e-03 +5.9584e-03 +5.9581e-03 +5.9575e-03 +5.9567e-03 +5.9560e-03 +5.9556e-03 +5.9558e-03 +5.9564e-03 +5.9571e-03 +5.9576e-03 +5.9579e-03 +5.9578e-03 +5.9576e-03 +5.9573e-03 +5.9569e-03 +5.9565e-03 
+0000.00300 +2.9844e-03 +2.9847e-03 +2.9851e-03 +2.9854e-03 +2.9858e-03 +2.9861e-03 +2.9863e-03 +2.9865e-03 +2.9866e-03 +2.9867e-03 +2.9867e-03 +2.9866e-03 +2.9865e-03 +2.9863e-03 +2.9861e-03 +2.9858e-03 +2.9855e-03 +2.9851e-03 +2.9848e-03 +2.9844e-03 +2.9841e-03 
+0000.00000 +1.4016e-07 +1.3595e-07 +1.3010e-07 +1.2226e-07 +1.1209e-07 +9.9305e-08 +8.3728e-08 +6.5397e-08 +4.4611e-08 +2.1966e-08 -1.6853e-09 -2.5339e-08 -4.7992e-08 -6.8789e-08 -8.7136e-08 -1.0273e-07 -1.1553e-07 -1.2572e-07 -1.3357e-07 -1.3943e-07 -1.4366e-07 
-0000.00300 -2.9841e-03 -2.9844e-03 -2.9848e-03 -2.9851e-03 -2.9855e-03 -2.9858e-03 -2.9861e-03 -2.9863e-03 -2.9865e-03 -2.9866e-03 -2.9867e-03 -2.9867e-03 -2.9866e-03 -2.9865e-03 -2.9863e-03 -2.9861e-03 -2.9858e-03 -2.9855e-03 -2.9851e-03 -2.9847e-03 -2.9844e-03 
-0000.00600 -5.9565e-03 -5.9569e-03 -5.9573e-03 -5.9576e-03 -5.9578e-03 -5.9578e-03 -5.9576e-03 -5.9571e-03 -5.9564e-03 -5.9558e-03 -5.9556e-03 -5.9560e-03 -5.9567e-03 -5.9575e-03 -5.9581e-03 -5.9584e-03 -5.9584e-03 -5.9582e-03 -5.9579e-03 -5.9575e-03 -5.9571e-03 