# Author: FAC idanalysis.IDKickMap
# Termination_kicks [T2m2]: -1.0263e-05 +4.7465e-06 -5.7204e-05 +2.2430e-06 
# Total Length of Longitudinal Interval [m]
2.773
# Number of Horizontal Points
21
# Number of Vertical Points
5
# Total Horizontal 2nd Order Kick [T2m2]
START
            -0000.01000 -0000.00900 -0000.00800 -0000.00700 -0000.00600 -0000.00500 -0000.00400 -0000.00300 -0000.00200 -0000.00100 +0000.00000 +0000.00100 +0000.00200 +0000.00300 +0000.00400 +0000.00500 +0000.00600 +0000.00700 +0000.00800 +0000.00900 +0000.01000 
+0000.00600 +2.5011e-04 +2.5441e-04 +2.5475e-04 +2.5051e-04 +2.4121e-04 +2.2654e-04 +2.0650e-04 +1.8144e-04 +1.5214e-04 +1.1975e-04 +8.5728e-05 +5.1706e-05 +1.9315e-05 -9.9861e-06 -3.5043e-05 -5.5090e-05 -6.9765e-05 -7.9074e-05 -8.3315e-05 -8.2988e-05 -7.8707e-05 
+0000.00300 -2.0783e-05 -2.4216e-05 -2.5071e-05 -2.2839e-05 -1.7119e-05 -7.6865e-06 +5.4576e-06 +2.2044e-05 +4.1525e-05 +6.3101e-05 +8.5776e-05 +1.0845e-04 +1.3003e-04 +1.4950e-04 +1.6609e-04 +1.7923e-04 +1.8865e-04 +1.9437e-04 +1.9659e-04 +1.9573e-04 +1.9229e-04 
+0000.00000 -9.7283e-05 -1.0189e-04 -1.0205e-04 -9.7047e-05 -8.6354e-05 -6.9713e-05 -4.7214e-05 -1.9348e-05 +1.2993e-05 +4.8550e-05 +8.5788e-05 +1.2303e-04 +1.5858e-04 +1.9092e-04 +2.1878e-04 +2.4127e-04 +2.5791e-04 +2.6860e-04 +2.7359e-04 +2.7342e-04 +2.6881e-04 
-0000.00300 -2.0784e-05 -2.4215e-05 -2.5069e-05 -2.2836e-05 -1.7115e-05 -7.6813e-06 +5.4639e-06 +2.2051e-05 +4.1533e-05 +6.3109e-05 +8.5785e-05 +1.0846e-04 +1.3003e-04 +1.4951e-04 +1.6609e-04 +1.7923e-04 +1.8866e-04 +1.9437e-04 +1.9659e-04 +1.9573e-04 +1.9228e-04 
-0000.00600 +2.5011e-04 +2.5441e-04 +2.5475e-04 +2.5053e-04 +2.4123e-04 +2.2657e-04 +2.0653e-04 +1.8148e-04 +1.5218e-04 +1.1979e-04 +8.5774e-05 +5.1751e-05 +1.9356e-05 -9.9501e-06 -3.5013e-05 -5.5067e-05 -6.9749e-05 -7.9065e-05 -8.3312e-05 -8.2990e-05 -7.8713e-05 
# Total Vertical 2nd Order Kick [T2m2]
START
            -0000.01000 -0000.00900 -0000.00800 -0000.00700 -0000.00600 -0000.00500 -0000.00400 -0000.00300 -0000.00200 -0000.00100 +0000.00000 +0000.00100 +0000.00200 +0000.00300 +0000.00400 +0000.00500 +0000.00600 +0000.00700 +0000.00800 +0000.00900 +0000.01000 
+0000.00600 -2.2483e-03 -2.1113e-03 -1.9707e-03 -1.8302e-03 -1.6939e-03 -1.5666e-03 -1.4531e-03 -1.3585e-03 -1.2873e-03 -1.2430e-03 -1.2279e-03 -1.2430e-03 -1.2873e-03 -1.3585e-03 -1.4531e-03 -1.5666e-03 -1.6939e-03 -1.8302e-03 -1.9707e-03 -2.1113e-03 -2.2483e-03 
+0000.00300 -7.9713e-04 -7.4325e-04 -6.8901e-04 -6.3580e-04 -5.8514e-04 -5.3864e-04 -4.9787e-04 -4.6436e-04 -4.3940e-04 -4.2399e-04 -4.1878e-04 -4.2398e-04 -4.3939e-04 -4.6435e-04 -4.9786e-04 -5.3861e-04 -5.8512e-04 -6.3578e-04 -6.8899e-04 -7.4323e-04 -7.9711e-04 
+0000.00000 -7.3156e-06 -7.3140e-06 -7.3124e-06 -7.3108e-06 -7.3091e-06 -7.3075e-06 -7.3059e-06 -7.3043e-06 -7.3026e-06 -7.3010e-06 -7.2993e-06 -7.2975e-06 -7.2956e-06 -7.2937e-06 -7.2915e-06 -7.2893e-06 -7.2869e-06 -7.2844e-06 -7.2817e-06 -7.2791e-06 -7.2763e-06 
-0000.00300 +7.8249e-04 +7.2862e-04 +6.7438e-04 +6.2118e-04 +5.7052e-04 +5.2402e-04 +4.8326e-04 +4.4975e-04 +4.2479e-04 +4.0939e-04 +4.0418e-04 +4.0939e-04 +4.2480e-04 +4.4976e-04 +4.8328e-04 +5.2404e-04 +5.7055e-04 +6.2122e-04 +6.7443e-04 +7.2868e-04 +7.8256e-04 
-0000.00600 +2.2337e-03 +2.0966e-03 +1.9561e-03 +1.8156e-03 +1.6793e-03 +1.5519e-03 +1.4385e-03 +1.3439e-03 +1.2727e-03 +1.2284e-03 +1.2133e-03 +1.2284e-03 +1.2727e-03 +1.3440e-03 +1.4386e-03 +1.5520e-03 +1.6794e-03 +1.8157e-03 +1.9562e-03 +2.0967e-03 +2.2338e-03 
# Horizontal Final Position [m]
START
            -0000.01000 -0000.00900 -0000.00800 -0000.00700 -0000.00600 -0000.00500 -0000.00400 -0000.00300 -0000.00200 -0000.00100 +0000.00000 +0000.00100 +0000.00200 +0000.00300 +0000.00400 +0000.00500 +0000.00600 +0000.00700 +0000.00800 +0000.00900 +0000.01000 
+0000.00600 -1.0004e-02 -9.0044e-03 -8.0045e-03 -7.0046e-03 -6.0048e-03 -5.0051e-03 -4.0055e-03 -3.0059e-03 -2.0065e-03 -1.0071e-03 -7.6901e-06 +9.9169e-04 +1.9911e-03 +2.9906e-03 +3.9902e-03 +4.9898e-03 +5.9896e-03 +6.9894e-03 +7.9894e-03 +8.9894e-03 +9.9895e-03 
+0000.00300 -1.0009e-02 -9.0094e-03 -8.0094e-03 -7.0094e-03 -6.0093e-03 -5.0092e-03 -4.0090e-03 -3.0087e-03 -2.0083e-03 -1.0080e-03 -7.5499e-06 +9.9286e-04 +1.9933e-03 +2.9936e-03 +3.9939e-03 +4.9942e-03 +5.9944e-03 +6.9945e-03 +7.9946e-03 +8.9946e-03 +9.9946e-03 
+0000.00000 -1.0011e-02 -9.0107e-03 -8.0108e-03 -7.0107e-03 -6.0105e-03 -5.0102e-03 -4.0099e-03 -3.0094e-03 -2.0088e-03 -1.0081e-03 -7.4781e-06 +9.9320e-04 +1.9938e-03 +2.9944e-03 +3.9950e-03 +4.9954e-03 +5.9957e-03 +6.9959e-03 +7.9960e-03 +8.9960e-03 +9.9960e-03 
-0000.00300 -1.0009e-02 -9.0093e-03 -8.0094e-03 -7.0093e-03 -6.0092e-03 -5.0091e-03 -4.0089e-03 -3.0086e-03 -2.0082e-03 -1.0078e-03 -7.4333e-06 +9.9298e-04 +1.9934e-03 +2.9937e-03 +3.9940e-03 +4.9943e-03 +5.9945e-03 +6.9946e-03 +7.9946e-03 +8.9947e-03 +9.9946e-03 
-0000.00600 -1.0004e-02 -9.0043e-03 -8.0043e-03 -7.0044e-03 -6.0045e-03 -5.0048e-03 -4.0052e-03 -3.0056e-03 -2.0062e-03 -1.0068e-03 -7.3713e-06 +9.9201e-04 +1.9914e-03 +2.9909e-03 +3.9904e-03 +4.9901e-03 +5.9898e-03 +6.9896e-03 +7.9896e-03 +8.9896e-03 +9.9897e-03 
# Vertical Final Position [m]
START
            -0000.01000 -0000.00900 -0000.00800 -0000.00700 -0000.00600 -0000.00500 -0000.00400 -0000.00300 -0000.00200 -0000.00100 +0000.00000 +0000.00100 +0000.00200 +0000.00300 +0000.00400 +0000.00500 +0000.00600 +0000.00700 +0000.00800 +0000.00900 +0000.01000 
+0000.00600 +5.9600e-03 +5.9624e-03 +5.9649e-03 +5.9674e-03 +5.9698e-03 +5.9721e-03 +5.9741e-03 +5.9757e-03 +5.9769e-03 +5.9777e-03 +5.9779e-03 +5.9776e-03 +5.9767e-03 +5.9753e-03 +5.9736e-03 +5.9714e-03 +5.9691e-03 +5.9666e-03 +5.9640e-03 +5.9614e-03 +5.9588e-03 
+0000.00300 +2.9860e-03 +2.9869e-03 +2.9879e-03 +2.9888e-03 +2.9897e-03 +2.9905e-03 +2.9912e-03 +2.9918e-03 +2.9922e-03 +2.9925e-03 +2.9925e-03 +2.9924e-03 +2.9921e-03 +2.9916e-03 +2.9910e-03 +2.9902e-03 +2.9893e-03 +2.9884e-03 +2.9874e-03 +2.9864e-03 +2.9854e-03 
+0000.00000 +1.2908e-07 +1.1950e-07 +1.0877e-07 +9.6891e-08 +8.3902e-08 +6.9871e-08 +5.4900e-08 +3.9125e-08 +2.2716e-08 +5.8672e-09 -1.1205e-08 -2.8276e-08 -4.5119e-08 -6.1520e-08 -7.7283e-08 -9.2240e-08 -1.0625e-07 -1.1923e-07 -1.3108e-07 -1.4180e-07 -1.5135e-07 
-0000.00300 -2.9856e-03 -2.9866e-03 -2.9876e-03 -2.9886e-03 -2.9895e-03 -2.9903e-03 -2.9911e-03 -2.9917e-03 -2.9922e-03 -2.9925e-03 -2.9926e-03 -2.9925e-03 -2.9922e-03 -2.9918e-03 -2.9912e-03 -2.9905e-03 -2.9896e-03 -2.9887e-03 -2.9878e-03 -2.9868e-03 -2.9858e-03 
-0000.00600 -5.9593e-03 -5.9617e-03 -5.9643e-03 -5.9668e-03 -5.9693e-03 -5.9716e-03 -5.9737e-03 -5.9755e-03 -5.9768e-03 -5.9776e-03 -5.9779e-03 -5.9777e-03 -5.9769e-03 -5.9756e-03 -5.9739e-03 -5.9719e-03 -5.9696e-03 -5.9672e-03 -5.9646e-03 -5.9621e-03 -5.9596e-03 