# Author: FAC idanalysis.IDKickMap
# Termination_kicks [T2m2]: +1.6034e-06 -2.0136e-06 -8.3336e-06 -1.1162e-06 
# Total Length of Longitudinal Interval [m]
2.773
# Number of Horizontal Points
21
# Number of Vertical Points
5
# Total Horizontal 2nd Order Kick [T2m2]
START
            -0000.01000 -0000.00900 -0000.00800 -0000.00700 -0000.00600 -0000.00500 -0000.00400 -0000.00300 -0000.00200 -0000.00100 +0000.00000 +0000.00100 +0000.00200 +0000.00300 +0000.00400 +0000.00500 +0000.00600 +0000.00700 +0000.00800 +0000.00900 +0000.01000 
+0000.00600 -3.0511e-05 -3.8945e-05 -4.9052e-05 -6.0434e-05 -7.2115e-05 -8.2163e-05 -8.7323e-05 -8.3079e-05 -6.4946e-05 -3.1496e-05 +1.2437e-05 +5.6328e-05 +8.9671e-05 +1.0767e-04 +1.1179e-04 +1.0652e-04 +9.6402e-05 +8.4671e-05 +7.3257e-05 +6.3130e-05 +5.4685e-05 
+0000.00300 -1.1077e-04 -1.2478e-04 -1.3746e-04 -1.4712e-04 -1.5170e-04 -1.4893e-04 -1.3666e-04 -1.1346e-04 -7.9307e-05 -3.6121e-05 +1.2213e-05 +6.0542e-05 +1.0371e-04 +1.3784e-04 +1.6102e-04 +1.7326e-04 +1.7602e-04 +1.7141e-04 +1.6174e-04 +1.4905e-04 +1.3503e-04 
+0000.00000 -1.4201e-04 -1.5850e-04 -1.7268e-04 -1.8249e-04 -1.8558e-04 -1.7954e-04 -1.6241e-04 -1.3322e-04 -9.2532e-05 -4.2721e-05 +1.2153e-05 +6.7026e-05 +1.1684e-04 +1.5753e-04 +1.8672e-04 +2.0384e-04 +2.0987e-04 +2.0679e-04 +1.9698e-04 +1.8280e-04 +1.6630e-04 
-0000.00300 -1.1074e-04 -1.2476e-04 -1.3745e-04 -1.4712e-04 -1.5172e-04 -1.4897e-04 -1.3671e-04 -1.1354e-04 -7.9407e-05 -3.6236e-05 +1.2092e-05 +6.0425e-05 +1.0361e-04 +1.3776e-04 +1.6095e-04 +1.7322e-04 +1.7600e-04 +1.7141e-04 +1.6174e-04 +1.4907e-04 +1.3505e-04 
-0000.00600 -3.0433e-05 -3.8873e-05 -4.8994e-05 -6.0403e-05 -7.2128e-05 -8.2243e-05 -8.7496e-05 -8.3369e-05 -6.5360e-05 -3.2010e-05 +1.1884e-05 +5.5813e-05 +8.9254e-05 +1.0738e-04 +1.1161e-04 +1.0644e-04 +9.6390e-05 +8.4705e-05 +7.3319e-05 +6.3208e-05 +5.4769e-05 
# Total Vertical 2nd Order Kick [T2m2]
START
            -0000.01000 -0000.00900 -0000.00800 -0000.00700 -0000.00600 -0000.00500 -0000.00400 -0000.00300 -0000.00200 -0000.00100 +0000.00000 +0000.00100 +0000.00200 +0000.00300 +0000.00400 +0000.00500 +0000.00600 +0000.00700 +0000.00800 +0000.00900 +0000.01000 
+0000.00600 -2.4572e-03 -2.4267e-03 -2.3959e-03 -2.3668e-03 -2.3420e-03 -2.3246e-03 -2.3175e-03 -2.3214e-03 -2.3336e-03 -2.3469e-03 -2.3526e-03 -2.3467e-03 -2.3334e-03 -2.3211e-03 -2.3171e-03 -2.3243e-03 -2.3416e-03 -2.3665e-03 -2.3957e-03 -2.4266e-03 -2.4570e-03 
+0000.00300 -8.9211e-04 -8.7098e-04 -8.4850e-04 -8.2544e-04 -8.0278e-04 -7.8168e-04 -7.6329e-04 -7.4854e-04 -7.3796e-04 -7.3168e-04 -7.2960e-04 -7.3165e-04 -7.3790e-04 -7.4846e-04 -7.6319e-04 -7.8157e-04 -8.0267e-04 -8.2534e-04 -8.4841e-04 -8.7090e-04 -8.9205e-04 
+0000.00000 +3.1518e-06 +3.1479e-06 +3.1447e-06 +3.1424e-06 +3.1413e-06 +3.1419e-06 +3.1443e-06 +3.1486e-06 +3.1546e-06 +3.1618e-06 +3.1698e-06 +3.1779e-06 +3.1854e-06 +3.1917e-06 +3.1964e-06 +3.1992e-06 +3.2003e-06 +3.1997e-06 +3.1977e-06 +3.1948e-06 +3.1912e-06 
-0000.00300 +8.9839e-04 +8.7725e-04 +8.5476e-04 +8.3168e-04 +8.0902e-04 +7.8792e-04 +7.6954e-04 +7.5480e-04 +7.4424e-04 +7.3799e-04 +7.3594e-04 +7.3802e-04 +7.4430e-04 +7.5487e-04 +7.6963e-04 +7.8801e-04 +8.0911e-04 +8.3177e-04 +8.5484e-04 +8.7732e-04 +8.9845e-04 
-0000.00600 +2.4634e-03 +2.4329e-03 +2.4021e-03 +2.3729e-03 +2.3480e-03 +2.3306e-03 +2.3234e-03 +2.3274e-03 +2.3397e-03 +2.3530e-03 +2.3589e-03 +2.3532e-03 +2.3399e-03 +2.3277e-03 +2.3238e-03 +2.3309e-03 +2.3483e-03 +2.3731e-03 +2.4023e-03 +2.4331e-03 +2.4635e-03 
# Horizontal Final Position [m]
START
            -0000.01000 -0000.00900 -0000.00800 -0000.00700 -0000.00600 -0000.00500 -0000.00400 -0000.00300 -0000.00200 -0000.00100 +0000.00000 +0000.00100 +0000.00200 +0000.00300 +0000.00400 +0000.00500 +0000.00600 +0000.00700 +0000.00800 +0000.00900 +0000.01000 
+0000.00600 -1.0003e-02 -9.0034e-03 -8.0036e-03 -7.0038e-03 -6.0040e-03 -5.0041e-03 -4.0041e-03 -3.0040e-03 -2.0037e-03 -1.0030e-03 -2.2345e-06 +9.9854e-04 +1.9991e-03 +2.9994e-03 +3.9994e-03 +4.9993e-03 +5.9991e-03 +6.9988e-03 +7.9986e-03 +8.9984e-03 +9.9982e-03 
+0000.00300 -1.0005e-02 -9.0050e-03 -8.0052e-03 -7.0054e-03 -6.0055e-03 -5.0054e-03 -4.0052e-03 -3.0048e-03 -2.0041e-03 -1.0034e-03 -2.4840e-06 +9.9838e-04 +1.9991e-03 +2.9997e-03 +4.0001e-03 +5.0004e-03 +6.0004e-03 +7.0003e-03 +8.0001e-03 +8.9999e-03 +9.9996e-03 
+0000.00000 -1.0005e-02 -9.0057e-03 -8.0059e-03 -7.0061e-03 -6.0061e-03 -5.0060e-03 -4.0057e-03 -3.0052e-03 -2.0045e-03 -1.0036e-03 -2.6077e-06 +9.9837e-04 +1.9993e-03 +3.0000e-03 +4.0005e-03 +5.0008e-03 +6.0009e-03 +7.0009e-03 +8.0007e-03 +9.0004e-03 +1.0000e-02 
-0000.00300 -1.0005e-02 -9.0051e-03 -8.0053e-03 -7.0055e-03 -6.0056e-03 -5.0056e-03 -4.0054e-03 -3.0050e-03 -2.0044e-03 -1.0036e-03 -2.7294e-06 +9.9814e-04 +1.9989e-03 +2.9995e-03 +4.0000e-03 +5.0002e-03 +6.0002e-03 +7.0002e-03 +8.0000e-03 +8.9998e-03 +9.9996e-03 
-0000.00600 -1.0003e-02 -9.0036e-03 -8.0038e-03 -7.0041e-03 -6.0043e-03 -5.0045e-03 -4.0046e-03 -3.0046e-03 -2.0043e-03 -1.0037e-03 -2.9668e-06 +9.9783e-04 +1.9985e-03 +2.9988e-03 +3.9989e-03 +4.9989e-03 +5.9987e-03 +6.9985e-03 +7.9984e-03 +8.9982e-03 +9.9981e-03 
# Vertical Final Position [m]
START
            -0000.01000 -0000.00900 -0000.00800 -0000.00700 -0000.00600 -0000.00500 -0000.00400 -0000.00300 -0000.00200 -0000.00100 +0000.00000 +0000.00100 +0000.00200 +0000.00300 +0000.00400 +0000.00500 +0000.00600 +0000.00700 +0000.00800 +0000.00900 +0000.01000 
+0000.00600 +5.9556e-03 +5.9562e-03 +5.9567e-03 +5.9572e-03 +5.9577e-03 +5.9580e-03 +5.9582e-03 +5.9581e-03 +5.9580e-03 +5.9578e-03 +5.9578e-03 +5.9580e-03 +5.9583e-03 +5.9586e-03 +5.9587e-03 +5.9586e-03 +5.9583e-03 +5.9578e-03 +5.9573e-03 +5.9568e-03 +5.9562e-03 
+0000.00300 +2.9838e-03 +2.9842e-03 +2.9846e-03 +2.9850e-03 +2.9854e-03 +2.9858e-03 +2.9862e-03 +2.9865e-03 +2.9867e-03 +2.9868e-03 +2.9869e-03 +2.9869e-03 +2.9868e-03 +2.9866e-03 +2.9864e-03 +2.9861e-03 +2.9857e-03 +2.9853e-03 +2.9849e-03 +2.9845e-03 +2.9841e-03 
+0000.00000 -1.4421e-07 -1.3937e-07 -1.3284e-07 -1.2430e-07 -1.1344e-07 -1.0005e-07 -8.3998e-08 -6.5379e-08 -4.4507e-08 -2.1947e-08 +1.5196e-09 +2.4989e-08 +4.7556e-08 +6.8441e-08 +8.7075e-08 +1.0314e-07 +1.1655e-07 +1.2742e-07 +1.3598e-07 +1.4253e-07 +1.4738e-07 
-0000.00300 -2.9842e-03 -2.9845e-03 -2.9849e-03 -2.9853e-03 -2.9857e-03 -2.9861e-03 -2.9864e-03 -2.9866e-03 -2.9868e-03 -2.9869e-03 -2.9869e-03 -2.9868e-03 -2.9867e-03 -2.9865e-03 -2.9862e-03 -2.9858e-03 -2.9854e-03 -2.9850e-03 -2.9846e-03 -2.9842e-03 -2.9838e-03 
-0000.00600 -5.9562e-03 -5.9568e-03 -5.9573e-03 -5.9578e-03 -5.9583e-03 -5.9586e-03 -5.9587e-03 -5.9586e-03 -5.9583e-03 -5.9580e-03 -5.9578e-03 -5.9578e-03 -5.9580e-03 -5.9582e-03 -5.9582e-03 -5.9580e-03 -5.9577e-03 -5.9572e-03 -5.9567e-03 -5.9561e-03 -5.9556e-03 