# Author: FAC idanalysis.IDKickMap
# Termination_kicks [T2m2]: +3.0088e-05 -1.1371e-05 -1.1589e-05 -5.9359e-06 
# Total Length of Longitudinal Interval [m]
2.773
# Number of Horizontal Points
21
# Number of Vertical Points
5
# Total Horizontal 2nd Order Kick [T2m2]
START
            -0000.01000 -0000.00900 -0000.00800 -0000.00700 -0000.00600 -0000.00500 -0000.00400 -0000.00300 -0000.00200 -0000.00100 +0000.00000 +0000.00100 +0000.00200 +0000.00300 +0000.00400 +0000.00500 +0000.00600 +0000.00700 +0000.00800 +0000.00900 +0000.01000 
+0000.00600 +1.6600e-04 +1.7029e-04 +1.7064e-04 +1.6642e-04 +1.5713e-04 +1.4248e-04 +1.2246e-04 +9.7432e-05 +6.8162e-05 +3.5802e-05 +1.8115e-06 -3.2181e-05 -6.4548e-05 -9.3828e-05 -1.1887e-04 -1.3890e-04 -1.5357e-04 -1.6288e-04 -1.6713e-04 -1.6681e-04 -1.6253e-04 
+0000.00300 -1.0465e-04 -1.0808e-04 -1.0893e-04 -1.0670e-04 -1.0099e-04 -9.1560e-05 -7.8426e-05 -6.1854e-05 -4.2389e-05 -2.0832e-05 +1.8231e-06 +2.4477e-05 +4.6032e-05 +6.5492e-05 +8.2059e-05 +9.5185e-05 +1.0460e-04 +1.1031e-04 +1.1253e-04 +1.1167e-04 +1.0823e-04 
+0000.00000 -1.8108e-04 -1.8568e-04 -1.8584e-04 -1.8085e-04 -1.7016e-04 -1.5354e-04 -1.3106e-04 -1.0321e-04 -7.0903e-05 -3.5378e-05 +1.8272e-06 +3.9032e-05 +7.4555e-05 +1.0686e-04 +1.3470e-04 +1.5717e-04 +1.7379e-04 +1.8447e-04 +1.8946e-04 +1.8929e-04 +1.8468e-04 
-0000.00300 -1.0465e-04 -1.0808e-04 -1.0893e-04 -1.0670e-04 -1.0099e-04 -9.1565e-05 -7.8432e-05 -6.1861e-05 -4.2397e-05 -2.0840e-05 +1.8147e-06 +2.4469e-05 +4.6024e-05 +6.5486e-05 +8.2053e-05 +9.5181e-05 +1.0460e-04 +1.1031e-04 +1.1253e-04 +1.1167e-04 +1.0823e-04 
-0000.00600 +1.6600e-04 +1.7029e-04 +1.7063e-04 +1.6640e-04 +1.5711e-04 +1.4245e-04 +1.2243e-04 +9.7394e-05 +6.8120e-05 +3.5757e-05 +1.7657e-06 -3.2226e-05 -6.4589e-05 -9.3864e-05 -1.1890e-04 -1.3893e-04 -1.5359e-04 -1.6289e-04 -1.6713e-04 -1.6680e-04 -1.6253e-04 
# Total Vertical 2nd Order Kick [T2m2]
START
            -0000.01000 -0000.00900 -0000.00800 -0000.00700 -0000.00600 -0000.00500 -0000.00400 -0000.00300 -0000.00200 -0000.00100 +0000.00000 +0000.00100 +0000.00200 +0000.00300 +0000.00400 +0000.00500 +0000.00600 +0000.00700 +0000.00800 +0000.00900 +0000.01000 
+0000.00600 -2.2214e-03 -2.0845e-03 -1.9441e-03 -1.8037e-03 -1.6676e-03 -1.5403e-03 -1.4270e-03 -1.3325e-03 -1.2613e-03 -1.2170e-03 -1.2020e-03 -1.2170e-03 -1.2613e-03 -1.3325e-03 -1.4270e-03 -1.5404e-03 -1.6676e-03 -1.8038e-03 -1.9442e-03 -2.0846e-03 -2.2216e-03 
+0000.00300 -7.7155e-04 -7.1772e-04 -6.6354e-04 -6.1038e-04 -5.5977e-04 -5.1331e-04 -4.7259e-04 -4.3911e-04 -4.1417e-04 -3.9878e-04 -3.9357e-04 -3.9878e-04 -4.1417e-04 -4.3912e-04 -4.7260e-04 -5.1333e-04 -5.5980e-04 -6.1042e-04 -6.6358e-04 -7.1778e-04 -7.7162e-04 
+0000.00000 +1.7555e-05 +1.7553e-05 +1.7552e-05 +1.7550e-05 +1.7548e-05 +1.7546e-05 +1.7545e-05 +1.7543e-05 +1.7541e-05 +1.7540e-05 +1.7538e-05 +1.7536e-05 +1.7534e-05 +1.7532e-05 +1.7530e-05 +1.7528e-05 +1.7526e-05 +1.7523e-05 +1.7521e-05 +1.7518e-05 +1.7516e-05 
-0000.00300 +8.0666e-04 +7.5283e-04 +6.9865e-04 +6.4548e-04 +5.9487e-04 +5.4840e-04 +5.0768e-04 +4.7419e-04 +4.4925e-04 +4.3385e-04 +4.2865e-04 +4.3385e-04 +4.4924e-04 +4.7418e-04 +5.0766e-04 +5.4838e-04 +5.9484e-04 +6.4546e-04 +6.9862e-04 +7.5281e-04 +8.0664e-04 
-0000.00600 +2.2566e-03 +2.1196e-03 +1.9792e-03 +1.8388e-03 +1.7027e-03 +1.5754e-03 +1.4621e-03 +1.3676e-03 +1.2964e-03 +1.2521e-03 +1.2371e-03 +1.2521e-03 +1.2964e-03 +1.3676e-03 +1.4621e-03 +1.5754e-03 +1.7026e-03 +1.8388e-03 +1.9792e-03 +2.1196e-03 +2.2566e-03 
# Horizontal Final Position [m]
START
            -0000.01000 -0000.00900 -0000.00800 -0000.00700 -0000.00600 -0000.00500 -0000.00400 -0000.00300 -0000.00200 -0000.00100 +0000.00000 +0000.00100 +0000.00200 +0000.00300 +0000.00400 +0000.00500 +0000.00600 +0000.00700 +0000.00800 +0000.00900 +0000.01000 
+0000.00600 -1.0004e-02 -9.0043e-03 -8.0043e-03 -7.0044e-03 -6.0046e-03 -5.0049e-03 -4.0052e-03 -3.0057e-03 -2.0062e-03 -1.0068e-03 -7.4016e-06 +9.9199e-04 +1.9914e-03 +2.9909e-03 +3.9904e-03 +4.9901e-03 +5.9898e-03 +6.9897e-03 +7.9896e-03 +8.9896e-03 +9.9897e-03 
+0000.00300 -1.0009e-02 -9.0093e-03 -8.0094e-03 -7.0093e-03 -6.0093e-03 -5.0091e-03 -4.0089e-03 -3.0086e-03 -2.0082e-03 -1.0079e-03 -7.4635e-06 +9.9294e-04 +1.9933e-03 +2.9937e-03 +3.9940e-03 +4.9942e-03 +5.9944e-03 +6.9945e-03 +7.9946e-03 +8.9946e-03 +9.9946e-03 
+0000.00000 -1.0011e-02 -9.0107e-03 -8.0107e-03 -7.0107e-03 -6.0105e-03 -5.0102e-03 -4.0099e-03 -3.0094e-03 -2.0088e-03 -1.0082e-03 -7.5083e-06 +9.9316e-04 +1.9938e-03 +2.9944e-03 +3.9949e-03 +4.9953e-03 +5.9956e-03 +6.9958e-03 +7.9959e-03 +8.9960e-03 +9.9959e-03 
-0000.00300 -1.0009e-02 -9.0094e-03 -8.0094e-03 -7.0094e-03 -6.0093e-03 -5.0092e-03 -4.0090e-03 -3.0087e-03 -2.0084e-03 -1.0080e-03 -7.5801e-06 +9.9283e-04 +1.9932e-03 +2.9936e-03 +3.9939e-03 +4.9941e-03 +5.9943e-03 +6.9944e-03 +7.9945e-03 +8.9945e-03 +9.9945e-03 
-0000.00600 -1.0005e-02 -9.0045e-03 -8.0045e-03 -7.0047e-03 -6.0049e-03 -5.0051e-03 -4.0055e-03 -3.0060e-03 -2.0065e-03 -1.0071e-03 -7.7201e-06 +9.9167e-04 +1.9911e-03 +2.9906e-03 +3.9902e-03 +4.9898e-03 +5.9896e-03 +6.9894e-03 +7.9894e-03 +8.9894e-03 +9.9896e-03 
# Vertical Final Position [m]
START
            -0000.01000 -0000.00900 -0000.00800 -0000.00700 -0000.00600 -0000.00500 -0000.00400 -0000.00300 -0000.00200 -0000.00100 +0000.00000 +0000.00100 +0000.00200 +0000.00300 +0000.00400 +0000.00500 +0000.00600 +0000.00700 +0000.00800 +0000.00900 +0000.01000 
+0000.00600 +5.9598e-03 +5.9623e-03 +5.9648e-03 +5.9673e-03 +5.9698e-03 +5.9721e-03 +5.9741e-03 +5.9758e-03 +5.9771e-03 +5.9779e-03 +5.9782e-03 +5.9780e-03 +5.9772e-03 +5.9760e-03 +5.9743e-03 +5.9723e-03 +5.9701e-03 +5.9676e-03 +5.9651e-03 +5.9626e-03 +5.9602e-03 
+0000.00300 +2.9858e-03 +2.9868e-03 +2.9878e-03 +2.9887e-03 +2.9896e-03 +2.9905e-03 +2.9912e-03 +2.9918e-03 +2.9923e-03 +2.9926e-03 +2.9927e-03 +2.9926e-03 +2.9923e-03 +2.9919e-03 +2.9913e-03 +2.9906e-03 +2.9898e-03 +2.9889e-03 +2.9879e-03 +2.9870e-03 +2.9860e-03 
+0000.00000 -1.3182e-07 -1.2226e-07 -1.1154e-07 -9.9680e-08 -8.6706e-08 -7.2690e-08 -5.7734e-08 -4.1975e-08 -2.5581e-08 -8.7481e-09 +8.3092e-09 +2.5365e-08 +4.2195e-08 +5.8583e-08 +7.4334e-08 +8.9281e-08 +1.0329e-07 +1.1625e-07 +1.2810e-07 +1.3881e-07 +1.4836e-07 
-0000.00300 -2.9862e-03 -2.9871e-03 -2.9881e-03 -2.9890e-03 -2.9899e-03 -2.9907e-03 -2.9914e-03 -2.9919e-03 -2.9924e-03 -2.9926e-03 -2.9927e-03 -2.9925e-03 -2.9922e-03 -2.9917e-03 -2.9911e-03 -2.9904e-03 -2.9895e-03 -2.9886e-03 -2.9876e-03 -2.9866e-03 -2.9856e-03 
-0000.00600 -5.9606e-03 -5.9630e-03 -5.9654e-03 -5.9679e-03 -5.9703e-03 -5.9725e-03 -5.9744e-03 -5.9761e-03 -5.9773e-03 -5.9780e-03 -5.9782e-03 -5.9779e-03 -5.9770e-03 -5.9757e-03 -5.9739e-03 -5.9719e-03 -5.9695e-03 -5.9670e-03 -5.9645e-03 -5.9619e-03 -5.9594e-03 