# Author: FAC idanalysis.IDKickMap
# Termination_kicks [T2m2]: +5.5977e-06 -4.4263e-06 -7.1888e-06 -2.4116e-06 
# Total Length of Longitudinal Interval [m]
2.773
# Number of Horizontal Points
21
# Number of Vertical Points
5
# Total Horizontal 2nd Order Kick [T2m2]
START
            -0000.01000 -0000.00900 -0000.00800 -0000.00700 -0000.00600 -0000.00500 -0000.00400 -0000.00300 -0000.00200 -0000.00100 +0000.00000 +0000.00100 +0000.00200 +0000.00300 +0000.00400 +0000.00500 +0000.00600 +0000.00700 +0000.00800 +0000.00900 +0000.01000 
+0000.00600 -8.3732e-06 -1.5843e-05 -2.4644e-05 -3.4332e-05 -4.3968e-05 -5.1922e-05 -5.5796e-05 -5.2746e-05 -4.0499e-05 -1.8971e-05 +8.5439e-06 +3.6050e-05 +5.7557e-05 +6.9774e-05 +7.2792e-05 +6.8889e-05 +6.0909e-05 +5.1251e-05 +4.1547e-05 +3.2732e-05 +2.5250e-05 
+0000.00300 -1.5641e-04 -1.7449e-04 -1.8973e-04 -2.0006e-04 -2.0307e-04 -1.9634e-04 -1.7788e-04 -1.4665e-04 -1.0322e-04 -5.0078e-05 +8.4792e-06 +6.7036e-05 +1.2018e-04 +1.6360e-04 +1.9483e-04 +2.1329e-04 +2.2000e-04 +2.1699e-04 +2.0666e-04 +1.9141e-04 +1.7333e-04 
+0000.00000 -2.0892e-04 -2.3045e-04 -2.4765e-04 -2.5793e-04 -2.5855e-04 -2.4691e-04 -2.2115e-04 -1.8064e-04 -1.2654e-04 -6.1911e-05 +8.4708e-06 +7.8853e-05 +1.4348e-04 +1.9758e-04 +2.3808e-04 +2.6385e-04 +2.7548e-04 +2.7486e-04 +2.6458e-04 +2.4738e-04 +2.2585e-04 
-0000.00300 -1.5641e-04 -1.7449e-04 -1.8974e-04 -2.0006e-04 -2.0307e-04 -1.9635e-04 -1.7789e-04 -1.4667e-04 -1.0324e-04 -5.0097e-05 +8.4601e-06 +6.7017e-05 +1.2016e-04 +1.6359e-04 +1.9481e-04 +2.1327e-04 +2.1999e-04 +2.1698e-04 +2.0665e-04 +1.9140e-04 +1.7332e-04 
-0000.00600 -8.3756e-06 -1.5850e-05 -2.4658e-05 -3.4355e-05 -4.4005e-05 -5.1976e-05 -5.5872e-05 -5.2845e-05 -4.0621e-05 -1.9109e-05 +8.3985e-06 +3.5910e-05 +5.7432e-05 +6.9670e-05 +7.2712e-05 +6.8830e-05 +6.0868e-05 +5.1225e-05 +4.1531e-05 +3.2723e-05 +2.5246e-05 
# Total Vertical 2nd Order Kick [T2m2]
START
            -0000.01000 -0000.00900 -0000.00800 -0000.00700 -0000.00600 -0000.00500 -0000.00400 -0000.00300 -0000.00200 -0000.00100 +0000.00000 +0000.00100 +0000.00200 +0000.00300 +0000.00400 +0000.00500 +0000.00600 +0000.00700 +0000.00800 +0000.00900 +0000.01000 
+0000.00600 -2.5353e-03 -2.4728e-03 -2.4073e-03 -2.3410e-03 -2.2772e-03 -2.2194e-03 -2.1712e-03 -2.1352e-03 -2.1119e-03 -2.0997e-03 -2.0960e-03 -2.0997e-03 -2.1119e-03 -2.1352e-03 -2.1712e-03 -2.2194e-03 -2.2772e-03 -2.3411e-03 -2.4073e-03 -2.4729e-03 -2.5353e-03 
+0000.00300 -8.9146e-04 -8.5542e-04 -8.1743e-04 -7.7862e-04 -7.4044e-04 -7.0458e-04 -6.7272e-04 -6.4644e-04 -6.2693e-04 -6.1496e-04 -6.1093e-04 -6.1496e-04 -6.2694e-04 -6.4646e-04 -6.7275e-04 -7.0460e-04 -7.4047e-04 -7.7865e-04 -8.1746e-04 -8.5546e-04 -8.9150e-04 
+0000.00000 +6.9355e-06 +6.9342e-06 +6.9327e-06 +6.9310e-06 +6.9292e-06 +6.9273e-06 +6.9251e-06 +6.9228e-06 +6.9202e-06 +6.9175e-06 +6.9146e-06 +6.9117e-06 +6.9090e-06 +6.9064e-06 +6.9041e-06 +6.9020e-06 +6.9000e-06 +6.8982e-06 +6.8965e-06 +6.8948e-06 +6.8933e-06 
-0000.00300 +9.0533e-04 +8.6929e-04 +8.3130e-04 +7.9248e-04 +7.5431e-04 +7.1843e-04 +6.8658e-04 +6.6029e-04 +6.4077e-04 +6.2879e-04 +6.2476e-04 +6.2878e-04 +6.4075e-04 +6.6026e-04 +6.8655e-04 +7.1840e-04 +7.5426e-04 +7.9244e-04 +8.3125e-04 +8.6924e-04 +9.0528e-04 
-0000.00600 +2.5492e-03 +2.4867e-03 +2.4212e-03 +2.3549e-03 +2.2911e-03 +2.2333e-03 +2.1850e-03 +2.1490e-03 +2.1257e-03 +2.1135e-03 +2.1098e-03 +2.1135e-03 +2.1257e-03 +2.1489e-03 +2.1850e-03 +2.2332e-03 +2.2910e-03 +2.3548e-03 +2.4211e-03 +2.4866e-03 +2.5491e-03 
# Horizontal Final Position [m]
START
            -0000.01000 -0000.00900 -0000.00800 -0000.00700 -0000.00600 -0000.00500 -0000.00400 -0000.00300 -0000.00200 -0000.00100 +0000.00000 +0000.00100 +0000.00200 +0000.00300 +0000.00400 +0000.00500 +0000.00600 +0000.00700 +0000.00800 +0000.00900 +0000.01000 
+0000.00600 -1.0003e-02 -9.0035e-03 -8.0036e-03 -7.0038e-03 -6.0040e-03 -5.0041e-03 -4.0041e-03 -3.0040e-03 -2.0038e-03 -1.0034e-03 -2.9147e-06 +9.9757e-04 +1.9979e-03 +2.9981e-03 +3.9982e-03 +4.9981e-03 +5.9979e-03 +6.9977e-03 +7.9975e-03 +8.9974e-03 +9.9972e-03 
+0000.00300 -1.0006e-02 -9.0064e-03 -8.0066e-03 -7.0068e-03 -6.0069e-03 -5.0067e-03 -4.0064e-03 -3.0058e-03 -2.0051e-03 -1.0041e-03 -3.0543e-06 +9.9799e-04 +1.9989e-03 +2.9997e-03 +4.0003e-03 +5.0006e-03 +6.0007e-03 +7.0006e-03 +8.0004e-03 +9.0002e-03 +9.9998e-03 
+0000.00000 -1.0007e-02 -9.0074e-03 -8.0077e-03 -7.0079e-03 -6.0079e-03 -5.0077e-03 -4.0072e-03 -3.0065e-03 -2.0055e-03 -1.0044e-03 -3.1237e-06 +9.9813e-04 +1.9993e-03 +3.0003e-03 +4.0010e-03 +5.0014e-03 +6.0016e-03 +7.0016e-03 +8.0015e-03 +9.0012e-03 +1.0001e-02 
-0000.00300 -1.0006e-02 -9.0064e-03 -8.0067e-03 -7.0069e-03 -6.0069e-03 -5.0068e-03 -4.0065e-03 -3.0060e-03 -2.0052e-03 -1.0042e-03 -3.1935e-06 +9.9785e-04 +1.9988e-03 +2.9996e-03 +4.0001e-03 +5.0005e-03 +6.0006e-03 +7.0006e-03 +8.0004e-03 +9.0001e-03 +9.9998e-03 
-0000.00600 -1.0003e-02 -9.0036e-03 -8.0038e-03 -7.0040e-03 -6.0042e-03 -5.0043e-03 -4.0044e-03 -3.0044e-03 -2.0042e-03 -1.0038e-03 -3.3301e-06 +9.9716e-04 +1.9976e-03 +2.9978e-03 +3.9979e-03 +4.9978e-03 +5.9977e-03 +6.9975e-03 +7.9974e-03 +8.9972e-03 +9.9971e-03 
# Vertical Final Position [m]
START
            -0000.01000 -0000.00900 -0000.00800 -0000.00700 -0000.00600 -0000.00500 -0000.00400 -0000.00300 -0000.00200 -0000.00100 +0000.00000 +0000.00100 +0000.00200 +0000.00300 +0000.00400 +0000.00500 +0000.00600 +0000.00700 +0000.00800 +0000.00900 +0000.01000 
+0000.00600 +5.9542e-03 +5.9553e-03 +5.9565e-03 +5.9577e-03 +5.9589e-03 +5.9599e-03 +5.9608e-03 +5.9615e-03 +5.9620e-03 +5.9623e-03 +5.9624e-03 +5.9624e-03 +5.9623e-03 +5.9619e-03 +5.9613e-03 +5.9605e-03 +5.9595e-03 +5.9584e-03 +5.9572e-03 +5.9560e-03 +5.9549e-03 
+0000.00300 +2.9838e-03 +2.9844e-03 +2.9851e-03 +2.9858e-03 +2.9865e-03 +2.9872e-03 +2.9878e-03 +2.9883e-03 +2.9886e-03 +2.9889e-03 +2.9890e-03 +2.9889e-03 +2.9887e-03 +2.9884e-03 +2.9880e-03 +2.9874e-03 +2.9868e-03 +2.9861e-03 +2.9854e-03 +2.9848e-03 +2.9841e-03 
+0000.00000 -1.3783e-07 -1.3088e-07 -1.2250e-07 -1.1252e-07 -1.0081e-07 -8.7292e-08 -7.1978e-08 -5.4990e-08 -3.6579e-08 -1.7130e-08 +2.8696e-09 +2.2869e-08 +4.2319e-08 +6.0730e-08 +7.7720e-08 +9.3035e-08 +1.0655e-07 +1.1827e-07 +1.2825e-07 +1.3664e-07 +1.4360e-07 
-0000.00300 -2.9842e-03 -2.9848e-03 -2.9855e-03 -2.9861e-03 -2.9868e-03 -2.9874e-03 -2.9880e-03 -2.9884e-03 -2.9887e-03 -2.9889e-03 -2.9890e-03 -2.9889e-03 -2.9886e-03 -2.9882e-03 -2.9878e-03 -2.9872e-03 -2.9865e-03 -2.9858e-03 -2.9851e-03 -2.9844e-03 -2.9837e-03 
-0000.00600 -5.9550e-03 -5.9561e-03 -5.9572e-03 -5.9584e-03 -5.9595e-03 -5.9605e-03 -5.9613e-03 -5.9619e-03 -5.9623e-03 -5.9624e-03 -5.9624e-03 -5.9623e-03 -5.9620e-03 -5.9615e-03 -5.9608e-03 -5.9599e-03 -5.9589e-03 -5.9577e-03 -5.9565e-03 -5.9553e-03 -5.9542e-03 