# Author: FAC idanalysis.IDKickMap
# Termination_kicks [T2m2]: -1.4587e-06 +3.2435e-13 -1.3481e-05 +5.9531e-12 
# Total Length of Longitudinal Interval [m]
2.773
# Number of Horizontal Points
21
# Number of Vertical Points
5
# Total Horizontal 2nd Order Kick [T2m2]
START
            -0000.01000 -0000.00900 -0000.00800 -0000.00700 -0000.00600 -0000.00500 -0000.00400 -0000.00300 -0000.00200 -0000.00100 +0000.00000 +0000.00100 +0000.00200 +0000.00300 +0000.00400 +0000.00500 +0000.00600 +0000.00700 +0000.00800 +0000.00900 +0000.01000 
+0000.00600 +7.3329e-06 +1.4706e-05 +2.1916e-05 +2.8907e-05 +3.5435e-05 +4.0957e-05 +4.4539e-05 +4.4923e-05 +4.0953e-05 +3.2426e-05 +2.0876e-05 +9.3239e-06 +7.9287e-07 -3.1836e-06 -2.8064e-06 +7.6922e-07 +6.2852e-06 +1.2808e-05 +1.9794e-05 +2.6999e-05 +3.4367e-05 
+0000.00300 +5.2016e-06 +1.0255e-05 +1.4744e-05 +1.8615e-05 +2.1767e-05 +2.4066e-05 +2.5375e-05 +2.5602e-05 +2.4769e-05 +2.3069e-05 +2.0876e-05 +1.8683e-05 +1.6982e-05 +1.6148e-05 +1.6374e-05 +1.7681e-05 +1.9979e-05 +2.3128e-05 +2.6996e-05 +3.1483e-05 +3.6534e-05 
+0000.00000 +4.6488e-06 +9.0662e-06 +1.2888e-05 +1.6093e-05 +1.8648e-05 +2.0524e-05 +2.1705e-05 +2.2217e-05 +2.2143e-05 +2.1629e-05 +2.0878e-05 +2.0126e-05 +1.9612e-05 +1.9538e-05 +2.0049e-05 +2.1230e-05 +2.3103e-05 +2.5658e-05 +2.8861e-05 +3.2681e-05 +3.7096e-05 
-0000.00300 +5.2015e-06 +1.0255e-05 +1.4744e-05 +1.8615e-05 +2.1767e-05 +2.4066e-05 +2.5375e-05 +2.5602e-05 +2.4769e-05 +2.3069e-05 +2.0876e-05 +1.8683e-05 +1.6982e-05 +1.6148e-05 +1.6374e-05 +1.7681e-05 +1.9979e-05 +2.3128e-05 +2.6996e-05 +3.1483e-05 +3.6534e-05 
-0000.00600 +7.3329e-06 +1.4706e-05 +2.1916e-05 +2.8907e-05 +3.5435e-05 +4.0957e-05 +4.4539e-05 +4.4923e-05 +4.0953e-05 +3.2426e-05 +2.0876e-05 +9.3240e-06 +7.9291e-07 -3.1835e-06 -2.8063e-06 +7.6926e-07 +6.2852e-06 +1.2808e-05 +1.9794e-05 +2.6999e-05 +3.4367e-05 
# Total Vertical 2nd Order Kick [T2m2]
START
            -0000.01000 -0000.00900 -0000.00800 -0000.00700 -0000.00600 -0000.00500 -0000.00400 -0000.00300 -0000.00200 -0000.00100 +0000.00000 +0000.00100 +0000.00200 +0000.00300 +0000.00400 +0000.00500 +0000.00600 +0000.00700 +0000.00800 +0000.00900 +0000.01000 
+0000.00600 -2.5634e-03 -2.5618e-03 -2.5590e-03 -2.5545e-03 -2.5481e-03 -2.5394e-03 -2.5285e-03 -2.5159e-03 -2.5036e-03 -2.4943e-03 -2.4908e-03 -2.4943e-03 -2.5036e-03 -2.5159e-03 -2.5285e-03 -2.5394e-03 -2.5481e-03 -2.5545e-03 -2.5590e-03 -2.5618e-03 -2.5634e-03 
+0000.00300 -9.8587e-04 -9.8524e-04 -9.8415e-04 -9.8255e-04 -9.8047e-04 -9.7796e-04 -9.7519e-04 -9.7243e-04 -9.7004e-04 -9.6840e-04 -9.6781e-04 -9.6840e-04 -9.7004e-04 -9.7243e-04 -9.7519e-04 -9.7796e-04 -9.8047e-04 -9.8255e-04 -9.8415e-04 -9.8525e-04 -9.8588e-04 
+0000.00000 +2.9277e-11 +2.8491e-11 +2.8172e-11 +2.9850e-11 +3.0769e-11 +2.9145e-11 +2.7999e-11 +2.5308e-11 +2.5081e-11 +2.2079e-11 +2.5459e-11 +2.1512e-11 +1.6312e-11 +1.2439e-11 +6.5144e-12 +5.5266e-12 +4.3430e-12 -1.0266e-12 -3.2352e-12 -3.4174e-12 -5.8722e-12 
-0000.00300 +9.8587e-04 +9.8524e-04 +9.8415e-04 +9.8255e-04 +9.8047e-04 +9.7796e-04 +9.7519e-04 +9.7243e-04 +9.7004e-04 +9.6840e-04 +9.6781e-04 +9.6840e-04 +9.7004e-04 +9.7243e-04 +9.7519e-04 +9.7796e-04 +9.8047e-04 +9.8255e-04 +9.8415e-04 +9.8525e-04 +9.8588e-04 
-0000.00600 +2.5634e-03 +2.5618e-03 +2.5590e-03 +2.5545e-03 +2.5481e-03 +2.5394e-03 +2.5285e-03 +2.5159e-03 +2.5036e-03 +2.4943e-03 +2.4908e-03 +2.4943e-03 +2.5036e-03 +2.5159e-03 +2.5285e-03 +2.5394e-03 +2.5481e-03 +2.5545e-03 +2.5590e-03 +2.5618e-03 +2.5634e-03 
# Horizontal Final Position [m]
START
            -0000.01000 -0000.00900 -0000.00800 -0000.00700 -0000.00600 -0000.00500 -0000.00400 -0000.00300 -0000.00200 -0000.00100 +0000.00000 +0000.00100 +0000.00200 +0000.00300 +0000.00400 +0000.00500 +0000.00600 +0000.00700 +0000.00800 +0000.00900 +0000.01000 
+0000.00600 -1.0003e-02 -9.0030e-03 -8.0029e-03 -7.0028e-03 -6.0026e-03 -5.0025e-03 -4.0025e-03 -3.0025e-03 -2.0025e-03 -1.0027e-03 -2.8884e-06 +9.9690e-04 +1.9967e-03 +2.9967e-03 +3.9967e-03 +4.9967e-03 +5.9968e-03 +6.9970e-03 +7.9971e-03 +8.9972e-03 +9.9974e-03 
+0000.00300 -1.0003e-02 -9.0031e-03 -8.0030e-03 -7.0029e-03 -6.0029e-03 -5.0028e-03 -4.0028e-03 -3.0028e-03 -2.0028e-03 -1.0029e-03 -2.8898e-06 +9.9707e-04 +1.9970e-03 +2.9970e-03 +3.9970e-03 +4.9971e-03 +5.9971e-03 +6.9972e-03 +7.9972e-03 +8.9973e-03 +9.9974e-03 
+0000.00000 -1.0003e-02 -9.0031e-03 -8.0030e-03 -7.0030e-03 -6.0029e-03 -5.0029e-03 -4.0029e-03 -3.0029e-03 -2.0029e-03 -1.0029e-03 -2.8896e-06 +9.9710e-04 +1.9971e-03 +2.9971e-03 +3.9971e-03 +4.9971e-03 +5.9972e-03 +6.9972e-03 +7.9973e-03 +8.9973e-03 +9.9974e-03 
-0000.00300 -1.0003e-02 -9.0031e-03 -8.0030e-03 -7.0029e-03 -6.0029e-03 -5.0028e-03 -4.0028e-03 -3.0028e-03 -2.0028e-03 -1.0029e-03 -2.8898e-06 +9.9707e-04 +1.9970e-03 +2.9970e-03 +3.9970e-03 +4.9971e-03 +5.9971e-03 +6.9972e-03 +7.9972e-03 +8.9973e-03 +9.9974e-03 
-0000.00600 -1.0003e-02 -9.0030e-03 -8.0029e-03 -7.0028e-03 -6.0026e-03 -5.0025e-03 -4.0025e-03 -3.0025e-03 -2.0025e-03 -1.0027e-03 -2.8884e-06 +9.9690e-04 +1.9967e-03 +2.9967e-03 +3.9967e-03 +4.9967e-03 +5.9968e-03 +6.9970e-03 +7.9971e-03 +8.9972e-03 +9.9974e-03 
# Vertical Final Position [m]
START
            -0000.01000 -0000.00900 -0000.00800 -0000.00700 -0000.00600 -0000.00500 -0000.00400 -0000.00300 -0000.00200 -0000.00100 +0000.00000 +0000.00100 +0000.00200 +0000.00300 +0000.00400 +0000.00500 +0000.00600 +0000.00700 +0000.00800 +0000.00900 +0000.01000 
+0000.00600 +5.9539e-03 +5.9539e-03 +5.9540e-03 +5.9540e-03 +5.9541e-03 +5.9543e-03 +5.9545e-03 +5.9547e-03 +5.9549e-03 +5.9551e-03 +5.9552e-03 +5.9551e-03 +5.9549e-03 +5.9547e-03 +5.9545e-03 +5.9543e-03 +5.9541e-03 +5.9540e-03 +5.9539e-03 +5.9539e-03 +5.9538e-03 
+0000.00300 +2.9823e-03 +2.9823e-03 +2.9823e-03 +2.9823e-03 +2.9824e-03 +2.9824e-03 +2.9825e-03 +2.9825e-03 +2.9826e-03 +2.9826e-03 +2.9826e-03 +2.9826e-03 +2.9826e-03 +2.9825e-03 +2.9825e-03 +2.9824e-03 +2.9824e-03 +2.9823e-03 +2.9823e-03 +2.9823e-03 +2.9823e-03 
+0000.00000 +6.4851e-13 +6.0466e-13 +5.8620e-13 +6.0595e-13 +6.2882e-13 +5.6046e-13 +5.2661e-13 +4.4278e-13 +4.4570e-13 +3.6866e-13 +4.8972e-13 +4.0158e-13 +2.6611e-13 +1.7777e-13 +4.0453e-14 +1.8151e-14 +4.2947e-14 -9.3677e-14 -1.3014e-13 -1.0399e-13 -1.4666e-13 
-0000.00300 -2.9823e-03 -2.9823e-03 -2.9823e-03 -2.9823e-03 -2.9824e-03 -2.9824e-03 -2.9825e-03 -2.9825e-03 -2.9826e-03 -2.9826e-03 -2.9826e-03 -2.9826e-03 -2.9826e-03 -2.9825e-03 -2.9825e-03 -2.9824e-03 -2.9824e-03 -2.9823e-03 -2.9823e-03 -2.9823e-03 -2.9823e-03 
-0000.00600 -5.9539e-03 -5.9539e-03 -5.9540e-03 -5.9540e-03 -5.9541e-03 -5.9543e-03 -5.9545e-03 -5.9547e-03 -5.9549e-03 -5.9551e-03 -5.9552e-03 -5.9551e-03 -5.9549e-03 -5.9547e-03 -5.9545e-03 -5.9543e-03 -5.9541e-03 -5.9540e-03 -5.9539e-03 -5.9539e-03 -5.9538e-03 