# Author: FAC idanalysis.IDKickMap
# Termination_kicks [T2m2]: +2.6026e-06 -2.3424e-06 -9.3857e-06 -1.2882e-06 
# Total Length of Longitudinal Interval [m]
2.773
# Number of Horizontal Points
21
# Number of Vertical Points
5
# Total Horizontal 2nd Order Kick [T2m2]
START
            -0000.01000 -0000.00900 -0000.00800 -0000.00700 -0000.00600 -0000.00500 -0000.00400 -0000.00300 -0000.00200 -0000.00100 +0000.00000 +0000.00100 +0000.00200 +0000.00300 +0000.00400 +0000.00500 +0000.00600 +0000.00700 +0000.00800 +0000.00900 +0000.01000 
+0000.00600 -1.3878e-06 -4.2534e-06 -8.0726e-06 -1.2566e-05 -1.7176e-05 -2.0967e-05 -2.2595e-05 -2.0509e-05 -1.3513e-05 -1.6081e-06 +1.3431e-05 +2.8446e-05 +4.0285e-05 +4.7192e-05 +4.9185e-05 +4.7474e-05 +4.3615e-05 +3.8953e-05 +3.4423e-05 +3.0578e-05 +2.7695e-05 
+0000.00300 -1.0249e-04 -1.1325e-04 -1.2226e-04 -1.2813e-04 -1.2928e-04 -1.2409e-04 -1.1125e-04 -9.0110e-05 -6.1028e-05 -2.5636e-05 +1.3268e-05 +5.2168e-05 +8.7549e-05 +1.1661e-04 +1.3774e-04 +1.5055e-04 +1.5572e-04 +1.5456e-04 +1.4868e-04 +1.3965e-04 +1.2888e-04 
+0000.00000 -1.3827e-04 -1.5156e-04 -1.6210e-04 -1.6815e-04 -1.6785e-04 -1.5946e-04 -1.4172e-04 -1.1421e-04 -7.7667e-05 -3.4136e-05 +1.3218e-05 +6.0572e-05 +1.0410e-04 +1.4064e-04 +1.6816e-04 +1.8589e-04 +1.9428e-04 +1.9458e-04 +1.8852e-04 +1.7798e-04 +1.6468e-04 
-0000.00300 -1.0247e-04 -1.1324e-04 -1.2226e-04 -1.2814e-04 -1.2930e-04 -1.2413e-04 -1.1131e-04 -9.0183e-05 -6.1116e-05 -2.5734e-05 +1.3165e-05 +5.2068e-05 +8.7459e-05 +1.1654e-04 +1.3768e-04 +1.5051e-04 +1.5570e-04 +1.5455e-04 +1.4868e-04 +1.3966e-04 +1.2889e-04 
-0000.00600 -1.3190e-06 -4.1950e-06 -8.0332e-06 -1.2556e-05 -1.7211e-05 -2.1063e-05 -2.2766e-05 -2.0765e-05 -1.3853e-05 -2.0105e-06 +1.3003e-05 +2.8037e-05 +3.9935e-05 +4.6922e-05 +4.9000e-05 +4.7365e-05 +4.3568e-05 +3.8952e-05 +3.4453e-05 +3.0628e-05 +2.7757e-05 
# Total Vertical 2nd Order Kick [T2m2]
START
            -0000.01000 -0000.00900 -0000.00800 -0000.00700 -0000.00600 -0000.00500 -0000.00400 -0000.00300 -0000.00200 -0000.00100 +0000.00000 +0000.00100 +0000.00200 +0000.00300 +0000.00400 +0000.00500 +0000.00600 +0000.00700 +0000.00800 +0000.00900 +0000.01000 
+0000.00600 -2.4500e-03 -2.4071e-03 -2.3617e-03 -2.3154e-03 -2.2701e-03 -2.2282e-03 -2.1922e-03 -2.1639e-03 -2.1444e-03 -2.1333e-03 -2.1297e-03 -2.1331e-03 -2.1442e-03 -2.1637e-03 -2.1919e-03 -2.2280e-03 -2.2699e-03 -2.3152e-03 -2.3615e-03 -2.4069e-03 -2.4498e-03 
+0000.00300 -8.8620e-04 -8.6157e-04 -8.3546e-04 -8.0866e-04 -7.8214e-04 -7.5705e-04 -7.3461e-04 -7.1595e-04 -7.0198e-04 -6.9335e-04 -6.9043e-04 -6.9333e-04 -7.0193e-04 -7.1588e-04 -7.3453e-04 -7.5696e-04 -7.8205e-04 -8.0857e-04 -8.3538e-04 -8.6149e-04 -8.8614e-04 
+0000.00000 +3.6618e-06 +3.6585e-06 +3.6558e-06 +3.6540e-06 +3.6534e-06 +3.6542e-06 +3.6566e-06 +3.6604e-06 +3.6656e-06 +3.6718e-06 +3.6786e-06 +3.6855e-06 +3.6919e-06 +3.6974e-06 +3.7016e-06 +3.7044e-06 +3.7056e-06 +3.7054e-06 +3.7040e-06 +3.7016e-06 +3.6986e-06 
-0000.00300 +8.9350e-04 +8.6885e-04 +8.4274e-04 +8.1593e-04 +7.8941e-04 +7.6432e-04 +7.4189e-04 +7.2323e-04 +7.0928e-04 +7.0068e-04 +6.9779e-04 +7.0071e-04 +7.0933e-04 +7.2330e-04 +7.4196e-04 +7.6441e-04 +7.8949e-04 +8.1601e-04 +8.4282e-04 +8.6892e-04 +8.9356e-04 
-0000.00600 +2.4572e-03 +2.4143e-03 +2.3689e-03 +2.3225e-03 +2.2772e-03 +2.2353e-03 +2.1993e-03 +2.1710e-03 +2.1515e-03 +2.1405e-03 +2.1370e-03 +2.1406e-03 +2.1517e-03 +2.1713e-03 +2.1995e-03 +2.2356e-03 +2.2775e-03 +2.3228e-03 +2.3691e-03 +2.4144e-03 +2.4573e-03 
# Horizontal Final Position [m]
START
            -0000.01000 -0000.00900 -0000.00800 -0000.00700 -0000.00600 -0000.00500 -0000.00400 -0000.00300 -0000.00200 -0000.00100 +0000.00000 +0000.00100 +0000.00200 +0000.00300 +0000.00400 +0000.00500 +0000.00600 +0000.00700 +0000.00800 +0000.00900 +0000.01000 
+0000.00600 -1.0003e-02 -9.0032e-03 -8.0033e-03 -7.0033e-03 -6.0034e-03 -5.0034e-03 -4.0034e-03 -3.0033e-03 -2.0032e-03 -1.0029e-03 -2.6597e-06 +9.9760e-04 +1.9978e-03 +2.9979e-03 +3.9979e-03 +4.9978e-03 +5.9977e-03 +6.9976e-03 +7.9975e-03 +8.9974e-03 +9.9973e-03 
+0000.00300 -1.0005e-02 -9.0052e-03 -8.0054e-03 -7.0055e-03 -6.0055e-03 -5.0054e-03 -4.0051e-03 -3.0047e-03 -2.0042e-03 -1.0036e-03 -2.8821e-06 +9.9781e-04 +1.9984e-03 +2.9990e-03 +3.9993e-03 +4.9995e-03 +5.9996e-03 +6.9996e-03 +7.9995e-03 +8.9993e-03 +9.9991e-03 
+0000.00000 -1.0006e-02 -9.0059e-03 -8.0061e-03 -7.0062e-03 -6.0062e-03 -5.0061e-03 -4.0058e-03 -3.0053e-03 -2.0046e-03 -1.0038e-03 -2.9985e-06 +9.9785e-04 +1.9986e-03 +2.9993e-03 +3.9998e-03 +5.0001e-03 +6.0002e-03 +7.0003e-03 +8.0001e-03 +9.0000e-03 +9.9997e-03 
-0000.00300 -1.0005e-02 -9.0053e-03 -8.0055e-03 -7.0056e-03 -6.0056e-03 -5.0055e-03 -4.0053e-03 -3.0049e-03 -2.0044e-03 -1.0038e-03 -3.1155e-06 +9.9758e-04 +1.9982e-03 +2.9987e-03 +3.9991e-03 +4.9994e-03 +5.9995e-03 +6.9995e-03 +7.9994e-03 +8.9992e-03 +9.9990e-03 
-0000.00600 -1.0003e-02 -9.0034e-03 -8.0035e-03 -7.0036e-03 -6.0037e-03 -5.0038e-03 -4.0039e-03 -3.0039e-03 -2.0038e-03 -1.0036e-03 -3.3348e-06 +9.9694e-04 +1.9972e-03 +2.9973e-03 +3.9974e-03 +4.9974e-03 +5.9974e-03 +6.9973e-03 +7.9972e-03 +8.9972e-03 +9.9972e-03 
# Vertical Final Position [m]
START
            -0000.01000 -0000.00900 -0000.00800 -0000.00700 -0000.00600 -0000.00500 -0000.00400 -0000.00300 -0000.00200 -0000.00100 +0000.00000 +0000.00100 +0000.00200 +0000.00300 +0000.00400 +0000.00500 +0000.00600 +0000.00700 +0000.00800 +0000.00900 +0000.01000 
+0000.00600 +5.9558e-03 +5.9565e-03 +5.9573e-03 +5.9582e-03 +5.9590e-03 +5.9598e-03 +5.9604e-03 +5.9610e-03 +5.9614e-03 +5.9616e-03 +5.9618e-03 +5.9618e-03 +5.9617e-03 +5.9614e-03 +5.9609e-03 +5.9603e-03 +5.9595e-03 +5.9587e-03 +5.9579e-03 +5.9571e-03 +5.9563e-03 
+0000.00300 +2.9839e-03 +2.9843e-03 +2.9848e-03 +2.9853e-03 +2.9858e-03 +2.9863e-03 +2.9867e-03 +2.9870e-03 +2.9873e-03 +2.9875e-03 +2.9876e-03 +2.9876e-03 +2.9874e-03 +2.9872e-03 +2.9869e-03 +2.9865e-03 +2.9861e-03 +2.9856e-03 +2.9851e-03 +2.9847e-03 +2.9842e-03 
+0000.00000 -1.4344e-07 -1.3777e-07 -1.3042e-07 -1.2113e-07 -1.0971e-07 -9.5998e-08 -7.9984e-08 -6.1797e-08 -4.1749e-08 -2.0334e-08 +1.8080e-09 +2.3952e-08 +4.5374e-08 +6.5432e-08 +8.3633e-08 +9.9663e-08 +1.1339e-07 +1.2483e-07 +1.3413e-07 +1.4150e-07 +1.4718e-07 
-0000.00300 -2.9843e-03 -2.9847e-03 -2.9852e-03 -2.9856e-03 -2.9861e-03 -2.9865e-03 -2.9869e-03 -2.9872e-03 -2.9874e-03 -2.9876e-03 -2.9876e-03 -2.9875e-03 -2.9873e-03 -2.9870e-03 -2.9867e-03 -2.9862e-03 -2.9858e-03 -2.9853e-03 -2.9848e-03 -2.9843e-03 -2.9839e-03 
-0000.00600 -5.9564e-03 -5.9571e-03 -5.9579e-03 -5.9588e-03 -5.9596e-03 -5.9603e-03 -5.9609e-03 -5.9614e-03 -5.9617e-03 -5.9618e-03 -5.9618e-03 -5.9616e-03 -5.9614e-03 -5.9610e-03 -5.9604e-03 -5.9598e-03 -5.9590e-03 -5.9582e-03 -5.9573e-03 -5.9565e-03 -5.9557e-03 