# Author: FAC idanalysis.IDKickMap
# Termination_kicks [T2m2]: +1.5833e-04 +1.5315e-12 -1.5662e-04 -1.0073e-11 
# Total Length of Longitudinal Interval [m]
2.773
# Number of Horizontal Points
11
# Number of Vertical Points
9
# Total Horizontal 2nd Order Kick [T2m2]
START
            -0000.00500 -0000.00400 -0000.00300 -0000.00200 -0000.00100 +0000.00000 +0000.00100 +0000.00200 +0000.00300 +0000.00400 +0000.00500 
+0000.00400 +1.0621e-05 +1.0482e-05 +1.0343e-05 +1.0203e-05 +1.0063e-05 +3.3811e-06 -1.7075e-06 -1.7075e-06 -1.7075e-06 -1.7075e-06 -1.7075e-06 
+0000.00300 +8.0144e-06 +7.9422e-06 +7.8698e-06 +7.7969e-06 +7.7236e-06 -8.8980e-06 -1.1824e-05 -1.1837e-05 -1.1850e-05 -1.1863e-05 -1.1875e-05 
+0000.00200 +5.6505e-06 +5.6197e-06 +5.5886e-06 +5.5573e-06 +5.5257e-06 -7.3417e-06 -9.4908e-06 -9.4668e-06 -9.4425e-06 -9.4180e-06 -9.3933e-06 
+0000.00100 +3.5291e-06 +3.5142e-06 +3.4993e-06 +3.4841e-06 +3.4689e-06 -5.8245e-06 -7.2990e-06 -7.2629e-06 -7.2266e-06 -7.1902e-06 -7.1537e-06 
+0000.00000 +1.6503e-06 +1.6260e-06 +1.6017e-06 +1.5775e-06 +1.5532e-06 -4.3504e-06 -5.2484e-06 -5.2255e-06 -5.2026e-06 -5.1797e-06 -5.1568e-06 
-0000.00100 +3.5291e-06 +3.5143e-06 +3.4993e-06 +3.4841e-06 +3.4689e-06 -5.8245e-06 -7.2990e-06 -7.2629e-06 -7.2266e-06 -7.1902e-06 -7.1537e-06 
-0000.00200 +5.6505e-06 +5.6197e-06 +5.5886e-06 +5.5573e-06 +5.5257e-06 -7.3417e-06 -9.4908e-06 -9.4668e-06 -9.4425e-06 -9.4180e-06 -9.3932e-06 
-0000.00300 +8.0144e-06 +7.9423e-06 +7.8698e-06 +7.7969e-06 +7.7237e-06 -8.8979e-06 -1.1824e-05 -1.1837e-05 -1.1850e-05 -1.1863e-05 -1.1875e-05 
-0000.00400 +1.0621e-05 +1.0482e-05 +1.0343e-05 +1.0203e-05 +1.0063e-05 +4.3847e-06 -1.7075e-06 -1.7075e-06 -1.7075e-06 -1.7075e-06 -1.7075e-06 
# Total Vertical 2nd Order Kick [T2m2]
START
            -0000.00500 -0000.00400 -0000.00300 -0000.00200 -0000.00100 +0000.00000 +0000.00100 +0000.00200 +0000.00300 +0000.00400 +0000.00500 
+0000.00400 -1.3733e-03 -1.3722e-03 -1.3710e-03 -1.3699e-03 -1.3688e-03 +8.5574e-12 +9.6603e-12 +1.0779e-11 +1.1898e-11 +1.3017e-11 +1.4136e-11 
+0000.00300 -1.0005e-03 -9.9979e-04 -9.9905e-04 -9.9832e-04 -9.9758e-04 -9.9685e-04 -9.9759e-04 -9.9832e-04 -9.9905e-04 -9.9979e-04 -1.0005e-03 
+0000.00200 -6.4739e-04 -6.4697e-04 -6.4654e-04 -6.4612e-04 -6.4569e-04 -6.4527e-04 -6.4569e-04 -6.4612e-04 -6.4654e-04 -6.4697e-04 -6.4739e-04 
+0000.00100 -3.1388e-04 -3.1370e-04 -3.1352e-04 -3.1334e-04 -3.1316e-04 -3.1298e-04 -3.1316e-04 -3.1334e-04 -3.1352e-04 -3.1370e-04 -3.1388e-04 
+0000.00000 +2.3695e-11 +2.3733e-11 +2.3771e-11 +2.3809e-11 +2.3847e-11 +2.3888e-11 +2.3236e-11 +2.2581e-11 +2.1926e-11 +2.1272e-11 +2.0617e-11 
-0000.00100 +3.1388e-04 +3.1370e-04 +3.1352e-04 +3.1334e-04 +3.1316e-04 +3.1298e-04 +3.1316e-04 +3.1334e-04 +3.1352e-04 +3.1370e-04 +3.1388e-04 
-0000.00200 +6.4739e-04 +6.4697e-04 +6.4654e-04 +6.4612e-04 +6.4569e-04 +6.4527e-04 +6.4569e-04 +6.4612e-04 +6.4654e-04 +6.4697e-04 +6.4739e-04 
-0000.00300 +1.0005e-03 +9.9979e-04 +9.9905e-04 +9.9832e-04 +9.9758e-04 +9.9685e-04 +9.9759e-04 +9.9832e-04 +9.9905e-04 +9.9979e-04 +1.0005e-03 
-0000.00400 +1.3733e-03 +1.3722e-03 +1.3710e-03 +1.3699e-03 +1.3688e-03 +8.5247e-12 +7.4225e-12 +6.3035e-12 +5.1846e-12 +4.0657e-12 +2.9468e-12 
# Horizontal Final Position [m]
START
            -0000.00500 -0000.00400 -0000.00300 -0000.00200 -0000.00100 +0000.00000 +0000.00100 +0000.00200 +0000.00300 +0000.00400 +0000.00500 
+0000.00400 -4.9955e-03 -3.9955e-03 -2.9955e-03 -1.9955e-03 -9.9550e-04 +1.7563e-07 +1.0000e-03 +2.0000e-03 +3.0000e-03 +4.0000e-03 +5.0000e-03 
+0000.00300 -4.9955e-03 -3.9955e-03 -2.9955e-03 -1.9955e-03 -9.9554e-04 +4.1846e-06 +1.0041e-03 +2.0041e-03 +3.0041e-03 +4.0041e-03 +5.0041e-03 
+0000.00200 -4.9956e-03 -3.9956e-03 -2.9956e-03 -1.9956e-03 -9.9557e-04 +4.2092e-06 +1.0042e-03 +2.0042e-03 +3.0042e-03 +4.0042e-03 +5.0042e-03 
+0000.00100 -4.9956e-03 -3.9956e-03 -2.9956e-03 -1.9956e-03 -9.9561e-04 +4.2333e-06 +1.0042e-03 +2.0042e-03 +3.0042e-03 +4.0042e-03 +5.0042e-03 
+0000.00000 -4.9956e-03 -3.9956e-03 -2.9956e-03 -1.9956e-03 -9.9564e-04 +4.2570e-06 +1.0042e-03 +2.0042e-03 +3.0042e-03 +4.0042e-03 +5.0042e-03 
-0000.00100 -4.9956e-03 -3.9956e-03 -2.9956e-03 -1.9956e-03 -9.9561e-04 +4.2333e-06 +1.0042e-03 +2.0042e-03 +3.0042e-03 +4.0042e-03 +5.0042e-03 
-0000.00200 -4.9956e-03 -3.9956e-03 -2.9956e-03 -1.9956e-03 -9.9557e-04 +4.2092e-06 +1.0042e-03 +2.0042e-03 +3.0042e-03 +4.0042e-03 +5.0042e-03 
-0000.00300 -4.9955e-03 -3.9955e-03 -2.9955e-03 -1.9955e-03 -9.9554e-04 +4.1846e-06 +1.0041e-03 +2.0041e-03 +3.0041e-03 +4.0041e-03 +5.0041e-03 
-0000.00400 -4.9955e-03 -3.9955e-03 -2.9955e-03 -1.9955e-03 -9.9550e-04 +2.0968e-07 +1.0000e-03 +2.0000e-03 +3.0000e-03 +4.0000e-03 +5.0000e-03 
# Vertical Final Position [m]
START
            -0000.00500 -0000.00400 -0000.00300 -0000.00200 -0000.00100 +0000.00000 +0000.00100 +0000.00200 +0000.00300 +0000.00400 +0000.00500 
+0000.00400 +3.9753e-03 +3.9753e-03 +3.9753e-03 +3.9754e-03 +3.9754e-03 +4.0000e-03 +4.0000e-03 +4.0000e-03 +4.0000e-03 +4.0000e-03 +4.0000e-03 
+0000.00300 +2.9820e-03 +2.9820e-03 +2.9820e-03 +2.9820e-03 +2.9821e-03 +2.9821e-03 +2.9821e-03 +2.9820e-03 +2.9820e-03 +2.9820e-03 +2.9820e-03 
+0000.00200 +1.9884e-03 +1.9884e-03 +1.9884e-03 +1.9884e-03 +1.9884e-03 +1.9884e-03 +1.9884e-03 +1.9884e-03 +1.9884e-03 +1.9884e-03 +1.9884e-03 
+0000.00100 +9.9436e-04 +9.9436e-04 +9.9436e-04 +9.9437e-04 +9.9437e-04 +9.9437e-04 +9.9437e-04 +9.9436e-04 +9.9436e-04 +9.9436e-04 +9.9435e-04 
+0000.00000 +3.6015e-13 +3.7685e-13 +3.9355e-13 +4.1025e-13 +4.2694e-13 +4.4361e-13 +4.1560e-13 +3.8754e-13 +3.5948e-13 +3.3142e-13 +3.0337e-13 
-0000.00100 -9.9436e-04 -9.9436e-04 -9.9436e-04 -9.9437e-04 -9.9437e-04 -9.9437e-04 -9.9437e-04 -9.9436e-04 -9.9436e-04 -9.9436e-04 -9.9435e-04 
-0000.00200 -1.9884e-03 -1.9884e-03 -1.9884e-03 -1.9884e-03 -1.9884e-03 -1.9884e-03 -1.9884e-03 -1.9884e-03 -1.9884e-03 -1.9884e-03 -1.9884e-03 
-0000.00300 -2.9820e-03 -2.9820e-03 -2.9820e-03 -2.9820e-03 -2.9821e-03 -2.9821e-03 -2.9821e-03 -2.9820e-03 -2.9820e-03 -2.9820e-03 -2.9820e-03 
-0000.00400 -3.9753e-03 -3.9753e-03 -3.9753e-03 -3.9754e-03 -3.9754e-03 -4.0000e-03 -4.0000e-03 -4.0000e-03 -4.0000e-03 -4.0000e-03 -4.0000e-03 