# Author: FAC idanalysis.IDKickMap
# Termination_kicks [T2m2]: -7.1824e-07 -1.7256e-12 -1.6161e-05 -6.2139e-12 
# Total Length of Longitudinal Interval [m]
2.773
# Number of Horizontal Points
21
# Number of Vertical Points
5
# Total Horizontal 2nd Order Kick [T2m2]
START
            -0000.01000 -0000.00900 -0000.00800 -0000.00700 -0000.00600 -0000.00500 -0000.00400 -0000.00300 -0000.00200 -0000.00100 +0000.00000 +0000.00100 +0000.00200 +0000.00300 +0000.00400 +0000.00500 +0000.00600 +0000.00700 +0000.00800 +0000.00900 +0000.01000 
+0000.00600 +4.5727e-06 +1.2120e-05 +1.9090e-05 +2.5364e-05 +3.0705e-05 +3.4740e-05 +3.7005e-05 +3.7058e-05 +3.4695e-05 +3.0191e-05 +2.4409e-05 +1.8625e-05 +1.4118e-05 +1.1751e-05 +1.1798e-05 +1.4057e-05 +1.8087e-05 +2.3421e-05 +2.9689e-05 +3.6652e-05 +4.4192e-05 
+0000.00300 +2.9930e-06 +8.3423e-06 +1.3019e-05 +1.7003e-05 +2.0254e-05 +2.2728e-05 +2.4398e-05 +2.5277e-05 +2.5449e-05 +2.5080e-05 +2.4417e-05 +2.3754e-05 +2.3384e-05 +2.3555e-05 +2.4432e-05 +2.6100e-05 +2.8572e-05 +3.1820e-05 +3.5801e-05 +4.0474e-05 +4.5820e-05 
+0000.00000 +2.7965e-06 +7.5698e-06 +1.1698e-05 +1.5192e-05 +1.8060e-05 +2.0315e-05 +2.1985e-05 +2.3127e-05 +2.3826e-05 +2.4207e-05 +2.4420e-05 +2.4633e-05 +2.5013e-05 +2.5712e-05 +2.6853e-05 +2.8522e-05 +3.0775e-05 +3.3641e-05 +3.7133e-05 +4.1259e-05 +4.6029e-05 
-0000.00300 +2.9930e-06 +8.3423e-06 +1.3019e-05 +1.7003e-05 +2.0254e-05 +2.2728e-05 +2.4398e-05 +2.5277e-05 +2.5449e-05 +2.5080e-05 +2.4417e-05 +2.3754e-05 +2.3384e-05 +2.3555e-05 +2.4432e-05 +2.6100e-05 +2.8572e-05 +3.1820e-05 +3.5801e-05 +4.0474e-05 +4.5820e-05 
-0000.00600 +4.5727e-06 +1.2120e-05 +1.9090e-05 +2.5364e-05 +3.0705e-05 +3.4740e-05 +3.7005e-05 +3.7058e-05 +3.4695e-05 +3.0191e-05 +2.4409e-05 +1.8625e-05 +1.4118e-05 +1.1751e-05 +1.1798e-05 +1.4057e-05 +1.8087e-05 +2.3421e-05 +2.9689e-05 +3.6652e-05 +4.4192e-05 
# Total Vertical 2nd Order Kick [T2m2]
START
            -0000.01000 -0000.00900 -0000.00800 -0000.00700 -0000.00600 -0000.00500 -0000.00400 -0000.00300 -0000.00200 -0000.00100 +0000.00000 +0000.00100 +0000.00200 +0000.00300 +0000.00400 +0000.00500 +0000.00600 +0000.00700 +0000.00800 +0000.00900 +0000.01000 
+0000.00600 -2.5741e-03 -2.5725e-03 -2.5698e-03 -2.5657e-03 -2.5603e-03 -2.5536e-03 -2.5459e-03 -2.5381e-03 -2.5311e-03 -2.5262e-03 -2.5244e-03 -2.5262e-03 -2.5311e-03 -2.5381e-03 -2.5459e-03 -2.5536e-03 -2.5603e-03 -2.5657e-03 -2.5698e-03 -2.5725e-03 -2.5741e-03 
+0000.00300 -9.9019e-04 -9.8979e-04 -9.8899e-04 -9.8780e-04 -9.8628e-04 -9.8452e-04 -9.8266e-04 -9.8088e-04 -9.7939e-04 -9.7840e-04 -9.7805e-04 -9.7840e-04 -9.7939e-04 -9.8088e-04 -9.8266e-04 -9.8452e-04 -9.8628e-04 -9.8780e-04 -9.8899e-04 -9.8980e-04 -9.9020e-04 
+0000.00000 -1.7377e-12 -1.8524e-12 -4.9912e-12 -2.3495e-12 -2.1802e-12 -1.7190e-12 -4.4655e-12 -3.7856e-12 -3.5760e-13 +8.8136e-13 -2.8622e-12 +8.7669e-13 -1.7797e-13 +1.4873e-12 +1.8718e-12 -8.0998e-13 +3.5137e-12 +4.9032e-12 +2.8791e-12 +3.9192e-12 +5.4234e-12 
-0000.00300 +9.9019e-04 +9.8979e-04 +9.8899e-04 +9.8780e-04 +9.8628e-04 +9.8452e-04 +9.8266e-04 +9.8088e-04 +9.7939e-04 +9.7840e-04 +9.7805e-04 +9.7840e-04 +9.7939e-04 +9.8088e-04 +9.8266e-04 +9.8452e-04 +9.8628e-04 +9.8780e-04 +9.8899e-04 +9.8980e-04 +9.9020e-04 
-0000.00600 +2.5741e-03 +2.5725e-03 +2.5698e-03 +2.5657e-03 +2.5603e-03 +2.5536e-03 +2.5459e-03 +2.5381e-03 +2.5311e-03 +2.5262e-03 +2.5244e-03 +2.5262e-03 +2.5311e-03 +2.5381e-03 +2.5459e-03 +2.5536e-03 +2.5603e-03 +2.5657e-03 +2.5698e-03 +2.5725e-03 +2.5741e-03 
# Horizontal Final Position [m]
START
            -0000.01000 -0000.00900 -0000.00800 -0000.00700 -0000.00600 -0000.00500 -0000.00400 -0000.00300 -0000.00200 -0000.00100 +0000.00000 +0000.00100 +0000.00200 +0000.00300 +0000.00400 +0000.00500 +0000.00600 +0000.00700 +0000.00800 +0000.00900 +0000.01000 
+0000.00600 -1.0004e-02 -9.0037e-03 -8.0036e-03 -7.0035e-03 -6.0034e-03 -5.0033e-03 -4.0033e-03 -3.0033e-03 -2.0033e-03 -1.0034e-03 -3.4987e-06 +9.9640e-04 +1.9963e-03 +2.9963e-03 +3.9963e-03 +4.9963e-03 +5.9964e-03 +6.9965e-03 +7.9966e-03 +8.9967e-03 +9.9969e-03 
+0000.00300 -1.0004e-02 -9.0038e-03 -8.0037e-03 -7.0036e-03 -6.0036e-03 -5.0035e-03 -4.0035e-03 -3.0035e-03 -2.0035e-03 -1.0035e-03 -3.4937e-06 +9.9649e-04 +1.9965e-03 +2.9965e-03 +3.9965e-03 +4.9965e-03 +5.9966e-03 +6.9967e-03 +7.9967e-03 +8.9968e-03 +9.9969e-03 
+0000.00000 -1.0004e-02 -9.0038e-03 -8.0037e-03 -7.0036e-03 -6.0036e-03 -5.0036e-03 -4.0035e-03 -3.0035e-03 -2.0035e-03 -1.0035e-03 -3.4915e-06 +9.9651e-04 +1.9965e-03 +2.9965e-03 +3.9966e-03 +4.9966e-03 +5.9966e-03 +6.9967e-03 +7.9968e-03 +8.9968e-03 +9.9969e-03 
-0000.00300 -1.0004e-02 -9.0038e-03 -8.0037e-03 -7.0036e-03 -6.0036e-03 -5.0035e-03 -4.0035e-03 -3.0035e-03 -2.0035e-03 -1.0035e-03 -3.4937e-06 +9.9649e-04 +1.9965e-03 +2.9965e-03 +3.9965e-03 +4.9965e-03 +5.9966e-03 +6.9967e-03 +7.9967e-03 +8.9968e-03 +9.9969e-03 
-0000.00600 -1.0004e-02 -9.0037e-03 -8.0036e-03 -7.0035e-03 -6.0034e-03 -5.0033e-03 -4.0033e-03 -3.0033e-03 -2.0033e-03 -1.0034e-03 -3.4987e-06 +9.9640e-04 +1.9963e-03 +2.9963e-03 +3.9963e-03 +4.9963e-03 +5.9964e-03 +6.9965e-03 +7.9966e-03 +8.9967e-03 +9.9969e-03 
# Vertical Final Position [m]
START
            -0000.01000 -0000.00900 -0000.00800 -0000.00700 -0000.00600 -0000.00500 -0000.00400 -0000.00300 -0000.00200 -0000.00100 +0000.00000 +0000.00100 +0000.00200 +0000.00300 +0000.00400 +0000.00500 +0000.00600 +0000.00700 +0000.00800 +0000.00900 +0000.01000 
+0000.00600 +5.9537e-03 +5.9537e-03 +5.9538e-03 +5.9539e-03 +5.9539e-03 +5.9541e-03 +5.9542e-03 +5.9543e-03 +5.9545e-03 +5.9545e-03 +5.9546e-03 +5.9545e-03 +5.9544e-03 +5.9543e-03 +5.9542e-03 +5.9540e-03 +5.9539e-03 +5.9538e-03 +5.9537e-03 +5.9537e-03 +5.9536e-03 
+0000.00300 +2.9822e-03 +2.9822e-03 +2.9822e-03 +2.9822e-03 +2.9823e-03 +2.9823e-03 +2.9823e-03 +2.9824e-03 +2.9824e-03 +2.9824e-03 +2.9824e-03 +2.9824e-03 +2.9824e-03 +2.9824e-03 +2.9823e-03 +2.9823e-03 +2.9822e-03 +2.9822e-03 +2.9822e-03 +2.9822e-03 +2.9822e-03 
+0000.00000 -1.0416e-13 -1.1549e-13 -2.0202e-13 -1.1167e-13 -1.1113e-13 -8.3106e-14 -1.8236e-13 -1.5640e-13 -4.5600e-14 +3.7053e-15 -1.4289e-13 -2.0271e-14 -4.9998e-14 -2.7373e-14 -1.5027e-14 -1.0644e-13 +2.9326e-14 +6.9719e-14 +5.1002e-15 +3.0287e-14 +7.5195e-14 
-0000.00300 -2.9822e-03 -2.9822e-03 -2.9822e-03 -2.9822e-03 -2.9823e-03 -2.9823e-03 -2.9823e-03 -2.9824e-03 -2.9824e-03 -2.9824e-03 -2.9824e-03 -2.9824e-03 -2.9824e-03 -2.9824e-03 -2.9823e-03 -2.9823e-03 -2.9822e-03 -2.9822e-03 -2.9822e-03 -2.9822e-03 -2.9822e-03 
-0000.00600 -5.9537e-03 -5.9537e-03 -5.9538e-03 -5.9539e-03 -5.9539e-03 -5.9541e-03 -5.9542e-03 -5.9543e-03 -5.9545e-03 -5.9545e-03 -5.9546e-03 -5.9545e-03 -5.9544e-03 -5.9543e-03 -5.9542e-03 -5.9540e-03 -5.9539e-03 -5.9538e-03 -5.9537e-03 -5.9537e-03 -5.9536e-03 