# Author: FAC idanalysis.IDKickMap
# Termination_kicks [T2m2]: -5.4096e-06 +1.6790e-06 -2.3298e-05 +9.6137e-07 
# Total Length of Longitudinal Interval [m]
2.773
# Number of Horizontal Points
21
# Number of Vertical Points
5
# Total Horizontal 2nd Order Kick [T2m2]
START
            -0000.01000 -0000.00900 -0000.00800 -0000.00700 -0000.00600 -0000.00500 -0000.00400 -0000.00300 -0000.00200 -0000.00100 +0000.00000 +0000.00100 +0000.00200 +0000.00300 +0000.00400 +0000.00500 +0000.00600 +0000.00700 +0000.00800 +0000.00900 +0000.01000 
+0000.00600 +5.7954e-05 +6.0319e-05 +6.1691e-05 +6.1970e-05 +6.1084e-05 +5.9020e-05 +5.5849e-05 +5.1730e-05 +4.6892e-05 +4.1593e-05 +3.6079e-05 +3.0575e-05 +2.5305e-05 +2.0508e-05 +1.6435e-05 +1.3309e-05 +1.1285e-05 +1.0430e-05 +1.0731e-05 +1.2117e-05 +1.4488e-05 
+0000.00300 -6.4947e-05 -7.1568e-05 -7.6338e-05 -7.8281e-05 -7.6394e-05 -6.9788e-05 -5.7863e-05 -4.0487e-05 -1.8151e-05 +7.9881e-06 +3.6196e-05 +6.4406e-05 +9.0550e-05 +1.1289e-04 +1.3028e-04 +1.4221e-04 +1.4883e-04 +1.5072e-04 +1.4879e-04 +1.4402e-04 +1.3740e-04 
+0000.00000 -1.0445e-04 -1.1331e-04 -1.1926e-04 -1.2105e-04 -1.1745e-04 -1.0745e-04 -9.0444e-05 -6.6435e-05 -3.6190e-05 -1.2418e-06 +3.6238e-05 +7.3719e-05 +1.0867e-04 +1.3891e-04 +1.6292e-04 +1.7992e-04 +1.8992e-04 +1.9352e-04 +1.9172e-04 +1.8577e-04 +1.7691e-04 
-0000.00300 -6.4957e-05 -7.1572e-05 -7.6335e-05 -7.8268e-05 -7.6370e-05 -6.9752e-05 -5.7814e-05 -4.0426e-05 -1.8080e-05 +8.0651e-06 +3.6276e-05 +6.4484e-05 +9.0622e-05 +1.1296e-04 +1.3033e-04 +1.4225e-04 +1.4886e-04 +1.5074e-04 +1.4879e-04 +1.4402e-04 +1.3739e-04 
-0000.00600 +5.7909e-05 +6.0288e-05 +6.1681e-05 +6.1989e-05 +6.1141e-05 +5.9123e-05 +5.6003e-05 +5.1937e-05 +4.7146e-05 +4.1881e-05 +3.6380e-05 +3.0867e-05 +2.5566e-05 +2.0725e-05 +1.6601e-05 +1.3423e-05 +1.1352e-05 +1.0459e-05 +1.0730e-05 +1.2094e-05 +1.4451e-05 
# Total Vertical 2nd Order Kick [T2m2]
START
            -0000.01000 -0000.00900 -0000.00800 -0000.00700 -0000.00600 -0000.00500 -0000.00400 -0000.00300 -0000.00200 -0000.00100 +0000.00000 +0000.00100 +0000.00200 +0000.00300 +0000.00400 +0000.00500 +0000.00600 +0000.00700 +0000.00800 +0000.00900 +0000.01000 
+0000.00600 -2.3324e-03 -2.2753e-03 -2.2142e-03 -2.1506e-03 -2.0864e-03 -2.0242e-03 -1.9668e-03 -1.9175e-03 -1.8795e-03 -1.8556e-03 -1.8474e-03 -1.8556e-03 -1.8797e-03 -1.9177e-03 -1.9670e-03 -2.0244e-03 -2.0866e-03 -2.1508e-03 -2.2144e-03 -2.2755e-03 -2.3325e-03 
+0000.00300 -8.4599e-04 -8.1838e-04 -7.8946e-04 -7.6001e-04 -7.3101e-04 -7.0361e-04 -6.7901e-04 -6.5840e-04 -6.4283e-04 -6.3314e-04 -6.2986e-04 -6.3316e-04 -6.4287e-04 -6.5845e-04 -6.7907e-04 -7.0368e-04 -7.3108e-04 -7.6008e-04 -7.8953e-04 -8.1845e-04 -8.4605e-04 
+0000.00000 -2.7011e-06 -2.6987e-06 -2.6968e-06 -2.6958e-06 -2.6957e-06 -2.6967e-06 -2.6989e-06 -2.7021e-06 -2.7063e-06 -2.7112e-06 -2.7165e-06 -2.7219e-06 -2.7270e-06 -2.7314e-06 -2.7349e-06 -2.7373e-06 -2.7386e-06 -2.7388e-06 -2.7380e-06 -2.7363e-06 -2.7340e-06 
-0000.00300 +8.4061e-04 +8.1301e-04 +7.8409e-04 +7.5465e-04 +7.2565e-04 +6.9825e-04 +6.7364e-04 +6.5302e-04 +6.3744e-04 +6.2773e-04 +6.2443e-04 +6.2771e-04 +6.3740e-04 +6.5297e-04 +6.7358e-04 +6.9818e-04 +7.2558e-04 +7.5457e-04 +7.8403e-04 +8.1295e-04 +8.4056e-04 
-0000.00600 +2.3271e-03 +2.2700e-03 +2.2090e-03 +2.1454e-03 +2.0812e-03 +2.0190e-03 +1.9616e-03 +1.9123e-03 +1.8742e-03 +1.8502e-03 +1.8420e-03 +1.8501e-03 +1.8741e-03 +1.9121e-03 +1.9613e-03 +2.0187e-03 +2.0810e-03 +2.1452e-03 +2.2088e-03 +2.2699e-03 +2.3270e-03 
# Horizontal Final Position [m]
START
            -0000.01000 -0000.00900 -0000.00800 -0000.00700 -0000.00600 -0000.00500 -0000.00400 -0000.00300 -0000.00200 -0000.00100 +0000.00000 +0000.00100 +0000.00200 +0000.00300 +0000.00400 +0000.00500 +0000.00600 +0000.00700 +0000.00800 +0000.00900 +0000.01000 
+0000.00600 -1.0003e-02 -9.0033e-03 -8.0033e-03 -7.0033e-03 -6.0033e-03 -5.0034e-03 -4.0035e-03 -3.0036e-03 -2.0037e-03 -1.0038e-03 -3.9068e-06 +9.9600e-04 +1.9959e-03 +2.9958e-03 +3.9958e-03 +4.9958e-03 +5.9958e-03 +6.9958e-03 +7.9958e-03 +8.9958e-03 +9.9959e-03 
+0000.00300 -1.0005e-02 -9.0056e-03 -8.0057e-03 -7.0057e-03 -6.0057e-03 -5.0056e-03 -4.0054e-03 -3.0051e-03 -2.0047e-03 -1.0042e-03 -3.7112e-06 +9.9680e-04 +1.9973e-03 +2.9977e-03 +3.9980e-03 +4.9982e-03 +5.9984e-03 +6.9984e-03 +7.9984e-03 +8.9983e-03 +9.9982e-03 
+0000.00000 -1.0006e-02 -9.0063e-03 -8.0064e-03 -7.0064e-03 -6.0064e-03 -5.0062e-03 -4.0059e-03 -3.0055e-03 -2.0049e-03 -1.0043e-03 -3.6035e-06 +9.9707e-04 +1.9977e-03 +2.9983e-03 +3.9987e-03 +4.9990e-03 +5.9992e-03 +6.9993e-03 +7.9992e-03 +8.9991e-03 +9.9990e-03 
-0000.00300 -1.0005e-02 -9.0055e-03 -8.0056e-03 -7.0056e-03 -6.0056e-03 -5.0054e-03 -4.0052e-03 -3.0049e-03 -2.0045e-03 -1.0040e-03 -3.5004e-06 +9.9701e-04 +1.9975e-03 +2.9979e-03 +3.9982e-03 +4.9984e-03 +5.9985e-03 +6.9985e-03 +7.9985e-03 +8.9984e-03 +9.9983e-03 
-0000.00600 -1.0003e-02 -9.0030e-03 -8.0030e-03 -7.0030e-03 -6.0030e-03 -5.0030e-03 -4.0030e-03 -3.0031e-03 -2.0031e-03 -1.0032e-03 -3.3152e-06 +9.9658e-04 +1.9965e-03 +2.9964e-03 +3.9963e-03 +4.9962e-03 +5.9961e-03 +6.9961e-03 +7.9961e-03 +8.9961e-03 +9.9961e-03 
# Vertical Final Position [m]
START
            -0000.01000 -0000.00900 -0000.00800 -0000.00700 -0000.00600 -0000.00500 -0000.00400 -0000.00300 -0000.00200 -0000.00100 +0000.00000 +0000.00100 +0000.00200 +0000.00300 +0000.00400 +0000.00500 +0000.00600 +0000.00700 +0000.00800 +0000.00900 +0000.01000 
+0000.00600 +5.9582e-03 +5.9593e-03 +5.9603e-03 +5.9615e-03 +5.9626e-03 +5.9637e-03 +5.9647e-03 +5.9655e-03 +5.9662e-03 +5.9666e-03 +5.9667e-03 +5.9665e-03 +5.9660e-03 +5.9652e-03 +5.9643e-03 +5.9632e-03 +5.9621e-03 +5.9609e-03 +5.9597e-03 +5.9586e-03 +5.9575e-03 
+0000.00300 +2.9850e-03 +2.9855e-03 +2.9860e-03 +2.9865e-03 +2.9870e-03 +2.9875e-03 +2.9879e-03 +2.9882e-03 +2.9885e-03 +2.9886e-03 +2.9887e-03 +2.9886e-03 +2.9884e-03 +2.9881e-03 +2.9877e-03 +2.9872e-03 +2.9867e-03 +2.9862e-03 +2.9856e-03 +2.9851e-03 +2.9846e-03 
+0000.00000 +1.3546e-07 +1.2905e-07 +1.2108e-07 +1.1139e-07 +9.9884e-08 +8.6506e-08 +7.1308e-08 +5.4447e-08 +3.6200e-08 +1.6954e-08 -2.8168e-09 -2.2589e-08 -4.1841e-08 -6.0096e-08 -7.6967e-08 -9.2177e-08 -1.0557e-07 -1.1709e-07 -1.2679e-07 -1.3477e-07 -1.4120e-07 
-0000.00300 -2.9846e-03 -2.9851e-03 -2.9857e-03 -2.9862e-03 -2.9867e-03 -2.9872e-03 -2.9877e-03 -2.9881e-03 -2.9884e-03 -2.9886e-03 -2.9887e-03 -2.9886e-03 -2.9885e-03 -2.9882e-03 -2.9879e-03 -2.9874e-03 -2.9870e-03 -2.9865e-03 -2.9859e-03 -2.9854e-03 -2.9849e-03 
-0000.00600 -5.9576e-03 -5.9587e-03 -5.9598e-03 -5.9609e-03 -5.9621e-03 -5.9633e-03 -5.9643e-03 -5.9652e-03 -5.9660e-03 -5.9665e-03 -5.9667e-03 -5.9666e-03 -5.9662e-03 -5.9655e-03 -5.9647e-03 -5.9637e-03 -5.9626e-03 -5.9614e-03 -5.9603e-03 -5.9592e-03 -5.9581e-03 