# Author: FAC idanalysis.IDKickMap
# Termination_kicks [T2m2]: -4.8599e-06 +1.1855e-06 -1.6577e-05 +7.2443e-07 
# Total Length of Longitudinal Interval [m]
2.773
# Number of Horizontal Points
21
# Number of Vertical Points
5
# Total Horizontal 2nd Order Kick [T2m2]
START
            -0000.01000 -0000.00900 -0000.00800 -0000.00700 -0000.00600 -0000.00500 -0000.00400 -0000.00300 -0000.00200 -0000.00100 +0000.00000 +0000.00100 +0000.00200 +0000.00300 +0000.00400 +0000.00500 +0000.00600 +0000.00700 +0000.00800 +0000.00900 +0000.01000 
+0000.00600 -1.5192e-05 -2.3433e-05 -3.3316e-05 -4.4457e-05 -5.5907e-05 -6.5786e-05 -7.0918e-05 -6.6890e-05 -4.9306e-05 -1.6741e-05 +2.6120e-05 +6.9016e-05 +1.0167e-04 +1.1936e-04 +1.2349e-04 +1.1845e-04 +1.0863e-04 +9.7216e-05 +8.6097e-05 +7.6224e-05 +6.7984e-05 
+0000.00300 -9.3624e-05 -1.0732e-04 -1.1970e-04 -1.2914e-04 -1.3364e-04 -1.3095e-04 -1.1898e-04 -9.6353e-05 -6.3027e-05 -2.0872e-05 +2.6318e-05 +7.3512e-05 +1.1568e-04 +1.4902e-04 +1.7167e-04 +1.8365e-04 +1.8636e-04 +1.8188e-04 +1.7244e-04 +1.6007e-04 +1.4638e-04 
+0000.00000 -1.2415e-04 -1.4026e-04 -1.5411e-04 -1.6369e-04 -1.6670e-04 -1.6080e-04 -1.4408e-04 -1.1558e-04 -7.5843e-05 -2.7205e-05 +2.6376e-05 +7.9958e-05 +1.2860e-04 +1.6833e-04 +1.9683e-04 +2.1355e-04 +2.1944e-04 +2.1643e-04 +2.0685e-04 +1.9300e-04 +1.7689e-04 
-0000.00300 -9.3645e-05 -1.0733e-04 -1.1971e-04 -1.2914e-04 -1.3362e-04 -1.3091e-04 -1.1893e-04 -9.6274e-05 -6.2929e-05 -2.0760e-05 +2.6435e-05 +7.3625e-05 +1.1578e-04 +1.4910e-04 +1.7173e-04 +1.8369e-04 +1.8638e-04 +1.8189e-04 +1.7244e-04 +1.6005e-04 +1.4636e-04 
-0000.00600 -1.5272e-05 -2.3508e-05 -3.3378e-05 -4.4493e-05 -5.5901e-05 -6.5714e-05 -7.0756e-05 -6.6615e-05 -4.8910e-05 -1.6246e-05 +2.6656e-05 +6.9518e-05 +1.0208e-04 +1.1965e-04 +1.2367e-04 +1.1853e-04 +1.0864e-04 +9.7188e-05 +8.6041e-05 +7.6153e-05 +6.7907e-05 
# Total Vertical 2nd Order Kick [T2m2]
START
            -0000.01000 -0000.00900 -0000.00800 -0000.00700 -0000.00600 -0000.00500 -0000.00400 -0000.00300 -0000.00200 -0000.00100 +0000.00000 +0000.00100 +0000.00200 +0000.00300 +0000.00400 +0000.00500 +0000.00600 +0000.00700 +0000.00800 +0000.00900 +0000.01000 
+0000.00600 -2.4044e-03 -2.3747e-03 -2.3446e-03 -2.3160e-03 -2.2918e-03 -2.2748e-03 -2.2678e-03 -2.2717e-03 -2.2837e-03 -2.2967e-03 -2.3024e-03 -2.2969e-03 -2.2839e-03 -2.2720e-03 -2.2681e-03 -2.2751e-03 -2.2920e-03 -2.3163e-03 -2.3447e-03 -2.3748e-03 -2.4046e-03 
+0000.00300 -8.7614e-04 -8.5549e-04 -8.3353e-04 -8.1099e-04 -7.8886e-04 -7.6826e-04 -7.5031e-04 -7.3592e-04 -7.2561e-04 -7.1950e-04 -7.1750e-04 -7.1953e-04 -7.2566e-04 -7.3599e-04 -7.5040e-04 -7.6835e-04 -7.8895e-04 -8.1108e-04 -8.3361e-04 -8.5556e-04 -8.7620e-04 
+0000.00000 -1.9412e-06 -1.9375e-06 -1.9344e-06 -1.9322e-06 -1.9312e-06 -1.9318e-06 -1.9343e-06 -1.9385e-06 -1.9444e-06 -1.9515e-06 -1.9594e-06 -1.9674e-06 -1.9747e-06 -1.9810e-06 -1.9856e-06 -1.9884e-06 -1.9895e-06 -1.9889e-06 -1.9870e-06 -1.9842e-06 -1.9806e-06 
-0000.00300 +8.7228e-04 +8.5164e-04 +8.2969e-04 +8.0717e-04 +7.8504e-04 +7.6444e-04 +7.4648e-04 +7.3208e-04 +7.2175e-04 +7.1562e-04 +7.1359e-04 +7.1558e-04 +7.2169e-04 +7.3199e-04 +7.4638e-04 +7.6433e-04 +7.8494e-04 +8.0707e-04 +8.2960e-04 +8.5157e-04 +8.7222e-04 
-0000.00600 +2.4007e-03 +2.3709e-03 +2.3408e-03 +2.3124e-03 +2.2881e-03 +2.2712e-03 +2.2642e-03 +2.2681e-03 +2.2800e-03 +2.2930e-03 +2.2985e-03 +2.2928e-03 +2.2798e-03 +2.2678e-03 +2.2639e-03 +2.2709e-03 +2.2878e-03 +2.3121e-03 +2.3406e-03 +2.3707e-03 +2.4005e-03 
# Horizontal Final Position [m]
START
            -0000.01000 -0000.00900 -0000.00800 -0000.00700 -0000.00600 -0000.00500 -0000.00400 -0000.00300 -0000.00200 -0000.00100 +0000.00000 +0000.00100 +0000.00200 +0000.00300 +0000.00400 +0000.00500 +0000.00600 +0000.00700 +0000.00800 +0000.00900 +0000.01000 
+0000.00600 -1.0003e-02 -9.0036e-03 -8.0038e-03 -7.0040e-03 -6.0042e-03 -5.0044e-03 -4.0046e-03 -3.0045e-03 -2.0042e-03 -1.0037e-03 -2.9228e-06 +9.9786e-04 +1.9985e-03 +2.9988e-03 +3.9989e-03 +4.9989e-03 +5.9987e-03 +6.9986e-03 +7.9984e-03 +8.9982e-03 +9.9981e-03 
+0000.00300 -1.0005e-02 -9.0050e-03 -8.0053e-03 -7.0054e-03 -6.0055e-03 -5.0055e-03 -4.0053e-03 -3.0049e-03 -2.0043e-03 -1.0035e-03 -2.6911e-06 +9.9816e-04 +1.9989e-03 +2.9995e-03 +4.0000e-03 +5.0002e-03 +6.0002e-03 +7.0002e-03 +8.0000e-03 +8.9998e-03 +9.9996e-03 
+0000.00000 -1.0005e-02 -9.0056e-03 -8.0058e-03 -7.0060e-03 -6.0061e-03 -5.0060e-03 -4.0056e-03 -3.0051e-03 -2.0044e-03 -1.0035e-03 -2.5723e-06 +9.9839e-04 +1.9993e-03 +3.0000e-03 +4.0005e-03 +5.0008e-03 +6.0009e-03 +7.0009e-03 +8.0007e-03 +9.0004e-03 +1.0000e-02 
-0000.00300 -1.0005e-02 -9.0049e-03 -8.0052e-03 -7.0053e-03 -6.0054e-03 -5.0053e-03 -4.0051e-03 -3.0047e-03 -2.0041e-03 -1.0033e-03 -2.4515e-06 +9.9840e-04 +1.9992e-03 +2.9997e-03 +4.0001e-03 +5.0003e-03 +6.0004e-03 +7.0003e-03 +8.0001e-03 +8.9999e-03 +9.9996e-03 
-0000.00600 -1.0003e-02 -9.0034e-03 -8.0035e-03 -7.0037e-03 -6.0039e-03 -5.0040e-03 -4.0041e-03 -3.0040e-03 -2.0036e-03 -1.0030e-03 -2.2077e-06 +9.9855e-04 +1.9991e-03 +2.9994e-03 +3.9994e-03 +4.9993e-03 +5.9991e-03 +6.9988e-03 +7.9986e-03 +8.9984e-03 +9.9982e-03 
# Vertical Final Position [m]
START
            -0000.01000 -0000.00900 -0000.00800 -0000.00700 -0000.00600 -0000.00500 -0000.00400 -0000.00300 -0000.00200 -0000.00100 +0000.00000 +0000.00100 +0000.00200 +0000.00300 +0000.00400 +0000.00500 +0000.00600 +0000.00700 +0000.00800 +0000.00900 +0000.01000 
+0000.00600 +5.9569e-03 +5.9574e-03 +5.9580e-03 +5.9585e-03 +5.9589e-03 +5.9592e-03 +5.9593e-03 +5.9592e-03 +5.9589e-03 +5.9586e-03 +5.9584e-03 +5.9584e-03 +5.9586e-03 +5.9588e-03 +5.9588e-03 +5.9586e-03 +5.9583e-03 +5.9579e-03 +5.9573e-03 +5.9568e-03 +5.9562e-03 
+0000.00300 +2.9844e-03 +2.9848e-03 +2.9851e-03 +2.9855e-03 +2.9859e-03 +2.9863e-03 +2.9866e-03 +2.9868e-03 +2.9870e-03 +2.9871e-03 +2.9871e-03 +2.9870e-03 +2.9869e-03 +2.9867e-03 +2.9864e-03 +2.9860e-03 +2.9856e-03 +2.9852e-03 +2.9848e-03 +2.9844e-03 +2.9840e-03 
+0000.00000 +1.4046e-07 +1.3573e-07 +1.2935e-07 +1.2101e-07 +1.1041e-07 +9.7330e-08 +8.1658e-08 +6.3476e-08 +4.3093e-08 +2.1062e-08 -1.8543e-09 -2.4773e-08 -4.6811e-08 -6.7206e-08 -8.5402e-08 -1.0109e-07 -1.1419e-07 -1.2480e-07 -1.3316e-07 -1.3955e-07 -1.4429e-07 
-0000.00300 -2.9840e-03 -2.9844e-03 -2.9848e-03 -2.9852e-03 -2.9856e-03 -2.9860e-03 -2.9864e-03 -2.9867e-03 -2.9869e-03 -2.9870e-03 -2.9871e-03 -2.9871e-03 -2.9870e-03 -2.9868e-03 -2.9866e-03 -2.9863e-03 -2.9859e-03 -2.9855e-03 -2.9851e-03 -2.9847e-03 -2.9844e-03 
-0000.00600 -5.9563e-03 -5.9568e-03 -5.9574e-03 -5.9579e-03 -5.9583e-03 -5.9586e-03 -5.9588e-03 -5.9587e-03 -5.9586e-03 -5.9584e-03 -5.9584e-03 -5.9586e-03 -5.9589e-03 -5.9592e-03 -5.9593e-03 -5.9592e-03 -5.9589e-03 -5.9585e-03 -5.9579e-03 -5.9574e-03 -5.9569e-03 