# Author: FAC idanalysis.IDKickMap
# Termination_kicks [T2m2]: -5.9043e-04 +8.7485e-04 +1.1282e-04 +7.7609e-04 
# Total Length of Longitudinal Interval [m]
2.773
# Number of Horizontal Points
37
# Number of Vertical Points
3
# Total Horizontal 2nd Order Kick [T2m2]
START
            -0000.01800 -0000.01700 -0000.01600 -0000.01500 -0000.01400 -0000.01300 -0000.01200 -0000.01100 -0000.01000 -0000.00900 -0000.00800 -0000.00700 -0000.00600 -0000.00500 -0000.00400 -0000.00300 -0000.00200 -0000.00100 +0000.00000 +0000.00100 +0000.00200 +0000.00300 +0000.00400 +0000.00500 +0000.00600 +0000.00700 +0000.00800 +0000.00900 +0000.01000 +0000.01100 +0000.01200 +0000.01300 +0000.01400 +0000.01500 +0000.01600 +0000.01700 +0000.01800 
+0000.01200 +6.0958e-04 +5.9610e-04 +5.5612e-04 +5.1348e-04 +4.8323e-04 +4.4838e-04 +3.9103e-04 +3.4617e-04 +2.7336e-04 +2.2368e-04 +1.5747e-04 +1.1450e-04 +7.8546e-05 +4.1093e-05 +2.5137e-05 +4.3696e-05 +7.2164e-05 +1.5542e-04 +2.2774e-04 +2.9958e-04 +3.7513e-04 +4.5148e-04 +5.4945e-04 +6.4217e-04 +7.4431e-04 +8.0072e-04 +8.9309e-04 +9.5775e-04 +1.0198e-03 +1.0590e-03 +1.0855e-03 +1.1015e-03 +1.1012e-03 +1.0760e-03 +1.0222e-03 +9.6668e-04 +9.2206e-04 
+0000.00000 +6.0958e-04 +5.9610e-04 +5.5612e-04 +5.1348e-04 +4.8323e-04 +4.4838e-04 +3.9103e-04 +3.4617e-04 +2.7336e-04 +2.2368e-04 +1.5747e-04 +1.1450e-04 +7.8546e-05 +4.1093e-05 +2.5137e-05 +4.3696e-05 +7.2164e-05 +1.5542e-04 +2.2774e-04 +2.9958e-04 +3.7513e-04 +4.5148e-04 +5.4945e-04 +6.4217e-04 +7.4431e-04 +8.0072e-04 +8.9309e-04 +9.5775e-04 +1.0198e-03 +1.0590e-03 +1.0855e-03 +1.1015e-03 +1.1012e-03 +1.0760e-03 +1.0222e-03 +9.6668e-04 +9.2206e-04 
-0000.01200 +6.0958e-04 +5.9610e-04 +5.5612e-04 +5.1348e-04 +4.8323e-04 +4.4838e-04 +3.9103e-04 +3.4617e-04 +2.7336e-04 +2.2368e-04 +1.5747e-04 +1.1450e-04 +7.8546e-05 +4.1093e-05 +2.5137e-05 +4.3696e-05 +7.2164e-05 +1.5542e-04 +2.2774e-04 +2.9958e-04 +3.7513e-04 +4.5148e-04 +5.4945e-04 +6.4217e-04 +7.4431e-04 +8.0072e-04 +8.9309e-04 +9.5775e-04 +1.0198e-03 +1.0590e-03 +1.0855e-03 +1.1015e-03 +1.1012e-03 +1.0760e-03 +1.0222e-03 +9.6668e-04 +9.2206e-04 
# Total Vertical 2nd Order Kick [T2m2]
START
            -0000.01800 -0000.01700 -0000.01600 -0000.01500 -0000.01400 -0000.01300 -0000.01200 -0000.01100 -0000.01000 -0000.00900 -0000.00800 -0000.00700 -0000.00600 -0000.00500 -0000.00400 -0000.00300 -0000.00200 -0000.00100 +0000.00000 +0000.00100 +0000.00200 +0000.00300 +0000.00400 +0000.00500 +0000.00600 +0000.00700 +0000.00800 +0000.00900 +0000.01000 +0000.01100 +0000.01200 +0000.01300 +0000.01400 +0000.01500 +0000.01600 +0000.01700 +0000.01800 
+0000.01200 -1.4259e-03 -1.4343e-03 -1.4420e-03 -1.4452e-03 -1.4177e-03 -1.3922e-03 -1.3231e-03 -1.2598e-03 -1.1663e-03 -1.0701e-03 -9.6213e-04 -8.3418e-04 -7.1927e-04 -6.1705e-04 -5.2740e-04 -4.4247e-04 -3.6301e-04 -3.3183e-04 -2.9831e-04 -2.9601e-04 -3.0486e-04 -3.2969e-04 -3.5295e-04 -4.1840e-04 -4.8213e-04 -5.5956e-04 -6.5098e-04 -7.2772e-04 -8.2680e-04 -9.1997e-04 -1.0085e-03 -1.0843e-03 -1.1612e-03 -1.2156e-03 -1.2667e-03 -1.3226e-03 -1.3416e-03 
+0000.00000 -1.4259e-03 -1.4343e-03 -1.4420e-03 -1.4452e-03 -1.4177e-03 -1.3922e-03 -1.3231e-03 -1.2598e-03 -1.1663e-03 -1.0701e-03 -9.6213e-04 -8.3418e-04 -7.1927e-04 -6.1705e-04 -5.2740e-04 -4.4247e-04 -3.6301e-04 -3.3183e-04 -2.9831e-04 -2.9601e-04 -3.0486e-04 -3.2969e-04 -3.5295e-04 -4.1840e-04 -4.8213e-04 -5.5956e-04 -6.5098e-04 -7.2772e-04 -8.2680e-04 -9.1997e-04 -1.0085e-03 -1.0843e-03 -1.1612e-03 -1.2156e-03 -1.2667e-03 -1.3226e-03 -1.3416e-03 
-0000.01200 -1.4259e-03 -1.4343e-03 -1.4420e-03 -1.4452e-03 -1.4177e-03 -1.3922e-03 -1.3231e-03 -1.2598e-03 -1.1663e-03 -1.0701e-03 -9.6213e-04 -8.3418e-04 -7.1927e-04 -6.1705e-04 -5.2740e-04 -4.4247e-04 -3.6301e-04 -3.3183e-04 -2.9831e-04 -2.9601e-04 -3.0486e-04 -3.2969e-04 -3.5295e-04 -4.1840e-04 -4.8213e-04 -5.5956e-04 -6.5098e-04 -7.2772e-04 -8.2680e-04 -9.1997e-04 -1.0085e-03 -1.0843e-03 -1.1612e-03 -1.2156e-03 -1.2667e-03 -1.3226e-03 -1.3416e-03 
# Horizontal Final Position [m]
START
            -0000.01800 -0000.01700 -0000.01600 -0000.01500 -0000.01400 -0000.01300 -0000.01200 -0000.01100 -0000.01000 -0000.00900 -0000.00800 -0000.00700 -0000.00600 -0000.00500 -0000.00400 -0000.00300 -0000.00200 -0000.00100 +0000.00000 +0000.00100 +0000.00200 +0000.00300 +0000.00400 +0000.00500 +0000.00600 +0000.00700 +0000.00800 +0000.00900 +0000.01000 +0000.01100 +0000.01200 +0000.01300 +0000.01400 +0000.01500 +0000.01600 +0000.01700 +0000.01800 
+0000.01200 -1.8049e-02 -1.7051e-02 -1.6054e-02 -1.5057e-02 -1.4059e-02 -1.3061e-02 -1.2062e-02 -1.1063e-02 -1.0063e-02 -9.0620e-03 -8.0604e-03 -7.0578e-03 -6.0541e-03 -5.0499e-03 -4.0446e-03 -3.0383e-03 -2.0315e-03 -1.0236e-03 -1.5831e-05 +9.9182e-04 +1.9991e-03 +3.0061e-03 +4.0130e-03 +5.0193e-03 +6.0252e-03 +7.0299e-03 +8.0349e-03 +9.0389e-03 +1.0043e-02 +1.1046e-02 +1.2049e-02 +1.3051e-02 +1.4053e-02 +1.5055e-02 +1.6056e-02 +1.7056e-02 +1.8057e-02 
+0000.00000 -1.8049e-02 -1.7051e-02 -1.6054e-02 -1.5057e-02 -1.4059e-02 -1.3061e-02 -1.2062e-02 -1.1063e-02 -1.0063e-02 -9.0620e-03 -8.0604e-03 -7.0578e-03 -6.0541e-03 -5.0499e-03 -4.0446e-03 -3.0383e-03 -2.0315e-03 -1.0236e-03 -1.5831e-05 +9.9182e-04 +1.9991e-03 +3.0061e-03 +4.0130e-03 +5.0193e-03 +6.0252e-03 +7.0299e-03 +8.0349e-03 +9.0389e-03 +1.0043e-02 +1.1046e-02 +1.2049e-02 +1.3051e-02 +1.4053e-02 +1.5055e-02 +1.6056e-02 +1.7056e-02 +1.8057e-02 
-0000.01200 -1.8049e-02 -1.7051e-02 -1.6054e-02 -1.5057e-02 -1.4059e-02 -1.3061e-02 -1.2062e-02 -1.1063e-02 -1.0063e-02 -9.0620e-03 -8.0604e-03 -7.0578e-03 -6.0541e-03 -5.0499e-03 -4.0446e-03 -3.0383e-03 -2.0315e-03 -1.0236e-03 -1.5831e-05 +9.9182e-04 +1.9991e-03 +3.0061e-03 +4.0130e-03 +5.0193e-03 +6.0252e-03 +7.0299e-03 +8.0349e-03 +9.0389e-03 +1.0043e-02 +1.1046e-02 +1.2049e-02 +1.3051e-02 +1.4053e-02 +1.5055e-02 +1.6056e-02 +1.7056e-02 +1.8057e-02 
# Vertical Final Position [m]
START
            -0000.01800 -0000.01700 -0000.01600 -0000.01500 -0000.01400 -0000.01300 -0000.01200 -0000.01100 -0000.01000 -0000.00900 -0000.00800 -0000.00700 -0000.00600 -0000.00500 -0000.00400 -0000.00300 -0000.00200 -0000.00100 +0000.00000 +0000.00100 +0000.00200 +0000.00300 +0000.00400 +0000.00500 +0000.00600 +0000.00700 +0000.00800 +0000.00900 +0000.01000 +0000.01100 +0000.01200 +0000.01300 +0000.01400 +0000.01500 +0000.01600 +0000.01700 +0000.01800 
+0000.01200 +1.1836e-02 +1.1842e-02 +1.1849e-02 +1.1857e-02 +1.1867e-02 +1.1877e-02 +1.1889e-02 +1.1902e-02 +1.1915e-02 +1.1928e-02 +1.1942e-02 +1.1955e-02 +1.1968e-02 +1.1980e-02 +1.1991e-02 +1.2001e-02 +1.2011e-02 +1.2019e-02 +1.2026e-02 +1.2032e-02 +1.2038e-02 +1.2043e-02 +1.2048e-02 +1.2051e-02 +1.2053e-02 +1.2055e-02 +1.2056e-02 +1.2057e-02 +1.2057e-02 +1.2057e-02 +1.2057e-02 +1.2057e-02 +1.2057e-02 +1.2057e-02 +1.2057e-02 +1.2057e-02 +1.2058e-02 
+0000.00000 -1.6441e-04 -1.5837e-04 -1.5118e-04 -1.4292e-04 -1.3317e-04 -1.2258e-04 -1.1059e-04 -9.8139e-05 -8.4956e-05 -7.1660e-05 -5.8317e-05 -4.4888e-05 -3.2156e-05 -2.0333e-05 -9.2069e-06 +9.8023e-07 +1.0516e-05 +1.8508e-05 +2.6124e-05 +3.2482e-05 +3.8210e-05 +4.3126e-05 +4.7515e-05 +5.0628e-05 +5.3229e-05 +5.5110e-05 +5.6166e-05 +5.7216e-05 +5.7442e-05 +5.7293e-05 +5.7140e-05 +5.7082e-05 +5.6880e-05 +5.6908e-05 +5.7052e-05 +5.6918e-05 +5.7715e-05 
-0000.01200 -1.2164e-02 -1.2158e-02 -1.2151e-02 -1.2143e-02 -1.2133e-02 -1.2123e-02 -1.2111e-02 -1.2098e-02 -1.2085e-02 -1.2072e-02 -1.2058e-02 -1.2045e-02 -1.2032e-02 -1.2020e-02 -1.2009e-02 -1.1999e-02 -1.1989e-02 -1.1981e-02 -1.1974e-02 -1.1968e-02 -1.1962e-02 -1.1957e-02 -1.1952e-02 -1.1949e-02 -1.1947e-02 -1.1945e-02 -1.1944e-02 -1.1943e-02 -1.1943e-02 -1.1943e-02 -1.1943e-02 -1.1943e-02 -1.1943e-02 -1.1943e-02 -1.1943e-02 -1.1943e-02 -1.1942e-02 