# Author: FAC idanalysis.IDKickMap
# Termination_kicks [T2m2]: +1.3960e-04 +1.3861e-12 -1.3815e-04 +7.9815e-12 
# Total Length of Longitudinal Interval [m]
2.773
# Number of Horizontal Points
11
# Number of Vertical Points
9
# Total Horizontal 2nd Order Kick [T2m2]
START
            -0000.00500 -0000.00400 -0000.00300 -0000.00200 -0000.00100 +0000.00000 +0000.00100 +0000.00200 +0000.00300 +0000.00400 +0000.00500 
+0000.00400 -2.4126e-06 -2.3238e-06 -2.2348e-06 -2.1456e-06 -2.0564e-06 +3.7671e-06 -1.4429e-06 -1.4429e-06 -1.4430e-06 -1.4430e-06 -1.4430e-06 
+0000.00300 -2.4309e-06 -2.3825e-06 -2.3339e-06 -2.2853e-06 -2.2365e-06 -1.1352e-06 -1.0646e-06 -1.0771e-06 -1.0897e-06 -1.1023e-06 -1.1151e-06 
+0000.00200 -2.4977e-06 -2.4778e-06 -2.4578e-06 -2.4378e-06 -2.4178e-06 -1.0437e-06 -9.5874e-07 -9.7843e-07 -9.9817e-07 -1.0180e-06 -1.0378e-06 
+0000.00100 -2.6128e-06 -2.6097e-06 -2.6066e-06 -2.6034e-06 -2.6002e-06 -9.5954e-07 -8.5165e-07 -8.6672e-07 -8.8182e-07 -8.9695e-07 -9.1210e-07 
+0000.00000 -2.7764e-06 -2.7782e-06 -2.7801e-06 -2.7820e-06 -2.7838e-06 -8.8283e-07 -7.4335e-07 -7.4198e-07 -7.4062e-07 -7.3925e-07 -7.3788e-07 
-0000.00100 -2.6128e-06 -2.6097e-06 -2.6066e-06 -2.6034e-06 -2.6002e-06 -9.5954e-07 -8.5165e-07 -8.6672e-07 -8.8182e-07 -8.9695e-07 -9.1210e-07 
-0000.00200 -2.4977e-06 -2.4778e-06 -2.4578e-06 -2.4378e-06 -2.4178e-06 -1.0437e-06 -9.5874e-07 -9.7843e-07 -9.9817e-07 -1.0180e-06 -1.0378e-06 
-0000.00300 -2.4309e-06 -2.3825e-06 -2.3339e-06 -2.2853e-06 -2.2365e-06 -1.1352e-06 -1.0646e-06 -1.0771e-06 -1.0897e-06 -1.1023e-06 -1.1151e-06 
-0000.00400 -2.4126e-06 -2.3238e-06 -2.2348e-06 -2.1456e-06 -2.0564e-06 +5.1140e-06 -1.4429e-06 -1.4429e-06 -1.4430e-06 -1.4430e-06 -1.4430e-06 
# Total Vertical 2nd Order Kick [T2m2]
START
            -0000.00500 -0000.00400 -0000.00300 -0000.00200 -0000.00100 +0000.00000 +0000.00100 +0000.00200 +0000.00300 +0000.00400 +0000.00500 
+0000.00400 -3.6868e-04 -3.6875e-04 -3.6882e-04 -3.6890e-04 -3.6897e-04 -9.3512e-12 -7.9259e-12 -6.4842e-12 -5.0425e-12 -3.6008e-12 -2.1591e-12 
+0000.00300 -2.6858e-04 -2.6865e-04 -2.6871e-04 -2.6877e-04 -2.6883e-04 -2.6889e-04 -2.6883e-04 -2.6877e-04 -2.6871e-04 -2.6865e-04 -2.6858e-04 
+0000.00200 -1.7377e-04 -1.7382e-04 -1.7387e-04 -1.7391e-04 -1.7396e-04 -1.7400e-04 -1.7396e-04 -1.7391e-04 -1.7387e-04 -1.7382e-04 -1.7377e-04 
+0000.00100 -8.4246e-05 -8.4271e-05 -8.4296e-05 -8.4321e-05 -8.4347e-05 -8.4372e-05 -8.4347e-05 -8.4321e-05 -8.4296e-05 -8.4271e-05 -8.4246e-05 
+0000.00000 +8.6108e-13 +3.6500e-13 -1.3109e-13 -6.2717e-13 -1.1233e-12 -1.6192e-12 -1.6632e-12 -1.7071e-12 -1.7511e-12 -1.7951e-12 -1.8390e-12 
-0000.00100 +8.4246e-05 +8.4271e-05 +8.4296e-05 +8.4321e-05 +8.4347e-05 +8.4372e-05 +8.4347e-05 +8.4321e-05 +8.4296e-05 +8.4271e-05 +8.4246e-05 
-0000.00200 +1.7377e-04 +1.7382e-04 +1.7387e-04 +1.7391e-04 +1.7396e-04 +1.7400e-04 +1.7396e-04 +1.7391e-04 +1.7387e-04 +1.7382e-04 +1.7377e-04 
-0000.00300 +2.6858e-04 +2.6865e-04 +2.6871e-04 +2.6877e-04 +2.6883e-04 +2.6889e-04 +2.6883e-04 +2.6877e-04 +2.6871e-04 +2.6865e-04 +2.6858e-04 
-0000.00400 +3.6868e-04 +3.6875e-04 +3.6882e-04 +3.6889e-04 +3.6897e-04 -9.3845e-12 -1.0809e-11 -1.2251e-11 -1.3693e-11 -1.5134e-11 -1.6576e-11 
# Horizontal Final Position [m]
START
            -0000.00500 -0000.00400 -0000.00300 -0000.00200 -0000.00100 +0000.00000 +0000.00100 +0000.00200 +0000.00300 +0000.00400 +0000.00500 
+0000.00400 -4.9962e-03 -3.9962e-03 -2.9962e-03 -1.9962e-03 -9.9618e-04 +1.8055e-07 +1.0000e-03 +2.0000e-03 +3.0000e-03 +4.0000e-03 +5.0000e-03 
+0000.00300 -4.9962e-03 -3.9962e-03 -2.9962e-03 -1.9962e-03 -9.9618e-04 +3.8408e-06 +1.0038e-03 +2.0038e-03 +3.0038e-03 +4.0038e-03 +5.0038e-03 
+0000.00200 -4.9962e-03 -3.9962e-03 -2.9962e-03 -1.9962e-03 -9.9619e-04 +3.8399e-06 +1.0038e-03 +2.0038e-03 +3.0038e-03 +4.0038e-03 +5.0038e-03 
+0000.00100 -4.9962e-03 -3.9962e-03 -2.9962e-03 -1.9962e-03 -9.9619e-04 +3.8389e-06 +1.0038e-03 +2.0038e-03 +3.0038e-03 +4.0038e-03 +5.0038e-03 
+0000.00000 -4.9962e-03 -3.9962e-03 -2.9962e-03 -1.9962e-03 -9.9620e-04 +3.8377e-06 +1.0038e-03 +2.0038e-03 +3.0038e-03 +4.0038e-03 +5.0038e-03 
-0000.00100 -4.9962e-03 -3.9962e-03 -2.9962e-03 -1.9962e-03 -9.9619e-04 +3.8389e-06 +1.0038e-03 +2.0038e-03 +3.0038e-03 +4.0038e-03 +5.0038e-03 
-0000.00200 -4.9962e-03 -3.9962e-03 -2.9962e-03 -1.9962e-03 -9.9619e-04 +3.8399e-06 +1.0038e-03 +2.0038e-03 +3.0038e-03 +4.0038e-03 +5.0038e-03 
-0000.00300 -4.9962e-03 -3.9962e-03 -2.9962e-03 -1.9962e-03 -9.9618e-04 +3.8408e-06 +1.0038e-03 +2.0038e-03 +3.0038e-03 +4.0038e-03 +5.0038e-03 
-0000.00400 -4.9962e-03 -3.9962e-03 -2.9962e-03 -1.9962e-03 -9.9618e-04 +2.2639e-07 +1.0000e-03 +2.0000e-03 +3.0000e-03 +4.0000e-03 +5.0000e-03 
# Vertical Final Position [m]
START
            -0000.00500 -0000.00400 -0000.00300 -0000.00200 -0000.00100 +0000.00000 +0000.00100 +0000.00200 +0000.00300 +0000.00400 +0000.00500 
+0000.00400 +3.9934e-03 +3.9934e-03 +3.9934e-03 +3.9934e-03 +3.9934e-03 +4.0000e-03 +4.0000e-03 +4.0000e-03 +4.0000e-03 +4.0000e-03 +4.0000e-03 
+0000.00300 +2.9952e-03 +2.9952e-03 +2.9952e-03 +2.9952e-03 +2.9952e-03 +2.9952e-03 +2.9952e-03 +2.9952e-03 +2.9952e-03 +2.9952e-03 +2.9952e-03 
+0000.00200 +1.9969e-03 +1.9969e-03 +1.9969e-03 +1.9969e-03 +1.9969e-03 +1.9969e-03 +1.9969e-03 +1.9969e-03 +1.9969e-03 +1.9969e-03 +1.9969e-03 
+0000.00100 +9.9848e-04 +9.9848e-04 +9.9848e-04 +9.9848e-04 +9.9848e-04 +9.9848e-04 +9.9848e-04 +9.9849e-04 +9.9849e-04 +9.9849e-04 +9.9849e-04 
+0000.00000 +8.0474e-14 +7.5288e-14 +7.0103e-14 +6.4917e-14 +5.9731e-14 +5.4542e-14 +5.3622e-14 +5.2701e-14 +5.1781e-14 +5.0861e-14 +4.9940e-14 
-0000.00100 -9.9848e-04 -9.9848e-04 -9.9848e-04 -9.9848e-04 -9.9848e-04 -9.9848e-04 -9.9848e-04 -9.9849e-04 -9.9849e-04 -9.9849e-04 -9.9849e-04 
-0000.00200 -1.9969e-03 -1.9969e-03 -1.9969e-03 -1.9969e-03 -1.9969e-03 -1.9969e-03 -1.9969e-03 -1.9969e-03 -1.9969e-03 -1.9969e-03 -1.9969e-03 
-0000.00300 -2.9952e-03 -2.9952e-03 -2.9952e-03 -2.9952e-03 -2.9952e-03 -2.9952e-03 -2.9952e-03 -2.9952e-03 -2.9952e-03 -2.9952e-03 -2.9952e-03 
-0000.00400 -3.9934e-03 -3.9934e-03 -3.9934e-03 -3.9934e-03 -3.9934e-03 -4.0000e-03 -4.0000e-03 -4.0000e-03 -4.0000e-03 -4.0000e-03 -4.0000e-03 