# Author: FAC idanalysis.IDKickMap
# Termination_kicks [T2m2]: +1.3960e-04 -5.1594e-12 -1.3815e-04 +4.3550e-12 
# Total Length of Longitudinal Interval [m]
2.773
# Number of Horizontal Points
10
# Number of Vertical Points
8
# Total Horizontal 2nd Order Kick [T2m2]
START
            -0000.00500 -0000.00400 -0000.00300 -0000.00200 -0000.00100 +0000.00000 +0000.00100 +0000.00200 +0000.00300 +0000.00400 
+0000.00300 -2.4311e-06 -2.3827e-06 -2.3341e-06 -2.2855e-06 -2.2367e-06 -1.1354e-06 -1.0648e-06 -1.0773e-06 -1.0898e-06 -1.1025e-06 
+0000.00200 -2.4978e-06 -2.4780e-06 -2.4580e-06 -2.4380e-06 -2.4180e-06 -1.0439e-06 -9.5893e-07 -9.7861e-07 -9.9836e-07 -1.0182e-06 
+0000.00100 -2.6130e-06 -2.6099e-06 -2.6068e-06 -2.6036e-06 -2.6004e-06 -9.5972e-07 -8.5184e-07 -8.6691e-07 -8.8201e-07 -8.9714e-07 
+0000.00000 -2.7766e-06 -2.7784e-06 -2.7803e-06 -2.7821e-06 -2.7840e-06 -8.8302e-07 -7.4354e-07 -7.4217e-07 -7.4080e-07 -7.3944e-07 
-0000.00100 -2.6130e-06 -2.6099e-06 -2.6068e-06 -2.6036e-06 -2.6004e-06 -9.5972e-07 -8.5183e-07 -8.6691e-07 -8.8201e-07 -8.9714e-07 
-0000.00200 -2.4978e-06 -2.4780e-06 -2.4580e-06 -2.4380e-06 -2.4180e-06 -1.0439e-06 -9.5892e-07 -9.7861e-07 -9.9836e-07 -1.0182e-06 
-0000.00300 -2.4311e-06 -2.3827e-06 -2.3341e-06 -2.2854e-06 -2.2367e-06 -1.1354e-06 -1.0648e-06 -1.0773e-06 -1.0898e-06 -1.1025e-06 
-0000.00400 -2.4128e-06 -2.3240e-06 -2.2350e-06 -2.1458e-06 -2.0566e-06 +4.3977e-06 -1.4431e-06 -1.4431e-06 -1.4431e-06 -1.4431e-06 
# Total Vertical 2nd Order Kick [T2m2]
START
            -0000.00500 -0000.00400 -0000.00300 -0000.00200 -0000.00100 +0000.00000 +0000.00100 +0000.00200 +0000.00300 +0000.00400 
+0000.00300 -2.6858e-04 -2.6865e-04 -2.6871e-04 -2.6877e-04 -2.6883e-04 -2.6889e-04 -2.6883e-04 -2.6877e-04 -2.6871e-04 -2.6865e-04 
+0000.00200 -1.7377e-04 -1.7382e-04 -1.7387e-04 -1.7391e-04 -1.7396e-04 -1.7400e-04 -1.7396e-04 -1.7391e-04 -1.7387e-04 -1.7382e-04 
+0000.00100 -8.4246e-05 -8.4271e-05 -8.4296e-05 -8.4321e-05 -8.4347e-05 -8.4372e-05 -8.4347e-05 -8.4321e-05 -8.4296e-05 -8.4271e-05 
+0000.00000 -4.7713e-12 -3.5499e-12 -2.3284e-12 -1.1070e-12 +1.1435e-13 +1.3385e-12 +3.1922e-12 +5.0459e-12 +6.8996e-12 +8.7533e-12 
-0000.00100 +8.4246e-05 +8.4271e-05 +8.4296e-05 +8.4321e-05 +8.4347e-05 +8.4372e-05 +8.4347e-05 +8.4321e-05 +8.4296e-05 +8.4271e-05 
-0000.00200 +1.7377e-04 +1.7382e-04 +1.7387e-04 +1.7391e-04 +1.7396e-04 +1.7400e-04 +1.7396e-04 +1.7391e-04 +1.7387e-04 +1.7382e-04 
-0000.00300 +2.6858e-04 +2.6865e-04 +2.6871e-04 +2.6877e-04 +2.6883e-04 +2.6889e-04 +2.6883e-04 +2.6877e-04 +2.6871e-04 +2.6865e-04 
-0000.00400 +3.6868e-04 +3.6875e-04 +3.6882e-04 +3.6889e-04 +3.6897e-04 +7.8878e-13 -6.3729e-13 -2.0790e-12 -3.5207e-12 -4.9625e-12 
# Horizontal Final Position [m]
START
            -0000.00500 -0000.00400 -0000.00300 -0000.00200 -0000.00100 +0000.00000 +0000.00100 +0000.00200 +0000.00300 +0000.00400 
+0000.00300 -4.9962e-03 -3.9962e-03 -2.9962e-03 -1.9962e-03 -9.9618e-04 +3.8408e-06 +1.0038e-03 +2.0038e-03 +3.0038e-03 +4.0038e-03 
+0000.00200 -4.9962e-03 -3.9962e-03 -2.9962e-03 -1.9962e-03 -9.9619e-04 +3.8399e-06 +1.0038e-03 +2.0038e-03 +3.0038e-03 +4.0038e-03 
+0000.00100 -4.9962e-03 -3.9962e-03 -2.9962e-03 -1.9962e-03 -9.9619e-04 +3.8389e-06 +1.0038e-03 +2.0038e-03 +3.0038e-03 +4.0038e-03 
+0000.00000 -4.9962e-03 -3.9962e-03 -2.9962e-03 -1.9962e-03 -9.9620e-04 +3.8377e-06 +1.0038e-03 +2.0038e-03 +3.0038e-03 +4.0038e-03 
-0000.00100 -4.9962e-03 -3.9962e-03 -2.9962e-03 -1.9962e-03 -9.9619e-04 +3.8389e-06 +1.0038e-03 +2.0038e-03 +3.0038e-03 +4.0038e-03 
-0000.00200 -4.9962e-03 -3.9962e-03 -2.9962e-03 -1.9962e-03 -9.9619e-04 +3.8399e-06 +1.0038e-03 +2.0038e-03 +3.0038e-03 +4.0038e-03 
-0000.00300 -4.9962e-03 -3.9962e-03 -2.9962e-03 -1.9962e-03 -9.9618e-04 +3.8408e-06 +1.0038e-03 +2.0038e-03 +3.0038e-03 +4.0038e-03 
-0000.00400 -4.9962e-03 -3.9962e-03 -2.9962e-03 -1.9962e-03 -9.9618e-04 +2.0203e-07 +1.0000e-03 +2.0000e-03 +3.0000e-03 +4.0000e-03 
# Vertical Final Position [m]
START
            -0000.00500 -0000.00400 -0000.00300 -0000.00200 -0000.00100 +0000.00000 +0000.00100 +0000.00200 +0000.00300 +0000.00400 
+0000.00300 +2.9952e-03 +2.9952e-03 +2.9952e-03 +2.9952e-03 +2.9952e-03 +2.9952e-03 +2.9952e-03 +2.9952e-03 +2.9952e-03 +2.9952e-03 
+0000.00200 +1.9969e-03 +1.9969e-03 +1.9969e-03 +1.9969e-03 +1.9969e-03 +1.9969e-03 +1.9969e-03 +1.9969e-03 +1.9969e-03 +1.9969e-03 
+0000.00100 +9.9848e-04 +9.9848e-04 +9.9848e-04 +9.9848e-04 +9.9848e-04 +9.9848e-04 +9.9848e-04 +9.9849e-04 +9.9849e-04 +9.9849e-04 
+0000.00000 -2.2976e-13 -2.0437e-13 -1.7899e-13 -1.5360e-13 -1.2821e-13 -1.0283e-13 -7.4209e-14 -4.5590e-14 -1.6972e-14 +1.1647e-14 
-0000.00100 -9.9848e-04 -9.9848e-04 -9.9848e-04 -9.9848e-04 -9.9848e-04 -9.9848e-04 -9.9848e-04 -9.9849e-04 -9.9849e-04 -9.9849e-04 
-0000.00200 -1.9969e-03 -1.9969e-03 -1.9969e-03 -1.9969e-03 -1.9969e-03 -1.9969e-03 -1.9969e-03 -1.9969e-03 -1.9969e-03 -1.9969e-03 
-0000.00300 -2.9952e-03 -2.9952e-03 -2.9952e-03 -2.9952e-03 -2.9952e-03 -2.9952e-03 -2.9952e-03 -2.9952e-03 -2.9952e-03 -2.9952e-03 
-0000.00400 -3.9934e-03 -3.9934e-03 -3.9934e-03 -3.9934e-03 -3.9934e-03 -4.0000e-03 -4.0000e-03 -4.0000e-03 -4.0000e-03 -4.0000e-03 