# Author: FAC idanalysis.IDKickMap
# Termination_kicks [T2m2]: +1.5160e-04 -5.0474e-12 -1.4994e-04 +1.0844e-11 
# Total Length of Longitudinal Interval [m]
2.773
# Number of Horizontal Points
11
# Number of Vertical Points
9
# Total Horizontal 2nd Order Kick [T2m2]
START
            -0000.00500 -0000.00400 -0000.00300 -0000.00200 -0000.00100 +0000.00000 +0000.00100 +0000.00200 +0000.00300 +0000.00400 +0000.00500 
+0000.00400 +1.6793e-06 +1.7939e-06 +1.9085e-06 +2.0232e-06 +2.1378e-06 +3.6336e-06 -1.6580e-06 -1.6580e-06 -1.6580e-06 -1.6580e-06 -1.6580e-06 
+0000.00300 +7.8784e-07 +8.8587e-07 +9.8391e-07 +1.0820e-06 +1.1800e-06 -3.6113e-06 -4.3833e-06 -4.4803e-06 -4.5774e-06 -4.6745e-06 -4.7716e-06 
+0000.00200 -5.9381e-08 +2.2750e-08 +1.0489e-07 +1.8703e-07 +2.6919e-07 -3.0093e-06 -3.5427e-06 -3.6255e-06 -3.7084e-06 -3.7913e-06 -3.8741e-06 
+0000.00100 -8.6231e-07 -7.9542e-07 -7.2852e-07 -6.6161e-07 -5.9470e-07 -2.4304e-06 -2.7490e-06 -2.8170e-06 -2.8850e-06 -2.9530e-06 -3.0210e-06 
+0000.00000 -1.6210e-06 -1.5686e-06 -1.5163e-06 -1.4640e-06 -1.4116e-06 -1.8758e-06 -2.0023e-06 -2.0547e-06 -2.1072e-06 -2.1596e-06 -2.2121e-06 
-0000.00100 -8.6231e-07 -7.9542e-07 -7.2852e-07 -6.6161e-07 -5.9471e-07 -2.4304e-06 -2.7490e-06 -2.8170e-06 -2.8850e-06 -2.9530e-06 -3.0210e-06 
-0000.00200 -5.9384e-08 +2.2746e-08 +1.0488e-07 +1.8703e-07 +2.6919e-07 -3.0093e-06 -3.5427e-06 -3.6255e-06 -3.7084e-06 -3.7913e-06 -3.8741e-06 
-0000.00300 +7.8783e-07 +8.8586e-07 +9.8390e-07 +1.0820e-06 +1.1800e-06 -3.6113e-06 -4.3833e-06 -4.4803e-06 -4.5774e-06 -4.6745e-06 -4.7716e-06 
-0000.00400 +1.6793e-06 +1.7939e-06 +1.9085e-06 +2.0231e-06 +2.1378e-06 +4.2954e-06 -1.6580e-06 -1.6580e-06 -1.6580e-06 -1.6580e-06 -1.6580e-06 
# Total Vertical 2nd Order Kick [T2m2]
START
            -0000.00500 -0000.00400 -0000.00300 -0000.00200 -0000.00100 +0000.00000 +0000.00100 +0000.00200 +0000.00300 +0000.00400 +0000.00500 
+0000.00400 -8.6437e-04 -8.6405e-04 -8.6374e-04 -8.6343e-04 -8.6312e-04 -5.7803e-12 -4.5632e-12 -3.3299e-12 -2.0966e-12 -8.6328e-13 +3.7001e-13 
+0000.00300 -6.2973e-04 -6.2954e-04 -6.2934e-04 -6.2915e-04 -6.2895e-04 -6.2876e-04 -6.2895e-04 -6.2915e-04 -6.2934e-04 -6.2954e-04 -6.2973e-04 
+0000.00200 -4.0746e-04 -4.0735e-04 -4.0725e-04 -4.0715e-04 -4.0704e-04 -4.0694e-04 -4.0704e-04 -4.0715e-04 -4.0725e-04 -4.0735e-04 -4.0746e-04 
+0000.00100 -1.9755e-04 -1.9751e-04 -1.9747e-04 -1.9743e-04 -1.9739e-04 -1.9735e-04 -1.9739e-04 -1.9743e-04 -1.9747e-04 -1.9751e-04 -1.9755e-04 
+0000.00000 +2.8315e-12 +4.7595e-12 +6.6875e-12 +8.6156e-12 +1.0544e-11 +1.2469e-11 +1.3009e-11 +1.3550e-11 +1.4090e-11 +1.4631e-11 +1.5171e-11 
-0000.00100 +1.9755e-04 +1.9751e-04 +1.9747e-04 +1.9743e-04 +1.9739e-04 +1.9735e-04 +1.9739e-04 +1.9743e-04 +1.9747e-04 +1.9751e-04 +1.9755e-04 
-0000.00200 +4.0746e-04 +4.0735e-04 +4.0725e-04 +4.0715e-04 +4.0704e-04 +4.0694e-04 +4.0704e-04 +4.0715e-04 +4.0725e-04 +4.0735e-04 +4.0746e-04 
-0000.00300 +6.2973e-04 +6.2954e-04 +6.2934e-04 +6.2915e-04 +6.2895e-04 +6.2876e-04 +6.2895e-04 +6.2915e-04 +6.2934e-04 +6.2954e-04 +6.2973e-04 
-0000.00400 +8.6437e-04 +8.6405e-04 +8.6374e-04 +8.6343e-04 +8.6312e-04 -5.8133e-12 -7.0298e-12 -8.2631e-12 -9.4964e-12 -1.0730e-11 -1.1963e-11 
# Horizontal Final Position [m]
START
            -0000.00500 -0000.00400 -0000.00300 -0000.00200 -0000.00100 +0000.00000 +0000.00100 +0000.00200 +0000.00300 +0000.00400 +0000.00500 
+0000.00400 -4.9958e-03 -3.9958e-03 -2.9958e-03 -1.9958e-03 -9.9580e-04 +1.8283e-07 +1.0000e-03 +2.0000e-03 +3.0000e-03 +4.0000e-03 +5.0000e-03 
+0000.00300 -4.9958e-03 -3.9958e-03 -2.9958e-03 -1.9958e-03 -9.9582e-04 +4.1013e-06 +1.0041e-03 +2.0041e-03 +3.0041e-03 +4.0041e-03 +5.0041e-03 
+0000.00200 -4.9958e-03 -3.9958e-03 -2.9958e-03 -1.9958e-03 -9.9583e-04 +4.1108e-06 +1.0041e-03 +2.0041e-03 +3.0041e-03 +4.0041e-03 +5.0041e-03 
+0000.00100 -4.9959e-03 -3.9959e-03 -2.9959e-03 -1.9959e-03 -9.9585e-04 +4.1200e-06 +1.0041e-03 +2.0041e-03 +3.0041e-03 +4.0041e-03 +5.0041e-03 
+0000.00000 -4.9959e-03 -3.9959e-03 -2.9959e-03 -1.9959e-03 -9.9586e-04 +4.1289e-06 +1.0041e-03 +2.0041e-03 +3.0041e-03 +4.0041e-03 +5.0041e-03 
-0000.00100 -4.9959e-03 -3.9959e-03 -2.9959e-03 -1.9959e-03 -9.9585e-04 +4.1200e-06 +1.0041e-03 +2.0041e-03 +3.0041e-03 +4.0041e-03 +5.0041e-03 
-0000.00200 -4.9958e-03 -3.9958e-03 -2.9958e-03 -1.9958e-03 -9.9583e-04 +4.1108e-06 +1.0041e-03 +2.0041e-03 +3.0041e-03 +4.0041e-03 +5.0041e-03 
-0000.00300 -4.9958e-03 -3.9958e-03 -2.9958e-03 -1.9958e-03 -9.9582e-04 +4.1013e-06 +1.0041e-03 +2.0041e-03 +3.0041e-03 +4.0041e-03 +5.0041e-03 
-0000.00400 -4.9958e-03 -3.9958e-03 -2.9958e-03 -1.9958e-03 -9.9580e-04 +2.0531e-07 +1.0000e-03 +2.0000e-03 +3.0000e-03 +4.0000e-03 +5.0000e-03 
# Vertical Final Position [m]
START
            -0000.00500 -0000.00400 -0000.00300 -0000.00200 -0000.00100 +0000.00000 +0000.00100 +0000.00200 +0000.00300 +0000.00400 +0000.00500 
+0000.00400 +3.9845e-03 +3.9845e-03 +3.9845e-03 +3.9845e-03 +3.9845e-03 +4.0000e-03 +4.0000e-03 +4.0000e-03 +4.0000e-03 +4.0000e-03 +4.0000e-03 
+0000.00300 +2.9887e-03 +2.9887e-03 +2.9887e-03 +2.9887e-03 +2.9887e-03 +2.9887e-03 +2.9887e-03 +2.9887e-03 +2.9887e-03 +2.9887e-03 +2.9887e-03 
+0000.00200 +1.9927e-03 +1.9927e-03 +1.9927e-03 +1.9927e-03 +1.9927e-03 +1.9927e-03 +1.9927e-03 +1.9927e-03 +1.9927e-03 +1.9927e-03 +1.9927e-03 
+0000.00100 +9.9645e-04 +9.9645e-04 +9.9645e-04 +9.9645e-04 +9.9645e-04 +9.9645e-04 +9.9645e-04 +9.9645e-04 +9.9645e-04 +9.9645e-04 +9.9645e-04 
+0000.00000 -5.5210e-15 +2.1113e-14 +4.7747e-14 +7.4381e-14 +1.0102e-13 +1.2761e-13 +1.3638e-13 +1.4514e-13 +1.5390e-13 +1.6267e-13 +1.7143e-13 
-0000.00100 -9.9645e-04 -9.9645e-04 -9.9645e-04 -9.9645e-04 -9.9645e-04 -9.9645e-04 -9.9645e-04 -9.9645e-04 -9.9645e-04 -9.9645e-04 -9.9645e-04 
-0000.00200 -1.9927e-03 -1.9927e-03 -1.9927e-03 -1.9927e-03 -1.9927e-03 -1.9927e-03 -1.9927e-03 -1.9927e-03 -1.9927e-03 -1.9927e-03 -1.9927e-03 
-0000.00300 -2.9887e-03 -2.9887e-03 -2.9887e-03 -2.9887e-03 -2.9887e-03 -2.9887e-03 -2.9887e-03 -2.9887e-03 -2.9887e-03 -2.9887e-03 -2.9887e-03 
-0000.00400 -3.9845e-03 -3.9845e-03 -3.9845e-03 -3.9845e-03 -3.9845e-03 -4.0000e-03 -4.0000e-03 -4.0000e-03 -4.0000e-03 -4.0000e-03 -4.0000e-03 