# Author: FAC idanalysis.IDKickMap
# Termination_kicks [T2m2]: +1.4520e-04 -3.3678e-12 -1.4376e-04 -7.3486e-12 
# Total Length of Longitudinal Interval [m]
2.773
# Number of Horizontal Points
11
# Number of Vertical Points
9
# Total Horizontal 2nd Order Kick [T2m2]
START
            -0000.00500 -0000.00400 -0000.00300 -0000.00200 -0000.00100 +0000.00000 +0000.00100 +0000.00200 +0000.00300 +0000.00400 +0000.00500 
+0000.00400 -1.3318e-06 -1.2357e-06 -1.1395e-06 -1.0432e-06 -9.4671e-07 +4.6819e-06 -1.4330e-06 -1.4330e-06 -1.4330e-06 -1.4330e-06 -1.4330e-06 
+0000.00300 -1.6140e-06 -1.5491e-06 -1.4841e-06 -1.4190e-06 -1.3538e-06 -1.7361e-06 -1.8284e-06 -1.8632e-06 -1.8981e-06 -1.9330e-06 -1.9681e-06 
+0000.00200 -1.9242e-06 -1.8806e-06 -1.8370e-06 -1.7933e-06 -1.7496e-06 -1.5011e-06 -1.5330e-06 -1.5762e-06 -1.6196e-06 -1.6629e-06 -1.7064e-06 
+0000.00100 -2.2625e-06 -2.2304e-06 -2.1983e-06 -2.1662e-06 -2.1340e-06 -1.2787e-06 -1.2488e-06 -1.2907e-06 -1.3326e-06 -1.3746e-06 -1.4166e-06 
+0000.00000 -2.6289e-06 -2.5985e-06 -2.5681e-06 -2.5376e-06 -2.5072e-06 -1.0694e-06 -9.7586e-07 -1.0066e-06 -1.0372e-06 -1.0679e-06 -1.0986e-06 
-0000.00100 -2.2625e-06 -2.2304e-06 -2.1983e-06 -2.1662e-06 -2.1340e-06 -1.2787e-06 -1.2488e-06 -1.2907e-06 -1.3326e-06 -1.3746e-06 -1.4166e-06 
-0000.00200 -1.9242e-06 -1.8806e-06 -1.8370e-06 -1.7933e-06 -1.7496e-06 -1.5011e-06 -1.5330e-06 -1.5762e-06 -1.6196e-06 -1.6630e-06 -1.7064e-06 
-0000.00300 -1.6140e-06 -1.5491e-06 -1.4841e-06 -1.4190e-06 -1.3538e-06 -1.7361e-06 -1.8284e-06 -1.8632e-06 -1.8981e-06 -1.9330e-06 -1.9681e-06 
-0000.00400 -1.3318e-06 -1.2357e-06 -1.1395e-06 -1.0432e-06 -9.4671e-07 +4.0106e-06 -1.4330e-06 -1.4330e-06 -1.4330e-06 -1.4330e-06 -1.4330e-06 
# Total Vertical 2nd Order Kick [T2m2]
START
            -0000.00500 -0000.00400 -0000.00300 -0000.00200 -0000.00100 +0000.00000 +0000.00100 +0000.00200 +0000.00300 +0000.00400 +0000.00500 
+0000.00400 -5.5064e-04 -5.5062e-04 -5.5060e-04 -5.5058e-04 -5.5056e-04 +1.0734e-11 +1.2060e-11 +1.3404e-11 +1.4748e-11 +1.6092e-11 +1.7436e-11 
+0000.00300 -4.0115e-04 -4.0115e-04 -4.0115e-04 -4.0116e-04 -4.0116e-04 -4.0116e-04 -4.0116e-04 -4.0116e-04 -4.0115e-04 -4.0115e-04 -4.0115e-04 
+0000.00200 -2.5955e-04 -2.5956e-04 -2.5957e-04 -2.5959e-04 -2.5960e-04 -2.5961e-04 -2.5960e-04 -2.5959e-04 -2.5957e-04 -2.5956e-04 -2.5955e-04 
+0000.00100 -1.2583e-04 -1.2584e-04 -1.2586e-04 -1.2587e-04 -1.2588e-04 -1.2589e-04 -1.2588e-04 -1.2587e-04 -1.2586e-04 -1.2584e-04 -1.2583e-04 
+0000.00000 +1.6530e-11 +1.5784e-11 +1.5037e-11 +1.4290e-11 +1.3543e-11 +1.2802e-11 +1.2907e-11 +1.3013e-11 +1.3119e-11 +1.3225e-11 +1.3330e-11 
-0000.00100 +1.2583e-04 +1.2584e-04 +1.2586e-04 +1.2587e-04 +1.2588e-04 +1.2589e-04 +1.2588e-04 +1.2587e-04 +1.2586e-04 +1.2584e-04 +1.2583e-04 
-0000.00200 +2.5955e-04 +2.5956e-04 +2.5957e-04 +2.5959e-04 +2.5960e-04 +2.5961e-04 +2.5960e-04 +2.5959e-04 +2.5957e-04 +2.5956e-04 +2.5955e-04 
-0000.00300 +4.0115e-04 +4.0115e-04 +4.0115e-04 +4.0116e-04 +4.0116e-04 +4.0116e-04 +4.0116e-04 +4.0116e-04 +4.0115e-04 +4.0115e-04 +4.0115e-04 
-0000.00400 +5.5064e-04 +5.5062e-04 +5.5060e-04 +5.5058e-04 +5.5056e-04 +1.0700e-11 +9.3725e-12 +8.0286e-12 +6.6846e-12 +5.3407e-12 +3.9967e-12 
# Horizontal Final Position [m]
START
            -0000.00500 -0000.00400 -0000.00300 -0000.00200 -0000.00100 +0000.00000 +0000.00100 +0000.00200 +0000.00300 +0000.00400 +0000.00500 
+0000.00400 -4.9960e-03 -3.9960e-03 -2.9960e-03 -1.9960e-03 -9.9602e-04 +2.1110e-07 +1.0000e-03 +2.0000e-03 +3.0000e-03 +4.0000e-03 +5.0000e-03 
+0000.00300 -4.9960e-03 -3.9960e-03 -2.9960e-03 -1.9960e-03 -9.9603e-04 +3.9680e-06 +1.0040e-03 +2.0040e-03 +3.0040e-03 +4.0040e-03 +5.0040e-03 
+0000.00200 -4.9960e-03 -3.9960e-03 -2.9960e-03 -1.9960e-03 -9.9603e-04 +3.9716e-06 +1.0040e-03 +2.0040e-03 +3.0040e-03 +4.0040e-03 +5.0040e-03 
+0000.00100 -4.9961e-03 -3.9961e-03 -2.9960e-03 -1.9960e-03 -9.9604e-04 +3.9750e-06 +1.0040e-03 +2.0040e-03 +3.0040e-03 +4.0040e-03 +5.0040e-03 
+0000.00000 -4.9961e-03 -3.9961e-03 -2.9961e-03 -1.9961e-03 -9.9605e-04 +3.9782e-06 +1.0040e-03 +2.0040e-03 +3.0040e-03 +4.0040e-03 +5.0040e-03 
-0000.00100 -4.9961e-03 -3.9961e-03 -2.9960e-03 -1.9960e-03 -9.9604e-04 +3.9750e-06 +1.0040e-03 +2.0040e-03 +3.0040e-03 +4.0040e-03 +5.0040e-03 
-0000.00200 -4.9960e-03 -3.9960e-03 -2.9960e-03 -1.9960e-03 -9.9603e-04 +3.9716e-06 +1.0040e-03 +2.0040e-03 +3.0040e-03 +4.0040e-03 +5.0040e-03 
-0000.00300 -4.9960e-03 -3.9960e-03 -2.9960e-03 -1.9960e-03 -9.9603e-04 +3.9680e-06 +1.0040e-03 +2.0040e-03 +3.0040e-03 +4.0040e-03 +5.0040e-03 
-0000.00400 -4.9960e-03 -3.9960e-03 -2.9960e-03 -1.9960e-03 -9.9602e-04 +1.8827e-07 +1.0000e-03 +2.0000e-03 +3.0000e-03 +4.0000e-03 +5.0000e-03 
# Vertical Final Position [m]
START
            -0000.00500 -0000.00400 -0000.00300 -0000.00200 -0000.00100 +0000.00000 +0000.00100 +0000.00200 +0000.00300 +0000.00400 +0000.00500 
+0000.00400 +3.9901e-03 +3.9901e-03 +3.9901e-03 +3.9901e-03 +3.9901e-03 +4.0000e-03 +4.0000e-03 +4.0000e-03 +4.0000e-03 +4.0000e-03 +4.0000e-03 
+0000.00300 +2.9928e-03 +2.9928e-03 +2.9928e-03 +2.9928e-03 +2.9928e-03 +2.9928e-03 +2.9928e-03 +2.9928e-03 +2.9928e-03 +2.9928e-03 +2.9928e-03 
+0000.00200 +1.9953e-03 +1.9953e-03 +1.9953e-03 +1.9953e-03 +1.9953e-03 +1.9953e-03 +1.9953e-03 +1.9953e-03 +1.9953e-03 +1.9953e-03 +1.9953e-03 
+0000.00100 +9.9773e-04 +9.9773e-04 +9.9774e-04 +9.9774e-04 +9.9774e-04 +9.9774e-04 +9.9774e-04 +9.9774e-04 +9.9774e-04 +9.9774e-04 +9.9774e-04 
+0000.00000 +9.5731e-14 +9.8967e-14 +1.0220e-13 +1.0544e-13 +1.0868e-13 +1.1193e-13 +1.1221e-13 +1.1249e-13 +1.1278e-13 +1.1306e-13 +1.1334e-13 
-0000.00100 -9.9773e-04 -9.9773e-04 -9.9774e-04 -9.9774e-04 -9.9774e-04 -9.9774e-04 -9.9774e-04 -9.9774e-04 -9.9774e-04 -9.9774e-04 -9.9774e-04 
-0000.00200 -1.9953e-03 -1.9953e-03 -1.9953e-03 -1.9953e-03 -1.9953e-03 -1.9953e-03 -1.9953e-03 -1.9953e-03 -1.9953e-03 -1.9953e-03 -1.9953e-03 
-0000.00300 -2.9928e-03 -2.9928e-03 -2.9928e-03 -2.9928e-03 -2.9928e-03 -2.9928e-03 -2.9928e-03 -2.9928e-03 -2.9928e-03 -2.9928e-03 -2.9928e-03 
-0000.00400 -3.9901e-03 -3.9901e-03 -3.9901e-03 -3.9901e-03 -3.9901e-03 -4.0000e-03 -4.0000e-03 -4.0000e-03 -4.0000e-03 -4.0000e-03 -4.0000e-03 