# Author: FAC idanalysis.IDKickMap
# Termination_kicks [T2m2]: -7.0579e-04 +9.4417e-04 +2.3000e-04 +7.1763e-04 
# Total Length of Longitudinal Interval [m]
2.77
# Number of Horizontal Points
37
# Number of Vertical Points
3
# Total Horizontal 2nd Order Kick [T2m2]
START
            -0000.01800 -0000.01700 -0000.01600 -0000.01500 -0000.01400 -0000.01300 -0000.01200 -0000.01100 -0000.01000 -0000.00900 -0000.00800 -0000.00700 -0000.00600 -0000.00500 -0000.00400 -0000.00300 -0000.00200 -0000.00100 +0000.00000 +0000.00100 +0000.00200 +0000.00300 +0000.00400 +0000.00500 +0000.00600 +0000.00700 +0000.00800 +0000.00900 +0000.01000 +0000.01100 +0000.01200 +0000.01300 +0000.01400 +0000.01500 +0000.01600 +0000.01700 +0000.01800 
+0000.01200 +8.4075e-04 +8.3447e-04 +7.9700e-04 +7.7112e-04 +7.3269e-04 +6.8451e-04 +6.5797e-04 +6.0594e-04 +5.6243e-04 +5.1380e-04 +4.4276e-04 +3.8898e-04 +3.5721e-04 +3.1183e-04 +2.9842e-04 +2.7159e-04 +2.7628e-04 +2.6112e-04 +2.6980e-04 +2.9579e-04 +3.1570e-04 +3.6951e-04 +4.0629e-04 +4.5699e-04 +5.3302e-04 +6.1259e-04 +6.7918e-04 +7.6630e-04 +8.2218e-04 +8.7977e-04 +9.2086e-04 +9.6230e-04 +9.7612e-04 +9.7910e-04 +9.5049e-04 +9.3938e-04 +8.8327e-04 
+0000.00000 +8.4075e-04 +8.3447e-04 +7.9700e-04 +7.7112e-04 +7.3269e-04 +6.8451e-04 +6.5797e-04 +6.0594e-04 +5.6243e-04 +5.1380e-04 +4.4276e-04 +3.8898e-04 +3.5721e-04 +3.1183e-04 +2.9842e-04 +2.7159e-04 +2.7628e-04 +2.6112e-04 +2.6980e-04 +2.9579e-04 +3.1570e-04 +3.6951e-04 +4.0629e-04 +4.5699e-04 +5.3302e-04 +6.1259e-04 +6.7918e-04 +7.6630e-04 +8.2218e-04 +8.7977e-04 +9.2086e-04 +9.6230e-04 +9.7612e-04 +9.7910e-04 +9.5049e-04 +9.3938e-04 +8.8327e-04 
-0000.01200 +8.4075e-04 +8.3447e-04 +7.9700e-04 +7.7112e-04 +7.3269e-04 +6.8451e-04 +6.5797e-04 +6.0594e-04 +5.6243e-04 +5.1380e-04 +4.4276e-04 +3.8898e-04 +3.5721e-04 +3.1183e-04 +2.9842e-04 +2.7159e-04 +2.7628e-04 +2.6112e-04 +2.6980e-04 +2.9579e-04 +3.1570e-04 +3.6951e-04 +4.0629e-04 +4.5699e-04 +5.3302e-04 +6.1259e-04 +6.7918e-04 +7.6630e-04 +8.2218e-04 +8.7977e-04 +9.2086e-04 +9.6230e-04 +9.7612e-04 +9.7910e-04 +9.5049e-04 +9.3938e-04 +8.8327e-04 
# Total Vertical 2nd Order Kick [T2m2]
START
            -0000.01800 -0000.01700 -0000.01600 -0000.01500 -0000.01400 -0000.01300 -0000.01200 -0000.01100 -0000.01000 -0000.00900 -0000.00800 -0000.00700 -0000.00600 -0000.00500 -0000.00400 -0000.00300 -0000.00200 -0000.00100 +0000.00000 +0000.00100 +0000.00200 +0000.00300 +0000.00400 +0000.00500 +0000.00600 +0000.00700 +0000.00800 +0000.00900 +0000.01000 +0000.01100 +0000.01200 +0000.01300 +0000.01400 +0000.01500 +0000.01600 +0000.01700 +0000.01800 
+0000.01200 -1.6734e-03 -1.6471e-03 -1.6227e-03 -1.5846e-03 -1.5310e-03 -1.4588e-03 -1.3762e-03 -1.2531e-03 -1.1034e-03 -9.4581e-04 -7.8245e-04 -6.0701e-04 -4.3934e-04 -2.8301e-04 -1.2688e-04 +1.7524e-05 +1.0733e-04 +1.9000e-04 +2.3582e-04 +2.3540e-04 +1.9809e-04 +1.5279e-04 +6.5996e-05 -2.9130e-05 -1.4645e-04 -2.9702e-04 -4.2344e-04 -5.6308e-04 -7.0901e-04 -8.2937e-04 -9.4604e-04 -1.0642e-03 -1.1548e-03 -1.2395e-03 -1.3152e-03 -1.3788e-03 -1.4072e-03 
+0000.00000 -1.6734e-03 -1.6471e-03 -1.6227e-03 -1.5846e-03 -1.5310e-03 -1.4588e-03 -1.3762e-03 -1.2531e-03 -1.1034e-03 -9.4581e-04 -7.8245e-04 -6.0701e-04 -4.3934e-04 -2.8301e-04 -1.2688e-04 +1.7524e-05 +1.0733e-04 +1.9000e-04 +2.3582e-04 +2.3540e-04 +1.9809e-04 +1.5279e-04 +6.5996e-05 -2.9130e-05 -1.4645e-04 -2.9702e-04 -4.2344e-04 -5.6308e-04 -7.0901e-04 -8.2937e-04 -9.4604e-04 -1.0642e-03 -1.1548e-03 -1.2395e-03 -1.3152e-03 -1.3788e-03 -1.4072e-03 
-0000.01200 -1.6734e-03 -1.6471e-03 -1.6227e-03 -1.5846e-03 -1.5310e-03 -1.4588e-03 -1.3762e-03 -1.2531e-03 -1.1034e-03 -9.4581e-04 -7.8245e-04 -6.0701e-04 -4.3934e-04 -2.8301e-04 -1.2688e-04 +1.7524e-05 +1.0733e-04 +1.9000e-04 +2.3582e-04 +2.3540e-04 +1.9809e-04 +1.5279e-04 +6.5996e-05 -2.9130e-05 -1.4645e-04 -2.9702e-04 -4.2344e-04 -5.6308e-04 -7.0901e-04 -8.2937e-04 -9.4604e-04 -1.0642e-03 -1.1548e-03 -1.2395e-03 -1.3152e-03 -1.3788e-03 -1.4072e-03 
# Horizontal Final Position [m]
START
            -0000.01800 -0000.01700 -0000.01600 -0000.01500 -0000.01400 -0000.01300 -0000.01200 -0000.01100 -0000.01000 -0000.00900 -0000.00800 -0000.00700 -0000.00600 -0000.00500 -0000.00400 -0000.00300 -0000.00200 -0000.00100 +0000.00000 +0000.00100 +0000.00200 +0000.00300 +0000.00400 +0000.00500 +0000.00600 +0000.00700 +0000.00800 +0000.00900 +0000.01000 +0000.01100 +0000.01200 +0000.01300 +0000.01400 +0000.01500 +0000.01600 +0000.01700 +0000.01800 
+0000.01200 -1.8041e-02 -1.7043e-02 -1.6045e-02 -1.5047e-02 -1.4049e-02 -1.3051e-02 -1.2051e-02 -1.1052e-02 -1.0052e-02 -9.0508e-03 -8.0497e-03 -7.0478e-03 -6.0448e-03 -5.0416e-03 -4.0374e-03 -3.0331e-03 -2.0282e-03 -1.0235e-03 -1.8261e-05 +9.8719e-04 +1.9924e-03 +2.9983e-03 +4.0035e-03 +5.0089e-03 +6.0144e-03 +7.0197e-03 +8.0246e-03 +9.0297e-03 +1.0034e-02 +1.1038e-02 +1.2041e-02 +1.3045e-02 +1.4048e-02 +1.5050e-02 +1.6052e-02 +1.7053e-02 +1.8054e-02 
+0000.00000 -1.8041e-02 -1.7043e-02 -1.6045e-02 -1.5047e-02 -1.4049e-02 -1.3051e-02 -1.2051e-02 -1.1052e-02 -1.0052e-02 -9.0508e-03 -8.0497e-03 -7.0478e-03 -6.0448e-03 -5.0416e-03 -4.0374e-03 -3.0331e-03 -2.0282e-03 -1.0235e-03 -1.8261e-05 +9.8719e-04 +1.9924e-03 +2.9983e-03 +4.0035e-03 +5.0089e-03 +6.0144e-03 +7.0197e-03 +8.0246e-03 +9.0297e-03 +1.0034e-02 +1.1038e-02 +1.2041e-02 +1.3045e-02 +1.4048e-02 +1.5050e-02 +1.6052e-02 +1.7053e-02 +1.8054e-02 
-0000.01200 -1.8041e-02 -1.7043e-02 -1.6045e-02 -1.5047e-02 -1.4049e-02 -1.3051e-02 -1.2051e-02 -1.1052e-02 -1.0052e-02 -9.0508e-03 -8.0497e-03 -7.0478e-03 -6.0448e-03 -5.0416e-03 -4.0374e-03 -3.0331e-03 -2.0282e-03 -1.0235e-03 -1.8261e-05 +9.8719e-04 +1.9924e-03 +2.9983e-03 +4.0035e-03 +5.0089e-03 +6.0144e-03 +7.0197e-03 +8.0246e-03 +9.0297e-03 +1.0034e-02 +1.1038e-02 +1.2041e-02 +1.3045e-02 +1.4048e-02 +1.5050e-02 +1.6052e-02 +1.7053e-02 +1.8054e-02 
# Vertical Final Position [m]
START
            -0000.01800 -0000.01700 -0000.01600 -0000.01500 -0000.01400 -0000.01300 -0000.01200 -0000.01100 -0000.01000 -0000.00900 -0000.00800 -0000.00700 -0000.00600 -0000.00500 -0000.00400 -0000.00300 -0000.00200 -0000.00100 +0000.00000 +0000.00100 +0000.00200 +0000.00300 +0000.00400 +0000.00500 +0000.00600 +0000.00700 +0000.00800 +0000.00900 +0000.01000 +0000.01100 +0000.01200 +0000.01300 +0000.01400 +0000.01500 +0000.01600 +0000.01700 +0000.01800 
+0000.01200 +1.1839e-02 +1.1846e-02 +1.1853e-02 +1.1862e-02 +1.1872e-02 +1.1883e-02 +1.1894e-02 +1.1907e-02 +1.1921e-02 +1.1934e-02 +1.1948e-02 +1.1962e-02 +1.1975e-02 +1.1988e-02 +1.2000e-02 +1.2011e-02 +1.2021e-02 +1.2030e-02 +1.2037e-02 +1.2043e-02 +1.2048e-02 +1.2053e-02 +1.2056e-02 +1.2058e-02 +1.2059e-02 +1.2060e-02 +1.2060e-02 +1.2060e-02 +1.2059e-02 +1.2059e-02 +1.2058e-02 +1.2057e-02 +1.2057e-02 +1.2057e-02 +1.2056e-02 +1.2056e-02 +1.2057e-02 
+0000.00000 -1.6080e-04 -1.5423e-04 -1.4676e-04 -1.3816e-04 -1.2831e-04 -1.1743e-04 -1.0582e-04 -9.2985e-05 -7.9348e-05 -6.5538e-05 -5.1724e-05 -3.7975e-05 -2.4694e-05 -1.2043e-05 -1.1600e-07 +1.1224e-05 +2.0729e-05 +2.9586e-05 +3.7204e-05 +4.3248e-05 +4.8257e-05 +5.2569e-05 +5.5523e-05 +5.7867e-05 +5.9292e-05 +5.9709e-05 +6.0095e-05 +5.9872e-05 +5.9265e-05 +5.8881e-05 +5.8176e-05 +5.7381e-05 +5.6994e-05 +5.6661e-05 +5.6368e-05 +5.6249e-05 +5.6867e-05 
-0000.01200 -1.2161e-02 -1.2154e-02 -1.2147e-02 -1.2138e-02 -1.2128e-02 -1.2117e-02 -1.2106e-02 -1.2093e-02 -1.2079e-02 -1.2066e-02 -1.2052e-02 -1.2038e-02 -1.2025e-02 -1.2012e-02 -1.2000e-02 -1.1989e-02 -1.1979e-02 -1.1970e-02 -1.1963e-02 -1.1957e-02 -1.1952e-02 -1.1947e-02 -1.1944e-02 -1.1942e-02 -1.1941e-02 -1.1940e-02 -1.1940e-02 -1.1940e-02 -1.1941e-02 -1.1941e-02 -1.1942e-02 -1.1943e-02 -1.1943e-02 -1.1943e-02 -1.1944e-02 -1.1944e-02 -1.1943e-02 