# Author: FAC idanalysis.IDKickMap
# Termination_kicks [T2m2]: +1.2151e-04 +9.0848e-05 +5.9248e-04 +1.0635e-03 
# Total Length of Longitudinal Interval [m]
2.77
# Number of Horizontal Points
37
# Number of Vertical Points
3
# Total Horizontal 2nd Order Kick [T2m2]
START
            -0000.01800 -0000.01700 -0000.01600 -0000.01500 -0000.01400 -0000.01300 -0000.01200 -0000.01100 -0000.01000 -0000.00900 -0000.00800 -0000.00700 -0000.00600 -0000.00500 -0000.00400 -0000.00300 -0000.00200 -0000.00100 +0000.00000 +0000.00100 +0000.00200 +0000.00300 +0000.00400 +0000.00500 +0000.00600 +0000.00700 +0000.00800 +0000.00900 +0000.01000 +0000.01100 +0000.01200 +0000.01300 +0000.01400 +0000.01500 +0000.01600 +0000.01700 +0000.01800 
+0000.01200 -9.9608e-05 -1.2270e-04 -1.6617e-04 -2.0476e-04 -2.5798e-04 -2.9221e-04 -3.3439e-04 -3.5726e-04 -4.1071e-04 -4.3188e-04 -4.4722e-04 -4.3915e-04 -4.4828e-04 -4.7082e-04 -4.9041e-04 -4.9066e-04 -4.9458e-04 -4.9892e-04 -4.6684e-04 -4.6677e-04 -4.5416e-04 -4.5263e-04 -4.1353e-04 -3.9790e-04 -3.7532e-04 -3.4970e-04 -3.2545e-04 -3.0685e-04 -3.1201e-04 -3.0411e-04 -3.0143e-04 -2.5923e-04 -2.6865e-04 -2.4937e-04 -2.4477e-04 -2.3977e-04 -2.4540e-04 
+0000.00000 -9.9608e-05 -1.2270e-04 -1.6617e-04 -2.0476e-04 -2.5798e-04 -2.9221e-04 -3.3439e-04 -3.5726e-04 -4.1071e-04 -4.3188e-04 -4.4722e-04 -4.3915e-04 -4.4828e-04 -4.7082e-04 -4.9041e-04 -4.9066e-04 -4.9458e-04 -4.9892e-04 -4.6684e-04 -4.6677e-04 -4.5416e-04 -4.5263e-04 -4.1353e-04 -3.9790e-04 -3.7532e-04 -3.4970e-04 -3.2545e-04 -3.0685e-04 -3.1201e-04 -3.0411e-04 -3.0143e-04 -2.5923e-04 -2.6865e-04 -2.4937e-04 -2.4477e-04 -2.3977e-04 -2.4540e-04 
-0000.01200 -9.9608e-05 -1.2270e-04 -1.6617e-04 -2.0476e-04 -2.5798e-04 -2.9221e-04 -3.3439e-04 -3.5726e-04 -4.1071e-04 -4.3188e-04 -4.4722e-04 -4.3915e-04 -4.4828e-04 -4.7082e-04 -4.9041e-04 -4.9066e-04 -4.9458e-04 -4.9892e-04 -4.6684e-04 -4.6677e-04 -4.5416e-04 -4.5263e-04 -4.1353e-04 -3.9790e-04 -3.7532e-04 -3.4970e-04 -3.2545e-04 -3.0685e-04 -3.1201e-04 -3.0411e-04 -3.0143e-04 -2.5923e-04 -2.6865e-04 -2.4937e-04 -2.4477e-04 -2.3977e-04 -2.4540e-04 
# Total Vertical 2nd Order Kick [T2m2]
START
            -0000.01800 -0000.01700 -0000.01600 -0000.01500 -0000.01400 -0000.01300 -0000.01200 -0000.01100 -0000.01000 -0000.00900 -0000.00800 -0000.00700 -0000.00600 -0000.00500 -0000.00400 -0000.00300 -0000.00200 -0000.00100 +0000.00000 +0000.00100 +0000.00200 +0000.00300 +0000.00400 +0000.00500 +0000.00600 +0000.00700 +0000.00800 +0000.00900 +0000.01000 +0000.01100 +0000.01200 +0000.01300 +0000.01400 +0000.01500 +0000.01600 +0000.01700 +0000.01800 
+0000.01200 -1.2557e-03 -1.2095e-03 -1.1633e-03 -1.0892e-03 -1.0403e-03 -9.7907e-04 -9.2313e-04 -8.7223e-04 -7.9792e-04 -7.5239e-04 -7.0313e-04 -6.5460e-04 -5.8274e-04 -5.4807e-04 -4.8980e-04 -4.3269e-04 -4.0296e-04 -3.7218e-04 -3.4919e-04 -3.3146e-04 -3.2140e-04 -3.1368e-04 -3.1460e-04 -3.1300e-04 -3.2863e-04 -3.3531e-04 -3.4366e-04 -3.6846e-04 -3.7757e-04 -4.1178e-04 -4.2472e-04 -4.2324e-04 -4.3525e-04 -4.3973e-04 -4.3645e-04 -4.3997e-04 -4.2509e-04 
+0000.00000 -1.2557e-03 -1.2095e-03 -1.1633e-03 -1.0892e-03 -1.0403e-03 -9.7907e-04 -9.2313e-04 -8.7223e-04 -7.9792e-04 -7.5239e-04 -7.0313e-04 -6.5460e-04 -5.8274e-04 -5.4807e-04 -4.8980e-04 -4.3269e-04 -4.0296e-04 -3.7218e-04 -3.4919e-04 -3.3146e-04 -3.2140e-04 -3.1368e-04 -3.1460e-04 -3.1300e-04 -3.2863e-04 -3.3531e-04 -3.4366e-04 -3.6846e-04 -3.7757e-04 -4.1178e-04 -4.2472e-04 -4.2324e-04 -4.3525e-04 -4.3973e-04 -4.3645e-04 -4.3997e-04 -4.2509e-04 
-0000.01200 -1.2557e-03 -1.2095e-03 -1.1633e-03 -1.0892e-03 -1.0403e-03 -9.7907e-04 -9.2313e-04 -8.7223e-04 -7.9792e-04 -7.5239e-04 -7.0313e-04 -6.5460e-04 -5.8274e-04 -5.4807e-04 -4.8980e-04 -4.3269e-04 -4.0296e-04 -3.7218e-04 -3.4919e-04 -3.3146e-04 -3.2140e-04 -3.1368e-04 -3.1460e-04 -3.1300e-04 -3.2863e-04 -3.3531e-04 -3.4366e-04 -3.6846e-04 -3.7757e-04 -4.1178e-04 -4.2472e-04 -4.2324e-04 -4.3525e-04 -4.3973e-04 -4.3645e-04 -4.3997e-04 -4.2509e-04 
# Horizontal Final Position [m]
START
            -0000.01800 -0000.01700 -0000.01600 -0000.01500 -0000.01400 -0000.01300 -0000.01200 -0000.01100 -0000.01000 -0000.00900 -0000.00800 -0000.00700 -0000.00600 -0000.00500 -0000.00400 -0000.00300 -0000.00200 -0000.00100 +0000.00000 +0000.00100 +0000.00200 +0000.00300 +0000.00400 +0000.00500 +0000.00600 +0000.00700 +0000.00800 +0000.00900 +0000.01000 +0000.01100 +0000.01200 +0000.01300 +0000.01400 +0000.01500 +0000.01600 +0000.01700 +0000.01800 
+0000.01200 -1.8015e-02 -1.7016e-02 -1.6017e-02 -1.5017e-02 -1.4018e-02 -1.3019e-02 -1.2019e-02 -1.1019e-02 -1.0019e-02 -9.0183e-03 -8.0173e-03 -7.0158e-03 -6.0144e-03 -5.0131e-03 -4.0116e-03 -3.0096e-03 -2.0075e-03 -1.0055e-03 -2.7183e-06 +9.9962e-04 +2.0022e-03 +3.0046e-03 +4.0076e-03 +5.0102e-03 +6.0130e-03 +7.0156e-03 +8.0183e-03 +9.0207e-03 +1.0023e-02 +1.1025e-02 +1.2027e-02 +1.3029e-02 +1.4031e-02 +1.5033e-02 +1.6035e-02 +1.7036e-02 +1.8038e-02 
+0000.00000 -1.8015e-02 -1.7016e-02 -1.6017e-02 -1.5017e-02 -1.4018e-02 -1.3019e-02 -1.2019e-02 -1.1019e-02 -1.0019e-02 -9.0183e-03 -8.0173e-03 -7.0158e-03 -6.0144e-03 -5.0131e-03 -4.0116e-03 -3.0096e-03 -2.0075e-03 -1.0055e-03 -2.7183e-06 +9.9962e-04 +2.0022e-03 +3.0046e-03 +4.0076e-03 +5.0102e-03 +6.0130e-03 +7.0156e-03 +8.0183e-03 +9.0207e-03 +1.0023e-02 +1.1025e-02 +1.2027e-02 +1.3029e-02 +1.4031e-02 +1.5033e-02 +1.6035e-02 +1.7036e-02 +1.8038e-02 
-0000.01200 -1.8015e-02 -1.7016e-02 -1.6017e-02 -1.5017e-02 -1.4018e-02 -1.3019e-02 -1.2019e-02 -1.1019e-02 -1.0019e-02 -9.0183e-03 -8.0173e-03 -7.0158e-03 -6.0144e-03 -5.0131e-03 -4.0116e-03 -3.0096e-03 -2.0075e-03 -1.0055e-03 -2.7183e-06 +9.9962e-04 +2.0022e-03 +3.0046e-03 +4.0076e-03 +5.0102e-03 +6.0130e-03 +7.0156e-03 +8.0183e-03 +9.0207e-03 +1.0023e-02 +1.1025e-02 +1.2027e-02 +1.3029e-02 +1.4031e-02 +1.5033e-02 +1.6035e-02 +1.7036e-02 +1.8038e-02 
# Vertical Final Position [m]
START
            -0000.01800 -0000.01700 -0000.01600 -0000.01500 -0000.01400 -0000.01300 -0000.01200 -0000.01100 -0000.01000 -0000.00900 -0000.00800 -0000.00700 -0000.00600 -0000.00500 -0000.00400 -0000.00300 -0000.00200 -0000.00100 +0000.00000 +0000.00100 +0000.00200 +0000.00300 +0000.00400 +0000.00500 +0000.00600 +0000.00700 +0000.00800 +0000.00900 +0000.01000 +0000.01100 +0000.01200 +0000.01300 +0000.01400 +0000.01500 +0000.01600 +0000.01700 +0000.01800 
+0000.01200 +1.1902e-02 +1.1906e-02 +1.1910e-02 +1.1915e-02 +1.1920e-02 +1.1926e-02 +1.1932e-02 +1.1937e-02 +1.1944e-02 +1.1949e-02 +1.1955e-02 +1.1961e-02 +1.1968e-02 +1.1973e-02 +1.1979e-02 +1.1985e-02 +1.1990e-02 +1.1995e-02 +1.2000e-02 +1.2005e-02 +1.2009e-02 +1.2013e-02 +1.2016e-02 +1.2020e-02 +1.2023e-02 +1.2026e-02 +1.2028e-02 +1.2030e-02 +1.2033e-02 +1.2034e-02 +1.2036e-02 +1.2038e-02 +1.2040e-02 +1.2042e-02 +1.2044e-02 +1.2045e-02 +1.2047e-02 
+0000.00000 -9.8427e-05 -9.4322e-05 -8.9892e-05 -8.4612e-05 -7.9582e-05 -7.4102e-05 -6.8493e-05 -6.2710e-05 -5.6423e-05 -5.0630e-05 -4.4620e-05 -3.8683e-05 -3.2213e-05 -2.6657e-05 -2.0699e-05 -1.4781e-05 -9.5991e-06 -4.5081e-06 +2.8880e-07 +4.7472e-06 +8.9116e-06 +1.2831e-05 +1.6409e-05 +1.9765e-05 +2.2697e-05 +2.5501e-05 +2.8226e-05 +3.0385e-05 +3.2659e-05 +3.4390e-05 +3.6313e-05 +3.8409e-05 +4.0074e-05 +4.1827e-05 +4.3546e-05 +4.5147e-05 +4.7006e-05 
-0000.01200 -1.2098e-02 -1.2094e-02 -1.2090e-02 -1.2085e-02 -1.2080e-02 -1.2074e-02 -1.2068e-02 -1.2063e-02 -1.2056e-02 -1.2051e-02 -1.2045e-02 -1.2039e-02 -1.2032e-02 -1.2027e-02 -1.2021e-02 -1.2015e-02 -1.2010e-02 -1.2005e-02 -1.2000e-02 -1.1995e-02 -1.1991e-02 -1.1987e-02 -1.1984e-02 -1.1980e-02 -1.1977e-02 -1.1974e-02 -1.1972e-02 -1.1970e-02 -1.1967e-02 -1.1966e-02 -1.1964e-02 -1.1962e-02 -1.1960e-02 -1.1958e-02 -1.1956e-02 -1.1955e-02 -1.1953e-02 