# Author: FAC idanalysis.IDKickMap
# Termination_kicks [T2m2]: -1.8673e-04 +3.6585e-04 +4.9408e-04 +9.6272e-04 
# Total Length of Longitudinal Interval [m]
2.77
# Number of Horizontal Points
37
# Number of Vertical Points
3
# Total Horizontal 2nd Order Kick [T2m2]
START
            -0000.01800 -0000.01700 -0000.01600 -0000.01500 -0000.01400 -0000.01300 -0000.01200 -0000.01100 -0000.01000 -0000.00900 -0000.00800 -0000.00700 -0000.00600 -0000.00500 -0000.00400 -0000.00300 -0000.00200 -0000.00100 +0000.00000 +0000.00100 +0000.00200 +0000.00300 +0000.00400 +0000.00500 +0000.00600 +0000.00700 +0000.00800 +0000.00900 +0000.01000 +0000.01100 +0000.01200 +0000.01300 +0000.01400 +0000.01500 +0000.01600 +0000.01700 +0000.01800 
+0000.01200 +1.8690e-04 +1.2878e-04 +8.7291e-05 +3.4165e-05 +3.4497e-06 -5.0746e-05 -6.4577e-05 -1.2321e-04 -1.4706e-04 -1.7924e-04 -2.0657e-04 -2.3889e-04 -2.4740e-04 -2.8003e-04 -2.8222e-04 -2.5804e-04 -2.5886e-04 -2.5921e-04 -2.4563e-04 -2.2669e-04 -1.9768e-04 -1.7034e-04 -1.1913e-04 -8.8624e-05 -5.3886e-05 -1.7532e-05 +1.8589e-05 +4.7292e-05 +7.2455e-05 +1.1044e-04 +1.3735e-04 +1.5035e-04 +1.1942e-04 +1.4711e-04 +1.2324e-04 +1.1788e-04 +1.0874e-04 
+0000.00000 +1.8690e-04 +1.2878e-04 +8.7291e-05 +3.4165e-05 +3.4497e-06 -5.0746e-05 -6.4577e-05 -1.2321e-04 -1.4706e-04 -1.7924e-04 -2.0657e-04 -2.3889e-04 -2.4740e-04 -2.8003e-04 -2.8222e-04 -2.5804e-04 -2.5886e-04 -2.5921e-04 -2.4563e-04 -2.2669e-04 -1.9768e-04 -1.7034e-04 -1.1913e-04 -8.8624e-05 -5.3886e-05 -1.7532e-05 +1.8589e-05 +4.7292e-05 +7.2455e-05 +1.1044e-04 +1.3735e-04 +1.5035e-04 +1.1942e-04 +1.4711e-04 +1.2324e-04 +1.1788e-04 +1.0874e-04 
-0000.01200 +1.8690e-04 +1.2878e-04 +8.7291e-05 +3.4165e-05 +3.4497e-06 -5.0746e-05 -6.4577e-05 -1.2321e-04 -1.4706e-04 -1.7924e-04 -2.0657e-04 -2.3889e-04 -2.4740e-04 -2.8003e-04 -2.8222e-04 -2.5804e-04 -2.5886e-04 -2.5921e-04 -2.4563e-04 -2.2669e-04 -1.9768e-04 -1.7034e-04 -1.1913e-04 -8.8624e-05 -5.3886e-05 -1.7532e-05 +1.8589e-05 +4.7292e-05 +7.2455e-05 +1.1044e-04 +1.3735e-04 +1.5035e-04 +1.1942e-04 +1.4711e-04 +1.2324e-04 +1.1788e-04 +1.0874e-04 
# Total Vertical 2nd Order Kick [T2m2]
START
            -0000.01800 -0000.01700 -0000.01600 -0000.01500 -0000.01400 -0000.01300 -0000.01200 -0000.01100 -0000.01000 -0000.00900 -0000.00800 -0000.00700 -0000.00600 -0000.00500 -0000.00400 -0000.00300 -0000.00200 -0000.00100 +0000.00000 +0000.00100 +0000.00200 +0000.00300 +0000.00400 +0000.00500 +0000.00600 +0000.00700 +0000.00800 +0000.00900 +0000.01000 +0000.01100 +0000.01200 +0000.01300 +0000.01400 +0000.01500 +0000.01600 +0000.01700 +0000.01800 
+0000.01200 -1.3944e-03 -1.3321e-03 -1.2814e-03 -1.2387e-03 -1.1711e-03 -1.1132e-03 -1.0336e-03 -9.6420e-04 -8.6566e-04 -7.9899e-04 -6.9226e-04 -6.0600e-04 -5.2370e-04 -4.2737e-04 -3.5582e-04 -2.9289e-04 -2.3198e-04 -2.0643e-04 -1.6290e-04 -1.5769e-04 -1.4952e-04 -1.5054e-04 -1.7795e-04 -2.0464e-04 -2.5419e-04 -3.0076e-04 -3.4975e-04 -3.9947e-04 -4.6143e-04 -5.1932e-04 -5.6581e-04 -6.1029e-04 -6.4694e-04 -6.7775e-04 -7.0537e-04 -7.1181e-04 -7.1658e-04 
+0000.00000 -1.3944e-03 -1.3321e-03 -1.2814e-03 -1.2387e-03 -1.1711e-03 -1.1132e-03 -1.0336e-03 -9.6420e-04 -8.6566e-04 -7.9899e-04 -6.9226e-04 -6.0600e-04 -5.2370e-04 -4.2737e-04 -3.5582e-04 -2.9289e-04 -2.3198e-04 -2.0643e-04 -1.6290e-04 -1.5769e-04 -1.4952e-04 -1.5054e-04 -1.7795e-04 -2.0464e-04 -2.5419e-04 -3.0076e-04 -3.4975e-04 -3.9947e-04 -4.6143e-04 -5.1932e-04 -5.6581e-04 -6.1029e-04 -6.4694e-04 -6.7775e-04 -7.0537e-04 -7.1181e-04 -7.1658e-04 
-0000.01200 -1.3944e-03 -1.3321e-03 -1.2814e-03 -1.2387e-03 -1.1711e-03 -1.1132e-03 -1.0336e-03 -9.6420e-04 -8.6566e-04 -7.9899e-04 -6.9226e-04 -6.0600e-04 -5.2370e-04 -4.2737e-04 -3.5582e-04 -2.9289e-04 -2.3198e-04 -2.0643e-04 -1.6290e-04 -1.5769e-04 -1.4952e-04 -1.5054e-04 -1.7795e-04 -2.0464e-04 -2.5419e-04 -3.0076e-04 -3.4975e-04 -3.9947e-04 -4.6143e-04 -5.1932e-04 -5.6581e-04 -6.1029e-04 -6.4694e-04 -6.7775e-04 -7.0537e-04 -7.1181e-04 -7.1658e-04 
# Horizontal Final Position [m]
START
            -0000.01800 -0000.01700 -0000.01600 -0000.01500 -0000.01400 -0000.01300 -0000.01200 -0000.01100 -0000.01000 -0000.00900 -0000.00800 -0000.00700 -0000.00600 -0000.00500 -0000.00400 -0000.00300 -0000.00200 -0000.00100 +0000.00000 +0000.00100 +0000.00200 +0000.00300 +0000.00400 +0000.00500 +0000.00600 +0000.00700 +0000.00800 +0000.00900 +0000.01000 +0000.01100 +0000.01200 +0000.01300 +0000.01400 +0000.01500 +0000.01600 +0000.01700 +0000.01800 
+0000.01200 -1.8026e-02 -1.7028e-02 -1.6029e-02 -1.5030e-02 -1.4031e-02 -1.3032e-02 -1.2032e-02 -1.1032e-02 -1.0032e-02 -9.0312e-03 -8.0301e-03 -7.0288e-03 -6.0267e-03 -5.0248e-03 -4.0222e-03 -3.0189e-03 -2.0159e-03 -1.0127e-03 -9.2961e-06 +9.9431e-04 +1.9982e-03 +3.0019e-03 +4.0060e-03 +5.0097e-03 +6.0134e-03 +7.0170e-03 +8.0204e-03 +9.0238e-03 +1.0027e-02 +1.1030e-02 +1.2033e-02 +1.3035e-02 +1.4037e-02 +1.5039e-02 +1.6041e-02 +1.7043e-02 +1.8044e-02 
+0000.00000 -1.8026e-02 -1.7028e-02 -1.6029e-02 -1.5030e-02 -1.4031e-02 -1.3032e-02 -1.2032e-02 -1.1032e-02 -1.0032e-02 -9.0312e-03 -8.0301e-03 -7.0288e-03 -6.0267e-03 -5.0248e-03 -4.0222e-03 -3.0189e-03 -2.0159e-03 -1.0127e-03 -9.2961e-06 +9.9431e-04 +1.9982e-03 +3.0019e-03 +4.0060e-03 +5.0097e-03 +6.0134e-03 +7.0170e-03 +8.0204e-03 +9.0238e-03 +1.0027e-02 +1.1030e-02 +1.2033e-02 +1.3035e-02 +1.4037e-02 +1.5039e-02 +1.6041e-02 +1.7043e-02 +1.8044e-02 
-0000.01200 -1.8026e-02 -1.7028e-02 -1.6029e-02 -1.5030e-02 -1.4031e-02 -1.3032e-02 -1.2032e-02 -1.1032e-02 -1.0032e-02 -9.0312e-03 -8.0301e-03 -7.0288e-03 -6.0267e-03 -5.0248e-03 -4.0222e-03 -3.0189e-03 -2.0159e-03 -1.0127e-03 -9.2961e-06 +9.9431e-04 +1.9982e-03 +3.0019e-03 +4.0060e-03 +5.0097e-03 +6.0134e-03 +7.0170e-03 +8.0204e-03 +9.0238e-03 +1.0027e-02 +1.1030e-02 +1.2033e-02 +1.3035e-02 +1.4037e-02 +1.5039e-02 +1.6041e-02 +1.7043e-02 +1.8044e-02 
# Vertical Final Position [m]
START
            -0000.01800 -0000.01700 -0000.01600 -0000.01500 -0000.01400 -0000.01300 -0000.01200 -0000.01100 -0000.01000 -0000.00900 -0000.00800 -0000.00700 -0000.00600 -0000.00500 -0000.00400 -0000.00300 -0000.00200 -0000.00100 +0000.00000 +0000.00100 +0000.00200 +0000.00300 +0000.00400 +0000.00500 +0000.00600 +0000.00700 +0000.00800 +0000.00900 +0000.01000 +0000.01100 +0000.01200 +0000.01300 +0000.01400 +0000.01500 +0000.01600 +0000.01700 +0000.01800 
+0000.01200 +1.1877e-02 +1.1883e-02 +1.1889e-02 +1.1895e-02 +1.1902e-02 +1.1909e-02 +1.1917e-02 +1.1925e-02 +1.1934e-02 +1.1942e-02 +1.1951e-02 +1.1960e-02 +1.1968e-02 +1.1977e-02 +1.1985e-02 +1.1992e-02 +1.2000e-02 +1.2006e-02 +1.2012e-02 +1.2017e-02 +1.2022e-02 +1.2027e-02 +1.2030e-02 +1.2034e-02 +1.2036e-02 +1.2039e-02 +1.2041e-02 +1.2042e-02 +1.2044e-02 +1.2045e-02 +1.2046e-02 +1.2047e-02 +1.2048e-02 +1.2050e-02 +1.2051e-02 +1.2052e-02 +1.2053e-02 
+0000.00000 -1.2287e-04 -1.1722e-04 -1.1138e-04 -1.0521e-04 -9.8093e-05 -9.0822e-05 -8.2722e-05 -7.4718e-05 -6.5909e-05 -5.7631e-05 -4.8503e-05 -3.9834e-05 -3.1533e-05 -2.2931e-05 -1.4992e-05 -7.5028e-06 -3.3002e-07 +5.8364e-06 +1.2146e-05 +1.7276e-05 +2.2136e-05 +2.6640e-05 +3.0231e-05 +3.3543e-05 +3.6181e-05 +3.8571e-05 +4.0592e-05 +4.2392e-05 +4.3759e-05 +4.4940e-05 +4.6141e-05 +4.7321e-05 +4.8393e-05 +4.9557e-05 +5.0632e-05 +5.1995e-05 +5.3425e-05 
-0000.01200 -1.2123e-02 -1.2117e-02 -1.2111e-02 -1.2105e-02 -1.2098e-02 -1.2091e-02 -1.2083e-02 -1.2075e-02 -1.2066e-02 -1.2058e-02 -1.2049e-02 -1.2040e-02 -1.2032e-02 -1.2023e-02 -1.2015e-02 -1.2008e-02 -1.2000e-02 -1.1994e-02 -1.1988e-02 -1.1983e-02 -1.1978e-02 -1.1973e-02 -1.1970e-02 -1.1966e-02 -1.1964e-02 -1.1961e-02 -1.1959e-02 -1.1958e-02 -1.1956e-02 -1.1955e-02 -1.1954e-02 -1.1953e-02 -1.1952e-02 -1.1950e-02 -1.1949e-02 -1.1948e-02 -1.1947e-02 