# Author: FAC idanalysis.IDKickMap
# Termination_kicks [T2m2]: -3.7273e-03 +7.7979e-04 -2.5767e-03 +1.3880e-03 
# Total Length of Longitudinal Interval [m]
2.654
# Number of Horizontal Points
31
# Number of Vertical Points
3
# Total Horizontal 2nd Order Kick [T2m2]
START
            -0000.01500 -0000.01400 -0000.01300 -0000.01200 -0000.01100 -0000.01000 -0000.00900 -0000.00800 -0000.00700 -0000.00600 -0000.00500 -0000.00400 -0000.00300 -0000.00200 -0000.00100 +0000.00000 +0000.00100 +0000.00200 +0000.00300 +0000.00400 +0000.00500 +0000.00600 +0000.00700 +0000.00800 +0000.00900 +0000.01000 +0000.01100 +0000.01200 +0000.01300 +0000.01400 +0000.01500 
+0000.01200 +4.6486e-03 +4.7470e-03 +4.8438e-03 +4.9411e-03 +5.0441e-03 +5.1523e-03 +5.2619e-03 +5.3711e-03 +5.4808e-03 +5.5943e-03 +5.7123e-03 +5.8292e-03 +5.9412e-03 +6.0538e-03 +6.1726e-03 +6.2969e-03 +6.4250e-03 +6.5603e-03 +6.7056e-03 +6.8534e-03 +6.9957e-03 +7.1386e-03 +7.2908e-03 +7.4535e-03 +7.6257e-03 +7.8071e-03 +7.9975e-03 +8.1956e-03 +8.4004e-03 +8.6141e-03 +8.8384e-03 
+0000.00000 +4.6486e-03 +4.7470e-03 +4.8438e-03 +4.9411e-03 +5.0441e-03 +5.1523e-03 +5.2619e-03 +5.3711e-03 +5.4808e-03 +5.5943e-03 +5.7123e-03 +5.8292e-03 +5.9412e-03 +6.0538e-03 +6.1726e-03 +6.2969e-03 +6.4250e-03 +6.5603e-03 +6.7056e-03 +6.8534e-03 +6.9957e-03 +7.1386e-03 +7.2908e-03 +7.4535e-03 +7.6257e-03 +7.8071e-03 +7.9975e-03 +8.1956e-03 +8.4004e-03 +8.6141e-03 +8.8384e-03 
-0000.01200 +4.6486e-03 +4.7470e-03 +4.8438e-03 +4.9411e-03 +5.0441e-03 +5.1523e-03 +5.2619e-03 +5.3711e-03 +5.4808e-03 +5.5943e-03 +5.7123e-03 +5.8292e-03 +5.9412e-03 +6.0538e-03 +6.1726e-03 +6.2969e-03 +6.4250e-03 +6.5603e-03 +6.7056e-03 +6.8534e-03 +6.9957e-03 +7.1386e-03 +7.2908e-03 +7.4535e-03 +7.6257e-03 +7.8071e-03 +7.9975e-03 +8.1956e-03 +8.4004e-03 +8.6141e-03 +8.8384e-03 
# Total Vertical 2nd Order Kick [T2m2]
START
            -0000.01500 -0000.01400 -0000.01300 -0000.01200 -0000.01100 -0000.01000 -0000.00900 -0000.00800 -0000.00700 -0000.00600 -0000.00500 -0000.00400 -0000.00300 -0000.00200 -0000.00100 +0000.00000 +0000.00100 +0000.00200 +0000.00300 +0000.00400 +0000.00500 +0000.00600 +0000.00700 +0000.00800 +0000.00900 +0000.01000 +0000.01100 +0000.01200 +0000.01300 +0000.01400 +0000.01500 
+0000.01200 -9.0136e-04 -8.8731e-04 -8.5495e-04 -8.1732e-04 -7.8972e-04 -7.6114e-04 -7.1821e-04 -6.7910e-04 -6.6530e-04 -6.6558e-04 -6.6170e-04 -6.5247e-04 -6.4320e-04 -6.4122e-04 -6.5131e-04 -6.6721e-04 -6.8351e-04 -7.1384e-04 -7.7171e-04 -8.4582e-04 -9.2275e-04 -1.0029e-03 -1.0877e-03 -1.1830e-03 -1.2964e-03 -1.4174e-03 -1.5326e-03 -1.6546e-03 -1.8005e-03 -1.9658e-03 -2.1399e-03 
+0000.00000 -9.0136e-04 -8.8731e-04 -8.5495e-04 -8.1732e-04 -7.8972e-04 -7.6114e-04 -7.1821e-04 -6.7910e-04 -6.6530e-04 -6.6558e-04 -6.6170e-04 -6.5247e-04 -6.4320e-04 -6.4122e-04 -6.5131e-04 -6.6721e-04 -6.8351e-04 -7.1384e-04 -7.7171e-04 -8.4582e-04 -9.2275e-04 -1.0029e-03 -1.0877e-03 -1.1830e-03 -1.2964e-03 -1.4174e-03 -1.5326e-03 -1.6546e-03 -1.8005e-03 -1.9658e-03 -2.1399e-03 
-0000.01200 -9.0136e-04 -8.8731e-04 -8.5495e-04 -8.1732e-04 -7.8972e-04 -7.6114e-04 -7.1821e-04 -6.7910e-04 -6.6530e-04 -6.6558e-04 -6.6170e-04 -6.5247e-04 -6.4320e-04 -6.4122e-04 -6.5131e-04 -6.6721e-04 -6.8351e-04 -7.1384e-04 -7.7171e-04 -8.4582e-04 -9.2275e-04 -1.0029e-03 -1.0877e-03 -1.1830e-03 -1.2964e-03 -1.4174e-03 -1.5326e-03 -1.6546e-03 -1.8005e-03 -1.9658e-03 -2.1399e-03 
# Horizontal Final Position [m]
START
            -0000.01500 -0000.01400 -0000.01300 -0000.01200 -0000.01100 -0000.01000 -0000.00900 -0000.00800 -0000.00700 -0000.00600 -0000.00500 -0000.00400 -0000.00300 -0000.00200 -0000.00100 +0000.00000 +0000.00100 +0000.00200 +0000.00300 +0000.00400 +0000.00500 +0000.00600 +0000.00700 +0000.00800 +0000.00900 +0000.01000 +0000.01100 +0000.01200 +0000.01300 +0000.01400 +0000.01500 
+0000.01200 -1.5112e-02 -1.4103e-02 -1.3094e-02 -1.2086e-02 -1.1078e-02 -1.0071e-02 -9.0639e-03 -8.0573e-03 -7.0511e-03 -6.0453e-03 -5.0398e-03 -4.0349e-03 -3.0304e-03 -2.0264e-03 -1.0227e-03 -1.9275e-05 +9.8372e-04 +1.9864e-03 +2.9887e-03 +3.9906e-03 +4.9919e-03 +5.9927e-03 +6.9932e-03 +7.9934e-03 +8.9933e-03 +9.9928e-03 +1.0992e-02 +1.1991e-02 +1.2989e-02 +1.3987e-02 +1.4984e-02 
+0000.00000 -1.5112e-02 -1.4103e-02 -1.3094e-02 -1.2086e-02 -1.1078e-02 -1.0071e-02 -9.0639e-03 -8.0573e-03 -7.0511e-03 -6.0453e-03 -5.0398e-03 -4.0349e-03 -3.0304e-03 -2.0264e-03 -1.0227e-03 -1.9275e-05 +9.8372e-04 +1.9864e-03 +2.9887e-03 +3.9906e-03 +4.9919e-03 +5.9927e-03 +6.9932e-03 +7.9934e-03 +8.9933e-03 +9.9928e-03 +1.0992e-02 +1.1991e-02 +1.2989e-02 +1.3987e-02 +1.4984e-02 
-0000.01200 -1.5112e-02 -1.4103e-02 -1.3094e-02 -1.2086e-02 -1.1078e-02 -1.0071e-02 -9.0639e-03 -8.0573e-03 -7.0511e-03 -6.0453e-03 -5.0398e-03 -4.0349e-03 -3.0304e-03 -2.0264e-03 -1.0227e-03 -1.9275e-05 +9.8372e-04 +1.9864e-03 +2.9887e-03 +3.9906e-03 +4.9919e-03 +5.9927e-03 +6.9932e-03 +7.9934e-03 +8.9933e-03 +9.9928e-03 +1.0992e-02 +1.1991e-02 +1.2989e-02 +1.3987e-02 +1.4984e-02 
# Vertical Final Position [m]
START
            -0000.01500 -0000.01400 -0000.01300 -0000.01200 -0000.01100 -0000.01000 -0000.00900 -0000.00800 -0000.00700 -0000.00600 -0000.00500 -0000.00400 -0000.00300 -0000.00200 -0000.00100 +0000.00000 +0000.00100 +0000.00200 +0000.00300 +0000.00400 +0000.00500 +0000.00600 +0000.00700 +0000.00800 +0000.00900 +0000.01000 +0000.01100 +0000.01200 +0000.01300 +0000.01400 +0000.01500 
+0000.01200 +1.2034e-02 +1.2034e-02 +1.2034e-02 +1.2034e-02 +1.2033e-02 +1.2033e-02 +1.2032e-02 +1.2031e-02 +1.2030e-02 +1.2029e-02 +1.2027e-02 +1.2025e-02 +1.2024e-02 +1.2022e-02 +1.2020e-02 +1.2017e-02 +1.2015e-02 +1.2013e-02 +1.2010e-02 +1.2007e-02 +1.2003e-02 +1.2000e-02 +1.1996e-02 +1.1993e-02 +1.1989e-02 +1.1985e-02 +1.1981e-02 +1.1978e-02 +1.1973e-02 +1.1969e-02 +1.1964e-02 
+0000.00000 +3.4358e-05 +3.4091e-05 +3.3897e-05 +3.3651e-05 +3.3203e-05 +3.2621e-05 +3.2000e-05 +3.1171e-05 +2.9952e-05 +2.8503e-05 +2.7037e-05 +2.5492e-05 +2.3736e-05 +2.1767e-05 +1.9634e-05 +1.7436e-05 +1.5225e-05 +1.2764e-05 +9.8209e-06 +6.5425e-06 +3.1313e-06 -3.3392e-07 -3.7813e-06 -7.2668e-06 -1.0914e-05 -1.4700e-05 -1.8540e-05 -2.2484e-05 -2.6627e-05 -3.0983e-05 -3.5511e-05 
-0000.01200 -1.1966e-02 -1.1966e-02 -1.1966e-02 -1.1966e-02 -1.1967e-02 -1.1967e-02 -1.1968e-02 -1.1969e-02 -1.1970e-02 -1.1971e-02 -1.1973e-02 -1.1975e-02 -1.1976e-02 -1.1978e-02 -1.1980e-02 -1.1983e-02 -1.1985e-02 -1.1987e-02 -1.1990e-02 -1.1993e-02 -1.1997e-02 -1.2000e-02 -1.2004e-02 -1.2007e-02 -1.2011e-02 -1.2015e-02 -1.2019e-02 -1.2022e-02 -1.2027e-02 -1.2031e-02 -1.2036e-02 