# Author: FAC idanalysis.IDKickMap
# Termination_kicks [T2m2]: -6.4498e-04 +1.9215e-04 +1.4604e-04 -4.8509e-05 
# Total Length of Longitudinal Interval [m]
2.773
# Number of Horizontal Points
37
# Number of Vertical Points
3
# Total Horizontal 2nd Order Kick [T2m2]
START
            -0000.01800 -0000.01700 -0000.01600 -0000.01500 -0000.01400 -0000.01300 -0000.01200 -0000.01100 -0000.01000 -0000.00900 -0000.00800 -0000.00700 -0000.00600 -0000.00500 -0000.00400 -0000.00300 -0000.00200 -0000.00100 +0000.00000 +0000.00100 +0000.00200 +0000.00300 +0000.00400 +0000.00500 +0000.00600 +0000.00700 +0000.00800 +0000.00900 +0000.01000 +0000.01100 +0000.01200 +0000.01300 +0000.01400 +0000.01500 +0000.01600 +0000.01700 +0000.01800 
+0000.01200 +7.7251e-04 +7.5213e-04 +7.2542e-04 +6.8983e-04 +6.6847e-04 +6.3711e-04 +5.8716e-04 +5.3917e-04 +4.8793e-04 +4.4924e-04 +3.9058e-04 +3.4134e-04 +3.1409e-04 +2.7239e-04 +2.4738e-04 +2.3507e-04 +2.6642e-04 +3.4909e-04 +4.2293e-04 +4.7075e-04 +5.4633e-04 +6.1915e-04 +7.0941e-04 +7.7880e-04 +8.6250e-04 +9.4560e-04 +1.0247e-03 +1.0958e-03 +1.1481e-03 +1.1765e-03 +1.2081e-03 +1.2114e-03 +1.2194e-03 +1.1925e-03 +1.1403e-03 +1.0996e-03 +1.0359e-03 
+0000.00000 +7.7251e-04 +7.5213e-04 +7.2542e-04 +6.8983e-04 +6.6847e-04 +6.3711e-04 +5.8716e-04 +5.3917e-04 +4.8793e-04 +4.4924e-04 +3.9058e-04 +3.4134e-04 +3.1409e-04 +2.7239e-04 +2.4738e-04 +2.3507e-04 +2.6642e-04 +3.4909e-04 +4.2293e-04 +4.7075e-04 +5.4633e-04 +6.1915e-04 +7.0941e-04 +7.7880e-04 +8.6250e-04 +9.4560e-04 +1.0247e-03 +1.0958e-03 +1.1481e-03 +1.1765e-03 +1.2081e-03 +1.2114e-03 +1.2194e-03 +1.1925e-03 +1.1403e-03 +1.0996e-03 +1.0359e-03 
-0000.01200 +7.7251e-04 +7.5213e-04 +7.2542e-04 +6.8983e-04 +6.6847e-04 +6.3711e-04 +5.8716e-04 +5.3917e-04 +4.8793e-04 +4.4924e-04 +3.9058e-04 +3.4134e-04 +3.1409e-04 +2.7239e-04 +2.4738e-04 +2.3507e-04 +2.6642e-04 +3.4909e-04 +4.2293e-04 +4.7075e-04 +5.4633e-04 +6.1915e-04 +7.0941e-04 +7.7880e-04 +8.6250e-04 +9.4560e-04 +1.0247e-03 +1.0958e-03 +1.1481e-03 +1.1765e-03 +1.2081e-03 +1.2114e-03 +1.2194e-03 +1.1925e-03 +1.1403e-03 +1.0996e-03 +1.0359e-03 
# Total Vertical 2nd Order Kick [T2m2]
START
            -0000.01800 -0000.01700 -0000.01600 -0000.01500 -0000.01400 -0000.01300 -0000.01200 -0000.01100 -0000.01000 -0000.00900 -0000.00800 -0000.00700 -0000.00600 -0000.00500 -0000.00400 -0000.00300 -0000.00200 -0000.00100 +0000.00000 +0000.00100 +0000.00200 +0000.00300 +0000.00400 +0000.00500 +0000.00600 +0000.00700 +0000.00800 +0000.00900 +0000.01000 +0000.01100 +0000.01200 +0000.01300 +0000.01400 +0000.01500 +0000.01600 +0000.01700 +0000.01800 
+0000.01200 -4.0884e-04 -4.8917e-04 -5.6327e-04 -6.2786e-04 -7.0780e-04 -7.6049e-04 -8.0010e-04 -8.1032e-04 -7.9240e-04 -7.7527e-04 -7.4255e-04 -7.0395e-04 -6.6218e-04 -6.4127e-04 -6.0679e-04 -5.6994e-04 -5.2998e-04 -4.9981e-04 -4.8152e-04 -4.6342e-04 -4.5838e-04 -4.5612e-04 -4.6003e-04 -4.7576e-04 -4.9959e-04 -5.2520e-04 -5.5249e-04 -5.5597e-04 -5.7572e-04 -5.8589e-04 -6.0515e-04 -6.0037e-04 -6.2122e-04 -6.3325e-04 -6.2723e-04 -5.9173e-04 -5.3900e-04 
+0000.00000 -4.0884e-04 -4.8917e-04 -5.6327e-04 -6.2786e-04 -7.0780e-04 -7.6049e-04 -8.0010e-04 -8.1032e-04 -7.9240e-04 -7.7527e-04 -7.4255e-04 -7.0395e-04 -6.6218e-04 -6.4127e-04 -6.0679e-04 -5.6994e-04 -5.2998e-04 -4.9981e-04 -4.8152e-04 -4.6342e-04 -4.5838e-04 -4.5612e-04 -4.6003e-04 -4.7576e-04 -4.9959e-04 -5.2520e-04 -5.5249e-04 -5.5597e-04 -5.7572e-04 -5.8589e-04 -6.0515e-04 -6.0037e-04 -6.2122e-04 -6.3325e-04 -6.2723e-04 -5.9173e-04 -5.3900e-04 
-0000.01200 -4.0884e-04 -4.8917e-04 -5.6327e-04 -6.2786e-04 -7.0780e-04 -7.6049e-04 -8.0010e-04 -8.1032e-04 -7.9240e-04 -7.7527e-04 -7.4255e-04 -7.0395e-04 -6.6218e-04 -6.4127e-04 -6.0679e-04 -5.6994e-04 -5.2998e-04 -4.9981e-04 -4.8152e-04 -4.6342e-04 -4.5838e-04 -4.5612e-04 -4.6003e-04 -4.7576e-04 -4.9959e-04 -5.2520e-04 -5.5249e-04 -5.5597e-04 -5.7572e-04 -5.8589e-04 -6.0515e-04 -6.0037e-04 -6.2122e-04 -6.3325e-04 -6.2723e-04 -5.9173e-04 -5.3900e-04 
# Horizontal Final Position [m]
START
            -0000.01800 -0000.01700 -0000.01600 -0000.01500 -0000.01400 -0000.01300 -0000.01200 -0000.01100 -0000.01000 -0000.00900 -0000.00800 -0000.00700 -0000.00600 -0000.00500 -0000.00400 -0000.00300 -0000.00200 -0000.00100 +0000.00000 +0000.00100 +0000.00200 +0000.00300 +0000.00400 +0000.00500 +0000.00600 +0000.00700 +0000.00800 +0000.00900 +0000.01000 +0000.01100 +0000.01200 +0000.01300 +0000.01400 +0000.01500 +0000.01600 +0000.01700 +0000.01800 
+0000.01200 -1.8049e-02 -1.7051e-02 -1.6054e-02 -1.5056e-02 -1.4058e-02 -1.3060e-02 -1.2061e-02 -1.1062e-02 -1.0062e-02 -9.0608e-03 -8.0591e-03 -7.0565e-03 -6.0525e-03 -5.0482e-03 -4.0431e-03 -3.0371e-03 -2.0301e-03 -1.0220e-03 -1.3938e-05 +9.9325e-04 +2.0008e-03 +3.0078e-03 +4.0148e-03 +5.0208e-03 +6.0266e-03 +7.0317e-03 +8.0364e-03 +9.0407e-03 +1.0044e-02 +1.1047e-02 +1.2050e-02 +1.3052e-02 +1.4055e-02 +1.5056e-02 +1.6057e-02 +1.7058e-02 +1.8058e-02 
+0000.00000 -1.8049e-02 -1.7051e-02 -1.6054e-02 -1.5056e-02 -1.4058e-02 -1.3060e-02 -1.2061e-02 -1.1062e-02 -1.0062e-02 -9.0608e-03 -8.0591e-03 -7.0565e-03 -6.0525e-03 -5.0482e-03 -4.0431e-03 -3.0371e-03 -2.0301e-03 -1.0220e-03 -1.3938e-05 +9.9325e-04 +2.0008e-03 +3.0078e-03 +4.0148e-03 +5.0208e-03 +6.0266e-03 +7.0317e-03 +8.0364e-03 +9.0407e-03 +1.0044e-02 +1.1047e-02 +1.2050e-02 +1.3052e-02 +1.4055e-02 +1.5056e-02 +1.6057e-02 +1.7058e-02 +1.8058e-02 
-0000.01200 -1.8049e-02 -1.7051e-02 -1.6054e-02 -1.5056e-02 -1.4058e-02 -1.3060e-02 -1.2061e-02 -1.1062e-02 -1.0062e-02 -9.0608e-03 -8.0591e-03 -7.0565e-03 -6.0525e-03 -5.0482e-03 -4.0431e-03 -3.0371e-03 -2.0301e-03 -1.0220e-03 -1.3938e-05 +9.9325e-04 +2.0008e-03 +3.0078e-03 +4.0148e-03 +5.0208e-03 +6.0266e-03 +7.0317e-03 +8.0364e-03 +9.0407e-03 +1.0044e-02 +1.1047e-02 +1.2050e-02 +1.3052e-02 +1.4055e-02 +1.5056e-02 +1.6057e-02 +1.7058e-02 +1.8058e-02 
# Vertical Final Position [m]
START
            -0000.01800 -0000.01700 -0000.01600 -0000.01500 -0000.01400 -0000.01300 -0000.01200 -0000.01100 -0000.01000 -0000.00900 -0000.00800 -0000.00700 -0000.00600 -0000.00500 -0000.00400 -0000.00300 -0000.00200 -0000.00100 +0000.00000 +0000.00100 +0000.00200 +0000.00300 +0000.00400 +0000.00500 +0000.00600 +0000.00700 +0000.00800 +0000.00900 +0000.01000 +0000.01100 +0000.01200 +0000.01300 +0000.01400 +0000.01500 +0000.01600 +0000.01700 +0000.01800 
+0000.01200 +1.1827e-02 +1.1832e-02 +1.1838e-02 +1.1845e-02 +1.1853e-02 +1.1862e-02 +1.1873e-02 +1.1884e-02 +1.1896e-02 +1.1908e-02 +1.1920e-02 +1.1932e-02 +1.1944e-02 +1.1954e-02 +1.1964e-02 +1.1974e-02 +1.1983e-02 +1.1991e-02 +1.1998e-02 +1.2005e-02 +1.2011e-02 +1.2016e-02 +1.2021e-02 +1.2025e-02 +1.2028e-02 +1.2031e-02 +1.2033e-02 +1.2035e-02 +1.2036e-02 +1.2038e-02 +1.2039e-02 +1.2040e-02 +1.2041e-02 +1.2042e-02 +1.2043e-02 +1.2044e-02 +1.2046e-02 
+0000.00000 -1.7275e-04 -1.6794e-04 -1.6189e-04 -1.5469e-04 -1.4678e-04 -1.3752e-04 -1.2729e-04 -1.1612e-04 -1.0410e-04 -9.2074e-05 -7.9921e-05 -6.7918e-05 -5.6406e-05 -4.5850e-05 -3.5716e-05 -2.6289e-05 -1.7354e-05 -9.3168e-06 -2.1238e-06 +4.6400e-06 +1.0614e-05 +1.5940e-05 +2.0665e-05 +2.4573e-05 +2.7882e-05 +3.0514e-05 +3.2764e-05 +3.4986e-05 +3.6499e-05 +3.7932e-05 +3.8948e-05 +4.0160e-05 +4.0779e-05 +4.1589e-05 +4.2632e-05 +4.4151e-05 +4.6094e-05 
-0000.01200 -1.2173e-02 -1.2168e-02 -1.2162e-02 -1.2155e-02 -1.2147e-02 -1.2138e-02 -1.2127e-02 -1.2116e-02 -1.2104e-02 -1.2092e-02 -1.2080e-02 -1.2068e-02 -1.2056e-02 -1.2046e-02 -1.2036e-02 -1.2026e-02 -1.2017e-02 -1.2009e-02 -1.2002e-02 -1.1995e-02 -1.1989e-02 -1.1984e-02 -1.1979e-02 -1.1975e-02 -1.1972e-02 -1.1969e-02 -1.1967e-02 -1.1965e-02 -1.1964e-02 -1.1962e-02 -1.1961e-02 -1.1960e-02 -1.1959e-02 -1.1958e-02 -1.1957e-02 -1.1956e-02 -1.1954e-02 