# Author: FAC idanalysis.IDKickMap
# Termination_kicks [T2m2]: -3.5800e-04 -3.4090e-04 +5.0561e-04 +5.3302e-04 
# Total Length of Longitudinal Interval [m]
2.773
# Number of Horizontal Points
37
# Number of Vertical Points
3
# Total Horizontal 2nd Order Kick [T2m2]
START
            -0000.01800 -0000.01700 -0000.01600 -0000.01500 -0000.01400 -0000.01300 -0000.01200 -0000.01100 -0000.01000 -0000.00900 -0000.00800 -0000.00700 -0000.00600 -0000.00500 -0000.00400 -0000.00300 -0000.00200 -0000.00100 +0000.00000 +0000.00100 +0000.00200 +0000.00300 +0000.00400 +0000.00500 +0000.00600 +0000.00700 +0000.00800 +0000.00900 +0000.01000 +0000.01100 +0000.01200 +0000.01300 +0000.01400 +0000.01500 +0000.01600 +0000.01700 +0000.01800 
+0000.01200 +2.9787e-04 +2.6690e-04 +2.4665e-04 +1.9752e-04 +1.6719e-04 +1.5759e-04 +9.8910e-05 +7.2864e-05 +4.3553e-05 +2.9160e-05 +1.5510e-05 -1.6794e-05 -2.0432e-05 -2.4273e-05 +1.2672e-06 -4.9480e-06 +7.3591e-06 +2.0393e-05 +5.3012e-05 +9.8007e-05 +1.2319e-04 +1.5060e-04 +2.0630e-04 +2.6570e-04 +3.1195e-04 +3.5841e-04 +4.0368e-04 +4.6134e-04 +4.8581e-04 +5.1860e-04 +5.4254e-04 +5.5309e-04 +5.5907e-04 +5.4044e-04 +5.2803e-04 +5.2434e-04 +5.0489e-04 
+0000.00000 +2.9787e-04 +2.6690e-04 +2.4665e-04 +1.9752e-04 +1.6719e-04 +1.5759e-04 +9.8910e-05 +7.2864e-05 +4.3553e-05 +2.9160e-05 +1.5510e-05 -1.6794e-05 -2.0432e-05 -2.4273e-05 +1.2672e-06 -4.9480e-06 +7.3591e-06 +2.0393e-05 +5.3012e-05 +9.8007e-05 +1.2319e-04 +1.5060e-04 +2.0630e-04 +2.6570e-04 +3.1195e-04 +3.5841e-04 +4.0368e-04 +4.6134e-04 +4.8581e-04 +5.1860e-04 +5.4254e-04 +5.5309e-04 +5.5907e-04 +5.4044e-04 +5.2803e-04 +5.2434e-04 +5.0489e-04 
-0000.01200 +2.9787e-04 +2.6690e-04 +2.4665e-04 +1.9752e-04 +1.6719e-04 +1.5759e-04 +9.8910e-05 +7.2864e-05 +4.3553e-05 +2.9160e-05 +1.5510e-05 -1.6794e-05 -2.0432e-05 -2.4273e-05 +1.2672e-06 -4.9480e-06 +7.3591e-06 +2.0393e-05 +5.3012e-05 +9.8007e-05 +1.2319e-04 +1.5060e-04 +2.0630e-04 +2.6570e-04 +3.1195e-04 +3.5841e-04 +4.0368e-04 +4.6134e-04 +4.8581e-04 +5.1860e-04 +5.4254e-04 +5.5309e-04 +5.5907e-04 +5.4044e-04 +5.2803e-04 +5.2434e-04 +5.0489e-04 
# Total Vertical 2nd Order Kick [T2m2]
START
            -0000.01800 -0000.01700 -0000.01600 -0000.01500 -0000.01400 -0000.01300 -0000.01200 -0000.01100 -0000.01000 -0000.00900 -0000.00800 -0000.00700 -0000.00600 -0000.00500 -0000.00400 -0000.00300 -0000.00200 -0000.00100 +0000.00000 +0000.00100 +0000.00200 +0000.00300 +0000.00400 +0000.00500 +0000.00600 +0000.00700 +0000.00800 +0000.00900 +0000.01000 +0000.01100 +0000.01200 +0000.01300 +0000.01400 +0000.01500 +0000.01600 +0000.01700 +0000.01800 
+0000.01200 -6.2342e-04 -6.4133e-04 -6.9895e-04 -7.4699e-04 -8.0116e-04 -8.3013e-04 -8.7084e-04 -9.0896e-04 -9.4981e-04 -9.8632e-04 -1.0094e-03 -1.0351e-03 -1.0725e-03 -1.1008e-03 -1.1302e-03 -1.1602e-03 -1.1904e-03 -1.2079e-03 -1.2130e-03 -1.2057e-03 -1.2054e-03 -1.1858e-03 -1.1681e-03 -1.1449e-03 -1.1113e-03 -1.0713e-03 -1.0356e-03 -9.9666e-04 -9.5274e-04 -9.2213e-04 -8.6346e-04 -8.0677e-04 -7.4982e-04 -6.9573e-04 -6.4478e-04 -5.5169e-04 -4.6990e-04 
+0000.00000 -6.2342e-04 -6.4133e-04 -6.9895e-04 -7.4699e-04 -8.0116e-04 -8.3013e-04 -8.7084e-04 -9.0896e-04 -9.4981e-04 -9.8632e-04 -1.0094e-03 -1.0351e-03 -1.0725e-03 -1.1008e-03 -1.1302e-03 -1.1602e-03 -1.1904e-03 -1.2079e-03 -1.2130e-03 -1.2057e-03 -1.2054e-03 -1.1858e-03 -1.1681e-03 -1.1449e-03 -1.1113e-03 -1.0713e-03 -1.0356e-03 -9.9666e-04 -9.5274e-04 -9.2213e-04 -8.6346e-04 -8.0677e-04 -7.4982e-04 -6.9573e-04 -6.4478e-04 -5.5169e-04 -4.6990e-04 
-0000.01200 -6.2342e-04 -6.4133e-04 -6.9895e-04 -7.4699e-04 -8.0116e-04 -8.3013e-04 -8.7084e-04 -9.0896e-04 -9.4981e-04 -9.8632e-04 -1.0094e-03 -1.0351e-03 -1.0725e-03 -1.1008e-03 -1.1302e-03 -1.1602e-03 -1.1904e-03 -1.2079e-03 -1.2130e-03 -1.2057e-03 -1.2054e-03 -1.1858e-03 -1.1681e-03 -1.1449e-03 -1.1113e-03 -1.0713e-03 -1.0356e-03 -9.9666e-04 -9.5274e-04 -9.2213e-04 -8.6346e-04 -8.0677e-04 -7.4982e-04 -6.9573e-04 -6.4478e-04 -5.5169e-04 -4.6990e-04 
# Horizontal Final Position [m]
START
            -0000.01800 -0000.01700 -0000.01600 -0000.01500 -0000.01400 -0000.01300 -0000.01200 -0000.01100 -0000.01000 -0000.00900 -0000.00800 -0000.00700 -0000.00600 -0000.00500 -0000.00400 -0000.00300 -0000.00200 -0000.00100 +0000.00000 +0000.00100 +0000.00200 +0000.00300 +0000.00400 +0000.00500 +0000.00600 +0000.00700 +0000.00800 +0000.00900 +0000.01000 +0000.01100 +0000.01200 +0000.01300 +0000.01400 +0000.01500 +0000.01600 +0000.01700 +0000.01800 
+0000.01200 -1.8033e-02 -1.7035e-02 -1.6036e-02 -1.5038e-02 -1.4039e-02 -1.3039e-02 -1.2040e-02 -1.1040e-02 -1.0040e-02 -9.0384e-03 -8.0367e-03 -7.0350e-03 -6.0323e-03 -5.0293e-03 -4.0256e-03 -3.0221e-03 -2.0182e-03 -1.0142e-03 -9.4810e-06 +9.9524e-04 +1.9996e-03 +3.0038e-03 +4.0086e-03 +5.0133e-03 +6.0176e-03 +7.0217e-03 +8.0256e-03 +9.0296e-03 +1.0033e-02 +1.1036e-02 +1.2039e-02 +1.3042e-02 +1.4044e-02 +1.5046e-02 +1.6048e-02 +1.7050e-02 +1.8051e-02 
+0000.00000 -1.8033e-02 -1.7035e-02 -1.6036e-02 -1.5038e-02 -1.4039e-02 -1.3039e-02 -1.2040e-02 -1.1040e-02 -1.0040e-02 -9.0384e-03 -8.0367e-03 -7.0350e-03 -6.0323e-03 -5.0293e-03 -4.0256e-03 -3.0221e-03 -2.0182e-03 -1.0142e-03 -9.4810e-06 +9.9524e-04 +1.9996e-03 +3.0038e-03 +4.0086e-03 +5.0133e-03 +6.0176e-03 +7.0217e-03 +8.0256e-03 +9.0296e-03 +1.0033e-02 +1.1036e-02 +1.2039e-02 +1.3042e-02 +1.4044e-02 +1.5046e-02 +1.6048e-02 +1.7050e-02 +1.8051e-02 
-0000.01200 -1.8033e-02 -1.7035e-02 -1.6036e-02 -1.5038e-02 -1.4039e-02 -1.3039e-02 -1.2040e-02 -1.1040e-02 -1.0040e-02 -9.0384e-03 -8.0367e-03 -7.0350e-03 -6.0323e-03 -5.0293e-03 -4.0256e-03 -3.0221e-03 -2.0182e-03 -1.0142e-03 -9.4810e-06 +9.9524e-04 +1.9996e-03 +3.0038e-03 +4.0086e-03 +5.0133e-03 +6.0176e-03 +7.0217e-03 +8.0256e-03 +9.0296e-03 +1.0033e-02 +1.1036e-02 +1.2039e-02 +1.3042e-02 +1.4044e-02 +1.5046e-02 +1.6048e-02 +1.7050e-02 +1.8051e-02 
# Vertical Final Position [m]
START
            -0000.01800 -0000.01700 -0000.01600 -0000.01500 -0000.01400 -0000.01300 -0000.01200 -0000.01100 -0000.01000 -0000.00900 -0000.00800 -0000.00700 -0000.00600 -0000.00500 -0000.00400 -0000.00300 -0000.00200 -0000.00100 +0000.00000 +0000.00100 +0000.00200 +0000.00300 +0000.00400 +0000.00500 +0000.00600 +0000.00700 +0000.00800 +0000.00900 +0000.01000 +0000.01100 +0000.01200 +0000.01300 +0000.01400 +0000.01500 +0000.01600 +0000.01700 +0000.01800 
+0000.01200 +1.1857e-02 +1.1862e-02 +1.1866e-02 +1.1871e-02 +1.1877e-02 +1.1883e-02 +1.1890e-02 +1.1897e-02 +1.1904e-02 +1.1911e-02 +1.1919e-02 +1.1926e-02 +1.1933e-02 +1.1940e-02 +1.1946e-02 +1.1953e-02 +1.1959e-02 +1.1964e-02 +1.1970e-02 +1.1976e-02 +1.1981e-02 +1.1986e-02 +1.1991e-02 +1.1995e-02 +1.2000e-02 +1.2004e-02 +1.2008e-02 +1.2011e-02 +1.2015e-02 +1.2018e-02 +1.2021e-02 +1.2024e-02 +1.2027e-02 +1.2029e-02 +1.2032e-02 +1.2035e-02 +1.2038e-02 
+0000.00000 -1.4295e-04 -1.3829e-04 -1.3382e-04 -1.2866e-04 -1.2303e-04 -1.1655e-04 -1.0991e-04 -1.0292e-04 -9.5851e-05 -8.8579e-05 -8.1131e-05 -7.3891e-05 -6.6940e-05 -6.0099e-05 -5.3586e-05 -4.7405e-05 -4.1496e-05 -3.5692e-05 -3.0024e-05 -2.4412e-05 -1.9316e-05 -1.4211e-05 -9.3458e-06 -4.7727e-06 -3.2663e-07 +3.8725e-06 +7.6271e-06 +1.1309e-05 +1.4649e-05 +1.7634e-05 +2.0848e-05 +2.3901e-05 +2.6790e-05 +2.9464e-05 +3.2069e-05 +3.5318e-05 +3.8269e-05 
-0000.01200 -1.2143e-02 -1.2138e-02 -1.2134e-02 -1.2129e-02 -1.2123e-02 -1.2117e-02 -1.2110e-02 -1.2103e-02 -1.2096e-02 -1.2089e-02 -1.2081e-02 -1.2074e-02 -1.2067e-02 -1.2060e-02 -1.2054e-02 -1.2047e-02 -1.2041e-02 -1.2036e-02 -1.2030e-02 -1.2024e-02 -1.2019e-02 -1.2014e-02 -1.2009e-02 -1.2005e-02 -1.2000e-02 -1.1996e-02 -1.1992e-02 -1.1989e-02 -1.1985e-02 -1.1982e-02 -1.1979e-02 -1.1976e-02 -1.1973e-02 -1.1971e-02 -1.1968e-02 -1.1965e-02 -1.1962e-02 