# Author: FAC idanalysis.IDKickMap
# Termination_kicks [T2m2]: -2.4144e-04 -1.0862e-04 +4.2836e-04 +4.2564e-04 
# Total Length of Longitudinal Interval [m]
2.77
# Number of Horizontal Points
37
# Number of Vertical Points
3
# Total Horizontal 2nd Order Kick [T2m2]
START
            -0000.01800 -0000.01700 -0000.01600 -0000.01500 -0000.01400 -0000.01300 -0000.01200 -0000.01100 -0000.01000 -0000.00900 -0000.00800 -0000.00700 -0000.00600 -0000.00500 -0000.00400 -0000.00300 -0000.00200 -0000.00100 +0000.00000 +0000.00100 +0000.00200 +0000.00300 +0000.00400 +0000.00500 +0000.00600 +0000.00700 +0000.00800 +0000.00900 +0000.01000 +0000.01100 +0000.01200 +0000.01300 +0000.01400 +0000.01500 +0000.01600 +0000.01700 +0000.01800 
+0000.01200 +1.9721e-04 +1.7172e-04 +1.3362e-04 +1.1010e-04 +7.1605e-05 +1.6313e-05 -2.7993e-05 -6.3993e-05 -8.3018e-05 -1.3099e-04 -1.3524e-04 -1.4671e-04 -1.4713e-04 -1.3765e-04 -1.3230e-04 -1.1365e-04 -1.0198e-04 -6.3086e-05 -2.5236e-05 +4.4024e-05 +9.4788e-05 +1.5675e-04 +2.0179e-04 +2.7734e-04 +3.2970e-04 +3.7373e-04 +4.0449e-04 +4.7200e-04 +4.7221e-04 +5.0066e-04 +5.3312e-04 +5.4364e-04 +5.5577e-04 +5.3230e-04 +5.0601e-04 +4.8067e-04 +4.3721e-04 
+0000.00000 +1.9721e-04 +1.7172e-04 +1.3362e-04 +1.1010e-04 +7.1605e-05 +1.6313e-05 -2.7993e-05 -6.3993e-05 -8.3018e-05 -1.3099e-04 -1.3524e-04 -1.4671e-04 -1.4713e-04 -1.3765e-04 -1.3230e-04 -1.1365e-04 -1.0198e-04 -6.3086e-05 -2.5236e-05 +4.4024e-05 +9.4788e-05 +1.5675e-04 +2.0179e-04 +2.7734e-04 +3.2970e-04 +3.7373e-04 +4.0449e-04 +4.7200e-04 +4.7221e-04 +5.0066e-04 +5.3312e-04 +5.4364e-04 +5.5577e-04 +5.3230e-04 +5.0601e-04 +4.8067e-04 +4.3721e-04 
-0000.01200 +1.9721e-04 +1.7172e-04 +1.3362e-04 +1.1010e-04 +7.1605e-05 +1.6313e-05 -2.7993e-05 -6.3993e-05 -8.3018e-05 -1.3099e-04 -1.3524e-04 -1.4671e-04 -1.4713e-04 -1.3765e-04 -1.3230e-04 -1.1365e-04 -1.0198e-04 -6.3086e-05 -2.5236e-05 +4.4024e-05 +9.4788e-05 +1.5675e-04 +2.0179e-04 +2.7734e-04 +3.2970e-04 +3.7373e-04 +4.0449e-04 +4.7200e-04 +4.7221e-04 +5.0066e-04 +5.3312e-04 +5.4364e-04 +5.5577e-04 +5.3230e-04 +5.0601e-04 +4.8067e-04 +4.3721e-04 
# Total Vertical 2nd Order Kick [T2m2]
START
            -0000.01800 -0000.01700 -0000.01600 -0000.01500 -0000.01400 -0000.01300 -0000.01200 -0000.01100 -0000.01000 -0000.00900 -0000.00800 -0000.00700 -0000.00600 -0000.00500 -0000.00400 -0000.00300 -0000.00200 -0000.00100 +0000.00000 +0000.00100 +0000.00200 +0000.00300 +0000.00400 +0000.00500 +0000.00600 +0000.00700 +0000.00800 +0000.00900 +0000.01000 +0000.01100 +0000.01200 +0000.01300 +0000.01400 +0000.01500 +0000.01600 +0000.01700 +0000.01800 
+0000.01200 -7.7754e-04 -7.7977e-04 -8.1159e-04 -8.3717e-04 -8.4176e-04 -8.7384e-04 -8.6992e-04 -8.6002e-04 -8.5606e-04 -8.5505e-04 -8.3448e-04 -7.9855e-04 -7.6717e-04 -7.2824e-04 -7.1414e-04 -6.8935e-04 -6.7877e-04 -6.6126e-04 -6.4451e-04 -6.1920e-04 -6.1617e-04 -6.2551e-04 -6.1493e-04 -6.1955e-04 -6.1299e-04 -6.0899e-04 -5.8745e-04 -6.1022e-04 -6.0967e-04 -6.0801e-04 -5.8922e-04 -5.9555e-04 -5.7907e-04 -5.5201e-04 -5.2906e-04 -4.9862e-04 -4.4629e-04 
+0000.00000 -7.7754e-04 -7.7977e-04 -8.1159e-04 -8.3717e-04 -8.4176e-04 -8.7384e-04 -8.6992e-04 -8.6002e-04 -8.5606e-04 -8.5505e-04 -8.3448e-04 -7.9855e-04 -7.6717e-04 -7.2824e-04 -7.1414e-04 -6.8935e-04 -6.7877e-04 -6.6126e-04 -6.4451e-04 -6.1920e-04 -6.1617e-04 -6.2551e-04 -6.1493e-04 -6.1955e-04 -6.1299e-04 -6.0899e-04 -5.8745e-04 -6.1022e-04 -6.0967e-04 -6.0801e-04 -5.8922e-04 -5.9555e-04 -5.7907e-04 -5.5201e-04 -5.2906e-04 -4.9862e-04 -4.4629e-04 
-0000.01200 -7.7754e-04 -7.7977e-04 -8.1159e-04 -8.3717e-04 -8.4176e-04 -8.7384e-04 -8.6992e-04 -8.6002e-04 -8.5606e-04 -8.5505e-04 -8.3448e-04 -7.9855e-04 -7.6717e-04 -7.2824e-04 -7.1414e-04 -6.8935e-04 -6.7877e-04 -6.6126e-04 -6.4451e-04 -6.1920e-04 -6.1617e-04 -6.2551e-04 -6.1493e-04 -6.1955e-04 -6.1299e-04 -6.0899e-04 -5.8745e-04 -6.1022e-04 -6.0967e-04 -6.0801e-04 -5.8922e-04 -5.9555e-04 -5.7907e-04 -5.5201e-04 -5.2906e-04 -4.9862e-04 -4.4629e-04 
# Horizontal Final Position [m]
START
            -0000.01800 -0000.01700 -0000.01600 -0000.01500 -0000.01400 -0000.01300 -0000.01200 -0000.01100 -0000.01000 -0000.00900 -0000.00800 -0000.00700 -0000.00600 -0000.00500 -0000.00400 -0000.00300 -0000.00200 -0000.00100 +0000.00000 +0000.00100 +0000.00200 +0000.00300 +0000.00400 +0000.00500 +0000.00600 +0000.00700 +0000.00800 +0000.00900 +0000.01000 +0000.01100 +0000.01200 +0000.01300 +0000.01400 +0000.01500 +0000.01600 +0000.01700 +0000.01800 
+0000.01200 -1.8034e-02 -1.7036e-02 -1.6038e-02 -1.5039e-02 -1.4040e-02 -1.3041e-02 -1.2042e-02 -1.1042e-02 -1.0041e-02 -9.0403e-03 -8.0384e-03 -7.0361e-03 -6.0332e-03 -5.0297e-03 -4.0260e-03 -3.0217e-03 -2.0173e-03 -1.0124e-03 -7.4410e-06 +9.9810e-04 +2.0032e-03 +3.0084e-03 +4.0132e-03 +5.0182e-03 +6.0226e-03 +7.0266e-03 +8.0303e-03 +9.0344e-03 +1.0037e-02 +1.1040e-02 +1.2043e-02 +1.3045e-02 +1.4047e-02 +1.5049e-02 +1.6050e-02 +1.7051e-02 +1.8052e-02 
+0000.00000 -1.8034e-02 -1.7036e-02 -1.6038e-02 -1.5039e-02 -1.4040e-02 -1.3041e-02 -1.2042e-02 -1.1042e-02 -1.0041e-02 -9.0403e-03 -8.0384e-03 -7.0361e-03 -6.0332e-03 -5.0297e-03 -4.0260e-03 -3.0217e-03 -2.0173e-03 -1.0124e-03 -7.4410e-06 +9.9810e-04 +2.0032e-03 +3.0084e-03 +4.0132e-03 +5.0182e-03 +6.0226e-03 +7.0266e-03 +8.0303e-03 +9.0344e-03 +1.0037e-02 +1.1040e-02 +1.2043e-02 +1.3045e-02 +1.4047e-02 +1.5049e-02 +1.6050e-02 +1.7051e-02 +1.8052e-02 
-0000.01200 -1.8034e-02 -1.7036e-02 -1.6038e-02 -1.5039e-02 -1.4040e-02 -1.3041e-02 -1.2042e-02 -1.1042e-02 -1.0041e-02 -9.0403e-03 -8.0384e-03 -7.0361e-03 -6.0332e-03 -5.0297e-03 -4.0260e-03 -3.0217e-03 -2.0173e-03 -1.0124e-03 -7.4410e-06 +9.9810e-04 +2.0032e-03 +3.0084e-03 +4.0132e-03 +5.0182e-03 +6.0226e-03 +7.0266e-03 +8.0303e-03 +9.0344e-03 +1.0037e-02 +1.1040e-02 +1.2043e-02 +1.3045e-02 +1.4047e-02 +1.5049e-02 +1.6050e-02 +1.7051e-02 +1.8052e-02 
# Vertical Final Position [m]
START
            -0000.01800 -0000.01700 -0000.01600 -0000.01500 -0000.01400 -0000.01300 -0000.01200 -0000.01100 -0000.01000 -0000.00900 -0000.00800 -0000.00700 -0000.00600 -0000.00500 -0000.00400 -0000.00300 -0000.00200 -0000.00100 +0000.00000 +0000.00100 +0000.00200 +0000.00300 +0000.00400 +0000.00500 +0000.00600 +0000.00700 +0000.00800 +0000.00900 +0000.01000 +0000.01100 +0000.01200 +0000.01300 +0000.01400 +0000.01500 +0000.01600 +0000.01700 +0000.01800 
+0000.01200 +1.1857e-02 +1.1862e-02 +1.1867e-02 +1.1873e-02 +1.1879e-02 +1.1886e-02 +1.1894e-02 +1.1902e-02 +1.1910e-02 +1.1918e-02 +1.1927e-02 +1.1935e-02 +1.1944e-02 +1.1952e-02 +1.1960e-02 +1.1967e-02 +1.1974e-02 +1.1981e-02 +1.1987e-02 +1.1993e-02 +1.1998e-02 +1.2003e-02 +1.2007e-02 +1.2011e-02 +1.2015e-02 +1.2018e-02 +1.2022e-02 +1.2024e-02 +1.2026e-02 +1.2029e-02 +1.2031e-02 +1.2033e-02 +1.2035e-02 +1.2037e-02 +1.2039e-02 +1.2041e-02 +1.2043e-02 
+0000.00000 -1.4270e-04 -1.3787e-04 -1.3280e-04 -1.2717e-04 -1.2055e-04 -1.1397e-04 -1.0636e-04 -9.8341e-05 -9.0196e-05 -8.2058e-05 -7.3481e-05 -6.4822e-05 -5.6435e-05 -4.7990e-05 -4.0430e-05 -3.3049e-05 -2.6101e-05 -1.9488e-05 -1.3254e-05 -7.3094e-06 -2.0823e-06 +2.5600e-06 +7.1291e-06 +1.1068e-05 +1.4852e-05 +1.8223e-05 +2.1708e-05 +2.4039e-05 +2.6415e-05 +2.8753e-05 +3.0979e-05 +3.2728e-05 +3.4710e-05 +3.6801e-05 +3.8680e-05 +4.0694e-05 +4.3088e-05 
-0000.01200 -1.2143e-02 -1.2138e-02 -1.2133e-02 -1.2127e-02 -1.2121e-02 -1.2114e-02 -1.2106e-02 -1.2098e-02 -1.2090e-02 -1.2082e-02 -1.2073e-02 -1.2065e-02 -1.2056e-02 -1.2048e-02 -1.2040e-02 -1.2033e-02 -1.2026e-02 -1.2019e-02 -1.2013e-02 -1.2007e-02 -1.2002e-02 -1.1997e-02 -1.1993e-02 -1.1989e-02 -1.1985e-02 -1.1982e-02 -1.1978e-02 -1.1976e-02 -1.1974e-02 -1.1971e-02 -1.1969e-02 -1.1967e-02 -1.1965e-02 -1.1963e-02 -1.1961e-02 -1.1959e-02 -1.1957e-02 