# Author: FAC idanalysis.IDKickMap
# Termination_kicks [T2m2]: +1.7804e-04 -3.4405e-04 +5.9208e-04 +7.6511e-04 
# Total Length of Longitudinal Interval [m]
2.77
# Number of Horizontal Points
37
# Number of Vertical Points
3
# Total Horizontal 2nd Order Kick [T2m2]
START
            -0000.01800 -0000.01700 -0000.01600 -0000.01500 -0000.01400 -0000.01300 -0000.01200 -0000.01100 -0000.01000 -0000.00900 -0000.00800 -0000.00700 -0000.00600 -0000.00500 -0000.00400 -0000.00300 -0000.00200 -0000.00100 +0000.00000 +0000.00100 +0000.00200 +0000.00300 +0000.00400 +0000.00500 +0000.00600 +0000.00700 +0000.00800 +0000.00900 +0000.01000 +0000.01100 +0000.01200 +0000.01300 +0000.01400 +0000.01500 +0000.01600 +0000.01700 +0000.01800 
+0000.01200 -1.9702e-04 -2.2626e-04 -2.5977e-04 -2.8561e-04 -3.2619e-04 -3.5403e-04 -3.8019e-04 -4.1593e-04 -4.2278e-04 -4.4243e-04 -4.5261e-04 -4.5955e-04 -4.6261e-04 -4.7402e-04 -4.8156e-04 -4.5407e-04 -4.2728e-04 -4.1353e-04 -4.0790e-04 -3.7579e-04 -3.5552e-04 -3.1312e-04 -2.6757e-04 -2.5608e-04 -2.6285e-04 -2.2809e-04 -2.0875e-04 -1.7967e-04 -1.5308e-04 -1.4633e-04 -1.3970e-04 -1.3820e-04 -1.1194e-04 -1.0724e-04 -1.3285e-04 -1.5037e-04 -1.5560e-04 
+0000.00000 -1.9702e-04 -2.2626e-04 -2.5977e-04 -2.8561e-04 -3.2619e-04 -3.5403e-04 -3.8019e-04 -4.1593e-04 -4.2278e-04 -4.4243e-04 -4.5261e-04 -4.5955e-04 -4.6261e-04 -4.7402e-04 -4.8156e-04 -4.5407e-04 -4.2728e-04 -4.1353e-04 -4.0790e-04 -3.7579e-04 -3.5552e-04 -3.1312e-04 -2.6757e-04 -2.5608e-04 -2.6285e-04 -2.2809e-04 -2.0875e-04 -1.7967e-04 -1.5308e-04 -1.4633e-04 -1.3970e-04 -1.3820e-04 -1.1194e-04 -1.0724e-04 -1.3285e-04 -1.5037e-04 -1.5560e-04 
-0000.01200 -1.9702e-04 -2.2626e-04 -2.5977e-04 -2.8561e-04 -3.2619e-04 -3.5403e-04 -3.8019e-04 -4.1593e-04 -4.2278e-04 -4.4243e-04 -4.5261e-04 -4.5955e-04 -4.6261e-04 -4.7402e-04 -4.8156e-04 -4.5407e-04 -4.2728e-04 -4.1353e-04 -4.0790e-04 -3.7579e-04 -3.5552e-04 -3.1312e-04 -2.6757e-04 -2.5608e-04 -2.6285e-04 -2.2809e-04 -2.0875e-04 -1.7967e-04 -1.5308e-04 -1.4633e-04 -1.3970e-04 -1.3820e-04 -1.1194e-04 -1.0724e-04 -1.3285e-04 -1.5037e-04 -1.5560e-04 
# Total Vertical 2nd Order Kick [T2m2]
START
            -0000.01800 -0000.01700 -0000.01600 -0000.01500 -0000.01400 -0000.01300 -0000.01200 -0000.01100 -0000.01000 -0000.00900 -0000.00800 -0000.00700 -0000.00600 -0000.00500 -0000.00400 -0000.00300 -0000.00200 -0000.00100 +0000.00000 +0000.00100 +0000.00200 +0000.00300 +0000.00400 +0000.00500 +0000.00600 +0000.00700 +0000.00800 +0000.00900 +0000.01000 +0000.01100 +0000.01200 +0000.01300 +0000.01400 +0000.01500 +0000.01600 +0000.01700 +0000.01800 
+0000.01200 -1.0005e-03 -1.0081e-03 -9.8465e-04 -9.8595e-04 -9.6997e-04 -9.6382e-04 -9.5715e-04 -9.4497e-04 -9.2309e-04 -9.0371e-04 -8.7995e-04 -8.5798e-04 -8.4327e-04 -8.1440e-04 -7.9743e-04 -7.8028e-04 -7.6393e-04 -7.4722e-04 -7.4072e-04 -7.2621e-04 -6.9421e-04 -6.9294e-04 -6.8009e-04 -6.7154e-04 -6.4123e-04 -6.6972e-04 -6.3023e-04 -6.0399e-04 -6.1024e-04 -5.8933e-04 -5.5076e-04 -5.1773e-04 -4.9947e-04 -4.6427e-04 -4.3939e-04 -4.0402e-04 -3.4002e-04 
+0000.00000 -1.0005e-03 -1.0081e-03 -9.8465e-04 -9.8595e-04 -9.6997e-04 -9.6382e-04 -9.5715e-04 -9.4497e-04 -9.2309e-04 -9.0371e-04 -8.7995e-04 -8.5798e-04 -8.4327e-04 -8.1440e-04 -7.9743e-04 -7.8028e-04 -7.6393e-04 -7.4722e-04 -7.4072e-04 -7.2621e-04 -6.9421e-04 -6.9294e-04 -6.8009e-04 -6.7154e-04 -6.4123e-04 -6.6972e-04 -6.3023e-04 -6.0399e-04 -6.1024e-04 -5.8933e-04 -5.5076e-04 -5.1773e-04 -4.9947e-04 -4.6427e-04 -4.3939e-04 -4.0402e-04 -3.4002e-04 
-0000.01200 -1.0005e-03 -1.0081e-03 -9.8465e-04 -9.8595e-04 -9.6997e-04 -9.6382e-04 -9.5715e-04 -9.4497e-04 -9.2309e-04 -9.0371e-04 -8.7995e-04 -8.5798e-04 -8.4327e-04 -8.1440e-04 -7.9743e-04 -7.8028e-04 -7.6393e-04 -7.4722e-04 -7.4072e-04 -7.2621e-04 -6.9421e-04 -6.9294e-04 -6.8009e-04 -6.7154e-04 -6.4123e-04 -6.6972e-04 -6.3023e-04 -6.0399e-04 -6.1024e-04 -5.8933e-04 -5.5076e-04 -5.1773e-04 -4.9947e-04 -4.6427e-04 -4.3939e-04 -4.0402e-04 -3.4002e-04 
# Horizontal Final Position [m]
START
            -0000.01800 -0000.01700 -0000.01600 -0000.01500 -0000.01400 -0000.01300 -0000.01200 -0000.01100 -0000.01000 -0000.00900 -0000.00800 -0000.00700 -0000.00600 -0000.00500 -0000.00400 -0000.00300 -0000.00200 -0000.00100 +0000.00000 +0000.00100 +0000.00200 +0000.00300 +0000.00400 +0000.00500 +0000.00600 +0000.00700 +0000.00800 +0000.00900 +0000.01000 +0000.01100 +0000.01200 +0000.01300 +0000.01400 +0000.01500 +0000.01600 +0000.01700 +0000.01800 
+0000.01200 -1.8017e-02 -1.7018e-02 -1.6019e-02 -1.5019e-02 -1.4020e-02 -1.3020e-02 -1.2020e-02 -1.1020e-02 -1.0019e-02 -9.0185e-03 -8.0173e-03 -7.0158e-03 -6.0141e-03 -5.0125e-03 -4.0106e-03 -3.0079e-03 -2.0050e-03 -1.0024e-03 +2.3728e-07 +1.0033e-03 +2.0061e-03 +3.0095e-03 +4.0128e-03 +5.0153e-03 +6.0175e-03 +7.0204e-03 +8.0230e-03 +9.0257e-03 +1.0028e-02 +1.1030e-02 +1.2032e-02 +1.3034e-02 +1.4036e-02 +1.5038e-02 +1.6039e-02 +1.7040e-02 +1.8041e-02 
+0000.00000 -1.8017e-02 -1.7018e-02 -1.6019e-02 -1.5019e-02 -1.4020e-02 -1.3020e-02 -1.2020e-02 -1.1020e-02 -1.0019e-02 -9.0185e-03 -8.0173e-03 -7.0158e-03 -6.0141e-03 -5.0125e-03 -4.0106e-03 -3.0079e-03 -2.0050e-03 -1.0024e-03 +2.3728e-07 +1.0033e-03 +2.0061e-03 +3.0095e-03 +4.0128e-03 +5.0153e-03 +6.0175e-03 +7.0204e-03 +8.0230e-03 +9.0257e-03 +1.0028e-02 +1.1030e-02 +1.2032e-02 +1.3034e-02 +1.4036e-02 +1.5038e-02 +1.6039e-02 +1.7040e-02 +1.8041e-02 
-0000.01200 -1.8017e-02 -1.7018e-02 -1.6019e-02 -1.5019e-02 -1.4020e-02 -1.3020e-02 -1.2020e-02 -1.1020e-02 -1.0019e-02 -9.0185e-03 -8.0173e-03 -7.0158e-03 -6.0141e-03 -5.0125e-03 -4.0106e-03 -3.0079e-03 -2.0050e-03 -1.0024e-03 +2.3728e-07 +1.0033e-03 +2.0061e-03 +3.0095e-03 +4.0128e-03 +5.0153e-03 +6.0175e-03 +7.0204e-03 +8.0230e-03 +9.0257e-03 +1.0028e-02 +1.1030e-02 +1.2032e-02 +1.3034e-02 +1.4036e-02 +1.5038e-02 +1.6039e-02 +1.7040e-02 +1.8041e-02 
# Vertical Final Position [m]
START
            -0000.01800 -0000.01700 -0000.01600 -0000.01500 -0000.01400 -0000.01300 -0000.01200 -0000.01100 -0000.01000 -0000.00900 -0000.00800 -0000.00700 -0000.00600 -0000.00500 -0000.00400 -0000.00300 -0000.00200 -0000.00100 +0000.00000 +0000.00100 +0000.00200 +0000.00300 +0000.00400 +0000.00500 +0000.00600 +0000.00700 +0000.00800 +0000.00900 +0000.01000 +0000.01100 +0000.01200 +0000.01300 +0000.01400 +0000.01500 +0000.01600 +0000.01700 +0000.01800 
+0000.01200 +1.1892e-02 +1.1895e-02 +1.1899e-02 +1.1903e-02 +1.1907e-02 +1.1912e-02 +1.1916e-02 +1.1921e-02 +1.1927e-02 +1.1932e-02 +1.1938e-02 +1.1943e-02 +1.1948e-02 +1.1954e-02 +1.1959e-02 +1.1964e-02 +1.1969e-02 +1.1974e-02 +1.1978e-02 +1.1983e-02 +1.1988e-02 +1.1991e-02 +1.1995e-02 +1.1999e-02 +1.2003e-02 +1.2005e-02 +1.2009e-02 +1.2012e-02 +1.2014e-02 +1.2017e-02 +1.2020e-02 +1.2023e-02 +1.2025e-02 +1.2027e-02 +1.2030e-02 +1.2032e-02 +1.2035e-02 
+0000.00000 -1.0813e-04 -1.0499e-04 -1.0096e-04 -9.7127e-05 -9.2779e-05 -8.8263e-05 -8.3569e-05 -7.8567e-05 -7.3333e-05 -6.7970e-05 -6.2480e-05 -5.6974e-05 -5.1694e-05 -4.6177e-05 -4.0895e-05 -3.5819e-05 -3.0899e-05 -2.6141e-05 -2.1537e-05 -1.7067e-05 -1.2488e-05 -8.7105e-06 -4.9051e-06 -1.2937e-06 +2.5090e-06 +4.9852e-06 +8.6007e-06 +1.1696e-05 +1.4220e-05 +1.6901e-05 +1.9817e-05 +2.2559e-05 +2.4844e-05 +2.7387e-05 +2.9504e-05 +3.1827e-05 +3.4504e-05 
-0000.01200 -1.2108e-02 -1.2105e-02 -1.2101e-02 -1.2097e-02 -1.2093e-02 -1.2088e-02 -1.2084e-02 -1.2079e-02 -1.2073e-02 -1.2068e-02 -1.2062e-02 -1.2057e-02 -1.2052e-02 -1.2046e-02 -1.2041e-02 -1.2036e-02 -1.2031e-02 -1.2026e-02 -1.2022e-02 -1.2017e-02 -1.2012e-02 -1.2009e-02 -1.2005e-02 -1.2001e-02 -1.1997e-02 -1.1995e-02 -1.1991e-02 -1.1988e-02 -1.1986e-02 -1.1983e-02 -1.1980e-02 -1.1977e-02 -1.1975e-02 -1.1973e-02 -1.1970e-02 -1.1968e-02 -1.1965e-02 