# Author: FAC idanalysis.IDKickMap
# Termination_kicks [T2m2]: +0.0000e+00 +0.0000e+00 +0.0000e+00 +0.0000e+00 
# Total Length of Longitudinal Interval [m]
0.13
# Number of Horizontal Points
61
# Number of Vertical Points
9
# Total Horizontal 2nd Order Kick [T2m2]
START
            -0000.01000 -0000.00967 -0000.00933 -0000.00900 -0000.00867 -0000.00833 -0000.00800 -0000.00767 -0000.00733 -0000.00700 -0000.00667 -0000.00633 -0000.00600 -0000.00567 -0000.00533 -0000.00500 -0000.00467 -0000.00433 -0000.00400 -0000.00367 -0000.00333 -0000.00300 -0000.00267 -0000.00233 -0000.00200 -0000.00167 -0000.00133 -0000.00100 -0000.00067 -0000.00033 +0000.00000 +0000.00033 +0000.00067 +0000.00100 +0000.00133 +0000.00167 +0000.00200 +0000.00233 +0000.00267 +0000.00300 +0000.00333 +0000.00367 +0000.00400 +0000.00433 +0000.00467 +0000.00500 +0000.00533 +0000.00567 +0000.00600 +0000.00633 +0000.00667 +0000.00700 +0000.00733 +0000.00767 +0000.00800 +0000.00833 +0000.00867 +0000.00900 +0000.00933 +0000.00967 +0000.01000 
+0000.00200 -3.5356e-04 -3.4978e-04 -3.4618e-04 -3.4276e-04 -3.3951e-04 -3.3642e-04 -3.3350e-04 -3.3073e-04 -3.2811e-04 -3.2564e-04 -3.2332e-04 -3.2113e-04 -3.1907e-04 -3.1715e-04 -3.1536e-04 -3.1369e-04 -3.1214e-04 -3.1071e-04 -3.0939e-04 -3.0819e-04 -3.0710e-04 -3.0612e-04 -3.0524e-04 -3.0447e-04 -3.0381e-04 -3.0325e-04 -3.0279e-04 -3.0243e-04 -3.0217e-04 -3.0200e-04 -3.0194e-04 -3.0198e-04 -3.0212e-04 -3.0235e-04 -3.0269e-04 -3.0312e-04 -3.0366e-04 -3.0430e-04 -3.0504e-04 -3.0589e-04 -3.0684e-04 -3.0791e-04 -3.0908e-04 -3.1037e-04 -3.1177e-04 -3.1329e-04 -3.1493e-04 -3.1669e-04 -3.1858e-04 -3.2060e-04 -3.2275e-04 -3.2505e-04 -3.2748e-04 -3.3006e-04 -3.3279e-04 -3.3567e-04 -3.3871e-04 -3.4192e-04 -3.4530e-04 -3.4885e-04 -3.5259e-04 
+0000.00150 -3.5283e-04 -3.4916e-04 -3.4564e-04 -3.4228e-04 -3.3908e-04 -3.3602e-04 -3.3311e-04 -3.3034e-04 -3.2771e-04 -3.2522e-04 -3.2286e-04 -3.2063e-04 -3.1853e-04 -3.1656e-04 -3.1471e-04 -3.1299e-04 -3.1138e-04 -3.0990e-04 -3.0853e-04 -3.0727e-04 -3.0613e-04 -3.0510e-04 -3.0418e-04 -3.0337e-04 -3.0267e-04 -3.0207e-04 -3.0158e-04 -3.0120e-04 -3.0093e-04 -3.0076e-04 -3.0069e-04 -3.0073e-04 -3.0088e-04 -3.0113e-04 -3.0149e-04 -3.0195e-04 -3.0252e-04 -3.0320e-04 -3.0398e-04 -3.0488e-04 -3.0588e-04 -3.0700e-04 -3.0823e-04 -3.0957e-04 -3.1103e-04 -3.1260e-04 -3.1429e-04 -3.1611e-04 -3.1805e-04 -3.2011e-04 -3.2230e-04 -3.2463e-04 -3.2708e-04 -3.2967e-04 -3.3240e-04 -3.3527e-04 -3.3828e-04 -3.4144e-04 -3.4476e-04 -3.4823e-04 -3.5185e-04 
+0000.00100 -3.5368e-04 -3.5005e-04 -3.4657e-04 -3.4323e-04 -3.4004e-04 -3.3700e-04 -3.3409e-04 -3.3131e-04 -3.2867e-04 -3.2617e-04 -3.2379e-04 -3.2154e-04 -3.1942e-04 -3.1743e-04 -3.1555e-04 -3.1380e-04 -3.1216e-04 -3.1065e-04 -3.0925e-04 -3.0797e-04 -3.0680e-04 -3.0574e-04 -3.0480e-04 -3.0397e-04 -3.0325e-04 -3.0264e-04 -3.0214e-04 -3.0175e-04 -3.0147e-04 -3.0129e-04 -3.0123e-04 -3.0127e-04 -3.0142e-04 -3.0168e-04 -3.0205e-04 -3.0252e-04 -3.0311e-04 -3.0381e-04 -3.0461e-04 -3.0553e-04 -3.0656e-04 -3.0770e-04 -3.0896e-04 -3.1033e-04 -3.1182e-04 -3.1342e-04 -3.1514e-04 -3.1698e-04 -3.1895e-04 -3.2104e-04 -3.2325e-04 -3.2559e-04 -3.2805e-04 -3.3065e-04 -3.3338e-04 -3.3625e-04 -3.3925e-04 -3.4240e-04 -3.4568e-04 -3.4911e-04 -3.5269e-04 
+0000.00050 -3.5419e-04 -3.5058e-04 -3.4711e-04 -3.4379e-04 -3.4060e-04 -3.3756e-04 -3.3465e-04 -3.3187e-04 -3.2923e-04 -3.2672e-04 -3.2433e-04 -3.2207e-04 -3.1994e-04 -3.1793e-04 -3.1604e-04 -3.1427e-04 -3.1263e-04 -3.1110e-04 -3.0968e-04 -3.0839e-04 -3.0721e-04 -3.0614e-04 -3.0519e-04 -3.0435e-04 -3.0362e-04 -3.0300e-04 -3.0249e-04 -3.0210e-04 -3.0181e-04 -3.0164e-04 -3.0157e-04 -3.0161e-04 -3.0177e-04 -3.0203e-04 -3.0240e-04 -3.0289e-04 -3.0348e-04 -3.0419e-04 -3.0500e-04 -3.0593e-04 -3.0697e-04 -3.0813e-04 -3.0940e-04 -3.1078e-04 -3.1228e-04 -3.1390e-04 -3.1564e-04 -3.1749e-04 -3.1947e-04 -3.2157e-04 -3.2379e-04 -3.2613e-04 -3.2861e-04 -3.3121e-04 -3.3394e-04 -3.3680e-04 -3.3980e-04 -3.4294e-04 -3.4621e-04 -3.4962e-04 -3.5317e-04 
+0000.00000 -3.5435e-04 -3.5074e-04 -3.4728e-04 -3.4396e-04 -3.4078e-04 -3.3774e-04 -3.3483e-04 -3.3205e-04 -3.2941e-04 -3.2689e-04 -3.2450e-04 -3.2224e-04 -3.2011e-04 -3.1809e-04 -3.1620e-04 -3.1443e-04 -3.1278e-04 -3.1124e-04 -3.0983e-04 -3.0853e-04 -3.0734e-04 -3.0627e-04 -3.0532e-04 -3.0447e-04 -3.0374e-04 -3.0312e-04 -3.0261e-04 -3.0222e-04 -3.0193e-04 -3.0175e-04 -3.0169e-04 -3.0173e-04 -3.0189e-04 -3.0215e-04 -3.0253e-04 -3.0301e-04 -3.0361e-04 -3.0432e-04 -3.0514e-04 -3.0607e-04 -3.0712e-04 -3.0827e-04 -3.0955e-04 -3.1094e-04 -3.1244e-04 -3.1406e-04 -3.1580e-04 -3.1766e-04 -3.1964e-04 -3.2174e-04 -3.2397e-04 -3.2631e-04 -3.2879e-04 -3.3139e-04 -3.3412e-04 -3.3699e-04 -3.3998e-04 -3.4311e-04 -3.4638e-04 -3.4979e-04 -3.5334e-04 
-0000.00050 -3.5418e-04 -3.5057e-04 -3.4711e-04 -3.4378e-04 -3.4060e-04 -3.3756e-04 -3.3465e-04 -3.3187e-04 -3.2923e-04 -3.2671e-04 -3.2433e-04 -3.2207e-04 -3.1994e-04 -3.1793e-04 -3.1604e-04 -3.1427e-04 -3.1263e-04 -3.1110e-04 -3.0968e-04 -3.0839e-04 -3.0721e-04 -3.0614e-04 -3.0519e-04 -3.0435e-04 -3.0362e-04 -3.0300e-04 -3.0249e-04 -3.0210e-04 -3.0181e-04 -3.0164e-04 -3.0157e-04 -3.0161e-04 -3.0177e-04 -3.0203e-04 -3.0240e-04 -3.0289e-04 -3.0348e-04 -3.0419e-04 -3.0500e-04 -3.0593e-04 -3.0697e-04 -3.0813e-04 -3.0940e-04 -3.1078e-04 -3.1228e-04 -3.1390e-04 -3.1564e-04 -3.1749e-04 -3.1947e-04 -3.2156e-04 -3.2379e-04 -3.2613e-04 -3.2861e-04 -3.3121e-04 -3.3394e-04 -3.3681e-04 -3.3980e-04 -3.4294e-04 -3.4621e-04 -3.4962e-04 -3.5318e-04 
-0000.00100 -3.5368e-04 -3.5005e-04 -3.4657e-04 -3.4323e-04 -3.4004e-04 -3.3699e-04 -3.3408e-04 -3.3131e-04 -3.2867e-04 -3.2617e-04 -3.2379e-04 -3.2154e-04 -3.1942e-04 -3.1742e-04 -3.1555e-04 -3.1380e-04 -3.1216e-04 -3.1065e-04 -3.0925e-04 -3.0797e-04 -3.0680e-04 -3.0574e-04 -3.0480e-04 -3.0397e-04 -3.0325e-04 -3.0264e-04 -3.0214e-04 -3.0175e-04 -3.0146e-04 -3.0129e-04 -3.0123e-04 -3.0127e-04 -3.0142e-04 -3.0168e-04 -3.0205e-04 -3.0252e-04 -3.0311e-04 -3.0381e-04 -3.0461e-04 -3.0553e-04 -3.0656e-04 -3.0770e-04 -3.0896e-04 -3.1033e-04 -3.1182e-04 -3.1342e-04 -3.1514e-04 -3.1698e-04 -3.1895e-04 -3.2104e-04 -3.2325e-04 -3.2559e-04 -3.2805e-04 -3.3065e-04 -3.3338e-04 -3.3625e-04 -3.3925e-04 -3.4240e-04 -3.4568e-04 -3.4911e-04 -3.5269e-04 
-0000.00150 -3.5282e-04 -3.4915e-04 -3.4563e-04 -3.4227e-04 -3.3907e-04 -3.3601e-04 -3.3310e-04 -3.3033e-04 -3.2770e-04 -3.2521e-04 -3.2285e-04 -3.2063e-04 -3.1853e-04 -3.1656e-04 -3.1471e-04 -3.1299e-04 -3.1138e-04 -3.0990e-04 -3.0853e-04 -3.0727e-04 -3.0613e-04 -3.0510e-04 -3.0418e-04 -3.0337e-04 -3.0267e-04 -3.0207e-04 -3.0158e-04 -3.0120e-04 -3.0093e-04 -3.0076e-04 -3.0069e-04 -3.0073e-04 -3.0088e-04 -3.0113e-04 -3.0149e-04 -3.0195e-04 -3.0252e-04 -3.0320e-04 -3.0398e-04 -3.0488e-04 -3.0588e-04 -3.0700e-04 -3.0822e-04 -3.0957e-04 -3.1102e-04 -3.1260e-04 -3.1429e-04 -3.1611e-04 -3.1805e-04 -3.2011e-04 -3.2230e-04 -3.2463e-04 -3.2708e-04 -3.2967e-04 -3.3240e-04 -3.3527e-04 -3.3829e-04 -3.4145e-04 -3.4476e-04 -3.4823e-04 -3.5186e-04 
-0000.00200 -3.5355e-04 -3.4977e-04 -3.4617e-04 -3.4275e-04 -3.3950e-04 -3.3642e-04 -3.3350e-04 -3.3073e-04 -3.2811e-04 -3.2564e-04 -3.2332e-04 -3.2113e-04 -3.1907e-04 -3.1715e-04 -3.1536e-04 -3.1369e-04 -3.1214e-04 -3.1071e-04 -3.0939e-04 -3.0819e-04 -3.0710e-04 -3.0612e-04 -3.0525e-04 -3.0448e-04 -3.0381e-04 -3.0325e-04 -3.0279e-04 -3.0243e-04 -3.0217e-04 -3.0201e-04 -3.0194e-04 -3.0198e-04 -3.0212e-04 -3.0235e-04 -3.0269e-04 -3.0312e-04 -3.0366e-04 -3.0430e-04 -3.0504e-04 -3.0589e-04 -3.0684e-04 -3.0790e-04 -3.0908e-04 -3.1036e-04 -3.1177e-04 -3.1328e-04 -3.1492e-04 -3.1669e-04 -3.1858e-04 -3.2060e-04 -3.2275e-04 -3.2505e-04 -3.2748e-04 -3.3006e-04 -3.3279e-04 -3.3568e-04 -3.3872e-04 -3.4193e-04 -3.4531e-04 -3.4886e-04 -3.5260e-04 
# Total Vertical 2nd Order Kick [T2m2]
START
            -0000.01000 -0000.00967 -0000.00933 -0000.00900 -0000.00867 -0000.00833 -0000.00800 -0000.00767 -0000.00733 -0000.00700 -0000.00667 -0000.00633 -0000.00600 -0000.00567 -0000.00533 -0000.00500 -0000.00467 -0000.00433 -0000.00400 -0000.00367 -0000.00333 -0000.00300 -0000.00267 -0000.00233 -0000.00200 -0000.00167 -0000.00133 -0000.00100 -0000.00067 -0000.00033 +0000.00000 +0000.00033 +0000.00067 +0000.00100 +0000.00133 +0000.00167 +0000.00200 +0000.00233 +0000.00267 +0000.00300 +0000.00333 +0000.00367 +0000.00400 +0000.00433 +0000.00467 +0000.00500 +0000.00533 +0000.00567 +0000.00600 +0000.00633 +0000.00667 +0000.00700 +0000.00733 +0000.00767 +0000.00800 +0000.00833 +0000.00867 +0000.00900 +0000.00933 +0000.00967 +0000.01000 
+0000.00200 -3.5356e-04 -3.4978e-04 -3.4618e-04 -3.4276e-04 -3.3951e-04 -3.3642e-04 -3.3350e-04 -3.3073e-04 -3.2811e-04 -3.2564e-04 -3.2332e-04 -3.2113e-04 -3.1907e-04 -3.1715e-04 -3.1536e-04 -3.1369e-04 -3.1214e-04 -3.1071e-04 -3.0939e-04 -3.0819e-04 -3.0710e-04 -3.0612e-04 -3.0524e-04 -3.0447e-04 -3.0381e-04 -3.0325e-04 -3.0279e-04 -3.0243e-04 -3.0217e-04 -3.0200e-04 -3.0194e-04 -3.0198e-04 -3.0212e-04 -3.0235e-04 -3.0269e-04 -3.0312e-04 -3.0366e-04 -3.0430e-04 -3.0504e-04 -3.0589e-04 -3.0684e-04 -3.0791e-04 -3.0908e-04 -3.1037e-04 -3.1177e-04 -3.1329e-04 -3.1493e-04 -3.1669e-04 -3.1858e-04 -3.2060e-04 -3.2275e-04 -3.2505e-04 -3.2748e-04 -3.3006e-04 -3.3279e-04 -3.3567e-04 -3.3871e-04 -3.4192e-04 -3.4530e-04 -3.4885e-04 -3.5259e-04 
+0000.00150 -3.5356e-04 -3.4978e-04 -3.4618e-04 -3.4276e-04 -3.3951e-04 -3.3642e-04 -3.3350e-04 -3.3073e-04 -3.2811e-04 -3.2564e-04 -3.2332e-04 -3.2113e-04 -3.1907e-04 -3.1715e-04 -3.1536e-04 -3.1369e-04 -3.1214e-04 -3.1071e-04 -3.0939e-04 -3.0819e-04 -3.0710e-04 -3.0612e-04 -3.0524e-04 -3.0447e-04 -3.0381e-04 -3.0325e-04 -3.0279e-04 -3.0243e-04 -3.0217e-04 -3.0200e-04 -3.0194e-04 -3.0198e-04 -3.0212e-04 -3.0235e-04 -3.0269e-04 -3.0312e-04 -3.0366e-04 -3.0430e-04 -3.0504e-04 -3.0589e-04 -3.0684e-04 -3.0791e-04 -3.0908e-04 -3.1037e-04 -3.1177e-04 -3.1329e-04 -3.1493e-04 -3.1669e-04 -3.1858e-04 -3.2060e-04 -3.2275e-04 -3.2505e-04 -3.2748e-04 -3.3006e-04 -3.3279e-04 -3.3567e-04 -3.3871e-04 -3.4192e-04 -3.4530e-04 -3.4885e-04 -3.5259e-04 
+0000.00100 -3.5356e-04 -3.4978e-04 -3.4618e-04 -3.4276e-04 -3.3951e-04 -3.3642e-04 -3.3350e-04 -3.3073e-04 -3.2811e-04 -3.2564e-04 -3.2332e-04 -3.2113e-04 -3.1907e-04 -3.1715e-04 -3.1536e-04 -3.1369e-04 -3.1214e-04 -3.1071e-04 -3.0939e-04 -3.0819e-04 -3.0710e-04 -3.0612e-04 -3.0524e-04 -3.0447e-04 -3.0381e-04 -3.0325e-04 -3.0279e-04 -3.0243e-04 -3.0217e-04 -3.0200e-04 -3.0194e-04 -3.0198e-04 -3.0212e-04 -3.0235e-04 -3.0269e-04 -3.0312e-04 -3.0366e-04 -3.0430e-04 -3.0504e-04 -3.0589e-04 -3.0684e-04 -3.0791e-04 -3.0908e-04 -3.1037e-04 -3.1177e-04 -3.1329e-04 -3.1493e-04 -3.1669e-04 -3.1858e-04 -3.2060e-04 -3.2275e-04 -3.2505e-04 -3.2748e-04 -3.3006e-04 -3.3279e-04 -3.3567e-04 -3.3871e-04 -3.4192e-04 -3.4530e-04 -3.4885e-04 -3.5259e-04 
+0000.00050 -3.5356e-04 -3.4978e-04 -3.4618e-04 -3.4276e-04 -3.3951e-04 -3.3642e-04 -3.3350e-04 -3.3073e-04 -3.2811e-04 -3.2564e-04 -3.2332e-04 -3.2113e-04 -3.1907e-04 -3.1715e-04 -3.1536e-04 -3.1369e-04 -3.1214e-04 -3.1071e-04 -3.0939e-04 -3.0819e-04 -3.0710e-04 -3.0612e-04 -3.0524e-04 -3.0447e-04 -3.0381e-04 -3.0325e-04 -3.0279e-04 -3.0243e-04 -3.0217e-04 -3.0200e-04 -3.0194e-04 -3.0198e-04 -3.0212e-04 -3.0235e-04 -3.0269e-04 -3.0312e-04 -3.0366e-04 -3.0430e-04 -3.0504e-04 -3.0589e-04 -3.0684e-04 -3.0791e-04 -3.0908e-04 -3.1037e-04 -3.1177e-04 -3.1329e-04 -3.1493e-04 -3.1669e-04 -3.1858e-04 -3.2060e-04 -3.2275e-04 -3.2505e-04 -3.2748e-04 -3.3006e-04 -3.3279e-04 -3.3567e-04 -3.3871e-04 -3.4192e-04 -3.4530e-04 -3.4885e-04 -3.5259e-04 
+0000.00000 -3.5356e-04 -3.4978e-04 -3.4618e-04 -3.4276e-04 -3.3951e-04 -3.3642e-04 -3.3350e-04 -3.3073e-04 -3.2811e-04 -3.2564e-04 -3.2332e-04 -3.2113e-04 -3.1907e-04 -3.1715e-04 -3.1536e-04 -3.1369e-04 -3.1214e-04 -3.1071e-04 -3.0939e-04 -3.0819e-04 -3.0710e-04 -3.0612e-04 -3.0524e-04 -3.0447e-04 -3.0381e-04 -3.0325e-04 -3.0279e-04 -3.0243e-04 -3.0217e-04 -3.0200e-04 -3.0194e-04 -3.0198e-04 -3.0212e-04 -3.0235e-04 -3.0269e-04 -3.0312e-04 -3.0366e-04 -3.0430e-04 -3.0504e-04 -3.0589e-04 -3.0684e-04 -3.0791e-04 -3.0908e-04 -3.1037e-04 -3.1177e-04 -3.1329e-04 -3.1493e-04 -3.1669e-04 -3.1858e-04 -3.2060e-04 -3.2275e-04 -3.2505e-04 -3.2748e-04 -3.3006e-04 -3.3279e-04 -3.3567e-04 -3.3871e-04 -3.4192e-04 -3.4530e-04 -3.4885e-04 -3.5259e-04 
-0000.00050 -3.5356e-04 -3.4978e-04 -3.4618e-04 -3.4276e-04 -3.3951e-04 -3.3642e-04 -3.3350e-04 -3.3073e-04 -3.2811e-04 -3.2564e-04 -3.2332e-04 -3.2113e-04 -3.1907e-04 -3.1715e-04 -3.1536e-04 -3.1369e-04 -3.1214e-04 -3.1071e-04 -3.0939e-04 -3.0819e-04 -3.0710e-04 -3.0612e-04 -3.0524e-04 -3.0447e-04 -3.0381e-04 -3.0325e-04 -3.0279e-04 -3.0243e-04 -3.0217e-04 -3.0200e-04 -3.0194e-04 -3.0198e-04 -3.0212e-04 -3.0235e-04 -3.0269e-04 -3.0312e-04 -3.0366e-04 -3.0430e-04 -3.0504e-04 -3.0589e-04 -3.0684e-04 -3.0791e-04 -3.0908e-04 -3.1037e-04 -3.1177e-04 -3.1329e-04 -3.1493e-04 -3.1669e-04 -3.1858e-04 -3.2060e-04 -3.2275e-04 -3.2505e-04 -3.2748e-04 -3.3006e-04 -3.3279e-04 -3.3567e-04 -3.3871e-04 -3.4192e-04 -3.4530e-04 -3.4885e-04 -3.5259e-04 
-0000.00100 -3.5356e-04 -3.4978e-04 -3.4618e-04 -3.4276e-04 -3.3951e-04 -3.3642e-04 -3.3350e-04 -3.3073e-04 -3.2811e-04 -3.2564e-04 -3.2332e-04 -3.2113e-04 -3.1907e-04 -3.1715e-04 -3.1536e-04 -3.1369e-04 -3.1214e-04 -3.1071e-04 -3.0939e-04 -3.0819e-04 -3.0710e-04 -3.0612e-04 -3.0524e-04 -3.0447e-04 -3.0381e-04 -3.0325e-04 -3.0279e-04 -3.0243e-04 -3.0217e-04 -3.0200e-04 -3.0194e-04 -3.0198e-04 -3.0212e-04 -3.0235e-04 -3.0269e-04 -3.0312e-04 -3.0366e-04 -3.0430e-04 -3.0504e-04 -3.0589e-04 -3.0684e-04 -3.0791e-04 -3.0908e-04 -3.1037e-04 -3.1177e-04 -3.1329e-04 -3.1493e-04 -3.1669e-04 -3.1858e-04 -3.2060e-04 -3.2275e-04 -3.2505e-04 -3.2748e-04 -3.3006e-04 -3.3279e-04 -3.3567e-04 -3.3871e-04 -3.4192e-04 -3.4530e-04 -3.4885e-04 -3.5259e-04 
-0000.00150 -3.5356e-04 -3.4978e-04 -3.4618e-04 -3.4276e-04 -3.3951e-04 -3.3642e-04 -3.3350e-04 -3.3073e-04 -3.2811e-04 -3.2564e-04 -3.2332e-04 -3.2113e-04 -3.1907e-04 -3.1715e-04 -3.1536e-04 -3.1369e-04 -3.1214e-04 -3.1071e-04 -3.0939e-04 -3.0819e-04 -3.0710e-04 -3.0612e-04 -3.0524e-04 -3.0447e-04 -3.0381e-04 -3.0325e-04 -3.0279e-04 -3.0243e-04 -3.0217e-04 -3.0200e-04 -3.0194e-04 -3.0198e-04 -3.0212e-04 -3.0235e-04 -3.0269e-04 -3.0312e-04 -3.0366e-04 -3.0430e-04 -3.0504e-04 -3.0589e-04 -3.0684e-04 -3.0791e-04 -3.0908e-04 -3.1037e-04 -3.1177e-04 -3.1329e-04 -3.1493e-04 -3.1669e-04 -3.1858e-04 -3.2060e-04 -3.2275e-04 -3.2505e-04 -3.2748e-04 -3.3006e-04 -3.3279e-04 -3.3567e-04 -3.3871e-04 -3.4192e-04 -3.4530e-04 -3.4885e-04 -3.5259e-04 
-0000.00200 -3.5356e-04 -3.4978e-04 -3.4618e-04 -3.4276e-04 -3.3951e-04 -3.3642e-04 -3.3350e-04 -3.3073e-04 -3.2811e-04 -3.2564e-04 -3.2332e-04 -3.2113e-04 -3.1907e-04 -3.1715e-04 -3.1536e-04 -3.1369e-04 -3.1214e-04 -3.1071e-04 -3.0939e-04 -3.0819e-04 -3.0710e-04 -3.0612e-04 -3.0524e-04 -3.0447e-04 -3.0381e-04 -3.0325e-04 -3.0279e-04 -3.0243e-04 -3.0217e-04 -3.0200e-04 -3.0194e-04 -3.0198e-04 -3.0212e-04 -3.0235e-04 -3.0269e-04 -3.0312e-04 -3.0366e-04 -3.0430e-04 -3.0504e-04 -3.0589e-04 -3.0684e-04 -3.0791e-04 -3.0908e-04 -3.1037e-04 -3.1177e-04 -3.1329e-04 -3.1493e-04 -3.1669e-04 -3.1858e-04 -3.2060e-04 -3.2275e-04 -3.2505e-04 -3.2748e-04 -3.3006e-04 -3.3279e-04 -3.3567e-04 -3.3871e-04 -3.4192e-04 -3.4530e-04 -3.4885e-04 -3.5259e-04 
# Horizontal Final Position [m]
START
            -0000.01000 -0000.00967 -0000.00933 -0000.00900 -0000.00867 -0000.00833 -0000.00800 -0000.00767 -0000.00733 -0000.00700 -0000.00667 -0000.00633 -0000.00600 -0000.00567 -0000.00533 -0000.00500 -0000.00467 -0000.00433 -0000.00400 -0000.00367 -0000.00333 -0000.00300 -0000.00267 -0000.00233 -0000.00200 -0000.00167 -0000.00133 -0000.00100 -0000.00067 -0000.00033 +0000.00000 +0000.00033 +0000.00067 +0000.00100 +0000.00133 +0000.00167 +0000.00200 +0000.00233 +0000.00267 +0000.00300 +0000.00333 +0000.00367 +0000.00400 +0000.00433 +0000.00467 +0000.00500 +0000.00533 +0000.00567 +0000.00600 +0000.00633 +0000.00667 +0000.00700 +0000.00733 +0000.00767 +0000.00800 +0000.00833 +0000.00867 +0000.00900 +0000.00933 +0000.00967 +0000.01000 
+0000.00200 -1.0001e-02 -9.6673e-03 -9.3340e-03 -9.0007e-03 -8.6674e-03 -8.3341e-03 -8.0008e-03 -7.6675e-03 -7.3342e-03 -7.0009e-03 -6.6676e-03 -6.3343e-03 -6.0010e-03 -5.6677e-03 -5.3343e-03 -5.0010e-03 -4.6677e-03 -4.3344e-03 -4.0010e-03 -3.6677e-03 -3.3344e-03 -3.0010e-03 -2.6677e-03 -2.3344e-03 -2.0010e-03 -1.6677e-03 -1.3344e-03 -1.0010e-03 -6.6771e-04 -3.3438e-04 -1.0467e-06 +3.3229e-04 +6.6562e-04 +9.9896e-04 +1.3323e-03 +1.6656e-03 +1.9990e-03 +2.3323e-03 +2.6656e-03 +2.9990e-03 +3.3323e-03 +3.6656e-03 +3.9990e-03 +4.3323e-03 +4.6657e-03 +4.9990e-03 +5.3324e-03 +5.6657e-03 +5.9991e-03 +6.3324e-03 +6.6658e-03 +6.9991e-03 +7.3325e-03 +7.6658e-03 +7.9992e-03 +8.3326e-03 +8.6660e-03 +8.9994e-03 +9.3327e-03 +9.6661e-03 +9.9995e-03 
+0000.00150 -1.0001e-02 -9.6673e-03 -9.3340e-03 -9.0007e-03 -8.6674e-03 -8.3341e-03 -8.0008e-03 -7.6675e-03 -7.3342e-03 -7.0009e-03 -6.6676e-03 -6.3343e-03 -6.0010e-03 -5.6677e-03 -5.3343e-03 -5.0010e-03 -4.6677e-03 -4.3344e-03 -4.0010e-03 -3.6677e-03 -3.3344e-03 -3.0010e-03 -2.6677e-03 -2.3344e-03 -2.0010e-03 -1.6677e-03 -1.3344e-03 -1.0010e-03 -6.6771e-04 -3.3438e-04 -1.0460e-06 +3.3229e-04 +6.6562e-04 +9.9896e-04 +1.3323e-03 +1.6656e-03 +1.9990e-03 +2.3323e-03 +2.6656e-03 +2.9990e-03 +3.3323e-03 +3.6656e-03 +3.9990e-03 +4.3323e-03 +4.6657e-03 +4.9990e-03 +5.3324e-03 +5.6657e-03 +5.9991e-03 +6.3324e-03 +6.6658e-03 +6.9991e-03 +7.3325e-03 +7.6658e-03 +7.9992e-03 +8.3326e-03 +8.6660e-03 +8.9994e-03 +9.3327e-03 +9.6661e-03 +9.9995e-03 
+0000.00100 -1.0001e-02 -9.6673e-03 -9.3340e-03 -9.0007e-03 -8.6674e-03 -8.3341e-03 -8.0008e-03 -7.6675e-03 -7.3342e-03 -7.0009e-03 -6.6676e-03 -6.3343e-03 -6.0010e-03 -5.6676e-03 -5.3343e-03 -5.0010e-03 -4.6677e-03 -4.3343e-03 -4.0010e-03 -3.6677e-03 -3.3344e-03 -3.0010e-03 -2.6677e-03 -2.3344e-03 -2.0010e-03 -1.6677e-03 -1.3344e-03 -1.0010e-03 -6.6769e-04 -3.3436e-04 -1.0211e-06 +3.3231e-04 +6.6565e-04 +9.9898e-04 +1.3323e-03 +1.6656e-03 +1.9990e-03 +2.3323e-03 +2.6657e-03 +2.9990e-03 +3.3323e-03 +3.6657e-03 +3.9990e-03 +4.3323e-03 +4.6657e-03 +4.9990e-03 +5.3324e-03 +5.6657e-03 +5.9991e-03 +6.3324e-03 +6.6658e-03 +6.9991e-03 +7.3325e-03 +7.6658e-03 +7.9992e-03 +8.3326e-03 +8.6660e-03 +8.9993e-03 +9.3327e-03 +9.6661e-03 +9.9995e-03 
+0000.00050 -1.0001e-02 -9.6673e-03 -9.3340e-03 -9.0007e-03 -8.6674e-03 -8.3341e-03 -8.0008e-03 -7.6675e-03 -7.3342e-03 -7.0009e-03 -6.6676e-03 -6.3343e-03 -6.0010e-03 -5.6676e-03 -5.3343e-03 -5.0010e-03 -4.6677e-03 -4.3343e-03 -4.0010e-03 -3.6677e-03 -3.3344e-03 -3.0010e-03 -2.6677e-03 -2.3344e-03 -2.0010e-03 -1.6677e-03 -1.3344e-03 -1.0010e-03 -6.6769e-04 -3.3436e-04 -1.0212e-06 +3.3231e-04 +6.6565e-04 +9.9898e-04 +1.3323e-03 +1.6656e-03 +1.9990e-03 +2.3323e-03 +2.6657e-03 +2.9990e-03 +3.3323e-03 +3.6657e-03 +3.9990e-03 +4.3323e-03 +4.6657e-03 +4.9990e-03 +5.3324e-03 +5.6657e-03 +5.9991e-03 +6.3324e-03 +6.6658e-03 +6.9991e-03 +7.3325e-03 +7.6658e-03 +7.9992e-03 +8.3326e-03 +8.6660e-03 +8.9993e-03 +9.3327e-03 +9.6661e-03 +9.9995e-03 
+0000.00000 -1.0001e-02 -9.6673e-03 -9.3340e-03 -9.0007e-03 -8.6674e-03 -8.3341e-03 -8.0008e-03 -7.6675e-03 -7.3342e-03 -7.0009e-03 -6.6676e-03 -6.3343e-03 -6.0010e-03 -5.6676e-03 -5.3343e-03 -5.0010e-03 -4.6677e-03 -4.3343e-03 -4.0010e-03 -3.6677e-03 -3.3344e-03 -3.0010e-03 -2.6677e-03 -2.3344e-03 -2.0010e-03 -1.6677e-03 -1.3344e-03 -1.0010e-03 -6.6769e-04 -3.3436e-04 -1.0211e-06 +3.3231e-04 +6.6565e-04 +9.9898e-04 +1.3323e-03 +1.6656e-03 +1.9990e-03 +2.3323e-03 +2.6657e-03 +2.9990e-03 +3.3323e-03 +3.6657e-03 +3.9990e-03 +4.3323e-03 +4.6657e-03 +4.9990e-03 +5.3324e-03 +5.6657e-03 +5.9991e-03 +6.3324e-03 +6.6658e-03 +6.9991e-03 +7.3325e-03 +7.6658e-03 +7.9992e-03 +8.3326e-03 +8.6660e-03 +8.9993e-03 +9.3327e-03 +9.6661e-03 +9.9995e-03 
-0000.00050 -1.0001e-02 -9.6673e-03 -9.3340e-03 -9.0007e-03 -8.6674e-03 -8.3341e-03 -8.0008e-03 -7.6675e-03 -7.3342e-03 -7.0009e-03 -6.6676e-03 -6.3343e-03 -6.0010e-03 -5.6676e-03 -5.3343e-03 -5.0010e-03 -4.6677e-03 -4.3343e-03 -4.0010e-03 -3.6677e-03 -3.3344e-03 -3.0010e-03 -2.6677e-03 -2.3344e-03 -2.0010e-03 -1.6677e-03 -1.3344e-03 -1.0010e-03 -6.6769e-04 -3.3436e-04 -1.0212e-06 +3.3231e-04 +6.6565e-04 +9.9898e-04 +1.3323e-03 +1.6656e-03 +1.9990e-03 +2.3323e-03 +2.6657e-03 +2.9990e-03 +3.3323e-03 +3.6657e-03 +3.9990e-03 +4.3323e-03 +4.6657e-03 +4.9990e-03 +5.3324e-03 +5.6657e-03 +5.9991e-03 +6.3324e-03 +6.6658e-03 +6.9991e-03 +7.3325e-03 +7.6658e-03 +7.9992e-03 +8.3326e-03 +8.6660e-03 +8.9993e-03 +9.3327e-03 +9.6661e-03 +9.9995e-03 
-0000.00100 -1.0001e-02 -9.6673e-03 -9.3340e-03 -9.0007e-03 -8.6674e-03 -8.3341e-03 -8.0008e-03 -7.6675e-03 -7.3342e-03 -7.0009e-03 -6.6676e-03 -6.3343e-03 -6.0010e-03 -5.6676e-03 -5.3343e-03 -5.0010e-03 -4.6677e-03 -4.3343e-03 -4.0010e-03 -3.6677e-03 -3.3344e-03 -3.0010e-03 -2.6677e-03 -2.3344e-03 -2.0010e-03 -1.6677e-03 -1.3344e-03 -1.0010e-03 -6.6769e-04 -3.3436e-04 -1.0211e-06 +3.3231e-04 +6.6565e-04 +9.9898e-04 +1.3323e-03 +1.6656e-03 +1.9990e-03 +2.3323e-03 +2.6657e-03 +2.9990e-03 +3.3323e-03 +3.6657e-03 +3.9990e-03 +4.3323e-03 +4.6657e-03 +4.9990e-03 +5.3324e-03 +5.6657e-03 +5.9991e-03 +6.3324e-03 +6.6658e-03 +6.9991e-03 +7.3325e-03 +7.6658e-03 +7.9992e-03 +8.3326e-03 +8.6660e-03 +8.9993e-03 +9.3327e-03 +9.6661e-03 +9.9995e-03 
-0000.00150 -1.0001e-02 -9.6673e-03 -9.3340e-03 -9.0007e-03 -8.6674e-03 -8.3341e-03 -8.0008e-03 -7.6675e-03 -7.3342e-03 -7.0009e-03 -6.6676e-03 -6.3343e-03 -6.0010e-03 -5.6677e-03 -5.3343e-03 -5.0010e-03 -4.6677e-03 -4.3344e-03 -4.0010e-03 -3.6677e-03 -3.3344e-03 -3.0010e-03 -2.6677e-03 -2.3344e-03 -2.0010e-03 -1.6677e-03 -1.3344e-03 -1.0010e-03 -6.6771e-04 -3.3438e-04 -1.0460e-06 +3.3229e-04 +6.6562e-04 +9.9896e-04 +1.3323e-03 +1.6656e-03 +1.9990e-03 +2.3323e-03 +2.6656e-03 +2.9990e-03 +3.3323e-03 +3.6656e-03 +3.9990e-03 +4.3323e-03 +4.6657e-03 +4.9990e-03 +5.3324e-03 +5.6657e-03 +5.9991e-03 +6.3324e-03 +6.6658e-03 +6.9991e-03 +7.3325e-03 +7.6658e-03 +7.9992e-03 +8.3326e-03 +8.6660e-03 +8.9994e-03 +9.3327e-03 +9.6661e-03 +9.9995e-03 
-0000.00200 -1.0001e-02 -9.6673e-03 -9.3340e-03 -9.0007e-03 -8.6674e-03 -8.3341e-03 -8.0008e-03 -7.6675e-03 -7.3342e-03 -7.0009e-03 -6.6676e-03 -6.3343e-03 -6.0010e-03 -5.6677e-03 -5.3343e-03 -5.0010e-03 -4.6677e-03 -4.3344e-03 -4.0010e-03 -3.6677e-03 -3.3344e-03 -3.0010e-03 -2.6677e-03 -2.3344e-03 -2.0010e-03 -1.6677e-03 -1.3344e-03 -1.0010e-03 -6.6771e-04 -3.3438e-04 -1.0467e-06 +3.3229e-04 +6.6562e-04 +9.9896e-04 +1.3323e-03 +1.6656e-03 +1.9990e-03 +2.3323e-03 +2.6656e-03 +2.9990e-03 +3.3323e-03 +3.6656e-03 +3.9990e-03 +4.3323e-03 +4.6657e-03 +4.9990e-03 +5.3324e-03 +5.6657e-03 +5.9991e-03 +6.3324e-03 +6.6658e-03 +6.9991e-03 +7.3325e-03 +7.6658e-03 +7.9992e-03 +8.3326e-03 +8.6660e-03 +8.9994e-03 +9.3327e-03 +9.6661e-03 +9.9995e-03 
# Vertical Final Position [m]
START
            -0000.01000 -0000.00967 -0000.00933 -0000.00900 -0000.00867 -0000.00833 -0000.00800 -0000.00767 -0000.00733 -0000.00700 -0000.00667 -0000.00633 -0000.00600 -0000.00567 -0000.00533 -0000.00500 -0000.00467 -0000.00433 -0000.00400 -0000.00367 -0000.00333 -0000.00300 -0000.00267 -0000.00233 -0000.00200 -0000.00167 -0000.00133 -0000.00100 -0000.00067 -0000.00033 +0000.00000 +0000.00033 +0000.00067 +0000.00100 +0000.00133 +0000.00167 +0000.00200 +0000.00233 +0000.00267 +0000.00300 +0000.00333 +0000.00367 +0000.00400 +0000.00433 +0000.00467 +0000.00500 +0000.00533 +0000.00567 +0000.00600 +0000.00633 +0000.00667 +0000.00700 +0000.00733 +0000.00767 +0000.00800 +0000.00833 +0000.00867 +0000.00900 +0000.00933 +0000.00967 +0000.01000 
+0000.00200 +2.0001e-03 +2.0001e-03 +2.0000e-03 +2.0000e-03 +2.0000e-03 +2.0000e-03 +2.0000e-03 +2.0000e-03 +2.0000e-03 +2.0000e-03 +2.0000e-03 +2.0000e-03 +2.0000e-03 +2.0000e-03 +1.9999e-03 +1.9999e-03 +1.9999e-03 +1.9999e-03 +1.9999e-03 +1.9999e-03 +1.9999e-03 +1.9999e-03 +1.9999e-03 +1.9999e-03 +1.9999e-03 +1.9999e-03 +1.9999e-03 +1.9999e-03 +1.9998e-03 +1.9998e-03 +1.9998e-03 +1.9998e-03 +1.9998e-03 +1.9998e-03 +1.9998e-03 +1.9998e-03 +1.9998e-03 +1.9998e-03 +1.9998e-03 +1.9998e-03 +1.9998e-03 +1.9998e-03 +1.9998e-03 +1.9998e-03 +1.9998e-03 +1.9998e-03 +1.9998e-03 +1.9998e-03 +1.9997e-03 +1.9997e-03 +1.9997e-03 +1.9997e-03 +1.9997e-03 +1.9997e-03 +1.9997e-03 +1.9997e-03 +1.9997e-03 +1.9997e-03 +1.9997e-03 +1.9996e-03 +1.9996e-03 
+0000.00150 +1.5001e-03 +1.5001e-03 +1.5000e-03 +1.5000e-03 +1.5000e-03 +1.5000e-03 +1.5000e-03 +1.5000e-03 +1.5000e-03 +1.5000e-03 +1.5000e-03 +1.5000e-03 +1.5000e-03 +1.5000e-03 +1.5000e-03 +1.5000e-03 +1.5000e-03 +1.5000e-03 +1.5000e-03 +1.5000e-03 +1.4999e-03 +1.4999e-03 +1.4999e-03 +1.4999e-03 +1.4999e-03 +1.4999e-03 +1.4999e-03 +1.4999e-03 +1.4999e-03 +1.4999e-03 +1.4999e-03 +1.4999e-03 +1.4999e-03 +1.4999e-03 +1.4999e-03 +1.4999e-03 +1.4999e-03 +1.4999e-03 +1.4999e-03 +1.4999e-03 +1.4999e-03 +1.4998e-03 +1.4998e-03 +1.4998e-03 +1.4998e-03 +1.4998e-03 +1.4998e-03 +1.4998e-03 +1.4998e-03 +1.4998e-03 +1.4998e-03 +1.4998e-03 +1.4998e-03 +1.4998e-03 +1.4998e-03 +1.4998e-03 +1.4998e-03 +1.4998e-03 +1.4998e-03 +1.4997e-03 +1.4997e-03 
+0000.00100 +1.0000e-03 +1.0000e-03 +1.0000e-03 +1.0000e-03 +1.0000e-03 +1.0000e-03 +1.0000e-03 +1.0000e-03 +1.0000e-03 +9.9999e-04 +9.9999e-04 +9.9998e-04 +9.9998e-04 +9.9998e-04 +9.9998e-04 +9.9997e-04 +9.9997e-04 +9.9997e-04 +9.9997e-04 +9.9996e-04 +9.9996e-04 +9.9996e-04 +9.9996e-04 +9.9996e-04 +9.9995e-04 +9.9995e-04 +9.9995e-04 +9.9995e-04 +9.9994e-04 +9.9994e-04 +9.9994e-04 +9.9994e-04 +9.9993e-04 +9.9993e-04 +9.9993e-04 +9.9993e-04 +9.9992e-04 +9.9992e-04 +9.9992e-04 +9.9991e-04 +9.9991e-04 +9.9991e-04 +9.9990e-04 +9.9990e-04 +9.9990e-04 +9.9989e-04 +9.9989e-04 +9.9988e-04 +9.9988e-04 +9.9988e-04 +9.9987e-04 +9.9987e-04 +9.9986e-04 +9.9986e-04 +9.9985e-04 +9.9985e-04 +9.9984e-04 +9.9984e-04 +9.9983e-04 +9.9983e-04 +9.9982e-04 
+0000.00050 +5.0003e-04 +5.0002e-04 +5.0002e-04 +5.0002e-04 +5.0002e-04 +5.0001e-04 +5.0001e-04 +5.0001e-04 +5.0001e-04 +5.0001e-04 +5.0000e-04 +5.0000e-04 +5.0000e-04 +5.0000e-04 +5.0000e-04 +4.9999e-04 +4.9999e-04 +4.9999e-04 +4.9999e-04 +4.9999e-04 +4.9999e-04 +4.9998e-04 +4.9998e-04 +4.9998e-04 +4.9998e-04 +4.9998e-04 +4.9998e-04 +4.9997e-04 +4.9997e-04 +4.9997e-04 +4.9997e-04 +4.9997e-04 +4.9997e-04 +4.9997e-04 +4.9996e-04 +4.9996e-04 +4.9996e-04 +4.9996e-04 +4.9996e-04 +4.9996e-04 +4.9996e-04 +4.9995e-04 +4.9995e-04 +4.9995e-04 +4.9995e-04 +4.9995e-04 +4.9995e-04 +4.9994e-04 +4.9994e-04 +4.9994e-04 +4.9994e-04 +4.9994e-04 +4.9993e-04 +4.9993e-04 +4.9993e-04 +4.9993e-04 +4.9992e-04 +4.9992e-04 +4.9992e-04 +4.9992e-04 +4.9991e-04 
+0000.00000 -3.2115e-11 -3.2280e-11 -3.2561e-11 -3.2947e-11 -3.3424e-11 -3.3982e-11 -3.4609e-11 -3.5294e-11 -3.6027e-11 -3.6799e-11 -3.7599e-11 -3.8419e-11 -3.9250e-11 -4.0083e-11 -4.0913e-11 -4.1730e-11 -4.2528e-11 -4.3301e-11 -4.4044e-11 -4.4749e-11 -4.5413e-11 -4.6030e-11 -4.6597e-11 -4.7110e-11 -4.7565e-11 -4.7959e-11 -4.8291e-11 -4.8557e-11 -4.8758e-11 -4.8890e-11 -4.8954e-11 -4.8949e-11 -4.8876e-11 -4.8735e-11 -4.8527e-11 -4.8254e-11 -4.7917e-11 -4.7520e-11 -4.7064e-11 -4.6553e-11 -4.5991e-11 -4.5381e-11 -4.4729e-11 -4.4039e-11 -4.3317e-11 -4.2568e-11 -4.1800e-11 -4.1018e-11 -4.0229e-11 -3.9442e-11 -3.8664e-11 -3.7905e-11 -3.7172e-11 -3.6475e-11 -3.5824e-11 -3.5229e-11 -3.4701e-11 -3.4251e-11 -3.3891e-11 -3.3632e-11 -3.3486e-11 
-0000.00050 -5.0003e-04 -5.0002e-04 -5.0002e-04 -5.0002e-04 -5.0002e-04 -5.0001e-04 -5.0001e-04 -5.0001e-04 -5.0001e-04 -5.0001e-04 -5.0000e-04 -5.0000e-04 -5.0000e-04 -5.0000e-04 -5.0000e-04 -4.9999e-04 -4.9999e-04 -4.9999e-04 -4.9999e-04 -4.9999e-04 -4.9999e-04 -4.9998e-04 -4.9998e-04 -4.9998e-04 -4.9998e-04 -4.9998e-04 -4.9998e-04 -4.9997e-04 -4.9997e-04 -4.9997e-04 -4.9997e-04 -4.9997e-04 -4.9997e-04 -4.9997e-04 -4.9996e-04 -4.9996e-04 -4.9996e-04 -4.9996e-04 -4.9996e-04 -4.9996e-04 -4.9996e-04 -4.9995e-04 -4.9995e-04 -4.9995e-04 -4.9995e-04 -4.9995e-04 -4.9995e-04 -4.9994e-04 -4.9994e-04 -4.9994e-04 -4.9994e-04 -4.9994e-04 -4.9993e-04 -4.9993e-04 -4.9993e-04 -4.9993e-04 -4.9992e-04 -4.9992e-04 -4.9992e-04 -4.9992e-04 -4.9991e-04 
-0000.00100 -1.0000e-03 -1.0000e-03 -1.0000e-03 -1.0000e-03 -1.0000e-03 -1.0000e-03 -1.0000e-03 -1.0000e-03 -1.0000e-03 -9.9999e-04 -9.9999e-04 -9.9998e-04 -9.9998e-04 -9.9998e-04 -9.9998e-04 -9.9997e-04 -9.9997e-04 -9.9997e-04 -9.9997e-04 -9.9996e-04 -9.9996e-04 -9.9996e-04 -9.9996e-04 -9.9996e-04 -9.9995e-04 -9.9995e-04 -9.9995e-04 -9.9995e-04 -9.9994e-04 -9.9994e-04 -9.9994e-04 -9.9994e-04 -9.9993e-04 -9.9993e-04 -9.9993e-04 -9.9993e-04 -9.9992e-04 -9.9992e-04 -9.9992e-04 -9.9991e-04 -9.9991e-04 -9.9991e-04 -9.9990e-04 -9.9990e-04 -9.9990e-04 -9.9989e-04 -9.9989e-04 -9.9988e-04 -9.9988e-04 -9.9988e-04 -9.9987e-04 -9.9987e-04 -9.9986e-04 -9.9986e-04 -9.9985e-04 -9.9985e-04 -9.9984e-04 -9.9984e-04 -9.9983e-04 -9.9983e-04 -9.9982e-04 
-0000.00150 -1.5001e-03 -1.5001e-03 -1.5000e-03 -1.5000e-03 -1.5000e-03 -1.5000e-03 -1.5000e-03 -1.5000e-03 -1.5000e-03 -1.5000e-03 -1.5000e-03 -1.5000e-03 -1.5000e-03 -1.5000e-03 -1.5000e-03 -1.5000e-03 -1.5000e-03 -1.5000e-03 -1.5000e-03 -1.5000e-03 -1.4999e-03 -1.4999e-03 -1.4999e-03 -1.4999e-03 -1.4999e-03 -1.4999e-03 -1.4999e-03 -1.4999e-03 -1.4999e-03 -1.4999e-03 -1.4999e-03 -1.4999e-03 -1.4999e-03 -1.4999e-03 -1.4999e-03 -1.4999e-03 -1.4999e-03 -1.4999e-03 -1.4999e-03 -1.4999e-03 -1.4999e-03 -1.4998e-03 -1.4998e-03 -1.4998e-03 -1.4998e-03 -1.4998e-03 -1.4998e-03 -1.4998e-03 -1.4998e-03 -1.4998e-03 -1.4998e-03 -1.4998e-03 -1.4998e-03 -1.4998e-03 -1.4998e-03 -1.4998e-03 -1.4998e-03 -1.4998e-03 -1.4998e-03 -1.4997e-03 -1.4997e-03 
-0000.00200 -2.0001e-03 -2.0001e-03 -2.0000e-03 -2.0000e-03 -2.0000e-03 -2.0000e-03 -2.0000e-03 -2.0000e-03 -2.0000e-03 -2.0000e-03 -2.0000e-03 -2.0000e-03 -2.0000e-03 -2.0000e-03 -1.9999e-03 -1.9999e-03 -1.9999e-03 -1.9999e-03 -1.9999e-03 -1.9999e-03 -1.9999e-03 -1.9999e-03 -1.9999e-03 -1.9999e-03 -1.9999e-03 -1.9999e-03 -1.9999e-03 -1.9999e-03 -1.9998e-03 -1.9998e-03 -1.9998e-03 -1.9998e-03 -1.9998e-03 -1.9998e-03 -1.9998e-03 -1.9998e-03 -1.9998e-03 -1.9998e-03 -1.9998e-03 -1.9998e-03 -1.9998e-03 -1.9998e-03 -1.9998e-03 -1.9998e-03 -1.9998e-03 -1.9998e-03 -1.9998e-03 -1.9998e-03 -1.9997e-03 -1.9997e-03 -1.9997e-03 -1.9997e-03 -1.9997e-03 -1.9997e-03 -1.9997e-03 -1.9997e-03 -1.9997e-03 -1.9997e-03 -1.9997e-03 -1.9996e-03 -1.9996e-03 