# Author: FAC idanalysis.IDKickMap
# Termination_kicks [T2m2]: +0.0000e+00 +0.0000e+00 +0.0000e+00 +0.0000e+00 
# Total Length of Longitudinal Interval [m]
0.13
# Number of Horizontal Points
61
# Number of Vertical Points
9
# Total Horizontal 2nd Order Kick [T2m2]
START
            -0000.01000 -0000.00967 -0000.00933 -0000.00900 -0000.00867 -0000.00833 -0000.00800 -0000.00767 -0000.00733 -0000.00700 -0000.00667 -0000.00633 -0000.00600 -0000.00567 -0000.00533 -0000.00500 -0000.00467 -0000.00433 -0000.00400 -0000.00367 -0000.00333 -0000.00300 -0000.00267 -0000.00233 -0000.00200 -0000.00167 -0000.00133 -0000.00100 -0000.00067 -0000.00033 +0000.00000 +0000.00033 +0000.00067 +0000.00100 +0000.00133 +0000.00167 +0000.00200 +0000.00233 +0000.00267 +0000.00300 +0000.00333 +0000.00367 +0000.00400 +0000.00433 +0000.00467 +0000.00500 +0000.00533 +0000.00567 +0000.00600 +0000.00633 +0000.00667 +0000.00700 +0000.00733 +0000.00767 +0000.00800 +0000.00833 +0000.00867 +0000.00900 +0000.00933 +0000.00967 +0000.01000 
+0000.00200 -2.6881e-04 -2.6543e-04 -2.6216e-04 -2.5903e-04 -2.5601e-04 -2.5311e-04 -2.5034e-04 -2.4768e-04 -2.4514e-04 -2.4272e-04 -2.4042e-04 -2.3823e-04 -2.3616e-04 -2.3420e-04 -2.3236e-04 -2.3063e-04 -2.2902e-04 -2.2751e-04 -2.2612e-04 -2.2485e-04 -2.2368e-04 -2.2262e-04 -2.2167e-04 -2.2084e-04 -2.2011e-04 -2.1949e-04 -2.1899e-04 -2.1859e-04 -2.1830e-04 -2.1812e-04 -2.1805e-04 -2.1808e-04 -2.1823e-04 -2.1849e-04 -2.1885e-04 -2.1932e-04 -2.1990e-04 -2.2059e-04 -2.2139e-04 -2.2230e-04 -2.2332e-04 -2.2445e-04 -2.2569e-04 -2.2705e-04 -2.2851e-04 -2.3008e-04 -2.3177e-04 -2.3357e-04 -2.3548e-04 -2.3751e-04 -2.3965e-04 -2.4190e-04 -2.4427e-04 -2.4676e-04 -2.4936e-04 -2.5208e-04 -2.5493e-04 -2.5789e-04 -2.6097e-04 -2.6417e-04 -2.6749e-04 
+0000.00150 -2.6959e-04 -2.6626e-04 -2.6305e-04 -2.5995e-04 -2.5697e-04 -2.5410e-04 -2.5135e-04 -2.4871e-04 -2.4618e-04 -2.4377e-04 -2.4147e-04 -2.3928e-04 -2.3720e-04 -2.3524e-04 -2.3339e-04 -2.3165e-04 -2.3002e-04 -2.2851e-04 -2.2711e-04 -2.2581e-04 -2.2463e-04 -2.2356e-04 -2.2261e-04 -2.2176e-04 -2.2102e-04 -2.2040e-04 -2.1988e-04 -2.1948e-04 -2.1919e-04 -2.1901e-04 -2.1893e-04 -2.1897e-04 -2.1912e-04 -2.1938e-04 -2.1975e-04 -2.2023e-04 -2.2082e-04 -2.2152e-04 -2.2234e-04 -2.2326e-04 -2.2429e-04 -2.2543e-04 -2.2669e-04 -2.2805e-04 -2.2953e-04 -2.3111e-04 -2.3281e-04 -2.3461e-04 -2.3653e-04 -2.3856e-04 -2.4070e-04 -2.4295e-04 -2.4531e-04 -2.4778e-04 -2.5037e-04 -2.5306e-04 -2.5587e-04 -2.5879e-04 -2.6182e-04 -2.6497e-04 -2.6822e-04 
+0000.00100 -2.7011e-04 -2.6683e-04 -2.6366e-04 -2.6060e-04 -2.5764e-04 -2.5480e-04 -2.5206e-04 -2.4944e-04 -2.4692e-04 -2.4451e-04 -2.4221e-04 -2.4002e-04 -2.3795e-04 -2.3598e-04 -2.3412e-04 -2.3238e-04 -2.3074e-04 -2.2922e-04 -2.2781e-04 -2.2650e-04 -2.2531e-04 -2.2424e-04 -2.2327e-04 -2.2242e-04 -2.2167e-04 -2.2104e-04 -2.2052e-04 -2.2012e-04 -2.1982e-04 -2.1964e-04 -2.1957e-04 -2.1961e-04 -2.1976e-04 -2.2002e-04 -2.2040e-04 -2.2088e-04 -2.2148e-04 -2.2219e-04 -2.2301e-04 -2.2394e-04 -2.2498e-04 -2.2613e-04 -2.2740e-04 -2.2877e-04 -2.3025e-04 -2.3185e-04 -2.3355e-04 -2.3536e-04 -2.3728e-04 -2.3931e-04 -2.4145e-04 -2.4369e-04 -2.4605e-04 -2.4851e-04 -2.5108e-04 -2.5375e-04 -2.5653e-04 -2.5942e-04 -2.6241e-04 -2.6551e-04 -2.6872e-04 
+0000.00050 -2.7041e-04 -2.6716e-04 -2.6402e-04 -2.6098e-04 -2.5804e-04 -2.5521e-04 -2.5249e-04 -2.4987e-04 -2.4736e-04 -2.4495e-04 -2.4266e-04 -2.4047e-04 -2.3839e-04 -2.3642e-04 -2.3456e-04 -2.3281e-04 -2.3117e-04 -2.2965e-04 -2.2823e-04 -2.2692e-04 -2.2573e-04 -2.2464e-04 -2.2367e-04 -2.2281e-04 -2.2207e-04 -2.2143e-04 -2.2091e-04 -2.2050e-04 -2.2021e-04 -2.2002e-04 -2.1995e-04 -2.1999e-04 -2.2014e-04 -2.2041e-04 -2.2079e-04 -2.2128e-04 -2.2188e-04 -2.2259e-04 -2.2341e-04 -2.2435e-04 -2.2540e-04 -2.2655e-04 -2.2782e-04 -2.2920e-04 -2.3069e-04 -2.3229e-04 -2.3399e-04 -2.3581e-04 -2.3773e-04 -2.3976e-04 -2.4189e-04 -2.4414e-04 -2.4648e-04 -2.4894e-04 -2.5150e-04 -2.5416e-04 -2.5692e-04 -2.5979e-04 -2.6276e-04 -2.6583e-04 -2.6900e-04 
+0000.00000 -2.7051e-04 -2.6727e-04 -2.6413e-04 -2.6110e-04 -2.5817e-04 -2.5535e-04 -2.5263e-04 -2.5001e-04 -2.4750e-04 -2.4510e-04 -2.4280e-04 -2.4062e-04 -2.3854e-04 -2.3657e-04 -2.3471e-04 -2.3296e-04 -2.3132e-04 -2.2979e-04 -2.2837e-04 -2.2706e-04 -2.2586e-04 -2.2478e-04 -2.2381e-04 -2.2295e-04 -2.2220e-04 -2.2156e-04 -2.2104e-04 -2.2063e-04 -2.2033e-04 -2.2015e-04 -2.2008e-04 -2.2012e-04 -2.2027e-04 -2.2054e-04 -2.2091e-04 -2.2141e-04 -2.2201e-04 -2.2272e-04 -2.2355e-04 -2.2449e-04 -2.2554e-04 -2.2669e-04 -2.2796e-04 -2.2934e-04 -2.3083e-04 -2.3243e-04 -2.3414e-04 -2.3595e-04 -2.3788e-04 -2.3990e-04 -2.4204e-04 -2.4428e-04 -2.4663e-04 -2.4908e-04 -2.5163e-04 -2.5429e-04 -2.5705e-04 -2.5991e-04 -2.6287e-04 -2.6594e-04 -2.6910e-04 
-0000.00050 -2.7041e-04 -2.6716e-04 -2.6402e-04 -2.6098e-04 -2.5804e-04 -2.5521e-04 -2.5249e-04 -2.4987e-04 -2.4736e-04 -2.4495e-04 -2.4266e-04 -2.4047e-04 -2.3839e-04 -2.3642e-04 -2.3456e-04 -2.3281e-04 -2.3117e-04 -2.2965e-04 -2.2823e-04 -2.2692e-04 -2.2573e-04 -2.2464e-04 -2.2367e-04 -2.2281e-04 -2.2207e-04 -2.2143e-04 -2.2091e-04 -2.2050e-04 -2.2021e-04 -2.2002e-04 -2.1995e-04 -2.1999e-04 -2.2014e-04 -2.2041e-04 -2.2079e-04 -2.2128e-04 -2.2188e-04 -2.2259e-04 -2.2341e-04 -2.2435e-04 -2.2540e-04 -2.2655e-04 -2.2782e-04 -2.2920e-04 -2.3069e-04 -2.3229e-04 -2.3399e-04 -2.3581e-04 -2.3773e-04 -2.3976e-04 -2.4189e-04 -2.4414e-04 -2.4648e-04 -2.4894e-04 -2.5150e-04 -2.5416e-04 -2.5692e-04 -2.5979e-04 -2.6276e-04 -2.6583e-04 -2.6900e-04 
-0000.00100 -2.7011e-04 -2.6683e-04 -2.6366e-04 -2.6060e-04 -2.5764e-04 -2.5480e-04 -2.5206e-04 -2.4943e-04 -2.4692e-04 -2.4451e-04 -2.4221e-04 -2.4002e-04 -2.3794e-04 -2.3598e-04 -2.3412e-04 -2.3237e-04 -2.3074e-04 -2.2922e-04 -2.2780e-04 -2.2650e-04 -2.2531e-04 -2.2424e-04 -2.2327e-04 -2.2242e-04 -2.2167e-04 -2.2104e-04 -2.2052e-04 -2.2012e-04 -2.1982e-04 -2.1964e-04 -2.1957e-04 -2.1961e-04 -2.1976e-04 -2.2002e-04 -2.2040e-04 -2.2088e-04 -2.2148e-04 -2.2219e-04 -2.2301e-04 -2.2394e-04 -2.2498e-04 -2.2613e-04 -2.2740e-04 -2.2877e-04 -2.3025e-04 -2.3185e-04 -2.3355e-04 -2.3536e-04 -2.3728e-04 -2.3931e-04 -2.4145e-04 -2.4369e-04 -2.4605e-04 -2.4851e-04 -2.5108e-04 -2.5375e-04 -2.5653e-04 -2.5942e-04 -2.6241e-04 -2.6551e-04 -2.6872e-04 
-0000.00150 -2.6959e-04 -2.6626e-04 -2.6305e-04 -2.5995e-04 -2.5697e-04 -2.5410e-04 -2.5135e-04 -2.4871e-04 -2.4618e-04 -2.4377e-04 -2.4147e-04 -2.3928e-04 -2.3720e-04 -2.3524e-04 -2.3339e-04 -2.3165e-04 -2.3002e-04 -2.2851e-04 -2.2710e-04 -2.2581e-04 -2.2463e-04 -2.2356e-04 -2.2260e-04 -2.2176e-04 -2.2102e-04 -2.2040e-04 -2.1988e-04 -2.1948e-04 -2.1919e-04 -2.1900e-04 -2.1893e-04 -2.1897e-04 -2.1912e-04 -2.1938e-04 -2.1975e-04 -2.2023e-04 -2.2082e-04 -2.2153e-04 -2.2234e-04 -2.2326e-04 -2.2429e-04 -2.2544e-04 -2.2669e-04 -2.2805e-04 -2.2953e-04 -2.3111e-04 -2.3281e-04 -2.3462e-04 -2.3653e-04 -2.3856e-04 -2.4070e-04 -2.4295e-04 -2.4531e-04 -2.4779e-04 -2.5037e-04 -2.5307e-04 -2.5587e-04 -2.5879e-04 -2.6182e-04 -2.6497e-04 -2.6822e-04 
-0000.00200 -2.6882e-04 -2.6543e-04 -2.6216e-04 -2.5902e-04 -2.5601e-04 -2.5311e-04 -2.5033e-04 -2.4768e-04 -2.4514e-04 -2.4272e-04 -2.4041e-04 -2.3823e-04 -2.3616e-04 -2.3420e-04 -2.3236e-04 -2.3063e-04 -2.2901e-04 -2.2751e-04 -2.2612e-04 -2.2484e-04 -2.2367e-04 -2.2262e-04 -2.2167e-04 -2.2084e-04 -2.2011e-04 -2.1949e-04 -2.1899e-04 -2.1859e-04 -2.1830e-04 -2.1812e-04 -2.1805e-04 -2.1808e-04 -2.1823e-04 -2.1849e-04 -2.1885e-04 -2.1932e-04 -2.1991e-04 -2.2060e-04 -2.2140e-04 -2.2231e-04 -2.2333e-04 -2.2446e-04 -2.2570e-04 -2.2705e-04 -2.2851e-04 -2.3009e-04 -2.3177e-04 -2.3357e-04 -2.3548e-04 -2.3751e-04 -2.3965e-04 -2.4190e-04 -2.4427e-04 -2.4676e-04 -2.4937e-04 -2.5209e-04 -2.5493e-04 -2.5789e-04 -2.6097e-04 -2.6417e-04 -2.6749e-04 
# Total Vertical 2nd Order Kick [T2m2]
START
            -0000.01000 -0000.00967 -0000.00933 -0000.00900 -0000.00867 -0000.00833 -0000.00800 -0000.00767 -0000.00733 -0000.00700 -0000.00667 -0000.00633 -0000.00600 -0000.00567 -0000.00533 -0000.00500 -0000.00467 -0000.00433 -0000.00400 -0000.00367 -0000.00333 -0000.00300 -0000.00267 -0000.00233 -0000.00200 -0000.00167 -0000.00133 -0000.00100 -0000.00067 -0000.00033 +0000.00000 +0000.00033 +0000.00067 +0000.00100 +0000.00133 +0000.00167 +0000.00200 +0000.00233 +0000.00267 +0000.00300 +0000.00333 +0000.00367 +0000.00400 +0000.00433 +0000.00467 +0000.00500 +0000.00533 +0000.00567 +0000.00600 +0000.00633 +0000.00667 +0000.00700 +0000.00733 +0000.00767 +0000.00800 +0000.00833 +0000.00867 +0000.00900 +0000.00933 +0000.00967 +0000.01000 
+0000.00200 -2.6881e-04 -2.6543e-04 -2.6216e-04 -2.5903e-04 -2.5601e-04 -2.5311e-04 -2.5034e-04 -2.4768e-04 -2.4514e-04 -2.4272e-04 -2.4042e-04 -2.3823e-04 -2.3616e-04 -2.3420e-04 -2.3236e-04 -2.3063e-04 -2.2902e-04 -2.2751e-04 -2.2612e-04 -2.2485e-04 -2.2368e-04 -2.2262e-04 -2.2167e-04 -2.2084e-04 -2.2011e-04 -2.1949e-04 -2.1899e-04 -2.1859e-04 -2.1830e-04 -2.1812e-04 -2.1805e-04 -2.1808e-04 -2.1823e-04 -2.1849e-04 -2.1885e-04 -2.1932e-04 -2.1990e-04 -2.2059e-04 -2.2139e-04 -2.2230e-04 -2.2332e-04 -2.2445e-04 -2.2569e-04 -2.2705e-04 -2.2851e-04 -2.3008e-04 -2.3177e-04 -2.3357e-04 -2.3548e-04 -2.3751e-04 -2.3965e-04 -2.4190e-04 -2.4427e-04 -2.4676e-04 -2.4936e-04 -2.5208e-04 -2.5493e-04 -2.5789e-04 -2.6097e-04 -2.6417e-04 -2.6749e-04 
+0000.00150 -2.6881e-04 -2.6543e-04 -2.6216e-04 -2.5903e-04 -2.5601e-04 -2.5311e-04 -2.5034e-04 -2.4768e-04 -2.4514e-04 -2.4272e-04 -2.4042e-04 -2.3823e-04 -2.3616e-04 -2.3420e-04 -2.3236e-04 -2.3063e-04 -2.2902e-04 -2.2751e-04 -2.2612e-04 -2.2485e-04 -2.2368e-04 -2.2262e-04 -2.2167e-04 -2.2084e-04 -2.2011e-04 -2.1949e-04 -2.1899e-04 -2.1859e-04 -2.1830e-04 -2.1812e-04 -2.1805e-04 -2.1808e-04 -2.1823e-04 -2.1849e-04 -2.1885e-04 -2.1932e-04 -2.1990e-04 -2.2059e-04 -2.2139e-04 -2.2230e-04 -2.2332e-04 -2.2445e-04 -2.2569e-04 -2.2705e-04 -2.2851e-04 -2.3008e-04 -2.3177e-04 -2.3357e-04 -2.3548e-04 -2.3751e-04 -2.3965e-04 -2.4190e-04 -2.4427e-04 -2.4676e-04 -2.4936e-04 -2.5208e-04 -2.5493e-04 -2.5789e-04 -2.6097e-04 -2.6417e-04 -2.6749e-04 
+0000.00100 -2.6881e-04 -2.6543e-04 -2.6216e-04 -2.5903e-04 -2.5601e-04 -2.5311e-04 -2.5034e-04 -2.4768e-04 -2.4514e-04 -2.4272e-04 -2.4042e-04 -2.3823e-04 -2.3616e-04 -2.3420e-04 -2.3236e-04 -2.3063e-04 -2.2902e-04 -2.2751e-04 -2.2612e-04 -2.2485e-04 -2.2368e-04 -2.2262e-04 -2.2167e-04 -2.2084e-04 -2.2011e-04 -2.1949e-04 -2.1899e-04 -2.1859e-04 -2.1830e-04 -2.1812e-04 -2.1805e-04 -2.1808e-04 -2.1823e-04 -2.1849e-04 -2.1885e-04 -2.1932e-04 -2.1990e-04 -2.2059e-04 -2.2139e-04 -2.2230e-04 -2.2332e-04 -2.2445e-04 -2.2569e-04 -2.2705e-04 -2.2851e-04 -2.3008e-04 -2.3177e-04 -2.3357e-04 -2.3548e-04 -2.3751e-04 -2.3965e-04 -2.4190e-04 -2.4427e-04 -2.4676e-04 -2.4936e-04 -2.5208e-04 -2.5493e-04 -2.5789e-04 -2.6097e-04 -2.6417e-04 -2.6749e-04 
+0000.00050 -2.6881e-04 -2.6543e-04 -2.6216e-04 -2.5903e-04 -2.5601e-04 -2.5311e-04 -2.5034e-04 -2.4768e-04 -2.4514e-04 -2.4272e-04 -2.4042e-04 -2.3823e-04 -2.3616e-04 -2.3420e-04 -2.3236e-04 -2.3063e-04 -2.2902e-04 -2.2751e-04 -2.2612e-04 -2.2485e-04 -2.2368e-04 -2.2262e-04 -2.2167e-04 -2.2084e-04 -2.2011e-04 -2.1949e-04 -2.1899e-04 -2.1859e-04 -2.1830e-04 -2.1812e-04 -2.1805e-04 -2.1808e-04 -2.1823e-04 -2.1849e-04 -2.1885e-04 -2.1932e-04 -2.1990e-04 -2.2059e-04 -2.2139e-04 -2.2230e-04 -2.2332e-04 -2.2445e-04 -2.2569e-04 -2.2705e-04 -2.2851e-04 -2.3008e-04 -2.3177e-04 -2.3357e-04 -2.3548e-04 -2.3751e-04 -2.3965e-04 -2.4190e-04 -2.4427e-04 -2.4676e-04 -2.4936e-04 -2.5208e-04 -2.5493e-04 -2.5789e-04 -2.6097e-04 -2.6417e-04 -2.6749e-04 
+0000.00000 -2.6881e-04 -2.6543e-04 -2.6216e-04 -2.5903e-04 -2.5601e-04 -2.5311e-04 -2.5034e-04 -2.4768e-04 -2.4514e-04 -2.4272e-04 -2.4042e-04 -2.3823e-04 -2.3616e-04 -2.3420e-04 -2.3236e-04 -2.3063e-04 -2.2902e-04 -2.2751e-04 -2.2612e-04 -2.2485e-04 -2.2368e-04 -2.2262e-04 -2.2167e-04 -2.2084e-04 -2.2011e-04 -2.1949e-04 -2.1899e-04 -2.1859e-04 -2.1830e-04 -2.1812e-04 -2.1805e-04 -2.1808e-04 -2.1823e-04 -2.1849e-04 -2.1885e-04 -2.1932e-04 -2.1990e-04 -2.2059e-04 -2.2139e-04 -2.2230e-04 -2.2332e-04 -2.2445e-04 -2.2569e-04 -2.2705e-04 -2.2851e-04 -2.3008e-04 -2.3177e-04 -2.3357e-04 -2.3548e-04 -2.3751e-04 -2.3965e-04 -2.4190e-04 -2.4427e-04 -2.4676e-04 -2.4936e-04 -2.5208e-04 -2.5493e-04 -2.5789e-04 -2.6097e-04 -2.6417e-04 -2.6749e-04 
-0000.00050 -2.6881e-04 -2.6543e-04 -2.6216e-04 -2.5903e-04 -2.5601e-04 -2.5311e-04 -2.5034e-04 -2.4768e-04 -2.4514e-04 -2.4272e-04 -2.4042e-04 -2.3823e-04 -2.3616e-04 -2.3420e-04 -2.3236e-04 -2.3063e-04 -2.2902e-04 -2.2751e-04 -2.2612e-04 -2.2485e-04 -2.2368e-04 -2.2262e-04 -2.2167e-04 -2.2084e-04 -2.2011e-04 -2.1949e-04 -2.1899e-04 -2.1859e-04 -2.1830e-04 -2.1812e-04 -2.1805e-04 -2.1808e-04 -2.1823e-04 -2.1849e-04 -2.1885e-04 -2.1932e-04 -2.1990e-04 -2.2059e-04 -2.2139e-04 -2.2230e-04 -2.2332e-04 -2.2445e-04 -2.2569e-04 -2.2705e-04 -2.2851e-04 -2.3008e-04 -2.3177e-04 -2.3357e-04 -2.3548e-04 -2.3751e-04 -2.3965e-04 -2.4190e-04 -2.4427e-04 -2.4676e-04 -2.4936e-04 -2.5208e-04 -2.5493e-04 -2.5789e-04 -2.6097e-04 -2.6417e-04 -2.6749e-04 
-0000.00100 -2.6881e-04 -2.6543e-04 -2.6216e-04 -2.5903e-04 -2.5601e-04 -2.5311e-04 -2.5034e-04 -2.4768e-04 -2.4514e-04 -2.4272e-04 -2.4042e-04 -2.3823e-04 -2.3616e-04 -2.3420e-04 -2.3236e-04 -2.3063e-04 -2.2902e-04 -2.2751e-04 -2.2612e-04 -2.2485e-04 -2.2368e-04 -2.2262e-04 -2.2167e-04 -2.2084e-04 -2.2011e-04 -2.1949e-04 -2.1899e-04 -2.1859e-04 -2.1830e-04 -2.1812e-04 -2.1805e-04 -2.1808e-04 -2.1823e-04 -2.1849e-04 -2.1885e-04 -2.1932e-04 -2.1990e-04 -2.2059e-04 -2.2139e-04 -2.2230e-04 -2.2332e-04 -2.2445e-04 -2.2569e-04 -2.2705e-04 -2.2851e-04 -2.3008e-04 -2.3177e-04 -2.3357e-04 -2.3548e-04 -2.3751e-04 -2.3965e-04 -2.4190e-04 -2.4427e-04 -2.4676e-04 -2.4936e-04 -2.5208e-04 -2.5493e-04 -2.5789e-04 -2.6097e-04 -2.6417e-04 -2.6749e-04 
-0000.00150 -2.6881e-04 -2.6543e-04 -2.6216e-04 -2.5903e-04 -2.5601e-04 -2.5311e-04 -2.5034e-04 -2.4768e-04 -2.4514e-04 -2.4272e-04 -2.4042e-04 -2.3823e-04 -2.3616e-04 -2.3420e-04 -2.3236e-04 -2.3063e-04 -2.2902e-04 -2.2751e-04 -2.2612e-04 -2.2485e-04 -2.2368e-04 -2.2262e-04 -2.2167e-04 -2.2084e-04 -2.2011e-04 -2.1949e-04 -2.1899e-04 -2.1859e-04 -2.1830e-04 -2.1812e-04 -2.1805e-04 -2.1808e-04 -2.1823e-04 -2.1849e-04 -2.1885e-04 -2.1932e-04 -2.1990e-04 -2.2059e-04 -2.2139e-04 -2.2230e-04 -2.2332e-04 -2.2445e-04 -2.2569e-04 -2.2705e-04 -2.2851e-04 -2.3008e-04 -2.3177e-04 -2.3357e-04 -2.3548e-04 -2.3751e-04 -2.3965e-04 -2.4190e-04 -2.4427e-04 -2.4676e-04 -2.4936e-04 -2.5208e-04 -2.5493e-04 -2.5789e-04 -2.6097e-04 -2.6417e-04 -2.6749e-04 
-0000.00200 -2.6881e-04 -2.6543e-04 -2.6216e-04 -2.5903e-04 -2.5601e-04 -2.5311e-04 -2.5034e-04 -2.4768e-04 -2.4514e-04 -2.4272e-04 -2.4042e-04 -2.3823e-04 -2.3616e-04 -2.3420e-04 -2.3236e-04 -2.3063e-04 -2.2902e-04 -2.2751e-04 -2.2612e-04 -2.2485e-04 -2.2368e-04 -2.2262e-04 -2.2167e-04 -2.2084e-04 -2.2011e-04 -2.1949e-04 -2.1899e-04 -2.1859e-04 -2.1830e-04 -2.1812e-04 -2.1805e-04 -2.1808e-04 -2.1823e-04 -2.1849e-04 -2.1885e-04 -2.1932e-04 -2.1990e-04 -2.2059e-04 -2.2139e-04 -2.2230e-04 -2.2332e-04 -2.2445e-04 -2.2569e-04 -2.2705e-04 -2.2851e-04 -2.3008e-04 -2.3177e-04 -2.3357e-04 -2.3548e-04 -2.3751e-04 -2.3965e-04 -2.4190e-04 -2.4427e-04 -2.4676e-04 -2.4936e-04 -2.5208e-04 -2.5493e-04 -2.5789e-04 -2.6097e-04 -2.6417e-04 -2.6749e-04 
# Horizontal Final Position [m]
START
            -0000.01000 -0000.00967 -0000.00933 -0000.00900 -0000.00867 -0000.00833 -0000.00800 -0000.00767 -0000.00733 -0000.00700 -0000.00667 -0000.00633 -0000.00600 -0000.00567 -0000.00533 -0000.00500 -0000.00467 -0000.00433 -0000.00400 -0000.00367 -0000.00333 -0000.00300 -0000.00267 -0000.00233 -0000.00200 -0000.00167 -0000.00133 -0000.00100 -0000.00067 -0000.00033 +0000.00000 +0000.00033 +0000.00067 +0000.00100 +0000.00133 +0000.00167 +0000.00200 +0000.00233 +0000.00267 +0000.00300 +0000.00333 +0000.00367 +0000.00400 +0000.00433 +0000.00467 +0000.00500 +0000.00533 +0000.00567 +0000.00600 +0000.00633 +0000.00667 +0000.00700 +0000.00733 +0000.00767 +0000.00800 +0000.00833 +0000.00867 +0000.00900 +0000.00933 +0000.00967 +0000.01000 
+0000.00200 -1.0002e-02 -9.6690e-03 -9.3357e-03 -9.0024e-03 -8.6691e-03 -8.3358e-03 -8.0025e-03 -7.6692e-03 -7.3359e-03 -7.0026e-03 -6.6693e-03 -6.3360e-03 -6.0027e-03 -5.6694e-03 -5.3361e-03 -5.0028e-03 -4.6695e-03 -4.3361e-03 -4.0028e-03 -3.6695e-03 -3.3362e-03 -3.0029e-03 -2.6695e-03 -2.3362e-03 -2.0029e-03 -1.6696e-03 -1.3362e-03 -1.0029e-03 -6.6958e-04 -3.3625e-04 -2.9130e-06 +3.3042e-04 +6.6375e-04 +9.9709e-04 +1.3304e-03 +1.6638e-03 +1.9971e-03 +2.3304e-03 +2.6638e-03 +2.9971e-03 +3.3305e-03 +3.6638e-03 +3.9972e-03 +4.3305e-03 +4.6638e-03 +4.9972e-03 +5.3305e-03 +5.6639e-03 +5.9973e-03 +6.3306e-03 +6.6640e-03 +6.9973e-03 +7.3307e-03 +7.6640e-03 +7.9974e-03 +8.3308e-03 +8.6642e-03 +8.9975e-03 +9.3309e-03 +9.6643e-03 +9.9977e-03 
+0000.00150 -1.0002e-02 -9.6690e-03 -9.3357e-03 -9.0024e-03 -8.6691e-03 -8.3358e-03 -8.0025e-03 -7.6692e-03 -7.3359e-03 -7.0026e-03 -6.6693e-03 -6.3360e-03 -6.0027e-03 -5.6694e-03 -5.3361e-03 -5.0028e-03 -4.6695e-03 -4.3361e-03 -4.0028e-03 -3.6695e-03 -3.3362e-03 -3.0029e-03 -2.6695e-03 -2.3362e-03 -2.0029e-03 -1.6696e-03 -1.3362e-03 -1.0029e-03 -6.6958e-04 -3.3625e-04 -2.9165e-06 +3.3042e-04 +6.6375e-04 +9.9709e-04 +1.3304e-03 +1.6638e-03 +1.9971e-03 +2.3304e-03 +2.6638e-03 +2.9971e-03 +3.3305e-03 +3.6638e-03 +3.9972e-03 +4.3305e-03 +4.6638e-03 +4.9972e-03 +5.3306e-03 +5.6639e-03 +5.9973e-03 +6.3306e-03 +6.6640e-03 +6.9973e-03 +7.3307e-03 +7.6641e-03 +7.9974e-03 +8.3308e-03 +8.6642e-03 +8.9975e-03 +9.3309e-03 +9.6643e-03 +9.9977e-03 
+0000.00100 -1.0002e-02 -9.6690e-03 -9.3357e-03 -9.0024e-03 -8.6691e-03 -8.3358e-03 -8.0025e-03 -7.6692e-03 -7.3359e-03 -7.0026e-03 -6.6693e-03 -6.3360e-03 -6.0027e-03 -5.6694e-03 -5.3361e-03 -5.0028e-03 -4.6695e-03 -4.3361e-03 -4.0028e-03 -3.6695e-03 -3.3362e-03 -3.0029e-03 -2.6695e-03 -2.3362e-03 -2.0029e-03 -1.6696e-03 -1.3362e-03 -1.0029e-03 -6.6958e-04 -3.3625e-04 -2.9164e-06 +3.3042e-04 +6.6375e-04 +9.9709e-04 +1.3304e-03 +1.6638e-03 +1.9971e-03 +2.3304e-03 +2.6638e-03 +2.9971e-03 +3.3305e-03 +3.6638e-03 +3.9972e-03 +4.3305e-03 +4.6638e-03 +4.9972e-03 +5.3306e-03 +5.6639e-03 +5.9973e-03 +6.3306e-03 +6.6640e-03 +6.9973e-03 +7.3307e-03 +7.6641e-03 +7.9974e-03 +8.3308e-03 +8.6642e-03 +8.9975e-03 +9.3309e-03 +9.6643e-03 +9.9977e-03 
+0000.00050 -1.0002e-02 -9.6690e-03 -9.3357e-03 -9.0024e-03 -8.6691e-03 -8.3358e-03 -8.0025e-03 -7.6692e-03 -7.3359e-03 -7.0026e-03 -6.6693e-03 -6.3360e-03 -6.0027e-03 -5.6694e-03 -5.3361e-03 -5.0028e-03 -4.6695e-03 -4.3361e-03 -4.0028e-03 -3.6695e-03 -3.3362e-03 -3.0029e-03 -2.6695e-03 -2.3362e-03 -2.0029e-03 -1.6696e-03 -1.3362e-03 -1.0029e-03 -6.6958e-04 -3.3625e-04 -2.9163e-06 +3.3042e-04 +6.6375e-04 +9.9709e-04 +1.3304e-03 +1.6638e-03 +1.9971e-03 +2.3304e-03 +2.6638e-03 +2.9971e-03 +3.3305e-03 +3.6638e-03 +3.9972e-03 +4.3305e-03 +4.6638e-03 +4.9972e-03 +5.3306e-03 +5.6639e-03 +5.9973e-03 +6.3306e-03 +6.6640e-03 +6.9973e-03 +7.3307e-03 +7.6641e-03 +7.9974e-03 +8.3308e-03 +8.6642e-03 +8.9975e-03 +9.3309e-03 +9.6643e-03 +9.9977e-03 
+0000.00000 -1.0002e-02 -9.6690e-03 -9.3357e-03 -9.0024e-03 -8.6691e-03 -8.3358e-03 -8.0025e-03 -7.6692e-03 -7.3359e-03 -7.0026e-03 -6.6693e-03 -6.3360e-03 -6.0027e-03 -5.6694e-03 -5.3361e-03 -5.0028e-03 -4.6695e-03 -4.3361e-03 -4.0028e-03 -3.6695e-03 -3.3362e-03 -3.0029e-03 -2.6695e-03 -2.3362e-03 -2.0029e-03 -1.6696e-03 -1.3362e-03 -1.0029e-03 -6.6958e-04 -3.3625e-04 -2.9162e-06 +3.3042e-04 +6.6375e-04 +9.9709e-04 +1.3304e-03 +1.6638e-03 +1.9971e-03 +2.3304e-03 +2.6638e-03 +2.9971e-03 +3.3305e-03 +3.6638e-03 +3.9972e-03 +4.3305e-03 +4.6638e-03 +4.9972e-03 +5.3306e-03 +5.6639e-03 +5.9973e-03 +6.3306e-03 +6.6640e-03 +6.9973e-03 +7.3307e-03 +7.6641e-03 +7.9974e-03 +8.3308e-03 +8.6642e-03 +8.9975e-03 +9.3309e-03 +9.6643e-03 +9.9977e-03 
-0000.00050 -1.0002e-02 -9.6690e-03 -9.3357e-03 -9.0024e-03 -8.6691e-03 -8.3358e-03 -8.0025e-03 -7.6692e-03 -7.3359e-03 -7.0026e-03 -6.6693e-03 -6.3360e-03 -6.0027e-03 -5.6694e-03 -5.3361e-03 -5.0028e-03 -4.6695e-03 -4.3361e-03 -4.0028e-03 -3.6695e-03 -3.3362e-03 -3.0029e-03 -2.6695e-03 -2.3362e-03 -2.0029e-03 -1.6696e-03 -1.3362e-03 -1.0029e-03 -6.6958e-04 -3.3625e-04 -2.9163e-06 +3.3042e-04 +6.6375e-04 +9.9709e-04 +1.3304e-03 +1.6638e-03 +1.9971e-03 +2.3304e-03 +2.6638e-03 +2.9971e-03 +3.3305e-03 +3.6638e-03 +3.9972e-03 +4.3305e-03 +4.6638e-03 +4.9972e-03 +5.3306e-03 +5.6639e-03 +5.9973e-03 +6.3306e-03 +6.6640e-03 +6.9973e-03 +7.3307e-03 +7.6641e-03 +7.9974e-03 +8.3308e-03 +8.6642e-03 +8.9975e-03 +9.3309e-03 +9.6643e-03 +9.9977e-03 
-0000.00100 -1.0002e-02 -9.6690e-03 -9.3357e-03 -9.0024e-03 -8.6691e-03 -8.3358e-03 -8.0025e-03 -7.6692e-03 -7.3359e-03 -7.0026e-03 -6.6693e-03 -6.3360e-03 -6.0027e-03 -5.6694e-03 -5.3361e-03 -5.0028e-03 -4.6695e-03 -4.3361e-03 -4.0028e-03 -3.6695e-03 -3.3362e-03 -3.0029e-03 -2.6695e-03 -2.3362e-03 -2.0029e-03 -1.6696e-03 -1.3362e-03 -1.0029e-03 -6.6958e-04 -3.3625e-04 -2.9164e-06 +3.3042e-04 +6.6375e-04 +9.9709e-04 +1.3304e-03 +1.6638e-03 +1.9971e-03 +2.3304e-03 +2.6638e-03 +2.9971e-03 +3.3305e-03 +3.6638e-03 +3.9972e-03 +4.3305e-03 +4.6638e-03 +4.9972e-03 +5.3306e-03 +5.6639e-03 +5.9973e-03 +6.3306e-03 +6.6640e-03 +6.9973e-03 +7.3307e-03 +7.6641e-03 +7.9974e-03 +8.3308e-03 +8.6642e-03 +8.9975e-03 +9.3309e-03 +9.6643e-03 +9.9977e-03 
-0000.00150 -1.0002e-02 -9.6690e-03 -9.3357e-03 -9.0024e-03 -8.6691e-03 -8.3358e-03 -8.0025e-03 -7.6692e-03 -7.3359e-03 -7.0026e-03 -6.6693e-03 -6.3360e-03 -6.0027e-03 -5.6694e-03 -5.3361e-03 -5.0028e-03 -4.6695e-03 -4.3361e-03 -4.0028e-03 -3.6695e-03 -3.3362e-03 -3.0029e-03 -2.6695e-03 -2.3362e-03 -2.0029e-03 -1.6696e-03 -1.3362e-03 -1.0029e-03 -6.6958e-04 -3.3625e-04 -2.9165e-06 +3.3042e-04 +6.6375e-04 +9.9709e-04 +1.3304e-03 +1.6638e-03 +1.9971e-03 +2.3304e-03 +2.6638e-03 +2.9971e-03 +3.3305e-03 +3.6638e-03 +3.9972e-03 +4.3305e-03 +4.6638e-03 +4.9972e-03 +5.3306e-03 +5.6639e-03 +5.9973e-03 +6.3306e-03 +6.6640e-03 +6.9973e-03 +7.3307e-03 +7.6641e-03 +7.9974e-03 +8.3308e-03 +8.6642e-03 +8.9975e-03 +9.3309e-03 +9.6643e-03 +9.9977e-03 
-0000.00200 -1.0002e-02 -9.6690e-03 -9.3357e-03 -9.0024e-03 -8.6691e-03 -8.3358e-03 -8.0025e-03 -7.6692e-03 -7.3359e-03 -7.0026e-03 -6.6693e-03 -6.3360e-03 -6.0027e-03 -5.6694e-03 -5.3361e-03 -5.0028e-03 -4.6695e-03 -4.3361e-03 -4.0028e-03 -3.6695e-03 -3.3362e-03 -3.0029e-03 -2.6695e-03 -2.3362e-03 -2.0029e-03 -1.6696e-03 -1.3362e-03 -1.0029e-03 -6.6958e-04 -3.3625e-04 -2.9130e-06 +3.3042e-04 +6.6375e-04 +9.9709e-04 +1.3304e-03 +1.6638e-03 +1.9971e-03 +2.3304e-03 +2.6638e-03 +2.9971e-03 +3.3305e-03 +3.6638e-03 +3.9972e-03 +4.3305e-03 +4.6638e-03 +4.9972e-03 +5.3305e-03 +5.6639e-03 +5.9973e-03 +6.3306e-03 +6.6640e-03 +6.9973e-03 +7.3307e-03 +7.6640e-03 +7.9974e-03 +8.3308e-03 +8.6642e-03 +8.9975e-03 +9.3309e-03 +9.6643e-03 +9.9977e-03 
# Vertical Final Position [m]
START
            -0000.01000 -0000.00967 -0000.00933 -0000.00900 -0000.00867 -0000.00833 -0000.00800 -0000.00767 -0000.00733 -0000.00700 -0000.00667 -0000.00633 -0000.00600 -0000.00567 -0000.00533 -0000.00500 -0000.00467 -0000.00433 -0000.00400 -0000.00367 -0000.00333 -0000.00300 -0000.00267 -0000.00233 -0000.00200 -0000.00167 -0000.00133 -0000.00100 -0000.00067 -0000.00033 +0000.00000 +0000.00033 +0000.00067 +0000.00100 +0000.00133 +0000.00167 +0000.00200 +0000.00233 +0000.00267 +0000.00300 +0000.00333 +0000.00367 +0000.00400 +0000.00433 +0000.00467 +0000.00500 +0000.00533 +0000.00567 +0000.00600 +0000.00633 +0000.00667 +0000.00700 +0000.00733 +0000.00767 +0000.00800 +0000.00833 +0000.00867 +0000.00900 +0000.00933 +0000.00967 +0000.01000 
+0000.00200 +2.0001e-03 +2.0001e-03 +2.0001e-03 +2.0001e-03 +2.0001e-03 +2.0001e-03 +2.0001e-03 +2.0001e-03 +2.0001e-03 +2.0001e-03 +2.0001e-03 +2.0000e-03 +2.0000e-03 +2.0000e-03 +2.0000e-03 +2.0000e-03 +2.0000e-03 +2.0000e-03 +2.0000e-03 +2.0000e-03 +2.0000e-03 +2.0000e-03 +2.0000e-03 +2.0000e-03 +2.0000e-03 +2.0000e-03 +2.0000e-03 +2.0000e-03 +2.0000e-03 +1.9999e-03 +1.9999e-03 +1.9999e-03 +1.9999e-03 +1.9999e-03 +1.9999e-03 +1.9999e-03 +1.9999e-03 +1.9999e-03 +1.9999e-03 +1.9999e-03 +1.9999e-03 +1.9999e-03 +1.9999e-03 +1.9999e-03 +1.9999e-03 +1.9999e-03 +1.9999e-03 +1.9998e-03 +1.9998e-03 +1.9998e-03 +1.9998e-03 +1.9998e-03 +1.9998e-03 +1.9998e-03 +1.9998e-03 +1.9998e-03 +1.9998e-03 +1.9998e-03 +1.9998e-03 +1.9997e-03 +1.9997e-03 
+0000.00150 +1.5001e-03 +1.5001e-03 +1.5001e-03 +1.5001e-03 +1.5001e-03 +1.5001e-03 +1.5001e-03 +1.5001e-03 +1.5001e-03 +1.5001e-03 +1.5001e-03 +1.5001e-03 +1.5000e-03 +1.5000e-03 +1.5000e-03 +1.5000e-03 +1.5000e-03 +1.5000e-03 +1.5000e-03 +1.5000e-03 +1.5000e-03 +1.5000e-03 +1.5000e-03 +1.5000e-03 +1.5000e-03 +1.5000e-03 +1.5000e-03 +1.5000e-03 +1.5000e-03 +1.5000e-03 +1.5000e-03 +1.5000e-03 +1.4999e-03 +1.4999e-03 +1.4999e-03 +1.4999e-03 +1.4999e-03 +1.4999e-03 +1.4999e-03 +1.4999e-03 +1.4999e-03 +1.4999e-03 +1.4999e-03 +1.4999e-03 +1.4999e-03 +1.4999e-03 +1.4999e-03 +1.4999e-03 +1.4999e-03 +1.4999e-03 +1.4999e-03 +1.4999e-03 +1.4999e-03 +1.4998e-03 +1.4998e-03 +1.4998e-03 +1.4998e-03 +1.4998e-03 +1.4998e-03 +1.4998e-03 +1.4998e-03 
+0000.00100 +1.0001e-03 +1.0001e-03 +1.0001e-03 +1.0001e-03 +1.0001e-03 +1.0001e-03 +1.0001e-03 +1.0001e-03 +1.0000e-03 +1.0000e-03 +1.0000e-03 +1.0000e-03 +1.0000e-03 +1.0000e-03 +1.0000e-03 +1.0000e-03 +1.0000e-03 +1.0000e-03 +1.0000e-03 +1.0000e-03 +1.0000e-03 +1.0000e-03 +9.9999e-04 +9.9999e-04 +9.9999e-04 +9.9998e-04 +9.9998e-04 +9.9998e-04 +9.9998e-04 +9.9997e-04 +9.9997e-04 +9.9997e-04 +9.9996e-04 +9.9996e-04 +9.9996e-04 +9.9996e-04 +9.9995e-04 +9.9995e-04 +9.9995e-04 +9.9995e-04 +9.9994e-04 +9.9994e-04 +9.9994e-04 +9.9994e-04 +9.9993e-04 +9.9993e-04 +9.9993e-04 +9.9993e-04 +9.9992e-04 +9.9992e-04 +9.9992e-04 +9.9991e-04 +9.9991e-04 +9.9991e-04 +9.9990e-04 +9.9990e-04 +9.9990e-04 +9.9989e-04 +9.9989e-04 +9.9989e-04 +9.9988e-04 
+0000.00050 +5.0004e-04 +5.0003e-04 +5.0003e-04 +5.0003e-04 +5.0003e-04 +5.0003e-04 +5.0003e-04 +5.0003e-04 +5.0002e-04 +5.0002e-04 +5.0002e-04 +5.0002e-04 +5.0002e-04 +5.0002e-04 +5.0001e-04 +5.0001e-04 +5.0001e-04 +5.0001e-04 +5.0001e-04 +5.0001e-04 +5.0000e-04 +5.0000e-04 +5.0000e-04 +5.0000e-04 +5.0000e-04 +5.0000e-04 +5.0000e-04 +4.9999e-04 +4.9999e-04 +4.9999e-04 +4.9999e-04 +4.9999e-04 +4.9999e-04 +4.9998e-04 +4.9998e-04 +4.9998e-04 +4.9998e-04 +4.9998e-04 +4.9998e-04 +4.9998e-04 +4.9997e-04 +4.9997e-04 +4.9997e-04 +4.9997e-04 +4.9997e-04 +4.9997e-04 +4.9996e-04 +4.9996e-04 +4.9996e-04 +4.9996e-04 +4.9996e-04 +4.9996e-04 +4.9995e-04 +4.9995e-04 +4.9995e-04 +4.9995e-04 +4.9995e-04 +4.9995e-04 +4.9994e-04 +4.9994e-04 +4.9994e-04 
+0000.00000 -6.7300e-12 -6.9403e-12 -7.2152e-12 -7.5472e-12 -7.9293e-12 -8.3545e-12 -8.8163e-12 -9.3084e-12 -9.8246e-12 -1.0359e-11 -1.0906e-11 -1.1461e-11 -1.2018e-11 -1.2573e-11 -1.3120e-11 -1.3656e-11 -1.4177e-11 -1.4679e-11 -1.5159e-11 -1.5612e-11 -1.6037e-11 -1.6430e-11 -1.6789e-11 -1.7112e-11 -1.7396e-11 -1.7640e-11 -1.7843e-11 -1.8004e-11 -1.8121e-11 -1.8193e-11 -1.8221e-11 -1.8204e-11 -1.8142e-11 -1.8036e-11 -1.7886e-11 -1.7693e-11 -1.7459e-11 -1.7184e-11 -1.6870e-11 -1.6519e-11 -1.6133e-11 -1.5715e-11 -1.5267e-11 -1.4793e-11 -1.4295e-11 -1.3776e-11 -1.3242e-11 -1.2694e-11 -1.2139e-11 -1.1579e-11 -1.1021e-11 -1.0468e-11 -9.9265e-12 -9.4015e-12 -8.8989e-12 -8.4246e-12 -7.9849e-12 -7.5863e-12 -7.2357e-12 -6.9401e-12 -6.7068e-12 
-0000.00050 -5.0004e-04 -5.0003e-04 -5.0003e-04 -5.0003e-04 -5.0003e-04 -5.0003e-04 -5.0003e-04 -5.0003e-04 -5.0002e-04 -5.0002e-04 -5.0002e-04 -5.0002e-04 -5.0002e-04 -5.0002e-04 -5.0001e-04 -5.0001e-04 -5.0001e-04 -5.0001e-04 -5.0001e-04 -5.0001e-04 -5.0000e-04 -5.0000e-04 -5.0000e-04 -5.0000e-04 -5.0000e-04 -5.0000e-04 -5.0000e-04 -4.9999e-04 -4.9999e-04 -4.9999e-04 -4.9999e-04 -4.9999e-04 -4.9999e-04 -4.9998e-04 -4.9998e-04 -4.9998e-04 -4.9998e-04 -4.9998e-04 -4.9998e-04 -4.9998e-04 -4.9997e-04 -4.9997e-04 -4.9997e-04 -4.9997e-04 -4.9997e-04 -4.9997e-04 -4.9996e-04 -4.9996e-04 -4.9996e-04 -4.9996e-04 -4.9996e-04 -4.9996e-04 -4.9995e-04 -4.9995e-04 -4.9995e-04 -4.9995e-04 -4.9995e-04 -4.9995e-04 -4.9994e-04 -4.9994e-04 -4.9994e-04 
-0000.00100 -1.0001e-03 -1.0001e-03 -1.0001e-03 -1.0001e-03 -1.0001e-03 -1.0001e-03 -1.0001e-03 -1.0001e-03 -1.0000e-03 -1.0000e-03 -1.0000e-03 -1.0000e-03 -1.0000e-03 -1.0000e-03 -1.0000e-03 -1.0000e-03 -1.0000e-03 -1.0000e-03 -1.0000e-03 -1.0000e-03 -1.0000e-03 -1.0000e-03 -9.9999e-04 -9.9999e-04 -9.9999e-04 -9.9998e-04 -9.9998e-04 -9.9998e-04 -9.9998e-04 -9.9997e-04 -9.9997e-04 -9.9997e-04 -9.9996e-04 -9.9996e-04 -9.9996e-04 -9.9996e-04 -9.9995e-04 -9.9995e-04 -9.9995e-04 -9.9995e-04 -9.9994e-04 -9.9994e-04 -9.9994e-04 -9.9994e-04 -9.9993e-04 -9.9993e-04 -9.9993e-04 -9.9993e-04 -9.9992e-04 -9.9992e-04 -9.9992e-04 -9.9991e-04 -9.9991e-04 -9.9991e-04 -9.9990e-04 -9.9990e-04 -9.9990e-04 -9.9989e-04 -9.9989e-04 -9.9989e-04 -9.9988e-04 
-0000.00150 -1.5001e-03 -1.5001e-03 -1.5001e-03 -1.5001e-03 -1.5001e-03 -1.5001e-03 -1.5001e-03 -1.5001e-03 -1.5001e-03 -1.5001e-03 -1.5001e-03 -1.5001e-03 -1.5000e-03 -1.5000e-03 -1.5000e-03 -1.5000e-03 -1.5000e-03 -1.5000e-03 -1.5000e-03 -1.5000e-03 -1.5000e-03 -1.5000e-03 -1.5000e-03 -1.5000e-03 -1.5000e-03 -1.5000e-03 -1.5000e-03 -1.5000e-03 -1.5000e-03 -1.5000e-03 -1.5000e-03 -1.5000e-03 -1.4999e-03 -1.4999e-03 -1.4999e-03 -1.4999e-03 -1.4999e-03 -1.4999e-03 -1.4999e-03 -1.4999e-03 -1.4999e-03 -1.4999e-03 -1.4999e-03 -1.4999e-03 -1.4999e-03 -1.4999e-03 -1.4999e-03 -1.4999e-03 -1.4999e-03 -1.4999e-03 -1.4999e-03 -1.4999e-03 -1.4999e-03 -1.4998e-03 -1.4998e-03 -1.4998e-03 -1.4998e-03 -1.4998e-03 -1.4998e-03 -1.4998e-03 -1.4998e-03 
-0000.00200 -2.0001e-03 -2.0001e-03 -2.0001e-03 -2.0001e-03 -2.0001e-03 -2.0001e-03 -2.0001e-03 -2.0001e-03 -2.0001e-03 -2.0001e-03 -2.0001e-03 -2.0000e-03 -2.0000e-03 -2.0000e-03 -2.0000e-03 -2.0000e-03 -2.0000e-03 -2.0000e-03 -2.0000e-03 -2.0000e-03 -2.0000e-03 -2.0000e-03 -2.0000e-03 -2.0000e-03 -2.0000e-03 -2.0000e-03 -2.0000e-03 -2.0000e-03 -2.0000e-03 -1.9999e-03 -1.9999e-03 -1.9999e-03 -1.9999e-03 -1.9999e-03 -1.9999e-03 -1.9999e-03 -1.9999e-03 -1.9999e-03 -1.9999e-03 -1.9999e-03 -1.9999e-03 -1.9999e-03 -1.9999e-03 -1.9999e-03 -1.9999e-03 -1.9999e-03 -1.9999e-03 -1.9998e-03 -1.9998e-03 -1.9998e-03 -1.9998e-03 -1.9998e-03 -1.9998e-03 -1.9998e-03 -1.9998e-03 -1.9998e-03 -1.9998e-03 -1.9998e-03 -1.9998e-03 -1.9997e-03 -1.9997e-03 