# Author: FAC idanalysis.IDKickMap
#
# Total Length of Longitudinal Interval [m]
0.13
# Number of Horizontal Points
24
# Number of Vertical Points
9
# Total Horizontal 2nd Order Kick [T2m2]
START
            -0000.01200 -0000.01100 -0000.01000 -0000.00900 -0000.00800 -0000.00700 -0000.00600 -0000.00500 -0000.00400 -0000.00300 -0000.00200 -0000.00100 +0000.00000 +0000.00100 +0000.00200 +0000.00300 +0000.00400 +0000.00500 +0000.00600 +0000.00700 +0000.00800 +0000.00900 +0000.01000 +0000.01100
+0000.00200 -1.8312e-04 -1.8219e-04 -1.7947e-04 -1.8168e-04 -1.9107e-04 -1.9299e-04 -1.9096e-04 -1.8343e-04 -1.8263e-04 -1.8849e-04 -1.8955e-04 -1.8609e-04 -1.7279e-04 -1.8525e-04 -1.8917e-04 -1.8877e-04 -1.8297e-04 -1.8217e-04 -1.8971e-04 -1.9238e-04 -1.9078e-04 -1.8002e-04 -1.7755e-04 -1.8059e-04
+0000.00150 -1.0862e-04 -1.0769e-04 -1.0645e-04 -1.0875e-04 -1.1430e-04 -1.1605e-04 -1.1452e-04 -1.0983e-04 -1.0918e-04 -1.1256e-04 -1.1322e-04 -1.1074e-04 -1.0681e-04 -1.1030e-04 -1.1306e-04 -1.1280e-04 -1.0941e-04 -1.0942e-04 -1.1406e-04 -1.1596e-04 -1.1440e-04 -1.0849e-04 -1.0588e-04 -1.0725e-04
+0000.00100 -1.0877e-04 -1.0782e-04 -1.0743e-04 -1.0940e-04 -1.1290e-04 -1.1436e-04 -1.1331e-04 -1.1063e-04 -1.1004e-04 -1.1162e-04 -1.1193e-04 -1.1031e-04 -1.0861e-04 -1.1009e-04 -1.1182e-04 -1.1171e-04 -1.1009e-04 -1.1039e-04 -1.1301e-04 -1.1423e-04 -1.1284e-04 -1.0917e-04 -1.0702e-04 -1.0744e-04
+0000.00050 -1.0910e-04 -1.0814e-04 -1.0812e-04 -1.0980e-04 -1.1236e-04 -1.1361e-04 -1.1289e-04 -1.1115e-04 -1.1060e-04 -1.1134e-04 -1.1144e-04 -1.1034e-04 -1.0941e-04 -1.1021e-04 -1.1136e-04 -1.1137e-04 -1.1059e-04 -1.1097e-04 -1.1266e-04 -1.1345e-04 -1.1224e-04 -1.0957e-04 -1.0777e-04 -1.0778e-04
+0000.00000 -1.0922e-04 -1.0826e-04 -1.0833e-04 -1.0991e-04 -1.1221e-04 -1.1337e-04 -1.1276e-04 -1.1130e-04 -1.1076e-04 -1.1127e-04 -1.1130e-04 -1.1036e-04 -1.0963e-04 -1.1026e-04 -1.1123e-04 -1.1128e-04 -1.1073e-04 -1.1114e-04 -1.1255e-04 -1.1321e-04 -1.1206e-04 -1.0968e-04 -1.0800e-04 -1.0791e-04
-0000.00050 -1.0910e-04 -1.0814e-04 -1.0812e-04 -1.0980e-04 -1.1236e-04 -1.1361e-04 -1.1289e-04 -1.1115e-04 -1.1060e-04 -1.1134e-04 -1.1144e-04 -1.1034e-04 -1.0941e-04 -1.1021e-04 -1.1136e-04 -1.1137e-04 -1.1059e-04 -1.1097e-04 -1.1266e-04 -1.1345e-04 -1.1224e-04 -1.0957e-04 -1.0777e-04 -1.0779e-04
-0000.00100 -1.0877e-04 -1.0781e-04 -1.0743e-04 -1.0941e-04 -1.1290e-04 -1.1436e-04 -1.1331e-04 -1.1063e-04 -1.1004e-04 -1.1162e-04 -1.1192e-04 -1.1031e-04 -1.0861e-04 -1.1009e-04 -1.1182e-04 -1.1171e-04 -1.1009e-04 -1.1039e-04 -1.1301e-04 -1.1423e-04 -1.1284e-04 -1.0916e-04 -1.0702e-04 -1.0744e-04
-0000.00150 -1.0861e-04 -1.0768e-04 -1.0645e-04 -1.0876e-04 -1.1430e-04 -1.1604e-04 -1.1452e-04 -1.0983e-04 -1.0918e-04 -1.1256e-04 -1.1322e-04 -1.1073e-04 -1.0681e-04 -1.1030e-04 -1.1306e-04 -1.1280e-04 -1.0940e-04 -1.0942e-04 -1.1406e-04 -1.1597e-04 -1.1440e-04 -1.0848e-04 -1.0588e-04 -1.0726e-04
-0000.00200 -1.8311e-04 -1.8218e-04 -1.7946e-04 -1.8170e-04 -1.9107e-04 -1.9299e-04 -1.9095e-04 -1.8343e-04 -1.8264e-04 -1.8848e-04 -1.8955e-04 -1.8608e-04 -1.7279e-04 -1.8525e-04 -1.8917e-04 -1.8877e-04 -1.8297e-04 -1.8216e-04 -1.8972e-04 -1.9239e-04 -1.9078e-04 -1.8000e-04 -1.7755e-04 -1.8060e-04
# Total Vertical 2nd Order Kick [T2m2]
START
            -0000.01200 -0000.01100 -0000.01000 -0000.00900 -0000.00800 -0000.00700 -0000.00600 -0000.00500 -0000.00400 -0000.00300 -0000.00200 -0000.00100 +0000.00000 +0000.00100 +0000.00200 +0000.00300 +0000.00400 +0000.00500 +0000.00600 +0000.00700 +0000.00800 +0000.00900 +0000.01000 +0000.01100
+0000.00200 -2.2691e-04 -2.2688e-04 -2.2558e-04 -2.1243e-04 -2.1964e-04 -2.2469e-04 -2.2993e-04 -2.3331e-04 -2.2007e-04 -2.2221e-04 -2.2657e-04 -2.3081e-04 -2.2669e-04 -2.1965e-04 -2.2303e-04 -2.2770e-04 -2.3101e-04 -2.1780e-04 -2.2001e-04 -2.2491e-04 -2.3088e-04 -2.3845e-04 -2.2495e-04 -2.2270e-04
+0000.00150 -1.4842e-04 -1.4782e-04 -1.4614e-04 -1.4172e-04 -1.4303e-04 -1.4644e-04 -1.4971e-04 -1.5032e-04 -1.4511e-04 -1.4521e-04 -1.4776e-04 -1.4986e-04 -1.4712e-04 -1.4383e-04 -1.4550e-04 -1.4820e-04 -1.4886e-04 -1.4367e-04 -1.4371e-04 -1.4682e-04 -1.5062e-04 -1.5216e-04 -1.4749e-04 -1.4542e-04
+0000.00100 -9.0058e-05 -8.9395e-05 -8.8130e-05 -8.6175e-05 -8.6599e-05 -8.8583e-05 -9.0427e-05 -9.0471e-05 -8.8325e-05 -8.8097e-05 -8.9415e-05 -9.0345e-05 -8.8964e-05 -8.7389e-05 -8.8119e-05 -8.9505e-05 -8.9519e-05 -8.7380e-05 -8.7183e-05 -8.8947e-05 -9.1091e-05 -9.1618e-05 -8.9547e-05 -8.8119e-05
+0000.00050 -4.2570e-05 -4.2168e-05 -4.1525e-05 -4.0744e-05 -4.0896e-05 -4.1790e-05 -4.2612e-05 -4.2597e-05 -4.1790e-05 -4.1647e-05 -4.2192e-05 -4.2538e-05 -4.1972e-05 -4.1338e-05 -4.1607e-05 -4.2178e-05 -4.2124e-05 -4.1320e-05 -4.1216e-05 -4.2004e-05 -4.2954e-05 -4.3145e-05 -4.2320e-05 -4.1615e-05
+0000.00000 -1.3086e-08 -1.4951e-08 -1.6256e-08 -1.6072e-08 -1.5650e-08 -1.6267e-08 -1.7303e-08 -1.7711e-08 -1.7324e-08 -1.7083e-08 -1.7327e-08 -1.7730e-08 -1.7974e-08 -1.7885e-08 -1.7555e-08 -1.7317e-08 -1.7576e-08 -1.8092e-08 -1.7855e-08 -1.6908e-08 -1.6268e-08 -1.6576e-08 -1.6643e-08 -1.5235e-08
-0000.00050 +4.2544e-05 +4.2138e-05 +4.1492e-05 +4.0712e-05 +4.0865e-05 +4.1758e-05 +4.2577e-05 +4.2561e-05 +4.1755e-05 +4.1613e-05 +4.2157e-05 +4.2503e-05 +4.1936e-05 +4.1302e-05 +4.1572e-05 +4.2143e-05 +4.2089e-05 +4.1284e-05 +4.1180e-05 +4.1970e-05 +4.2922e-05 +4.3112e-05 +4.2286e-05 +4.1585e-05
-0000.00100 +9.0033e-05 +8.9364e-05 +8.8096e-05 +8.6143e-05 +8.6569e-05 +8.8551e-05 +9.0392e-05 +9.0435e-05 +8.8291e-05 +8.8064e-05 +8.9381e-05 +9.0309e-05 +8.8928e-05 +8.7353e-05 +8.8084e-05 +8.9471e-05 +8.9484e-05 +8.7342e-05 +8.7146e-05 +8.8913e-05 +9.1060e-05 +9.1584e-05 +8.9512e-05 +8.8088e-05
-0000.00150 +1.4839e-04 +1.4778e-04 +1.4610e-04 +1.4169e-04 +1.4300e-04 +1.4641e-04 +1.4967e-04 +1.5028e-04 +1.4508e-04 +1.4518e-04 +1.4772e-04 +1.4982e-04 +1.4708e-04 +1.4379e-04 +1.4547e-04 +1.4816e-04 +1.4882e-04 +1.4363e-04 +1.4368e-04 +1.4679e-04 +1.5059e-04 +1.5213e-04 +1.4746e-04 +1.4539e-04
-0000.00200 +2.2689e-04 +2.2684e-04 +2.2554e-04 +2.1240e-04 +2.1962e-04 +2.2466e-04 +2.2989e-04 +2.3326e-04 +2.2004e-04 +2.2218e-04 +2.2654e-04 +2.3077e-04 +2.2666e-04 +2.1962e-04 +2.2299e-04 +2.2767e-04 +2.3098e-04 +2.1776e-04 +2.1997e-04 +2.2488e-04 +2.3085e-04 +2.3842e-04 +2.2490e-04 +2.2267e-04
# Horizontal Final Position [m]
START
            -0000.01200 -0000.01100 -0000.01000 -0000.00900 -0000.00800 -0000.00700 -0000.00600 -0000.00500 -0000.00400 -0000.00300 -0000.00200 -0000.00100 +0000.00000 +0000.00100 +0000.00200 +0000.00300 +0000.00400 +0000.00500 +0000.00600 +0000.00700 +0000.00800 +0000.00900 +0000.01000 +0000.01100
+0000.00200 -1.1999e-02 -1.0999e-02 -9.9995e-03 -8.9995e-03 -7.9995e-03 -6.9996e-03 -5.9996e-03 -4.9996e-03 -3.9996e-03 -2.9997e-03 -1.9997e-03 -9.9967e-04 +3.4902e-07 +1.0003e-03 +2.0003e-03 +3.0003e-03 +4.0004e-03 +5.0004e-03 +6.0004e-03 +7.0004e-03 +8.0005e-03 +9.0005e-03 +1.0001e-02 +1.1001e-02
+0000.00150 -1.2000e-02 -1.1000e-02 -9.9998e-03 -8.9998e-03 -7.9999e-03 -6.9999e-03 -5.9999e-03 -4.9999e-03 -4.0000e-03 -3.0000e-03 -2.0000e-03 -9.9998e-04 +2.6197e-08 +1.0000e-03 +2.0000e-03 +3.0000e-03 +4.0000e-03 +5.0001e-03 +6.0001e-03 +7.0001e-03 +8.0001e-03 +9.0002e-03 +1.0000e-02 +1.1000e-02
+0000.00100 -1.2000e-02 -1.1000e-02 -9.9998e-03 -8.9998e-03 -7.9999e-03 -6.9999e-03 -5.9999e-03 -4.9999e-03 -4.0000e-03 -3.0000e-03 -2.0000e-03 -9.9998e-04 +2.0938e-08 +1.0000e-03 +2.0000e-03 +3.0000e-03 +4.0000e-03 +5.0001e-03 +6.0001e-03 +7.0001e-03 +8.0001e-03 +9.0002e-03 +1.0000e-02 +1.1000e-02
+0000.00050 -1.2000e-02 -1.1000e-02 -9.9998e-03 -8.9998e-03 -7.9999e-03 -6.9999e-03 -5.9999e-03 -4.9999e-03 -4.0000e-03 -3.0000e-03 -2.0000e-03 -9.9998e-04 +1.8533e-08 +1.0000e-03 +2.0000e-03 +3.0000e-03 +4.0000e-03 +5.0001e-03 +6.0001e-03 +7.0001e-03 +8.0001e-03 +9.0002e-03 +1.0000e-02 +1.1000e-02
+0000.00000 -1.2000e-02 -1.1000e-02 -9.9998e-03 -8.9998e-03 -7.9999e-03 -6.9999e-03 -5.9999e-03 -4.9999e-03 -4.0000e-03 -3.0000e-03 -2.0000e-03 -9.9998e-04 +1.7806e-08 +1.0000e-03 +2.0000e-03 +3.0000e-03 +4.0000e-03 +5.0001e-03 +6.0001e-03 +7.0001e-03 +8.0001e-03 +9.0002e-03 +1.0000e-02 +1.1000e-02
-0000.00050 -1.2000e-02 -1.1000e-02 -9.9998e-03 -8.9998e-03 -7.9999e-03 -6.9999e-03 -5.9999e-03 -4.9999e-03 -4.0000e-03 -3.0000e-03 -2.0000e-03 -9.9998e-04 +1.8534e-08 +1.0000e-03 +2.0000e-03 +3.0000e-03 +4.0000e-03 +5.0001e-03 +6.0001e-03 +7.0001e-03 +8.0001e-03 +9.0002e-03 +1.0000e-02 +1.1000e-02
-0000.00100 -1.2000e-02 -1.1000e-02 -9.9998e-03 -8.9998e-03 -7.9999e-03 -6.9999e-03 -5.9999e-03 -4.9999e-03 -4.0000e-03 -3.0000e-03 -2.0000e-03 -9.9998e-04 +2.0938e-08 +1.0000e-03 +2.0000e-03 +3.0000e-03 +4.0000e-03 +5.0001e-03 +6.0001e-03 +7.0001e-03 +8.0001e-03 +9.0002e-03 +1.0000e-02 +1.1000e-02
-0000.00150 -1.2000e-02 -1.1000e-02 -9.9998e-03 -8.9998e-03 -7.9999e-03 -6.9999e-03 -5.9999e-03 -4.9999e-03 -4.0000e-03 -3.0000e-03 -2.0000e-03 -9.9998e-04 +2.6198e-08 +1.0000e-03 +2.0000e-03 +3.0000e-03 +4.0000e-03 +5.0001e-03 +6.0001e-03 +7.0001e-03 +8.0001e-03 +9.0002e-03 +1.0000e-02 +1.1000e-02
-0000.00200 -1.1999e-02 -1.0999e-02 -9.9995e-03 -8.9995e-03 -7.9995e-03 -6.9996e-03 -5.9996e-03 -4.9996e-03 -3.9996e-03 -2.9997e-03 -1.9997e-03 -9.9967e-04 +3.4902e-07 +1.0003e-03 +2.0003e-03 +3.0003e-03 +4.0004e-03 +5.0004e-03 +6.0004e-03 +7.0004e-03 +8.0005e-03 +9.0005e-03 +1.0001e-02 +1.1001e-02
# Vertical Final Position [m]
START
            -0000.01200 -0000.01100 -0000.01000 -0000.00900 -0000.00800 -0000.00700 -0000.00600 -0000.00500 -0000.00400 -0000.00300 -0000.00200 -0000.00100 +0000.00000 +0000.00100 +0000.00200 +0000.00300 +0000.00400 +0000.00500 +0000.00600 +0000.00700 +0000.00800 +0000.00900 +0000.01000 +0000.01100
+0000.00200 +1.9999e-03 +1.9999e-03 +1.9999e-03 +1.9999e-03 +1.9999e-03 +1.9998e-03 +1.9998e-03 +1.9998e-03 +1.9998e-03 +1.9998e-03 +1.9998e-03 +1.9998e-03 +1.9998e-03 +1.9998e-03 +1.9998e-03 +1.9997e-03 +1.9997e-03 +1.9997e-03 +1.9997e-03 +1.9997e-03 +1.9997e-03 +1.9997e-03 +1.9997e-03 +1.9997e-03
+0000.00150 +1.4999e-03 +1.4999e-03 +1.4999e-03 +1.4999e-03 +1.4999e-03 +1.4999e-03 +1.4999e-03 +1.4999e-03 +1.4999e-03 +1.4999e-03 +1.4999e-03 +1.4999e-03 +1.4999e-03 +1.4999e-03 +1.4998e-03 +1.4998e-03 +1.4998e-03 +1.4998e-03 +1.4998e-03 +1.4998e-03 +1.4998e-03 +1.4998e-03 +1.4998e-03 +1.4998e-03
+0000.00100 +9.9996e-04 +9.9996e-04 +9.9996e-04 +9.9995e-04 +9.9995e-04 +9.9994e-04 +9.9993e-04 +9.9993e-04 +9.9993e-04 +9.9992e-04 +9.9992e-04 +9.9991e-04 +9.9991e-04 +9.9991e-04 +9.9991e-04 +9.9990e-04 +9.9990e-04 +9.9989e-04 +9.9989e-04 +9.9988e-04 +9.9987e-04 +9.9987e-04 +9.9987e-04 +9.9986e-04
+0000.00050 +4.9998e-04 +4.9998e-04 +4.9998e-04 +4.9998e-04 +4.9998e-04 +4.9997e-04 +4.9997e-04 +4.9997e-04 +4.9997e-04 +4.9996e-04 +4.9996e-04 +4.9996e-04 +4.9996e-04 +4.9996e-04 +4.9996e-04 +4.9995e-04 +4.9995e-04 +4.9995e-04 +4.9995e-04 +4.9994e-04 +4.9994e-04 +4.9994e-04 +4.9994e-04 +4.9993e-04
+0000.00000 -3.5570e-11 -3.8987e-11 -4.1608e-11 -4.1895e-11 -4.1653e-11 -4.2894e-11 -4.4780e-11 -4.5751e-11 -4.5533e-11 -4.5511e-11 -4.6192e-11 -4.7059e-11 -4.7528e-11 -4.7268e-11 -4.6510e-11 -4.5850e-11 -4.5882e-11 -4.6202e-11 -4.5364e-11 -4.3526e-11 -4.2225e-11 -4.2339e-11 -4.1956e-11 -3.9271e-11
-0000.00050 -4.9998e-04 -4.9998e-04 -4.9998e-04 -4.9998e-04 -4.9998e-04 -4.9997e-04 -4.9997e-04 -4.9997e-04 -4.9997e-04 -4.9996e-04 -4.9996e-04 -4.9996e-04 -4.9996e-04 -4.9996e-04 -4.9996e-04 -4.9995e-04 -4.9995e-04 -4.9995e-04 -4.9995e-04 -4.9994e-04 -4.9994e-04 -4.9994e-04 -4.9994e-04 -4.9993e-04
-0000.00100 -9.9996e-04 -9.9996e-04 -9.9996e-04 -9.9995e-04 -9.9995e-04 -9.9994e-04 -9.9993e-04 -9.9993e-04 -9.9993e-04 -9.9992e-04 -9.9992e-04 -9.9991e-04 -9.9991e-04 -9.9991e-04 -9.9991e-04 -9.9990e-04 -9.9990e-04 -9.9989e-04 -9.9989e-04 -9.9988e-04 -9.9987e-04 -9.9987e-04 -9.9987e-04 -9.9986e-04
-0000.00150 -1.4999e-03 -1.4999e-03 -1.4999e-03 -1.4999e-03 -1.4999e-03 -1.4999e-03 -1.4999e-03 -1.4999e-03 -1.4999e-03 -1.4999e-03 -1.4999e-03 -1.4999e-03 -1.4999e-03 -1.4999e-03 -1.4998e-03 -1.4998e-03 -1.4998e-03 -1.4998e-03 -1.4998e-03 -1.4998e-03 -1.4998e-03 -1.4998e-03 -1.4998e-03 -1.4998e-03
-0000.00200 -1.9999e-03 -1.9999e-03 -1.9999e-03 -1.9999e-03 -1.9999e-03 -1.9998e-03 -1.9998e-03 -1.9998e-03 -1.9998e-03 -1.9998e-03 -1.9998e-03 -1.9998e-03 -1.9998e-03 -1.9998e-03 -1.9998e-03 -1.9997e-03 -1.9997e-03 -1.9997e-03 -1.9997e-03 -1.9997e-03 -1.9997e-03 -1.9997e-03 -1.9997e-03 -1.9997e-03
