# Author: FAC idanalysis.IDKickMap
# Termination_kicks [T2m2]: +0.0000e+00 +0.0000e+00 +0.0000e+00 +0.0000e+00 
# Total Length of Longitudinal Interval [m]
0.13
# Number of Horizontal Points
61
# Number of Vertical Points
9
# Total Horizontal 2nd Order Kick [T2m2]
START
            -0000.01000 -0000.00967 -0000.00933 -0000.00900 -0000.00867 -0000.00833 -0000.00800 -0000.00767 -0000.00733 -0000.00700 -0000.00667 -0000.00633 -0000.00600 -0000.00567 -0000.00533 -0000.00500 -0000.00467 -0000.00433 -0000.00400 -0000.00367 -0000.00333 -0000.00300 -0000.00267 -0000.00233 -0000.00200 -0000.00167 -0000.00133 -0000.00100 -0000.00067 -0000.00033 +0000.00000 +0000.00033 +0000.00067 +0000.00100 +0000.00133 +0000.00167 +0000.00200 +0000.00233 +0000.00267 +0000.00300 +0000.00333 +0000.00367 +0000.00400 +0000.00433 +0000.00467 +0000.00500 +0000.00533 +0000.00567 +0000.00600 +0000.00633 +0000.00667 +0000.00700 +0000.00733 +0000.00767 +0000.00800 +0000.00833 +0000.00867 +0000.00900 +0000.00933 +0000.00967 +0000.01000 
+0000.00200 -1.1713e-04 -1.1559e-04 -1.1407e-04 -1.1255e-04 -1.1105e-04 -1.0957e-04 -1.0811e-04 -1.0668e-04 -1.0528e-04 -1.0392e-04 -1.0259e-04 -1.0131e-04 -1.0007e-04 -9.8887e-05 -9.7751e-05 -9.6669e-05 -9.5644e-05 -9.4678e-05 -9.3774e-05 -9.2933e-05 -9.2158e-05 -9.1449e-05 -9.0810e-05 -9.0240e-05 -8.9743e-05 -8.9317e-05 -8.8965e-05 -8.8687e-05 -8.8485e-05 -8.8357e-05 -8.8305e-05 -8.8328e-05 -8.8428e-05 -8.8602e-05 -8.8852e-05 -8.9176e-05 -8.9573e-05 -9.0044e-05 -9.0587e-05 -9.1200e-05 -9.1882e-05 -9.2633e-05 -9.3449e-05 -9.4329e-05 -9.5272e-05 -9.6275e-05 -9.7336e-05 -9.8452e-05 -9.9620e-05 -1.0084e-04 -1.0210e-04 -1.0341e-04 -1.0476e-04 -1.0614e-04 -1.0756e-04 -1.0901e-04 -1.1048e-04 -1.1198e-04 -1.1349e-04 -1.1501e-04 -1.1654e-04 
+0000.00150 -1.1710e-04 -1.1563e-04 -1.1415e-04 -1.1269e-04 -1.1123e-04 -1.0979e-04 -1.0838e-04 -1.0699e-04 -1.0562e-04 -1.0429e-04 -1.0300e-04 -1.0174e-04 -1.0053e-04 -9.9370e-05 -9.8256e-05 -9.7194e-05 -9.6187e-05 -9.5238e-05 -9.4348e-05 -9.3521e-05 -9.2758e-05 -9.2061e-05 -9.1431e-05 -9.0870e-05 -9.0379e-05 -8.9960e-05 -8.9613e-05 -8.9339e-05 -8.9139e-05 -8.9013e-05 -8.8962e-05 -8.8985e-05 -8.9083e-05 -8.9256e-05 -8.9502e-05 -8.9822e-05 -9.0214e-05 -9.0678e-05 -9.1213e-05 -9.1817e-05 -9.2490e-05 -9.3228e-05 -9.4032e-05 -9.4898e-05 -9.5825e-05 -9.6811e-05 -9.7852e-05 -9.8947e-05 -1.0009e-04 -1.0129e-04 -1.0252e-04 -1.0380e-04 -1.0512e-04 -1.0647e-04 -1.0785e-04 -1.0926e-04 -1.1069e-04 -1.1214e-04 -1.1360e-04 -1.1507e-04 -1.1655e-04 
+0000.00100 -1.1708e-04 -1.1565e-04 -1.1421e-04 -1.1278e-04 -1.1136e-04 -1.0995e-04 -1.0856e-04 -1.0720e-04 -1.0586e-04 -1.0455e-04 -1.0328e-04 -1.0205e-04 -1.0086e-04 -9.9710e-05 -9.8612e-05 -9.7565e-05 -9.6571e-05 -9.5634e-05 -9.4756e-05 -9.3939e-05 -9.3185e-05 -9.2495e-05 -9.1872e-05 -9.1318e-05 -9.0832e-05 -9.0417e-05 -9.0074e-05 -8.9803e-05 -8.9605e-05 -8.9481e-05 -8.9430e-05 -8.9454e-05 -8.9551e-05 -8.9721e-05 -8.9965e-05 -9.0282e-05 -9.0670e-05 -9.1129e-05 -9.1659e-05 -9.2256e-05 -9.2921e-05 -9.3652e-05 -9.4446e-05 -9.5301e-05 -9.6217e-05 -9.7189e-05 -9.8217e-05 -9.9296e-05 -1.0043e-04 -1.0160e-04 -1.0282e-04 -1.0408e-04 -1.0537e-04 -1.0670e-04 -1.0805e-04 -1.0943e-04 -1.1083e-04 -1.1225e-04 -1.1367e-04 -1.1511e-04 -1.1654e-04 
+0000.00050 -1.1706e-04 -1.1565e-04 -1.1424e-04 -1.1283e-04 -1.1143e-04 -1.1004e-04 -1.0867e-04 -1.0732e-04 -1.0600e-04 -1.0471e-04 -1.0345e-04 -1.0223e-04 -1.0105e-04 -9.9913e-05 -9.8824e-05 -9.7786e-05 -9.6800e-05 -9.5871e-05 -9.4999e-05 -9.4188e-05 -9.3439e-05 -9.2755e-05 -9.2136e-05 -9.1585e-05 -9.1103e-05 -9.0691e-05 -9.0350e-05 -9.0081e-05 -8.9884e-05 -8.9761e-05 -8.9711e-05 -8.9734e-05 -8.9830e-05 -9.0000e-05 -9.0243e-05 -9.0557e-05 -9.0943e-05 -9.1400e-05 -9.1926e-05 -9.2520e-05 -9.3180e-05 -9.3905e-05 -9.4694e-05 -9.5543e-05 -9.6452e-05 -9.7417e-05 -9.8436e-05 -9.9506e-05 -1.0063e-04 -1.0179e-04 -1.0300e-04 -1.0424e-04 -1.0552e-04 -1.0683e-04 -1.0817e-04 -1.0954e-04 -1.1092e-04 -1.1231e-04 -1.1372e-04 -1.1513e-04 -1.1654e-04 
+0000.00000 -1.1706e-04 -1.1565e-04 -1.1425e-04 -1.1285e-04 -1.1145e-04 -1.1007e-04 -1.0871e-04 -1.0736e-04 -1.0605e-04 -1.0476e-04 -1.0350e-04 -1.0229e-04 -1.0111e-04 -9.9979e-05 -9.8893e-05 -9.7858e-05 -9.6876e-05 -9.5949e-05 -9.5079e-05 -9.4270e-05 -9.3524e-05 -9.2841e-05 -9.2224e-05 -9.1674e-05 -9.1193e-05 -9.0782e-05 -9.0442e-05 -9.0174e-05 -8.9978e-05 -8.9854e-05 -8.9804e-05 -8.9828e-05 -8.9924e-05 -9.0093e-05 -9.0335e-05 -9.0649e-05 -9.1034e-05 -9.1490e-05 -9.2014e-05 -9.2607e-05 -9.3266e-05 -9.3989e-05 -9.4776e-05 -9.5623e-05 -9.6529e-05 -9.7492e-05 -9.8508e-05 -9.9576e-05 -1.0069e-04 -1.0185e-04 -1.0305e-04 -1.0430e-04 -1.0557e-04 -1.0688e-04 -1.0821e-04 -1.0957e-04 -1.1095e-04 -1.1234e-04 -1.1374e-04 -1.1514e-04 -1.1655e-04 
-0000.00050 -1.1706e-04 -1.1565e-04 -1.1423e-04 -1.1283e-04 -1.1142e-04 -1.1004e-04 -1.0867e-04 -1.0732e-04 -1.0600e-04 -1.0470e-04 -1.0345e-04 -1.0222e-04 -1.0104e-04 -9.9909e-05 -9.8821e-05 -9.7783e-05 -9.6798e-05 -9.5868e-05 -9.4997e-05 -9.4186e-05 -9.3438e-05 -9.2753e-05 -9.2135e-05 -9.1584e-05 -9.1102e-05 -9.0690e-05 -9.0350e-05 -9.0081e-05 -8.9884e-05 -8.9761e-05 -8.9711e-05 -8.9734e-05 -8.9831e-05 -9.0001e-05 -9.0243e-05 -9.0558e-05 -9.0944e-05 -9.1401e-05 -9.1927e-05 -9.2521e-05 -9.3181e-05 -9.3906e-05 -9.4695e-05 -9.5545e-05 -9.6453e-05 -9.7418e-05 -9.8438e-05 -9.9508e-05 -1.0063e-04 -1.0179e-04 -1.0300e-04 -1.0424e-04 -1.0552e-04 -1.0684e-04 -1.0818e-04 -1.0954e-04 -1.1092e-04 -1.1232e-04 -1.1373e-04 -1.1514e-04 -1.1655e-04 
-0000.00100 -1.1707e-04 -1.1563e-04 -1.1420e-04 -1.1277e-04 -1.1135e-04 -1.0994e-04 -1.0855e-04 -1.0719e-04 -1.0585e-04 -1.0454e-04 -1.0327e-04 -1.0204e-04 -1.0085e-04 -9.9703e-05 -9.8605e-05 -9.7559e-05 -9.6566e-05 -9.5629e-05 -9.4752e-05 -9.3935e-05 -9.3181e-05 -9.2492e-05 -9.1870e-05 -9.1315e-05 -9.0830e-05 -9.0416e-05 -9.0073e-05 -8.9802e-05 -8.9605e-05 -8.9481e-05 -8.9430e-05 -8.9454e-05 -8.9551e-05 -8.9722e-05 -8.9967e-05 -9.0283e-05 -9.0672e-05 -9.1132e-05 -9.1661e-05 -9.2259e-05 -9.2924e-05 -9.3655e-05 -9.4449e-05 -9.5305e-05 -9.6221e-05 -9.7194e-05 -9.8222e-05 -9.9302e-05 -1.0043e-04 -1.0161e-04 -1.0283e-04 -1.0408e-04 -1.0538e-04 -1.0671e-04 -1.0806e-04 -1.0944e-04 -1.1084e-04 -1.1226e-04 -1.1369e-04 -1.1512e-04 -1.1656e-04 
-0000.00150 -1.1708e-04 -1.1560e-04 -1.1413e-04 -1.1266e-04 -1.1121e-04 -1.0977e-04 -1.0836e-04 -1.0697e-04 -1.0560e-04 -1.0428e-04 -1.0298e-04 -1.0173e-04 -1.0052e-04 -9.9358e-05 -9.8245e-05 -9.7184e-05 -9.6178e-05 -9.5230e-05 -9.4341e-05 -9.3515e-05 -9.2752e-05 -9.2056e-05 -9.1426e-05 -9.0866e-05 -9.0376e-05 -8.9957e-05 -8.9611e-05 -8.9338e-05 -8.9138e-05 -8.9013e-05 -8.8962e-05 -8.8986e-05 -8.9085e-05 -8.9258e-05 -8.9504e-05 -8.9824e-05 -9.0217e-05 -9.0682e-05 -9.1217e-05 -9.1822e-05 -9.2495e-05 -9.3234e-05 -9.4038e-05 -9.4905e-05 -9.5832e-05 -9.6818e-05 -9.7860e-05 -9.8956e-05 -1.0010e-04 -1.0130e-04 -1.0253e-04 -1.0381e-04 -1.0513e-04 -1.0648e-04 -1.0787e-04 -1.0928e-04 -1.1071e-04 -1.1216e-04 -1.1362e-04 -1.1509e-04 -1.1657e-04 
-0000.00200 -1.1709e-04 -1.1556e-04 -1.1404e-04 -1.1252e-04 -1.1102e-04 -1.0954e-04 -1.0809e-04 -1.0666e-04 -1.0526e-04 -1.0390e-04 -1.0258e-04 -1.0130e-04 -1.0006e-04 -9.8874e-05 -9.7739e-05 -9.6658e-05 -9.5634e-05 -9.4669e-05 -9.3766e-05 -9.2926e-05 -9.2151e-05 -9.1444e-05 -9.0805e-05 -9.0236e-05 -8.9739e-05 -8.9314e-05 -8.8963e-05 -8.8686e-05 -8.8484e-05 -8.8357e-05 -8.8305e-05 -8.8329e-05 -8.8429e-05 -8.8604e-05 -8.8854e-05 -8.9179e-05 -8.9577e-05 -9.0049e-05 -9.0592e-05 -9.1206e-05 -9.1889e-05 -9.2640e-05 -9.3457e-05 -9.4339e-05 -9.5282e-05 -9.6286e-05 -9.7348e-05 -9.8464e-05 -9.9634e-05 -1.0085e-04 -1.0212e-04 -1.0343e-04 -1.0478e-04 -1.0616e-04 -1.0758e-04 -1.0903e-04 -1.1051e-04 -1.1200e-04 -1.1352e-04 -1.1504e-04 -1.1658e-04 
# Total Vertical 2nd Order Kick [T2m2]
START
            -0000.01000 -0000.00967 -0000.00933 -0000.00900 -0000.00867 -0000.00833 -0000.00800 -0000.00767 -0000.00733 -0000.00700 -0000.00667 -0000.00633 -0000.00600 -0000.00567 -0000.00533 -0000.00500 -0000.00467 -0000.00433 -0000.00400 -0000.00367 -0000.00333 -0000.00300 -0000.00267 -0000.00233 -0000.00200 -0000.00167 -0000.00133 -0000.00100 -0000.00067 -0000.00033 +0000.00000 +0000.00033 +0000.00067 +0000.00100 +0000.00133 +0000.00167 +0000.00200 +0000.00233 +0000.00267 +0000.00300 +0000.00333 +0000.00367 +0000.00400 +0000.00433 +0000.00467 +0000.00500 +0000.00533 +0000.00567 +0000.00600 +0000.00633 +0000.00667 +0000.00700 +0000.00733 +0000.00767 +0000.00800 +0000.00833 +0000.00867 +0000.00900 +0000.00933 +0000.00967 +0000.01000 
+0000.00200 -9.7962e-06 -9.8479e-06 -9.8647e-06 -9.8478e-06 -9.7986e-06 -9.7184e-06 -9.6086e-06 -9.4703e-06 -9.3050e-06 -9.1140e-06 -8.8984e-06 -8.6596e-06 -8.3989e-06 -8.1175e-06 -7.8166e-06 -7.4975e-06 -7.1615e-06 -6.8097e-06 -6.4433e-06 -6.0636e-06 -5.6717e-06 -5.2689e-06 -4.8563e-06 -4.4351e-06 -4.0064e-06 -3.5714e-06 -3.1312e-06 -2.6870e-06 -2.2398e-06 -1.7909e-06 -1.3412e-06 -8.9195e-07 -4.4417e-07 +1.0563e-09 +4.4265e-07 +8.7957e-07 +1.3107e-06 +1.7351e-06 +2.1517e-06 +2.5595e-06 +2.9574e-06 +3.3444e-06 +3.7196e-06 +4.0819e-06 +4.4304e-06 +4.7641e-06 +5.0821e-06 +5.3833e-06 +5.6669e-06 +5.9320e-06 +6.1775e-06 +6.4025e-06 +6.6062e-06 +6.7877e-06 +6.9461e-06 +7.0804e-06 +7.1899e-06 +7.2736e-06 +7.3308e-06 +7.3604e-06 +7.3618e-06 
+0000.00150 -7.1994e-06 -7.2438e-06 -7.2617e-06 -7.2541e-06 -7.2221e-06 -7.1667e-06 -7.0888e-06 -6.9895e-06 -6.8696e-06 -6.7303e-06 -6.5725e-06 -6.3970e-06 -6.2050e-06 -5.9972e-06 -5.7748e-06 -5.5385e-06 -5.2893e-06 -5.0283e-06 -4.7561e-06 -4.4739e-06 -4.1824e-06 -3.8826e-06 -3.5753e-06 -3.2615e-06 -2.9420e-06 -2.6177e-06 -2.2895e-06 -1.9581e-06 -1.6245e-06 -1.2895e-06 -9.5392e-07 -6.1861e-07 -2.8439e-07 +4.7941e-08 +3.7755e-07 +7.0365e-07 +1.0254e-06 +1.3421e-06 +1.6529e-06 +1.9571e-06 +2.2537e-06 +2.5422e-06 +2.8218e-06 +3.0916e-06 +3.3510e-06 +3.5992e-06 +3.8355e-06 +4.0591e-06 +4.2693e-06 +4.4655e-06 +4.6469e-06 +4.8128e-06 +4.9626e-06 +5.0955e-06 +5.2108e-06 +5.3079e-06 +5.3862e-06 +5.4449e-06 +5.4835e-06 +5.5011e-06 +5.4974e-06 
+0000.00100 -4.7439e-06 -4.7767e-06 -4.7917e-06 -4.7896e-06 -4.7710e-06 -4.7368e-06 -4.6874e-06 -4.6236e-06 -4.5461e-06 -4.4555e-06 -4.3523e-06 -4.2374e-06 -4.1113e-06 -3.9747e-06 -3.8281e-06 -3.6723e-06 -3.5078e-06 -3.3352e-06 -3.1552e-06 -2.9684e-06 -2.7754e-06 -2.5767e-06 -2.3731e-06 -2.1650e-06 -1.9530e-06 -1.7378e-06 -1.5200e-06 -1.3000e-06 -1.0785e-06 -8.5596e-07 -6.3306e-07 -4.1030e-07 -1.8825e-07 +3.2555e-08 +2.5157e-07 +4.6825e-07 +6.8207e-07 +8.9249e-07 +1.0990e-06 +1.3010e-06 +1.4981e-06 +1.6897e-06 +1.8754e-06 +2.0545e-06 +2.2267e-06 +2.3913e-06 +2.5480e-06 +2.6962e-06 +2.8355e-06 +2.9653e-06 +3.0853e-06 +3.1949e-06 +3.2936e-06 +3.3811e-06 +3.4568e-06 +3.5203e-06 +3.5711e-06 +3.6089e-06 +3.6331e-06 +3.6433e-06 +3.6392e-06 
+0000.00050 -2.3790e-06 -2.3974e-06 -2.4069e-06 -2.4078e-06 -2.4003e-06 -2.3848e-06 -2.3618e-06 -2.3314e-06 -2.2940e-06 -2.2500e-06 -2.1997e-06 -2.1434e-06 -2.0815e-06 -2.0142e-06 -1.9419e-06 -1.8648e-06 -1.7834e-06 -1.6979e-06 -1.6087e-06 -1.5160e-06 -1.4201e-06 -1.3213e-06 -1.2201e-06 -1.1165e-06 -1.0110e-06 -9.0383e-07 -7.9529e-07 -6.8565e-07 -5.7521e-07 -4.6426e-07 -3.5307e-07 -2.4192e-07 -1.3110e-07 -2.0871e-08 +8.8487e-08 +1.9671e-07 +3.0352e-07 +4.0865e-07 +5.1185e-07 +6.1286e-07 +7.1140e-07 +8.0724e-07 +9.0010e-07 +9.8975e-07 +1.0759e-06 +1.1584e-06 +1.2369e-06 +1.3112e-06 +1.3810e-06 +1.4462e-06 +1.5065e-06 +1.5616e-06 +1.6113e-06 +1.6554e-06 +1.6937e-06 +1.7259e-06 +1.7518e-06 +1.7713e-06 +1.7840e-06 +1.7897e-06 +1.7884e-06 
+0000.00000 -5.8371e-08 -6.1266e-08 -6.3975e-08 -6.6507e-08 -6.8870e-08 -7.1074e-08 -7.3127e-08 -7.5035e-08 -7.6808e-08 -7.8453e-08 -7.9975e-08 -8.1382e-08 -8.2681e-08 -8.3876e-08 -8.4974e-08 -8.5979e-08 -8.6898e-08 -8.7734e-08 -8.8492e-08 -8.9175e-08 -8.9788e-08 -9.0334e-08 -9.0815e-08 -9.1235e-08 -9.1596e-08 -9.1899e-08 -9.2146e-08 -9.2339e-08 -9.2480e-08 -9.2567e-08 -9.2603e-08 -9.2586e-08 -9.2517e-08 -9.2395e-08 -9.2219e-08 -9.1988e-08 -9.1700e-08 -9.1354e-08 -9.0947e-08 -9.0476e-08 -8.9939e-08 -8.9332e-08 -8.8652e-08 -8.7896e-08 -8.7058e-08 -8.6134e-08 -8.5120e-08 -8.4010e-08 -8.2798e-08 -8.1480e-08 -8.0049e-08 -7.8497e-08 -7.6819e-08 -7.5008e-08 -7.3055e-08 -7.0953e-08 -6.8694e-08 -6.6270e-08 -6.3671e-08 -6.0889e-08 -5.7913e-08 
-0000.00050 +2.2619e-06 +2.2745e-06 +2.2786e-06 +2.2744e-06 +2.2622e-06 +2.2423e-06 +2.2151e-06 +2.1809e-06 +2.1400e-06 +2.0928e-06 +2.0394e-06 +1.9803e-06 +1.9158e-06 +1.8461e-06 +1.7716e-06 +1.6926e-06 +1.6094e-06 +1.5222e-06 +1.4315e-06 +1.3374e-06 +1.2403e-06 +1.1405e-06 +1.0383e-06 +9.3391e-07 +8.2770e-07 +7.1993e-07 +6.1089e-07 +5.0088e-07 +3.9016e-07 +2.7904e-07 +1.6778e-07 +5.6668e-08 -5.4020e-08 -1.6401e-07 -2.7302e-07 -3.8078e-07 -4.8702e-07 -5.9148e-07 -6.9388e-07 -7.9395e-07 -8.9144e-07 -9.8607e-07 -1.0776e-06 -1.1657e-06 -1.2503e-06 -1.3309e-06 -1.4074e-06 -1.4795e-06 -1.5469e-06 -1.6095e-06 -1.6669e-06 -1.7189e-06 -1.7653e-06 -1.8058e-06 -1.8401e-06 -1.8682e-06 -1.8896e-06 -1.9041e-06 -1.9116e-06 -1.9118e-06 -1.9045e-06 
-0000.00100 +4.6259e-06 +4.6528e-06 +4.6623e-06 +4.6551e-06 +4.6319e-06 +4.5932e-06 +4.5398e-06 +4.4722e-06 +4.3912e-06 +4.2973e-06 +4.1912e-06 +4.0735e-06 +3.9448e-06 +3.8059e-06 +3.6572e-06 +3.4994e-06 +3.3331e-06 +3.1589e-06 +2.9775e-06 +2.7894e-06 +2.5952e-06 +2.3955e-06 +2.1909e-06 +1.9820e-06 +1.7694e-06 +1.5536e-06 +1.3353e-06 +1.1149e-06 +8.9313e-07 +6.7047e-07 +4.4750e-07 +2.2478e-07 +2.8503e-09 -2.1773e-07 -4.3641e-07 -6.5266e-07 -8.6594e-07 -1.0757e-06 -1.2814e-06 -1.4826e-06 -1.6787e-06 -1.8691e-06 -2.0534e-06 -2.2311e-06 -2.4017e-06 -2.5645e-06 -2.7193e-06 -2.8653e-06 -3.0022e-06 -3.1295e-06 -3.2466e-06 -3.3532e-06 -3.4486e-06 -3.5324e-06 -3.6043e-06 -3.6636e-06 -3.7099e-06 -3.7428e-06 -3.7618e-06 -3.7664e-06 -3.7562e-06 
-0000.00150 +7.0797e-06 +7.1182e-06 +7.1306e-06 +7.1179e-06 +7.0812e-06 +7.0214e-06 +6.9394e-06 +6.8363e-06 +6.7131e-06 +6.5705e-06 +6.4097e-06 +6.2316e-06 +6.0371e-06 +5.8271e-06 +5.6026e-06 +5.3644e-06 +5.1136e-06 +4.8510e-06 +4.5775e-06 +4.2940e-06 +4.0014e-06 +3.7006e-06 +3.3925e-06 +3.0779e-06 +2.7578e-06 +2.4330e-06 +2.1043e-06 +1.7726e-06 +1.4387e-06 +1.1036e-06 +7.6794e-07 +4.3265e-07 +9.8542e-08 -2.3357e-07 -5.6289e-07 -8.8858e-07 -1.2099e-06 -1.5259e-06 -1.8360e-06 -2.1393e-06 -2.4351e-06 -2.7225e-06 -3.0008e-06 -3.2692e-06 -3.5271e-06 -3.7736e-06 -4.0079e-06 -4.2295e-06 -4.4375e-06 -4.6311e-06 -4.8098e-06 -4.9727e-06 -5.1192e-06 -5.2485e-06 -5.3600e-06 -5.4530e-06 -5.5267e-06 -5.5806e-06 -5.6139e-06 -5.6259e-06 -5.6161e-06 
-0000.00200 +9.6741e-06 +9.7199e-06 +9.7311e-06 +9.7091e-06 +9.6552e-06 +9.5706e-06 +9.4567e-06 +9.3148e-06 +9.1461e-06 +8.9519e-06 +8.7335e-06 +8.4922e-06 +8.2291e-06 +7.9455e-06 +7.6427e-06 +7.3219e-06 +6.9842e-06 +6.6310e-06 +6.2634e-06 +5.8825e-06 +5.4897e-06 +5.0860e-06 +4.6726e-06 +4.2507e-06 +3.8214e-06 +3.3860e-06 +2.9454e-06 +2.5009e-06 +2.0535e-06 +1.6044e-06 +1.1547e-06 +7.0544e-07 +2.5775e-07 -1.8730e-07 -6.2864e-07 -1.0652e-06 -1.4959e-06 -1.9198e-06 -2.3358e-06 -2.7428e-06 -3.1398e-06 -3.5258e-06 -3.8999e-06 -4.2610e-06 -4.6081e-06 -4.9402e-06 -5.2564e-06 -5.5557e-06 -5.8371e-06 -6.0997e-06 -6.3425e-06 -6.5647e-06 -6.7652e-06 -6.9432e-06 -7.0978e-06 -7.2280e-06 -7.3330e-06 -7.4118e-06 -7.4636e-06 -7.4876e-06 -7.4828e-06 
# Horizontal Final Position [m]
START
            -0000.01000 -0000.00967 -0000.00933 -0000.00900 -0000.00867 -0000.00833 -0000.00800 -0000.00767 -0000.00733 -0000.00700 -0000.00667 -0000.00633 -0000.00600 -0000.00567 -0000.00533 -0000.00500 -0000.00467 -0000.00433 -0000.00400 -0000.00367 -0000.00333 -0000.00300 -0000.00267 -0000.00233 -0000.00200 -0000.00167 -0000.00133 -0000.00100 -0000.00067 -0000.00033 +0000.00000 +0000.00033 +0000.00067 +0000.00100 +0000.00133 +0000.00167 +0000.00200 +0000.00233 +0000.00267 +0000.00300 +0000.00333 +0000.00367 +0000.00400 +0000.00433 +0000.00467 +0000.00500 +0000.00533 +0000.00567 +0000.00600 +0000.00633 +0000.00667 +0000.00700 +0000.00733 +0000.00767 +0000.00800 +0000.00833 +0000.00867 +0000.00900 +0000.00933 +0000.00967 +0000.01000 
+0000.00200 -1.0004e-02 -9.6705e-03 -9.3371e-03 -9.0038e-03 -8.6704e-03 -8.3371e-03 -8.0038e-03 -7.6704e-03 -7.3371e-03 -7.0038e-03 -6.6704e-03 -6.3371e-03 -6.0038e-03 -5.6705e-03 -5.3372e-03 -5.0038e-03 -4.6705e-03 -4.3372e-03 -4.0039e-03 -3.6705e-03 -3.3372e-03 -3.0039e-03 -2.6706e-03 -2.3372e-03 -2.0039e-03 -1.6706e-03 -1.3373e-03 -1.0039e-03 -6.7060e-04 -3.3727e-04 -3.9321e-06 +3.2940e-04 +6.6274e-04 +9.9608e-04 +1.3294e-03 +1.6628e-03 +1.9961e-03 +2.3294e-03 +2.6628e-03 +2.9961e-03 +3.3295e-03 +3.6628e-03 +3.9962e-03 +4.3295e-03 +4.6628e-03 +4.9962e-03 +5.3295e-03 +5.6629e-03 +5.9962e-03 +6.3296e-03 +6.6629e-03 +6.9963e-03 +7.3296e-03 +7.6629e-03 +7.9963e-03 +8.3296e-03 +8.6629e-03 +8.9962e-03 +9.3296e-03 +9.6629e-03 +9.9962e-03 
+0000.00150 -1.0004e-02 -9.6705e-03 -9.3371e-03 -9.0038e-03 -8.6704e-03 -8.3371e-03 -8.0038e-03 -7.6704e-03 -7.3371e-03 -7.0038e-03 -6.6704e-03 -6.3371e-03 -6.0038e-03 -5.6705e-03 -5.3372e-03 -5.0038e-03 -4.6705e-03 -4.3372e-03 -4.0039e-03 -3.6705e-03 -3.3372e-03 -3.0039e-03 -2.6706e-03 -2.3372e-03 -2.0039e-03 -1.6706e-03 -1.3373e-03 -1.0039e-03 -6.7060e-04 -3.3727e-04 -3.9320e-06 +3.2940e-04 +6.6274e-04 +9.9608e-04 +1.3294e-03 +1.6628e-03 +1.9961e-03 +2.3294e-03 +2.6628e-03 +2.9961e-03 +3.3295e-03 +3.6628e-03 +3.9962e-03 +4.3295e-03 +4.6628e-03 +4.9962e-03 +5.3295e-03 +5.6629e-03 +5.9962e-03 +6.3296e-03 +6.6629e-03 +6.9963e-03 +7.3296e-03 +7.6629e-03 +7.9963e-03 +8.3296e-03 +8.6629e-03 +8.9962e-03 +9.3296e-03 +9.6629e-03 +9.9962e-03 
+0000.00100 -1.0004e-02 -9.6705e-03 -9.3371e-03 -9.0038e-03 -8.6704e-03 -8.3371e-03 -8.0038e-03 -7.6704e-03 -7.3371e-03 -7.0038e-03 -6.6704e-03 -6.3371e-03 -6.0038e-03 -5.6705e-03 -5.3372e-03 -5.0038e-03 -4.6705e-03 -4.3372e-03 -4.0039e-03 -3.6705e-03 -3.3372e-03 -3.0039e-03 -2.6706e-03 -2.3372e-03 -2.0039e-03 -1.6706e-03 -1.3373e-03 -1.0039e-03 -6.7060e-04 -3.3727e-04 -3.9318e-06 +3.2940e-04 +6.6274e-04 +9.9608e-04 +1.3294e-03 +1.6628e-03 +1.9961e-03 +2.3294e-03 +2.6628e-03 +2.9961e-03 +3.3295e-03 +3.6628e-03 +3.9962e-03 +4.3295e-03 +4.6628e-03 +4.9962e-03 +5.3295e-03 +5.6629e-03 +5.9962e-03 +6.3296e-03 +6.6629e-03 +6.9963e-03 +7.3296e-03 +7.6629e-03 +7.9963e-03 +8.3296e-03 +8.6629e-03 +8.9962e-03 +9.3296e-03 +9.6629e-03 +9.9962e-03 
+0000.00050 -1.0004e-02 -9.6705e-03 -9.3371e-03 -9.0038e-03 -8.6704e-03 -8.3371e-03 -8.0038e-03 -7.6704e-03 -7.3371e-03 -7.0038e-03 -6.6704e-03 -6.3371e-03 -6.0038e-03 -5.6705e-03 -5.3372e-03 -5.0038e-03 -4.6705e-03 -4.3372e-03 -4.0039e-03 -3.6705e-03 -3.3372e-03 -3.0039e-03 -2.6706e-03 -2.3372e-03 -2.0039e-03 -1.6706e-03 -1.3373e-03 -1.0039e-03 -6.7060e-04 -3.3727e-04 -3.9318e-06 +3.2940e-04 +6.6274e-04 +9.9608e-04 +1.3294e-03 +1.6628e-03 +1.9961e-03 +2.3294e-03 +2.6628e-03 +2.9961e-03 +3.3295e-03 +3.6628e-03 +3.9962e-03 +4.3295e-03 +4.6628e-03 +4.9962e-03 +5.3295e-03 +5.6629e-03 +5.9962e-03 +6.3296e-03 +6.6629e-03 +6.9963e-03 +7.3296e-03 +7.6629e-03 +7.9963e-03 +8.3296e-03 +8.6629e-03 +8.9962e-03 +9.3296e-03 +9.6629e-03 +9.9962e-03 
+0000.00000 -1.0004e-02 -9.6705e-03 -9.3371e-03 -9.0038e-03 -8.6704e-03 -8.3371e-03 -8.0038e-03 -7.6704e-03 -7.3371e-03 -7.0038e-03 -6.6704e-03 -6.3371e-03 -6.0038e-03 -5.6705e-03 -5.3372e-03 -5.0038e-03 -4.6705e-03 -4.3372e-03 -4.0039e-03 -3.6705e-03 -3.3372e-03 -3.0039e-03 -2.6706e-03 -2.3372e-03 -2.0039e-03 -1.6706e-03 -1.3373e-03 -1.0039e-03 -6.7060e-04 -3.3727e-04 -3.9317e-06 +3.2940e-04 +6.6274e-04 +9.9608e-04 +1.3294e-03 +1.6628e-03 +1.9961e-03 +2.3294e-03 +2.6628e-03 +2.9961e-03 +3.3295e-03 +3.6628e-03 +3.9962e-03 +4.3295e-03 +4.6628e-03 +4.9962e-03 +5.3295e-03 +5.6629e-03 +5.9962e-03 +6.3296e-03 +6.6629e-03 +6.9963e-03 +7.3296e-03 +7.6629e-03 +7.9963e-03 +8.3296e-03 +8.6629e-03 +8.9962e-03 +9.3296e-03 +9.6629e-03 +9.9962e-03 
-0000.00050 -1.0004e-02 -9.6705e-03 -9.3371e-03 -9.0038e-03 -8.6704e-03 -8.3371e-03 -8.0038e-03 -7.6704e-03 -7.3371e-03 -7.0038e-03 -6.6704e-03 -6.3371e-03 -6.0038e-03 -5.6705e-03 -5.3372e-03 -5.0038e-03 -4.6705e-03 -4.3372e-03 -4.0039e-03 -3.6705e-03 -3.3372e-03 -3.0039e-03 -2.6706e-03 -2.3372e-03 -2.0039e-03 -1.6706e-03 -1.3373e-03 -1.0039e-03 -6.7060e-04 -3.3727e-04 -3.9318e-06 +3.2940e-04 +6.6274e-04 +9.9608e-04 +1.3294e-03 +1.6628e-03 +1.9961e-03 +2.3294e-03 +2.6628e-03 +2.9961e-03 +3.3295e-03 +3.6628e-03 +3.9962e-03 +4.3295e-03 +4.6628e-03 +4.9962e-03 +5.3295e-03 +5.6629e-03 +5.9962e-03 +6.3296e-03 +6.6629e-03 +6.9963e-03 +7.3296e-03 +7.6629e-03 +7.9963e-03 +8.3296e-03 +8.6629e-03 +8.9962e-03 +9.3296e-03 +9.6629e-03 +9.9962e-03 
-0000.00100 -1.0004e-02 -9.6705e-03 -9.3371e-03 -9.0038e-03 -8.6704e-03 -8.3371e-03 -8.0038e-03 -7.6704e-03 -7.3371e-03 -7.0038e-03 -6.6704e-03 -6.3371e-03 -6.0038e-03 -5.6705e-03 -5.3372e-03 -5.0038e-03 -4.6705e-03 -4.3372e-03 -4.0039e-03 -3.6705e-03 -3.3372e-03 -3.0039e-03 -2.6706e-03 -2.3372e-03 -2.0039e-03 -1.6706e-03 -1.3373e-03 -1.0039e-03 -6.7060e-04 -3.3727e-04 -3.9318e-06 +3.2940e-04 +6.6274e-04 +9.9608e-04 +1.3294e-03 +1.6628e-03 +1.9961e-03 +2.3294e-03 +2.6628e-03 +2.9961e-03 +3.3295e-03 +3.6628e-03 +3.9962e-03 +4.3295e-03 +4.6628e-03 +4.9962e-03 +5.3295e-03 +5.6629e-03 +5.9962e-03 +6.3296e-03 +6.6629e-03 +6.9963e-03 +7.3296e-03 +7.6629e-03 +7.9963e-03 +8.3296e-03 +8.6629e-03 +8.9962e-03 +9.3296e-03 +9.6629e-03 +9.9962e-03 
-0000.00150 -1.0004e-02 -9.6705e-03 -9.3371e-03 -9.0038e-03 -8.6704e-03 -8.3371e-03 -8.0038e-03 -7.6704e-03 -7.3371e-03 -7.0038e-03 -6.6704e-03 -6.3371e-03 -6.0038e-03 -5.6705e-03 -5.3372e-03 -5.0038e-03 -4.6705e-03 -4.3372e-03 -4.0039e-03 -3.6705e-03 -3.3372e-03 -3.0039e-03 -2.6706e-03 -2.3372e-03 -2.0039e-03 -1.6706e-03 -1.3373e-03 -1.0039e-03 -6.7060e-04 -3.3727e-04 -3.9320e-06 +3.2940e-04 +6.6274e-04 +9.9608e-04 +1.3294e-03 +1.6628e-03 +1.9961e-03 +2.3294e-03 +2.6628e-03 +2.9961e-03 +3.3295e-03 +3.6628e-03 +3.9962e-03 +4.3295e-03 +4.6628e-03 +4.9962e-03 +5.3295e-03 +5.6629e-03 +5.9962e-03 +6.3296e-03 +6.6629e-03 +6.9963e-03 +7.3296e-03 +7.6629e-03 +7.9963e-03 +8.3296e-03 +8.6629e-03 +8.9962e-03 +9.3296e-03 +9.6629e-03 +9.9962e-03 
-0000.00200 -1.0004e-02 -9.6705e-03 -9.3371e-03 -9.0038e-03 -8.6704e-03 -8.3371e-03 -8.0038e-03 -7.6704e-03 -7.3371e-03 -7.0038e-03 -6.6704e-03 -6.3371e-03 -6.0038e-03 -5.6705e-03 -5.3372e-03 -5.0038e-03 -4.6705e-03 -4.3372e-03 -4.0039e-03 -3.6705e-03 -3.3372e-03 -3.0039e-03 -2.6706e-03 -2.3372e-03 -2.0039e-03 -1.6706e-03 -1.3373e-03 -1.0039e-03 -6.7060e-04 -3.3727e-04 -3.9321e-06 +3.2940e-04 +6.6274e-04 +9.9608e-04 +1.3294e-03 +1.6628e-03 +1.9961e-03 +2.3294e-03 +2.6628e-03 +2.9961e-03 +3.3295e-03 +3.6628e-03 +3.9962e-03 +4.3295e-03 +4.6628e-03 +4.9962e-03 +5.3295e-03 +5.6629e-03 +5.9962e-03 +6.3296e-03 +6.6629e-03 +6.9963e-03 +7.3296e-03 +7.6629e-03 +7.9963e-03 +8.3296e-03 +8.6629e-03 +8.9962e-03 +9.3296e-03 +9.6629e-03 +9.9962e-03 
# Vertical Final Position [m]
START
            -0000.01000 -0000.00967 -0000.00933 -0000.00900 -0000.00867 -0000.00833 -0000.00800 -0000.00767 -0000.00733 -0000.00700 -0000.00667 -0000.00633 -0000.00600 -0000.00567 -0000.00533 -0000.00500 -0000.00467 -0000.00433 -0000.00400 -0000.00367 -0000.00333 -0000.00300 -0000.00267 -0000.00233 -0000.00200 -0000.00167 -0000.00133 -0000.00100 -0000.00067 -0000.00033 +0000.00000 +0000.00033 +0000.00067 +0000.00100 +0000.00133 +0000.00167 +0000.00200 +0000.00233 +0000.00267 +0000.00300 +0000.00333 +0000.00367 +0000.00400 +0000.00433 +0000.00467 +0000.00500 +0000.00533 +0000.00567 +0000.00600 +0000.00633 +0000.00667 +0000.00700 +0000.00733 +0000.00767 +0000.00800 +0000.00833 +0000.00867 +0000.00900 +0000.00933 +0000.00967 +0000.01000 
+0000.00200 +2.0001e-03 +2.0001e-03 +2.0001e-03 +2.0001e-03 +2.0001e-03 +2.0001e-03 +2.0001e-03 +2.0001e-03 +2.0001e-03 +2.0001e-03 +2.0001e-03 +2.0001e-03 +2.0001e-03 +2.0001e-03 +2.0001e-03 +2.0001e-03 +2.0001e-03 +2.0001e-03 +2.0001e-03 +2.0000e-03 +2.0000e-03 +2.0000e-03 +2.0000e-03 +2.0000e-03 +2.0000e-03 +2.0000e-03 +2.0000e-03 +2.0000e-03 +2.0000e-03 +2.0000e-03 +2.0000e-03 +2.0000e-03 +2.0000e-03 +2.0000e-03 +2.0000e-03 +2.0000e-03 +2.0000e-03 +2.0000e-03 +2.0000e-03 +2.0000e-03 +2.0000e-03 +2.0000e-03 +1.9999e-03 +1.9999e-03 +1.9999e-03 +1.9999e-03 +1.9999e-03 +1.9999e-03 +1.9999e-03 +1.9999e-03 +1.9999e-03 +1.9999e-03 +1.9999e-03 +1.9999e-03 +1.9999e-03 +1.9999e-03 +1.9999e-03 +1.9999e-03 +1.9999e-03 +1.9999e-03 +1.9999e-03 
+0000.00150 +1.5001e-03 +1.5001e-03 +1.5001e-03 +1.5001e-03 +1.5001e-03 +1.5001e-03 +1.5001e-03 +1.5001e-03 +1.5001e-03 +1.5001e-03 +1.5001e-03 +1.5001e-03 +1.5001e-03 +1.5000e-03 +1.5000e-03 +1.5000e-03 +1.5000e-03 +1.5000e-03 +1.5000e-03 +1.5000e-03 +1.5000e-03 +1.5000e-03 +1.5000e-03 +1.5000e-03 +1.5000e-03 +1.5000e-03 +1.5000e-03 +1.5000e-03 +1.5000e-03 +1.5000e-03 +1.5000e-03 +1.5000e-03 +1.5000e-03 +1.5000e-03 +1.5000e-03 +1.5000e-03 +1.5000e-03 +1.5000e-03 +1.5000e-03 +1.5000e-03 +1.5000e-03 +1.5000e-03 +1.5000e-03 +1.5000e-03 +1.5000e-03 +1.5000e-03 +1.5000e-03 +1.5000e-03 +1.5000e-03 +1.5000e-03 +1.5000e-03 +1.5000e-03 +1.5000e-03 +1.5000e-03 +1.4999e-03 +1.4999e-03 +1.4999e-03 +1.4999e-03 +1.4999e-03 +1.4999e-03 +1.4999e-03 
+0000.00100 +1.0000e-03 +1.0000e-03 +1.0000e-03 +1.0000e-03 +1.0000e-03 +1.0000e-03 +1.0000e-03 +1.0000e-03 +1.0000e-03 +1.0000e-03 +1.0000e-03 +1.0000e-03 +1.0000e-03 +1.0000e-03 +1.0000e-03 +1.0000e-03 +1.0000e-03 +1.0000e-03 +1.0000e-03 +1.0000e-03 +1.0000e-03 +1.0000e-03 +1.0000e-03 +1.0000e-03 +1.0000e-03 +1.0000e-03 +1.0000e-03 +1.0000e-03 +1.0000e-03 +1.0000e-03 +1.0000e-03 +9.9999e-04 +9.9999e-04 +9.9999e-04 +9.9999e-04 +9.9999e-04 +9.9999e-04 +9.9999e-04 +9.9998e-04 +9.9998e-04 +9.9998e-04 +9.9998e-04 +9.9998e-04 +9.9998e-04 +9.9997e-04 +9.9997e-04 +9.9997e-04 +9.9997e-04 +9.9997e-04 +9.9997e-04 +9.9996e-04 +9.9996e-04 +9.9996e-04 +9.9996e-04 +9.9996e-04 +9.9996e-04 +9.9996e-04 +9.9996e-04 +9.9996e-04 +9.9996e-04 +9.9996e-04 
+0000.00050 +5.0002e-04 +5.0002e-04 +5.0002e-04 +5.0002e-04 +5.0002e-04 +5.0002e-04 +5.0002e-04 +5.0002e-04 +5.0002e-04 +5.0002e-04 +5.0002e-04 +5.0002e-04 +5.0002e-04 +5.0002e-04 +5.0002e-04 +5.0002e-04 +5.0001e-04 +5.0001e-04 +5.0001e-04 +5.0001e-04 +5.0001e-04 +5.0001e-04 +5.0001e-04 +5.0001e-04 +5.0001e-04 +5.0001e-04 +5.0000e-04 +5.0000e-04 +5.0000e-04 +5.0000e-04 +5.0000e-04 +5.0000e-04 +5.0000e-04 +5.0000e-04 +5.0000e-04 +4.9999e-04 +4.9999e-04 +4.9999e-04 +4.9999e-04 +4.9999e-04 +4.9999e-04 +4.9999e-04 +4.9999e-04 +4.9999e-04 +4.9999e-04 +4.9999e-04 +4.9998e-04 +4.9998e-04 +4.9998e-04 +4.9998e-04 +4.9998e-04 +4.9998e-04 +4.9998e-04 +4.9998e-04 +4.9998e-04 +4.9998e-04 +4.9998e-04 +4.9998e-04 +4.9998e-04 +4.9998e-04 +4.9998e-04 
+0000.00000 -5.4054e-11 -5.6764e-11 -5.9366e-11 -6.1860e-11 -6.4249e-11 -6.6535e-11 -6.8718e-11 -7.0800e-11 -7.2784e-11 -7.4670e-11 -7.6459e-11 -7.8154e-11 -7.9754e-11 -8.1262e-11 -8.2679e-11 -8.4004e-11 -8.5240e-11 -8.6388e-11 -8.7447e-11 -8.8420e-11 -8.9306e-11 -9.0106e-11 -9.0820e-11 -9.1450e-11 -9.1996e-11 -9.2458e-11 -9.2836e-11 -9.3131e-11 -9.3342e-11 -9.3471e-11 -9.3516e-11 -9.3478e-11 -9.3357e-11 -9.3153e-11 -9.2865e-11 -9.2494e-11 -9.2038e-11 -9.1498e-11 -9.0872e-11 -9.0162e-11 -8.9364e-11 -8.8481e-11 -8.7509e-11 -8.6449e-11 -8.5300e-11 -8.4061e-11 -8.2730e-11 -8.1308e-11 -7.9791e-11 -7.8181e-11 -7.6474e-11 -7.4671e-11 -7.2769e-11 -7.0767e-11 -6.8664e-11 -6.6457e-11 -6.4146e-11 -6.1729e-11 -5.9203e-11 -5.6568e-11 -5.3820e-11 
-0000.00050 -5.0002e-04 -5.0002e-04 -5.0002e-04 -5.0002e-04 -5.0002e-04 -5.0002e-04 -5.0002e-04 -5.0002e-04 -5.0002e-04 -5.0002e-04 -5.0002e-04 -5.0002e-04 -5.0002e-04 -5.0002e-04 -5.0002e-04 -5.0002e-04 -5.0001e-04 -5.0001e-04 -5.0001e-04 -5.0001e-04 -5.0001e-04 -5.0001e-04 -5.0001e-04 -5.0001e-04 -5.0001e-04 -5.0001e-04 -5.0000e-04 -5.0000e-04 -5.0000e-04 -5.0000e-04 -5.0000e-04 -5.0000e-04 -5.0000e-04 -5.0000e-04 -5.0000e-04 -4.9999e-04 -4.9999e-04 -4.9999e-04 -4.9999e-04 -4.9999e-04 -4.9999e-04 -4.9999e-04 -4.9999e-04 -4.9999e-04 -4.9999e-04 -4.9999e-04 -4.9998e-04 -4.9998e-04 -4.9998e-04 -4.9998e-04 -4.9998e-04 -4.9998e-04 -4.9998e-04 -4.9998e-04 -4.9998e-04 -4.9998e-04 -4.9998e-04 -4.9998e-04 -4.9998e-04 -4.9998e-04 -4.9998e-04 
-0000.00100 -1.0000e-03 -1.0000e-03 -1.0000e-03 -1.0000e-03 -1.0000e-03 -1.0000e-03 -1.0000e-03 -1.0000e-03 -1.0000e-03 -1.0000e-03 -1.0000e-03 -1.0000e-03 -1.0000e-03 -1.0000e-03 -1.0000e-03 -1.0000e-03 -1.0000e-03 -1.0000e-03 -1.0000e-03 -1.0000e-03 -1.0000e-03 -1.0000e-03 -1.0000e-03 -1.0000e-03 -1.0000e-03 -1.0000e-03 -1.0000e-03 -1.0000e-03 -1.0000e-03 -1.0000e-03 -1.0000e-03 -9.9999e-04 -9.9999e-04 -9.9999e-04 -9.9999e-04 -9.9999e-04 -9.9999e-04 -9.9999e-04 -9.9998e-04 -9.9998e-04 -9.9998e-04 -9.9998e-04 -9.9998e-04 -9.9998e-04 -9.9997e-04 -9.9997e-04 -9.9997e-04 -9.9997e-04 -9.9997e-04 -9.9997e-04 -9.9996e-04 -9.9996e-04 -9.9996e-04 -9.9996e-04 -9.9996e-04 -9.9996e-04 -9.9996e-04 -9.9996e-04 -9.9996e-04 -9.9996e-04 -9.9996e-04 
-0000.00150 -1.5001e-03 -1.5001e-03 -1.5001e-03 -1.5001e-03 -1.5001e-03 -1.5001e-03 -1.5001e-03 -1.5001e-03 -1.5001e-03 -1.5001e-03 -1.5001e-03 -1.5001e-03 -1.5001e-03 -1.5000e-03 -1.5000e-03 -1.5000e-03 -1.5000e-03 -1.5000e-03 -1.5000e-03 -1.5000e-03 -1.5000e-03 -1.5000e-03 -1.5000e-03 -1.5000e-03 -1.5000e-03 -1.5000e-03 -1.5000e-03 -1.5000e-03 -1.5000e-03 -1.5000e-03 -1.5000e-03 -1.5000e-03 -1.5000e-03 -1.5000e-03 -1.5000e-03 -1.5000e-03 -1.5000e-03 -1.5000e-03 -1.5000e-03 -1.5000e-03 -1.5000e-03 -1.5000e-03 -1.5000e-03 -1.5000e-03 -1.5000e-03 -1.5000e-03 -1.5000e-03 -1.5000e-03 -1.5000e-03 -1.5000e-03 -1.5000e-03 -1.5000e-03 -1.5000e-03 -1.5000e-03 -1.4999e-03 -1.4999e-03 -1.4999e-03 -1.4999e-03 -1.4999e-03 -1.4999e-03 -1.4999e-03 
-0000.00200 -2.0001e-03 -2.0001e-03 -2.0001e-03 -2.0001e-03 -2.0001e-03 -2.0001e-03 -2.0001e-03 -2.0001e-03 -2.0001e-03 -2.0001e-03 -2.0001e-03 -2.0001e-03 -2.0001e-03 -2.0001e-03 -2.0001e-03 -2.0001e-03 -2.0001e-03 -2.0001e-03 -2.0001e-03 -2.0000e-03 -2.0000e-03 -2.0000e-03 -2.0000e-03 -2.0000e-03 -2.0000e-03 -2.0000e-03 -2.0000e-03 -2.0000e-03 -2.0000e-03 -2.0000e-03 -2.0000e-03 -2.0000e-03 -2.0000e-03 -2.0000e-03 -2.0000e-03 -2.0000e-03 -2.0000e-03 -2.0000e-03 -2.0000e-03 -2.0000e-03 -2.0000e-03 -2.0000e-03 -1.9999e-03 -1.9999e-03 -1.9999e-03 -1.9999e-03 -1.9999e-03 -1.9999e-03 -1.9999e-03 -1.9999e-03 -1.9999e-03 -1.9999e-03 -1.9999e-03 -1.9999e-03 -1.9999e-03 -1.9999e-03 -1.9999e-03 -1.9999e-03 -1.9999e-03 -1.9999e-03 -1.9999e-03 