# Author: FAC idanalysis.IDKickMap
# Termination_kicks [T2m2]: +0.0000e+00 +0.0000e+00 +0.0000e+00 +0.0000e+00 
# Total Length of Longitudinal Interval [m]
0.13
# Number of Horizontal Points
61
# Number of Vertical Points
9
# Total Horizontal 2nd Order Kick [T2m2]
START
            -0000.01000 -0000.00967 -0000.00933 -0000.00900 -0000.00867 -0000.00833 -0000.00800 -0000.00767 -0000.00733 -0000.00700 -0000.00667 -0000.00633 -0000.00600 -0000.00567 -0000.00533 -0000.00500 -0000.00467 -0000.00433 -0000.00400 -0000.00367 -0000.00333 -0000.00300 -0000.00267 -0000.00233 -0000.00200 -0000.00167 -0000.00133 -0000.00100 -0000.00067 -0000.00033 +0000.00000 +0000.00033 +0000.00067 +0000.00100 +0000.00133 +0000.00167 +0000.00200 +0000.00233 +0000.00267 +0000.00300 +0000.00333 +0000.00367 +0000.00400 +0000.00433 +0000.00467 +0000.00500 +0000.00533 +0000.00567 +0000.00600 +0000.00633 +0000.00667 +0000.00700 +0000.00733 +0000.00767 +0000.00800 +0000.00833 +0000.00867 +0000.00900 +0000.00933 +0000.00967 +0000.01000 
+0000.00200 -1.2154e-04 -1.2010e-04 -1.1870e-04 -1.1736e-04 -1.1606e-04 -1.1481e-04 -1.1362e-04 -1.1247e-04 -1.1137e-04 -1.1032e-04 -1.0932e-04 -1.0837e-04 -1.0746e-04 -1.0661e-04 -1.0580e-04 -1.0504e-04 -1.0433e-04 -1.0367e-04 -1.0305e-04 -1.0249e-04 -1.0197e-04 -1.0150e-04 -1.0108e-04 -1.0071e-04 -1.0038e-04 -1.0011e-04 -9.9876e-05 -9.9695e-05 -9.9561e-05 -9.9475e-05 -9.9437e-05 -9.9447e-05 -9.9505e-05 -9.9611e-05 -9.9764e-05 -9.9965e-05 -1.0021e-04 -1.0051e-04 -1.0086e-04 -1.0125e-04 -1.0169e-04 -1.0218e-04 -1.0271e-04 -1.0330e-04 -1.0393e-04 -1.0461e-04 -1.0534e-04 -1.0612e-04 -1.0695e-04 -1.0782e-04 -1.0874e-04 -1.0971e-04 -1.1073e-04 -1.1180e-04 -1.1292e-04 -1.1409e-04 -1.1530e-04 -1.1656e-04 -1.1788e-04 -1.1924e-04 -1.2065e-04 
+0000.00150 -1.2187e-04 -1.2044e-04 -1.1907e-04 -1.1774e-04 -1.1646e-04 -1.1522e-04 -1.1403e-04 -1.1289e-04 -1.1180e-04 -1.1075e-04 -1.0976e-04 -1.0881e-04 -1.0790e-04 -1.0705e-04 -1.0624e-04 -1.0548e-04 -1.0477e-04 -1.0411e-04 -1.0349e-04 -1.0292e-04 -1.0240e-04 -1.0193e-04 -1.0151e-04 -1.0113e-04 -1.0081e-04 -1.0053e-04 -1.0030e-04 -1.0011e-04 -9.9979e-05 -9.9892e-05 -9.9854e-05 -9.9865e-05 -9.9923e-05 -1.0003e-04 -1.0018e-04 -1.0039e-04 -1.0064e-04 -1.0094e-04 -1.0128e-04 -1.0168e-04 -1.0212e-04 -1.0261e-04 -1.0315e-04 -1.0374e-04 -1.0438e-04 -1.0506e-04 -1.0579e-04 -1.0657e-04 -1.0739e-04 -1.0827e-04 -1.0919e-04 -1.1015e-04 -1.1117e-04 -1.1223e-04 -1.1334e-04 -1.1450e-04 -1.1570e-04 -1.1695e-04 -1.1825e-04 -1.1959e-04 -1.2099e-04 
+0000.00100 -1.2209e-04 -1.2068e-04 -1.1932e-04 -1.1801e-04 -1.1674e-04 -1.1551e-04 -1.1433e-04 -1.1320e-04 -1.1211e-04 -1.1107e-04 -1.1007e-04 -1.0913e-04 -1.0822e-04 -1.0737e-04 -1.0656e-04 -1.0580e-04 -1.0509e-04 -1.0442e-04 -1.0381e-04 -1.0324e-04 -1.0272e-04 -1.0224e-04 -1.0182e-04 -1.0144e-04 -1.0111e-04 -1.0083e-04 -1.0060e-04 -1.0041e-04 -1.0028e-04 -1.0019e-04 -1.0015e-04 -1.0016e-04 -1.0022e-04 -1.0033e-04 -1.0048e-04 -1.0069e-04 -1.0094e-04 -1.0124e-04 -1.0159e-04 -1.0199e-04 -1.0243e-04 -1.0292e-04 -1.0346e-04 -1.0405e-04 -1.0469e-04 -1.0537e-04 -1.0610e-04 -1.0688e-04 -1.0771e-04 -1.0858e-04 -1.0950e-04 -1.1047e-04 -1.1148e-04 -1.1254e-04 -1.1364e-04 -1.1479e-04 -1.1599e-04 -1.1723e-04 -1.1851e-04 -1.1984e-04 -1.2122e-04 
+0000.00050 -1.2222e-04 -1.2082e-04 -1.1947e-04 -1.1817e-04 -1.1690e-04 -1.1568e-04 -1.1451e-04 -1.1338e-04 -1.1230e-04 -1.1126e-04 -1.1026e-04 -1.0932e-04 -1.0842e-04 -1.0756e-04 -1.0676e-04 -1.0599e-04 -1.0528e-04 -1.0462e-04 -1.0400e-04 -1.0343e-04 -1.0290e-04 -1.0243e-04 -1.0200e-04 -1.0162e-04 -1.0129e-04 -1.0101e-04 -1.0078e-04 -1.0059e-04 -1.0046e-04 -1.0037e-04 -1.0033e-04 -1.0034e-04 -1.0040e-04 -1.0051e-04 -1.0066e-04 -1.0087e-04 -1.0112e-04 -1.0142e-04 -1.0177e-04 -1.0217e-04 -1.0261e-04 -1.0311e-04 -1.0365e-04 -1.0424e-04 -1.0488e-04 -1.0556e-04 -1.0629e-04 -1.0707e-04 -1.0790e-04 -1.0877e-04 -1.0969e-04 -1.1065e-04 -1.1166e-04 -1.1272e-04 -1.1382e-04 -1.1497e-04 -1.1616e-04 -1.1739e-04 -1.1867e-04 -1.1999e-04 -1.2136e-04 
+0000.00000 -1.2226e-04 -1.2087e-04 -1.1952e-04 -1.1822e-04 -1.1696e-04 -1.1574e-04 -1.1457e-04 -1.1344e-04 -1.1236e-04 -1.1132e-04 -1.1033e-04 -1.0938e-04 -1.0848e-04 -1.0763e-04 -1.0682e-04 -1.0606e-04 -1.0534e-04 -1.0468e-04 -1.0406e-04 -1.0349e-04 -1.0296e-04 -1.0249e-04 -1.0206e-04 -1.0168e-04 -1.0135e-04 -1.0107e-04 -1.0084e-04 -1.0065e-04 -1.0051e-04 -1.0043e-04 -1.0039e-04 -1.0040e-04 -1.0046e-04 -1.0056e-04 -1.0072e-04 -1.0092e-04 -1.0118e-04 -1.0148e-04 -1.0183e-04 -1.0223e-04 -1.0267e-04 -1.0317e-04 -1.0371e-04 -1.0430e-04 -1.0494e-04 -1.0562e-04 -1.0635e-04 -1.0713e-04 -1.0796e-04 -1.0883e-04 -1.0975e-04 -1.1071e-04 -1.1172e-04 -1.1278e-04 -1.1388e-04 -1.1502e-04 -1.1621e-04 -1.1744e-04 -1.1872e-04 -1.2004e-04 -1.2140e-04 
-0000.00050 -1.2222e-04 -1.2082e-04 -1.1947e-04 -1.1817e-04 -1.1690e-04 -1.1568e-04 -1.1451e-04 -1.1338e-04 -1.1230e-04 -1.1126e-04 -1.1027e-04 -1.0932e-04 -1.0842e-04 -1.0756e-04 -1.0676e-04 -1.0599e-04 -1.0528e-04 -1.0462e-04 -1.0400e-04 -1.0343e-04 -1.0290e-04 -1.0243e-04 -1.0200e-04 -1.0162e-04 -1.0129e-04 -1.0101e-04 -1.0078e-04 -1.0059e-04 -1.0046e-04 -1.0037e-04 -1.0033e-04 -1.0034e-04 -1.0040e-04 -1.0051e-04 -1.0066e-04 -1.0087e-04 -1.0112e-04 -1.0142e-04 -1.0177e-04 -1.0217e-04 -1.0261e-04 -1.0311e-04 -1.0365e-04 -1.0424e-04 -1.0488e-04 -1.0556e-04 -1.0629e-04 -1.0707e-04 -1.0790e-04 -1.0877e-04 -1.0969e-04 -1.1065e-04 -1.1166e-04 -1.1272e-04 -1.1382e-04 -1.1497e-04 -1.1616e-04 -1.1739e-04 -1.1867e-04 -1.1999e-04 -1.2136e-04 
-0000.00100 -1.2209e-04 -1.2068e-04 -1.1932e-04 -1.1800e-04 -1.1673e-04 -1.1551e-04 -1.1433e-04 -1.1320e-04 -1.1211e-04 -1.1107e-04 -1.1007e-04 -1.0912e-04 -1.0822e-04 -1.0737e-04 -1.0656e-04 -1.0580e-04 -1.0509e-04 -1.0442e-04 -1.0381e-04 -1.0324e-04 -1.0271e-04 -1.0224e-04 -1.0182e-04 -1.0144e-04 -1.0111e-04 -1.0083e-04 -1.0060e-04 -1.0041e-04 -1.0028e-04 -1.0019e-04 -1.0015e-04 -1.0016e-04 -1.0022e-04 -1.0033e-04 -1.0048e-04 -1.0069e-04 -1.0094e-04 -1.0124e-04 -1.0159e-04 -1.0199e-04 -1.0243e-04 -1.0292e-04 -1.0346e-04 -1.0405e-04 -1.0469e-04 -1.0537e-04 -1.0611e-04 -1.0688e-04 -1.0771e-04 -1.0858e-04 -1.0950e-04 -1.1047e-04 -1.1148e-04 -1.1254e-04 -1.1364e-04 -1.1479e-04 -1.1599e-04 -1.1723e-04 -1.1852e-04 -1.1985e-04 -1.2122e-04 
-0000.00150 -1.2186e-04 -1.2044e-04 -1.1906e-04 -1.1774e-04 -1.1646e-04 -1.1522e-04 -1.1403e-04 -1.1289e-04 -1.1180e-04 -1.1076e-04 -1.0976e-04 -1.0881e-04 -1.0790e-04 -1.0705e-04 -1.0624e-04 -1.0548e-04 -1.0477e-04 -1.0411e-04 -1.0349e-04 -1.0292e-04 -1.0240e-04 -1.0193e-04 -1.0151e-04 -1.0113e-04 -1.0081e-04 -1.0053e-04 -1.0030e-04 -1.0011e-04 -9.9978e-05 -9.9892e-05 -9.9854e-05 -9.9864e-05 -9.9922e-05 -1.0003e-04 -1.0018e-04 -1.0039e-04 -1.0064e-04 -1.0094e-04 -1.0128e-04 -1.0168e-04 -1.0212e-04 -1.0261e-04 -1.0315e-04 -1.0374e-04 -1.0437e-04 -1.0506e-04 -1.0579e-04 -1.0657e-04 -1.0739e-04 -1.0827e-04 -1.0919e-04 -1.1016e-04 -1.1117e-04 -1.1223e-04 -1.1334e-04 -1.1450e-04 -1.1571e-04 -1.1696e-04 -1.1825e-04 -1.1960e-04 -1.2099e-04 
-0000.00200 -1.2154e-04 -1.2009e-04 -1.1870e-04 -1.1735e-04 -1.1606e-04 -1.1481e-04 -1.1361e-04 -1.1247e-04 -1.1137e-04 -1.1032e-04 -1.0932e-04 -1.0836e-04 -1.0746e-04 -1.0660e-04 -1.0580e-04 -1.0504e-04 -1.0433e-04 -1.0367e-04 -1.0305e-04 -1.0249e-04 -1.0197e-04 -1.0150e-04 -1.0108e-04 -1.0071e-04 -1.0038e-04 -1.0010e-04 -9.9875e-05 -9.9694e-05 -9.9561e-05 -9.9475e-05 -9.9437e-05 -9.9448e-05 -9.9506e-05 -9.9611e-05 -9.9765e-05 -9.9967e-05 -1.0022e-04 -1.0051e-04 -1.0086e-04 -1.0125e-04 -1.0169e-04 -1.0218e-04 -1.0272e-04 -1.0330e-04 -1.0394e-04 -1.0462e-04 -1.0535e-04 -1.0612e-04 -1.0695e-04 -1.0782e-04 -1.0875e-04 -1.0972e-04 -1.1074e-04 -1.1181e-04 -1.1292e-04 -1.1409e-04 -1.1531e-04 -1.1657e-04 -1.1788e-04 -1.1925e-04 -1.2066e-04 
# Total Vertical 2nd Order Kick [T2m2]
START
            -0000.01000 -0000.00967 -0000.00933 -0000.00900 -0000.00867 -0000.00833 -0000.00800 -0000.00767 -0000.00733 -0000.00700 -0000.00667 -0000.00633 -0000.00600 -0000.00567 -0000.00533 -0000.00500 -0000.00467 -0000.00433 -0000.00400 -0000.00367 -0000.00333 -0000.00300 -0000.00267 -0000.00233 -0000.00200 -0000.00167 -0000.00133 -0000.00100 -0000.00067 -0000.00033 +0000.00000 +0000.00033 +0000.00067 +0000.00100 +0000.00133 +0000.00167 +0000.00200 +0000.00233 +0000.00267 +0000.00300 +0000.00333 +0000.00367 +0000.00400 +0000.00433 +0000.00467 +0000.00500 +0000.00533 +0000.00567 +0000.00600 +0000.00633 +0000.00667 +0000.00700 +0000.00733 +0000.00767 +0000.00800 +0000.00833 +0000.00867 +0000.00900 +0000.00933 +0000.00967 +0000.01000 
+0000.00200 -1.2154e-04 -1.2010e-04 -1.1870e-04 -1.1736e-04 -1.1606e-04 -1.1481e-04 -1.1362e-04 -1.1247e-04 -1.1137e-04 -1.1032e-04 -1.0932e-04 -1.0837e-04 -1.0746e-04 -1.0661e-04 -1.0580e-04 -1.0504e-04 -1.0433e-04 -1.0367e-04 -1.0305e-04 -1.0249e-04 -1.0197e-04 -1.0150e-04 -1.0108e-04 -1.0071e-04 -1.0038e-04 -1.0011e-04 -9.9876e-05 -9.9695e-05 -9.9561e-05 -9.9475e-05 -9.9437e-05 -9.9447e-05 -9.9505e-05 -9.9611e-05 -9.9764e-05 -9.9965e-05 -1.0021e-04 -1.0051e-04 -1.0086e-04 -1.0125e-04 -1.0169e-04 -1.0218e-04 -1.0271e-04 -1.0330e-04 -1.0393e-04 -1.0461e-04 -1.0534e-04 -1.0612e-04 -1.0695e-04 -1.0782e-04 -1.0874e-04 -1.0971e-04 -1.1073e-04 -1.1180e-04 -1.1292e-04 -1.1409e-04 -1.1530e-04 -1.1656e-04 -1.1788e-04 -1.1924e-04 -1.2065e-04 
+0000.00150 -1.2154e-04 -1.2010e-04 -1.1870e-04 -1.1736e-04 -1.1606e-04 -1.1481e-04 -1.1362e-04 -1.1247e-04 -1.1137e-04 -1.1032e-04 -1.0932e-04 -1.0837e-04 -1.0746e-04 -1.0661e-04 -1.0580e-04 -1.0504e-04 -1.0433e-04 -1.0367e-04 -1.0305e-04 -1.0249e-04 -1.0197e-04 -1.0150e-04 -1.0108e-04 -1.0071e-04 -1.0038e-04 -1.0011e-04 -9.9876e-05 -9.9695e-05 -9.9561e-05 -9.9475e-05 -9.9437e-05 -9.9447e-05 -9.9505e-05 -9.9611e-05 -9.9764e-05 -9.9965e-05 -1.0021e-04 -1.0051e-04 -1.0086e-04 -1.0125e-04 -1.0169e-04 -1.0218e-04 -1.0271e-04 -1.0330e-04 -1.0393e-04 -1.0461e-04 -1.0534e-04 -1.0612e-04 -1.0695e-04 -1.0782e-04 -1.0874e-04 -1.0971e-04 -1.1073e-04 -1.1180e-04 -1.1292e-04 -1.1409e-04 -1.1530e-04 -1.1656e-04 -1.1788e-04 -1.1924e-04 -1.2065e-04 
+0000.00100 -1.2154e-04 -1.2010e-04 -1.1870e-04 -1.1736e-04 -1.1606e-04 -1.1481e-04 -1.1362e-04 -1.1247e-04 -1.1137e-04 -1.1032e-04 -1.0932e-04 -1.0837e-04 -1.0746e-04 -1.0661e-04 -1.0580e-04 -1.0504e-04 -1.0433e-04 -1.0367e-04 -1.0305e-04 -1.0249e-04 -1.0197e-04 -1.0150e-04 -1.0108e-04 -1.0071e-04 -1.0038e-04 -1.0011e-04 -9.9876e-05 -9.9695e-05 -9.9561e-05 -9.9475e-05 -9.9437e-05 -9.9447e-05 -9.9505e-05 -9.9611e-05 -9.9764e-05 -9.9965e-05 -1.0021e-04 -1.0051e-04 -1.0086e-04 -1.0125e-04 -1.0169e-04 -1.0218e-04 -1.0271e-04 -1.0330e-04 -1.0393e-04 -1.0461e-04 -1.0534e-04 -1.0612e-04 -1.0695e-04 -1.0782e-04 -1.0874e-04 -1.0971e-04 -1.1073e-04 -1.1180e-04 -1.1292e-04 -1.1409e-04 -1.1530e-04 -1.1656e-04 -1.1788e-04 -1.1924e-04 -1.2065e-04 
+0000.00050 -1.2154e-04 -1.2010e-04 -1.1870e-04 -1.1736e-04 -1.1606e-04 -1.1481e-04 -1.1362e-04 -1.1247e-04 -1.1137e-04 -1.1032e-04 -1.0932e-04 -1.0837e-04 -1.0746e-04 -1.0661e-04 -1.0580e-04 -1.0504e-04 -1.0433e-04 -1.0367e-04 -1.0305e-04 -1.0249e-04 -1.0197e-04 -1.0150e-04 -1.0108e-04 -1.0071e-04 -1.0038e-04 -1.0011e-04 -9.9876e-05 -9.9695e-05 -9.9561e-05 -9.9475e-05 -9.9437e-05 -9.9447e-05 -9.9505e-05 -9.9611e-05 -9.9764e-05 -9.9965e-05 -1.0021e-04 -1.0051e-04 -1.0086e-04 -1.0125e-04 -1.0169e-04 -1.0218e-04 -1.0271e-04 -1.0330e-04 -1.0393e-04 -1.0461e-04 -1.0534e-04 -1.0612e-04 -1.0695e-04 -1.0782e-04 -1.0874e-04 -1.0971e-04 -1.1073e-04 -1.1180e-04 -1.1292e-04 -1.1409e-04 -1.1530e-04 -1.1656e-04 -1.1788e-04 -1.1924e-04 -1.2065e-04 
+0000.00000 -1.2154e-04 -1.2010e-04 -1.1870e-04 -1.1736e-04 -1.1606e-04 -1.1481e-04 -1.1362e-04 -1.1247e-04 -1.1137e-04 -1.1032e-04 -1.0932e-04 -1.0837e-04 -1.0746e-04 -1.0661e-04 -1.0580e-04 -1.0504e-04 -1.0433e-04 -1.0367e-04 -1.0305e-04 -1.0249e-04 -1.0197e-04 -1.0150e-04 -1.0108e-04 -1.0071e-04 -1.0038e-04 -1.0011e-04 -9.9876e-05 -9.9695e-05 -9.9561e-05 -9.9475e-05 -9.9437e-05 -9.9447e-05 -9.9505e-05 -9.9611e-05 -9.9764e-05 -9.9965e-05 -1.0021e-04 -1.0051e-04 -1.0086e-04 -1.0125e-04 -1.0169e-04 -1.0218e-04 -1.0271e-04 -1.0330e-04 -1.0393e-04 -1.0461e-04 -1.0534e-04 -1.0612e-04 -1.0695e-04 -1.0782e-04 -1.0874e-04 -1.0971e-04 -1.1073e-04 -1.1180e-04 -1.1292e-04 -1.1409e-04 -1.1530e-04 -1.1656e-04 -1.1788e-04 -1.1924e-04 -1.2065e-04 
-0000.00050 -1.2154e-04 -1.2010e-04 -1.1870e-04 -1.1736e-04 -1.1606e-04 -1.1481e-04 -1.1362e-04 -1.1247e-04 -1.1137e-04 -1.1032e-04 -1.0932e-04 -1.0837e-04 -1.0746e-04 -1.0661e-04 -1.0580e-04 -1.0504e-04 -1.0433e-04 -1.0367e-04 -1.0305e-04 -1.0249e-04 -1.0197e-04 -1.0150e-04 -1.0108e-04 -1.0071e-04 -1.0038e-04 -1.0011e-04 -9.9876e-05 -9.9695e-05 -9.9561e-05 -9.9475e-05 -9.9437e-05 -9.9447e-05 -9.9505e-05 -9.9611e-05 -9.9764e-05 -9.9965e-05 -1.0021e-04 -1.0051e-04 -1.0086e-04 -1.0125e-04 -1.0169e-04 -1.0218e-04 -1.0271e-04 -1.0330e-04 -1.0393e-04 -1.0461e-04 -1.0534e-04 -1.0612e-04 -1.0695e-04 -1.0782e-04 -1.0874e-04 -1.0971e-04 -1.1073e-04 -1.1180e-04 -1.1292e-04 -1.1409e-04 -1.1530e-04 -1.1656e-04 -1.1788e-04 -1.1924e-04 -1.2065e-04 
-0000.00100 -1.2154e-04 -1.2010e-04 -1.1870e-04 -1.1736e-04 -1.1606e-04 -1.1481e-04 -1.1362e-04 -1.1247e-04 -1.1137e-04 -1.1032e-04 -1.0932e-04 -1.0837e-04 -1.0746e-04 -1.0661e-04 -1.0580e-04 -1.0504e-04 -1.0433e-04 -1.0367e-04 -1.0305e-04 -1.0249e-04 -1.0197e-04 -1.0150e-04 -1.0108e-04 -1.0071e-04 -1.0038e-04 -1.0011e-04 -9.9876e-05 -9.9695e-05 -9.9561e-05 -9.9475e-05 -9.9437e-05 -9.9447e-05 -9.9505e-05 -9.9611e-05 -9.9764e-05 -9.9965e-05 -1.0021e-04 -1.0051e-04 -1.0086e-04 -1.0125e-04 -1.0169e-04 -1.0218e-04 -1.0271e-04 -1.0330e-04 -1.0393e-04 -1.0461e-04 -1.0534e-04 -1.0612e-04 -1.0695e-04 -1.0782e-04 -1.0874e-04 -1.0971e-04 -1.1073e-04 -1.1180e-04 -1.1292e-04 -1.1409e-04 -1.1530e-04 -1.1656e-04 -1.1788e-04 -1.1924e-04 -1.2065e-04 
-0000.00150 -1.2154e-04 -1.2010e-04 -1.1870e-04 -1.1736e-04 -1.1606e-04 -1.1481e-04 -1.1362e-04 -1.1247e-04 -1.1137e-04 -1.1032e-04 -1.0932e-04 -1.0837e-04 -1.0746e-04 -1.0661e-04 -1.0580e-04 -1.0504e-04 -1.0433e-04 -1.0367e-04 -1.0305e-04 -1.0249e-04 -1.0197e-04 -1.0150e-04 -1.0108e-04 -1.0071e-04 -1.0038e-04 -1.0011e-04 -9.9876e-05 -9.9695e-05 -9.9561e-05 -9.9475e-05 -9.9437e-05 -9.9447e-05 -9.9505e-05 -9.9611e-05 -9.9764e-05 -9.9965e-05 -1.0021e-04 -1.0051e-04 -1.0086e-04 -1.0125e-04 -1.0169e-04 -1.0218e-04 -1.0271e-04 -1.0330e-04 -1.0393e-04 -1.0461e-04 -1.0534e-04 -1.0612e-04 -1.0695e-04 -1.0782e-04 -1.0874e-04 -1.0971e-04 -1.1073e-04 -1.1180e-04 -1.1292e-04 -1.1409e-04 -1.1530e-04 -1.1656e-04 -1.1788e-04 -1.1924e-04 -1.2065e-04 
-0000.00200 -1.2154e-04 -1.2010e-04 -1.1870e-04 -1.1736e-04 -1.1606e-04 -1.1481e-04 -1.1362e-04 -1.1247e-04 -1.1137e-04 -1.1032e-04 -1.0932e-04 -1.0837e-04 -1.0746e-04 -1.0661e-04 -1.0580e-04 -1.0504e-04 -1.0433e-04 -1.0367e-04 -1.0305e-04 -1.0249e-04 -1.0197e-04 -1.0150e-04 -1.0108e-04 -1.0071e-04 -1.0038e-04 -1.0011e-04 -9.9876e-05 -9.9695e-05 -9.9561e-05 -9.9475e-05 -9.9437e-05 -9.9447e-05 -9.9505e-05 -9.9611e-05 -9.9764e-05 -9.9965e-05 -1.0021e-04 -1.0051e-04 -1.0086e-04 -1.0125e-04 -1.0169e-04 -1.0218e-04 -1.0271e-04 -1.0330e-04 -1.0393e-04 -1.0461e-04 -1.0534e-04 -1.0612e-04 -1.0695e-04 -1.0782e-04 -1.0874e-04 -1.0971e-04 -1.1073e-04 -1.1180e-04 -1.1292e-04 -1.1409e-04 -1.1530e-04 -1.1656e-04 -1.1788e-04 -1.1924e-04 -1.2065e-04 
# Horizontal Final Position [m]
START
            -0000.01000 -0000.00967 -0000.00933 -0000.00900 -0000.00867 -0000.00833 -0000.00800 -0000.00767 -0000.00733 -0000.00700 -0000.00667 -0000.00633 -0000.00600 -0000.00567 -0000.00533 -0000.00500 -0000.00467 -0000.00433 -0000.00400 -0000.00367 -0000.00333 -0000.00300 -0000.00267 -0000.00233 -0000.00200 -0000.00167 -0000.00133 -0000.00100 -0000.00067 -0000.00033 +0000.00000 +0000.00033 +0000.00067 +0000.00100 +0000.00133 +0000.00167 +0000.00200 +0000.00233 +0000.00267 +0000.00300 +0000.00333 +0000.00367 +0000.00400 +0000.00433 +0000.00467 +0000.00500 +0000.00533 +0000.00567 +0000.00600 +0000.00633 +0000.00667 +0000.00700 +0000.00733 +0000.00767 +0000.00800 +0000.00833 +0000.00867 +0000.00900 +0000.00933 +0000.00967 +0000.01000 
+0000.00200 -1.0003e-02 -9.6696e-03 -9.3363e-03 -9.0031e-03 -8.6698e-03 -8.3366e-03 -8.0033e-03 -7.6700e-03 -7.3368e-03 -7.0035e-03 -6.6702e-03 -6.3369e-03 -6.0036e-03 -5.6703e-03 -5.3370e-03 -5.0037e-03 -4.6703e-03 -4.3370e-03 -4.0037e-03 -3.6704e-03 -3.3371e-03 -3.0037e-03 -2.6704e-03 -2.3371e-03 -2.0037e-03 -1.6704e-03 -1.3371e-03 -1.0037e-03 -6.7038e-04 -3.3704e-04 -3.6986e-06 +3.2964e-04 +6.6299e-04 +9.9633e-04 +1.3297e-03 +1.6630e-03 +1.9964e-03 +2.3297e-03 +2.6630e-03 +2.9964e-03 +3.3297e-03 +3.6631e-03 +3.9964e-03 +4.3297e-03 +4.6631e-03 +4.9964e-03 +5.3298e-03 +5.6631e-03 +5.9964e-03 +6.3298e-03 +6.6631e-03 +6.9964e-03 +7.3298e-03 +7.6631e-03 +7.9964e-03 +8.3298e-03 +8.6631e-03 +8.9964e-03 +9.3298e-03 +9.6631e-03 +9.9964e-03 
+0000.00150 -1.0003e-02 -9.6696e-03 -9.3363e-03 -9.0031e-03 -8.6698e-03 -8.3366e-03 -8.0033e-03 -7.6700e-03 -7.3368e-03 -7.0035e-03 -6.6702e-03 -6.3369e-03 -6.0036e-03 -5.6703e-03 -5.3370e-03 -5.0037e-03 -4.6703e-03 -4.3370e-03 -4.0037e-03 -3.6704e-03 -3.3371e-03 -3.0037e-03 -2.6704e-03 -2.3371e-03 -2.0037e-03 -1.6704e-03 -1.3371e-03 -1.0037e-03 -6.7038e-04 -3.3704e-04 -3.6986e-06 +3.2964e-04 +6.6299e-04 +9.9633e-04 +1.3297e-03 +1.6630e-03 +1.9964e-03 +2.3297e-03 +2.6630e-03 +2.9964e-03 +3.3297e-03 +3.6631e-03 +3.9964e-03 +4.3297e-03 +4.6631e-03 +4.9964e-03 +5.3298e-03 +5.6631e-03 +5.9964e-03 +6.3298e-03 +6.6631e-03 +6.9964e-03 +7.3298e-03 +7.6631e-03 +7.9964e-03 +8.3298e-03 +8.6631e-03 +8.9964e-03 +9.3298e-03 +9.6631e-03 +9.9964e-03 
+0000.00100 -1.0003e-02 -9.6696e-03 -9.3363e-03 -9.0031e-03 -8.6698e-03 -8.3366e-03 -8.0033e-03 -7.6700e-03 -7.3368e-03 -7.0035e-03 -6.6702e-03 -6.3369e-03 -6.0036e-03 -5.6703e-03 -5.3370e-03 -5.0037e-03 -4.6703e-03 -4.3370e-03 -4.0037e-03 -3.6704e-03 -3.3371e-03 -3.0037e-03 -2.6704e-03 -2.3371e-03 -2.0037e-03 -1.6704e-03 -1.3371e-03 -1.0037e-03 -6.7038e-04 -3.3704e-04 -3.6986e-06 +3.2964e-04 +6.6299e-04 +9.9633e-04 +1.3297e-03 +1.6630e-03 +1.9964e-03 +2.3297e-03 +2.6630e-03 +2.9964e-03 +3.3297e-03 +3.6631e-03 +3.9964e-03 +4.3297e-03 +4.6631e-03 +4.9964e-03 +5.3298e-03 +5.6631e-03 +5.9964e-03 +6.3298e-03 +6.6631e-03 +6.9964e-03 +7.3298e-03 +7.6631e-03 +7.9964e-03 +8.3298e-03 +8.6631e-03 +8.9964e-03 +9.3298e-03 +9.6631e-03 +9.9964e-03 
+0000.00050 -1.0003e-02 -9.6696e-03 -9.3363e-03 -9.0031e-03 -8.6698e-03 -8.3366e-03 -8.0033e-03 -7.6700e-03 -7.3368e-03 -7.0035e-03 -6.6702e-03 -6.3369e-03 -6.0036e-03 -5.6703e-03 -5.3370e-03 -5.0037e-03 -4.6703e-03 -4.3370e-03 -4.0037e-03 -3.6704e-03 -3.3371e-03 -3.0037e-03 -2.6704e-03 -2.3371e-03 -2.0037e-03 -1.6704e-03 -1.3371e-03 -1.0037e-03 -6.7038e-04 -3.3704e-04 -3.6986e-06 +3.2964e-04 +6.6299e-04 +9.9633e-04 +1.3297e-03 +1.6630e-03 +1.9964e-03 +2.3297e-03 +2.6630e-03 +2.9964e-03 +3.3297e-03 +3.6631e-03 +3.9964e-03 +4.3297e-03 +4.6631e-03 +4.9964e-03 +5.3298e-03 +5.6631e-03 +5.9964e-03 +6.3298e-03 +6.6631e-03 +6.9964e-03 +7.3298e-03 +7.6631e-03 +7.9964e-03 +8.3298e-03 +8.6631e-03 +8.9964e-03 +9.3298e-03 +9.6631e-03 +9.9964e-03 
+0000.00000 -1.0003e-02 -9.6696e-03 -9.3363e-03 -9.0031e-03 -8.6698e-03 -8.3366e-03 -8.0033e-03 -7.6700e-03 -7.3368e-03 -7.0035e-03 -6.6702e-03 -6.3369e-03 -6.0036e-03 -5.6703e-03 -5.3370e-03 -5.0037e-03 -4.6703e-03 -4.3370e-03 -4.0037e-03 -3.6704e-03 -3.3371e-03 -3.0037e-03 -2.6704e-03 -2.3371e-03 -2.0037e-03 -1.6704e-03 -1.3371e-03 -1.0037e-03 -6.7038e-04 -3.3704e-04 -3.6986e-06 +3.2964e-04 +6.6299e-04 +9.9633e-04 +1.3297e-03 +1.6630e-03 +1.9964e-03 +2.3297e-03 +2.6630e-03 +2.9964e-03 +3.3297e-03 +3.6631e-03 +3.9964e-03 +4.3297e-03 +4.6631e-03 +4.9964e-03 +5.3298e-03 +5.6631e-03 +5.9964e-03 +6.3298e-03 +6.6631e-03 +6.9964e-03 +7.3298e-03 +7.6631e-03 +7.9964e-03 +8.3298e-03 +8.6631e-03 +8.9964e-03 +9.3298e-03 +9.6631e-03 +9.9964e-03 
-0000.00050 -1.0003e-02 -9.6696e-03 -9.3363e-03 -9.0031e-03 -8.6698e-03 -8.3366e-03 -8.0033e-03 -7.6700e-03 -7.3368e-03 -7.0035e-03 -6.6702e-03 -6.3369e-03 -6.0036e-03 -5.6703e-03 -5.3370e-03 -5.0037e-03 -4.6703e-03 -4.3370e-03 -4.0037e-03 -3.6704e-03 -3.3371e-03 -3.0037e-03 -2.6704e-03 -2.3371e-03 -2.0037e-03 -1.6704e-03 -1.3371e-03 -1.0037e-03 -6.7038e-04 -3.3704e-04 -3.6986e-06 +3.2964e-04 +6.6299e-04 +9.9633e-04 +1.3297e-03 +1.6630e-03 +1.9964e-03 +2.3297e-03 +2.6630e-03 +2.9964e-03 +3.3297e-03 +3.6631e-03 +3.9964e-03 +4.3297e-03 +4.6631e-03 +4.9964e-03 +5.3298e-03 +5.6631e-03 +5.9964e-03 +6.3298e-03 +6.6631e-03 +6.9964e-03 +7.3298e-03 +7.6631e-03 +7.9964e-03 +8.3298e-03 +8.6631e-03 +8.9964e-03 +9.3298e-03 +9.6631e-03 +9.9964e-03 
-0000.00100 -1.0003e-02 -9.6696e-03 -9.3363e-03 -9.0031e-03 -8.6698e-03 -8.3366e-03 -8.0033e-03 -7.6700e-03 -7.3368e-03 -7.0035e-03 -6.6702e-03 -6.3369e-03 -6.0036e-03 -5.6703e-03 -5.3370e-03 -5.0037e-03 -4.6703e-03 -4.3370e-03 -4.0037e-03 -3.6704e-03 -3.3371e-03 -3.0037e-03 -2.6704e-03 -2.3371e-03 -2.0037e-03 -1.6704e-03 -1.3371e-03 -1.0037e-03 -6.7038e-04 -3.3704e-04 -3.6986e-06 +3.2964e-04 +6.6299e-04 +9.9633e-04 +1.3297e-03 +1.6630e-03 +1.9964e-03 +2.3297e-03 +2.6630e-03 +2.9964e-03 +3.3297e-03 +3.6631e-03 +3.9964e-03 +4.3297e-03 +4.6631e-03 +4.9964e-03 +5.3298e-03 +5.6631e-03 +5.9964e-03 +6.3298e-03 +6.6631e-03 +6.9964e-03 +7.3298e-03 +7.6631e-03 +7.9964e-03 +8.3298e-03 +8.6631e-03 +8.9964e-03 +9.3298e-03 +9.6631e-03 +9.9964e-03 
-0000.00150 -1.0003e-02 -9.6696e-03 -9.3363e-03 -9.0031e-03 -8.6698e-03 -8.3366e-03 -8.0033e-03 -7.6700e-03 -7.3368e-03 -7.0035e-03 -6.6702e-03 -6.3369e-03 -6.0036e-03 -5.6703e-03 -5.3370e-03 -5.0037e-03 -4.6703e-03 -4.3370e-03 -4.0037e-03 -3.6704e-03 -3.3371e-03 -3.0037e-03 -2.6704e-03 -2.3371e-03 -2.0037e-03 -1.6704e-03 -1.3371e-03 -1.0037e-03 -6.7038e-04 -3.3704e-04 -3.6986e-06 +3.2964e-04 +6.6299e-04 +9.9633e-04 +1.3297e-03 +1.6630e-03 +1.9964e-03 +2.3297e-03 +2.6630e-03 +2.9964e-03 +3.3297e-03 +3.6631e-03 +3.9964e-03 +4.3297e-03 +4.6631e-03 +4.9964e-03 +5.3298e-03 +5.6631e-03 +5.9964e-03 +6.3298e-03 +6.6631e-03 +6.9964e-03 +7.3298e-03 +7.6631e-03 +7.9964e-03 +8.3298e-03 +8.6631e-03 +8.9964e-03 +9.3298e-03 +9.6631e-03 +9.9964e-03 
-0000.00200 -1.0003e-02 -9.6696e-03 -9.3363e-03 -9.0031e-03 -8.6698e-03 -8.3366e-03 -8.0033e-03 -7.6700e-03 -7.3368e-03 -7.0035e-03 -6.6702e-03 -6.3369e-03 -6.0036e-03 -5.6703e-03 -5.3370e-03 -5.0037e-03 -4.6703e-03 -4.3370e-03 -4.0037e-03 -3.6704e-03 -3.3371e-03 -3.0037e-03 -2.6704e-03 -2.3371e-03 -2.0037e-03 -1.6704e-03 -1.3371e-03 -1.0037e-03 -6.7038e-04 -3.3704e-04 -3.6986e-06 +3.2964e-04 +6.6299e-04 +9.9633e-04 +1.3297e-03 +1.6630e-03 +1.9964e-03 +2.3297e-03 +2.6630e-03 +2.9964e-03 +3.3297e-03 +3.6631e-03 +3.9964e-03 +4.3297e-03 +4.6631e-03 +4.9964e-03 +5.3298e-03 +5.6631e-03 +5.9964e-03 +6.3298e-03 +6.6631e-03 +6.9964e-03 +7.3298e-03 +7.6631e-03 +7.9964e-03 +8.3298e-03 +8.6631e-03 +8.9964e-03 +9.3298e-03 +9.6631e-03 +9.9964e-03 
# Vertical Final Position [m]
START
            -0000.01000 -0000.00967 -0000.00933 -0000.00900 -0000.00867 -0000.00833 -0000.00800 -0000.00767 -0000.00733 -0000.00700 -0000.00667 -0000.00633 -0000.00600 -0000.00567 -0000.00533 -0000.00500 -0000.00467 -0000.00433 -0000.00400 -0000.00367 -0000.00333 -0000.00300 -0000.00267 -0000.00233 -0000.00200 -0000.00167 -0000.00133 -0000.00100 -0000.00067 -0000.00033 +0000.00000 +0000.00033 +0000.00067 +0000.00100 +0000.00133 +0000.00167 +0000.00200 +0000.00233 +0000.00267 +0000.00300 +0000.00333 +0000.00367 +0000.00400 +0000.00433 +0000.00467 +0000.00500 +0000.00533 +0000.00567 +0000.00600 +0000.00633 +0000.00667 +0000.00700 +0000.00733 +0000.00767 +0000.00800 +0000.00833 +0000.00867 +0000.00900 +0000.00933 +0000.00967 +0000.01000 
+0000.00200 +2.0001e-03 +2.0001e-03 +2.0001e-03 +2.0001e-03 +2.0001e-03 +2.0001e-03 +2.0001e-03 +2.0001e-03 +2.0001e-03 +2.0001e-03 +2.0001e-03 +2.0001e-03 +2.0000e-03 +2.0000e-03 +2.0000e-03 +2.0000e-03 +2.0000e-03 +2.0000e-03 +2.0000e-03 +2.0000e-03 +2.0000e-03 +2.0000e-03 +2.0000e-03 +2.0000e-03 +2.0000e-03 +2.0000e-03 +2.0000e-03 +2.0000e-03 +2.0000e-03 +2.0000e-03 +2.0000e-03 +2.0000e-03 +2.0000e-03 +2.0000e-03 +2.0000e-03 +2.0000e-03 +2.0000e-03 +2.0000e-03 +1.9999e-03 +1.9999e-03 +1.9999e-03 +1.9999e-03 +1.9999e-03 +1.9999e-03 +1.9999e-03 +1.9999e-03 +1.9999e-03 +1.9999e-03 +1.9999e-03 +1.9999e-03 +1.9999e-03 +1.9999e-03 +1.9999e-03 +1.9999e-03 +1.9999e-03 +1.9999e-03 +1.9999e-03 +1.9999e-03 +1.9999e-03 +1.9999e-03 +1.9998e-03 
+0000.00150 +1.5001e-03 +1.5001e-03 +1.5001e-03 +1.5001e-03 +1.5001e-03 +1.5001e-03 +1.5001e-03 +1.5001e-03 +1.5001e-03 +1.5001e-03 +1.5001e-03 +1.5000e-03 +1.5000e-03 +1.5000e-03 +1.5000e-03 +1.5000e-03 +1.5000e-03 +1.5000e-03 +1.5000e-03 +1.5000e-03 +1.5000e-03 +1.5000e-03 +1.5000e-03 +1.5000e-03 +1.5000e-03 +1.5000e-03 +1.5000e-03 +1.5000e-03 +1.5000e-03 +1.5000e-03 +1.5000e-03 +1.5000e-03 +1.5000e-03 +1.5000e-03 +1.5000e-03 +1.5000e-03 +1.5000e-03 +1.5000e-03 +1.4999e-03 +1.4999e-03 +1.4999e-03 +1.4999e-03 +1.4999e-03 +1.4999e-03 +1.4999e-03 +1.4999e-03 +1.4999e-03 +1.4999e-03 +1.4999e-03 +1.4999e-03 +1.4999e-03 +1.4999e-03 +1.4999e-03 +1.4999e-03 +1.4999e-03 +1.4999e-03 +1.4999e-03 +1.4999e-03 +1.4999e-03 +1.4999e-03 +1.4999e-03 
+0000.00100 +1.0000e-03 +1.0000e-03 +1.0000e-03 +1.0000e-03 +1.0000e-03 +1.0000e-03 +1.0000e-03 +1.0000e-03 +1.0000e-03 +1.0000e-03 +1.0000e-03 +1.0000e-03 +9.9999e-04 +9.9999e-04 +9.9999e-04 +9.9999e-04 +9.9999e-04 +9.9999e-04 +9.9999e-04 +9.9999e-04 +9.9999e-04 +9.9999e-04 +9.9999e-04 +9.9999e-04 +9.9999e-04 +9.9999e-04 +9.9999e-04 +9.9999e-04 +9.9999e-04 +9.9999e-04 +9.9999e-04 +9.9999e-04 +9.9999e-04 +9.9999e-04 +9.9999e-04 +9.9999e-04 +9.9998e-04 +9.9998e-04 +9.9998e-04 +9.9998e-04 +9.9997e-04 +9.9997e-04 +9.9997e-04 +9.9997e-04 +9.9996e-04 +9.9996e-04 +9.9996e-04 +9.9995e-04 +9.9995e-04 +9.9995e-04 +9.9994e-04 +9.9994e-04 +9.9994e-04 +9.9994e-04 +9.9993e-04 +9.9993e-04 +9.9993e-04 +9.9993e-04 +9.9993e-04 +9.9992e-04 +9.9992e-04 
+0000.00050 +5.0003e-04 +5.0003e-04 +5.0002e-04 +5.0002e-04 +5.0002e-04 +5.0002e-04 +5.0002e-04 +5.0002e-04 +5.0002e-04 +5.0002e-04 +5.0002e-04 +5.0001e-04 +5.0001e-04 +5.0001e-04 +5.0001e-04 +5.0001e-04 +5.0001e-04 +5.0001e-04 +5.0001e-04 +5.0001e-04 +5.0000e-04 +5.0000e-04 +5.0000e-04 +5.0000e-04 +5.0000e-04 +5.0000e-04 +5.0000e-04 +5.0000e-04 +5.0000e-04 +4.9999e-04 +4.9999e-04 +4.9999e-04 +4.9999e-04 +4.9999e-04 +4.9999e-04 +4.9999e-04 +4.9999e-04 +4.9999e-04 +4.9999e-04 +4.9999e-04 +4.9998e-04 +4.9998e-04 +4.9998e-04 +4.9998e-04 +4.9998e-04 +4.9998e-04 +4.9998e-04 +4.9998e-04 +4.9998e-04 +4.9998e-04 +4.9998e-04 +4.9997e-04 +4.9997e-04 +4.9997e-04 +4.9997e-04 +4.9997e-04 +4.9997e-04 +4.9997e-04 +4.9997e-04 +4.9996e-04 +4.9996e-04 
+0000.00000 -4.1082e-11 -4.2014e-11 -4.2917e-11 -4.3789e-11 -4.4631e-11 -4.5443e-11 -4.6225e-11 -4.6976e-11 -4.7697e-11 -4.8387e-11 -4.9046e-11 -4.9674e-11 -5.0272e-11 -5.0838e-11 -5.1373e-11 -5.1877e-11 -5.2350e-11 -5.2791e-11 -5.3201e-11 -5.3579e-11 -5.3925e-11 -5.4240e-11 -5.4523e-11 -5.4775e-11 -5.4994e-11 -5.5181e-11 -5.5337e-11 -5.5460e-11 -5.5551e-11 -5.5610e-11 -5.5637e-11 -5.5632e-11 -5.5594e-11 -5.5524e-11 -5.5421e-11 -5.5286e-11 -5.5119e-11 -5.4919e-11 -5.4687e-11 -5.4422e-11 -5.4124e-11 -5.3794e-11 -5.3432e-11 -5.3037e-11 -5.2609e-11 -5.2148e-11 -5.1655e-11 -5.1130e-11 -5.0571e-11 -4.9981e-11 -4.9357e-11 -4.8701e-11 -4.8012e-11 -4.7291e-11 -4.6537e-11 -4.5750e-11 -4.4931e-11 -4.4080e-11 -4.3196e-11 -4.2279e-11 -4.1330e-11 
-0000.00050 -5.0002e-04 -5.0002e-04 -5.0002e-04 -5.0002e-04 -5.0002e-04 -5.0002e-04 -5.0002e-04 -5.0002e-04 -5.0002e-04 -5.0002e-04 -5.0002e-04 -5.0001e-04 -5.0001e-04 -5.0001e-04 -5.0001e-04 -5.0001e-04 -5.0001e-04 -5.0001e-04 -5.0001e-04 -5.0001e-04 -5.0001e-04 -5.0000e-04 -5.0000e-04 -5.0000e-04 -5.0000e-04 -5.0000e-04 -5.0000e-04 -5.0000e-04 -5.0000e-04 -5.0000e-04 -5.0000e-04 -4.9999e-04 -4.9999e-04 -4.9999e-04 -4.9999e-04 -4.9999e-04 -4.9999e-04 -4.9999e-04 -4.9999e-04 -4.9999e-04 -4.9999e-04 -4.9998e-04 -4.9998e-04 -4.9998e-04 -4.9998e-04 -4.9998e-04 -4.9998e-04 -4.9998e-04 -4.9998e-04 -4.9998e-04 -4.9997e-04 -4.9997e-04 -4.9997e-04 -4.9997e-04 -4.9997e-04 -4.9997e-04 -4.9997e-04 -4.9997e-04 -4.9997e-04 -4.9996e-04 -4.9996e-04 
-0000.00100 -1.0000e-03 -1.0000e-03 -1.0000e-03 -1.0000e-03 -1.0000e-03 -1.0000e-03 -1.0000e-03 -1.0000e-03 -1.0000e-03 -1.0000e-03 -1.0000e-03 -1.0000e-03 -9.9999e-04 -9.9999e-04 -9.9999e-04 -9.9999e-04 -9.9999e-04 -9.9999e-04 -9.9999e-04 -9.9999e-04 -9.9999e-04 -9.9999e-04 -9.9999e-04 -9.9999e-04 -9.9999e-04 -9.9999e-04 -9.9999e-04 -9.9999e-04 -9.9999e-04 -9.9999e-04 -9.9999e-04 -9.9999e-04 -9.9999e-04 -9.9999e-04 -9.9999e-04 -9.9999e-04 -9.9998e-04 -9.9998e-04 -9.9998e-04 -9.9998e-04 -9.9997e-04 -9.9997e-04 -9.9997e-04 -9.9997e-04 -9.9996e-04 -9.9996e-04 -9.9996e-04 -9.9995e-04 -9.9995e-04 -9.9995e-04 -9.9994e-04 -9.9994e-04 -9.9994e-04 -9.9994e-04 -9.9993e-04 -9.9993e-04 -9.9993e-04 -9.9993e-04 -9.9993e-04 -9.9992e-04 -9.9992e-04 
-0000.00150 -1.5001e-03 -1.5001e-03 -1.5001e-03 -1.5001e-03 -1.5001e-03 -1.5001e-03 -1.5001e-03 -1.5001e-03 -1.5001e-03 -1.5001e-03 -1.5001e-03 -1.5000e-03 -1.5000e-03 -1.5000e-03 -1.5000e-03 -1.5000e-03 -1.5000e-03 -1.5000e-03 -1.5000e-03 -1.5000e-03 -1.5000e-03 -1.5000e-03 -1.5000e-03 -1.5000e-03 -1.5000e-03 -1.5000e-03 -1.5000e-03 -1.5000e-03 -1.5000e-03 -1.5000e-03 -1.5000e-03 -1.5000e-03 -1.5000e-03 -1.5000e-03 -1.5000e-03 -1.5000e-03 -1.5000e-03 -1.5000e-03 -1.4999e-03 -1.4999e-03 -1.4999e-03 -1.4999e-03 -1.4999e-03 -1.4999e-03 -1.4999e-03 -1.4999e-03 -1.4999e-03 -1.4999e-03 -1.4999e-03 -1.4999e-03 -1.4999e-03 -1.4999e-03 -1.4999e-03 -1.4999e-03 -1.4999e-03 -1.4999e-03 -1.4999e-03 -1.4999e-03 -1.4999e-03 -1.4999e-03 -1.4999e-03 
-0000.00200 -2.0001e-03 -2.0001e-03 -2.0001e-03 -2.0001e-03 -2.0001e-03 -2.0001e-03 -2.0001e-03 -2.0001e-03 -2.0001e-03 -2.0001e-03 -2.0001e-03 -2.0001e-03 -2.0001e-03 -2.0001e-03 -2.0001e-03 -2.0001e-03 -2.0000e-03 -2.0000e-03 -2.0000e-03 -2.0000e-03 -2.0000e-03 -2.0000e-03 -2.0000e-03 -2.0000e-03 -2.0000e-03 -2.0000e-03 -2.0000e-03 -2.0000e-03 -2.0000e-03 -2.0000e-03 -2.0000e-03 -2.0000e-03 -2.0000e-03 -2.0000e-03 -2.0000e-03 -2.0000e-03 -1.9999e-03 -1.9999e-03 -1.9999e-03 -1.9999e-03 -1.9999e-03 -1.9999e-03 -1.9999e-03 -1.9999e-03 -1.9999e-03 -1.9999e-03 -1.9999e-03 -1.9999e-03 -1.9999e-03 -1.9999e-03 -1.9999e-03 -1.9999e-03 -1.9999e-03 -1.9999e-03 -1.9999e-03 -1.9999e-03 -1.9999e-03 -1.9999e-03 -1.9999e-03 -1.9999e-03 -1.9998e-03 