# Author: FAC idanalysis.IDKickMap
# Termination_kicks [T2m2]: +0.0000e+00 +0.0000e+00 +0.0000e+00 +0.0000e+00 
# Total Length of Longitudinal Interval [m]
0.13
# Number of Horizontal Points
61
# Number of Vertical Points
9
# Total Horizontal 2nd Order Kick [T2m2]
START
            -0000.01000 -0000.00967 -0000.00933 -0000.00900 -0000.00867 -0000.00833 -0000.00800 -0000.00767 -0000.00733 -0000.00700 -0000.00667 -0000.00633 -0000.00600 -0000.00567 -0000.00533 -0000.00500 -0000.00467 -0000.00433 -0000.00400 -0000.00367 -0000.00333 -0000.00300 -0000.00267 -0000.00233 -0000.00200 -0000.00167 -0000.00133 -0000.00100 -0000.00067 -0000.00033 +0000.00000 +0000.00033 +0000.00067 +0000.00100 +0000.00133 +0000.00167 +0000.00200 +0000.00233 +0000.00267 +0000.00300 +0000.00333 +0000.00367 +0000.00400 +0000.00433 +0000.00467 +0000.00500 +0000.00533 +0000.00567 +0000.00600 +0000.00633 +0000.00667 +0000.00700 +0000.00733 +0000.00767 +0000.00800 +0000.00833 +0000.00867 +0000.00900 +0000.00933 +0000.00967 +0000.01000 
+0000.00200 -3.6789e-04 -3.6725e-04 -3.6651e-04 -3.6568e-04 -3.6476e-04 -3.6378e-04 -3.6273e-04 -3.6164e-04 -3.6050e-04 -3.5934e-04 -3.5816e-04 -3.5697e-04 -3.5578e-04 -3.5460e-04 -3.5344e-04 -3.5229e-04 -3.5118e-04 -3.5011e-04 -3.4907e-04 -3.4809e-04 -3.4717e-04 -3.4630e-04 -3.4550e-04 -3.4477e-04 -3.4411e-04 -3.4353e-04 -3.4303e-04 -3.4261e-04 -3.4227e-04 -3.4202e-04 -3.4186e-04 -3.4179e-04 -3.4181e-04 -3.4192e-04 -3.4212e-04 -3.4241e-04 -3.4278e-04 -3.4325e-04 -3.4380e-04 -3.4443e-04 -3.4514e-04 -3.4593e-04 -3.4680e-04 -3.4773e-04 -3.4873e-04 -3.4979e-04 -3.5091e-04 -3.5208e-04 -3.5329e-04 -3.5455e-04 -3.5583e-04 -3.5714e-04 -3.5847e-04 -3.5981e-04 -3.6114e-04 -3.6247e-04 -3.6379e-04 -3.6508e-04 -3.6633e-04 -3.6754e-04 -3.6869e-04 
+0000.00150 -2.1459e-04 -2.1380e-04 -2.1296e-04 -2.1207e-04 -2.1115e-04 -2.1020e-04 -2.0923e-04 -2.0824e-04 -2.0725e-04 -2.0625e-04 -2.0526e-04 -2.0427e-04 -2.0330e-04 -2.0235e-04 -2.0142e-04 -2.0052e-04 -1.9966e-04 -1.9883e-04 -1.9804e-04 -1.9730e-04 -1.9661e-04 -1.9596e-04 -1.9538e-04 -1.9485e-04 -1.9437e-04 -1.9396e-04 -1.9362e-04 -1.9333e-04 -1.9312e-04 -1.9297e-04 -1.9288e-04 -1.9287e-04 -1.9293e-04 -1.9305e-04 -1.9324e-04 -1.9350e-04 -1.9383e-04 -1.9423e-04 -1.9469e-04 -1.9521e-04 -1.9580e-04 -1.9644e-04 -1.9715e-04 -1.9791e-04 -1.9872e-04 -1.9958e-04 -2.0049e-04 -2.0144e-04 -2.0243e-04 -2.0346e-04 -2.0451e-04 -2.0560e-04 -2.0670e-04 -2.0782e-04 -2.0896e-04 -2.1009e-04 -2.1123e-04 -2.1237e-04 -2.1349e-04 -2.1459e-04 -2.1566e-04 
+0000.00100 -2.1432e-04 -2.1340e-04 -2.1246e-04 -2.1149e-04 -2.1050e-04 -2.0950e-04 -2.0850e-04 -2.0750e-04 -2.0650e-04 -2.0550e-04 -2.0453e-04 -2.0357e-04 -2.0263e-04 -2.0172e-04 -2.0084e-04 -1.9999e-04 -1.9918e-04 -1.9841e-04 -1.9768e-04 -1.9700e-04 -1.9637e-04 -1.9578e-04 -1.9525e-04 -1.9477e-04 -1.9435e-04 -1.9399e-04 -1.9369e-04 -1.9344e-04 -1.9326e-04 -1.9314e-04 -1.9308e-04 -1.9309e-04 -1.9315e-04 -1.9328e-04 -1.9348e-04 -1.9373e-04 -1.9405e-04 -1.9442e-04 -1.9486e-04 -1.9535e-04 -1.9590e-04 -1.9650e-04 -1.9716e-04 -1.9787e-04 -1.9862e-04 -1.9942e-04 -2.0027e-04 -2.0115e-04 -2.0207e-04 -2.0303e-04 -2.0401e-04 -2.0502e-04 -2.0606e-04 -2.0711e-04 -2.0818e-04 -2.0925e-04 -2.1033e-04 -2.1141e-04 -2.1249e-04 -2.1355e-04 -2.1460e-04 
+0000.00050 -2.1441e-04 -2.1344e-04 -2.1245e-04 -2.1144e-04 -2.1043e-04 -2.0942e-04 -2.0840e-04 -2.0739e-04 -2.0640e-04 -2.0541e-04 -2.0444e-04 -2.0350e-04 -2.0258e-04 -2.0169e-04 -2.0083e-04 -2.0000e-04 -1.9922e-04 -1.9847e-04 -1.9777e-04 -1.9711e-04 -1.9651e-04 -1.9595e-04 -1.9544e-04 -1.9499e-04 -1.9459e-04 -1.9425e-04 -1.9396e-04 -1.9374e-04 -1.9357e-04 -1.9346e-04 -1.9341e-04 -1.9342e-04 -1.9349e-04 -1.9362e-04 -1.9382e-04 -1.9407e-04 -1.9438e-04 -1.9474e-04 -1.9516e-04 -1.9564e-04 -1.9617e-04 -1.9676e-04 -1.9739e-04 -1.9808e-04 -1.9881e-04 -1.9958e-04 -2.0040e-04 -2.0125e-04 -2.0214e-04 -2.0307e-04 -2.0402e-04 -2.0500e-04 -2.0601e-04 -2.0703e-04 -2.0807e-04 -2.0912e-04 -2.1017e-04 -2.1123e-04 -2.1229e-04 -2.1334e-04 -2.1438e-04 
+0000.00000 -2.1443e-04 -2.1344e-04 -2.1244e-04 -2.1143e-04 -2.1041e-04 -2.0940e-04 -2.0838e-04 -2.0737e-04 -2.0637e-04 -2.0539e-04 -2.0442e-04 -2.0348e-04 -2.0257e-04 -2.0168e-04 -2.0083e-04 -2.0002e-04 -1.9924e-04 -1.9850e-04 -1.9781e-04 -1.9716e-04 -1.9656e-04 -1.9601e-04 -1.9551e-04 -1.9506e-04 -1.9467e-04 -1.9433e-04 -1.9405e-04 -1.9383e-04 -1.9367e-04 -1.9356e-04 -1.9352e-04 -1.9353e-04 -1.9360e-04 -1.9374e-04 -1.9393e-04 -1.9417e-04 -1.9448e-04 -1.9485e-04 -1.9526e-04 -1.9574e-04 -1.9626e-04 -1.9684e-04 -1.9747e-04 -1.9815e-04 -1.9887e-04 -1.9964e-04 -2.0044e-04 -2.0129e-04 -2.0217e-04 -2.0309e-04 -2.0403e-04 -2.0500e-04 -2.0600e-04 -2.0701e-04 -2.0804e-04 -2.0908e-04 -2.1013e-04 -2.1119e-04 -2.1224e-04 -2.1328e-04 -2.1432e-04 
-0000.00050 -2.1441e-04 -2.1344e-04 -2.1245e-04 -2.1145e-04 -2.1044e-04 -2.0942e-04 -2.0841e-04 -2.0740e-04 -2.0640e-04 -2.0541e-04 -2.0445e-04 -2.0350e-04 -2.0258e-04 -2.0169e-04 -2.0083e-04 -2.0000e-04 -1.9922e-04 -1.9847e-04 -1.9777e-04 -1.9712e-04 -1.9651e-04 -1.9595e-04 -1.9544e-04 -1.9499e-04 -1.9459e-04 -1.9425e-04 -1.9396e-04 -1.9374e-04 -1.9357e-04 -1.9346e-04 -1.9341e-04 -1.9342e-04 -1.9350e-04 -1.9363e-04 -1.9382e-04 -1.9407e-04 -1.9438e-04 -1.9474e-04 -1.9517e-04 -1.9565e-04 -1.9618e-04 -1.9676e-04 -1.9740e-04 -1.9808e-04 -1.9881e-04 -1.9959e-04 -2.0040e-04 -2.0126e-04 -2.0215e-04 -2.0307e-04 -2.0403e-04 -2.0501e-04 -2.0601e-04 -2.0703e-04 -2.0807e-04 -2.0912e-04 -2.1018e-04 -2.1123e-04 -2.1229e-04 -2.1334e-04 -2.1438e-04 
-0000.00100 -2.1433e-04 -2.1341e-04 -2.1246e-04 -2.1149e-04 -2.1050e-04 -2.0951e-04 -2.0850e-04 -2.0750e-04 -2.0650e-04 -2.0551e-04 -2.0453e-04 -2.0357e-04 -2.0263e-04 -2.0172e-04 -2.0084e-04 -1.9999e-04 -1.9918e-04 -1.9841e-04 -1.9768e-04 -1.9700e-04 -1.9636e-04 -1.9578e-04 -1.9525e-04 -1.9477e-04 -1.9435e-04 -1.9399e-04 -1.9368e-04 -1.9344e-04 -1.9326e-04 -1.9314e-04 -1.9308e-04 -1.9308e-04 -1.9315e-04 -1.9328e-04 -1.9347e-04 -1.9373e-04 -1.9404e-04 -1.9442e-04 -1.9485e-04 -1.9535e-04 -1.9590e-04 -1.9650e-04 -1.9716e-04 -1.9787e-04 -1.9862e-04 -1.9942e-04 -2.0027e-04 -2.0115e-04 -2.0207e-04 -2.0303e-04 -2.0401e-04 -2.0503e-04 -2.0606e-04 -2.0711e-04 -2.0818e-04 -2.0925e-04 -2.1033e-04 -2.1141e-04 -2.1249e-04 -2.1355e-04 -2.1460e-04 
-0000.00150 -2.1459e-04 -2.1380e-04 -2.1296e-04 -2.1208e-04 -2.1116e-04 -2.1021e-04 -2.0924e-04 -2.0825e-04 -2.0725e-04 -2.0626e-04 -2.0526e-04 -2.0428e-04 -2.0331e-04 -2.0235e-04 -2.0142e-04 -2.0053e-04 -1.9966e-04 -1.9883e-04 -1.9804e-04 -1.9730e-04 -1.9661e-04 -1.9597e-04 -1.9538e-04 -1.9485e-04 -1.9437e-04 -1.9396e-04 -1.9361e-04 -1.9333e-04 -1.9311e-04 -1.9296e-04 -1.9288e-04 -1.9287e-04 -1.9292e-04 -1.9305e-04 -1.9324e-04 -1.9350e-04 -1.9383e-04 -1.9422e-04 -1.9468e-04 -1.9521e-04 -1.9579e-04 -1.9644e-04 -1.9714e-04 -1.9790e-04 -1.9871e-04 -1.9958e-04 -2.0048e-04 -2.0144e-04 -2.0243e-04 -2.0345e-04 -2.0451e-04 -2.0559e-04 -2.0670e-04 -2.0782e-04 -2.0895e-04 -2.1009e-04 -2.1123e-04 -2.1236e-04 -2.1348e-04 -2.1458e-04 -2.1566e-04 
-0000.00200 -3.6790e-04 -3.6726e-04 -3.6653e-04 -3.6569e-04 -3.6478e-04 -3.6379e-04 -3.6274e-04 -3.6165e-04 -3.6051e-04 -3.5935e-04 -3.5817e-04 -3.5698e-04 -3.5579e-04 -3.5461e-04 -3.5344e-04 -3.5230e-04 -3.5119e-04 -3.5011e-04 -3.4908e-04 -3.4810e-04 -3.4717e-04 -3.4630e-04 -3.4550e-04 -3.4477e-04 -3.4411e-04 -3.4353e-04 -3.4302e-04 -3.4260e-04 -3.4227e-04 -3.4202e-04 -3.4186e-04 -3.4179e-04 -3.4181e-04 -3.4192e-04 -3.4212e-04 -3.4241e-04 -3.4278e-04 -3.4325e-04 -3.4380e-04 -3.4443e-04 -3.4514e-04 -3.4593e-04 -3.4680e-04 -3.4773e-04 -3.4873e-04 -3.4979e-04 -3.5091e-04 -3.5208e-04 -3.5329e-04 -3.5454e-04 -3.5583e-04 -3.5714e-04 -3.5846e-04 -3.5980e-04 -3.6114e-04 -3.6247e-04 -3.6378e-04 -3.6507e-04 -3.6632e-04 -3.6752e-04 -3.6867e-04 
# Total Vertical 2nd Order Kick [T2m2]
START
            -0000.01000 -0000.00967 -0000.00933 -0000.00900 -0000.00867 -0000.00833 -0000.00800 -0000.00767 -0000.00733 -0000.00700 -0000.00667 -0000.00633 -0000.00600 -0000.00567 -0000.00533 -0000.00500 -0000.00467 -0000.00433 -0000.00400 -0000.00367 -0000.00333 -0000.00300 -0000.00267 -0000.00233 -0000.00200 -0000.00167 -0000.00133 -0000.00100 -0000.00067 -0000.00033 +0000.00000 +0000.00033 +0000.00067 +0000.00100 +0000.00133 +0000.00167 +0000.00200 +0000.00233 +0000.00267 +0000.00300 +0000.00333 +0000.00367 +0000.00400 +0000.00433 +0000.00467 +0000.00500 +0000.00533 +0000.00567 +0000.00600 +0000.00633 +0000.00667 +0000.00700 +0000.00733 +0000.00767 +0000.00800 +0000.00833 +0000.00867 +0000.00900 +0000.00933 +0000.00967 +0000.01000 
+0000.00200 -3.6789e-04 -3.6725e-04 -3.6651e-04 -3.6568e-04 -3.6476e-04 -3.6378e-04 -3.6273e-04 -3.6164e-04 -3.6050e-04 -3.5934e-04 -3.5816e-04 -3.5697e-04 -3.5578e-04 -3.5460e-04 -3.5344e-04 -3.5229e-04 -3.5118e-04 -3.5011e-04 -3.4907e-04 -3.4809e-04 -3.4717e-04 -3.4630e-04 -3.4550e-04 -3.4477e-04 -3.4411e-04 -3.4353e-04 -3.4303e-04 -3.4261e-04 -3.4227e-04 -3.4202e-04 -3.4186e-04 -3.4179e-04 -3.4181e-04 -3.4192e-04 -3.4212e-04 -3.4241e-04 -3.4278e-04 -3.4325e-04 -3.4380e-04 -3.4443e-04 -3.4514e-04 -3.4593e-04 -3.4680e-04 -3.4773e-04 -3.4873e-04 -3.4979e-04 -3.5091e-04 -3.5208e-04 -3.5329e-04 -3.5455e-04 -3.5583e-04 -3.5714e-04 -3.5847e-04 -3.5981e-04 -3.6114e-04 -3.6247e-04 -3.6379e-04 -3.6508e-04 -3.6633e-04 -3.6754e-04 -3.6869e-04 
+0000.00150 -3.6789e-04 -3.6725e-04 -3.6651e-04 -3.6568e-04 -3.6476e-04 -3.6378e-04 -3.6273e-04 -3.6164e-04 -3.6050e-04 -3.5934e-04 -3.5816e-04 -3.5697e-04 -3.5578e-04 -3.5460e-04 -3.5344e-04 -3.5229e-04 -3.5118e-04 -3.5011e-04 -3.4907e-04 -3.4809e-04 -3.4717e-04 -3.4630e-04 -3.4550e-04 -3.4477e-04 -3.4411e-04 -3.4353e-04 -3.4303e-04 -3.4261e-04 -3.4227e-04 -3.4202e-04 -3.4186e-04 -3.4179e-04 -3.4181e-04 -3.4192e-04 -3.4212e-04 -3.4241e-04 -3.4278e-04 -3.4325e-04 -3.4380e-04 -3.4443e-04 -3.4514e-04 -3.4593e-04 -3.4680e-04 -3.4773e-04 -3.4873e-04 -3.4979e-04 -3.5091e-04 -3.5208e-04 -3.5329e-04 -3.5455e-04 -3.5583e-04 -3.5714e-04 -3.5847e-04 -3.5981e-04 -3.6114e-04 -3.6247e-04 -3.6379e-04 -3.6508e-04 -3.6633e-04 -3.6754e-04 -3.6869e-04 
+0000.00100 -3.6789e-04 -3.6725e-04 -3.6651e-04 -3.6568e-04 -3.6476e-04 -3.6378e-04 -3.6273e-04 -3.6164e-04 -3.6050e-04 -3.5934e-04 -3.5816e-04 -3.5697e-04 -3.5578e-04 -3.5460e-04 -3.5344e-04 -3.5229e-04 -3.5118e-04 -3.5011e-04 -3.4907e-04 -3.4809e-04 -3.4717e-04 -3.4630e-04 -3.4550e-04 -3.4477e-04 -3.4411e-04 -3.4353e-04 -3.4303e-04 -3.4261e-04 -3.4227e-04 -3.4202e-04 -3.4186e-04 -3.4179e-04 -3.4181e-04 -3.4192e-04 -3.4212e-04 -3.4241e-04 -3.4278e-04 -3.4325e-04 -3.4380e-04 -3.4443e-04 -3.4514e-04 -3.4593e-04 -3.4680e-04 -3.4773e-04 -3.4873e-04 -3.4979e-04 -3.5091e-04 -3.5208e-04 -3.5329e-04 -3.5455e-04 -3.5583e-04 -3.5714e-04 -3.5847e-04 -3.5981e-04 -3.6114e-04 -3.6247e-04 -3.6379e-04 -3.6508e-04 -3.6633e-04 -3.6754e-04 -3.6869e-04 
+0000.00050 -3.6789e-04 -3.6725e-04 -3.6651e-04 -3.6568e-04 -3.6476e-04 -3.6378e-04 -3.6273e-04 -3.6164e-04 -3.6050e-04 -3.5934e-04 -3.5816e-04 -3.5697e-04 -3.5578e-04 -3.5460e-04 -3.5344e-04 -3.5229e-04 -3.5118e-04 -3.5011e-04 -3.4907e-04 -3.4809e-04 -3.4717e-04 -3.4630e-04 -3.4550e-04 -3.4477e-04 -3.4411e-04 -3.4353e-04 -3.4303e-04 -3.4261e-04 -3.4227e-04 -3.4202e-04 -3.4186e-04 -3.4179e-04 -3.4181e-04 -3.4192e-04 -3.4212e-04 -3.4241e-04 -3.4278e-04 -3.4325e-04 -3.4380e-04 -3.4443e-04 -3.4514e-04 -3.4593e-04 -3.4680e-04 -3.4773e-04 -3.4873e-04 -3.4979e-04 -3.5091e-04 -3.5208e-04 -3.5329e-04 -3.5455e-04 -3.5583e-04 -3.5714e-04 -3.5847e-04 -3.5981e-04 -3.6114e-04 -3.6247e-04 -3.6379e-04 -3.6508e-04 -3.6633e-04 -3.6754e-04 -3.6869e-04 
+0000.00000 -3.6789e-04 -3.6725e-04 -3.6651e-04 -3.6568e-04 -3.6476e-04 -3.6378e-04 -3.6273e-04 -3.6164e-04 -3.6050e-04 -3.5934e-04 -3.5816e-04 -3.5697e-04 -3.5578e-04 -3.5460e-04 -3.5344e-04 -3.5229e-04 -3.5118e-04 -3.5011e-04 -3.4907e-04 -3.4809e-04 -3.4717e-04 -3.4630e-04 -3.4550e-04 -3.4477e-04 -3.4411e-04 -3.4353e-04 -3.4303e-04 -3.4261e-04 -3.4227e-04 -3.4202e-04 -3.4186e-04 -3.4179e-04 -3.4181e-04 -3.4192e-04 -3.4212e-04 -3.4241e-04 -3.4278e-04 -3.4325e-04 -3.4380e-04 -3.4443e-04 -3.4514e-04 -3.4593e-04 -3.4680e-04 -3.4773e-04 -3.4873e-04 -3.4979e-04 -3.5091e-04 -3.5208e-04 -3.5329e-04 -3.5455e-04 -3.5583e-04 -3.5714e-04 -3.5847e-04 -3.5981e-04 -3.6114e-04 -3.6247e-04 -3.6379e-04 -3.6508e-04 -3.6633e-04 -3.6754e-04 -3.6869e-04 
-0000.00050 -3.6789e-04 -3.6725e-04 -3.6651e-04 -3.6568e-04 -3.6476e-04 -3.6378e-04 -3.6273e-04 -3.6164e-04 -3.6050e-04 -3.5934e-04 -3.5816e-04 -3.5697e-04 -3.5578e-04 -3.5460e-04 -3.5344e-04 -3.5229e-04 -3.5118e-04 -3.5011e-04 -3.4907e-04 -3.4809e-04 -3.4717e-04 -3.4630e-04 -3.4550e-04 -3.4477e-04 -3.4411e-04 -3.4353e-04 -3.4303e-04 -3.4261e-04 -3.4227e-04 -3.4202e-04 -3.4186e-04 -3.4179e-04 -3.4181e-04 -3.4192e-04 -3.4212e-04 -3.4241e-04 -3.4278e-04 -3.4325e-04 -3.4380e-04 -3.4443e-04 -3.4514e-04 -3.4593e-04 -3.4680e-04 -3.4773e-04 -3.4873e-04 -3.4979e-04 -3.5091e-04 -3.5208e-04 -3.5329e-04 -3.5455e-04 -3.5583e-04 -3.5714e-04 -3.5847e-04 -3.5981e-04 -3.6114e-04 -3.6247e-04 -3.6379e-04 -3.6508e-04 -3.6633e-04 -3.6754e-04 -3.6869e-04 
-0000.00100 -3.6789e-04 -3.6725e-04 -3.6651e-04 -3.6568e-04 -3.6476e-04 -3.6378e-04 -3.6273e-04 -3.6164e-04 -3.6050e-04 -3.5934e-04 -3.5816e-04 -3.5697e-04 -3.5578e-04 -3.5460e-04 -3.5344e-04 -3.5229e-04 -3.5118e-04 -3.5011e-04 -3.4907e-04 -3.4809e-04 -3.4717e-04 -3.4630e-04 -3.4550e-04 -3.4477e-04 -3.4411e-04 -3.4353e-04 -3.4303e-04 -3.4261e-04 -3.4227e-04 -3.4202e-04 -3.4186e-04 -3.4179e-04 -3.4181e-04 -3.4192e-04 -3.4212e-04 -3.4241e-04 -3.4278e-04 -3.4325e-04 -3.4380e-04 -3.4443e-04 -3.4514e-04 -3.4593e-04 -3.4680e-04 -3.4773e-04 -3.4873e-04 -3.4979e-04 -3.5091e-04 -3.5208e-04 -3.5329e-04 -3.5455e-04 -3.5583e-04 -3.5714e-04 -3.5847e-04 -3.5981e-04 -3.6114e-04 -3.6247e-04 -3.6379e-04 -3.6508e-04 -3.6633e-04 -3.6754e-04 -3.6869e-04 
-0000.00150 -3.6789e-04 -3.6725e-04 -3.6651e-04 -3.6568e-04 -3.6476e-04 -3.6378e-04 -3.6273e-04 -3.6164e-04 -3.6050e-04 -3.5934e-04 -3.5816e-04 -3.5697e-04 -3.5578e-04 -3.5460e-04 -3.5344e-04 -3.5229e-04 -3.5118e-04 -3.5011e-04 -3.4907e-04 -3.4809e-04 -3.4717e-04 -3.4630e-04 -3.4550e-04 -3.4477e-04 -3.4411e-04 -3.4353e-04 -3.4303e-04 -3.4261e-04 -3.4227e-04 -3.4202e-04 -3.4186e-04 -3.4179e-04 -3.4181e-04 -3.4192e-04 -3.4212e-04 -3.4241e-04 -3.4278e-04 -3.4325e-04 -3.4380e-04 -3.4443e-04 -3.4514e-04 -3.4593e-04 -3.4680e-04 -3.4773e-04 -3.4873e-04 -3.4979e-04 -3.5091e-04 -3.5208e-04 -3.5329e-04 -3.5455e-04 -3.5583e-04 -3.5714e-04 -3.5847e-04 -3.5981e-04 -3.6114e-04 -3.6247e-04 -3.6379e-04 -3.6508e-04 -3.6633e-04 -3.6754e-04 -3.6869e-04 
-0000.00200 -3.6789e-04 -3.6725e-04 -3.6651e-04 -3.6568e-04 -3.6476e-04 -3.6378e-04 -3.6273e-04 -3.6164e-04 -3.6050e-04 -3.5934e-04 -3.5816e-04 -3.5697e-04 -3.5578e-04 -3.5460e-04 -3.5344e-04 -3.5229e-04 -3.5118e-04 -3.5011e-04 -3.4907e-04 -3.4809e-04 -3.4717e-04 -3.4630e-04 -3.4550e-04 -3.4477e-04 -3.4411e-04 -3.4353e-04 -3.4303e-04 -3.4261e-04 -3.4227e-04 -3.4202e-04 -3.4186e-04 -3.4179e-04 -3.4181e-04 -3.4192e-04 -3.4212e-04 -3.4241e-04 -3.4278e-04 -3.4325e-04 -3.4380e-04 -3.4443e-04 -3.4514e-04 -3.4593e-04 -3.4680e-04 -3.4773e-04 -3.4873e-04 -3.4979e-04 -3.5091e-04 -3.5208e-04 -3.5329e-04 -3.5455e-04 -3.5583e-04 -3.5714e-04 -3.5847e-04 -3.5981e-04 -3.6114e-04 -3.6247e-04 -3.6379e-04 -3.6508e-04 -3.6633e-04 -3.6754e-04 -3.6869e-04 
# Horizontal Final Position [m]
START
            -0000.01000 -0000.00967 -0000.00933 -0000.00900 -0000.00867 -0000.00833 -0000.00800 -0000.00767 -0000.00733 -0000.00700 -0000.00667 -0000.00633 -0000.00600 -0000.00567 -0000.00533 -0000.00500 -0000.00467 -0000.00433 -0000.00400 -0000.00367 -0000.00333 -0000.00300 -0000.00267 -0000.00233 -0000.00200 -0000.00167 -0000.00133 -0000.00100 -0000.00067 -0000.00033 +0000.00000 +0000.00033 +0000.00067 +0000.00100 +0000.00133 +0000.00167 +0000.00200 +0000.00233 +0000.00267 +0000.00300 +0000.00333 +0000.00367 +0000.00400 +0000.00433 +0000.00467 +0000.00500 +0000.00533 +0000.00567 +0000.00600 +0000.00633 +0000.00667 +0000.00700 +0000.00733 +0000.00767 +0000.00800 +0000.00833 +0000.00867 +0000.00900 +0000.00933 +0000.00967 +0000.01000 
+0000.00200 -9.9993e-03 -9.6660e-03 -9.3327e-03 -8.9994e-03 -8.6661e-03 -8.3328e-03 -7.9995e-03 -7.6662e-03 -7.3329e-03 -6.9996e-03 -6.6662e-03 -6.3329e-03 -5.9996e-03 -5.6663e-03 -5.3330e-03 -4.9996e-03 -4.6663e-03 -4.3330e-03 -3.9997e-03 -3.6663e-03 -3.3330e-03 -2.9997e-03 -2.6664e-03 -2.3330e-03 -1.9997e-03 -1.6664e-03 -1.3330e-03 -9.9970e-04 -6.6637e-04 -3.3304e-04 +2.9375e-07 +3.3363e-04 +6.6696e-04 +1.0003e-03 +1.3336e-03 +1.6670e-03 +2.0003e-03 +2.3336e-03 +2.6670e-03 +3.0003e-03 +3.3336e-03 +3.6670e-03 +4.0003e-03 +4.3337e-03 +4.6670e-03 +5.0004e-03 +5.3337e-03 +5.6671e-03 +6.0004e-03 +6.3338e-03 +6.6671e-03 +7.0005e-03 +7.3338e-03 +7.6672e-03 +8.0006e-03 +8.3339e-03 +8.6673e-03 +9.0007e-03 +9.3341e-03 +9.6675e-03 +1.0001e-02 
+0000.00150 -9.9996e-03 -9.6663e-03 -9.3330e-03 -8.9997e-03 -8.6664e-03 -8.3331e-03 -7.9998e-03 -7.6665e-03 -7.3332e-03 -6.9999e-03 -6.6666e-03 -6.3332e-03 -5.9999e-03 -5.6666e-03 -5.3333e-03 -5.0000e-03 -4.6666e-03 -4.3333e-03 -4.0000e-03 -3.6667e-03 -3.3333e-03 -3.0000e-03 -2.6667e-03 -2.3333e-03 -2.0000e-03 -1.6667e-03 -1.3333e-03 -9.9999e-04 -6.6665e-04 -3.3332e-04 +2.1543e-08 +3.3336e-04 +6.6670e-04 +1.0000e-03 +1.3334e-03 +1.6667e-03 +2.0001e-03 +2.3334e-03 +2.6667e-03 +3.0001e-03 +3.3334e-03 +3.6668e-03 +4.0001e-03 +4.3334e-03 +4.6668e-03 +5.0001e-03 +5.3335e-03 +5.6668e-03 +6.0001e-03 +6.3335e-03 +6.6668e-03 +7.0001e-03 +7.3335e-03 +7.6668e-03 +8.0001e-03 +8.3335e-03 +8.6668e-03 +9.0001e-03 +9.3335e-03 +9.6668e-03 +1.0000e-02 
+0000.00100 -9.9996e-03 -9.6663e-03 -9.3330e-03 -8.9997e-03 -8.6664e-03 -8.3331e-03 -7.9998e-03 -7.6665e-03 -7.3332e-03 -6.9999e-03 -6.6666e-03 -6.3332e-03 -5.9999e-03 -5.6666e-03 -5.3333e-03 -5.0000e-03 -4.6666e-03 -4.3333e-03 -4.0000e-03 -3.6667e-03 -3.3333e-03 -3.0000e-03 -2.6667e-03 -2.3333e-03 -2.0000e-03 -1.6667e-03 -1.3333e-03 -9.9999e-04 -6.6665e-04 -3.3332e-04 +2.1114e-08 +3.3336e-04 +6.6670e-04 +1.0000e-03 +1.3334e-03 +1.6667e-03 +2.0001e-03 +2.3334e-03 +2.6667e-03 +3.0001e-03 +3.3334e-03 +3.6668e-03 +4.0001e-03 +4.3334e-03 +4.6668e-03 +5.0001e-03 +5.3335e-03 +5.6668e-03 +6.0001e-03 +6.3335e-03 +6.6668e-03 +7.0001e-03 +7.3335e-03 +7.6668e-03 +8.0001e-03 +8.3335e-03 +8.6668e-03 +9.0001e-03 +9.3335e-03 +9.6668e-03 +1.0000e-02 
+0000.00050 -9.9996e-03 -9.6663e-03 -9.3330e-03 -8.9997e-03 -8.6664e-03 -8.3331e-03 -7.9998e-03 -7.6665e-03 -7.3332e-03 -6.9999e-03 -6.6666e-03 -6.3332e-03 -5.9999e-03 -5.6666e-03 -5.3333e-03 -5.0000e-03 -4.6666e-03 -4.3333e-03 -4.0000e-03 -3.6667e-03 -3.3333e-03 -3.0000e-03 -2.6667e-03 -2.3333e-03 -2.0000e-03 -1.6667e-03 -1.3333e-03 -9.9999e-04 -6.6665e-04 -3.3332e-04 +2.0958e-08 +3.3336e-04 +6.6670e-04 +1.0000e-03 +1.3334e-03 +1.6667e-03 +2.0001e-03 +2.3334e-03 +2.6667e-03 +3.0001e-03 +3.3334e-03 +3.6668e-03 +4.0001e-03 +4.3334e-03 +4.6668e-03 +5.0001e-03 +5.3335e-03 +5.6668e-03 +6.0001e-03 +6.3335e-03 +6.6668e-03 +7.0001e-03 +7.3335e-03 +7.6668e-03 +8.0001e-03 +8.3335e-03 +8.6668e-03 +9.0001e-03 +9.3335e-03 +9.6668e-03 +1.0000e-02 
+0000.00000 -9.9996e-03 -9.6663e-03 -9.3330e-03 -8.9997e-03 -8.6664e-03 -8.3331e-03 -7.9998e-03 -7.6665e-03 -7.3332e-03 -6.9999e-03 -6.6666e-03 -6.3332e-03 -5.9999e-03 -5.6666e-03 -5.3333e-03 -5.0000e-03 -4.6666e-03 -4.3333e-03 -4.0000e-03 -3.6667e-03 -3.3333e-03 -3.0000e-03 -2.6667e-03 -2.3333e-03 -2.0000e-03 -1.6667e-03 -1.3333e-03 -9.9999e-04 -6.6665e-04 -3.3332e-04 +2.0917e-08 +3.3336e-04 +6.6670e-04 +1.0000e-03 +1.3334e-03 +1.6667e-03 +2.0001e-03 +2.3334e-03 +2.6667e-03 +3.0001e-03 +3.3334e-03 +3.6668e-03 +4.0001e-03 +4.3334e-03 +4.6668e-03 +5.0001e-03 +5.3335e-03 +5.6668e-03 +6.0001e-03 +6.3335e-03 +6.6668e-03 +7.0001e-03 +7.3335e-03 +7.6668e-03 +8.0001e-03 +8.3335e-03 +8.6668e-03 +9.0001e-03 +9.3335e-03 +9.6668e-03 +1.0000e-02 
-0000.00050 -9.9996e-03 -9.6663e-03 -9.3330e-03 -8.9997e-03 -8.6664e-03 -8.3331e-03 -7.9998e-03 -7.6665e-03 -7.3332e-03 -6.9999e-03 -6.6666e-03 -6.3332e-03 -5.9999e-03 -5.6666e-03 -5.3333e-03 -5.0000e-03 -4.6666e-03 -4.3333e-03 -4.0000e-03 -3.6667e-03 -3.3333e-03 -3.0000e-03 -2.6667e-03 -2.3333e-03 -2.0000e-03 -1.6667e-03 -1.3333e-03 -9.9999e-04 -6.6665e-04 -3.3332e-04 +2.0958e-08 +3.3336e-04 +6.6670e-04 +1.0000e-03 +1.3334e-03 +1.6667e-03 +2.0001e-03 +2.3334e-03 +2.6667e-03 +3.0001e-03 +3.3334e-03 +3.6668e-03 +4.0001e-03 +4.3334e-03 +4.6668e-03 +5.0001e-03 +5.3335e-03 +5.6668e-03 +6.0001e-03 +6.3335e-03 +6.6668e-03 +7.0001e-03 +7.3335e-03 +7.6668e-03 +8.0001e-03 +8.3335e-03 +8.6668e-03 +9.0001e-03 +9.3335e-03 +9.6668e-03 +1.0000e-02 
-0000.00100 -9.9996e-03 -9.6663e-03 -9.3330e-03 -8.9997e-03 -8.6664e-03 -8.3331e-03 -7.9998e-03 -7.6665e-03 -7.3332e-03 -6.9999e-03 -6.6666e-03 -6.3332e-03 -5.9999e-03 -5.6666e-03 -5.3333e-03 -5.0000e-03 -4.6666e-03 -4.3333e-03 -4.0000e-03 -3.6667e-03 -3.3333e-03 -3.0000e-03 -2.6667e-03 -2.3333e-03 -2.0000e-03 -1.6667e-03 -1.3333e-03 -9.9999e-04 -6.6665e-04 -3.3332e-04 +2.1114e-08 +3.3336e-04 +6.6670e-04 +1.0000e-03 +1.3334e-03 +1.6667e-03 +2.0001e-03 +2.3334e-03 +2.6667e-03 +3.0001e-03 +3.3334e-03 +3.6668e-03 +4.0001e-03 +4.3334e-03 +4.6668e-03 +5.0001e-03 +5.3335e-03 +5.6668e-03 +6.0001e-03 +6.3335e-03 +6.6668e-03 +7.0001e-03 +7.3335e-03 +7.6668e-03 +8.0001e-03 +8.3335e-03 +8.6668e-03 +9.0001e-03 +9.3335e-03 +9.6668e-03 +1.0000e-02 
-0000.00150 -9.9996e-03 -9.6663e-03 -9.3330e-03 -8.9997e-03 -8.6664e-03 -8.3331e-03 -7.9998e-03 -7.6665e-03 -7.3332e-03 -6.9999e-03 -6.6666e-03 -6.3332e-03 -5.9999e-03 -5.6666e-03 -5.3333e-03 -5.0000e-03 -4.6666e-03 -4.3333e-03 -4.0000e-03 -3.6667e-03 -3.3333e-03 -3.0000e-03 -2.6667e-03 -2.3333e-03 -2.0000e-03 -1.6667e-03 -1.3333e-03 -9.9999e-04 -6.6665e-04 -3.3332e-04 +2.1543e-08 +3.3336e-04 +6.6670e-04 +1.0000e-03 +1.3334e-03 +1.6667e-03 +2.0001e-03 +2.3334e-03 +2.6667e-03 +3.0001e-03 +3.3334e-03 +3.6668e-03 +4.0001e-03 +4.3334e-03 +4.6668e-03 +5.0001e-03 +5.3335e-03 +5.6668e-03 +6.0001e-03 +6.3335e-03 +6.6668e-03 +7.0001e-03 +7.3335e-03 +7.6668e-03 +8.0001e-03 +8.3335e-03 +8.6668e-03 +9.0001e-03 +9.3335e-03 +9.6668e-03 +1.0000e-02 
-0000.00200 -9.9993e-03 -9.6660e-03 -9.3327e-03 -8.9994e-03 -8.6661e-03 -8.3328e-03 -7.9995e-03 -7.6662e-03 -7.3329e-03 -6.9996e-03 -6.6662e-03 -6.3329e-03 -5.9996e-03 -5.6663e-03 -5.3330e-03 -4.9996e-03 -4.6663e-03 -4.3330e-03 -3.9997e-03 -3.6663e-03 -3.3330e-03 -2.9997e-03 -2.6664e-03 -2.3330e-03 -1.9997e-03 -1.6664e-03 -1.3330e-03 -9.9970e-04 -6.6637e-04 -3.3304e-04 +2.9375e-07 +3.3363e-04 +6.6696e-04 +1.0003e-03 +1.3336e-03 +1.6670e-03 +2.0003e-03 +2.3336e-03 +2.6670e-03 +3.0003e-03 +3.3336e-03 +3.6670e-03 +4.0003e-03 +4.3337e-03 +4.6670e-03 +5.0004e-03 +5.3337e-03 +5.6671e-03 +6.0004e-03 +6.3338e-03 +6.6671e-03 +7.0005e-03 +7.3338e-03 +7.6672e-03 +8.0006e-03 +8.3339e-03 +8.6673e-03 +9.0007e-03 +9.3341e-03 +9.6675e-03 +1.0001e-02 
# Vertical Final Position [m]
START
            -0000.01000 -0000.00967 -0000.00933 -0000.00900 -0000.00867 -0000.00833 -0000.00800 -0000.00767 -0000.00733 -0000.00700 -0000.00667 -0000.00633 -0000.00600 -0000.00567 -0000.00533 -0000.00500 -0000.00467 -0000.00433 -0000.00400 -0000.00367 -0000.00333 -0000.00300 -0000.00267 -0000.00233 -0000.00200 -0000.00167 -0000.00133 -0000.00100 -0000.00067 -0000.00033 +0000.00000 +0000.00033 +0000.00067 +0000.00100 +0000.00133 +0000.00167 +0000.00200 +0000.00233 +0000.00267 +0000.00300 +0000.00333 +0000.00367 +0000.00400 +0000.00433 +0000.00467 +0000.00500 +0000.00533 +0000.00567 +0000.00600 +0000.00633 +0000.00667 +0000.00700 +0000.00733 +0000.00767 +0000.00800 +0000.00833 +0000.00867 +0000.00900 +0000.00933 +0000.00967 +0000.01000 
+0000.00200 +1.9999e-03 +1.9999e-03 +1.9999e-03 +1.9999e-03 +1.9999e-03 +1.9999e-03 +1.9999e-03 +1.9999e-03 +1.9999e-03 +1.9999e-03 +1.9999e-03 +1.9999e-03 +1.9999e-03 +1.9998e-03 +1.9998e-03 +1.9998e-03 +1.9998e-03 +1.9998e-03 +1.9998e-03 +1.9998e-03 +1.9998e-03 +1.9998e-03 +1.9998e-03 +1.9998e-03 +1.9998e-03 +1.9998e-03 +1.9998e-03 +1.9998e-03 +1.9998e-03 +1.9998e-03 +1.9998e-03 +1.9998e-03 +1.9998e-03 +1.9998e-03 +1.9998e-03 +1.9998e-03 +1.9998e-03 +1.9998e-03 +1.9997e-03 +1.9997e-03 +1.9997e-03 +1.9997e-03 +1.9997e-03 +1.9997e-03 +1.9997e-03 +1.9997e-03 +1.9997e-03 +1.9997e-03 +1.9997e-03 +1.9997e-03 +1.9997e-03 +1.9997e-03 +1.9997e-03 +1.9997e-03 +1.9997e-03 +1.9997e-03 +1.9996e-03 +1.9996e-03 +1.9996e-03 +1.9996e-03 +1.9996e-03 
+0000.00150 +1.5000e-03 +1.5000e-03 +1.5000e-03 +1.5000e-03 +1.5000e-03 +1.4999e-03 +1.4999e-03 +1.4999e-03 +1.4999e-03 +1.4999e-03 +1.4999e-03 +1.4999e-03 +1.4999e-03 +1.4999e-03 +1.4999e-03 +1.4999e-03 +1.4999e-03 +1.4999e-03 +1.4999e-03 +1.4999e-03 +1.4999e-03 +1.4999e-03 +1.4999e-03 +1.4999e-03 +1.4999e-03 +1.4999e-03 +1.4999e-03 +1.4999e-03 +1.4999e-03 +1.4999e-03 +1.4999e-03 +1.4999e-03 +1.4999e-03 +1.4999e-03 +1.4999e-03 +1.4999e-03 +1.4998e-03 +1.4998e-03 +1.4998e-03 +1.4998e-03 +1.4998e-03 +1.4998e-03 +1.4998e-03 +1.4998e-03 +1.4998e-03 +1.4998e-03 +1.4998e-03 +1.4998e-03 +1.4998e-03 +1.4998e-03 +1.4998e-03 +1.4998e-03 +1.4998e-03 +1.4998e-03 +1.4998e-03 +1.4998e-03 +1.4998e-03 +1.4998e-03 +1.4997e-03 +1.4997e-03 +1.4997e-03 
+0000.00100 +9.9999e-04 +9.9999e-04 +9.9998e-04 +9.9998e-04 +9.9998e-04 +9.9998e-04 +9.9997e-04 +9.9997e-04 +9.9997e-04 +9.9997e-04 +9.9996e-04 +9.9996e-04 +9.9996e-04 +9.9995e-04 +9.9995e-04 +9.9995e-04 +9.9995e-04 +9.9994e-04 +9.9994e-04 +9.9994e-04 +9.9994e-04 +9.9993e-04 +9.9993e-04 +9.9993e-04 +9.9993e-04 +9.9992e-04 +9.9992e-04 +9.9992e-04 +9.9992e-04 +9.9991e-04 +9.9991e-04 +9.9991e-04 +9.9991e-04 +9.9990e-04 +9.9990e-04 +9.9990e-04 +9.9990e-04 +9.9990e-04 +9.9989e-04 +9.9989e-04 +9.9989e-04 +9.9989e-04 +9.9988e-04 +9.9988e-04 +9.9988e-04 +9.9988e-04 +9.9987e-04 +9.9987e-04 +9.9987e-04 +9.9987e-04 +9.9986e-04 +9.9986e-04 +9.9986e-04 +9.9985e-04 +9.9985e-04 +9.9985e-04 +9.9984e-04 +9.9984e-04 +9.9984e-04 +9.9983e-04 +9.9983e-04 
+0000.00050 +5.0000e-04 +5.0000e-04 +5.0000e-04 +5.0000e-04 +4.9999e-04 +4.9999e-04 +4.9999e-04 +4.9999e-04 +4.9999e-04 +4.9998e-04 +4.9998e-04 +4.9998e-04 +4.9998e-04 +4.9998e-04 +4.9998e-04 +4.9998e-04 +4.9997e-04 +4.9997e-04 +4.9997e-04 +4.9997e-04 +4.9997e-04 +4.9997e-04 +4.9997e-04 +4.9997e-04 +4.9997e-04 +4.9996e-04 +4.9996e-04 +4.9996e-04 +4.9996e-04 +4.9996e-04 +4.9996e-04 +4.9996e-04 +4.9996e-04 +4.9996e-04 +4.9995e-04 +4.9995e-04 +4.9995e-04 +4.9995e-04 +4.9995e-04 +4.9995e-04 +4.9995e-04 +4.9995e-04 +4.9994e-04 +4.9994e-04 +4.9994e-04 +4.9994e-04 +4.9994e-04 +4.9994e-04 +4.9994e-04 +4.9994e-04 +4.9993e-04 +4.9993e-04 +4.9993e-04 +4.9993e-04 +4.9993e-04 +4.9993e-04 +4.9992e-04 +4.9992e-04 +4.9992e-04 +4.9992e-04 +4.9992e-04 
+0000.00000 -2.6053e-11 -2.5875e-11 -2.5778e-11 -2.5754e-11 -2.5796e-11 -2.5896e-11 -2.6047e-11 -2.6243e-11 -2.6477e-11 -2.6742e-11 -2.7032e-11 -2.7343e-11 -2.7669e-11 -2.8003e-11 -2.8343e-11 -2.8682e-11 -2.9018e-11 -2.9345e-11 -2.9661e-11 -2.9961e-11 -3.0243e-11 -3.0504e-11 -3.0742e-11 -3.0954e-11 -3.1137e-11 -3.1292e-11 -3.1415e-11 -3.1506e-11 -3.1565e-11 -3.1590e-11 -3.1581e-11 -3.1539e-11 -3.1464e-11 -3.1356e-11 -3.1216e-11 -3.1045e-11 -3.0846e-11 -3.0618e-11 -3.0366e-11 -3.0090e-11 -2.9794e-11 -2.9480e-11 -2.9152e-11 -2.8813e-11 -2.8466e-11 -2.8117e-11 -2.7768e-11 -2.7425e-11 -2.7093e-11 -2.6776e-11 -2.6480e-11 -2.6212e-11 -2.5976e-11 -2.5779e-11 -2.5629e-11 -2.5531e-11 -2.5492e-11 -2.5521e-11 -2.5625e-11 -2.5813e-11 -2.6091e-11 
-0000.00050 -5.0000e-04 -5.0000e-04 -5.0000e-04 -5.0000e-04 -4.9999e-04 -4.9999e-04 -4.9999e-04 -4.9999e-04 -4.9999e-04 -4.9998e-04 -4.9998e-04 -4.9998e-04 -4.9998e-04 -4.9998e-04 -4.9998e-04 -4.9998e-04 -4.9997e-04 -4.9997e-04 -4.9997e-04 -4.9997e-04 -4.9997e-04 -4.9997e-04 -4.9997e-04 -4.9997e-04 -4.9997e-04 -4.9996e-04 -4.9996e-04 -4.9996e-04 -4.9996e-04 -4.9996e-04 -4.9996e-04 -4.9996e-04 -4.9996e-04 -4.9996e-04 -4.9995e-04 -4.9995e-04 -4.9995e-04 -4.9995e-04 -4.9995e-04 -4.9995e-04 -4.9995e-04 -4.9995e-04 -4.9994e-04 -4.9994e-04 -4.9994e-04 -4.9994e-04 -4.9994e-04 -4.9994e-04 -4.9994e-04 -4.9994e-04 -4.9993e-04 -4.9993e-04 -4.9993e-04 -4.9993e-04 -4.9993e-04 -4.9993e-04 -4.9992e-04 -4.9992e-04 -4.9992e-04 -4.9992e-04 -4.9992e-04 
-0000.00100 -9.9999e-04 -9.9999e-04 -9.9998e-04 -9.9998e-04 -9.9998e-04 -9.9998e-04 -9.9997e-04 -9.9997e-04 -9.9997e-04 -9.9997e-04 -9.9996e-04 -9.9996e-04 -9.9996e-04 -9.9995e-04 -9.9995e-04 -9.9995e-04 -9.9995e-04 -9.9994e-04 -9.9994e-04 -9.9994e-04 -9.9994e-04 -9.9993e-04 -9.9993e-04 -9.9993e-04 -9.9993e-04 -9.9992e-04 -9.9992e-04 -9.9992e-04 -9.9992e-04 -9.9991e-04 -9.9991e-04 -9.9991e-04 -9.9991e-04 -9.9991e-04 -9.9990e-04 -9.9990e-04 -9.9990e-04 -9.9990e-04 -9.9989e-04 -9.9989e-04 -9.9989e-04 -9.9989e-04 -9.9989e-04 -9.9988e-04 -9.9988e-04 -9.9988e-04 -9.9988e-04 -9.9987e-04 -9.9987e-04 -9.9987e-04 -9.9987e-04 -9.9986e-04 -9.9986e-04 -9.9986e-04 -9.9985e-04 -9.9985e-04 -9.9984e-04 -9.9984e-04 -9.9984e-04 -9.9983e-04 -9.9983e-04 
-0000.00150 -1.5000e-03 -1.5000e-03 -1.5000e-03 -1.5000e-03 -1.5000e-03 -1.4999e-03 -1.4999e-03 -1.4999e-03 -1.4999e-03 -1.4999e-03 -1.4999e-03 -1.4999e-03 -1.4999e-03 -1.4999e-03 -1.4999e-03 -1.4999e-03 -1.4999e-03 -1.4999e-03 -1.4999e-03 -1.4999e-03 -1.4999e-03 -1.4999e-03 -1.4999e-03 -1.4999e-03 -1.4999e-03 -1.4999e-03 -1.4999e-03 -1.4999e-03 -1.4999e-03 -1.4999e-03 -1.4999e-03 -1.4999e-03 -1.4999e-03 -1.4999e-03 -1.4999e-03 -1.4999e-03 -1.4998e-03 -1.4998e-03 -1.4998e-03 -1.4998e-03 -1.4998e-03 -1.4998e-03 -1.4998e-03 -1.4998e-03 -1.4998e-03 -1.4998e-03 -1.4998e-03 -1.4998e-03 -1.4998e-03 -1.4998e-03 -1.4998e-03 -1.4998e-03 -1.4998e-03 -1.4998e-03 -1.4998e-03 -1.4998e-03 -1.4998e-03 -1.4998e-03 -1.4997e-03 -1.4997e-03 -1.4997e-03 
-0000.00200 -1.9999e-03 -1.9999e-03 -1.9999e-03 -1.9999e-03 -1.9999e-03 -1.9999e-03 -1.9999e-03 -1.9999e-03 -1.9999e-03 -1.9999e-03 -1.9999e-03 -1.9999e-03 -1.9999e-03 -1.9998e-03 -1.9998e-03 -1.9998e-03 -1.9998e-03 -1.9998e-03 -1.9998e-03 -1.9998e-03 -1.9998e-03 -1.9998e-03 -1.9998e-03 -1.9998e-03 -1.9998e-03 -1.9998e-03 -1.9998e-03 -1.9998e-03 -1.9998e-03 -1.9998e-03 -1.9998e-03 -1.9998e-03 -1.9998e-03 -1.9998e-03 -1.9998e-03 -1.9998e-03 -1.9998e-03 -1.9998e-03 -1.9997e-03 -1.9997e-03 -1.9997e-03 -1.9997e-03 -1.9997e-03 -1.9997e-03 -1.9997e-03 -1.9997e-03 -1.9997e-03 -1.9997e-03 -1.9997e-03 -1.9997e-03 -1.9997e-03 -1.9997e-03 -1.9997e-03 -1.9997e-03 -1.9997e-03 -1.9997e-03 -1.9996e-03 -1.9996e-03 -1.9996e-03 -1.9996e-03 -1.9996e-03 