# Author: FAC idanalysis.IDKickMap
# Termination_kicks [T2m2]: +0.0000e+00 +0.0000e+00 +0.0000e+00 +0.0000e+00 
# Total Length of Longitudinal Interval [m]
0.13
# Number of Horizontal Points
61
# Number of Vertical Points
9
# Total Horizontal 2nd Order Kick [T2m2]
START
            -0000.01000 -0000.00967 -0000.00933 -0000.00900 -0000.00867 -0000.00833 -0000.00800 -0000.00767 -0000.00733 -0000.00700 -0000.00667 -0000.00633 -0000.00600 -0000.00567 -0000.00533 -0000.00500 -0000.00467 -0000.00433 -0000.00400 -0000.00367 -0000.00333 -0000.00300 -0000.00267 -0000.00233 -0000.00200 -0000.00167 -0000.00133 -0000.00100 -0000.00067 -0000.00033 +0000.00000 +0000.00033 +0000.00067 +0000.00100 +0000.00133 +0000.00167 +0000.00200 +0000.00233 +0000.00267 +0000.00300 +0000.00333 +0000.00367 +0000.00400 +0000.00433 +0000.00467 +0000.00500 +0000.00533 +0000.00567 +0000.00600 +0000.00633 +0000.00667 +0000.00700 +0000.00733 +0000.00767 +0000.00800 +0000.00833 +0000.00867 +0000.00900 +0000.00933 +0000.00967 +0000.01000 
+0000.00200 +1.3309e-04 +1.3224e-04 +1.3129e-04 +1.3025e-04 +1.2913e-04 +1.2796e-04 +1.2673e-04 +1.2546e-04 +1.2416e-04 +1.2285e-04 +1.2153e-04 +1.2022e-04 +1.1892e-04 +1.1763e-04 +1.1638e-04 +1.1517e-04 +1.1400e-04 +1.1289e-04 +1.1183e-04 +1.1084e-04 +1.0991e-04 +1.0907e-04 +1.0830e-04 +1.0762e-04 +1.0702e-04 +1.0651e-04 +1.0610e-04 +1.0578e-04 +1.0556e-04 +1.0543e-04 +1.0541e-04 +1.0548e-04 +1.0565e-04 +1.0592e-04 +1.0629e-04 +1.0675e-04 +1.0730e-04 +1.0794e-04 +1.0867e-04 +1.0949e-04 +1.1038e-04 +1.1134e-04 +1.1238e-04 +1.1348e-04 +1.1463e-04 +1.1584e-04 +1.1709e-04 +1.1838e-04 +1.1970e-04 +1.2104e-04 +1.2239e-04 +1.2374e-04 +1.2508e-04 +1.2640e-04 +1.2770e-04 +1.2896e-04 +1.3016e-04 +1.3130e-04 +1.3236e-04 +1.3333e-04 +1.3419e-04 
+0000.00150 +1.3233e-04 +1.3156e-04 +1.3070e-04 +1.2974e-04 +1.2871e-04 +1.2762e-04 +1.2647e-04 +1.2528e-04 +1.2406e-04 +1.2283e-04 +1.2158e-04 +1.2034e-04 +1.1911e-04 +1.1789e-04 +1.1670e-04 +1.1555e-04 +1.1444e-04 +1.1338e-04 +1.1237e-04 +1.1142e-04 +1.1054e-04 +1.0973e-04 +1.0900e-04 +1.0835e-04 +1.0778e-04 +1.0729e-04 +1.0690e-04 +1.0659e-04 +1.0638e-04 +1.0626e-04 +1.0624e-04 +1.0631e-04 +1.0648e-04 +1.0674e-04 +1.0709e-04 +1.0753e-04 +1.0806e-04 +1.0867e-04 +1.0937e-04 +1.1015e-04 +1.1100e-04 +1.1192e-04 +1.1291e-04 +1.1396e-04 +1.1506e-04 +1.1621e-04 +1.1740e-04 +1.1863e-04 +1.1988e-04 +1.2114e-04 +1.2242e-04 +1.2369e-04 +1.2496e-04 +1.2620e-04 +1.2741e-04 +1.2858e-04 +1.2970e-04 +1.3075e-04 +1.3172e-04 +1.3260e-04 +1.3337e-04 
+0000.00100 +1.3179e-04 +1.3109e-04 +1.3028e-04 +1.2939e-04 +1.2841e-04 +1.2738e-04 +1.2629e-04 +1.2515e-04 +1.2399e-04 +1.2281e-04 +1.2162e-04 +1.2042e-04 +1.1924e-04 +1.1807e-04 +1.1692e-04 +1.1581e-04 +1.1474e-04 +1.1371e-04 +1.1274e-04 +1.1183e-04 +1.1098e-04 +1.1020e-04 +1.0949e-04 +1.0886e-04 +1.0831e-04 +1.0784e-04 +1.0746e-04 +1.0716e-04 +1.0696e-04 +1.0685e-04 +1.0682e-04 +1.0689e-04 +1.0705e-04 +1.0730e-04 +1.0765e-04 +1.0807e-04 +1.0859e-04 +1.0918e-04 +1.0986e-04 +1.1061e-04 +1.1144e-04 +1.1233e-04 +1.1329e-04 +1.1430e-04 +1.1536e-04 +1.1647e-04 +1.1762e-04 +1.1880e-04 +1.2000e-04 +1.2122e-04 +1.2244e-04 +1.2366e-04 +1.2487e-04 +1.2606e-04 +1.2721e-04 +1.2832e-04 +1.2937e-04 +1.3036e-04 +1.3127e-04 +1.3208e-04 +1.3279e-04 
+0000.00050 +1.3146e-04 +1.3080e-04 +1.3003e-04 +1.2917e-04 +1.2823e-04 +1.2723e-04 +1.2617e-04 +1.2507e-04 +1.2394e-04 +1.2279e-04 +1.2163e-04 +1.2047e-04 +1.1931e-04 +1.1817e-04 +1.1705e-04 +1.1597e-04 +1.1492e-04 +1.1392e-04 +1.1297e-04 +1.1207e-04 +1.1124e-04 +1.1048e-04 +1.0978e-04 +1.0916e-04 +1.0863e-04 +1.0817e-04 +1.0779e-04 +1.0751e-04 +1.0731e-04 +1.0720e-04 +1.0718e-04 +1.0724e-04 +1.0740e-04 +1.0765e-04 +1.0798e-04 +1.0840e-04 +1.0891e-04 +1.0949e-04 +1.1015e-04 +1.1089e-04 +1.1170e-04 +1.1257e-04 +1.1351e-04 +1.1450e-04 +1.1554e-04 +1.1663e-04 +1.1775e-04 +1.1890e-04 +1.2007e-04 +1.2126e-04 +1.2245e-04 +1.2364e-04 +1.2481e-04 +1.2597e-04 +1.2708e-04 +1.2816e-04 +1.2917e-04 +1.3012e-04 +1.3099e-04 +1.3177e-04 +1.3244e-04 
+0000.00000 +1.3136e-04 +1.3070e-04 +1.2994e-04 +1.2910e-04 +1.2817e-04 +1.2718e-04 +1.2614e-04 +1.2505e-04 +1.2393e-04 +1.2279e-04 +1.2164e-04 +1.2048e-04 +1.1934e-04 +1.1821e-04 +1.1710e-04 +1.1602e-04 +1.1498e-04 +1.1399e-04 +1.1304e-04 +1.1215e-04 +1.1133e-04 +1.1057e-04 +1.0988e-04 +1.0927e-04 +1.0873e-04 +1.0828e-04 +1.0791e-04 +1.0762e-04 +1.0742e-04 +1.0731e-04 +1.0729e-04 +1.0736e-04 +1.0752e-04 +1.0776e-04 +1.0809e-04 +1.0851e-04 +1.0901e-04 +1.0959e-04 +1.1025e-04 +1.1098e-04 +1.1179e-04 +1.1265e-04 +1.1358e-04 +1.1457e-04 +1.1560e-04 +1.1668e-04 +1.1779e-04 +1.1893e-04 +1.2009e-04 +1.2127e-04 +1.2245e-04 +1.2363e-04 +1.2480e-04 +1.2594e-04 +1.2704e-04 +1.2810e-04 +1.2911e-04 +1.3005e-04 +1.3090e-04 +1.3167e-04 +1.3232e-04 
-0000.00050 +1.3146e-04 +1.3080e-04 +1.3003e-04 +1.2917e-04 +1.2823e-04 +1.2723e-04 +1.2617e-04 +1.2507e-04 +1.2394e-04 +1.2279e-04 +1.2163e-04 +1.2047e-04 +1.1931e-04 +1.1817e-04 +1.1705e-04 +1.1597e-04 +1.1492e-04 +1.1392e-04 +1.1297e-04 +1.1207e-04 +1.1124e-04 +1.1048e-04 +1.0978e-04 +1.0916e-04 +1.0863e-04 +1.0817e-04 +1.0779e-04 +1.0751e-04 +1.0731e-04 +1.0720e-04 +1.0718e-04 +1.0724e-04 +1.0740e-04 +1.0765e-04 +1.0798e-04 +1.0840e-04 +1.0891e-04 +1.0949e-04 +1.1015e-04 +1.1089e-04 +1.1170e-04 +1.1257e-04 +1.1351e-04 +1.1450e-04 +1.1554e-04 +1.1663e-04 +1.1775e-04 +1.1890e-04 +1.2007e-04 +1.2126e-04 +1.2245e-04 +1.2364e-04 +1.2481e-04 +1.2597e-04 +1.2708e-04 +1.2816e-04 +1.2917e-04 +1.3012e-04 +1.3099e-04 +1.3177e-04 +1.3244e-04 
-0000.00100 +1.3179e-04 +1.3109e-04 +1.3028e-04 +1.2939e-04 +1.2841e-04 +1.2738e-04 +1.2629e-04 +1.2515e-04 +1.2399e-04 +1.2281e-04 +1.2162e-04 +1.2042e-04 +1.1924e-04 +1.1807e-04 +1.1692e-04 +1.1581e-04 +1.1474e-04 +1.1371e-04 +1.1274e-04 +1.1183e-04 +1.1098e-04 +1.1020e-04 +1.0949e-04 +1.0886e-04 +1.0831e-04 +1.0784e-04 +1.0746e-04 +1.0716e-04 +1.0696e-04 +1.0685e-04 +1.0682e-04 +1.0689e-04 +1.0705e-04 +1.0730e-04 +1.0765e-04 +1.0807e-04 +1.0859e-04 +1.0918e-04 +1.0986e-04 +1.1061e-04 +1.1144e-04 +1.1233e-04 +1.1329e-04 +1.1430e-04 +1.1536e-04 +1.1647e-04 +1.1762e-04 +1.1880e-04 +1.2000e-04 +1.2122e-04 +1.2244e-04 +1.2366e-04 +1.2487e-04 +1.2606e-04 +1.2721e-04 +1.2832e-04 +1.2937e-04 +1.3036e-04 +1.3127e-04 +1.3208e-04 +1.3279e-04 
-0000.00150 +1.3232e-04 +1.3156e-04 +1.3070e-04 +1.2974e-04 +1.2871e-04 +1.2761e-04 +1.2647e-04 +1.2528e-04 +1.2406e-04 +1.2283e-04 +1.2158e-04 +1.2034e-04 +1.1910e-04 +1.1789e-04 +1.1670e-04 +1.1555e-04 +1.1444e-04 +1.1337e-04 +1.1237e-04 +1.1142e-04 +1.1054e-04 +1.0973e-04 +1.0900e-04 +1.0835e-04 +1.0778e-04 +1.0729e-04 +1.0690e-04 +1.0659e-04 +1.0638e-04 +1.0626e-04 +1.0624e-04 +1.0631e-04 +1.0648e-04 +1.0674e-04 +1.0709e-04 +1.0753e-04 +1.0806e-04 +1.0867e-04 +1.0937e-04 +1.1015e-04 +1.1100e-04 +1.1192e-04 +1.1291e-04 +1.1396e-04 +1.1506e-04 +1.1621e-04 +1.1740e-04 +1.1863e-04 +1.1988e-04 +1.2114e-04 +1.2242e-04 +1.2369e-04 +1.2496e-04 +1.2620e-04 +1.2741e-04 +1.2858e-04 +1.2970e-04 +1.3075e-04 +1.3172e-04 +1.3260e-04 +1.3337e-04 
-0000.00200 +1.3309e-04 +1.3224e-04 +1.3129e-04 +1.3025e-04 +1.2913e-04 +1.2795e-04 +1.2673e-04 +1.2546e-04 +1.2416e-04 +1.2285e-04 +1.2153e-04 +1.2022e-04 +1.1892e-04 +1.1764e-04 +1.1639e-04 +1.1517e-04 +1.1401e-04 +1.1289e-04 +1.1183e-04 +1.1084e-04 +1.0992e-04 +1.0907e-04 +1.0830e-04 +1.0762e-04 +1.0702e-04 +1.0652e-04 +1.0610e-04 +1.0578e-04 +1.0556e-04 +1.0544e-04 +1.0541e-04 +1.0548e-04 +1.0566e-04 +1.0592e-04 +1.0629e-04 +1.0675e-04 +1.0730e-04 +1.0795e-04 +1.0867e-04 +1.0949e-04 +1.1038e-04 +1.1134e-04 +1.1238e-04 +1.1348e-04 +1.1463e-04 +1.1584e-04 +1.1709e-04 +1.1838e-04 +1.1970e-04 +1.2104e-04 +1.2238e-04 +1.2374e-04 +1.2508e-04 +1.2640e-04 +1.2770e-04 +1.2895e-04 +1.3016e-04 +1.3130e-04 +1.3236e-04 +1.3333e-04 +1.3420e-04 
# Total Vertical 2nd Order Kick [T2m2]
START
            -0000.01000 -0000.00967 -0000.00933 -0000.00900 -0000.00867 -0000.00833 -0000.00800 -0000.00767 -0000.00733 -0000.00700 -0000.00667 -0000.00633 -0000.00600 -0000.00567 -0000.00533 -0000.00500 -0000.00467 -0000.00433 -0000.00400 -0000.00367 -0000.00333 -0000.00300 -0000.00267 -0000.00233 -0000.00200 -0000.00167 -0000.00133 -0000.00100 -0000.00067 -0000.00033 +0000.00000 +0000.00033 +0000.00067 +0000.00100 +0000.00133 +0000.00167 +0000.00200 +0000.00233 +0000.00267 +0000.00300 +0000.00333 +0000.00367 +0000.00400 +0000.00433 +0000.00467 +0000.00500 +0000.00533 +0000.00567 +0000.00600 +0000.00633 +0000.00667 +0000.00700 +0000.00733 +0000.00767 +0000.00800 +0000.00833 +0000.00867 +0000.00900 +0000.00933 +0000.00967 +0000.01000 
+0000.00200 +2.9683e-06 +3.5917e-06 +4.1382e-06 +4.6104e-06 +5.0109e-06 +5.3421e-06 +5.6066e-06 +5.8069e-06 +5.9457e-06 +6.0254e-06 +6.0486e-06 +6.0180e-06 +5.9361e-06 +5.8055e-06 +5.6289e-06 +5.4088e-06 +5.1479e-06 +4.8489e-06 +4.5143e-06 +4.1469e-06 +3.7493e-06 +3.3242e-06 +2.8743e-06 +2.4022e-06 +1.9107e-06 +1.4025e-06 +8.8040e-07 +3.4700e-07 -1.9489e-07 -7.4253e-07 -1.2932e-06 -1.8440e-06 -2.3923e-06 -2.9352e-06 -3.4700e-06 -3.9938e-06 -4.5038e-06 -4.9972e-06 -5.4712e-06 -5.9228e-06 -6.3494e-06 -6.7479e-06 -7.1155e-06 -7.4494e-06 -7.7466e-06 -8.0043e-06 -8.2194e-06 -8.3892e-06 -8.5107e-06 -8.5809e-06 -8.5970e-06 -8.5558e-06 -8.4546e-06 -8.2902e-06 -8.0597e-06 -7.7602e-06 -7.3885e-06 -6.9418e-06 -6.4170e-06 -5.8110e-06 -5.1208e-06 
+0000.00150 +2.1819e-06 +2.6473e-06 +3.0559e-06 +3.4094e-06 +3.7097e-06 +3.9586e-06 +4.1581e-06 +4.3100e-06 +4.4162e-06 +4.4786e-06 +4.4991e-06 +4.4796e-06 +4.4221e-06 +4.3284e-06 +4.2006e-06 +4.0404e-06 +3.8500e-06 +3.6312e-06 +3.3860e-06 +3.1164e-06 +2.8243e-06 +2.5118e-06 +2.1808e-06 +1.8333e-06 +1.4714e-06 +1.0970e-06 +7.1223e-07 +3.1906e-07 -8.0473e-08 -4.8431e-07 -8.9040e-07 -1.2967e-06 -1.7011e-06 -2.1016e-06 -2.4960e-06 -2.8824e-06 -3.2585e-06 -3.6223e-06 -3.9717e-06 -4.3045e-06 -4.6186e-06 -4.9120e-06 -5.1824e-06 -5.4276e-06 -5.6457e-06 -5.8343e-06 -5.9913e-06 -6.1146e-06 -6.2019e-06 -6.2510e-06 -6.2599e-06 -6.2261e-06 -6.1476e-06 -6.0221e-06 -5.8474e-06 -5.6212e-06 -5.3413e-06 -5.0054e-06 -4.6114e-06 -4.1568e-06 -3.6395e-06 
+0000.00100 +1.4339e-06 +1.7433e-06 +2.0150e-06 +2.2503e-06 +2.4504e-06 +2.6166e-06 +2.7501e-06 +2.8521e-06 +2.9239e-06 +2.9668e-06 +2.9819e-06 +2.9705e-06 +2.9340e-06 +2.8735e-06 +2.7904e-06 +2.6860e-06 +2.5615e-06 +2.4182e-06 +2.2574e-06 +2.0805e-06 +1.8887e-06 +1.6833e-06 +1.4657e-06 +1.2371e-06 +9.9904e-07 +7.5267e-07 +4.9939e-07 +2.4053e-07 -2.2544e-08 -2.8849e-07 -5.5595e-07 -8.2355e-07 -1.0899e-06 -1.3537e-06 -1.6135e-06 -1.8680e-06 -2.1157e-06 -2.3552e-06 -2.5852e-06 -2.8043e-06 -3.0110e-06 -3.2039e-06 -3.3816e-06 -3.5427e-06 -3.6857e-06 -3.8093e-06 -3.9119e-06 -3.9922e-06 -4.0486e-06 -4.0797e-06 -4.0841e-06 -4.0603e-06 -4.0068e-06 -3.9222e-06 -3.8049e-06 -3.6534e-06 -3.4664e-06 -3.2422e-06 -2.9794e-06 -2.6765e-06 -2.3320e-06 
+0000.00050 +7.1369e-07 +8.6816e-07 +1.0039e-06 +1.1215e-06 +1.2216e-06 +1.3048e-06 +1.3717e-06 +1.4230e-06 +1.4592e-06 +1.4810e-06 +1.4890e-06 +1.4838e-06 +1.4660e-06 +1.4364e-06 +1.3955e-06 +1.3439e-06 +1.2824e-06 +1.2115e-06 +1.1319e-06 +1.0443e-06 +9.4920e-07 +8.4739e-07 +7.3948e-07 +6.2614e-07 +5.0802e-07 +3.8578e-07 +2.6010e-07 +1.3165e-07 +1.0859e-09 -1.3091e-07 -2.6365e-07 -3.9648e-07 -5.2869e-07 -6.5962e-07 -7.8857e-07 -9.1485e-07 -1.0378e-06 -1.1566e-06 -1.2707e-06 -1.3794e-06 -1.4819e-06 -1.5776e-06 -1.6657e-06 -1.7455e-06 -1.8163e-06 -1.8774e-06 -1.9281e-06 -1.9676e-06 -1.9953e-06 -2.0104e-06 -2.0122e-06 -1.9999e-06 -1.9728e-06 -1.9302e-06 -1.8714e-06 -1.7955e-06 -1.7019e-06 -1.5898e-06 -1.4585e-06 -1.3072e-06 -1.1352e-06 
+0000.00000 +7.9838e-09 +8.2260e-09 +8.4324e-09 +8.6058e-09 +8.7490e-09 +8.8648e-09 +8.9555e-09 +9.0238e-09 +9.0719e-09 +9.1021e-09 +9.1166e-09 +9.1174e-09 +9.1065e-09 +9.0857e-09 +9.0568e-09 +9.0214e-09 +8.9812e-09 +8.9374e-09 +8.8916e-09 +8.8449e-09 +8.7984e-09 +8.7533e-09 +8.7105e-09 +8.6708e-09 +8.6349e-09 +8.6036e-09 +8.5773e-09 +8.5564e-09 +8.5415e-09 +8.5325e-09 +8.5298e-09 +8.5333e-09 +8.5430e-09 +8.5587e-09 +8.5802e-09 +8.6070e-09 +8.6387e-09 +8.6748e-09 +8.7146e-09 +8.7572e-09 +8.8019e-09 +8.8477e-09 +8.8934e-09 +8.9380e-09 +8.9800e-09 +9.0183e-09 +9.0512e-09 +9.0772e-09 +9.0947e-09 +9.1018e-09 +9.0967e-09 +9.0773e-09 +9.0417e-09 +8.9876e-09 +8.9127e-09 +8.8147e-09 +8.6910e-09 +8.5391e-09 +8.3563e-09 +8.1398e-09 +7.8867e-09 
-0000.00050 -6.9766e-07 -8.5164e-07 -9.8697e-07 -1.1042e-06 -1.2041e-06 -1.2870e-06 -1.3538e-06 -1.4049e-06 -1.4410e-06 -1.4627e-06 -1.4707e-06 -1.4655e-06 -1.4478e-06 -1.4182e-06 -1.3773e-06 -1.3259e-06 -1.2644e-06 -1.1936e-06 -1.1141e-06 -1.0266e-06 -9.3160e-07 -8.2988e-07 -7.2206e-07 -6.0880e-07 -4.9076e-07 -3.6859e-07 -2.4296e-07 -1.1455e-07 +1.5980e-08 +1.4795e-07 +2.8070e-07 +4.1352e-07 +5.4576e-07 +6.7672e-07 +8.0571e-07 +9.3204e-07 +1.0550e-06 +1.1740e-06 +1.2882e-06 +1.3969e-06 +1.4995e-06 +1.5953e-06 +1.6834e-06 +1.7633e-06 +1.8342e-06 +1.8954e-06 +1.9462e-06 +1.9858e-06 +2.0135e-06 +2.0286e-06 +2.0304e-06 +2.0181e-06 +1.9909e-06 +1.9482e-06 +1.8892e-06 +1.8132e-06 +1.7194e-06 +1.6070e-06 +1.4753e-06 +1.3236e-06 +1.1510e-06 
-0000.00100 -1.4177e-06 -1.7265e-06 -1.9978e-06 -2.2328e-06 -2.4327e-06 -2.5986e-06 -2.7320e-06 -2.8338e-06 -2.9056e-06 -2.9483e-06 -2.9634e-06 -2.9521e-06 -2.9156e-06 -2.8552e-06 -2.7722e-06 -2.6678e-06 -2.5434e-06 -2.4002e-06 -2.2396e-06 -2.0627e-06 -1.8710e-06 -1.6658e-06 -1.4483e-06 -1.2198e-06 -9.8180e-07 -7.3551e-07 -4.8229e-07 -2.2348e-07 +3.9560e-08 +3.0548e-07 +5.7293e-07 +8.4054e-07 +1.1069e-06 +1.3708e-06 +1.6306e-06 +1.8851e-06 +2.1329e-06 +2.3725e-06 +2.6026e-06 +2.8217e-06 +3.0285e-06 +3.2216e-06 +3.3994e-06 +3.5606e-06 +3.7037e-06 +3.8274e-06 +3.9301e-06 +4.0104e-06 +4.0669e-06 +4.0981e-06 +4.1025e-06 +4.0786e-06 +4.0251e-06 +3.9404e-06 +3.8229e-06 +3.6713e-06 +3.4840e-06 +3.2596e-06 +2.9964e-06 +2.6931e-06 +2.3481e-06 
-0000.00150 -2.1653e-06 -2.6303e-06 -3.0384e-06 -3.3916e-06 -3.6916e-06 -3.9404e-06 -4.1397e-06 -4.2915e-06 -4.3976e-06 -4.4600e-06 -4.4805e-06 -4.4611e-06 -4.4036e-06 -4.3100e-06 -4.1823e-06 -4.0222e-06 -3.8319e-06 -3.6132e-06 -3.3682e-06 -3.0987e-06 -2.8067e-06 -2.4943e-06 -2.1634e-06 -1.8161e-06 -1.4542e-06 -1.0800e-06 -6.9523e-07 -3.0211e-07 +9.7379e-08 +5.0119e-07 +9.0728e-07 +1.3136e-06 +1.7180e-06 +2.1185e-06 +2.5130e-06 +2.8994e-06 +3.2756e-06 +3.6395e-06 +3.9890e-06 +4.3219e-06 +4.6362e-06 +4.9297e-06 +5.2002e-06 +5.4456e-06 +5.6638e-06 +5.8525e-06 +6.0096e-06 +6.1330e-06 +6.2204e-06 +6.2696e-06 +6.2784e-06 +6.2447e-06 +6.1661e-06 +6.0406e-06 +5.8657e-06 +5.6394e-06 +5.3592e-06 +5.0231e-06 +4.6287e-06 +4.1737e-06 +3.6559e-06 
-0000.00200 -2.9512e-06 -3.5741e-06 -4.1202e-06 -4.5922e-06 -4.9924e-06 -5.3234e-06 -5.5878e-06 -5.7880e-06 -5.9267e-06 -6.0065e-06 -6.0298e-06 -5.9992e-06 -5.9174e-06 -5.7869e-06 -5.6104e-06 -5.3905e-06 -5.1298e-06 -4.8309e-06 -4.4965e-06 -4.1292e-06 -3.7317e-06 -3.3068e-06 -2.8570e-06 -2.3850e-06 -1.8937e-06 -1.3856e-06 -8.6353e-07 -3.3020e-07 +2.1165e-07 +7.5927e-07 +1.3099e-06 +1.8607e-06 +2.4090e-06 +2.9520e-06 +3.4868e-06 +4.0107e-06 +4.5208e-06 +5.0143e-06 +5.4884e-06 +5.9402e-06 +6.3669e-06 +6.7656e-06 +7.1334e-06 +7.4674e-06 +7.7648e-06 +8.0226e-06 +8.2379e-06 +8.4078e-06 +8.5294e-06 +8.5997e-06 +8.6158e-06 +8.5747e-06 +8.4734e-06 +8.3090e-06 +8.0784e-06 +7.7788e-06 +7.4069e-06 +6.9599e-06 +6.4348e-06 +5.8283e-06 +5.1376e-06 
# Horizontal Final Position [m]
START
            -0000.01000 -0000.00967 -0000.00933 -0000.00900 -0000.00867 -0000.00833 -0000.00800 -0000.00767 -0000.00733 -0000.00700 -0000.00667 -0000.00633 -0000.00600 -0000.00567 -0000.00533 -0000.00500 -0000.00467 -0000.00433 -0000.00400 -0000.00367 -0000.00333 -0000.00300 -0000.00267 -0000.00233 -0000.00200 -0000.00167 -0000.00133 -0000.00100 -0000.00067 -0000.00033 +0000.00000 +0000.00033 +0000.00067 +0000.00100 +0000.00133 +0000.00167 +0000.00200 +0000.00233 +0000.00267 +0000.00300 +0000.00333 +0000.00367 +0000.00400 +0000.00433 +0000.00467 +0000.00500 +0000.00533 +0000.00567 +0000.00600 +0000.00633 +0000.00667 +0000.00700 +0000.00733 +0000.00767 +0000.00800 +0000.00833 +0000.00867 +0000.00900 +0000.00933 +0000.00967 +0000.01000 
+0000.00200 -1.0004e-02 -9.6705e-03 -9.3372e-03 -9.0039e-03 -8.6705e-03 -8.3372e-03 -8.0039e-03 -7.6706e-03 -7.3373e-03 -7.0039e-03 -6.6706e-03 -6.3373e-03 -6.0040e-03 -5.6707e-03 -5.3374e-03 -5.0041e-03 -4.6708e-03 -4.3374e-03 -4.0041e-03 -3.6708e-03 -3.3375e-03 -3.0042e-03 -2.6709e-03 -2.3376e-03 -2.0042e-03 -1.6709e-03 -1.3376e-03 -1.0043e-03 -6.7093e-04 -3.3760e-04 -4.2688e-06 +3.2907e-04 +6.6240e-04 +9.9574e-04 +1.3291e-03 +1.6624e-03 +1.9958e-03 +2.3291e-03 +2.6625e-03 +2.9958e-03 +3.3292e-03 +3.6625e-03 +3.9959e-03 +4.3292e-03 +4.6626e-03 +4.9959e-03 +5.3293e-03 +5.6627e-03 +5.9960e-03 +6.3294e-03 +6.6627e-03 +6.9961e-03 +7.3294e-03 +7.6628e-03 +7.9961e-03 +8.3295e-03 +8.6628e-03 +8.9962e-03 +9.3295e-03 +9.6628e-03 +9.9962e-03 
+0000.00150 -1.0004e-02 -9.6705e-03 -9.3372e-03 -9.0039e-03 -8.6705e-03 -8.3372e-03 -8.0039e-03 -7.6706e-03 -7.3373e-03 -7.0039e-03 -6.6706e-03 -6.3373e-03 -6.0040e-03 -5.6707e-03 -5.3374e-03 -5.0041e-03 -4.6707e-03 -4.3374e-03 -4.0041e-03 -3.6708e-03 -3.3375e-03 -3.0042e-03 -2.6709e-03 -2.3375e-03 -2.0042e-03 -1.6709e-03 -1.3376e-03 -1.0042e-03 -6.7091e-04 -3.3758e-04 -4.2516e-06 +3.2908e-04 +6.6242e-04 +9.9576e-04 +1.3291e-03 +1.6624e-03 +1.9958e-03 +2.3291e-03 +2.6625e-03 +2.9958e-03 +3.3292e-03 +3.6625e-03 +3.9959e-03 +4.3292e-03 +4.6626e-03 +4.9960e-03 +5.3293e-03 +5.6627e-03 +5.9960e-03 +6.3294e-03 +6.6627e-03 +6.9961e-03 +7.3294e-03 +7.6628e-03 +7.9961e-03 +8.3295e-03 +8.6628e-03 +8.9962e-03 +9.3295e-03 +9.6628e-03 +9.9962e-03 
+0000.00100 -1.0004e-02 -9.6705e-03 -9.3372e-03 -9.0039e-03 -8.6705e-03 -8.3372e-03 -8.0039e-03 -7.6706e-03 -7.3373e-03 -7.0039e-03 -6.6706e-03 -6.3373e-03 -6.0040e-03 -5.6707e-03 -5.3374e-03 -5.0041e-03 -4.6707e-03 -4.3374e-03 -4.0041e-03 -3.6708e-03 -3.3375e-03 -3.0042e-03 -2.6709e-03 -2.3375e-03 -2.0042e-03 -1.6709e-03 -1.3376e-03 -1.0042e-03 -6.7091e-04 -3.3758e-04 -4.2492e-06 +3.2909e-04 +6.6242e-04 +9.9576e-04 +1.3291e-03 +1.6624e-03 +1.9958e-03 +2.3291e-03 +2.6625e-03 +2.9958e-03 +3.3292e-03 +3.6625e-03 +3.9959e-03 +4.3292e-03 +4.6626e-03 +4.9960e-03 +5.3293e-03 +5.6627e-03 +5.9960e-03 +6.3294e-03 +6.6627e-03 +6.9961e-03 +7.3294e-03 +7.6628e-03 +7.9961e-03 +8.3295e-03 +8.6628e-03 +8.9962e-03 +9.3295e-03 +9.6628e-03 +9.9962e-03 
+0000.00050 -1.0004e-02 -9.6705e-03 -9.3372e-03 -9.0039e-03 -8.6705e-03 -8.3372e-03 -8.0039e-03 -7.6706e-03 -7.3373e-03 -7.0039e-03 -6.6706e-03 -6.3373e-03 -6.0040e-03 -5.6707e-03 -5.3374e-03 -5.0041e-03 -4.6707e-03 -4.3374e-03 -4.0041e-03 -3.6708e-03 -3.3375e-03 -3.0042e-03 -2.6709e-03 -2.3375e-03 -2.0042e-03 -1.6709e-03 -1.3376e-03 -1.0042e-03 -6.7091e-04 -3.3758e-04 -4.2486e-06 +3.2909e-04 +6.6242e-04 +9.9576e-04 +1.3291e-03 +1.6624e-03 +1.9958e-03 +2.3291e-03 +2.6625e-03 +2.9958e-03 +3.3292e-03 +3.6625e-03 +3.9959e-03 +4.3292e-03 +4.6626e-03 +4.9960e-03 +5.3293e-03 +5.6627e-03 +5.9960e-03 +6.3294e-03 +6.6627e-03 +6.9961e-03 +7.3294e-03 +7.6628e-03 +7.9961e-03 +8.3295e-03 +8.6628e-03 +8.9962e-03 +9.3295e-03 +9.6628e-03 +9.9962e-03 
+0000.00000 -1.0004e-02 -9.6705e-03 -9.3372e-03 -9.0039e-03 -8.6705e-03 -8.3372e-03 -8.0039e-03 -7.6706e-03 -7.3373e-03 -7.0039e-03 -6.6706e-03 -6.3373e-03 -6.0040e-03 -5.6707e-03 -5.3374e-03 -5.0041e-03 -4.6707e-03 -4.3374e-03 -4.0041e-03 -3.6708e-03 -3.3375e-03 -3.0042e-03 -2.6709e-03 -2.3375e-03 -2.0042e-03 -1.6709e-03 -1.3376e-03 -1.0042e-03 -6.7091e-04 -3.3758e-04 -4.2484e-06 +3.2909e-04 +6.6242e-04 +9.9576e-04 +1.3291e-03 +1.6624e-03 +1.9958e-03 +2.3291e-03 +2.6625e-03 +2.9958e-03 +3.3292e-03 +3.6625e-03 +3.9959e-03 +4.3292e-03 +4.6626e-03 +4.9960e-03 +5.3293e-03 +5.6627e-03 +5.9960e-03 +6.3294e-03 +6.6627e-03 +6.9961e-03 +7.3294e-03 +7.6628e-03 +7.9961e-03 +8.3295e-03 +8.6628e-03 +8.9962e-03 +9.3295e-03 +9.6628e-03 +9.9962e-03 
-0000.00050 -1.0004e-02 -9.6705e-03 -9.3372e-03 -9.0039e-03 -8.6705e-03 -8.3372e-03 -8.0039e-03 -7.6706e-03 -7.3373e-03 -7.0039e-03 -6.6706e-03 -6.3373e-03 -6.0040e-03 -5.6707e-03 -5.3374e-03 -5.0041e-03 -4.6707e-03 -4.3374e-03 -4.0041e-03 -3.6708e-03 -3.3375e-03 -3.0042e-03 -2.6709e-03 -2.3375e-03 -2.0042e-03 -1.6709e-03 -1.3376e-03 -1.0042e-03 -6.7091e-04 -3.3758e-04 -4.2486e-06 +3.2909e-04 +6.6242e-04 +9.9576e-04 +1.3291e-03 +1.6624e-03 +1.9958e-03 +2.3291e-03 +2.6625e-03 +2.9958e-03 +3.3292e-03 +3.6625e-03 +3.9959e-03 +4.3292e-03 +4.6626e-03 +4.9960e-03 +5.3293e-03 +5.6627e-03 +5.9960e-03 +6.3294e-03 +6.6627e-03 +6.9961e-03 +7.3294e-03 +7.6628e-03 +7.9961e-03 +8.3295e-03 +8.6628e-03 +8.9962e-03 +9.3295e-03 +9.6628e-03 +9.9962e-03 
-0000.00100 -1.0004e-02 -9.6705e-03 -9.3372e-03 -9.0039e-03 -8.6705e-03 -8.3372e-03 -8.0039e-03 -7.6706e-03 -7.3373e-03 -7.0039e-03 -6.6706e-03 -6.3373e-03 -6.0040e-03 -5.6707e-03 -5.3374e-03 -5.0041e-03 -4.6707e-03 -4.3374e-03 -4.0041e-03 -3.6708e-03 -3.3375e-03 -3.0042e-03 -2.6709e-03 -2.3375e-03 -2.0042e-03 -1.6709e-03 -1.3376e-03 -1.0042e-03 -6.7091e-04 -3.3758e-04 -4.2492e-06 +3.2909e-04 +6.6242e-04 +9.9576e-04 +1.3291e-03 +1.6624e-03 +1.9958e-03 +2.3291e-03 +2.6625e-03 +2.9958e-03 +3.3292e-03 +3.6625e-03 +3.9959e-03 +4.3292e-03 +4.6626e-03 +4.9960e-03 +5.3293e-03 +5.6627e-03 +5.9960e-03 +6.3294e-03 +6.6627e-03 +6.9961e-03 +7.3294e-03 +7.6628e-03 +7.9961e-03 +8.3295e-03 +8.6628e-03 +8.9962e-03 +9.3295e-03 +9.6628e-03 +9.9962e-03 
-0000.00150 -1.0004e-02 -9.6705e-03 -9.3372e-03 -9.0039e-03 -8.6705e-03 -8.3372e-03 -8.0039e-03 -7.6706e-03 -7.3373e-03 -7.0039e-03 -6.6706e-03 -6.3373e-03 -6.0040e-03 -5.6707e-03 -5.3374e-03 -5.0041e-03 -4.6707e-03 -4.3374e-03 -4.0041e-03 -3.6708e-03 -3.3375e-03 -3.0042e-03 -2.6709e-03 -2.3375e-03 -2.0042e-03 -1.6709e-03 -1.3376e-03 -1.0042e-03 -6.7091e-04 -3.3758e-04 -4.2516e-06 +3.2908e-04 +6.6242e-04 +9.9576e-04 +1.3291e-03 +1.6624e-03 +1.9958e-03 +2.3291e-03 +2.6625e-03 +2.9958e-03 +3.3292e-03 +3.6625e-03 +3.9959e-03 +4.3292e-03 +4.6626e-03 +4.9960e-03 +5.3293e-03 +5.6627e-03 +5.9960e-03 +6.3294e-03 +6.6627e-03 +6.9961e-03 +7.3294e-03 +7.6628e-03 +7.9961e-03 +8.3295e-03 +8.6628e-03 +8.9962e-03 +9.3295e-03 +9.6628e-03 +9.9962e-03 
-0000.00200 -1.0004e-02 -9.6705e-03 -9.3372e-03 -9.0039e-03 -8.6705e-03 -8.3372e-03 -8.0039e-03 -7.6706e-03 -7.3373e-03 -7.0039e-03 -6.6706e-03 -6.3373e-03 -6.0040e-03 -5.6707e-03 -5.3374e-03 -5.0041e-03 -4.6708e-03 -4.3374e-03 -4.0041e-03 -3.6708e-03 -3.3375e-03 -3.0042e-03 -2.6709e-03 -2.3376e-03 -2.0042e-03 -1.6709e-03 -1.3376e-03 -1.0043e-03 -6.7093e-04 -3.3760e-04 -4.2688e-06 +3.2907e-04 +6.6240e-04 +9.9574e-04 +1.3291e-03 +1.6624e-03 +1.9958e-03 +2.3291e-03 +2.6625e-03 +2.9958e-03 +3.3292e-03 +3.6625e-03 +3.9959e-03 +4.3292e-03 +4.6626e-03 +4.9959e-03 +5.3293e-03 +5.6627e-03 +5.9960e-03 +6.3294e-03 +6.6627e-03 +6.9961e-03 +7.3294e-03 +7.6628e-03 +7.9961e-03 +8.3295e-03 +8.6628e-03 +8.9962e-03 +9.3295e-03 +9.6628e-03 +9.9962e-03 
# Vertical Final Position [m]
START
            -0000.01000 -0000.00967 -0000.00933 -0000.00900 -0000.00867 -0000.00833 -0000.00800 -0000.00767 -0000.00733 -0000.00700 -0000.00667 -0000.00633 -0000.00600 -0000.00567 -0000.00533 -0000.00500 -0000.00467 -0000.00433 -0000.00400 -0000.00367 -0000.00333 -0000.00300 -0000.00267 -0000.00233 -0000.00200 -0000.00167 -0000.00133 -0000.00100 -0000.00067 -0000.00033 +0000.00000 +0000.00033 +0000.00067 +0000.00100 +0000.00133 +0000.00167 +0000.00200 +0000.00233 +0000.00267 +0000.00300 +0000.00333 +0000.00367 +0000.00400 +0000.00433 +0000.00467 +0000.00500 +0000.00533 +0000.00567 +0000.00600 +0000.00633 +0000.00667 +0000.00700 +0000.00733 +0000.00767 +0000.00800 +0000.00833 +0000.00867 +0000.00900 +0000.00933 +0000.00967 +0000.01000 
+0000.00200 +2.0001e-03 +2.0001e-03 +2.0002e-03 +2.0002e-03 +2.0002e-03 +2.0002e-03 +2.0002e-03 +2.0002e-03 +2.0002e-03 +2.0002e-03 +2.0002e-03 +2.0002e-03 +2.0002e-03 +2.0001e-03 +2.0001e-03 +2.0001e-03 +2.0001e-03 +2.0001e-03 +2.0001e-03 +2.0001e-03 +2.0001e-03 +2.0001e-03 +2.0001e-03 +2.0001e-03 +2.0001e-03 +2.0001e-03 +2.0000e-03 +2.0000e-03 +2.0000e-03 +2.0000e-03 +2.0000e-03 +2.0000e-03 +2.0000e-03 +2.0000e-03 +2.0000e-03 +1.9999e-03 +1.9999e-03 +1.9999e-03 +1.9999e-03 +1.9999e-03 +1.9999e-03 +1.9999e-03 +1.9999e-03 +1.9999e-03 +1.9999e-03 +1.9999e-03 +1.9999e-03 +1.9999e-03 +1.9998e-03 +1.9998e-03 +1.9998e-03 +1.9998e-03 +1.9998e-03 +1.9998e-03 +1.9998e-03 +1.9998e-03 +1.9998e-03 +1.9998e-03 +1.9998e-03 +1.9999e-03 +1.9999e-03 
+0000.00150 +1.5001e-03 +1.5001e-03 +1.5001e-03 +1.5001e-03 +1.5001e-03 +1.5001e-03 +1.5001e-03 +1.5001e-03 +1.5001e-03 +1.5001e-03 +1.5001e-03 +1.5001e-03 +1.5001e-03 +1.5001e-03 +1.5001e-03 +1.5001e-03 +1.5001e-03 +1.5001e-03 +1.5001e-03 +1.5001e-03 +1.5001e-03 +1.5001e-03 +1.5001e-03 +1.5000e-03 +1.5000e-03 +1.5000e-03 +1.5000e-03 +1.5000e-03 +1.5000e-03 +1.5000e-03 +1.5000e-03 +1.5000e-03 +1.5000e-03 +1.5000e-03 +1.5000e-03 +1.5000e-03 +1.5000e-03 +1.5000e-03 +1.4999e-03 +1.4999e-03 +1.4999e-03 +1.4999e-03 +1.4999e-03 +1.4999e-03 +1.4999e-03 +1.4999e-03 +1.4999e-03 +1.4999e-03 +1.4999e-03 +1.4999e-03 +1.4999e-03 +1.4999e-03 +1.4999e-03 +1.4999e-03 +1.4999e-03 +1.4999e-03 +1.4999e-03 +1.4999e-03 +1.4999e-03 +1.4999e-03 +1.4999e-03 
+0000.00100 +1.0001e-03 +1.0001e-03 +1.0001e-03 +1.0001e-03 +1.0001e-03 +1.0001e-03 +1.0001e-03 +1.0001e-03 +1.0001e-03 +1.0001e-03 +1.0001e-03 +1.0001e-03 +1.0001e-03 +1.0001e-03 +1.0001e-03 +1.0001e-03 +1.0001e-03 +1.0001e-03 +1.0001e-03 +1.0001e-03 +1.0000e-03 +1.0000e-03 +1.0000e-03 +1.0000e-03 +1.0000e-03 +1.0000e-03 +1.0000e-03 +1.0000e-03 +1.0000e-03 +1.0000e-03 +1.0000e-03 +9.9999e-04 +9.9999e-04 +9.9998e-04 +9.9998e-04 +9.9997e-04 +9.9997e-04 +9.9996e-04 +9.9996e-04 +9.9996e-04 +9.9995e-04 +9.9995e-04 +9.9994e-04 +9.9994e-04 +9.9994e-04 +9.9994e-04 +9.9993e-04 +9.9993e-04 +9.9993e-04 +9.9993e-04 +9.9993e-04 +9.9993e-04 +9.9992e-04 +9.9992e-04 +9.9992e-04 +9.9992e-04 +9.9992e-04 +9.9992e-04 +9.9992e-04 +9.9992e-04 +9.9993e-04 
+0000.00050 +5.0004e-04 +5.0004e-04 +5.0004e-04 +5.0004e-04 +5.0004e-04 +5.0004e-04 +5.0004e-04 +5.0004e-04 +5.0004e-04 +5.0004e-04 +5.0004e-04 +5.0004e-04 +5.0004e-04 +5.0004e-04 +5.0003e-04 +5.0003e-04 +5.0003e-04 +5.0003e-04 +5.0003e-04 +5.0003e-04 +5.0002e-04 +5.0002e-04 +5.0002e-04 +5.0002e-04 +5.0001e-04 +5.0001e-04 +5.0001e-04 +5.0001e-04 +5.0001e-04 +5.0000e-04 +5.0000e-04 +5.0000e-04 +5.0000e-04 +4.9999e-04 +4.9999e-04 +4.9999e-04 +4.9999e-04 +4.9998e-04 +4.9998e-04 +4.9998e-04 +4.9998e-04 +4.9997e-04 +4.9997e-04 +4.9997e-04 +4.9997e-04 +4.9997e-04 +4.9997e-04 +4.9996e-04 +4.9996e-04 +4.9996e-04 +4.9996e-04 +4.9996e-04 +4.9996e-04 +4.9996e-04 +4.9996e-04 +4.9996e-04 +4.9996e-04 +4.9996e-04 +4.9996e-04 +4.9996e-04 +4.9996e-04 
+0000.00000 -1.2757e-11 -1.3179e-11 -1.3604e-11 -1.4030e-11 -1.4456e-11 -1.4879e-11 -1.5298e-11 -1.5712e-11 -1.6119e-11 -1.6517e-11 -1.6906e-11 -1.7284e-11 -1.7650e-11 -1.8003e-11 -1.8341e-11 -1.8665e-11 -1.8971e-11 -1.9261e-11 -1.9533e-11 -1.9786e-11 -2.0019e-11 -2.0232e-11 -2.0425e-11 -2.0596e-11 -2.0746e-11 -2.0874e-11 -2.0979e-11 -2.1061e-11 -2.1120e-11 -2.1157e-11 -2.1170e-11 -2.1160e-11 -2.1127e-11 -2.1071e-11 -2.0992e-11 -2.0890e-11 -2.0766e-11 -2.0619e-11 -2.0451e-11 -2.0262e-11 -2.0052e-11 -1.9822e-11 -1.9573e-11 -1.9305e-11 -1.9019e-11 -1.8716e-11 -1.8396e-11 -1.8062e-11 -1.7713e-11 -1.7351e-11 -1.6977e-11 -1.6592e-11 -1.6198e-11 -1.5795e-11 -1.5386e-11 -1.4971e-11 -1.4552e-11 -1.4132e-11 -1.3710e-11 -1.3290e-11 -1.2873e-11 
-0000.00050 -5.0004e-04 -5.0004e-04 -5.0004e-04 -5.0004e-04 -5.0004e-04 -5.0004e-04 -5.0004e-04 -5.0004e-04 -5.0004e-04 -5.0004e-04 -5.0004e-04 -5.0004e-04 -5.0004e-04 -5.0004e-04 -5.0003e-04 -5.0003e-04 -5.0003e-04 -5.0003e-04 -5.0003e-04 -5.0003e-04 -5.0002e-04 -5.0002e-04 -5.0002e-04 -5.0002e-04 -5.0001e-04 -5.0001e-04 -5.0001e-04 -5.0001e-04 -5.0001e-04 -5.0000e-04 -5.0000e-04 -5.0000e-04 -5.0000e-04 -4.9999e-04 -4.9999e-04 -4.9999e-04 -4.9999e-04 -4.9998e-04 -4.9998e-04 -4.9998e-04 -4.9998e-04 -4.9997e-04 -4.9997e-04 -4.9997e-04 -4.9997e-04 -4.9997e-04 -4.9997e-04 -4.9996e-04 -4.9996e-04 -4.9996e-04 -4.9996e-04 -4.9996e-04 -4.9996e-04 -4.9996e-04 -4.9996e-04 -4.9996e-04 -4.9996e-04 -4.9996e-04 -4.9996e-04 -4.9996e-04 -4.9996e-04 
-0000.00100 -1.0001e-03 -1.0001e-03 -1.0001e-03 -1.0001e-03 -1.0001e-03 -1.0001e-03 -1.0001e-03 -1.0001e-03 -1.0001e-03 -1.0001e-03 -1.0001e-03 -1.0001e-03 -1.0001e-03 -1.0001e-03 -1.0001e-03 -1.0001e-03 -1.0001e-03 -1.0001e-03 -1.0001e-03 -1.0001e-03 -1.0000e-03 -1.0000e-03 -1.0000e-03 -1.0000e-03 -1.0000e-03 -1.0000e-03 -1.0000e-03 -1.0000e-03 -1.0000e-03 -1.0000e-03 -1.0000e-03 -9.9999e-04 -9.9999e-04 -9.9998e-04 -9.9998e-04 -9.9997e-04 -9.9997e-04 -9.9996e-04 -9.9996e-04 -9.9996e-04 -9.9995e-04 -9.9995e-04 -9.9994e-04 -9.9994e-04 -9.9994e-04 -9.9994e-04 -9.9993e-04 -9.9993e-04 -9.9993e-04 -9.9993e-04 -9.9993e-04 -9.9993e-04 -9.9992e-04 -9.9992e-04 -9.9992e-04 -9.9992e-04 -9.9992e-04 -9.9992e-04 -9.9992e-04 -9.9992e-04 -9.9993e-04 
-0000.00150 -1.5001e-03 -1.5001e-03 -1.5001e-03 -1.5001e-03 -1.5001e-03 -1.5001e-03 -1.5001e-03 -1.5001e-03 -1.5001e-03 -1.5001e-03 -1.5001e-03 -1.5001e-03 -1.5001e-03 -1.5001e-03 -1.5001e-03 -1.5001e-03 -1.5001e-03 -1.5001e-03 -1.5001e-03 -1.5001e-03 -1.5001e-03 -1.5001e-03 -1.5001e-03 -1.5000e-03 -1.5000e-03 -1.5000e-03 -1.5000e-03 -1.5000e-03 -1.5000e-03 -1.5000e-03 -1.5000e-03 -1.5000e-03 -1.5000e-03 -1.5000e-03 -1.5000e-03 -1.5000e-03 -1.5000e-03 -1.5000e-03 -1.4999e-03 -1.4999e-03 -1.4999e-03 -1.4999e-03 -1.4999e-03 -1.4999e-03 -1.4999e-03 -1.4999e-03 -1.4999e-03 -1.4999e-03 -1.4999e-03 -1.4999e-03 -1.4999e-03 -1.4999e-03 -1.4999e-03 -1.4999e-03 -1.4999e-03 -1.4999e-03 -1.4999e-03 -1.4999e-03 -1.4999e-03 -1.4999e-03 -1.4999e-03 
-0000.00200 -2.0001e-03 -2.0001e-03 -2.0002e-03 -2.0002e-03 -2.0002e-03 -2.0002e-03 -2.0002e-03 -2.0002e-03 -2.0002e-03 -2.0002e-03 -2.0002e-03 -2.0002e-03 -2.0002e-03 -2.0001e-03 -2.0001e-03 -2.0001e-03 -2.0001e-03 -2.0001e-03 -2.0001e-03 -2.0001e-03 -2.0001e-03 -2.0001e-03 -2.0001e-03 -2.0001e-03 -2.0001e-03 -2.0001e-03 -2.0000e-03 -2.0000e-03 -2.0000e-03 -2.0000e-03 -2.0000e-03 -2.0000e-03 -2.0000e-03 -2.0000e-03 -2.0000e-03 -1.9999e-03 -1.9999e-03 -1.9999e-03 -1.9999e-03 -1.9999e-03 -1.9999e-03 -1.9999e-03 -1.9999e-03 -1.9999e-03 -1.9999e-03 -1.9999e-03 -1.9999e-03 -1.9999e-03 -1.9998e-03 -1.9998e-03 -1.9998e-03 -1.9998e-03 -1.9998e-03 -1.9998e-03 -1.9998e-03 -1.9998e-03 -1.9998e-03 -1.9998e-03 -1.9998e-03 -1.9999e-03 -1.9999e-03 