# Author: FAC idanalysis.IDKickMap
# Termination_kicks [T2m2]: +0.0000e+00 +0.0000e+00 +0.0000e+00 +0.0000e+00 
# Total Length of Longitudinal Interval [m]
0.13
# Number of Horizontal Points
61
# Number of Vertical Points
9
# Total Horizontal 2nd Order Kick [T2m2]
START
            -0000.01000 -0000.00967 -0000.00933 -0000.00900 -0000.00867 -0000.00833 -0000.00800 -0000.00767 -0000.00733 -0000.00700 -0000.00667 -0000.00633 -0000.00600 -0000.00567 -0000.00533 -0000.00500 -0000.00467 -0000.00433 -0000.00400 -0000.00367 -0000.00333 -0000.00300 -0000.00267 -0000.00233 -0000.00200 -0000.00167 -0000.00133 -0000.00100 -0000.00067 -0000.00033 +0000.00000 +0000.00033 +0000.00067 +0000.00100 +0000.00133 +0000.00167 +0000.00200 +0000.00233 +0000.00267 +0000.00300 +0000.00333 +0000.00367 +0000.00400 +0000.00433 +0000.00467 +0000.00500 +0000.00533 +0000.00567 +0000.00600 +0000.00633 +0000.00667 +0000.00700 +0000.00733 +0000.00767 +0000.00800 +0000.00833 +0000.00867 +0000.00900 +0000.00933 +0000.00967 +0000.01000 
+0000.00200 -8.2244e-04 -8.1195e-04 -8.0192e-04 -7.9233e-04 -7.8318e-04 -7.7446e-04 -7.6615e-04 -7.5825e-04 -7.5075e-04 -7.4364e-04 -7.3692e-04 -7.3057e-04 -7.2458e-04 -7.1896e-04 -7.1369e-04 -7.0877e-04 -7.0420e-04 -6.9996e-04 -6.9605e-04 -6.9247e-04 -6.8921e-04 -6.8628e-04 -6.8365e-04 -6.8135e-04 -6.7935e-04 -6.7766e-04 -6.7627e-04 -6.7519e-04 -6.7441e-04 -6.7393e-04 -6.7376e-04 -6.7388e-04 -6.7431e-04 -6.7504e-04 -6.7607e-04 -6.7741e-04 -6.7905e-04 -6.8100e-04 -6.8326e-04 -6.8584e-04 -6.8873e-04 -6.9194e-04 -6.9548e-04 -6.9935e-04 -7.0354e-04 -7.0808e-04 -7.1296e-04 -7.1819e-04 -7.2378e-04 -7.2973e-04 -7.3605e-04 -7.4275e-04 -7.4983e-04 -7.5730e-04 -7.6518e-04 -7.7346e-04 -7.8217e-04 -7.9130e-04 -8.0087e-04 -8.1089e-04 -8.2138e-04 
+0000.00150 -8.2136e-04 -8.1128e-04 -8.0161e-04 -7.9232e-04 -7.8343e-04 -7.7492e-04 -7.6678e-04 -7.5902e-04 -7.5162e-04 -7.4458e-04 -7.3790e-04 -7.3158e-04 -7.2560e-04 -7.1997e-04 -7.1467e-04 -7.0972e-04 -7.0510e-04 -7.0081e-04 -6.9684e-04 -6.9321e-04 -6.8989e-04 -6.8690e-04 -6.8422e-04 -6.8186e-04 -6.7982e-04 -6.7809e-04 -6.7668e-04 -6.7557e-04 -6.7478e-04 -6.7429e-04 -6.7412e-04 -6.7426e-04 -6.7470e-04 -6.7546e-04 -6.7653e-04 -6.7791e-04 -6.7960e-04 -6.8161e-04 -6.8393e-04 -6.8657e-04 -6.8952e-04 -6.9280e-04 -6.9640e-04 -7.0032e-04 -7.0458e-04 -7.0916e-04 -7.1408e-04 -7.1933e-04 -7.2492e-04 -7.3086e-04 -7.3715e-04 -7.4379e-04 -7.5078e-04 -7.5814e-04 -7.6586e-04 -7.7395e-04 -7.8242e-04 -7.9127e-04 -8.0051e-04 -8.1014e-04 -8.2017e-04 
+0000.00100 -8.2255e-04 -8.1278e-04 -8.0335e-04 -7.9427e-04 -7.8555e-04 -7.7716e-04 -7.6912e-04 -7.6143e-04 -7.5407e-04 -7.4705e-04 -7.4037e-04 -7.3402e-04 -7.2801e-04 -7.2233e-04 -7.1699e-04 -7.1197e-04 -7.0728e-04 -7.0292e-04 -6.9888e-04 -6.9517e-04 -6.9179e-04 -6.8873e-04 -6.8599e-04 -6.8358e-04 -6.8148e-04 -6.7971e-04 -6.7826e-04 -6.7713e-04 -6.7632e-04 -6.7583e-04 -6.7566e-04 -6.7581e-04 -6.7628e-04 -6.7707e-04 -6.7818e-04 -6.7960e-04 -6.8135e-04 -6.8342e-04 -6.8581e-04 -6.8852e-04 -6.9155e-04 -6.9490e-04 -6.9858e-04 -7.0258e-04 -7.0690e-04 -7.1155e-04 -7.1652e-04 -7.2182e-04 -7.2745e-04 -7.3341e-04 -7.3970e-04 -7.4632e-04 -7.5327e-04 -7.6056e-04 -7.6818e-04 -7.7615e-04 -7.8445e-04 -7.9309e-04 -8.0207e-04 -8.1140e-04 -8.2107e-04 
+0000.00050 -8.2322e-04 -8.1364e-04 -8.0437e-04 -7.9543e-04 -7.8681e-04 -7.7851e-04 -7.7053e-04 -7.6288e-04 -7.5555e-04 -7.4854e-04 -7.4186e-04 -7.3550e-04 -7.2947e-04 -7.2376e-04 -7.1837e-04 -7.1332e-04 -7.0859e-04 -7.0418e-04 -7.0010e-04 -6.9634e-04 -6.9292e-04 -6.8981e-04 -6.8704e-04 -6.8459e-04 -6.8246e-04 -6.8067e-04 -6.7919e-04 -6.7805e-04 -6.7723e-04 -6.7674e-04 -6.7657e-04 -6.7673e-04 -6.7721e-04 -6.7802e-04 -6.7915e-04 -6.8061e-04 -6.8240e-04 -6.8450e-04 -6.8694e-04 -6.8969e-04 -6.9277e-04 -6.9617e-04 -6.9990e-04 -7.0394e-04 -7.0831e-04 -7.1300e-04 -7.1801e-04 -7.2334e-04 -7.2899e-04 -7.3496e-04 -7.4125e-04 -7.4786e-04 -7.5478e-04 -7.6203e-04 -7.6958e-04 -7.7746e-04 -7.8565e-04 -7.9415e-04 -8.0296e-04 -8.1209e-04 -8.2153e-04 
+0000.00000 -8.2342e-04 -8.1390e-04 -8.0469e-04 -7.9580e-04 -7.8721e-04 -7.7894e-04 -7.7099e-04 -7.6335e-04 -7.5603e-04 -7.4903e-04 -7.4234e-04 -7.3598e-04 -7.2994e-04 -7.2423e-04 -7.1883e-04 -7.1376e-04 -7.0902e-04 -7.0459e-04 -7.0050e-04 -6.9673e-04 -6.9329e-04 -6.9017e-04 -6.8738e-04 -6.8492e-04 -6.8279e-04 -6.8098e-04 -6.7950e-04 -6.7835e-04 -6.7753e-04 -6.7704e-04 -6.7687e-04 -6.7703e-04 -6.7752e-04 -6.7834e-04 -6.7948e-04 -6.8095e-04 -6.8275e-04 -6.8487e-04 -6.8732e-04 -6.9009e-04 -6.9318e-04 -6.9660e-04 -7.0034e-04 -7.0441e-04 -7.0879e-04 -7.1350e-04 -7.1852e-04 -7.2386e-04 -7.2952e-04 -7.3549e-04 -7.4178e-04 -7.4838e-04 -7.5530e-04 -7.6252e-04 -7.7006e-04 -7.7790e-04 -7.8605e-04 -7.9450e-04 -8.0326e-04 -8.1232e-04 -8.2168e-04 
-0000.00050 -8.2318e-04 -8.1359e-04 -8.0433e-04 -7.9539e-04 -7.8677e-04 -7.7847e-04 -7.7049e-04 -7.6284e-04 -7.5551e-04 -7.4851e-04 -7.4183e-04 -7.3547e-04 -7.2944e-04 -7.2373e-04 -7.1835e-04 -7.1330e-04 -7.0857e-04 -7.0416e-04 -7.0008e-04 -6.9633e-04 -6.9290e-04 -6.8980e-04 -6.8703e-04 -6.8458e-04 -6.8246e-04 -6.8066e-04 -6.7919e-04 -6.7805e-04 -6.7723e-04 -6.7674e-04 -6.7657e-04 -6.7673e-04 -6.7721e-04 -6.7802e-04 -6.7916e-04 -6.8062e-04 -6.8240e-04 -6.8451e-04 -6.8695e-04 -6.8970e-04 -6.9278e-04 -6.9619e-04 -6.9991e-04 -7.0396e-04 -7.0833e-04 -7.1302e-04 -7.1803e-04 -7.2336e-04 -7.2902e-04 -7.3499e-04 -7.4128e-04 -7.4789e-04 -7.5481e-04 -7.6205e-04 -7.6961e-04 -7.7749e-04 -7.8568e-04 -7.9418e-04 -8.0300e-04 -8.1213e-04 -8.2157e-04 
-0000.00100 -8.2246e-04 -8.1269e-04 -8.0327e-04 -7.9420e-04 -7.8547e-04 -7.7709e-04 -7.6906e-04 -7.6136e-04 -7.5401e-04 -7.4700e-04 -7.4032e-04 -7.3398e-04 -7.2797e-04 -7.2229e-04 -7.1695e-04 -7.1193e-04 -7.0725e-04 -7.0289e-04 -6.9886e-04 -6.9515e-04 -6.9177e-04 -6.8871e-04 -6.8598e-04 -6.8356e-04 -6.8147e-04 -6.7971e-04 -6.7826e-04 -6.7713e-04 -6.7632e-04 -6.7583e-04 -6.7567e-04 -6.7582e-04 -6.7629e-04 -6.7708e-04 -6.7819e-04 -6.7962e-04 -6.8137e-04 -6.8343e-04 -6.8582e-04 -6.8854e-04 -6.9157e-04 -6.9492e-04 -6.9860e-04 -7.0260e-04 -7.0693e-04 -7.1158e-04 -7.1655e-04 -7.2186e-04 -7.2749e-04 -7.3345e-04 -7.3974e-04 -7.4636e-04 -7.5332e-04 -7.6061e-04 -7.6824e-04 -7.7620e-04 -7.8451e-04 -7.9315e-04 -8.0214e-04 -8.1148e-04 -8.2116e-04 
-0000.00150 -8.2120e-04 -8.1114e-04 -8.0147e-04 -7.9220e-04 -7.8331e-04 -7.7481e-04 -7.6668e-04 -7.5892e-04 -7.5153e-04 -7.4450e-04 -7.3783e-04 -7.3151e-04 -7.2554e-04 -7.1991e-04 -7.1462e-04 -7.0967e-04 -7.0506e-04 -7.0077e-04 -6.9681e-04 -6.9318e-04 -6.8987e-04 -6.8688e-04 -6.8421e-04 -6.8186e-04 -6.7982e-04 -6.7809e-04 -6.7668e-04 -6.7557e-04 -6.7478e-04 -6.7430e-04 -6.7413e-04 -6.7427e-04 -6.7472e-04 -6.7548e-04 -6.7655e-04 -6.7793e-04 -6.7962e-04 -6.8163e-04 -6.8395e-04 -6.8659e-04 -6.8955e-04 -6.9283e-04 -6.9643e-04 -7.0036e-04 -7.0461e-04 -7.0920e-04 -7.1412e-04 -7.1937e-04 -7.2497e-04 -7.3092e-04 -7.3721e-04 -7.4385e-04 -7.5085e-04 -7.5821e-04 -7.6594e-04 -7.7404e-04 -7.8252e-04 -7.9138e-04 -8.0063e-04 -8.1027e-04 -8.2031e-04 
-0000.00200 -8.2220e-04 -8.1173e-04 -8.0171e-04 -7.9214e-04 -7.8301e-04 -7.7430e-04 -7.6600e-04 -7.5812e-04 -7.5063e-04 -7.4353e-04 -7.3682e-04 -7.3048e-04 -7.2451e-04 -7.1889e-04 -7.1363e-04 -7.0872e-04 -7.0415e-04 -6.9992e-04 -6.9602e-04 -6.9245e-04 -6.8919e-04 -6.8626e-04 -6.8365e-04 -6.8134e-04 -6.7935e-04 -6.7766e-04 -6.7628e-04 -6.7520e-04 -6.7442e-04 -6.7395e-04 -6.7377e-04 -6.7390e-04 -6.7433e-04 -6.7506e-04 -6.7609e-04 -6.7743e-04 -6.7907e-04 -6.8103e-04 -6.8329e-04 -6.8587e-04 -6.8876e-04 -6.9198e-04 -6.9551e-04 -6.9938e-04 -7.0359e-04 -7.0813e-04 -7.1301e-04 -7.1825e-04 -7.2384e-04 -7.2980e-04 -7.3613e-04 -7.4283e-04 -7.4992e-04 -7.5741e-04 -7.6529e-04 -7.7359e-04 -7.8231e-04 -7.9146e-04 -8.0105e-04 -8.1109e-04 -8.2159e-04 
# Total Vertical 2nd Order Kick [T2m2]
START
            -0000.01000 -0000.00967 -0000.00933 -0000.00900 -0000.00867 -0000.00833 -0000.00800 -0000.00767 -0000.00733 -0000.00700 -0000.00667 -0000.00633 -0000.00600 -0000.00567 -0000.00533 -0000.00500 -0000.00467 -0000.00433 -0000.00400 -0000.00367 -0000.00333 -0000.00300 -0000.00267 -0000.00233 -0000.00200 -0000.00167 -0000.00133 -0000.00100 -0000.00067 -0000.00033 +0000.00000 +0000.00033 +0000.00067 +0000.00100 +0000.00133 +0000.00167 +0000.00200 +0000.00233 +0000.00267 +0000.00300 +0000.00333 +0000.00367 +0000.00400 +0000.00433 +0000.00467 +0000.00500 +0000.00533 +0000.00567 +0000.00600 +0000.00633 +0000.00667 +0000.00700 +0000.00733 +0000.00767 +0000.00800 +0000.00833 +0000.00867 +0000.00900 +0000.00933 +0000.00967 +0000.01000 
+0000.00200 -2.0981e-04 -2.0821e-04 -2.0658e-04 -2.0492e-04 -2.0323e-04 -2.0151e-04 -1.9977e-04 -1.9800e-04 -1.9620e-04 -1.9439e-04 -1.9254e-04 -1.9068e-04 -1.8880e-04 -1.8690e-04 -1.8498e-04 -1.8304e-04 -1.8109e-04 -1.7912e-04 -1.7714e-04 -1.7515e-04 -1.7315e-04 -1.7113e-04 -1.6911e-04 -1.6708e-04 -1.6504e-04 -1.6300e-04 -1.6095e-04 -1.5889e-04 -1.5684e-04 -1.5478e-04 -1.5272e-04 -1.5067e-04 -1.4861e-04 -1.4656e-04 -1.4451e-04 -1.4246e-04 -1.4042e-04 -1.3839e-04 -1.3636e-04 -1.3435e-04 -1.3234e-04 -1.3034e-04 -1.2836e-04 -1.2639e-04 -1.2443e-04 -1.2249e-04 -1.2056e-04 -1.1865e-04 -1.1676e-04 -1.1488e-04 -1.1303e-04 -1.1119e-04 -1.0938e-04 -1.0759e-04 -1.0583e-04 -1.0409e-04 -1.0237e-04 -1.0068e-04 -9.9021e-05 -9.7388e-05 -9.5784e-05 
+0000.00150 -1.4318e-04 -1.4202e-04 -1.4083e-04 -1.3962e-04 -1.3839e-04 -1.3713e-04 -1.3586e-04 -1.3457e-04 -1.3326e-04 -1.3192e-04 -1.3057e-04 -1.2921e-04 -1.2782e-04 -1.2642e-04 -1.2501e-04 -1.2358e-04 -1.2213e-04 -1.2067e-04 -1.1920e-04 -1.1772e-04 -1.1622e-04 -1.1472e-04 -1.1320e-04 -1.1168e-04 -1.1015e-04 -1.0861e-04 -1.0706e-04 -1.0552e-04 -1.0396e-04 -1.0240e-04 -1.0084e-04 -9.9283e-05 -9.7721e-05 -9.6161e-05 -9.4601e-05 -9.3044e-05 -9.1492e-05 -8.9943e-05 -8.8401e-05 -8.6866e-05 -8.5339e-05 -8.3821e-05 -8.2314e-05 -8.0818e-05 -7.9336e-05 -7.7867e-05 -7.6414e-05 -7.4977e-05 -7.3559e-05 -7.2159e-05 -7.0780e-05 -6.9423e-05 -6.8089e-05 -6.6780e-05 -6.5497e-05 -6.4241e-05 -6.3013e-05 -6.1816e-05 -6.0651e-05 -5.9519e-05 -5.8421e-05 
+0000.00100 -8.9198e-05 -8.8461e-05 -8.7708e-05 -8.6937e-05 -8.6150e-05 -8.5347e-05 -8.4528e-05 -8.3693e-05 -8.2843e-05 -8.1979e-05 -8.1100e-05 -8.0208e-05 -7.9302e-05 -7.8383e-05 -7.7452e-05 -7.6509e-05 -7.5554e-05 -7.4589e-05 -7.3613e-05 -7.2628e-05 -7.1634e-05 -7.0631e-05 -6.9621e-05 -6.8603e-05 -6.7579e-05 -6.6549e-05 -6.5514e-05 -6.4474e-05 -6.3431e-05 -6.2385e-05 -6.1337e-05 -6.0287e-05 -5.9237e-05 -5.8187e-05 -5.7138e-05 -5.6090e-05 -5.5046e-05 -5.4006e-05 -5.2970e-05 -5.1939e-05 -5.0915e-05 -4.9898e-05 -4.8890e-05 -4.7891e-05 -4.6902e-05 -4.5924e-05 -4.4960e-05 -4.4008e-05 -4.3071e-05 -4.2150e-05 -4.1245e-05 -4.0358e-05 -3.9490e-05 -3.8642e-05 -3.7816e-05 -3.7012e-05 -3.6232e-05 -3.5476e-05 -3.4747e-05 -3.4045e-05 -3.3372e-05 
+0000.00050 -4.2746e-05 -4.2404e-05 -4.2052e-05 -4.1690e-05 -4.1317e-05 -4.0934e-05 -4.0541e-05 -4.0139e-05 -3.9728e-05 -3.9308e-05 -3.8879e-05 -3.8442e-05 -3.7997e-05 -3.7544e-05 -3.7084e-05 -3.6617e-05 -3.6143e-05 -3.5662e-05 -3.5176e-05 -3.4684e-05 -3.4187e-05 -3.3685e-05 -3.3178e-05 -3.2667e-05 -3.2152e-05 -3.1634e-05 -3.1114e-05 -3.0590e-05 -3.0065e-05 -2.9538e-05 -2.9009e-05 -2.8480e-05 -2.7951e-05 -2.7422e-05 -2.6893e-05 -2.6366e-05 -2.5840e-05 -2.5316e-05 -2.4795e-05 -2.4277e-05 -2.3762e-05 -2.3252e-05 -2.2747e-05 -2.2246e-05 -2.1752e-05 -2.1263e-05 -2.0782e-05 -2.0308e-05 -1.9842e-05 -1.9385e-05 -1.8937e-05 -1.8499e-05 -1.8071e-05 -1.7654e-05 -1.7249e-05 -1.6856e-05 -1.6476e-05 -1.6110e-05 -1.5758e-05 -1.5421e-05 -1.5099e-05 
+0000.00000 +1.3080e-07 +1.0999e-07 +9.1396e-08 +7.4874e-08 +6.0270e-08 +4.7442e-08 +3.6252e-08 +2.6568e-08 +1.8263e-08 +1.1214e-08 +5.3052e-09 +4.2495e-10 -3.5327e-09 -6.6688e-09 -9.0787e-09 -1.0853e-08 -1.2076e-08 -1.2829e-08 -1.3184e-08 -1.3213e-08 -1.2978e-08 -1.2539e-08 -1.1949e-08 -1.1255e-08 -1.0502e-08 -9.7260e-09 -8.9600e-09 -8.2309e-09 -7.5607e-09 -6.9659e-09 -6.4578e-09 -6.0424e-09 -5.7205e-09 -5.4875e-09 -5.3337e-09 -5.2440e-09 -5.1982e-09 -5.1706e-09 -5.1304e-09 -5.0415e-09 -4.8626e-09 -4.5469e-09 -4.0425e-09 -3.2923e-09 -2.2338e-09 -7.9930e-10 +1.0842e-09 +3.4949e-09 +6.5164e-09 +1.0237e-08 +1.4752e-08 +2.0160e-08 +2.6565e-08 +3.4077e-08 +4.2812e-08 +5.2890e-08 +6.4436e-08 +7.7582e-08 +9.2464e-08 +1.0922e-07 +1.2800e-07 
-0000.00050 +4.3008e-05 +4.2624e-05 +4.2233e-05 +4.1837e-05 +4.1434e-05 +4.1025e-05 +4.0609e-05 +4.0188e-05 +3.9760e-05 +3.9326e-05 +3.8885e-05 +3.8438e-05 +3.7986e-05 +3.7527e-05 +3.7062e-05 +3.6592e-05 +3.6116e-05 +3.5634e-05 +3.5148e-05 +3.4656e-05 +3.4160e-05 +3.3659e-05 +3.3154e-05 +3.2645e-05 +3.2132e-05 +3.1616e-05 +3.1097e-05 +3.0575e-05 +3.0051e-05 +2.9525e-05 +2.8998e-05 +2.8470e-05 +2.7941e-05 +2.7412e-05 +2.6884e-05 +2.6356e-05 +2.5830e-05 +2.5306e-05 +2.4785e-05 +2.4267e-05 +2.3752e-05 +2.3242e-05 +2.2737e-05 +2.2238e-05 +2.1745e-05 +2.1259e-05 +2.0781e-05 +2.0312e-05 +1.9852e-05 +1.9401e-05 +1.8962e-05 +1.8535e-05 +1.8120e-05 +1.7718e-05 +1.7330e-05 +1.6958e-05 +1.6602e-05 +1.6262e-05 +1.5941e-05 +1.5638e-05 +1.5355e-05 
-0000.00100 +8.9461e-05 +8.8678e-05 +8.7883e-05 +8.7076e-05 +8.6257e-05 +8.5426e-05 +8.4583e-05 +8.3728e-05 +8.2861e-05 +8.1983e-05 +8.1092e-05 +8.0191e-05 +7.9278e-05 +7.8354e-05 +7.7420e-05 +7.6475e-05 +7.5520e-05 +7.4555e-05 +7.3580e-05 +7.2597e-05 +7.1605e-05 +7.0605e-05 +6.9597e-05 +6.8582e-05 +6.7561e-05 +6.6534e-05 +6.5501e-05 +6.4464e-05 +6.3423e-05 +6.2378e-05 +6.1331e-05 +6.0282e-05 +5.9232e-05 +5.8182e-05 +5.7133e-05 +5.6085e-05 +5.5040e-05 +5.3998e-05 +5.2961e-05 +5.1929e-05 +5.0903e-05 +4.9885e-05 +4.8876e-05 +4.7877e-05 +4.6889e-05 +4.5912e-05 +4.4949e-05 +4.4001e-05 +4.3069e-05 +4.2154e-05 +4.1257e-05 +4.0381e-05 +3.9525e-05 +3.8693e-05 +3.7885e-05 +3.7102e-05 +3.6347e-05 +3.5620e-05 +3.4924e-05 +3.4260e-05 +3.3629e-05 
-0000.00150 +1.4345e-04 +1.4223e-04 +1.4099e-04 +1.3974e-04 +1.3848e-04 +1.3719e-04 +1.3589e-04 +1.3458e-04 +1.3325e-04 +1.3190e-04 +1.3054e-04 +1.2917e-04 +1.2778e-04 +1.2638e-04 +1.2496e-04 +1.2353e-04 +1.2208e-04 +1.2063e-04 +1.1916e-04 +1.1768e-04 +1.1619e-04 +1.1469e-04 +1.1318e-04 +1.1166e-04 +1.1013e-04 +1.0860e-04 +1.0706e-04 +1.0551e-04 +1.0396e-04 +1.0240e-04 +1.0085e-04 +9.9285e-05 +9.7724e-05 +9.6162e-05 +9.4602e-05 +9.3044e-05 +9.1488e-05 +8.9938e-05 +8.8393e-05 +8.6854e-05 +8.5324e-05 +8.3803e-05 +8.2293e-05 +8.0795e-05 +7.9311e-05 +7.7842e-05 +7.6389e-05 +7.4954e-05 +7.3538e-05 +7.2143e-05 +7.0772e-05 +6.9424e-05 +6.8102e-05 +6.6808e-05 +6.5544e-05 +6.4311e-05 +6.3110e-05 +6.1945e-05 +6.0816e-05 +5.9726e-05 +5.8677e-05 
-0000.00200 +2.1006e-04 +2.0841e-04 +2.0673e-04 +2.0502e-04 +2.0329e-04 +2.0154e-04 +1.9977e-04 +1.9798e-04 +1.9617e-04 +1.9434e-04 +1.9249e-04 +1.9062e-04 +1.8873e-04 +1.8683e-04 +1.8491e-04 +1.8298e-04 +1.8103e-04 +1.7907e-04 +1.7709e-04 +1.7511e-04 +1.7311e-04 +1.7110e-04 +1.6909e-04 +1.6706e-04 +1.6503e-04 +1.6299e-04 +1.6095e-04 +1.5890e-04 +1.5685e-04 +1.5479e-04 +1.5274e-04 +1.5068e-04 +1.4862e-04 +1.4657e-04 +1.4452e-04 +1.4247e-04 +1.4042e-04 +1.3839e-04 +1.3636e-04 +1.3434e-04 +1.3232e-04 +1.3032e-04 +1.2833e-04 +1.2636e-04 +1.2439e-04 +1.2245e-04 +1.2052e-04 +1.1861e-04 +1.1671e-04 +1.1484e-04 +1.1299e-04 +1.1117e-04 +1.0937e-04 +1.0759e-04 +1.0585e-04 +1.0413e-04 +1.0244e-04 +1.0079e-04 +9.9165e-05 +9.7578e-05 +9.6028e-05 
# Horizontal Final Position [m]
START
            -0000.01000 -0000.00967 -0000.00933 -0000.00900 -0000.00867 -0000.00833 -0000.00800 -0000.00767 -0000.00733 -0000.00700 -0000.00667 -0000.00633 -0000.00600 -0000.00567 -0000.00533 -0000.00500 -0000.00467 -0000.00433 -0000.00400 -0000.00367 -0000.00333 -0000.00300 -0000.00267 -0000.00233 -0000.00200 -0000.00167 -0000.00133 -0000.00100 -0000.00067 -0000.00033 +0000.00000 +0000.00033 +0000.00067 +0000.00100 +0000.00133 +0000.00167 +0000.00200 +0000.00233 +0000.00267 +0000.00300 +0000.00333 +0000.00367 +0000.00400 +0000.00433 +0000.00467 +0000.00500 +0000.00533 +0000.00567 +0000.00600 +0000.00633 +0000.00667 +0000.00700 +0000.00733 +0000.00767 +0000.00800 +0000.00833 +0000.00867 +0000.00900 +0000.00933 +0000.00967 +0000.01000 
+0000.00200 -1.0000e-02 -9.6670e-03 -9.3338e-03 -9.0005e-03 -8.6672e-03 -8.3339e-03 -8.0006e-03 -7.6673e-03 -7.3340e-03 -7.0007e-03 -6.6674e-03 -6.3341e-03 -6.0008e-03 -5.6675e-03 -5.3342e-03 -5.0009e-03 -4.6676e-03 -4.3343e-03 -4.0010e-03 -3.6676e-03 -3.3343e-03 -3.0010e-03 -2.6677e-03 -2.3344e-03 -2.0010e-03 -1.6677e-03 -1.3344e-03 -1.0011e-03 -6.6773e-04 -3.3439e-04 -1.0624e-06 +3.3227e-04 +6.6561e-04 +9.9894e-04 +1.3323e-03 +1.6656e-03 +1.9990e-03 +2.3323e-03 +2.6656e-03 +2.9990e-03 +3.3323e-03 +3.6657e-03 +3.9990e-03 +4.3324e-03 +4.6657e-03 +4.9991e-03 +5.3324e-03 +5.6658e-03 +5.9991e-03 +6.3325e-03 +6.6659e-03 +6.9992e-03 +7.3326e-03 +7.6660e-03 +7.9993e-03 +8.3327e-03 +8.6661e-03 +8.9995e-03 +9.3329e-03 +9.6662e-03 +9.9996e-03 
+0000.00150 -1.0000e-02 -9.6670e-03 -9.3337e-03 -9.0004e-03 -8.6671e-03 -8.3338e-03 -8.0006e-03 -7.6673e-03 -7.3340e-03 -7.0007e-03 -6.6674e-03 -6.3341e-03 -6.0008e-03 -5.6675e-03 -5.3342e-03 -5.0009e-03 -4.6676e-03 -4.3342e-03 -4.0009e-03 -3.6676e-03 -3.3343e-03 -3.0010e-03 -2.6677e-03 -2.3344e-03 -2.0010e-03 -1.6677e-03 -1.3344e-03 -1.0011e-03 -6.6773e-04 -3.3440e-04 -1.0634e-06 +3.3227e-04 +6.6561e-04 +9.9894e-04 +1.3323e-03 +1.6656e-03 +1.9990e-03 +2.3323e-03 +2.6656e-03 +2.9990e-03 +3.3323e-03 +3.6657e-03 +3.9990e-03 +4.3324e-03 +4.6658e-03 +4.9991e-03 +5.3325e-03 +5.6658e-03 +5.9992e-03 +6.3326e-03 +6.6659e-03 +6.9993e-03 +7.3327e-03 +7.6660e-03 +7.9994e-03 +8.3328e-03 +8.6662e-03 +8.9995e-03 +9.3329e-03 +9.6663e-03 +9.9997e-03 
+0000.00100 -1.0000e-02 -9.6670e-03 -9.3337e-03 -9.0004e-03 -8.6671e-03 -8.3338e-03 -8.0006e-03 -7.6673e-03 -7.3340e-03 -7.0007e-03 -6.6674e-03 -6.3341e-03 -6.0008e-03 -5.6675e-03 -5.3342e-03 -5.0009e-03 -4.6676e-03 -4.3342e-03 -4.0009e-03 -3.6676e-03 -3.3343e-03 -3.0010e-03 -2.6677e-03 -2.3344e-03 -2.0010e-03 -1.6677e-03 -1.3344e-03 -1.0011e-03 -6.6773e-04 -3.3440e-04 -1.0632e-06 +3.3227e-04 +6.6561e-04 +9.9894e-04 +1.3323e-03 +1.6656e-03 +1.9990e-03 +2.3323e-03 +2.6656e-03 +2.9990e-03 +3.3323e-03 +3.6657e-03 +3.9990e-03 +4.3324e-03 +4.6658e-03 +4.9991e-03 +5.3325e-03 +5.6658e-03 +5.9992e-03 +6.3326e-03 +6.6659e-03 +6.9993e-03 +7.3327e-03 +7.6660e-03 +7.9994e-03 +8.3328e-03 +8.6662e-03 +8.9995e-03 +9.3329e-03 +9.6663e-03 +9.9997e-03 
+0000.00050 -1.0000e-02 -9.6670e-03 -9.3337e-03 -9.0004e-03 -8.6671e-03 -8.3338e-03 -8.0005e-03 -7.6673e-03 -7.3340e-03 -7.0007e-03 -6.6674e-03 -6.3341e-03 -6.0008e-03 -5.6675e-03 -5.3342e-03 -5.0009e-03 -4.6675e-03 -4.3342e-03 -4.0009e-03 -3.6676e-03 -3.3343e-03 -3.0010e-03 -2.6677e-03 -2.3343e-03 -2.0010e-03 -1.6677e-03 -1.3344e-03 -1.0010e-03 -6.6771e-04 -3.3438e-04 -1.0472e-06 +3.3229e-04 +6.6562e-04 +9.9896e-04 +1.3323e-03 +1.6656e-03 +1.9990e-03 +2.3323e-03 +2.6657e-03 +2.9990e-03 +3.3324e-03 +3.6657e-03 +3.9991e-03 +4.3324e-03 +4.6658e-03 +4.9991e-03 +5.3325e-03 +5.6658e-03 +5.9992e-03 +6.3326e-03 +6.6659e-03 +6.9993e-03 +7.3327e-03 +7.6660e-03 +7.9994e-03 +8.3328e-03 +8.6662e-03 +8.9995e-03 +9.3329e-03 +9.6663e-03 +9.9997e-03 
+0000.00000 -1.0000e-02 -9.6670e-03 -9.3337e-03 -9.0004e-03 -8.6671e-03 -8.3338e-03 -8.0005e-03 -7.6673e-03 -7.3340e-03 -7.0007e-03 -6.6674e-03 -6.3341e-03 -6.0008e-03 -5.6675e-03 -5.3342e-03 -5.0009e-03 -4.6675e-03 -4.3342e-03 -4.0009e-03 -3.6676e-03 -3.3343e-03 -3.0010e-03 -2.6677e-03 -2.3343e-03 -2.0010e-03 -1.6677e-03 -1.3344e-03 -1.0010e-03 -6.6771e-04 -3.3438e-04 -1.0457e-06 +3.3229e-04 +6.6562e-04 +9.9896e-04 +1.3323e-03 +1.6656e-03 +1.9990e-03 +2.3323e-03 +2.6657e-03 +2.9990e-03 +3.3324e-03 +3.6657e-03 +3.9991e-03 +4.3324e-03 +4.6658e-03 +4.9991e-03 +5.3325e-03 +5.6658e-03 +5.9992e-03 +6.3326e-03 +6.6659e-03 +6.9993e-03 +7.3327e-03 +7.6660e-03 +7.9994e-03 +8.3328e-03 +8.6662e-03 +8.9995e-03 +9.3329e-03 +9.6663e-03 +9.9997e-03 
-0000.00050 -1.0000e-02 -9.6670e-03 -9.3337e-03 -9.0004e-03 -8.6671e-03 -8.3338e-03 -8.0005e-03 -7.6673e-03 -7.3340e-03 -7.0007e-03 -6.6674e-03 -6.3341e-03 -6.0008e-03 -5.6675e-03 -5.3342e-03 -5.0009e-03 -4.6675e-03 -4.3342e-03 -4.0009e-03 -3.6676e-03 -3.3343e-03 -3.0010e-03 -2.6677e-03 -2.3343e-03 -2.0010e-03 -1.6677e-03 -1.3344e-03 -1.0010e-03 -6.6771e-04 -3.3438e-04 -1.0472e-06 +3.3229e-04 +6.6562e-04 +9.9896e-04 +1.3323e-03 +1.6656e-03 +1.9990e-03 +2.3323e-03 +2.6657e-03 +2.9990e-03 +3.3324e-03 +3.6657e-03 +3.9991e-03 +4.3324e-03 +4.6658e-03 +4.9991e-03 +5.3325e-03 +5.6658e-03 +5.9992e-03 +6.3326e-03 +6.6659e-03 +6.9993e-03 +7.3327e-03 +7.6660e-03 +7.9994e-03 +8.3328e-03 +8.6662e-03 +8.9995e-03 +9.3329e-03 +9.6663e-03 +9.9997e-03 
-0000.00100 -1.0000e-02 -9.6670e-03 -9.3337e-03 -9.0004e-03 -8.6671e-03 -8.3338e-03 -8.0006e-03 -7.6673e-03 -7.3340e-03 -7.0007e-03 -6.6674e-03 -6.3341e-03 -6.0008e-03 -5.6675e-03 -5.3342e-03 -5.0009e-03 -4.6676e-03 -4.3342e-03 -4.0009e-03 -3.6676e-03 -3.3343e-03 -3.0010e-03 -2.6677e-03 -2.3344e-03 -2.0010e-03 -1.6677e-03 -1.3344e-03 -1.0011e-03 -6.6773e-04 -3.3440e-04 -1.0632e-06 +3.3227e-04 +6.6561e-04 +9.9894e-04 +1.3323e-03 +1.6656e-03 +1.9990e-03 +2.3323e-03 +2.6656e-03 +2.9990e-03 +3.3323e-03 +3.6657e-03 +3.9990e-03 +4.3324e-03 +4.6658e-03 +4.9991e-03 +5.3325e-03 +5.6658e-03 +5.9992e-03 +6.3326e-03 +6.6659e-03 +6.9993e-03 +7.3327e-03 +7.6660e-03 +7.9994e-03 +8.3328e-03 +8.6662e-03 +8.9995e-03 +9.3329e-03 +9.6663e-03 +9.9997e-03 
-0000.00150 -1.0000e-02 -9.6670e-03 -9.3337e-03 -9.0004e-03 -8.6671e-03 -8.3338e-03 -8.0006e-03 -7.6673e-03 -7.3340e-03 -7.0007e-03 -6.6674e-03 -6.3341e-03 -6.0008e-03 -5.6675e-03 -5.3342e-03 -5.0009e-03 -4.6676e-03 -4.3342e-03 -4.0009e-03 -3.6676e-03 -3.3343e-03 -3.0010e-03 -2.6677e-03 -2.3344e-03 -2.0010e-03 -1.6677e-03 -1.3344e-03 -1.0011e-03 -6.6773e-04 -3.3440e-04 -1.0634e-06 +3.3227e-04 +6.6561e-04 +9.9894e-04 +1.3323e-03 +1.6656e-03 +1.9990e-03 +2.3323e-03 +2.6656e-03 +2.9990e-03 +3.3323e-03 +3.6657e-03 +3.9990e-03 +4.3324e-03 +4.6658e-03 +4.9991e-03 +5.3325e-03 +5.6658e-03 +5.9992e-03 +6.3326e-03 +6.6659e-03 +6.9993e-03 +7.3327e-03 +7.6660e-03 +7.9994e-03 +8.3328e-03 +8.6662e-03 +8.9995e-03 +9.3329e-03 +9.6663e-03 +9.9997e-03 
-0000.00200 -1.0000e-02 -9.6670e-03 -9.3338e-03 -9.0005e-03 -8.6672e-03 -8.3339e-03 -8.0006e-03 -7.6673e-03 -7.3340e-03 -7.0007e-03 -6.6674e-03 -6.3341e-03 -6.0008e-03 -5.6675e-03 -5.3342e-03 -5.0009e-03 -4.6676e-03 -4.3343e-03 -4.0010e-03 -3.6676e-03 -3.3343e-03 -3.0010e-03 -2.6677e-03 -2.3344e-03 -2.0010e-03 -1.6677e-03 -1.3344e-03 -1.0011e-03 -6.6773e-04 -3.3439e-04 -1.0624e-06 +3.3227e-04 +6.6561e-04 +9.9894e-04 +1.3323e-03 +1.6656e-03 +1.9990e-03 +2.3323e-03 +2.6656e-03 +2.9990e-03 +3.3323e-03 +3.6657e-03 +3.9990e-03 +4.3324e-03 +4.6657e-03 +4.9991e-03 +5.3324e-03 +5.6658e-03 +5.9991e-03 +6.3325e-03 +6.6659e-03 +6.9992e-03 +7.3326e-03 +7.6660e-03 +7.9993e-03 +8.3327e-03 +8.6661e-03 +8.9995e-03 +9.3329e-03 +9.6662e-03 +9.9996e-03 
# Vertical Final Position [m]
START
            -0000.01000 -0000.00967 -0000.00933 -0000.00900 -0000.00867 -0000.00833 -0000.00800 -0000.00767 -0000.00733 -0000.00700 -0000.00667 -0000.00633 -0000.00600 -0000.00567 -0000.00533 -0000.00500 -0000.00467 -0000.00433 -0000.00400 -0000.00367 -0000.00333 -0000.00300 -0000.00267 -0000.00233 -0000.00200 -0000.00167 -0000.00133 -0000.00100 -0000.00067 -0000.00033 +0000.00000 +0000.00033 +0000.00067 +0000.00100 +0000.00133 +0000.00167 +0000.00200 +0000.00233 +0000.00267 +0000.00300 +0000.00333 +0000.00367 +0000.00400 +0000.00433 +0000.00467 +0000.00500 +0000.00533 +0000.00567 +0000.00600 +0000.00633 +0000.00667 +0000.00700 +0000.00733 +0000.00767 +0000.00800 +0000.00833 +0000.00867 +0000.00900 +0000.00933 +0000.00967 +0000.01000 
+0000.00200 +2.0001e-03 +2.0001e-03 +2.0001e-03 +2.0001e-03 +2.0001e-03 +2.0001e-03 +2.0001e-03 +2.0001e-03 +2.0000e-03 +2.0000e-03 +2.0000e-03 +2.0000e-03 +2.0000e-03 +2.0000e-03 +2.0000e-03 +2.0000e-03 +2.0000e-03 +2.0000e-03 +1.9999e-03 +1.9999e-03 +1.9999e-03 +1.9999e-03 +1.9999e-03 +1.9999e-03 +1.9999e-03 +1.9999e-03 +1.9999e-03 +1.9999e-03 +1.9999e-03 +1.9999e-03 +1.9998e-03 +1.9998e-03 +1.9998e-03 +1.9998e-03 +1.9998e-03 +1.9998e-03 +1.9998e-03 +1.9998e-03 +1.9998e-03 +1.9998e-03 +1.9998e-03 +1.9998e-03 +1.9997e-03 +1.9997e-03 +1.9997e-03 +1.9997e-03 +1.9997e-03 +1.9997e-03 +1.9997e-03 +1.9997e-03 +1.9997e-03 +1.9997e-03 +1.9997e-03 +1.9996e-03 +1.9996e-03 +1.9996e-03 +1.9996e-03 +1.9996e-03 +1.9996e-03 +1.9996e-03 +1.9996e-03 
+0000.00150 +1.5001e-03 +1.5001e-03 +1.5001e-03 +1.5001e-03 +1.5001e-03 +1.5001e-03 +1.5001e-03 +1.5001e-03 +1.5001e-03 +1.5000e-03 +1.5000e-03 +1.5000e-03 +1.5000e-03 +1.5000e-03 +1.5000e-03 +1.5000e-03 +1.5000e-03 +1.5000e-03 +1.5000e-03 +1.5000e-03 +1.5000e-03 +1.5000e-03 +1.4999e-03 +1.4999e-03 +1.4999e-03 +1.4999e-03 +1.4999e-03 +1.4999e-03 +1.4999e-03 +1.4999e-03 +1.4999e-03 +1.4999e-03 +1.4999e-03 +1.4999e-03 +1.4999e-03 +1.4999e-03 +1.4999e-03 +1.4999e-03 +1.4999e-03 +1.4998e-03 +1.4998e-03 +1.4998e-03 +1.4998e-03 +1.4998e-03 +1.4998e-03 +1.4998e-03 +1.4998e-03 +1.4998e-03 +1.4998e-03 +1.4998e-03 +1.4998e-03 +1.4998e-03 +1.4997e-03 +1.4997e-03 +1.4997e-03 +1.4997e-03 +1.4997e-03 +1.4997e-03 +1.4997e-03 +1.4997e-03 +1.4997e-03 
+0000.00100 +1.0001e-03 +1.0001e-03 +1.0001e-03 +1.0001e-03 +1.0000e-03 +1.0000e-03 +1.0000e-03 +1.0000e-03 +1.0000e-03 +1.0000e-03 +1.0000e-03 +1.0000e-03 +1.0000e-03 +1.0000e-03 +1.0000e-03 +1.0000e-03 +9.9999e-04 +9.9999e-04 +9.9998e-04 +9.9998e-04 +9.9998e-04 +9.9997e-04 +9.9997e-04 +9.9997e-04 +9.9996e-04 +9.9996e-04 +9.9995e-04 +9.9995e-04 +9.9995e-04 +9.9994e-04 +9.9994e-04 +9.9993e-04 +9.9993e-04 +9.9993e-04 +9.9992e-04 +9.9992e-04 +9.9991e-04 +9.9991e-04 +9.9991e-04 +9.9990e-04 +9.9990e-04 +9.9989e-04 +9.9989e-04 +9.9988e-04 +9.9988e-04 +9.9987e-04 +9.9987e-04 +9.9986e-04 +9.9986e-04 +9.9985e-04 +9.9985e-04 +9.9984e-04 +9.9984e-04 +9.9983e-04 +9.9983e-04 +9.9982e-04 +9.9982e-04 +9.9981e-04 +9.9981e-04 +9.9980e-04 +9.9980e-04 
+0000.00050 +5.0004e-04 +5.0004e-04 +5.0004e-04 +5.0004e-04 +5.0003e-04 +5.0003e-04 +5.0003e-04 +5.0003e-04 +5.0002e-04 +5.0002e-04 +5.0002e-04 +5.0002e-04 +5.0001e-04 +5.0001e-04 +5.0001e-04 +5.0001e-04 +5.0000e-04 +5.0000e-04 +5.0000e-04 +5.0000e-04 +4.9999e-04 +4.9999e-04 +4.9999e-04 +4.9999e-04 +4.9998e-04 +4.9998e-04 +4.9998e-04 +4.9998e-04 +4.9998e-04 +4.9997e-04 +4.9997e-04 +4.9997e-04 +4.9997e-04 +4.9996e-04 +4.9996e-04 +4.9996e-04 +4.9996e-04 +4.9996e-04 +4.9995e-04 +4.9995e-04 +4.9995e-04 +4.9995e-04 +4.9994e-04 +4.9994e-04 +4.9994e-04 +4.9994e-04 +4.9994e-04 +4.9993e-04 +4.9993e-04 +4.9993e-04 +4.9993e-04 +4.9992e-04 +4.9992e-04 +4.9992e-04 +4.9992e-04 +4.9991e-04 +4.9991e-04 +4.9991e-04 +4.9991e-04 +4.9990e-04 +4.9990e-04 
+0000.00000 +1.6067e-10 +1.3591e-10 +1.1353e-10 +9.3377e-11 +7.5298e-11 +5.9147e-11 +4.4782e-11 +3.2067e-11 +2.0873e-11 +1.1074e-11 +2.5503e-12 -4.8116e-12 -1.1120e-11 -1.6479e-11 -2.0986e-11 -2.4733e-11 -2.7806e-11 -3.0287e-11 -3.2253e-11 -3.3773e-11 -3.4912e-11 -3.5729e-11 -3.6280e-11 -3.6613e-11 -3.6770e-11 -3.6789e-11 -3.6703e-11 -3.6539e-11 -3.6318e-11 -3.6055e-11 -3.5761e-11 -3.5442e-11 -3.5097e-11 -3.4719e-11 -3.4299e-11 -3.3818e-11 -3.3254e-11 -3.2581e-11 -3.1764e-11 -3.0765e-11 -2.9540e-11 -2.8040e-11 -2.6210e-11 -2.3989e-11 -2.1311e-11 -1.8105e-11 -1.4295e-11 -9.7981e-12 -4.5265e-12 +1.6126e-12 +8.7179e-12 +1.6893e-11 +2.6248e-11 +3.6898e-11 +4.8962e-11 +6.2567e-11 +7.7844e-11 +9.4930e-11 +1.1397e-10 +1.3510e-10 +1.5849e-10 
-0000.00050 -5.0004e-04 -5.0004e-04 -5.0004e-04 -5.0004e-04 -5.0003e-04 -5.0003e-04 -5.0003e-04 -5.0003e-04 -5.0002e-04 -5.0002e-04 -5.0002e-04 -5.0002e-04 -5.0001e-04 -5.0001e-04 -5.0001e-04 -5.0001e-04 -5.0000e-04 -5.0000e-04 -5.0000e-04 -5.0000e-04 -4.9999e-04 -4.9999e-04 -4.9999e-04 -4.9999e-04 -4.9998e-04 -4.9998e-04 -4.9998e-04 -4.9998e-04 -4.9998e-04 -4.9997e-04 -4.9997e-04 -4.9997e-04 -4.9997e-04 -4.9996e-04 -4.9996e-04 -4.9996e-04 -4.9996e-04 -4.9996e-04 -4.9995e-04 -4.9995e-04 -4.9995e-04 -4.9995e-04 -4.9994e-04 -4.9994e-04 -4.9994e-04 -4.9994e-04 -4.9994e-04 -4.9993e-04 -4.9993e-04 -4.9993e-04 -4.9993e-04 -4.9992e-04 -4.9992e-04 -4.9992e-04 -4.9992e-04 -4.9991e-04 -4.9991e-04 -4.9991e-04 -4.9991e-04 -4.9990e-04 -4.9990e-04 
-0000.00100 -1.0001e-03 -1.0001e-03 -1.0001e-03 -1.0001e-03 -1.0000e-03 -1.0000e-03 -1.0000e-03 -1.0000e-03 -1.0000e-03 -1.0000e-03 -1.0000e-03 -1.0000e-03 -1.0000e-03 -1.0000e-03 -1.0000e-03 -1.0000e-03 -9.9999e-04 -9.9999e-04 -9.9998e-04 -9.9998e-04 -9.9998e-04 -9.9997e-04 -9.9997e-04 -9.9996e-04 -9.9996e-04 -9.9996e-04 -9.9995e-04 -9.9995e-04 -9.9995e-04 -9.9994e-04 -9.9994e-04 -9.9993e-04 -9.9993e-04 -9.9993e-04 -9.9992e-04 -9.9992e-04 -9.9991e-04 -9.9991e-04 -9.9991e-04 -9.9990e-04 -9.9990e-04 -9.9989e-04 -9.9989e-04 -9.9988e-04 -9.9988e-04 -9.9987e-04 -9.9987e-04 -9.9986e-04 -9.9986e-04 -9.9985e-04 -9.9985e-04 -9.9984e-04 -9.9984e-04 -9.9983e-04 -9.9983e-04 -9.9982e-04 -9.9982e-04 -9.9981e-04 -9.9981e-04 -9.9980e-04 -9.9979e-04 
-0000.00150 -1.5001e-03 -1.5001e-03 -1.5001e-03 -1.5001e-03 -1.5001e-03 -1.5001e-03 -1.5001e-03 -1.5001e-03 -1.5001e-03 -1.5000e-03 -1.5000e-03 -1.5000e-03 -1.5000e-03 -1.5000e-03 -1.5000e-03 -1.5000e-03 -1.5000e-03 -1.5000e-03 -1.5000e-03 -1.5000e-03 -1.5000e-03 -1.5000e-03 -1.4999e-03 -1.4999e-03 -1.4999e-03 -1.4999e-03 -1.4999e-03 -1.4999e-03 -1.4999e-03 -1.4999e-03 -1.4999e-03 -1.4999e-03 -1.4999e-03 -1.4999e-03 -1.4999e-03 -1.4999e-03 -1.4999e-03 -1.4999e-03 -1.4999e-03 -1.4998e-03 -1.4998e-03 -1.4998e-03 -1.4998e-03 -1.4998e-03 -1.4998e-03 -1.4998e-03 -1.4998e-03 -1.4998e-03 -1.4998e-03 -1.4998e-03 -1.4998e-03 -1.4998e-03 -1.4997e-03 -1.4997e-03 -1.4997e-03 -1.4997e-03 -1.4997e-03 -1.4997e-03 -1.4997e-03 -1.4997e-03 -1.4997e-03 
-0000.00200 -2.0001e-03 -2.0001e-03 -2.0001e-03 -2.0001e-03 -2.0001e-03 -2.0001e-03 -2.0001e-03 -2.0001e-03 -2.0000e-03 -2.0000e-03 -2.0000e-03 -2.0000e-03 -2.0000e-03 -2.0000e-03 -2.0000e-03 -2.0000e-03 -2.0000e-03 -2.0000e-03 -1.9999e-03 -1.9999e-03 -1.9999e-03 -1.9999e-03 -1.9999e-03 -1.9999e-03 -1.9999e-03 -1.9999e-03 -1.9999e-03 -1.9999e-03 -1.9999e-03 -1.9999e-03 -1.9998e-03 -1.9998e-03 -1.9998e-03 -1.9998e-03 -1.9998e-03 -1.9998e-03 -1.9998e-03 -1.9998e-03 -1.9998e-03 -1.9998e-03 -1.9998e-03 -1.9998e-03 -1.9997e-03 -1.9997e-03 -1.9997e-03 -1.9997e-03 -1.9997e-03 -1.9997e-03 -1.9997e-03 -1.9997e-03 -1.9997e-03 -1.9997e-03 -1.9997e-03 -1.9996e-03 -1.9996e-03 -1.9996e-03 -1.9996e-03 -1.9996e-03 -1.9996e-03 -1.9996e-03 -1.9996e-03 