# Author: FAC idanalysis.IDKickMap
# Termination_kicks [T2m2]: +0.0000e+00 +0.0000e+00 +0.0000e+00 +0.0000e+00 
# Total Length of Longitudinal Interval [m]
0.13
# Number of Horizontal Points
61
# Number of Vertical Points
9
# Total Horizontal 2nd Order Kick [T2m2]
START
            -0000.01000 -0000.00967 -0000.00933 -0000.00900 -0000.00867 -0000.00833 -0000.00800 -0000.00767 -0000.00733 -0000.00700 -0000.00667 -0000.00633 -0000.00600 -0000.00567 -0000.00533 -0000.00500 -0000.00467 -0000.00433 -0000.00400 -0000.00367 -0000.00333 -0000.00300 -0000.00267 -0000.00233 -0000.00200 -0000.00167 -0000.00133 -0000.00100 -0000.00067 -0000.00033 +0000.00000 +0000.00033 +0000.00067 +0000.00100 +0000.00133 +0000.00167 +0000.00200 +0000.00233 +0000.00267 +0000.00300 +0000.00333 +0000.00367 +0000.00400 +0000.00433 +0000.00467 +0000.00500 +0000.00533 +0000.00567 +0000.00600 +0000.00633 +0000.00667 +0000.00700 +0000.00733 +0000.00767 +0000.00800 +0000.00833 +0000.00867 +0000.00900 +0000.00933 +0000.00967 +0000.01000 
+0000.00200 -6.5554e-05 -6.4979e-05 -6.4428e-05 -6.3899e-05 -6.3392e-05 -6.2906e-05 -6.2442e-05 -6.1999e-05 -6.1577e-05 -6.1175e-05 -6.0793e-05 -6.0432e-05 -6.0090e-05 -5.9767e-05 -5.9464e-05 -5.9180e-05 -5.8914e-05 -5.8667e-05 -5.8439e-05 -5.8229e-05 -5.8037e-05 -5.7864e-05 -5.7708e-05 -5.7570e-05 -5.7450e-05 -5.7347e-05 -5.7262e-05 -5.7194e-05 -5.7144e-05 -5.7112e-05 -5.7096e-05 -5.7098e-05 -5.7118e-05 -5.7154e-05 -5.7209e-05 -5.7280e-05 -5.7369e-05 -5.7476e-05 -5.7600e-05 -5.7742e-05 -5.7902e-05 -5.8080e-05 -5.8276e-05 -5.8490e-05 -5.8722e-05 -5.8973e-05 -5.9243e-05 -5.9531e-05 -5.9839e-05 -6.0166e-05 -6.0512e-05 -6.0878e-05 -6.1264e-05 -6.1670e-05 -6.2097e-05 -6.2544e-05 -6.3013e-05 -6.3503e-05 -6.4014e-05 -6.4548e-05 -6.5104e-05 
+0000.00150 -6.5749e-05 -6.5176e-05 -6.4625e-05 -6.4096e-05 -6.3589e-05 -6.3103e-05 -6.2638e-05 -6.2194e-05 -6.1771e-05 -6.1368e-05 -6.0985e-05 -6.0621e-05 -6.0278e-05 -5.9954e-05 -5.9649e-05 -5.9363e-05 -5.9096e-05 -5.8847e-05 -5.8617e-05 -5.8406e-05 -5.8213e-05 -5.8038e-05 -5.7881e-05 -5.7742e-05 -5.7620e-05 -5.7517e-05 -5.7431e-05 -5.7363e-05 -5.7312e-05 -5.7279e-05 -5.7264e-05 -5.7266e-05 -5.7286e-05 -5.7323e-05 -5.7378e-05 -5.7450e-05 -5.7540e-05 -5.7648e-05 -5.7774e-05 -5.7917e-05 -5.8078e-05 -5.8257e-05 -5.8455e-05 -5.8671e-05 -5.8905e-05 -5.9157e-05 -5.9428e-05 -5.9718e-05 -6.0028e-05 -6.0356e-05 -6.0703e-05 -6.1071e-05 -6.1458e-05 -6.1865e-05 -6.2292e-05 -6.2740e-05 -6.3209e-05 -6.3699e-05 -6.4210e-05 -6.4743e-05 -6.5297e-05 
+0000.00100 -6.5888e-05 -6.5315e-05 -6.4765e-05 -6.4236e-05 -6.3729e-05 -6.3242e-05 -6.2777e-05 -6.2333e-05 -6.1908e-05 -6.1505e-05 -6.1121e-05 -6.0756e-05 -6.0412e-05 -6.0086e-05 -5.9780e-05 -5.9493e-05 -5.9225e-05 -5.8976e-05 -5.8745e-05 -5.8532e-05 -5.8338e-05 -5.8162e-05 -5.8004e-05 -5.7865e-05 -5.7743e-05 -5.7639e-05 -5.7552e-05 -5.7484e-05 -5.7433e-05 -5.7400e-05 -5.7385e-05 -5.7387e-05 -5.7407e-05 -5.7444e-05 -5.7499e-05 -5.7572e-05 -5.7663e-05 -5.7771e-05 -5.7898e-05 -5.8042e-05 -5.8204e-05 -5.8384e-05 -5.8583e-05 -5.8800e-05 -5.9035e-05 -5.9288e-05 -5.9561e-05 -5.9852e-05 -6.0162e-05 -6.0491e-05 -6.0840e-05 -6.1208e-05 -6.1596e-05 -6.2004e-05 -6.2432e-05 -6.2880e-05 -6.3349e-05 -6.3838e-05 -6.4349e-05 -6.4881e-05 -6.5435e-05 
+0000.00050 -6.5971e-05 -6.5399e-05 -6.4848e-05 -6.4320e-05 -6.3812e-05 -6.3326e-05 -6.2860e-05 -6.2416e-05 -6.1991e-05 -6.1587e-05 -6.1202e-05 -6.0837e-05 -6.0492e-05 -6.0166e-05 -5.9859e-05 -5.9572e-05 -5.9303e-05 -5.9053e-05 -5.8821e-05 -5.8608e-05 -5.8413e-05 -5.8237e-05 -5.8079e-05 -5.7938e-05 -5.7816e-05 -5.7712e-05 -5.7625e-05 -5.7557e-05 -5.7506e-05 -5.7473e-05 -5.7457e-05 -5.7459e-05 -5.7479e-05 -5.7517e-05 -5.7573e-05 -5.7646e-05 -5.7737e-05 -5.7846e-05 -5.7972e-05 -5.8117e-05 -5.8280e-05 -5.8461e-05 -5.8660e-05 -5.8877e-05 -5.9113e-05 -5.9367e-05 -5.9640e-05 -5.9932e-05 -6.0243e-05 -6.0573e-05 -6.0922e-05 -6.1290e-05 -6.1679e-05 -6.2087e-05 -6.2515e-05 -6.2964e-05 -6.3433e-05 -6.3922e-05 -6.4433e-05 -6.4965e-05 -6.5519e-05 
+0000.00000 -6.5998e-05 -6.5426e-05 -6.4876e-05 -6.4347e-05 -6.3840e-05 -6.3353e-05 -6.2888e-05 -6.2443e-05 -6.2018e-05 -6.1613e-05 -6.1229e-05 -6.0864e-05 -6.0518e-05 -6.0192e-05 -5.9886e-05 -5.9598e-05 -5.9329e-05 -5.9078e-05 -5.8847e-05 -5.8633e-05 -5.8439e-05 -5.8262e-05 -5.8104e-05 -5.7963e-05 -5.7841e-05 -5.7736e-05 -5.7650e-05 -5.7581e-05 -5.7530e-05 -5.7497e-05 -5.7482e-05 -5.7484e-05 -5.7504e-05 -5.7542e-05 -5.7597e-05 -5.7670e-05 -5.7762e-05 -5.7870e-05 -5.7997e-05 -5.8142e-05 -5.8305e-05 -5.8486e-05 -5.8685e-05 -5.8903e-05 -5.9139e-05 -5.9393e-05 -5.9666e-05 -5.9958e-05 -6.0269e-05 -6.0600e-05 -6.0949e-05 -6.1318e-05 -6.1706e-05 -6.2115e-05 -6.2543e-05 -6.2992e-05 -6.3461e-05 -6.3950e-05 -6.4461e-05 -6.4993e-05 -6.5547e-05 
-0000.00050 -6.5970e-05 -6.5398e-05 -6.4848e-05 -6.4319e-05 -6.3812e-05 -6.3325e-05 -6.2860e-05 -6.2415e-05 -6.1991e-05 -6.1586e-05 -6.1202e-05 -6.0837e-05 -6.0492e-05 -6.0166e-05 -5.9859e-05 -5.9571e-05 -5.9303e-05 -5.9053e-05 -5.8821e-05 -5.8608e-05 -5.8413e-05 -5.8237e-05 -5.8079e-05 -5.7938e-05 -5.7816e-05 -5.7712e-05 -5.7625e-05 -5.7557e-05 -5.7506e-05 -5.7473e-05 -5.7457e-05 -5.7460e-05 -5.7480e-05 -5.7517e-05 -5.7573e-05 -5.7646e-05 -5.7737e-05 -5.7846e-05 -5.7973e-05 -5.8117e-05 -5.8280e-05 -5.8461e-05 -5.8660e-05 -5.8877e-05 -5.9113e-05 -5.9367e-05 -5.9640e-05 -5.9932e-05 -6.0243e-05 -6.0573e-05 -6.0922e-05 -6.1291e-05 -6.1679e-05 -6.2087e-05 -6.2516e-05 -6.2964e-05 -6.3433e-05 -6.3923e-05 -6.4434e-05 -6.4966e-05 -6.5519e-05 
-0000.00100 -6.5887e-05 -6.5314e-05 -6.4764e-05 -6.4235e-05 -6.3728e-05 -6.3241e-05 -6.2776e-05 -6.2332e-05 -6.1908e-05 -6.1504e-05 -6.1120e-05 -6.0756e-05 -6.0411e-05 -6.0086e-05 -5.9780e-05 -5.9493e-05 -5.9225e-05 -5.8975e-05 -5.8744e-05 -5.8532e-05 -5.8338e-05 -5.8162e-05 -5.8004e-05 -5.7864e-05 -5.7743e-05 -5.7639e-05 -5.7552e-05 -5.7484e-05 -5.7433e-05 -5.7400e-05 -5.7385e-05 -5.7387e-05 -5.7407e-05 -5.7445e-05 -5.7500e-05 -5.7573e-05 -5.7663e-05 -5.7772e-05 -5.7898e-05 -5.8042e-05 -5.8205e-05 -5.8385e-05 -5.8583e-05 -5.8800e-05 -5.9035e-05 -5.9289e-05 -5.9561e-05 -5.9852e-05 -6.0163e-05 -6.0492e-05 -6.0841e-05 -6.1209e-05 -6.1597e-05 -6.2004e-05 -6.2432e-05 -6.2881e-05 -6.3349e-05 -6.3839e-05 -6.4350e-05 -6.4882e-05 -6.5436e-05 
-0000.00150 -6.5747e-05 -6.5174e-05 -6.4623e-05 -6.4095e-05 -6.3587e-05 -6.3101e-05 -6.2637e-05 -6.2193e-05 -6.1769e-05 -6.1366e-05 -6.0983e-05 -6.0620e-05 -6.0277e-05 -5.9953e-05 -5.9648e-05 -5.9362e-05 -5.9095e-05 -5.8846e-05 -5.8617e-05 -5.8405e-05 -5.8212e-05 -5.8037e-05 -5.7880e-05 -5.7741e-05 -5.7620e-05 -5.7516e-05 -5.7431e-05 -5.7363e-05 -5.7312e-05 -5.7279e-05 -5.7264e-05 -5.7266e-05 -5.7286e-05 -5.7323e-05 -5.7378e-05 -5.7451e-05 -5.7541e-05 -5.7648e-05 -5.7774e-05 -5.7917e-05 -5.8079e-05 -5.8258e-05 -5.8456e-05 -5.8671e-05 -5.8905e-05 -5.9158e-05 -5.9429e-05 -5.9719e-05 -6.0028e-05 -6.0357e-05 -6.0704e-05 -6.1072e-05 -6.1459e-05 -6.1866e-05 -6.2293e-05 -6.2741e-05 -6.3210e-05 -6.3700e-05 -6.4211e-05 -6.4744e-05 -6.5298e-05 
-0000.00200 -6.5552e-05 -6.4978e-05 -6.4426e-05 -6.3897e-05 -6.3390e-05 -6.2905e-05 -6.2441e-05 -6.1997e-05 -6.1575e-05 -6.1173e-05 -6.0792e-05 -6.0430e-05 -6.0088e-05 -5.9766e-05 -5.9463e-05 -5.9178e-05 -5.8913e-05 -5.8666e-05 -5.8438e-05 -5.8228e-05 -5.8037e-05 -5.7863e-05 -5.7707e-05 -5.7569e-05 -5.7449e-05 -5.7347e-05 -5.7262e-05 -5.7194e-05 -5.7144e-05 -5.7111e-05 -5.7096e-05 -5.7098e-05 -5.7118e-05 -5.7154e-05 -5.7209e-05 -5.7280e-05 -5.7370e-05 -5.7476e-05 -5.7601e-05 -5.7743e-05 -5.7903e-05 -5.8081e-05 -5.8277e-05 -5.8491e-05 -5.8723e-05 -5.8974e-05 -5.9244e-05 -5.9532e-05 -5.9840e-05 -6.0167e-05 -6.0513e-05 -6.0879e-05 -6.1265e-05 -6.1671e-05 -6.2098e-05 -6.2545e-05 -6.3014e-05 -6.3504e-05 -6.4016e-05 -6.4549e-05 -6.5106e-05 
# Total Vertical 2nd Order Kick [T2m2]
START
            -0000.01000 -0000.00967 -0000.00933 -0000.00900 -0000.00867 -0000.00833 -0000.00800 -0000.00767 -0000.00733 -0000.00700 -0000.00667 -0000.00633 -0000.00600 -0000.00567 -0000.00533 -0000.00500 -0000.00467 -0000.00433 -0000.00400 -0000.00367 -0000.00333 -0000.00300 -0000.00267 -0000.00233 -0000.00200 -0000.00167 -0000.00133 -0000.00100 -0000.00067 -0000.00033 +0000.00000 +0000.00033 +0000.00067 +0000.00100 +0000.00133 +0000.00167 +0000.00200 +0000.00233 +0000.00267 +0000.00300 +0000.00333 +0000.00367 +0000.00400 +0000.00433 +0000.00467 +0000.00500 +0000.00533 +0000.00567 +0000.00600 +0000.00633 +0000.00667 +0000.00700 +0000.00733 +0000.00767 +0000.00800 +0000.00833 +0000.00867 +0000.00900 +0000.00933 +0000.00967 +0000.01000 
+0000.00200 -2.9009e-05 -2.8883e-05 -2.8758e-05 -2.8634e-05 -2.8511e-05 -2.8389e-05 -2.8267e-05 -2.8147e-05 -2.8028e-05 -2.7909e-05 -2.7791e-05 -2.7675e-05 -2.7559e-05 -2.7443e-05 -2.7329e-05 -2.7215e-05 -2.7102e-05 -2.6990e-05 -2.6879e-05 -2.6768e-05 -2.6657e-05 -2.6548e-05 -2.6438e-05 -2.6330e-05 -2.6221e-05 -2.6114e-05 -2.6006e-05 -2.5899e-05 -2.5792e-05 -2.5685e-05 -2.5579e-05 -2.5473e-05 -2.5366e-05 -2.5260e-05 -2.5154e-05 -2.5047e-05 -2.4941e-05 -2.4834e-05 -2.4727e-05 -2.4619e-05 -2.4511e-05 -2.4403e-05 -2.4294e-05 -2.4184e-05 -2.4074e-05 -2.3962e-05 -2.3850e-05 -2.3737e-05 -2.3623e-05 -2.3508e-05 -2.3391e-05 -2.3274e-05 -2.3155e-05 -2.3034e-05 -2.2912e-05 -2.2788e-05 -2.2662e-05 -2.2535e-05 -2.2405e-05 -2.2274e-05 -2.2140e-05 
+0000.00150 -1.9744e-05 -1.9650e-05 -1.9557e-05 -1.9464e-05 -1.9372e-05 -1.9281e-05 -1.9190e-05 -1.9100e-05 -1.9011e-05 -1.8922e-05 -1.8834e-05 -1.8746e-05 -1.8659e-05 -1.8573e-05 -1.8487e-05 -1.8402e-05 -1.8318e-05 -1.8234e-05 -1.8150e-05 -1.8067e-05 -1.7984e-05 -1.7902e-05 -1.7820e-05 -1.7738e-05 -1.7657e-05 -1.7576e-05 -1.7495e-05 -1.7414e-05 -1.7334e-05 -1.7254e-05 -1.7174e-05 -1.7094e-05 -1.7014e-05 -1.6934e-05 -1.6854e-05 -1.6774e-05 -1.6693e-05 -1.6613e-05 -1.6532e-05 -1.6452e-05 -1.6370e-05 -1.6289e-05 -1.6207e-05 -1.6124e-05 -1.6042e-05 -1.5958e-05 -1.5874e-05 -1.5789e-05 -1.5704e-05 -1.5617e-05 -1.5530e-05 -1.5442e-05 -1.5353e-05 -1.5263e-05 -1.5171e-05 -1.5079e-05 -1.4985e-05 -1.4890e-05 -1.4794e-05 -1.4696e-05 -1.4597e-05 
+0000.00100 -1.2267e-05 -1.2204e-05 -1.2142e-05 -1.2080e-05 -1.2019e-05 -1.1958e-05 -1.1898e-05 -1.1838e-05 -1.1779e-05 -1.1720e-05 -1.1661e-05 -1.1603e-05 -1.1545e-05 -1.1488e-05 -1.1431e-05 -1.1374e-05 -1.1318e-05 -1.1262e-05 -1.1206e-05 -1.1150e-05 -1.1095e-05 -1.1040e-05 -1.0986e-05 -1.0931e-05 -1.0877e-05 -1.0823e-05 -1.0769e-05 -1.0715e-05 -1.0661e-05 -1.0608e-05 -1.0554e-05 -1.0501e-05 -1.0447e-05 -1.0394e-05 -1.0341e-05 -1.0287e-05 -1.0233e-05 -1.0180e-05 -1.0126e-05 -1.0072e-05 -1.0018e-05 -9.9631e-06 -9.9083e-06 -9.8533e-06 -9.7979e-06 -9.7422e-06 -9.6861e-06 -9.6295e-06 -9.5724e-06 -9.5149e-06 -9.4568e-06 -9.3981e-06 -9.3388e-06 -9.2788e-06 -9.2181e-06 -9.1567e-06 -9.0945e-06 -9.0314e-06 -8.9675e-06 -8.9027e-06 -8.8369e-06 
+0000.00050 -5.8795e-06 -5.8484e-06 -5.8174e-06 -5.7867e-06 -5.7563e-06 -5.7260e-06 -5.6960e-06 -5.6661e-06 -5.6365e-06 -5.6071e-06 -5.5779e-06 -5.5488e-06 -5.5200e-06 -5.4913e-06 -5.4628e-06 -5.4345e-06 -5.4063e-06 -5.3783e-06 -5.3505e-06 -5.3228e-06 -5.2952e-06 -5.2677e-06 -5.2404e-06 -5.2132e-06 -5.1860e-06 -5.1590e-06 -5.1320e-06 -5.1051e-06 -5.0782e-06 -5.0514e-06 -5.0247e-06 -4.9979e-06 -4.9712e-06 -4.9444e-06 -4.9176e-06 -4.8908e-06 -4.8640e-06 -4.8371e-06 -4.8101e-06 -4.7831e-06 -4.7559e-06 -4.7286e-06 -4.7012e-06 -4.6736e-06 -4.6459e-06 -4.6180e-06 -4.5899e-06 -4.5616e-06 -4.5330e-06 -4.5042e-06 -4.4751e-06 -4.4458e-06 -4.4161e-06 -4.3861e-06 -4.3557e-06 -4.3250e-06 -4.2939e-06 -4.2624e-06 -4.2304e-06 -4.1980e-06 -4.1652e-06 
+0000.00000 -8.7054e-09 -8.8462e-09 -8.9839e-09 -9.1183e-09 -9.2493e-09 -9.3767e-09 -9.5003e-09 -9.6200e-09 -9.7356e-09 -9.8470e-09 -9.9541e-09 -1.0057e-08 -1.0155e-08 -1.0248e-08 -1.0337e-08 -1.0420e-08 -1.0499e-08 -1.0573e-08 -1.0641e-08 -1.0705e-08 -1.0763e-08 -1.0815e-08 -1.0862e-08 -1.0904e-08 -1.0940e-08 -1.0971e-08 -1.0996e-08 -1.1016e-08 -1.1030e-08 -1.1038e-08 -1.1041e-08 -1.1038e-08 -1.1029e-08 -1.1015e-08 -1.0995e-08 -1.0970e-08 -1.0939e-08 -1.0903e-08 -1.0861e-08 -1.0814e-08 -1.0761e-08 -1.0704e-08 -1.0641e-08 -1.0573e-08 -1.0500e-08 -1.0422e-08 -1.0339e-08 -1.0252e-08 -1.0160e-08 -1.0063e-08 -9.9622e-09 -9.8569e-09 -9.7476e-09 -9.6342e-09 -9.5171e-09 -9.3962e-09 -9.2719e-09 -9.1442e-09 -9.0133e-09 -8.8794e-09 -8.7427e-09 
-0000.00050 +5.8621e-06 +5.8307e-06 +5.7995e-06 +5.7685e-06 +5.7378e-06 +5.7073e-06 +5.6770e-06 +5.6469e-06 +5.6171e-06 +5.5874e-06 +5.5580e-06 +5.5287e-06 +5.4997e-06 +5.4708e-06 +5.4422e-06 +5.4137e-06 +5.3854e-06 +5.3572e-06 +5.3292e-06 +5.3014e-06 +5.2737e-06 +5.2461e-06 +5.2187e-06 +5.1914e-06 +5.1642e-06 +5.1370e-06 +5.1100e-06 +5.0831e-06 +5.0562e-06 +5.0294e-06 +5.0026e-06 +4.9758e-06 +4.9491e-06 +4.9224e-06 +4.8957e-06 +4.8689e-06 +4.8421e-06 +4.8153e-06 +4.7884e-06 +4.7614e-06 +4.7344e-06 +4.7072e-06 +4.6799e-06 +4.6525e-06 +4.6249e-06 +4.5972e-06 +4.5692e-06 +4.5411e-06 +4.5127e-06 +4.4841e-06 +4.4552e-06 +4.4261e-06 +4.3966e-06 +4.3668e-06 +4.3367e-06 +4.3062e-06 +4.2754e-06 +4.2441e-06 +4.2124e-06 +4.1803e-06 +4.1477e-06 
-0000.00100 +1.2249e-05 +1.2187e-05 +1.2124e-05 +1.2062e-05 +1.2001e-05 +1.1940e-05 +1.1879e-05 +1.1819e-05 +1.1760e-05 +1.1700e-05 +1.1641e-05 +1.1583e-05 +1.1525e-05 +1.1467e-05 +1.1410e-05 +1.1353e-05 +1.1297e-05 +1.1240e-05 +1.1184e-05 +1.1129e-05 +1.1074e-05 +1.1019e-05 +1.0964e-05 +1.0909e-05 +1.0855e-05 +1.0801e-05 +1.0747e-05 +1.0693e-05 +1.0639e-05 +1.0586e-05 +1.0532e-05 +1.0479e-05 +1.0425e-05 +1.0372e-05 +1.0318e-05 +1.0265e-05 +1.0211e-05 +1.0158e-05 +1.0104e-05 +1.0050e-05 +9.9960e-06 +9.9416e-06 +9.8870e-06 +9.8321e-06 +9.7769e-06 +9.7214e-06 +9.6654e-06 +9.6090e-06 +9.5522e-06 +9.4948e-06 +9.4369e-06 +9.3785e-06 +9.3194e-06 +9.2596e-06 +9.1992e-06 +9.1380e-06 +9.0760e-06 +9.0132e-06 +8.9495e-06 +8.8849e-06 +8.8194e-06 
-0000.00150 +1.9727e-05 +1.9632e-05 +1.9538e-05 +1.9445e-05 +1.9353e-05 +1.9261e-05 +1.9171e-05 +1.9080e-05 +1.8991e-05 +1.8902e-05 +1.8814e-05 +1.8726e-05 +1.8639e-05 +1.8552e-05 +1.8466e-05 +1.8381e-05 +1.8296e-05 +1.8212e-05 +1.8128e-05 +1.8045e-05 +1.7962e-05 +1.7880e-05 +1.7798e-05 +1.7716e-05 +1.7634e-05 +1.7553e-05 +1.7473e-05 +1.7392e-05 +1.7312e-05 +1.7231e-05 +1.7151e-05 +1.7071e-05 +1.6991e-05 +1.6911e-05 +1.6832e-05 +1.6751e-05 +1.6671e-05 +1.6591e-05 +1.6511e-05 +1.6430e-05 +1.6349e-05 +1.6267e-05 +1.6185e-05 +1.6103e-05 +1.6020e-05 +1.5937e-05 +1.5853e-05 +1.5768e-05 +1.5683e-05 +1.5597e-05 +1.5510e-05 +1.5422e-05 +1.5333e-05 +1.5243e-05 +1.5152e-05 +1.5060e-05 +1.4966e-05 +1.4872e-05 +1.4776e-05 +1.4678e-05 +1.4579e-05 
-0000.00200 +2.8991e-05 +2.8865e-05 +2.8740e-05 +2.8616e-05 +2.8492e-05 +2.8370e-05 +2.8248e-05 +2.8128e-05 +2.8008e-05 +2.7890e-05 +2.7772e-05 +2.7655e-05 +2.7538e-05 +2.7423e-05 +2.7308e-05 +2.7195e-05 +2.7082e-05 +2.6969e-05 +2.6857e-05 +2.6746e-05 +2.6636e-05 +2.6526e-05 +2.6417e-05 +2.6308e-05 +2.6200e-05 +2.6092e-05 +2.5984e-05 +2.5877e-05 +2.5770e-05 +2.5663e-05 +2.5557e-05 +2.5451e-05 +2.5344e-05 +2.5238e-05 +2.5132e-05 +2.5025e-05 +2.4919e-05 +2.4812e-05 +2.4705e-05 +2.4597e-05 +2.4489e-05 +2.4381e-05 +2.4272e-05 +2.4163e-05 +2.4052e-05 +2.3941e-05 +2.3829e-05 +2.3717e-05 +2.3603e-05 +2.3488e-05 +2.3371e-05 +2.3254e-05 +2.3135e-05 +2.3015e-05 +2.2893e-05 +2.2769e-05 +2.2644e-05 +2.2517e-05 +2.2388e-05 +2.2256e-05 +2.2123e-05 
# Horizontal Final Position [m]
START
            -0000.01000 -0000.00967 -0000.00933 -0000.00900 -0000.00867 -0000.00833 -0000.00800 -0000.00767 -0000.00733 -0000.00700 -0000.00667 -0000.00633 -0000.00600 -0000.00567 -0000.00533 -0000.00500 -0000.00467 -0000.00433 -0000.00400 -0000.00367 -0000.00333 -0000.00300 -0000.00267 -0000.00233 -0000.00200 -0000.00167 -0000.00133 -0000.00100 -0000.00067 -0000.00033 +0000.00000 +0000.00033 +0000.00067 +0000.00100 +0000.00133 +0000.00167 +0000.00200 +0000.00233 +0000.00267 +0000.00300 +0000.00333 +0000.00367 +0000.00400 +0000.00433 +0000.00467 +0000.00500 +0000.00533 +0000.00567 +0000.00600 +0000.00633 +0000.00667 +0000.00700 +0000.00733 +0000.00767 +0000.00800 +0000.00833 +0000.00867 +0000.00900 +0000.00933 +0000.00967 +0000.01000 
+0000.00200 -1.0003e-02 -9.6700e-03 -9.3367e-03 -9.0034e-03 -8.6701e-03 -8.3368e-03 -8.0035e-03 -7.6701e-03 -7.3368e-03 -7.0035e-03 -6.6702e-03 -6.3369e-03 -6.0036e-03 -5.6702e-03 -5.3369e-03 -5.0036e-03 -4.6703e-03 -4.3369e-03 -4.0036e-03 -3.6703e-03 -3.3369e-03 -3.0036e-03 -2.6703e-03 -2.3369e-03 -2.0036e-03 -1.6703e-03 -1.3369e-03 -1.0036e-03 -6.7027e-04 -3.3694e-04 -3.6088e-06 +3.2972e-04 +6.6306e-04 +9.9639e-04 +1.3297e-03 +1.6631e-03 +1.9964e-03 +2.3297e-03 +2.6630e-03 +2.9964e-03 +3.3297e-03 +3.6630e-03 +3.9964e-03 +4.3297e-03 +4.6630e-03 +4.9964e-03 +5.3297e-03 +5.6631e-03 +5.9964e-03 +6.3297e-03 +6.6631e-03 +6.9964e-03 +7.3298e-03 +7.6631e-03 +7.9965e-03 +8.3298e-03 +8.6632e-03 +8.9966e-03 +9.3299e-03 +9.6633e-03 +9.9967e-03 
+0000.00150 -1.0003e-02 -9.6700e-03 -9.3367e-03 -9.0034e-03 -8.6701e-03 -8.3368e-03 -8.0035e-03 -7.6701e-03 -7.3368e-03 -7.0035e-03 -6.6702e-03 -6.3369e-03 -6.0036e-03 -5.6702e-03 -5.3369e-03 -5.0036e-03 -4.6703e-03 -4.3369e-03 -4.0036e-03 -3.6703e-03 -3.3369e-03 -3.0036e-03 -2.6703e-03 -2.3369e-03 -2.0036e-03 -1.6703e-03 -1.3369e-03 -1.0036e-03 -6.7027e-04 -3.3694e-04 -3.6092e-06 +3.2972e-04 +6.6305e-04 +9.9639e-04 +1.3297e-03 +1.6631e-03 +1.9964e-03 +2.3297e-03 +2.6630e-03 +2.9964e-03 +3.3297e-03 +3.6630e-03 +3.9964e-03 +4.3297e-03 +4.6630e-03 +4.9964e-03 +5.3297e-03 +5.6631e-03 +5.9964e-03 +6.3297e-03 +6.6631e-03 +6.9964e-03 +7.3298e-03 +7.6631e-03 +7.9965e-03 +8.3298e-03 +8.6632e-03 +8.9966e-03 +9.3299e-03 +9.6633e-03 +9.9967e-03 
+0000.00100 -1.0003e-02 -9.6700e-03 -9.3367e-03 -9.0034e-03 -8.6701e-03 -8.3368e-03 -8.0035e-03 -7.6701e-03 -7.3368e-03 -7.0035e-03 -6.6702e-03 -6.3369e-03 -6.0036e-03 -5.6702e-03 -5.3369e-03 -5.0036e-03 -4.6703e-03 -4.3369e-03 -4.0036e-03 -3.6703e-03 -3.3369e-03 -3.0036e-03 -2.6703e-03 -2.3369e-03 -2.0036e-03 -1.6703e-03 -1.3369e-03 -1.0036e-03 -6.7027e-04 -3.3694e-04 -3.6094e-06 +3.2972e-04 +6.6305e-04 +9.9639e-04 +1.3297e-03 +1.6631e-03 +1.9964e-03 +2.3297e-03 +2.6630e-03 +2.9964e-03 +3.3297e-03 +3.6630e-03 +3.9964e-03 +4.3297e-03 +4.6630e-03 +4.9964e-03 +5.3297e-03 +5.6631e-03 +5.9964e-03 +6.3297e-03 +6.6631e-03 +6.9964e-03 +7.3298e-03 +7.6631e-03 +7.9965e-03 +8.3298e-03 +8.6632e-03 +8.9966e-03 +9.3299e-03 +9.6633e-03 +9.9967e-03 
+0000.00050 -1.0003e-02 -9.6700e-03 -9.3367e-03 -9.0034e-03 -8.6701e-03 -8.3368e-03 -8.0035e-03 -7.6701e-03 -7.3368e-03 -7.0035e-03 -6.6702e-03 -6.3369e-03 -6.0036e-03 -5.6702e-03 -5.3369e-03 -5.0036e-03 -4.6703e-03 -4.3369e-03 -4.0036e-03 -3.6703e-03 -3.3369e-03 -3.0036e-03 -2.6703e-03 -2.3369e-03 -2.0036e-03 -1.6703e-03 -1.3369e-03 -1.0036e-03 -6.7027e-04 -3.3694e-04 -3.6095e-06 +3.2972e-04 +6.6305e-04 +9.9639e-04 +1.3297e-03 +1.6631e-03 +1.9964e-03 +2.3297e-03 +2.6630e-03 +2.9964e-03 +3.3297e-03 +3.6630e-03 +3.9964e-03 +4.3297e-03 +4.6630e-03 +4.9964e-03 +5.3297e-03 +5.6631e-03 +5.9964e-03 +6.3297e-03 +6.6631e-03 +6.9964e-03 +7.3298e-03 +7.6631e-03 +7.9965e-03 +8.3298e-03 +8.6632e-03 +8.9966e-03 +9.3299e-03 +9.6633e-03 +9.9967e-03 
+0000.00000 -1.0003e-02 -9.6700e-03 -9.3367e-03 -9.0034e-03 -8.6701e-03 -8.3368e-03 -8.0035e-03 -7.6701e-03 -7.3368e-03 -7.0035e-03 -6.6702e-03 -6.3369e-03 -6.0036e-03 -5.6702e-03 -5.3369e-03 -5.0036e-03 -4.6703e-03 -4.3369e-03 -4.0036e-03 -3.6703e-03 -3.3369e-03 -3.0036e-03 -2.6703e-03 -2.3369e-03 -2.0036e-03 -1.6703e-03 -1.3369e-03 -1.0036e-03 -6.7027e-04 -3.3694e-04 -3.6096e-06 +3.2972e-04 +6.6305e-04 +9.9639e-04 +1.3297e-03 +1.6631e-03 +1.9964e-03 +2.3297e-03 +2.6630e-03 +2.9964e-03 +3.3297e-03 +3.6630e-03 +3.9964e-03 +4.3297e-03 +4.6630e-03 +4.9964e-03 +5.3297e-03 +5.6631e-03 +5.9964e-03 +6.3297e-03 +6.6631e-03 +6.9964e-03 +7.3298e-03 +7.6631e-03 +7.9965e-03 +8.3298e-03 +8.6632e-03 +8.9966e-03 +9.3299e-03 +9.6633e-03 +9.9967e-03 
-0000.00050 -1.0003e-02 -9.6700e-03 -9.3367e-03 -9.0034e-03 -8.6701e-03 -8.3368e-03 -8.0035e-03 -7.6701e-03 -7.3368e-03 -7.0035e-03 -6.6702e-03 -6.3369e-03 -6.0036e-03 -5.6702e-03 -5.3369e-03 -5.0036e-03 -4.6703e-03 -4.3369e-03 -4.0036e-03 -3.6703e-03 -3.3369e-03 -3.0036e-03 -2.6703e-03 -2.3369e-03 -2.0036e-03 -1.6703e-03 -1.3369e-03 -1.0036e-03 -6.7027e-04 -3.3694e-04 -3.6095e-06 +3.2972e-04 +6.6305e-04 +9.9639e-04 +1.3297e-03 +1.6631e-03 +1.9964e-03 +2.3297e-03 +2.6630e-03 +2.9964e-03 +3.3297e-03 +3.6630e-03 +3.9964e-03 +4.3297e-03 +4.6630e-03 +4.9964e-03 +5.3297e-03 +5.6631e-03 +5.9964e-03 +6.3297e-03 +6.6631e-03 +6.9964e-03 +7.3298e-03 +7.6631e-03 +7.9965e-03 +8.3298e-03 +8.6632e-03 +8.9966e-03 +9.3299e-03 +9.6633e-03 +9.9967e-03 
-0000.00100 -1.0003e-02 -9.6700e-03 -9.3367e-03 -9.0034e-03 -8.6701e-03 -8.3368e-03 -8.0035e-03 -7.6701e-03 -7.3368e-03 -7.0035e-03 -6.6702e-03 -6.3369e-03 -6.0036e-03 -5.6702e-03 -5.3369e-03 -5.0036e-03 -4.6703e-03 -4.3369e-03 -4.0036e-03 -3.6703e-03 -3.3369e-03 -3.0036e-03 -2.6703e-03 -2.3369e-03 -2.0036e-03 -1.6703e-03 -1.3369e-03 -1.0036e-03 -6.7027e-04 -3.3694e-04 -3.6094e-06 +3.2972e-04 +6.6305e-04 +9.9639e-04 +1.3297e-03 +1.6631e-03 +1.9964e-03 +2.3297e-03 +2.6630e-03 +2.9964e-03 +3.3297e-03 +3.6630e-03 +3.9964e-03 +4.3297e-03 +4.6630e-03 +4.9964e-03 +5.3297e-03 +5.6631e-03 +5.9964e-03 +6.3297e-03 +6.6631e-03 +6.9964e-03 +7.3298e-03 +7.6631e-03 +7.9965e-03 +8.3298e-03 +8.6632e-03 +8.9966e-03 +9.3299e-03 +9.6633e-03 +9.9967e-03 
-0000.00150 -1.0003e-02 -9.6700e-03 -9.3367e-03 -9.0034e-03 -8.6701e-03 -8.3368e-03 -8.0035e-03 -7.6701e-03 -7.3368e-03 -7.0035e-03 -6.6702e-03 -6.3369e-03 -6.0036e-03 -5.6702e-03 -5.3369e-03 -5.0036e-03 -4.6703e-03 -4.3369e-03 -4.0036e-03 -3.6703e-03 -3.3369e-03 -3.0036e-03 -2.6703e-03 -2.3369e-03 -2.0036e-03 -1.6703e-03 -1.3369e-03 -1.0036e-03 -6.7027e-04 -3.3694e-04 -3.6092e-06 +3.2972e-04 +6.6305e-04 +9.9639e-04 +1.3297e-03 +1.6631e-03 +1.9964e-03 +2.3297e-03 +2.6630e-03 +2.9964e-03 +3.3297e-03 +3.6630e-03 +3.9964e-03 +4.3297e-03 +4.6630e-03 +4.9964e-03 +5.3297e-03 +5.6631e-03 +5.9964e-03 +6.3297e-03 +6.6631e-03 +6.9964e-03 +7.3298e-03 +7.6631e-03 +7.9965e-03 +8.3298e-03 +8.6632e-03 +8.9966e-03 +9.3299e-03 +9.6633e-03 +9.9967e-03 
-0000.00200 -1.0003e-02 -9.6700e-03 -9.3367e-03 -9.0034e-03 -8.6701e-03 -8.3368e-03 -8.0035e-03 -7.6701e-03 -7.3368e-03 -7.0035e-03 -6.6702e-03 -6.3369e-03 -6.0036e-03 -5.6702e-03 -5.3369e-03 -5.0036e-03 -4.6703e-03 -4.3369e-03 -4.0036e-03 -3.6703e-03 -3.3369e-03 -3.0036e-03 -2.6703e-03 -2.3369e-03 -2.0036e-03 -1.6703e-03 -1.3369e-03 -1.0036e-03 -6.7027e-04 -3.3694e-04 -3.6088e-06 +3.2972e-04 +6.6306e-04 +9.9639e-04 +1.3297e-03 +1.6631e-03 +1.9964e-03 +2.3297e-03 +2.6630e-03 +2.9964e-03 +3.3297e-03 +3.6630e-03 +3.9964e-03 +4.3297e-03 +4.6630e-03 +4.9964e-03 +5.3297e-03 +5.6631e-03 +5.9964e-03 +6.3297e-03 +6.6631e-03 +6.9964e-03 +7.3298e-03 +7.6631e-03 +7.9965e-03 +8.3298e-03 +8.6632e-03 +8.9966e-03 +9.3299e-03 +9.6633e-03 +9.9967e-03 
# Vertical Final Position [m]
START
            -0000.01000 -0000.00967 -0000.00933 -0000.00900 -0000.00867 -0000.00833 -0000.00800 -0000.00767 -0000.00733 -0000.00700 -0000.00667 -0000.00633 -0000.00600 -0000.00567 -0000.00533 -0000.00500 -0000.00467 -0000.00433 -0000.00400 -0000.00367 -0000.00333 -0000.00300 -0000.00267 -0000.00233 -0000.00200 -0000.00167 -0000.00133 -0000.00100 -0000.00067 -0000.00033 +0000.00000 +0000.00033 +0000.00067 +0000.00100 +0000.00133 +0000.00167 +0000.00200 +0000.00233 +0000.00267 +0000.00300 +0000.00333 +0000.00367 +0000.00400 +0000.00433 +0000.00467 +0000.00500 +0000.00533 +0000.00567 +0000.00600 +0000.00633 +0000.00667 +0000.00700 +0000.00733 +0000.00767 +0000.00800 +0000.00833 +0000.00867 +0000.00900 +0000.00933 +0000.00967 +0000.01000 
+0000.00200 +2.0000e-03 +2.0000e-03 +2.0000e-03 +2.0000e-03 +2.0000e-03 +2.0000e-03 +2.0000e-03 +2.0000e-03 +2.0000e-03 +2.0000e-03 +2.0000e-03 +2.0000e-03 +2.0000e-03 +2.0000e-03 +2.0000e-03 +2.0000e-03 +2.0000e-03 +2.0000e-03 +2.0000e-03 +2.0000e-03 +2.0000e-03 +2.0000e-03 +2.0000e-03 +2.0000e-03 +2.0000e-03 +2.0000e-03 +2.0000e-03 +2.0000e-03 +2.0000e-03 +2.0000e-03 +2.0000e-03 +2.0000e-03 +2.0000e-03 +2.0000e-03 +2.0000e-03 +2.0000e-03 +2.0000e-03 +2.0000e-03 +2.0000e-03 +2.0000e-03 +2.0000e-03 +2.0000e-03 +2.0000e-03 +2.0000e-03 +1.9999e-03 +1.9999e-03 +1.9999e-03 +1.9999e-03 +1.9999e-03 +1.9999e-03 +1.9999e-03 +1.9999e-03 +1.9999e-03 +1.9999e-03 +1.9999e-03 +1.9999e-03 +1.9999e-03 +1.9999e-03 +1.9999e-03 +1.9999e-03 +1.9999e-03 
+0000.00150 +1.5000e-03 +1.5000e-03 +1.5000e-03 +1.5000e-03 +1.5000e-03 +1.5000e-03 +1.5000e-03 +1.5000e-03 +1.5000e-03 +1.5000e-03 +1.5000e-03 +1.5000e-03 +1.5000e-03 +1.5000e-03 +1.5000e-03 +1.5000e-03 +1.5000e-03 +1.5000e-03 +1.5000e-03 +1.5000e-03 +1.5000e-03 +1.5000e-03 +1.5000e-03 +1.5000e-03 +1.5000e-03 +1.5000e-03 +1.5000e-03 +1.5000e-03 +1.5000e-03 +1.5000e-03 +1.5000e-03 +1.5000e-03 +1.5000e-03 +1.5000e-03 +1.5000e-03 +1.5000e-03 +1.5000e-03 +1.5000e-03 +1.5000e-03 +1.5000e-03 +1.5000e-03 +1.5000e-03 +1.5000e-03 +1.5000e-03 +1.5000e-03 +1.5000e-03 +1.5000e-03 +1.5000e-03 +1.5000e-03 +1.5000e-03 +1.4999e-03 +1.4999e-03 +1.4999e-03 +1.4999e-03 +1.4999e-03 +1.4999e-03 +1.4999e-03 +1.4999e-03 +1.4999e-03 +1.4999e-03 +1.4999e-03 
+0000.00100 +1.0000e-03 +1.0000e-03 +1.0000e-03 +1.0000e-03 +1.0000e-03 +1.0000e-03 +1.0000e-03 +1.0000e-03 +1.0000e-03 +1.0000e-03 +1.0000e-03 +1.0000e-03 +1.0000e-03 +1.0000e-03 +1.0000e-03 +1.0000e-03 +1.0000e-03 +1.0000e-03 +1.0000e-03 +1.0000e-03 +1.0000e-03 +1.0000e-03 +1.0000e-03 +1.0000e-03 +1.0000e-03 +9.9999e-04 +9.9999e-04 +9.9999e-04 +9.9999e-04 +9.9999e-04 +9.9999e-04 +9.9999e-04 +9.9999e-04 +9.9999e-04 +9.9999e-04 +9.9999e-04 +9.9998e-04 +9.9998e-04 +9.9998e-04 +9.9998e-04 +9.9998e-04 +9.9998e-04 +9.9998e-04 +9.9998e-04 +9.9997e-04 +9.9997e-04 +9.9997e-04 +9.9997e-04 +9.9997e-04 +9.9997e-04 +9.9997e-04 +9.9997e-04 +9.9996e-04 +9.9996e-04 +9.9996e-04 +9.9996e-04 +9.9996e-04 +9.9996e-04 +9.9996e-04 +9.9995e-04 +9.9995e-04 
+0000.00050 +5.0001e-04 +5.0001e-04 +5.0001e-04 +5.0001e-04 +5.0001e-04 +5.0001e-04 +5.0001e-04 +5.0001e-04 +5.0001e-04 +5.0001e-04 +5.0001e-04 +5.0000e-04 +5.0000e-04 +5.0000e-04 +5.0000e-04 +5.0000e-04 +5.0000e-04 +5.0000e-04 +5.0000e-04 +5.0000e-04 +5.0000e-04 +5.0000e-04 +5.0000e-04 +5.0000e-04 +5.0000e-04 +5.0000e-04 +5.0000e-04 +5.0000e-04 +5.0000e-04 +4.9999e-04 +4.9999e-04 +4.9999e-04 +4.9999e-04 +4.9999e-04 +4.9999e-04 +4.9999e-04 +4.9999e-04 +4.9999e-04 +4.9999e-04 +4.9999e-04 +4.9999e-04 +4.9999e-04 +4.9999e-04 +4.9999e-04 +4.9999e-04 +4.9999e-04 +4.9999e-04 +4.9999e-04 +4.9999e-04 +4.9999e-04 +4.9998e-04 +4.9998e-04 +4.9998e-04 +4.9998e-04 +4.9998e-04 +4.9998e-04 +4.9998e-04 +4.9998e-04 +4.9998e-04 +4.9998e-04 +4.9998e-04 
+0000.00000 -2.4266e-11 -2.4631e-11 -2.4986e-11 -2.5332e-11 -2.5668e-11 -2.5994e-11 -2.6310e-11 -2.6616e-11 -2.6910e-11 -2.7194e-11 -2.7466e-11 -2.7727e-11 -2.7975e-11 -2.8212e-11 -2.8436e-11 -2.8648e-11 -2.8847e-11 -2.9033e-11 -2.9206e-11 -2.9366e-11 -2.9513e-11 -2.9646e-11 -2.9766e-11 -2.9871e-11 -2.9963e-11 -3.0042e-11 -3.0106e-11 -3.0156e-11 -3.0192e-11 -3.0214e-11 -3.0222e-11 -3.0216e-11 -3.0196e-11 -3.0161e-11 -3.0113e-11 -3.0050e-11 -2.9974e-11 -2.9883e-11 -2.9779e-11 -2.9661e-11 -2.9529e-11 -2.9383e-11 -2.9225e-11 -2.9052e-11 -2.8867e-11 -2.8669e-11 -2.8457e-11 -2.8233e-11 -2.7997e-11 -2.7748e-11 -2.7488e-11 -2.7215e-11 -2.6931e-11 -2.6635e-11 -2.6328e-11 -2.6011e-11 -2.5683e-11 -2.5345e-11 -2.4997e-11 -2.4639e-11 -2.4272e-11 
-0000.00050 -5.0001e-04 -5.0001e-04 -5.0001e-04 -5.0001e-04 -5.0001e-04 -5.0001e-04 -5.0001e-04 -5.0001e-04 -5.0001e-04 -5.0001e-04 -5.0001e-04 -5.0000e-04 -5.0000e-04 -5.0000e-04 -5.0000e-04 -5.0000e-04 -5.0000e-04 -5.0000e-04 -5.0000e-04 -5.0000e-04 -5.0000e-04 -5.0000e-04 -5.0000e-04 -5.0000e-04 -5.0000e-04 -5.0000e-04 -5.0000e-04 -5.0000e-04 -5.0000e-04 -5.0000e-04 -5.0000e-04 -5.0000e-04 -4.9999e-04 -4.9999e-04 -4.9999e-04 -4.9999e-04 -4.9999e-04 -4.9999e-04 -4.9999e-04 -4.9999e-04 -4.9999e-04 -4.9999e-04 -4.9999e-04 -4.9999e-04 -4.9999e-04 -4.9999e-04 -4.9999e-04 -4.9999e-04 -4.9999e-04 -4.9999e-04 -4.9998e-04 -4.9998e-04 -4.9998e-04 -4.9998e-04 -4.9998e-04 -4.9998e-04 -4.9998e-04 -4.9998e-04 -4.9998e-04 -4.9998e-04 -4.9998e-04 
-0000.00100 -1.0000e-03 -1.0000e-03 -1.0000e-03 -1.0000e-03 -1.0000e-03 -1.0000e-03 -1.0000e-03 -1.0000e-03 -1.0000e-03 -1.0000e-03 -1.0000e-03 -1.0000e-03 -1.0000e-03 -1.0000e-03 -1.0000e-03 -1.0000e-03 -1.0000e-03 -1.0000e-03 -1.0000e-03 -1.0000e-03 -1.0000e-03 -1.0000e-03 -1.0000e-03 -1.0000e-03 -1.0000e-03 -9.9999e-04 -9.9999e-04 -9.9999e-04 -9.9999e-04 -9.9999e-04 -9.9999e-04 -9.9999e-04 -9.9999e-04 -9.9999e-04 -9.9999e-04 -9.9999e-04 -9.9998e-04 -9.9998e-04 -9.9998e-04 -9.9998e-04 -9.9998e-04 -9.9998e-04 -9.9998e-04 -9.9998e-04 -9.9997e-04 -9.9997e-04 -9.9997e-04 -9.9997e-04 -9.9997e-04 -9.9997e-04 -9.9997e-04 -9.9997e-04 -9.9996e-04 -9.9996e-04 -9.9996e-04 -9.9996e-04 -9.9996e-04 -9.9996e-04 -9.9996e-04 -9.9995e-04 -9.9995e-04 
-0000.00150 -1.5000e-03 -1.5000e-03 -1.5000e-03 -1.5000e-03 -1.5000e-03 -1.5000e-03 -1.5000e-03 -1.5000e-03 -1.5000e-03 -1.5000e-03 -1.5000e-03 -1.5000e-03 -1.5000e-03 -1.5000e-03 -1.5000e-03 -1.5000e-03 -1.5000e-03 -1.5000e-03 -1.5000e-03 -1.5000e-03 -1.5000e-03 -1.5000e-03 -1.5000e-03 -1.5000e-03 -1.5000e-03 -1.5000e-03 -1.5000e-03 -1.5000e-03 -1.5000e-03 -1.5000e-03 -1.5000e-03 -1.5000e-03 -1.5000e-03 -1.5000e-03 -1.5000e-03 -1.5000e-03 -1.5000e-03 -1.5000e-03 -1.5000e-03 -1.5000e-03 -1.5000e-03 -1.5000e-03 -1.5000e-03 -1.5000e-03 -1.5000e-03 -1.5000e-03 -1.5000e-03 -1.5000e-03 -1.5000e-03 -1.5000e-03 -1.4999e-03 -1.4999e-03 -1.4999e-03 -1.4999e-03 -1.4999e-03 -1.4999e-03 -1.4999e-03 -1.4999e-03 -1.4999e-03 -1.4999e-03 -1.4999e-03 
-0000.00200 -2.0000e-03 -2.0000e-03 -2.0000e-03 -2.0000e-03 -2.0000e-03 -2.0000e-03 -2.0000e-03 -2.0000e-03 -2.0000e-03 -2.0000e-03 -2.0000e-03 -2.0000e-03 -2.0000e-03 -2.0000e-03 -2.0000e-03 -2.0000e-03 -2.0000e-03 -2.0000e-03 -2.0000e-03 -2.0000e-03 -2.0000e-03 -2.0000e-03 -2.0000e-03 -2.0000e-03 -2.0000e-03 -2.0000e-03 -2.0000e-03 -2.0000e-03 -2.0000e-03 -2.0000e-03 -2.0000e-03 -2.0000e-03 -2.0000e-03 -2.0000e-03 -2.0000e-03 -2.0000e-03 -2.0000e-03 -2.0000e-03 -2.0000e-03 -2.0000e-03 -2.0000e-03 -2.0000e-03 -2.0000e-03 -2.0000e-03 -1.9999e-03 -1.9999e-03 -1.9999e-03 -1.9999e-03 -1.9999e-03 -1.9999e-03 -1.9999e-03 -1.9999e-03 -1.9999e-03 -1.9999e-03 -1.9999e-03 -1.9999e-03 -1.9999e-03 -1.9999e-03 -1.9999e-03 -1.9999e-03 -1.9999e-03 