# Author: FAC idanalysis.IDKickMap
#
# Total Length of Longitudinal Interval [m]
0.13
# Number of Horizontal Points
25
# Number of Vertical Points
9
# Total Horizontal 2nd Order Kick [T2m2]
START
            -0000.01200 -0000.01100 -0000.01000 -0000.00900 -0000.00800 -0000.00700 -0000.00600 -0000.00500 -0000.00400 -0000.00300 -0000.00200 -0000.00100 +0000.00000 +0000.00100 +0000.00200 +0000.00300 +0000.00400 +0000.00500 +0000.00600 +0000.00700 +0000.00800 +0000.00900 +0000.01000 +0000.01100 +0000.01200
+0000.00200 -1.4005e-04 -1.3905e-04 -1.3384e-04 -1.2193e-04 -1.3073e-04 -1.3271e-04 -1.3086e-04 -1.2344e-04 -1.2266e-04 -1.2858e-04 -1.2957e-04 -1.2643e-04 -1.1588e-04 -1.2542e-04 -1.2925e-04 -1.2913e-04 -1.2365e-04 -1.2213e-04 -1.2993e-04 -1.3262e-04 -1.3124e-04 -1.2201e-04 -1.3267e-04 -1.3845e-04 -1.4028e-04
+0000.00150 -1.1816e-04 -1.1691e-04 -1.1267e-04 -1.0770e-04 -1.0972e-04 -1.1074e-04 -1.0899e-04 -1.0449e-04 -1.0380e-04 -1.0692e-04 -1.0750e-04 -1.0514e-04 -1.0151e-04 -1.0463e-04 -1.0732e-04 -1.0719e-04 -1.0414e-04 -1.0398e-04 -1.0847e-04 -1.1064e-04 -1.0991e-04 -1.0756e-04 -1.1206e-04 -1.1655e-04 -1.1819e-04
+0000.00100 -1.1740e-04 -1.1593e-04 -1.1266e-04 -1.0963e-04 -1.0969e-04 -1.0984e-04 -1.0831e-04 -1.0558e-04 -1.0491e-04 -1.0629e-04 -1.0653e-04 -1.0498e-04 -1.0337e-04 -1.0472e-04 -1.0641e-04 -1.0641e-04 -1.0499e-04 -1.0530e-04 -1.0796e-04 -1.0970e-04 -1.0968e-04 -1.0944e-04 -1.1225e-04 -1.1561e-04 -1.1725e-04
+0000.00050 -1.1709e-04 -1.1550e-04 -1.1279e-04 -1.1043e-04 -1.0978e-04 -1.0943e-04 -1.0805e-04 -1.0612e-04 -1.0545e-04 -1.0605e-04 -1.0608e-04 -1.0502e-04 -1.0412e-04 -1.0487e-04 -1.0600e-04 -1.0609e-04 -1.0545e-04 -1.0592e-04 -1.0779e-04 -1.0927e-04 -1.0969e-04 -1.1022e-04 -1.1244e-04 -1.1517e-04 -1.1684e-04
+0000.00000 -1.1702e-04 -1.1538e-04 -1.1284e-04 -1.1065e-04 -1.0982e-04 -1.0931e-04 -1.0798e-04 -1.0628e-04 -1.0561e-04 -1.0599e-04 -1.0595e-04 -1.0504e-04 -1.0433e-04 -1.0492e-04 -1.0588e-04 -1.0600e-04 -1.0559e-04 -1.0610e-04 -1.0775e-04 -1.0915e-04 -1.0970e-04 -1.1043e-04 -1.1249e-04 -1.1503e-04 -1.1671e-04
-0000.00050 -1.1714e-04 -1.1553e-04 -1.1281e-04 -1.1044e-04 -1.0979e-04 -1.0943e-04 -1.0805e-04 -1.0612e-04 -1.0545e-04 -1.0605e-04 -1.0608e-04 -1.0501e-04 -1.0412e-04 -1.0487e-04 -1.0600e-04 -1.0609e-04 -1.0545e-04 -1.0592e-04 -1.0780e-04 -1.0928e-04 -1.0969e-04 -1.1021e-04 -1.1242e-04 -1.1514e-04 -1.1679e-04
-0000.00100 -1.1749e-04 -1.1601e-04 -1.1271e-04 -1.0965e-04 -1.0969e-04 -1.0984e-04 -1.0830e-04 -1.0557e-04 -1.0491e-04 -1.0629e-04 -1.0653e-04 -1.0498e-04 -1.0336e-04 -1.0473e-04 -1.0641e-04 -1.0641e-04 -1.0499e-04 -1.0530e-04 -1.0797e-04 -1.0971e-04 -1.0968e-04 -1.0942e-04 -1.1221e-04 -1.1554e-04 -1.1715e-04
-0000.00150 -1.1831e-04 -1.1702e-04 -1.1274e-04 -1.0773e-04 -1.0972e-04 -1.1073e-04 -1.0898e-04 -1.0449e-04 -1.0381e-04 -1.0692e-04 -1.0749e-04 -1.0514e-04 -1.0151e-04 -1.0464e-04 -1.0732e-04 -1.0719e-04 -1.0413e-04 -1.0399e-04 -1.0848e-04 -1.1066e-04 -1.0991e-04 -1.0753e-04 -1.1199e-04 -1.1644e-04 -1.1804e-04
-0000.00200 -1.4026e-04 -1.3920e-04 -1.3393e-04 -1.2196e-04 -1.3072e-04 -1.3270e-04 -1.3083e-04 -1.2343e-04 -1.2267e-04 -1.2858e-04 -1.2956e-04 -1.2642e-04 -1.1588e-04 -1.2543e-04 -1.2926e-04 -1.2913e-04 -1.2364e-04 -1.2214e-04 -1.2995e-04 -1.3264e-04 -1.3125e-04 -1.2198e-04 -1.3258e-04 -1.3831e-04 -1.4007e-04
# Total Vertical 2nd Order Kick [T2m2]
START
            -0000.01200 -0000.01100 -0000.01000 -0000.00900 -0000.00800 -0000.00700 -0000.00600 -0000.00500 -0000.00400 -0000.00300 -0000.00200 -0000.00100 +0000.00000 +0000.00100 +0000.00200 +0000.00300 +0000.00400 +0000.00500 +0000.00600 +0000.00700 +0000.00800 +0000.00900 +0000.01000 +0000.01100 +0000.01200
+0000.00200 -1.9674e-04 -2.0089e-04 -2.0495e-04 -1.9827e-04 -1.9368e-04 -1.9699e-04 -2.0113e-04 -2.0371e-04 -1.9148e-04 -1.9337e-04 -1.9735e-04 -2.0145e-04 -1.9740e-04 -1.9061e-04 -1.9386e-04 -1.9812e-04 -2.0129e-04 -1.8923e-04 -1.9042e-04 -1.9420e-04 -1.9832e-04 -1.9557e-04 -1.8721e-04 -1.9043e-04 -1.9492e-04
+0000.00150 -1.2961e-04 -1.3210e-04 -1.3393e-04 -1.3073e-04 -1.2789e-04 -1.2952e-04 -1.3189e-04 -1.3205e-04 -1.2723e-04 -1.2718e-04 -1.2952e-04 -1.3150e-04 -1.2895e-04 -1.2572e-04 -1.2723e-04 -1.2972e-04 -1.3035e-04 -1.2559e-04 -1.2504e-04 -1.2721e-04 -1.2923e-04 -1.2695e-04 -1.2330e-04 -1.2474e-04 -1.2744e-04
+0000.00100 -7.8980e-05 -8.0275e-05 -8.1018e-05 -7.9470e-05 -7.8033e-05 -7.8740e-05 -7.9932e-05 -7.9711e-05 -7.7647e-05 -7.7374e-05 -7.8579e-05 -7.9441e-05 -7.8146e-05 -7.6614e-05 -7.7248e-05 -7.8525e-05 -7.8545e-05 -7.6502e-05 -7.5981e-05 -7.7070e-05 -7.7955e-05 -7.6728e-05 -7.5045e-05 -7.5640e-05 -7.7067e-05
+0000.00050 -3.7465e-05 -3.7982e-05 -3.8229e-05 -3.7592e-05 -3.6994e-05 -3.7251e-05 -3.7733e-05 -3.7585e-05 -3.6788e-05 -3.6629e-05 -3.7124e-05 -3.7443e-05 -3.6907e-05 -3.6291e-05 -3.6519e-05 -3.7042e-05 -3.6991e-05 -3.6200e-05 -3.5940e-05 -3.6376e-05 -3.6701e-05 -3.6185e-05 -3.5523e-05 -3.5749e-05 -3.6364e-05
+0000.00000 -1.0478e-07 -6.4011e-08 -3.4537e-08 -1.7963e-08 -1.2071e-08 -1.2774e-08 -1.6086e-08 -1.8716e-08 -1.9200e-08 -1.9197e-08 -2.0275e-08 -2.2038e-08 -2.3105e-08 -2.2632e-08 -2.1514e-08 -2.1023e-08 -2.1425e-08 -2.1229e-08 -1.8998e-08 -1.6176e-08 -1.5865e-08 -2.1883e-08 -3.8313e-08 -6.7492e-08 -1.0795e-07
-0000.00050 +3.7256e-05 +3.7857e-05 +3.8163e-05 +3.7559e-05 +3.6972e-05 +3.7226e-05 +3.7701e-05 +3.7547e-05 +3.6750e-05 +3.6591e-05 +3.7084e-05 +3.7398e-05 +3.6861e-05 +3.6246e-05 +3.6476e-05 +3.7000e-05 +3.6948e-05 +3.6157e-05 +3.5901e-05 +3.6344e-05 +3.6671e-05 +3.6144e-05 +3.5450e-05 +3.5618e-05 +3.6149e-05
-0000.00100 +7.8775e-05 +8.0159e-05 +8.0962e-05 +7.9445e-05 +7.8016e-05 +7.8717e-05 +7.9899e-05 +7.9670e-05 +7.7609e-05 +7.7337e-05 +7.8539e-05 +7.9396e-05 +7.8098e-05 +7.6568e-05 +7.7205e-05 +7.8484e-05 +7.8502e-05 +7.6456e-05 +7.5942e-05 +7.7040e-05 +7.7930e-05 +7.6695e-05 +7.4982e-05 +7.5517e-05 +7.6856e-05
-0000.00150 +1.2942e-04 +1.3200e-04 +1.3390e-04 +1.3072e-04 +1.2788e-04 +1.2950e-04 +1.3186e-04 +1.3200e-04 +1.2719e-04 +1.2714e-04 +1.2948e-04 +1.3145e-04 +1.2890e-04 +1.2568e-04 +1.2719e-04 +1.2968e-04 +1.3031e-04 +1.2554e-04 +1.2500e-04 +1.2718e-04 +1.2922e-04 +1.2693e-04 +1.2326e-04 +1.2464e-04 +1.2724e-04
-0000.00200 +1.9658e-04 +2.0081e-04 +2.0493e-04 +1.9828e-04 +1.9368e-04 +1.9698e-04 +2.0110e-04 +2.0365e-04 +1.9145e-04 +1.9334e-04 +1.9731e-04 +2.0140e-04 +1.9734e-04 +1.9056e-04 +1.9382e-04 +1.9808e-04 +2.0125e-04 +1.8917e-04 +1.9038e-04 +1.9418e-04 +1.9831e-04 +1.9557e-04 +1.8719e-04 +1.9034e-04 +1.9475e-04
# Horizontal Final Position [m]
START
            -0000.01200 -0000.01100 -0000.01000 -0000.00900 -0000.00800 -0000.00700 -0000.00600 -0000.00500 -0000.00400 -0000.00300 -0000.00200 -0000.00100 +0000.00000 +0000.00100 +0000.00200 +0000.00300 +0000.00400 +0000.00500 +0000.00600 +0000.00700 +0000.00800 +0000.00900 +0000.01000 +0000.01100 +0000.01200
+0000.00200 -1.2000e-02 -1.1000e-02 -1.0000e-02 -9.0002e-03 -8.0003e-03 -7.0003e-03 -6.0003e-03 -5.0003e-03 -4.0003e-03 -3.0004e-03 -2.0004e-03 -1.0004e-03 -3.5725e-07 +9.9963e-04 +1.9996e-03 +2.9996e-03 +3.9997e-03 +4.9997e-03 +5.9997e-03 +6.9997e-03 +7.9997e-03 +8.9998e-03 +9.9998e-03 +1.1000e-02 +1.2000e-02
+0000.00150 -1.2000e-02 -1.1000e-02 -1.0000e-02 -9.0002e-03 -8.0003e-03 -7.0003e-03 -6.0003e-03 -5.0004e-03 -4.0004e-03 -3.0004e-03 -2.0004e-03 -1.0004e-03 -3.9486e-07 +9.9960e-04 +1.9996e-03 +2.9996e-03 +3.9996e-03 +4.9996e-03 +5.9997e-03 +6.9997e-03 +7.9997e-03 +8.9998e-03 +9.9998e-03 +1.1000e-02 +1.2000e-02
+0000.00100 -1.2000e-02 -1.1000e-02 -1.0000e-02 -9.0002e-03 -8.0003e-03 -7.0003e-03 -6.0003e-03 -5.0004e-03 -4.0004e-03 -3.0004e-03 -2.0004e-03 -1.0004e-03 -3.9986e-07 +9.9960e-04 +1.9996e-03 +2.9996e-03 +3.9996e-03 +4.9996e-03 +5.9997e-03 +6.9997e-03 +7.9997e-03 +8.9998e-03 +9.9998e-03 +1.1000e-02 +1.2000e-02
+0000.00050 -1.2000e-02 -1.1000e-02 -1.0000e-02 -9.0002e-03 -8.0003e-03 -7.0003e-03 -6.0003e-03 -5.0004e-03 -4.0004e-03 -3.0004e-03 -2.0004e-03 -1.0004e-03 -4.0228e-07 +9.9960e-04 +1.9996e-03 +2.9996e-03 +3.9996e-03 +4.9996e-03 +5.9997e-03 +6.9997e-03 +7.9997e-03 +8.9998e-03 +9.9998e-03 +1.1000e-02 +1.2000e-02
+0000.00000 -1.2000e-02 -1.1000e-02 -1.0000e-02 -9.0002e-03 -8.0003e-03 -7.0003e-03 -6.0003e-03 -5.0004e-03 -4.0004e-03 -3.0004e-03 -2.0004e-03 -1.0004e-03 -4.0301e-07 +9.9960e-04 +1.9996e-03 +2.9996e-03 +3.9996e-03 +4.9996e-03 +5.9997e-03 +6.9997e-03 +7.9997e-03 +8.9998e-03 +9.9998e-03 +1.1000e-02 +1.2000e-02
-0000.00050 -1.2000e-02 -1.1000e-02 -1.0000e-02 -9.0002e-03 -8.0003e-03 -7.0003e-03 -6.0003e-03 -5.0004e-03 -4.0004e-03 -3.0004e-03 -2.0004e-03 -1.0004e-03 -4.0228e-07 +9.9960e-04 +1.9996e-03 +2.9996e-03 +3.9996e-03 +4.9996e-03 +5.9997e-03 +6.9997e-03 +7.9997e-03 +8.9998e-03 +9.9998e-03 +1.1000e-02 +1.2000e-02
-0000.00100 -1.2000e-02 -1.1000e-02 -1.0000e-02 -9.0002e-03 -8.0003e-03 -7.0003e-03 -6.0003e-03 -5.0004e-03 -4.0004e-03 -3.0004e-03 -2.0004e-03 -1.0004e-03 -3.9986e-07 +9.9960e-04 +1.9996e-03 +2.9996e-03 +3.9996e-03 +4.9996e-03 +5.9997e-03 +6.9997e-03 +7.9997e-03 +8.9998e-03 +9.9998e-03 +1.1000e-02 +1.2000e-02
-0000.00150 -1.2000e-02 -1.1000e-02 -1.0000e-02 -9.0002e-03 -8.0003e-03 -7.0003e-03 -6.0003e-03 -5.0004e-03 -4.0004e-03 -3.0004e-03 -2.0004e-03 -1.0004e-03 -3.9486e-07 +9.9960e-04 +1.9996e-03 +2.9996e-03 +3.9996e-03 +4.9996e-03 +5.9997e-03 +6.9997e-03 +7.9997e-03 +8.9998e-03 +9.9998e-03 +1.1000e-02 +1.2000e-02
-0000.00200 -1.2000e-02 -1.1000e-02 -1.0000e-02 -9.0002e-03 -8.0003e-03 -7.0003e-03 -6.0003e-03 -5.0003e-03 -4.0003e-03 -3.0004e-03 -2.0004e-03 -1.0004e-03 -3.5725e-07 +9.9963e-04 +1.9996e-03 +2.9996e-03 +3.9997e-03 +4.9997e-03 +5.9997e-03 +6.9997e-03 +7.9997e-03 +8.9998e-03 +9.9998e-03 +1.1000e-02 +1.2000e-02
# Vertical Final Position [m]
START
            -0000.01200 -0000.01100 -0000.01000 -0000.00900 -0000.00800 -0000.00700 -0000.00600 -0000.00500 -0000.00400 -0000.00300 -0000.00200 -0000.00100 +0000.00000 +0000.00100 +0000.00200 +0000.00300 +0000.00400 +0000.00500 +0000.00600 +0000.00700 +0000.00800 +0000.00900 +0000.01000 +0000.01100 +0000.01200
+0000.00200 +1.9999e-03 +1.9999e-03 +1.9999e-03 +1.9999e-03 +1.9999e-03 +1.9999e-03 +1.9998e-03 +1.9998e-03 +1.9998e-03 +1.9998e-03 +1.9998e-03 +1.9998e-03 +1.9998e-03 +1.9998e-03 +1.9998e-03 +1.9998e-03 +1.9998e-03 +1.9998e-03 +1.9998e-03 +1.9997e-03 +1.9997e-03 +1.9997e-03 +1.9997e-03 +1.9997e-03 +1.9997e-03
+0000.00150 +1.5000e-03 +1.4999e-03 +1.4999e-03 +1.4999e-03 +1.4999e-03 +1.4999e-03 +1.4999e-03 +1.4999e-03 +1.4999e-03 +1.4999e-03 +1.4999e-03 +1.4999e-03 +1.4999e-03 +1.4999e-03 +1.4999e-03 +1.4999e-03 +1.4998e-03 +1.4998e-03 +1.4998e-03 +1.4998e-03 +1.4998e-03 +1.4998e-03 +1.4998e-03 +1.4998e-03 +1.4998e-03
+0000.00100 +9.9998e-04 +9.9997e-04 +9.9996e-04 +9.9996e-04 +9.9996e-04 +9.9995e-04 +9.9994e-04 +9.9994e-04 +9.9994e-04 +9.9993e-04 +9.9993e-04 +9.9992e-04 +9.9992e-04 +9.9992e-04 +9.9992e-04 +9.9991e-04 +9.9991e-04 +9.9990e-04 +9.9990e-04 +9.9989e-04 +9.9989e-04 +9.9988e-04 +9.9988e-04 +9.9987e-04 +9.9987e-04
+0000.00050 +4.9999e-04 +4.9999e-04 +4.9998e-04 +4.9998e-04 +4.9998e-04 +4.9998e-04 +4.9997e-04 +4.9997e-04 +4.9997e-04 +4.9997e-04 +4.9997e-04 +4.9996e-04 +4.9996e-04 +4.9996e-04 +4.9996e-04 +4.9996e-04 +4.9996e-04 +4.9995e-04 +4.9995e-04 +4.9995e-04 +4.9995e-04 +4.9994e-04 +4.9994e-04 +4.9994e-04 +4.9994e-04
+0000.00000 -1.6246e-10 -1.0695e-10 -6.6886e-11 -4.3734e-11 -3.4976e-11 -3.5775e-11 -4.0499e-11 -4.4166e-11 -4.4622e-11 -4.4411e-11 -4.5796e-11 -4.8156e-11 -4.9566e-11 -4.8884e-11 -4.7349e-11 -4.6745e-11 -4.7502e-11 -4.7437e-11 -4.4301e-11 -4.0246e-11 -4.0014e-11 -4.8995e-11 -7.1994e-11 -1.1169e-10 -1.6678e-10
-0000.00050 -4.9999e-04 -4.9999e-04 -4.9998e-04 -4.9998e-04 -4.9998e-04 -4.9998e-04 -4.9997e-04 -4.9997e-04 -4.9997e-04 -4.9997e-04 -4.9997e-04 -4.9996e-04 -4.9996e-04 -4.9996e-04 -4.9996e-04 -4.9996e-04 -4.9996e-04 -4.9995e-04 -4.9995e-04 -4.9995e-04 -4.9995e-04 -4.9994e-04 -4.9994e-04 -4.9994e-04 -4.9994e-04
-0000.00100 -9.9998e-04 -9.9997e-04 -9.9996e-04 -9.9996e-04 -9.9996e-04 -9.9995e-04 -9.9994e-04 -9.9994e-04 -9.9994e-04 -9.9993e-04 -9.9993e-04 -9.9992e-04 -9.9992e-04 -9.9992e-04 -9.9992e-04 -9.9991e-04 -9.9991e-04 -9.9990e-04 -9.9990e-04 -9.9989e-04 -9.9989e-04 -9.9988e-04 -9.9988e-04 -9.9988e-04 -9.9987e-04
-0000.00150 -1.5000e-03 -1.4999e-03 -1.4999e-03 -1.4999e-03 -1.4999e-03 -1.4999e-03 -1.4999e-03 -1.4999e-03 -1.4999e-03 -1.4999e-03 -1.4999e-03 -1.4999e-03 -1.4999e-03 -1.4999e-03 -1.4999e-03 -1.4999e-03 -1.4998e-03 -1.4998e-03 -1.4998e-03 -1.4998e-03 -1.4998e-03 -1.4998e-03 -1.4998e-03 -1.4998e-03 -1.4998e-03
-0000.00200 -1.9999e-03 -1.9999e-03 -1.9999e-03 -1.9999e-03 -1.9999e-03 -1.9999e-03 -1.9998e-03 -1.9998e-03 -1.9998e-03 -1.9998e-03 -1.9998e-03 -1.9998e-03 -1.9998e-03 -1.9998e-03 -1.9998e-03 -1.9998e-03 -1.9998e-03 -1.9998e-03 -1.9998e-03 -1.9997e-03 -1.9997e-03 -1.9997e-03 -1.9997e-03 -1.9997e-03 -1.9997e-03
