# Author: FAC idanalysis.IDKickMap
# Termination_kicks [T2m2]: +0.0000e+00 +0.0000e+00 +0.0000e+00 +0.0000e+00 
# Total Length of Longitudinal Interval [m]
0.13
# Number of Horizontal Points
61
# Number of Vertical Points
9
# Total Horizontal 2nd Order Kick [T2m2]
START
            -0000.01000 -0000.00967 -0000.00933 -0000.00900 -0000.00867 -0000.00833 -0000.00800 -0000.00767 -0000.00733 -0000.00700 -0000.00667 -0000.00633 -0000.00600 -0000.00567 -0000.00533 -0000.00500 -0000.00467 -0000.00433 -0000.00400 -0000.00367 -0000.00333 -0000.00300 -0000.00267 -0000.00233 -0000.00200 -0000.00167 -0000.00133 -0000.00100 -0000.00067 -0000.00033 +0000.00000 +0000.00033 +0000.00067 +0000.00100 +0000.00133 +0000.00167 +0000.00200 +0000.00233 +0000.00267 +0000.00300 +0000.00333 +0000.00367 +0000.00400 +0000.00433 +0000.00467 +0000.00500 +0000.00533 +0000.00567 +0000.00600 +0000.00633 +0000.00667 +0000.00700 +0000.00733 +0000.00767 +0000.00800 +0000.00833 +0000.00867 +0000.00900 +0000.00933 +0000.00967 +0000.01000 
+0000.00200 -2.4073e-04 -2.3959e-04 -2.3842e-04 -2.3725e-04 -2.3607e-04 -2.3489e-04 -2.3372e-04 -2.3255e-04 -2.3140e-04 -2.3027e-04 -2.2917e-04 -2.2809e-04 -2.2704e-04 -2.2603e-04 -2.2505e-04 -2.2412e-04 -2.2323e-04 -2.2239e-04 -2.2160e-04 -2.2086e-04 -2.2018e-04 -2.1956e-04 -2.1899e-04 -2.1848e-04 -2.1804e-04 -2.1766e-04 -2.1735e-04 -2.1710e-04 -2.1691e-04 -2.1680e-04 -2.1675e-04 -2.1676e-04 -2.1685e-04 -2.1700e-04 -2.1722e-04 -2.1750e-04 -2.1785e-04 -2.1826e-04 -2.1874e-04 -2.1927e-04 -2.1987e-04 -2.2052e-04 -2.2123e-04 -2.2199e-04 -2.2280e-04 -2.2366e-04 -2.2456e-04 -2.2551e-04 -2.2649e-04 -2.2752e-04 -2.2857e-04 -2.2965e-04 -2.3076e-04 -2.3188e-04 -2.3302e-04 -2.3417e-04 -2.3533e-04 -2.3649e-04 -2.3765e-04 -2.3879e-04 -2.3992e-04 
+0000.00150 -2.0693e-04 -2.0559e-04 -2.0428e-04 -2.0300e-04 -2.0175e-04 -2.0053e-04 -1.9934e-04 -1.9819e-04 -1.9707e-04 -1.9599e-04 -1.9495e-04 -1.9395e-04 -1.9299e-04 -1.9207e-04 -1.9121e-04 -1.9038e-04 -1.8961e-04 -1.8888e-04 -1.8820e-04 -1.8757e-04 -1.8700e-04 -1.8647e-04 -1.8600e-04 -1.8558e-04 -1.8522e-04 -1.8491e-04 -1.8465e-04 -1.8445e-04 -1.8430e-04 -1.8421e-04 -1.8417e-04 -1.8419e-04 -1.8427e-04 -1.8440e-04 -1.8458e-04 -1.8483e-04 -1.8512e-04 -1.8547e-04 -1.8587e-04 -1.8633e-04 -1.8684e-04 -1.8740e-04 -1.8801e-04 -1.8867e-04 -1.8938e-04 -1.9014e-04 -1.9095e-04 -1.9180e-04 -1.9270e-04 -1.9364e-04 -1.9463e-04 -1.9565e-04 -1.9672e-04 -1.9782e-04 -1.9896e-04 -2.0013e-04 -2.0134e-04 -2.0257e-04 -2.0384e-04 -2.0513e-04 -2.0645e-04 
+0000.00100 -2.0741e-04 -2.0596e-04 -2.0455e-04 -2.0318e-04 -2.0186e-04 -2.0059e-04 -1.9937e-04 -1.9819e-04 -1.9706e-04 -1.9597e-04 -1.9494e-04 -1.9395e-04 -1.9301e-04 -1.9212e-04 -1.9128e-04 -1.9049e-04 -1.8974e-04 -1.8905e-04 -1.8841e-04 -1.8782e-04 -1.8728e-04 -1.8678e-04 -1.8634e-04 -1.8595e-04 -1.8561e-04 -1.8533e-04 -1.8509e-04 -1.8490e-04 -1.8477e-04 -1.8468e-04 -1.8465e-04 -1.8467e-04 -1.8474e-04 -1.8486e-04 -1.8503e-04 -1.8525e-04 -1.8552e-04 -1.8585e-04 -1.8622e-04 -1.8665e-04 -1.8712e-04 -1.8765e-04 -1.8823e-04 -1.8885e-04 -1.8953e-04 -1.9025e-04 -1.9103e-04 -1.9185e-04 -1.9273e-04 -1.9365e-04 -1.9462e-04 -1.9564e-04 -1.9671e-04 -1.9782e-04 -1.9898e-04 -2.0019e-04 -2.0144e-04 -2.0274e-04 -2.0409e-04 -2.0548e-04 -2.0691e-04 
+0000.00050 -2.0773e-04 -2.0622e-04 -2.0477e-04 -2.0337e-04 -2.0202e-04 -2.0072e-04 -1.9948e-04 -1.9829e-04 -1.9715e-04 -1.9606e-04 -1.9502e-04 -1.9404e-04 -1.9311e-04 -1.9222e-04 -1.9139e-04 -1.9061e-04 -1.8988e-04 -1.8921e-04 -1.8858e-04 -1.8800e-04 -1.8747e-04 -1.8699e-04 -1.8656e-04 -1.8618e-04 -1.8585e-04 -1.8558e-04 -1.8535e-04 -1.8517e-04 -1.8503e-04 -1.8495e-04 -1.8492e-04 -1.8494e-04 -1.8501e-04 -1.8512e-04 -1.8529e-04 -1.8550e-04 -1.8577e-04 -1.8608e-04 -1.8645e-04 -1.8686e-04 -1.8732e-04 -1.8784e-04 -1.8840e-04 -1.8901e-04 -1.8967e-04 -1.9039e-04 -1.9115e-04 -1.9196e-04 -1.9283e-04 -1.9374e-04 -1.9471e-04 -1.9573e-04 -1.9679e-04 -1.9791e-04 -1.9908e-04 -2.0031e-04 -2.0158e-04 -2.0291e-04 -2.0429e-04 -2.0572e-04 -2.0721e-04 
+0000.00000 -2.0784e-04 -2.0631e-04 -2.0485e-04 -2.0343e-04 -2.0207e-04 -2.0077e-04 -1.9952e-04 -1.9833e-04 -1.9718e-04 -1.9610e-04 -1.9506e-04 -1.9408e-04 -1.9314e-04 -1.9226e-04 -1.9144e-04 -1.9066e-04 -1.8993e-04 -1.8926e-04 -1.8863e-04 -1.8806e-04 -1.8753e-04 -1.8706e-04 -1.8663e-04 -1.8626e-04 -1.8593e-04 -1.8565e-04 -1.8542e-04 -1.8525e-04 -1.8512e-04 -1.8504e-04 -1.8501e-04 -1.8502e-04 -1.8509e-04 -1.8520e-04 -1.8537e-04 -1.8558e-04 -1.8585e-04 -1.8616e-04 -1.8652e-04 -1.8693e-04 -1.8739e-04 -1.8790e-04 -1.8846e-04 -1.8907e-04 -1.8973e-04 -1.9044e-04 -1.9120e-04 -1.9201e-04 -1.9287e-04 -1.9378e-04 -1.9475e-04 -1.9576e-04 -1.9683e-04 -1.9795e-04 -1.9912e-04 -2.0035e-04 -2.0163e-04 -2.0296e-04 -2.0435e-04 -2.0579e-04 -2.0729e-04 
-0000.00050 -2.0775e-04 -2.0624e-04 -2.0478e-04 -2.0338e-04 -2.0203e-04 -2.0073e-04 -1.9948e-04 -1.9829e-04 -1.9715e-04 -1.9606e-04 -1.9502e-04 -1.9404e-04 -1.9311e-04 -1.9222e-04 -1.9139e-04 -1.9061e-04 -1.8988e-04 -1.8920e-04 -1.8857e-04 -1.8799e-04 -1.8747e-04 -1.8699e-04 -1.8656e-04 -1.8618e-04 -1.8585e-04 -1.8557e-04 -1.8534e-04 -1.8516e-04 -1.8503e-04 -1.8495e-04 -1.8492e-04 -1.8494e-04 -1.8501e-04 -1.8512e-04 -1.8529e-04 -1.8551e-04 -1.8577e-04 -1.8609e-04 -1.8645e-04 -1.8686e-04 -1.8733e-04 -1.8784e-04 -1.8840e-04 -1.8902e-04 -1.8968e-04 -1.9039e-04 -1.9115e-04 -1.9197e-04 -1.9283e-04 -1.9374e-04 -1.9471e-04 -1.9572e-04 -1.9679e-04 -1.9791e-04 -1.9908e-04 -2.0030e-04 -2.0157e-04 -2.0290e-04 -2.0427e-04 -2.0570e-04 -2.0719e-04 
-0000.00100 -2.0746e-04 -2.0600e-04 -2.0458e-04 -2.0321e-04 -2.0189e-04 -2.0061e-04 -1.9938e-04 -1.9820e-04 -1.9707e-04 -1.9598e-04 -1.9494e-04 -1.9395e-04 -1.9301e-04 -1.9212e-04 -1.9128e-04 -1.9048e-04 -1.8974e-04 -1.8905e-04 -1.8841e-04 -1.8781e-04 -1.8727e-04 -1.8678e-04 -1.8634e-04 -1.8595e-04 -1.8561e-04 -1.8532e-04 -1.8509e-04 -1.8490e-04 -1.8477e-04 -1.8468e-04 -1.8465e-04 -1.8467e-04 -1.8474e-04 -1.8486e-04 -1.8503e-04 -1.8525e-04 -1.8553e-04 -1.8585e-04 -1.8623e-04 -1.8665e-04 -1.8713e-04 -1.8765e-04 -1.8823e-04 -1.8886e-04 -1.8953e-04 -1.9026e-04 -1.9103e-04 -1.9186e-04 -1.9273e-04 -1.9365e-04 -1.9462e-04 -1.9563e-04 -1.9670e-04 -1.9781e-04 -1.9896e-04 -2.0017e-04 -2.0142e-04 -2.0271e-04 -2.0405e-04 -2.0544e-04 -2.0687e-04 
-0000.00150 -2.0699e-04 -2.0565e-04 -2.0433e-04 -2.0304e-04 -2.0179e-04 -2.0056e-04 -1.9936e-04 -1.9820e-04 -1.9708e-04 -1.9600e-04 -1.9495e-04 -1.9395e-04 -1.9299e-04 -1.9207e-04 -1.9120e-04 -1.9038e-04 -1.8960e-04 -1.8887e-04 -1.8819e-04 -1.8757e-04 -1.8699e-04 -1.8646e-04 -1.8599e-04 -1.8557e-04 -1.8521e-04 -1.8490e-04 -1.8464e-04 -1.8444e-04 -1.8430e-04 -1.8421e-04 -1.8417e-04 -1.8419e-04 -1.8427e-04 -1.8440e-04 -1.8459e-04 -1.8483e-04 -1.8513e-04 -1.8548e-04 -1.8588e-04 -1.8634e-04 -1.8684e-04 -1.8740e-04 -1.8802e-04 -1.8868e-04 -1.8939e-04 -1.9015e-04 -1.9095e-04 -1.9180e-04 -1.9270e-04 -1.9364e-04 -1.9462e-04 -1.9564e-04 -1.9670e-04 -1.9780e-04 -1.9893e-04 -2.0010e-04 -2.0130e-04 -2.0253e-04 -2.0379e-04 -2.0507e-04 -2.0638e-04 
-0000.00200 -2.4081e-04 -2.3966e-04 -2.3848e-04 -2.3730e-04 -2.3611e-04 -2.3493e-04 -2.3374e-04 -2.3257e-04 -2.3142e-04 -2.3028e-04 -2.2917e-04 -2.2809e-04 -2.2704e-04 -2.2602e-04 -2.2505e-04 -2.2411e-04 -2.2322e-04 -2.2238e-04 -2.2159e-04 -2.2085e-04 -2.2017e-04 -2.1955e-04 -2.1898e-04 -2.1848e-04 -2.1803e-04 -2.1765e-04 -2.1734e-04 -2.1709e-04 -2.1691e-04 -2.1680e-04 -2.1675e-04 -2.1677e-04 -2.1685e-04 -2.1701e-04 -2.1722e-04 -2.1751e-04 -2.1786e-04 -2.1827e-04 -2.1875e-04 -2.1928e-04 -2.1988e-04 -2.2053e-04 -2.2124e-04 -2.2200e-04 -2.2281e-04 -2.2366e-04 -2.2457e-04 -2.2551e-04 -2.2649e-04 -2.2751e-04 -2.2856e-04 -2.2964e-04 -2.3074e-04 -2.3186e-04 -2.3299e-04 -2.3414e-04 -2.3529e-04 -2.3644e-04 -2.3758e-04 -2.3872e-04 -2.3983e-04 
# Total Vertical 2nd Order Kick [T2m2]
START
            -0000.01000 -0000.00967 -0000.00933 -0000.00900 -0000.00867 -0000.00833 -0000.00800 -0000.00767 -0000.00733 -0000.00700 -0000.00667 -0000.00633 -0000.00600 -0000.00567 -0000.00533 -0000.00500 -0000.00467 -0000.00433 -0000.00400 -0000.00367 -0000.00333 -0000.00300 -0000.00267 -0000.00233 -0000.00200 -0000.00167 -0000.00133 -0000.00100 -0000.00067 -0000.00033 +0000.00000 +0000.00033 +0000.00067 +0000.00100 +0000.00133 +0000.00167 +0000.00200 +0000.00233 +0000.00267 +0000.00300 +0000.00333 +0000.00367 +0000.00400 +0000.00433 +0000.00467 +0000.00500 +0000.00533 +0000.00567 +0000.00600 +0000.00633 +0000.00667 +0000.00700 +0000.00733 +0000.00767 +0000.00800 +0000.00833 +0000.00867 +0000.00900 +0000.00933 +0000.00967 +0000.01000 
+0000.00200 -2.4073e-04 -2.3959e-04 -2.3842e-04 -2.3725e-04 -2.3607e-04 -2.3489e-04 -2.3372e-04 -2.3255e-04 -2.3140e-04 -2.3027e-04 -2.2917e-04 -2.2809e-04 -2.2704e-04 -2.2603e-04 -2.2505e-04 -2.2412e-04 -2.2323e-04 -2.2239e-04 -2.2160e-04 -2.2086e-04 -2.2018e-04 -2.1956e-04 -2.1899e-04 -2.1848e-04 -2.1804e-04 -2.1766e-04 -2.1735e-04 -2.1710e-04 -2.1691e-04 -2.1680e-04 -2.1675e-04 -2.1676e-04 -2.1685e-04 -2.1700e-04 -2.1722e-04 -2.1750e-04 -2.1785e-04 -2.1826e-04 -2.1874e-04 -2.1927e-04 -2.1987e-04 -2.2052e-04 -2.2123e-04 -2.2199e-04 -2.2280e-04 -2.2366e-04 -2.2456e-04 -2.2551e-04 -2.2649e-04 -2.2752e-04 -2.2857e-04 -2.2965e-04 -2.3076e-04 -2.3188e-04 -2.3302e-04 -2.3417e-04 -2.3533e-04 -2.3649e-04 -2.3765e-04 -2.3879e-04 -2.3992e-04 
+0000.00150 -2.4073e-04 -2.3959e-04 -2.3842e-04 -2.3725e-04 -2.3607e-04 -2.3489e-04 -2.3372e-04 -2.3255e-04 -2.3140e-04 -2.3027e-04 -2.2917e-04 -2.2809e-04 -2.2704e-04 -2.2603e-04 -2.2505e-04 -2.2412e-04 -2.2323e-04 -2.2239e-04 -2.2160e-04 -2.2086e-04 -2.2018e-04 -2.1956e-04 -2.1899e-04 -2.1848e-04 -2.1804e-04 -2.1766e-04 -2.1735e-04 -2.1710e-04 -2.1691e-04 -2.1680e-04 -2.1675e-04 -2.1676e-04 -2.1685e-04 -2.1700e-04 -2.1722e-04 -2.1750e-04 -2.1785e-04 -2.1826e-04 -2.1874e-04 -2.1927e-04 -2.1987e-04 -2.2052e-04 -2.2123e-04 -2.2199e-04 -2.2280e-04 -2.2366e-04 -2.2456e-04 -2.2551e-04 -2.2649e-04 -2.2752e-04 -2.2857e-04 -2.2965e-04 -2.3076e-04 -2.3188e-04 -2.3302e-04 -2.3417e-04 -2.3533e-04 -2.3649e-04 -2.3765e-04 -2.3879e-04 -2.3992e-04 
+0000.00100 -2.4073e-04 -2.3959e-04 -2.3842e-04 -2.3725e-04 -2.3607e-04 -2.3489e-04 -2.3372e-04 -2.3255e-04 -2.3140e-04 -2.3027e-04 -2.2917e-04 -2.2809e-04 -2.2704e-04 -2.2603e-04 -2.2505e-04 -2.2412e-04 -2.2323e-04 -2.2239e-04 -2.2160e-04 -2.2086e-04 -2.2018e-04 -2.1956e-04 -2.1899e-04 -2.1848e-04 -2.1804e-04 -2.1766e-04 -2.1735e-04 -2.1710e-04 -2.1691e-04 -2.1680e-04 -2.1675e-04 -2.1676e-04 -2.1685e-04 -2.1700e-04 -2.1722e-04 -2.1750e-04 -2.1785e-04 -2.1826e-04 -2.1874e-04 -2.1927e-04 -2.1987e-04 -2.2052e-04 -2.2123e-04 -2.2199e-04 -2.2280e-04 -2.2366e-04 -2.2456e-04 -2.2551e-04 -2.2649e-04 -2.2752e-04 -2.2857e-04 -2.2965e-04 -2.3076e-04 -2.3188e-04 -2.3302e-04 -2.3417e-04 -2.3533e-04 -2.3649e-04 -2.3765e-04 -2.3879e-04 -2.3992e-04 
+0000.00050 -2.4073e-04 -2.3959e-04 -2.3842e-04 -2.3725e-04 -2.3607e-04 -2.3489e-04 -2.3372e-04 -2.3255e-04 -2.3140e-04 -2.3027e-04 -2.2917e-04 -2.2809e-04 -2.2704e-04 -2.2603e-04 -2.2505e-04 -2.2412e-04 -2.2323e-04 -2.2239e-04 -2.2160e-04 -2.2086e-04 -2.2018e-04 -2.1956e-04 -2.1899e-04 -2.1848e-04 -2.1804e-04 -2.1766e-04 -2.1735e-04 -2.1710e-04 -2.1691e-04 -2.1680e-04 -2.1675e-04 -2.1676e-04 -2.1685e-04 -2.1700e-04 -2.1722e-04 -2.1750e-04 -2.1785e-04 -2.1826e-04 -2.1874e-04 -2.1927e-04 -2.1987e-04 -2.2052e-04 -2.2123e-04 -2.2199e-04 -2.2280e-04 -2.2366e-04 -2.2456e-04 -2.2551e-04 -2.2649e-04 -2.2752e-04 -2.2857e-04 -2.2965e-04 -2.3076e-04 -2.3188e-04 -2.3302e-04 -2.3417e-04 -2.3533e-04 -2.3649e-04 -2.3765e-04 -2.3879e-04 -2.3992e-04 
+0000.00000 -2.4073e-04 -2.3959e-04 -2.3842e-04 -2.3725e-04 -2.3607e-04 -2.3489e-04 -2.3372e-04 -2.3255e-04 -2.3140e-04 -2.3027e-04 -2.2917e-04 -2.2809e-04 -2.2704e-04 -2.2603e-04 -2.2505e-04 -2.2412e-04 -2.2323e-04 -2.2239e-04 -2.2160e-04 -2.2086e-04 -2.2018e-04 -2.1956e-04 -2.1899e-04 -2.1848e-04 -2.1804e-04 -2.1766e-04 -2.1735e-04 -2.1710e-04 -2.1691e-04 -2.1680e-04 -2.1675e-04 -2.1676e-04 -2.1685e-04 -2.1700e-04 -2.1722e-04 -2.1750e-04 -2.1785e-04 -2.1826e-04 -2.1874e-04 -2.1927e-04 -2.1987e-04 -2.2052e-04 -2.2123e-04 -2.2199e-04 -2.2280e-04 -2.2366e-04 -2.2456e-04 -2.2551e-04 -2.2649e-04 -2.2752e-04 -2.2857e-04 -2.2965e-04 -2.3076e-04 -2.3188e-04 -2.3302e-04 -2.3417e-04 -2.3533e-04 -2.3649e-04 -2.3765e-04 -2.3879e-04 -2.3992e-04 
-0000.00050 -2.4073e-04 -2.3959e-04 -2.3842e-04 -2.3725e-04 -2.3607e-04 -2.3489e-04 -2.3372e-04 -2.3255e-04 -2.3140e-04 -2.3027e-04 -2.2917e-04 -2.2809e-04 -2.2704e-04 -2.2603e-04 -2.2505e-04 -2.2412e-04 -2.2323e-04 -2.2239e-04 -2.2160e-04 -2.2086e-04 -2.2018e-04 -2.1956e-04 -2.1899e-04 -2.1848e-04 -2.1804e-04 -2.1766e-04 -2.1735e-04 -2.1710e-04 -2.1691e-04 -2.1680e-04 -2.1675e-04 -2.1676e-04 -2.1685e-04 -2.1700e-04 -2.1722e-04 -2.1750e-04 -2.1785e-04 -2.1826e-04 -2.1874e-04 -2.1927e-04 -2.1987e-04 -2.2052e-04 -2.2123e-04 -2.2199e-04 -2.2280e-04 -2.2366e-04 -2.2456e-04 -2.2551e-04 -2.2649e-04 -2.2752e-04 -2.2857e-04 -2.2965e-04 -2.3076e-04 -2.3188e-04 -2.3302e-04 -2.3417e-04 -2.3533e-04 -2.3649e-04 -2.3765e-04 -2.3879e-04 -2.3992e-04 
-0000.00100 -2.4073e-04 -2.3959e-04 -2.3842e-04 -2.3725e-04 -2.3607e-04 -2.3489e-04 -2.3372e-04 -2.3255e-04 -2.3140e-04 -2.3027e-04 -2.2917e-04 -2.2809e-04 -2.2704e-04 -2.2603e-04 -2.2505e-04 -2.2412e-04 -2.2323e-04 -2.2239e-04 -2.2160e-04 -2.2086e-04 -2.2018e-04 -2.1956e-04 -2.1899e-04 -2.1848e-04 -2.1804e-04 -2.1766e-04 -2.1735e-04 -2.1710e-04 -2.1691e-04 -2.1680e-04 -2.1675e-04 -2.1676e-04 -2.1685e-04 -2.1700e-04 -2.1722e-04 -2.1750e-04 -2.1785e-04 -2.1826e-04 -2.1874e-04 -2.1927e-04 -2.1987e-04 -2.2052e-04 -2.2123e-04 -2.2199e-04 -2.2280e-04 -2.2366e-04 -2.2456e-04 -2.2551e-04 -2.2649e-04 -2.2752e-04 -2.2857e-04 -2.2965e-04 -2.3076e-04 -2.3188e-04 -2.3302e-04 -2.3417e-04 -2.3533e-04 -2.3649e-04 -2.3765e-04 -2.3879e-04 -2.3992e-04 
-0000.00150 -2.4073e-04 -2.3959e-04 -2.3842e-04 -2.3725e-04 -2.3607e-04 -2.3489e-04 -2.3372e-04 -2.3255e-04 -2.3140e-04 -2.3027e-04 -2.2917e-04 -2.2809e-04 -2.2704e-04 -2.2603e-04 -2.2505e-04 -2.2412e-04 -2.2323e-04 -2.2239e-04 -2.2160e-04 -2.2086e-04 -2.2018e-04 -2.1956e-04 -2.1899e-04 -2.1848e-04 -2.1804e-04 -2.1766e-04 -2.1735e-04 -2.1710e-04 -2.1691e-04 -2.1680e-04 -2.1675e-04 -2.1676e-04 -2.1685e-04 -2.1700e-04 -2.1722e-04 -2.1750e-04 -2.1785e-04 -2.1826e-04 -2.1874e-04 -2.1927e-04 -2.1987e-04 -2.2052e-04 -2.2123e-04 -2.2199e-04 -2.2280e-04 -2.2366e-04 -2.2456e-04 -2.2551e-04 -2.2649e-04 -2.2752e-04 -2.2857e-04 -2.2965e-04 -2.3076e-04 -2.3188e-04 -2.3302e-04 -2.3417e-04 -2.3533e-04 -2.3649e-04 -2.3765e-04 -2.3879e-04 -2.3992e-04 
-0000.00200 -2.4073e-04 -2.3959e-04 -2.3842e-04 -2.3725e-04 -2.3607e-04 -2.3489e-04 -2.3372e-04 -2.3255e-04 -2.3140e-04 -2.3027e-04 -2.2917e-04 -2.2809e-04 -2.2704e-04 -2.2603e-04 -2.2505e-04 -2.2412e-04 -2.2323e-04 -2.2239e-04 -2.2160e-04 -2.2086e-04 -2.2018e-04 -2.1956e-04 -2.1899e-04 -2.1848e-04 -2.1804e-04 -2.1766e-04 -2.1735e-04 -2.1710e-04 -2.1691e-04 -2.1680e-04 -2.1675e-04 -2.1676e-04 -2.1685e-04 -2.1700e-04 -2.1722e-04 -2.1750e-04 -2.1785e-04 -2.1826e-04 -2.1874e-04 -2.1927e-04 -2.1987e-04 -2.2052e-04 -2.2123e-04 -2.2199e-04 -2.2280e-04 -2.2366e-04 -2.2456e-04 -2.2551e-04 -2.2649e-04 -2.2752e-04 -2.2857e-04 -2.2965e-04 -2.3076e-04 -2.3188e-04 -2.3302e-04 -2.3417e-04 -2.3533e-04 -2.3649e-04 -2.3765e-04 -2.3879e-04 -2.3992e-04 
# Horizontal Final Position [m]
START
            -0000.01000 -0000.00967 -0000.00933 -0000.00900 -0000.00867 -0000.00833 -0000.00800 -0000.00767 -0000.00733 -0000.00700 -0000.00667 -0000.00633 -0000.00600 -0000.00567 -0000.00533 -0000.00500 -0000.00467 -0000.00433 -0000.00400 -0000.00367 -0000.00333 -0000.00300 -0000.00267 -0000.00233 -0000.00200 -0000.00167 -0000.00133 -0000.00100 -0000.00067 -0000.00033 +0000.00000 +0000.00033 +0000.00067 +0000.00100 +0000.00133 +0000.00167 +0000.00200 +0000.00233 +0000.00267 +0000.00300 +0000.00333 +0000.00367 +0000.00400 +0000.00433 +0000.00467 +0000.00500 +0000.00533 +0000.00567 +0000.00600 +0000.00633 +0000.00667 +0000.00700 +0000.00733 +0000.00767 +0000.00800 +0000.00833 +0000.00867 +0000.00900 +0000.00933 +0000.00967 +0000.01000 
+0000.00200 -1.0000e-02 -9.6667e-03 -9.3334e-03 -9.0001e-03 -8.6668e-03 -8.3335e-03 -8.0002e-03 -7.6668e-03 -7.3335e-03 -7.0002e-03 -6.6669e-03 -6.3336e-03 -6.0003e-03 -5.6670e-03 -5.3336e-03 -5.0003e-03 -4.6670e-03 -4.3337e-03 -4.0004e-03 -3.6670e-03 -3.3337e-03 -3.0004e-03 -2.6671e-03 -2.3337e-03 -2.0004e-03 -1.6671e-03 -1.3338e-03 -1.0004e-03 -6.6709e-04 -3.3376e-04 -4.2709e-07 +3.3291e-04 +6.6624e-04 +9.9958e-04 +1.3329e-03 +1.6663e-03 +1.9996e-03 +2.3329e-03 +2.6663e-03 +2.9996e-03 +3.3330e-03 +3.6663e-03 +3.9996e-03 +4.3330e-03 +4.6663e-03 +4.9997e-03 +5.3330e-03 +5.6664e-03 +5.9997e-03 +6.3331e-03 +6.6664e-03 +6.9998e-03 +7.3331e-03 +7.6665e-03 +7.9998e-03 +8.3332e-03 +8.6665e-03 +8.9999e-03 +9.3332e-03 +9.6666e-03 +9.9999e-03 
+0000.00150 -1.0000e-02 -9.6668e-03 -9.3334e-03 -9.0001e-03 -8.6668e-03 -8.3335e-03 -8.0002e-03 -7.6669e-03 -7.3336e-03 -7.0002e-03 -6.6669e-03 -6.3336e-03 -6.0003e-03 -5.6670e-03 -5.3336e-03 -5.0003e-03 -4.6670e-03 -4.3337e-03 -4.0004e-03 -3.6670e-03 -3.3337e-03 -3.0004e-03 -2.6671e-03 -2.3337e-03 -2.0004e-03 -1.6671e-03 -1.3338e-03 -1.0004e-03 -6.6710e-04 -3.3376e-04 -4.3201e-07 +3.3290e-04 +6.6624e-04 +9.9957e-04 +1.3329e-03 +1.6662e-03 +1.9996e-03 +2.3329e-03 +2.6663e-03 +2.9996e-03 +3.3329e-03 +3.6663e-03 +3.9996e-03 +4.3330e-03 +4.6663e-03 +4.9997e-03 +5.3330e-03 +5.6664e-03 +5.9997e-03 +6.3331e-03 +6.6664e-03 +6.9998e-03 +7.3331e-03 +7.6665e-03 +7.9998e-03 +8.3332e-03 +8.6665e-03 +8.9999e-03 +9.3332e-03 +9.6666e-03 +9.9999e-03 
+0000.00100 -1.0000e-02 -9.6668e-03 -9.3334e-03 -9.0001e-03 -8.6668e-03 -8.3335e-03 -8.0002e-03 -7.6669e-03 -7.3336e-03 -7.0002e-03 -6.6669e-03 -6.3336e-03 -6.0003e-03 -5.6670e-03 -5.3336e-03 -5.0003e-03 -4.6670e-03 -4.3337e-03 -4.0004e-03 -3.6670e-03 -3.3337e-03 -3.0004e-03 -2.6671e-03 -2.3337e-03 -2.0004e-03 -1.6671e-03 -1.3338e-03 -1.0004e-03 -6.6710e-04 -3.3377e-04 -4.3243e-07 +3.3290e-04 +6.6624e-04 +9.9957e-04 +1.3329e-03 +1.6662e-03 +1.9996e-03 +2.3329e-03 +2.6663e-03 +2.9996e-03 +3.3329e-03 +3.6663e-03 +3.9996e-03 +4.3330e-03 +4.6663e-03 +4.9997e-03 +5.3330e-03 +5.6664e-03 +5.9997e-03 +6.3331e-03 +6.6664e-03 +6.9998e-03 +7.3331e-03 +7.6665e-03 +7.9998e-03 +8.3332e-03 +8.6665e-03 +8.9999e-03 +9.3332e-03 +9.6666e-03 +9.9999e-03 
+0000.00050 -1.0000e-02 -9.6668e-03 -9.3334e-03 -9.0001e-03 -8.6668e-03 -8.3335e-03 -8.0002e-03 -7.6669e-03 -7.3336e-03 -7.0002e-03 -6.6669e-03 -6.3336e-03 -6.0003e-03 -5.6670e-03 -5.3336e-03 -5.0003e-03 -4.6670e-03 -4.3337e-03 -4.0004e-03 -3.6670e-03 -3.3337e-03 -3.0004e-03 -2.6671e-03 -2.3337e-03 -2.0004e-03 -1.6671e-03 -1.3338e-03 -1.0004e-03 -6.6710e-04 -3.3377e-04 -4.3259e-07 +3.3290e-04 +6.6624e-04 +9.9957e-04 +1.3329e-03 +1.6662e-03 +1.9996e-03 +2.3329e-03 +2.6663e-03 +2.9996e-03 +3.3329e-03 +3.6663e-03 +3.9996e-03 +4.3330e-03 +4.6663e-03 +4.9997e-03 +5.3330e-03 +5.6664e-03 +5.9997e-03 +6.3331e-03 +6.6664e-03 +6.9998e-03 +7.3331e-03 +7.6665e-03 +7.9998e-03 +8.3332e-03 +8.6665e-03 +8.9999e-03 +9.3332e-03 +9.6666e-03 +9.9999e-03 
+0000.00000 -1.0000e-02 -9.6668e-03 -9.3334e-03 -9.0001e-03 -8.6668e-03 -8.3335e-03 -8.0002e-03 -7.6669e-03 -7.3336e-03 -7.0002e-03 -6.6669e-03 -6.3336e-03 -6.0003e-03 -5.6670e-03 -5.3336e-03 -5.0003e-03 -4.6670e-03 -4.3337e-03 -4.0004e-03 -3.6670e-03 -3.3337e-03 -3.0004e-03 -2.6671e-03 -2.3337e-03 -2.0004e-03 -1.6671e-03 -1.3338e-03 -1.0004e-03 -6.6710e-04 -3.3377e-04 -4.3263e-07 +3.3290e-04 +6.6624e-04 +9.9957e-04 +1.3329e-03 +1.6662e-03 +1.9996e-03 +2.3329e-03 +2.6663e-03 +2.9996e-03 +3.3329e-03 +3.6663e-03 +3.9996e-03 +4.3330e-03 +4.6663e-03 +4.9997e-03 +5.3330e-03 +5.6664e-03 +5.9997e-03 +6.3331e-03 +6.6664e-03 +6.9998e-03 +7.3331e-03 +7.6665e-03 +7.9998e-03 +8.3332e-03 +8.6665e-03 +8.9999e-03 +9.3332e-03 +9.6666e-03 +9.9999e-03 
-0000.00050 -1.0000e-02 -9.6668e-03 -9.3334e-03 -9.0001e-03 -8.6668e-03 -8.3335e-03 -8.0002e-03 -7.6669e-03 -7.3336e-03 -7.0002e-03 -6.6669e-03 -6.3336e-03 -6.0003e-03 -5.6670e-03 -5.3336e-03 -5.0003e-03 -4.6670e-03 -4.3337e-03 -4.0004e-03 -3.6670e-03 -3.3337e-03 -3.0004e-03 -2.6671e-03 -2.3337e-03 -2.0004e-03 -1.6671e-03 -1.3338e-03 -1.0004e-03 -6.6710e-04 -3.3377e-04 -4.3259e-07 +3.3290e-04 +6.6624e-04 +9.9957e-04 +1.3329e-03 +1.6662e-03 +1.9996e-03 +2.3329e-03 +2.6663e-03 +2.9996e-03 +3.3329e-03 +3.6663e-03 +3.9996e-03 +4.3330e-03 +4.6663e-03 +4.9997e-03 +5.3330e-03 +5.6664e-03 +5.9997e-03 +6.3331e-03 +6.6664e-03 +6.9998e-03 +7.3331e-03 +7.6665e-03 +7.9998e-03 +8.3332e-03 +8.6665e-03 +8.9999e-03 +9.3332e-03 +9.6666e-03 +9.9999e-03 
-0000.00100 -1.0000e-02 -9.6668e-03 -9.3334e-03 -9.0001e-03 -8.6668e-03 -8.3335e-03 -8.0002e-03 -7.6669e-03 -7.3336e-03 -7.0002e-03 -6.6669e-03 -6.3336e-03 -6.0003e-03 -5.6670e-03 -5.3336e-03 -5.0003e-03 -4.6670e-03 -4.3337e-03 -4.0004e-03 -3.6670e-03 -3.3337e-03 -3.0004e-03 -2.6671e-03 -2.3337e-03 -2.0004e-03 -1.6671e-03 -1.3338e-03 -1.0004e-03 -6.6710e-04 -3.3377e-04 -4.3243e-07 +3.3290e-04 +6.6624e-04 +9.9957e-04 +1.3329e-03 +1.6662e-03 +1.9996e-03 +2.3329e-03 +2.6663e-03 +2.9996e-03 +3.3329e-03 +3.6663e-03 +3.9996e-03 +4.3330e-03 +4.6663e-03 +4.9997e-03 +5.3330e-03 +5.6664e-03 +5.9997e-03 +6.3331e-03 +6.6664e-03 +6.9998e-03 +7.3331e-03 +7.6665e-03 +7.9998e-03 +8.3332e-03 +8.6665e-03 +8.9999e-03 +9.3332e-03 +9.6666e-03 +9.9999e-03 
-0000.00150 -1.0000e-02 -9.6668e-03 -9.3334e-03 -9.0001e-03 -8.6668e-03 -8.3335e-03 -8.0002e-03 -7.6669e-03 -7.3336e-03 -7.0002e-03 -6.6669e-03 -6.3336e-03 -6.0003e-03 -5.6670e-03 -5.3336e-03 -5.0003e-03 -4.6670e-03 -4.3337e-03 -4.0004e-03 -3.6670e-03 -3.3337e-03 -3.0004e-03 -2.6671e-03 -2.3337e-03 -2.0004e-03 -1.6671e-03 -1.3338e-03 -1.0004e-03 -6.6710e-04 -3.3376e-04 -4.3201e-07 +3.3290e-04 +6.6624e-04 +9.9957e-04 +1.3329e-03 +1.6662e-03 +1.9996e-03 +2.3329e-03 +2.6663e-03 +2.9996e-03 +3.3329e-03 +3.6663e-03 +3.9996e-03 +4.3330e-03 +4.6663e-03 +4.9997e-03 +5.3330e-03 +5.6664e-03 +5.9997e-03 +6.3331e-03 +6.6664e-03 +6.9998e-03 +7.3331e-03 +7.6665e-03 +7.9998e-03 +8.3332e-03 +8.6665e-03 +8.9999e-03 +9.3332e-03 +9.6666e-03 +9.9999e-03 
-0000.00200 -1.0000e-02 -9.6667e-03 -9.3334e-03 -9.0001e-03 -8.6668e-03 -8.3335e-03 -8.0002e-03 -7.6668e-03 -7.3335e-03 -7.0002e-03 -6.6669e-03 -6.3336e-03 -6.0003e-03 -5.6670e-03 -5.3336e-03 -5.0003e-03 -4.6670e-03 -4.3337e-03 -4.0004e-03 -3.6670e-03 -3.3337e-03 -3.0004e-03 -2.6671e-03 -2.3337e-03 -2.0004e-03 -1.6671e-03 -1.3338e-03 -1.0004e-03 -6.6709e-04 -3.3376e-04 -4.2709e-07 +3.3291e-04 +6.6624e-04 +9.9958e-04 +1.3329e-03 +1.6663e-03 +1.9996e-03 +2.3329e-03 +2.6663e-03 +2.9996e-03 +3.3330e-03 +3.6663e-03 +3.9996e-03 +4.3330e-03 +4.6663e-03 +4.9997e-03 +5.3330e-03 +5.6664e-03 +5.9997e-03 +6.3331e-03 +6.6664e-03 +6.9998e-03 +7.3331e-03 +7.6665e-03 +7.9998e-03 +8.3332e-03 +8.6665e-03 +8.9999e-03 +9.3332e-03 +9.6666e-03 +9.9999e-03 
# Vertical Final Position [m]
START
            -0000.01000 -0000.00967 -0000.00933 -0000.00900 -0000.00867 -0000.00833 -0000.00800 -0000.00767 -0000.00733 -0000.00700 -0000.00667 -0000.00633 -0000.00600 -0000.00567 -0000.00533 -0000.00500 -0000.00467 -0000.00433 -0000.00400 -0000.00367 -0000.00333 -0000.00300 -0000.00267 -0000.00233 -0000.00200 -0000.00167 -0000.00133 -0000.00100 -0000.00067 -0000.00033 +0000.00000 +0000.00033 +0000.00067 +0000.00100 +0000.00133 +0000.00167 +0000.00200 +0000.00233 +0000.00267 +0000.00300 +0000.00333 +0000.00367 +0000.00400 +0000.00433 +0000.00467 +0000.00500 +0000.00533 +0000.00567 +0000.00600 +0000.00633 +0000.00667 +0000.00700 +0000.00733 +0000.00767 +0000.00800 +0000.00833 +0000.00867 +0000.00900 +0000.00933 +0000.00967 +0000.01000 
+0000.00200 +2.0000e-03 +2.0000e-03 +1.9999e-03 +1.9999e-03 +1.9999e-03 +1.9999e-03 +1.9999e-03 +1.9999e-03 +1.9999e-03 +1.9999e-03 +1.9999e-03 +1.9999e-03 +1.9999e-03 +1.9999e-03 +1.9999e-03 +1.9999e-03 +1.9999e-03 +1.9999e-03 +1.9999e-03 +1.9999e-03 +1.9998e-03 +1.9998e-03 +1.9998e-03 +1.9998e-03 +1.9998e-03 +1.9998e-03 +1.9998e-03 +1.9998e-03 +1.9998e-03 +1.9998e-03 +1.9998e-03 +1.9998e-03 +1.9998e-03 +1.9998e-03 +1.9998e-03 +1.9998e-03 +1.9998e-03 +1.9998e-03 +1.9998e-03 +1.9998e-03 +1.9998e-03 +1.9998e-03 +1.9998e-03 +1.9998e-03 +1.9997e-03 +1.9997e-03 +1.9997e-03 +1.9997e-03 +1.9997e-03 +1.9997e-03 +1.9997e-03 +1.9997e-03 +1.9997e-03 +1.9997e-03 +1.9997e-03 +1.9997e-03 +1.9997e-03 +1.9997e-03 +1.9997e-03 +1.9996e-03 +1.9996e-03 
+0000.00150 +1.5000e-03 +1.5000e-03 +1.5000e-03 +1.5000e-03 +1.5000e-03 +1.5000e-03 +1.5000e-03 +1.5000e-03 +1.5000e-03 +1.5000e-03 +1.5000e-03 +1.5000e-03 +1.4999e-03 +1.4999e-03 +1.4999e-03 +1.4999e-03 +1.4999e-03 +1.4999e-03 +1.4999e-03 +1.4999e-03 +1.4999e-03 +1.4999e-03 +1.4999e-03 +1.4999e-03 +1.4999e-03 +1.4999e-03 +1.4999e-03 +1.4999e-03 +1.4999e-03 +1.4999e-03 +1.4999e-03 +1.4999e-03 +1.4999e-03 +1.4999e-03 +1.4999e-03 +1.4999e-03 +1.4999e-03 +1.4998e-03 +1.4998e-03 +1.4998e-03 +1.4998e-03 +1.4998e-03 +1.4998e-03 +1.4998e-03 +1.4998e-03 +1.4998e-03 +1.4998e-03 +1.4998e-03 +1.4998e-03 +1.4998e-03 +1.4998e-03 +1.4998e-03 +1.4998e-03 +1.4998e-03 +1.4998e-03 +1.4998e-03 +1.4998e-03 +1.4998e-03 +1.4998e-03 +1.4998e-03 +1.4998e-03 
+0000.00100 +1.0000e-03 +9.9999e-04 +9.9999e-04 +9.9999e-04 +9.9999e-04 +9.9999e-04 +9.9998e-04 +9.9998e-04 +9.9998e-04 +9.9998e-04 +9.9997e-04 +9.9997e-04 +9.9997e-04 +9.9997e-04 +9.9996e-04 +9.9996e-04 +9.9996e-04 +9.9995e-04 +9.9995e-04 +9.9995e-04 +9.9995e-04 +9.9994e-04 +9.9994e-04 +9.9994e-04 +9.9994e-04 +9.9993e-04 +9.9993e-04 +9.9993e-04 +9.9993e-04 +9.9992e-04 +9.9992e-04 +9.9992e-04 +9.9992e-04 +9.9991e-04 +9.9991e-04 +9.9991e-04 +9.9991e-04 +9.9991e-04 +9.9990e-04 +9.9990e-04 +9.9990e-04 +9.9990e-04 +9.9989e-04 +9.9989e-04 +9.9989e-04 +9.9989e-04 +9.9989e-04 +9.9988e-04 +9.9988e-04 +9.9988e-04 +9.9988e-04 +9.9987e-04 +9.9987e-04 +9.9987e-04 +9.9986e-04 +9.9986e-04 +9.9986e-04 +9.9985e-04 +9.9985e-04 +9.9985e-04 +9.9984e-04 
+0000.00050 +5.0000e-04 +5.0000e-04 +5.0000e-04 +5.0000e-04 +5.0000e-04 +5.0000e-04 +4.9999e-04 +4.9999e-04 +4.9999e-04 +4.9999e-04 +4.9999e-04 +4.9999e-04 +4.9998e-04 +4.9998e-04 +4.9998e-04 +4.9998e-04 +4.9998e-04 +4.9998e-04 +4.9998e-04 +4.9998e-04 +4.9997e-04 +4.9997e-04 +4.9997e-04 +4.9997e-04 +4.9997e-04 +4.9997e-04 +4.9997e-04 +4.9997e-04 +4.9997e-04 +4.9997e-04 +4.9996e-04 +4.9996e-04 +4.9996e-04 +4.9996e-04 +4.9996e-04 +4.9996e-04 +4.9996e-04 +4.9996e-04 +4.9995e-04 +4.9995e-04 +4.9995e-04 +4.9995e-04 +4.9995e-04 +4.9995e-04 +4.9995e-04 +4.9995e-04 +4.9994e-04 +4.9994e-04 +4.9994e-04 +4.9994e-04 +4.9994e-04 +4.9994e-04 +4.9994e-04 +4.9993e-04 +4.9993e-04 +4.9993e-04 +4.9993e-04 +4.9993e-04 +4.9993e-04 +4.9992e-04 +4.9992e-04 
+0000.00000 -1.0725e-10 -9.9347e-11 -9.2375e-11 -8.6262e-11 -8.0945e-11 -7.6358e-11 -7.2440e-11 -6.9134e-11 -6.6383e-11 -6.4133e-11 -6.2332e-11 -6.0932e-11 -5.9884e-11 -5.9147e-11 -5.8676e-11 -5.8433e-11 -5.8381e-11 -5.8484e-11 -5.8711e-11 -5.9031e-11 -5.9417e-11 -5.9844e-11 -6.0288e-11 -6.0730e-11 -6.1151e-11 -6.1537e-11 -6.1872e-11 -6.2148e-11 -6.2355e-11 -6.2487e-11 -6.2541e-11 -6.2516e-11 -6.2412e-11 -6.2233e-11 -6.1985e-11 -6.1676e-11 -6.1318e-11 -6.0923e-11 -6.0506e-11 -6.0086e-11 -5.9683e-11 -5.9320e-11 -5.9021e-11 -5.8814e-11 -5.8730e-11 -5.8799e-11 -5.9058e-11 -5.9543e-11 -6.0293e-11 -6.1351e-11 -6.2760e-11 -6.4567e-11 -6.6821e-11 -6.9574e-11 -7.2879e-11 -7.6793e-11 -8.1375e-11 -8.6684e-11 -9.2785e-11 -9.9744e-11 -1.0763e-10 
-0000.00050 -5.0000e-04 -5.0000e-04 -5.0000e-04 -5.0000e-04 -5.0000e-04 -5.0000e-04 -4.9999e-04 -4.9999e-04 -4.9999e-04 -4.9999e-04 -4.9999e-04 -4.9999e-04 -4.9998e-04 -4.9998e-04 -4.9998e-04 -4.9998e-04 -4.9998e-04 -4.9998e-04 -4.9998e-04 -4.9998e-04 -4.9997e-04 -4.9997e-04 -4.9997e-04 -4.9997e-04 -4.9997e-04 -4.9997e-04 -4.9997e-04 -4.9997e-04 -4.9997e-04 -4.9997e-04 -4.9996e-04 -4.9996e-04 -4.9996e-04 -4.9996e-04 -4.9996e-04 -4.9996e-04 -4.9996e-04 -4.9996e-04 -4.9995e-04 -4.9995e-04 -4.9995e-04 -4.9995e-04 -4.9995e-04 -4.9995e-04 -4.9995e-04 -4.9995e-04 -4.9994e-04 -4.9994e-04 -4.9994e-04 -4.9994e-04 -4.9994e-04 -4.9994e-04 -4.9994e-04 -4.9993e-04 -4.9993e-04 -4.9993e-04 -4.9993e-04 -4.9993e-04 -4.9993e-04 -4.9992e-04 -4.9992e-04 
-0000.00100 -1.0000e-03 -9.9999e-04 -9.9999e-04 -9.9999e-04 -9.9999e-04 -9.9999e-04 -9.9998e-04 -9.9998e-04 -9.9998e-04 -9.9998e-04 -9.9997e-04 -9.9997e-04 -9.9997e-04 -9.9997e-04 -9.9996e-04 -9.9996e-04 -9.9996e-04 -9.9995e-04 -9.9995e-04 -9.9995e-04 -9.9995e-04 -9.9994e-04 -9.9994e-04 -9.9994e-04 -9.9994e-04 -9.9993e-04 -9.9993e-04 -9.9993e-04 -9.9993e-04 -9.9992e-04 -9.9992e-04 -9.9992e-04 -9.9992e-04 -9.9991e-04 -9.9991e-04 -9.9991e-04 -9.9991e-04 -9.9991e-04 -9.9990e-04 -9.9990e-04 -9.9990e-04 -9.9990e-04 -9.9989e-04 -9.9989e-04 -9.9989e-04 -9.9989e-04 -9.9989e-04 -9.9988e-04 -9.9988e-04 -9.9988e-04 -9.9988e-04 -9.9987e-04 -9.9987e-04 -9.9987e-04 -9.9986e-04 -9.9986e-04 -9.9986e-04 -9.9985e-04 -9.9985e-04 -9.9985e-04 -9.9984e-04 
-0000.00150 -1.5000e-03 -1.5000e-03 -1.5000e-03 -1.5000e-03 -1.5000e-03 -1.5000e-03 -1.5000e-03 -1.5000e-03 -1.5000e-03 -1.5000e-03 -1.5000e-03 -1.5000e-03 -1.4999e-03 -1.4999e-03 -1.4999e-03 -1.4999e-03 -1.4999e-03 -1.4999e-03 -1.4999e-03 -1.4999e-03 -1.4999e-03 -1.4999e-03 -1.4999e-03 -1.4999e-03 -1.4999e-03 -1.4999e-03 -1.4999e-03 -1.4999e-03 -1.4999e-03 -1.4999e-03 -1.4999e-03 -1.4999e-03 -1.4999e-03 -1.4999e-03 -1.4999e-03 -1.4999e-03 -1.4999e-03 -1.4998e-03 -1.4998e-03 -1.4998e-03 -1.4998e-03 -1.4998e-03 -1.4998e-03 -1.4998e-03 -1.4998e-03 -1.4998e-03 -1.4998e-03 -1.4998e-03 -1.4998e-03 -1.4998e-03 -1.4998e-03 -1.4998e-03 -1.4998e-03 -1.4998e-03 -1.4998e-03 -1.4998e-03 -1.4998e-03 -1.4998e-03 -1.4998e-03 -1.4998e-03 -1.4998e-03 
-0000.00200 -2.0000e-03 -2.0000e-03 -1.9999e-03 -1.9999e-03 -1.9999e-03 -1.9999e-03 -1.9999e-03 -1.9999e-03 -1.9999e-03 -1.9999e-03 -1.9999e-03 -1.9999e-03 -1.9999e-03 -1.9999e-03 -1.9999e-03 -1.9999e-03 -1.9999e-03 -1.9999e-03 -1.9999e-03 -1.9999e-03 -1.9998e-03 -1.9998e-03 -1.9998e-03 -1.9998e-03 -1.9998e-03 -1.9998e-03 -1.9998e-03 -1.9998e-03 -1.9998e-03 -1.9998e-03 -1.9998e-03 -1.9998e-03 -1.9998e-03 -1.9998e-03 -1.9998e-03 -1.9998e-03 -1.9998e-03 -1.9998e-03 -1.9998e-03 -1.9998e-03 -1.9998e-03 -1.9998e-03 -1.9998e-03 -1.9998e-03 -1.9997e-03 -1.9997e-03 -1.9997e-03 -1.9997e-03 -1.9997e-03 -1.9997e-03 -1.9997e-03 -1.9997e-03 -1.9997e-03 -1.9997e-03 -1.9997e-03 -1.9997e-03 -1.9997e-03 -1.9997e-03 -1.9997e-03 -1.9996e-03 -1.9996e-03 