# Author: FAC idanalysis.IDKickMap
# Termination_kicks [T2m2]: +0.0000e+00 +0.0000e+00 +0.0000e+00 +0.0000e+00 
# Total Length of Longitudinal Interval [m]
0.13
# Number of Horizontal Points
61
# Number of Vertical Points
9
# Total Horizontal 2nd Order Kick [T2m2]
START
            -0000.01000 -0000.00967 -0000.00933 -0000.00900 -0000.00867 -0000.00833 -0000.00800 -0000.00767 -0000.00733 -0000.00700 -0000.00667 -0000.00633 -0000.00600 -0000.00567 -0000.00533 -0000.00500 -0000.00467 -0000.00433 -0000.00400 -0000.00367 -0000.00333 -0000.00300 -0000.00267 -0000.00233 -0000.00200 -0000.00167 -0000.00133 -0000.00100 -0000.00067 -0000.00033 +0000.00000 +0000.00033 +0000.00067 +0000.00100 +0000.00133 +0000.00167 +0000.00200 +0000.00233 +0000.00267 +0000.00300 +0000.00333 +0000.00367 +0000.00400 +0000.00433 +0000.00467 +0000.00500 +0000.00533 +0000.00567 +0000.00600 +0000.00633 +0000.00667 +0000.00700 +0000.00733 +0000.00767 +0000.00800 +0000.00833 +0000.00867 +0000.00900 +0000.00933 +0000.00967 +0000.01000 
+0000.00200 -9.4105e-04 -9.3003e-04 -9.1947e-04 -9.0939e-04 -8.9975e-04 -8.9056e-04 -8.8180e-04 -8.7346e-04 -8.6554e-04 -8.5803e-04 -8.5092e-04 -8.4421e-04 -8.3788e-04 -8.3192e-04 -8.2634e-04 -8.2113e-04 -8.1628e-04 -8.1178e-04 -8.0763e-04 -8.0383e-04 -8.0037e-04 -7.9725e-04 -7.9446e-04 -7.9201e-04 -7.8988e-04 -7.8808e-04 -7.8660e-04 -7.8545e-04 -7.8462e-04 -7.8411e-04 -7.8392e-04 -7.8405e-04 -7.8450e-04 -7.8528e-04 -7.8637e-04 -7.8779e-04 -7.8953e-04 -7.9160e-04 -7.9400e-04 -7.9674e-04 -7.9981e-04 -8.0322e-04 -8.0697e-04 -8.1107e-04 -8.1552e-04 -8.2033e-04 -8.2550e-04 -8.3104e-04 -8.3696e-04 -8.4326e-04 -8.4994e-04 -8.5702e-04 -8.6451e-04 -8.7240e-04 -8.8072e-04 -8.8946e-04 -8.9864e-04 -9.0827e-04 -9.1835e-04 -9.2890e-04 -9.3993e-04 
+0000.00150 -8.7564e-04 -8.6533e-04 -8.5542e-04 -8.4592e-04 -8.3682e-04 -8.2812e-04 -8.1980e-04 -8.1186e-04 -8.0430e-04 -7.9712e-04 -7.9029e-04 -7.8383e-04 -7.7773e-04 -7.7198e-04 -7.6658e-04 -7.6153e-04 -7.5682e-04 -7.5244e-04 -7.4840e-04 -7.4470e-04 -7.4132e-04 -7.3827e-04 -7.3555e-04 -7.3315e-04 -7.3107e-04 -7.2931e-04 -7.2788e-04 -7.2676e-04 -7.2595e-04 -7.2546e-04 -7.2529e-04 -7.2544e-04 -7.2590e-04 -7.2668e-04 -7.2778e-04 -7.2919e-04 -7.3092e-04 -7.3297e-04 -7.3535e-04 -7.3805e-04 -7.4107e-04 -7.4442e-04 -7.4810e-04 -7.5211e-04 -7.5646e-04 -7.6115e-04 -7.6618e-04 -7.7156e-04 -7.7728e-04 -7.8336e-04 -7.8979e-04 -7.9659e-04 -8.0375e-04 -8.1128e-04 -8.1919e-04 -8.2749e-04 -8.3617e-04 -8.4524e-04 -8.5471e-04 -8.6459e-04 -8.7488e-04 
+0000.00100 -8.7603e-04 -8.6618e-04 -8.5667e-04 -8.4751e-04 -8.3868e-04 -8.3019e-04 -8.2204e-04 -8.1423e-04 -8.0676e-04 -7.9963e-04 -7.9283e-04 -7.8636e-04 -7.8024e-04 -7.7444e-04 -7.6898e-04 -7.6385e-04 -7.5906e-04 -7.5460e-04 -7.5047e-04 -7.4667e-04 -7.4320e-04 -7.4007e-04 -7.3726e-04 -7.3479e-04 -7.3264e-04 -7.3083e-04 -7.2934e-04 -7.2818e-04 -7.2735e-04 -7.2685e-04 -7.2668e-04 -7.2684e-04 -7.2733e-04 -7.2814e-04 -7.2929e-04 -7.3076e-04 -7.3256e-04 -7.3469e-04 -7.3715e-04 -7.3994e-04 -7.4305e-04 -7.4650e-04 -7.5028e-04 -7.5438e-04 -7.5882e-04 -7.6358e-04 -7.6868e-04 -7.7411e-04 -7.7987e-04 -7.8596e-04 -7.9238e-04 -7.9914e-04 -8.0622e-04 -8.1365e-04 -8.2140e-04 -8.2949e-04 -8.3792e-04 -8.4668e-04 -8.5578e-04 -8.6522e-04 -8.7499e-04 
+0000.00050 -8.7645e-04 -8.6686e-04 -8.5757e-04 -8.4859e-04 -8.3991e-04 -8.3154e-04 -8.2348e-04 -8.1574e-04 -8.0831e-04 -8.0120e-04 -7.9441e-04 -7.8794e-04 -7.8179e-04 -7.7596e-04 -7.7046e-04 -7.6529e-04 -7.6045e-04 -7.5593e-04 -7.5175e-04 -7.4789e-04 -7.4437e-04 -7.4118e-04 -7.3833e-04 -7.3581e-04 -7.3362e-04 -7.3177e-04 -7.3026e-04 -7.2908e-04 -7.2824e-04 -7.2774e-04 -7.2757e-04 -7.2773e-04 -7.2824e-04 -7.2907e-04 -7.3025e-04 -7.3176e-04 -7.3360e-04 -7.3578e-04 -7.3829e-04 -7.4113e-04 -7.4430e-04 -7.4781e-04 -7.5164e-04 -7.5580e-04 -7.6029e-04 -7.6510e-04 -7.7024e-04 -7.7570e-04 -7.8148e-04 -7.8758e-04 -7.9400e-04 -8.0073e-04 -8.0777e-04 -8.1513e-04 -8.2280e-04 -8.3077e-04 -8.3905e-04 -8.4763e-04 -8.5651e-04 -8.6568e-04 -8.7515e-04 
+0000.00000 -8.7659e-04 -8.6708e-04 -8.5787e-04 -8.4894e-04 -8.4031e-04 -8.3198e-04 -8.2396e-04 -8.1624e-04 -8.0882e-04 -8.0172e-04 -7.9493e-04 -7.8846e-04 -7.8230e-04 -7.7647e-04 -7.7096e-04 -7.6577e-04 -7.6091e-04 -7.5638e-04 -7.5217e-04 -7.4830e-04 -7.4476e-04 -7.4156e-04 -7.3869e-04 -7.3615e-04 -7.3396e-04 -7.3209e-04 -7.3057e-04 -7.2939e-04 -7.2854e-04 -7.2803e-04 -7.2786e-04 -7.2803e-04 -7.2854e-04 -7.2939e-04 -7.3057e-04 -7.3209e-04 -7.3395e-04 -7.3614e-04 -7.3867e-04 -7.4153e-04 -7.4472e-04 -7.4824e-04 -7.5209e-04 -7.5627e-04 -7.6077e-04 -7.6560e-04 -7.7075e-04 -7.7622e-04 -7.8201e-04 -7.8811e-04 -7.9452e-04 -8.0125e-04 -8.0828e-04 -8.1561e-04 -8.2325e-04 -8.3118e-04 -8.3941e-04 -8.4793e-04 -8.5673e-04 -8.6582e-04 -8.7519e-04 
-0000.00050 -8.7645e-04 -8.6686e-04 -8.5757e-04 -8.4859e-04 -8.3991e-04 -8.3155e-04 -8.2349e-04 -8.1575e-04 -8.0832e-04 -8.0121e-04 -7.9442e-04 -7.8795e-04 -7.8180e-04 -7.7598e-04 -7.7048e-04 -7.6530e-04 -7.6046e-04 -7.5595e-04 -7.5176e-04 -7.4791e-04 -7.4438e-04 -7.4120e-04 -7.3834e-04 -7.3582e-04 -7.3363e-04 -7.3178e-04 -7.3027e-04 -7.2909e-04 -7.2825e-04 -7.2774e-04 -7.2757e-04 -7.2773e-04 -7.2824e-04 -7.2907e-04 -7.3025e-04 -7.3175e-04 -7.3360e-04 -7.3577e-04 -7.3828e-04 -7.4112e-04 -7.4429e-04 -7.4780e-04 -7.5163e-04 -7.5579e-04 -7.6028e-04 -7.6509e-04 -7.7023e-04 -7.7569e-04 -7.8147e-04 -7.8757e-04 -7.9398e-04 -8.0072e-04 -8.0776e-04 -8.1512e-04 -8.2279e-04 -8.3076e-04 -8.3904e-04 -8.4762e-04 -8.5650e-04 -8.6568e-04 -8.7515e-04 
-0000.00100 -8.7603e-04 -8.6618e-04 -8.5668e-04 -8.4752e-04 -8.3869e-04 -8.3021e-04 -8.2206e-04 -8.1426e-04 -8.0679e-04 -7.9965e-04 -7.9285e-04 -7.8639e-04 -7.8026e-04 -7.7447e-04 -7.6901e-04 -7.6388e-04 -7.5909e-04 -7.5463e-04 -7.5050e-04 -7.4670e-04 -7.4323e-04 -7.4009e-04 -7.3728e-04 -7.3481e-04 -7.3266e-04 -7.3084e-04 -7.2935e-04 -7.2819e-04 -7.2736e-04 -7.2686e-04 -7.2669e-04 -7.2684e-04 -7.2733e-04 -7.2814e-04 -7.2928e-04 -7.3075e-04 -7.3255e-04 -7.3468e-04 -7.3713e-04 -7.3992e-04 -7.4303e-04 -7.4648e-04 -7.5025e-04 -7.5436e-04 -7.5879e-04 -7.6356e-04 -7.6865e-04 -7.7408e-04 -7.7984e-04 -7.8593e-04 -7.9235e-04 -7.9911e-04 -8.0620e-04 -8.1362e-04 -8.2138e-04 -8.2948e-04 -8.3791e-04 -8.4667e-04 -8.5577e-04 -8.6522e-04 -8.7499e-04 
-0000.00150 -8.7564e-04 -8.6533e-04 -8.5543e-04 -8.4594e-04 -8.3685e-04 -8.2815e-04 -8.1983e-04 -8.1190e-04 -8.0434e-04 -7.9716e-04 -7.9034e-04 -7.8388e-04 -7.7778e-04 -7.7203e-04 -7.6663e-04 -7.6157e-04 -7.5686e-04 -7.5248e-04 -7.4844e-04 -7.4473e-04 -7.4136e-04 -7.3831e-04 -7.3558e-04 -7.3318e-04 -7.3110e-04 -7.2933e-04 -7.2789e-04 -7.2677e-04 -7.2596e-04 -7.2547e-04 -7.2530e-04 -7.2544e-04 -7.2590e-04 -7.2667e-04 -7.2776e-04 -7.2917e-04 -7.3090e-04 -7.3295e-04 -7.3532e-04 -7.3802e-04 -7.4104e-04 -7.4439e-04 -7.4806e-04 -7.5208e-04 -7.5642e-04 -7.6111e-04 -7.6614e-04 -7.7151e-04 -7.7724e-04 -7.8331e-04 -7.8975e-04 -7.9655e-04 -8.0371e-04 -8.1125e-04 -8.1916e-04 -8.2746e-04 -8.3614e-04 -8.4522e-04 -8.5470e-04 -8.6459e-04 -8.7489e-04 
-0000.00200 -9.4105e-04 -9.3003e-04 -9.1949e-04 -9.0941e-04 -8.9978e-04 -8.9059e-04 -8.8184e-04 -8.7351e-04 -8.6559e-04 -8.5809e-04 -8.5098e-04 -8.4426e-04 -8.3793e-04 -8.3198e-04 -8.2640e-04 -8.2119e-04 -8.1633e-04 -8.1183e-04 -8.0768e-04 -8.0388e-04 -8.0042e-04 -7.9729e-04 -7.9450e-04 -7.9204e-04 -7.8991e-04 -7.8811e-04 -7.8663e-04 -7.8547e-04 -7.8464e-04 -7.8412e-04 -7.8393e-04 -7.8405e-04 -7.8450e-04 -7.8526e-04 -7.8635e-04 -7.8776e-04 -7.8950e-04 -7.9157e-04 -7.9396e-04 -7.9669e-04 -7.9976e-04 -8.0316e-04 -8.0691e-04 -8.1101e-04 -8.1546e-04 -8.2026e-04 -8.2543e-04 -8.3098e-04 -8.3689e-04 -8.4319e-04 -8.4988e-04 -8.5696e-04 -8.6445e-04 -8.7235e-04 -8.8067e-04 -8.8942e-04 -8.9861e-04 -9.0824e-04 -9.1834e-04 -9.2890e-04 -9.3994e-04 
# Total Vertical 2nd Order Kick [T2m2]
START
            -0000.01000 -0000.00967 -0000.00933 -0000.00900 -0000.00867 -0000.00833 -0000.00800 -0000.00767 -0000.00733 -0000.00700 -0000.00667 -0000.00633 -0000.00600 -0000.00567 -0000.00533 -0000.00500 -0000.00467 -0000.00433 -0000.00400 -0000.00367 -0000.00333 -0000.00300 -0000.00267 -0000.00233 -0000.00200 -0000.00167 -0000.00133 -0000.00100 -0000.00067 -0000.00033 +0000.00000 +0000.00033 +0000.00067 +0000.00100 +0000.00133 +0000.00167 +0000.00200 +0000.00233 +0000.00267 +0000.00300 +0000.00333 +0000.00367 +0000.00400 +0000.00433 +0000.00467 +0000.00500 +0000.00533 +0000.00567 +0000.00600 +0000.00633 +0000.00667 +0000.00700 +0000.00733 +0000.00767 +0000.00800 +0000.00833 +0000.00867 +0000.00900 +0000.00933 +0000.00967 +0000.01000 
+0000.00200 -9.4105e-04 -9.3003e-04 -9.1947e-04 -9.0939e-04 -8.9975e-04 -8.9056e-04 -8.8180e-04 -8.7346e-04 -8.6554e-04 -8.5803e-04 -8.5092e-04 -8.4421e-04 -8.3788e-04 -8.3192e-04 -8.2634e-04 -8.2113e-04 -8.1628e-04 -8.1178e-04 -8.0763e-04 -8.0383e-04 -8.0037e-04 -7.9725e-04 -7.9446e-04 -7.9201e-04 -7.8988e-04 -7.8808e-04 -7.8660e-04 -7.8545e-04 -7.8462e-04 -7.8411e-04 -7.8392e-04 -7.8405e-04 -7.8450e-04 -7.8528e-04 -7.8637e-04 -7.8779e-04 -7.8953e-04 -7.9160e-04 -7.9400e-04 -7.9674e-04 -7.9981e-04 -8.0322e-04 -8.0697e-04 -8.1107e-04 -8.1552e-04 -8.2033e-04 -8.2550e-04 -8.3104e-04 -8.3696e-04 -8.4326e-04 -8.4994e-04 -8.5702e-04 -8.6451e-04 -8.7240e-04 -8.8072e-04 -8.8946e-04 -8.9864e-04 -9.0827e-04 -9.1835e-04 -9.2890e-04 -9.3993e-04 
+0000.00150 -9.4105e-04 -9.3003e-04 -9.1947e-04 -9.0939e-04 -8.9975e-04 -8.9056e-04 -8.8180e-04 -8.7346e-04 -8.6554e-04 -8.5803e-04 -8.5092e-04 -8.4421e-04 -8.3788e-04 -8.3192e-04 -8.2634e-04 -8.2113e-04 -8.1628e-04 -8.1178e-04 -8.0763e-04 -8.0383e-04 -8.0037e-04 -7.9725e-04 -7.9446e-04 -7.9201e-04 -7.8988e-04 -7.8808e-04 -7.8660e-04 -7.8545e-04 -7.8462e-04 -7.8411e-04 -7.8392e-04 -7.8405e-04 -7.8450e-04 -7.8528e-04 -7.8637e-04 -7.8779e-04 -7.8953e-04 -7.9160e-04 -7.9400e-04 -7.9674e-04 -7.9981e-04 -8.0322e-04 -8.0697e-04 -8.1107e-04 -8.1552e-04 -8.2033e-04 -8.2550e-04 -8.3104e-04 -8.3696e-04 -8.4326e-04 -8.4994e-04 -8.5702e-04 -8.6451e-04 -8.7240e-04 -8.8072e-04 -8.8946e-04 -8.9864e-04 -9.0827e-04 -9.1835e-04 -9.2890e-04 -9.3993e-04 
+0000.00100 -9.4105e-04 -9.3003e-04 -9.1947e-04 -9.0939e-04 -8.9975e-04 -8.9056e-04 -8.8180e-04 -8.7346e-04 -8.6554e-04 -8.5803e-04 -8.5092e-04 -8.4421e-04 -8.3788e-04 -8.3192e-04 -8.2634e-04 -8.2113e-04 -8.1628e-04 -8.1178e-04 -8.0763e-04 -8.0383e-04 -8.0037e-04 -7.9725e-04 -7.9446e-04 -7.9201e-04 -7.8988e-04 -7.8808e-04 -7.8660e-04 -7.8545e-04 -7.8462e-04 -7.8411e-04 -7.8392e-04 -7.8405e-04 -7.8450e-04 -7.8528e-04 -7.8637e-04 -7.8779e-04 -7.8953e-04 -7.9160e-04 -7.9400e-04 -7.9674e-04 -7.9981e-04 -8.0322e-04 -8.0697e-04 -8.1107e-04 -8.1552e-04 -8.2033e-04 -8.2550e-04 -8.3104e-04 -8.3696e-04 -8.4326e-04 -8.4994e-04 -8.5702e-04 -8.6451e-04 -8.7240e-04 -8.8072e-04 -8.8946e-04 -8.9864e-04 -9.0827e-04 -9.1835e-04 -9.2890e-04 -9.3993e-04 
+0000.00050 -9.4105e-04 -9.3003e-04 -9.1947e-04 -9.0939e-04 -8.9975e-04 -8.9056e-04 -8.8180e-04 -8.7346e-04 -8.6554e-04 -8.5803e-04 -8.5092e-04 -8.4421e-04 -8.3788e-04 -8.3192e-04 -8.2634e-04 -8.2113e-04 -8.1628e-04 -8.1178e-04 -8.0763e-04 -8.0383e-04 -8.0037e-04 -7.9725e-04 -7.9446e-04 -7.9201e-04 -7.8988e-04 -7.8808e-04 -7.8660e-04 -7.8545e-04 -7.8462e-04 -7.8411e-04 -7.8392e-04 -7.8405e-04 -7.8450e-04 -7.8528e-04 -7.8637e-04 -7.8779e-04 -7.8953e-04 -7.9160e-04 -7.9400e-04 -7.9674e-04 -7.9981e-04 -8.0322e-04 -8.0697e-04 -8.1107e-04 -8.1552e-04 -8.2033e-04 -8.2550e-04 -8.3104e-04 -8.3696e-04 -8.4326e-04 -8.4994e-04 -8.5702e-04 -8.6451e-04 -8.7240e-04 -8.8072e-04 -8.8946e-04 -8.9864e-04 -9.0827e-04 -9.1835e-04 -9.2890e-04 -9.3993e-04 
+0000.00000 -9.4105e-04 -9.3003e-04 -9.1947e-04 -9.0939e-04 -8.9975e-04 -8.9056e-04 -8.8180e-04 -8.7346e-04 -8.6554e-04 -8.5803e-04 -8.5092e-04 -8.4421e-04 -8.3788e-04 -8.3192e-04 -8.2634e-04 -8.2113e-04 -8.1628e-04 -8.1178e-04 -8.0763e-04 -8.0383e-04 -8.0037e-04 -7.9725e-04 -7.9446e-04 -7.9201e-04 -7.8988e-04 -7.8808e-04 -7.8660e-04 -7.8545e-04 -7.8462e-04 -7.8411e-04 -7.8392e-04 -7.8405e-04 -7.8450e-04 -7.8528e-04 -7.8637e-04 -7.8779e-04 -7.8953e-04 -7.9160e-04 -7.9400e-04 -7.9674e-04 -7.9981e-04 -8.0322e-04 -8.0697e-04 -8.1107e-04 -8.1552e-04 -8.2033e-04 -8.2550e-04 -8.3104e-04 -8.3696e-04 -8.4326e-04 -8.4994e-04 -8.5702e-04 -8.6451e-04 -8.7240e-04 -8.8072e-04 -8.8946e-04 -8.9864e-04 -9.0827e-04 -9.1835e-04 -9.2890e-04 -9.3993e-04 
-0000.00050 -9.4105e-04 -9.3003e-04 -9.1947e-04 -9.0939e-04 -8.9975e-04 -8.9056e-04 -8.8180e-04 -8.7346e-04 -8.6554e-04 -8.5803e-04 -8.5092e-04 -8.4421e-04 -8.3788e-04 -8.3192e-04 -8.2634e-04 -8.2113e-04 -8.1628e-04 -8.1178e-04 -8.0763e-04 -8.0383e-04 -8.0037e-04 -7.9725e-04 -7.9446e-04 -7.9201e-04 -7.8988e-04 -7.8808e-04 -7.8660e-04 -7.8545e-04 -7.8462e-04 -7.8411e-04 -7.8392e-04 -7.8405e-04 -7.8450e-04 -7.8528e-04 -7.8637e-04 -7.8779e-04 -7.8953e-04 -7.9160e-04 -7.9400e-04 -7.9674e-04 -7.9981e-04 -8.0322e-04 -8.0697e-04 -8.1107e-04 -8.1552e-04 -8.2033e-04 -8.2550e-04 -8.3104e-04 -8.3696e-04 -8.4326e-04 -8.4994e-04 -8.5702e-04 -8.6451e-04 -8.7240e-04 -8.8072e-04 -8.8946e-04 -8.9864e-04 -9.0827e-04 -9.1835e-04 -9.2890e-04 -9.3993e-04 
-0000.00100 -9.4105e-04 -9.3003e-04 -9.1947e-04 -9.0939e-04 -8.9975e-04 -8.9056e-04 -8.8180e-04 -8.7346e-04 -8.6554e-04 -8.5803e-04 -8.5092e-04 -8.4421e-04 -8.3788e-04 -8.3192e-04 -8.2634e-04 -8.2113e-04 -8.1628e-04 -8.1178e-04 -8.0763e-04 -8.0383e-04 -8.0037e-04 -7.9725e-04 -7.9446e-04 -7.9201e-04 -7.8988e-04 -7.8808e-04 -7.8660e-04 -7.8545e-04 -7.8462e-04 -7.8411e-04 -7.8392e-04 -7.8405e-04 -7.8450e-04 -7.8528e-04 -7.8637e-04 -7.8779e-04 -7.8953e-04 -7.9160e-04 -7.9400e-04 -7.9674e-04 -7.9981e-04 -8.0322e-04 -8.0697e-04 -8.1107e-04 -8.1552e-04 -8.2033e-04 -8.2550e-04 -8.3104e-04 -8.3696e-04 -8.4326e-04 -8.4994e-04 -8.5702e-04 -8.6451e-04 -8.7240e-04 -8.8072e-04 -8.8946e-04 -8.9864e-04 -9.0827e-04 -9.1835e-04 -9.2890e-04 -9.3993e-04 
-0000.00150 -9.4105e-04 -9.3003e-04 -9.1947e-04 -9.0939e-04 -8.9975e-04 -8.9056e-04 -8.8180e-04 -8.7346e-04 -8.6554e-04 -8.5803e-04 -8.5092e-04 -8.4421e-04 -8.3788e-04 -8.3192e-04 -8.2634e-04 -8.2113e-04 -8.1628e-04 -8.1178e-04 -8.0763e-04 -8.0383e-04 -8.0037e-04 -7.9725e-04 -7.9446e-04 -7.9201e-04 -7.8988e-04 -7.8808e-04 -7.8660e-04 -7.8545e-04 -7.8462e-04 -7.8411e-04 -7.8392e-04 -7.8405e-04 -7.8450e-04 -7.8528e-04 -7.8637e-04 -7.8779e-04 -7.8953e-04 -7.9160e-04 -7.9400e-04 -7.9674e-04 -7.9981e-04 -8.0322e-04 -8.0697e-04 -8.1107e-04 -8.1552e-04 -8.2033e-04 -8.2550e-04 -8.3104e-04 -8.3696e-04 -8.4326e-04 -8.4994e-04 -8.5702e-04 -8.6451e-04 -8.7240e-04 -8.8072e-04 -8.8946e-04 -8.9864e-04 -9.0827e-04 -9.1835e-04 -9.2890e-04 -9.3993e-04 
-0000.00200 -9.4105e-04 -9.3003e-04 -9.1947e-04 -9.0939e-04 -8.9975e-04 -8.9056e-04 -8.8180e-04 -8.7346e-04 -8.6554e-04 -8.5803e-04 -8.5092e-04 -8.4421e-04 -8.3788e-04 -8.3192e-04 -8.2634e-04 -8.2113e-04 -8.1628e-04 -8.1178e-04 -8.0763e-04 -8.0383e-04 -8.0037e-04 -7.9725e-04 -7.9446e-04 -7.9201e-04 -7.8988e-04 -7.8808e-04 -7.8660e-04 -7.8545e-04 -7.8462e-04 -7.8411e-04 -7.8392e-04 -7.8405e-04 -7.8450e-04 -7.8528e-04 -7.8637e-04 -7.8779e-04 -7.8953e-04 -7.9160e-04 -7.9400e-04 -7.9674e-04 -7.9981e-04 -8.0322e-04 -8.0697e-04 -8.1107e-04 -8.1552e-04 -8.2033e-04 -8.2550e-04 -8.3104e-04 -8.3696e-04 -8.4326e-04 -8.4994e-04 -8.5702e-04 -8.6451e-04 -8.7240e-04 -8.8072e-04 -8.8946e-04 -8.9864e-04 -9.0827e-04 -9.1835e-04 -9.2890e-04 -9.3993e-04 
# Horizontal Final Position [m]
START
            -0000.01000 -0000.00967 -0000.00933 -0000.00900 -0000.00867 -0000.00833 -0000.00800 -0000.00767 -0000.00733 -0000.00700 -0000.00667 -0000.00633 -0000.00600 -0000.00567 -0000.00533 -0000.00500 -0000.00467 -0000.00433 -0000.00400 -0000.00367 -0000.00333 -0000.00300 -0000.00267 -0000.00233 -0000.00200 -0000.00167 -0000.00133 -0000.00100 -0000.00067 -0000.00033 +0000.00000 +0000.00033 +0000.00067 +0000.00100 +0000.00133 +0000.00167 +0000.00200 +0000.00233 +0000.00267 +0000.00300 +0000.00333 +0000.00367 +0000.00400 +0000.00433 +0000.00467 +0000.00500 +0000.00533 +0000.00567 +0000.00600 +0000.00633 +0000.00667 +0000.00700 +0000.00733 +0000.00767 +0000.00800 +0000.00833 +0000.00867 +0000.00900 +0000.00933 +0000.00967 +0000.01000 
+0000.00200 -9.9999e-03 -9.6666e-03 -9.3333e-03 -9.0000e-03 -8.6668e-03 -8.3335e-03 -8.0002e-03 -7.6669e-03 -7.3336e-03 -7.0003e-03 -6.6670e-03 -6.3337e-03 -6.0004e-03 -5.6670e-03 -5.3337e-03 -5.0004e-03 -4.6671e-03 -4.3338e-03 -4.0004e-03 -3.6671e-03 -3.3338e-03 -3.0004e-03 -2.6671e-03 -2.3338e-03 -2.0005e-03 -1.6671e-03 -1.3338e-03 -1.0005e-03 -6.6713e-04 -3.3380e-04 -4.6366e-07 +3.3287e-04 +6.6620e-04 +9.9954e-04 +1.3329e-03 +1.6662e-03 +1.9995e-03 +2.3329e-03 +2.6662e-03 +2.9995e-03 +3.3329e-03 +3.6662e-03 +3.9996e-03 +4.3329e-03 +4.6662e-03 +4.9996e-03 +5.3329e-03 +5.6663e-03 +5.9996e-03 +6.3330e-03 +6.6663e-03 +6.9997e-03 +7.3331e-03 +7.6664e-03 +7.9998e-03 +8.3332e-03 +8.6666e-03 +8.9999e-03 +9.3333e-03 +9.6667e-03 +1.0000e-02 
+0000.00150 -9.9998e-03 -9.6665e-03 -9.3332e-03 -9.0000e-03 -8.6667e-03 -8.3334e-03 -8.0001e-03 -7.6668e-03 -7.3335e-03 -7.0002e-03 -6.6669e-03 -6.3336e-03 -6.0003e-03 -5.6669e-03 -5.3336e-03 -5.0003e-03 -4.6670e-03 -4.3337e-03 -4.0003e-03 -3.6670e-03 -3.3337e-03 -3.0004e-03 -2.6670e-03 -2.3337e-03 -2.0004e-03 -1.6670e-03 -1.3337e-03 -1.0004e-03 -6.6704e-04 -3.3371e-04 -3.7485e-07 +3.3296e-04 +6.6629e-04 +9.9963e-04 +1.3330e-03 +1.6663e-03 +1.9996e-03 +2.3330e-03 +2.6663e-03 +2.9996e-03 +3.3330e-03 +3.6663e-03 +3.9997e-03 +4.3330e-03 +4.6663e-03 +4.9997e-03 +5.3330e-03 +5.6664e-03 +5.9997e-03 +6.3331e-03 +6.6664e-03 +6.9998e-03 +7.3332e-03 +7.6665e-03 +7.9999e-03 +8.3333e-03 +8.6666e-03 +9.0000e-03 +9.3334e-03 +9.6668e-03 +1.0000e-02 
+0000.00100 -9.9998e-03 -9.6665e-03 -9.3332e-03 -9.0000e-03 -8.6667e-03 -8.3334e-03 -8.0001e-03 -7.6668e-03 -7.3335e-03 -7.0002e-03 -6.6669e-03 -6.3336e-03 -6.0003e-03 -5.6669e-03 -5.3336e-03 -5.0003e-03 -4.6670e-03 -4.3337e-03 -4.0003e-03 -3.6670e-03 -3.3337e-03 -3.0004e-03 -2.6670e-03 -2.3337e-03 -2.0004e-03 -1.6670e-03 -1.3337e-03 -1.0004e-03 -6.6704e-04 -3.3371e-04 -3.7474e-07 +3.3296e-04 +6.6629e-04 +9.9963e-04 +1.3330e-03 +1.6663e-03 +1.9996e-03 +2.3330e-03 +2.6663e-03 +2.9996e-03 +3.3330e-03 +3.6663e-03 +3.9997e-03 +4.3330e-03 +4.6663e-03 +4.9997e-03 +5.3330e-03 +5.6664e-03 +5.9997e-03 +6.3331e-03 +6.6664e-03 +6.9998e-03 +7.3332e-03 +7.6665e-03 +7.9999e-03 +8.3333e-03 +8.6666e-03 +9.0000e-03 +9.3334e-03 +9.6668e-03 +1.0000e-02 
+0000.00050 -9.9998e-03 -9.6665e-03 -9.3332e-03 -9.0000e-03 -8.6667e-03 -8.3334e-03 -8.0001e-03 -7.6668e-03 -7.3335e-03 -7.0002e-03 -6.6669e-03 -6.3336e-03 -6.0003e-03 -5.6669e-03 -5.3336e-03 -5.0003e-03 -4.6670e-03 -4.3337e-03 -4.0003e-03 -3.6670e-03 -3.3337e-03 -3.0004e-03 -2.6670e-03 -2.3337e-03 -2.0004e-03 -1.6670e-03 -1.3337e-03 -1.0004e-03 -6.6704e-04 -3.3371e-04 -3.7457e-07 +3.3296e-04 +6.6629e-04 +9.9963e-04 +1.3330e-03 +1.6663e-03 +1.9996e-03 +2.3330e-03 +2.6663e-03 +2.9996e-03 +3.3330e-03 +3.6663e-03 +3.9997e-03 +4.3330e-03 +4.6663e-03 +4.9997e-03 +5.3330e-03 +5.6664e-03 +5.9997e-03 +6.3331e-03 +6.6664e-03 +6.9998e-03 +7.3332e-03 +7.6665e-03 +7.9999e-03 +8.3333e-03 +8.6666e-03 +9.0000e-03 +9.3334e-03 +9.6668e-03 +1.0000e-02 
+0000.00000 -9.9998e-03 -9.6665e-03 -9.3332e-03 -8.9999e-03 -8.6667e-03 -8.3334e-03 -8.0001e-03 -7.6668e-03 -7.3335e-03 -7.0002e-03 -6.6669e-03 -6.3336e-03 -6.0002e-03 -5.6669e-03 -5.3336e-03 -5.0003e-03 -4.6670e-03 -4.3337e-03 -4.0003e-03 -3.6670e-03 -3.3337e-03 -3.0004e-03 -2.6670e-03 -2.3337e-03 -2.0004e-03 -1.6670e-03 -1.3337e-03 -1.0004e-03 -6.6704e-04 -3.3371e-04 -3.7824e-07 +3.3295e-04 +6.6629e-04 +9.9962e-04 +1.3330e-03 +1.6663e-03 +1.9996e-03 +2.3330e-03 +2.6663e-03 +2.9996e-03 +3.3330e-03 +3.6663e-03 +3.9997e-03 +4.3330e-03 +4.6663e-03 +4.9997e-03 +5.3330e-03 +5.6664e-03 +5.9997e-03 +6.3331e-03 +6.6664e-03 +6.9998e-03 +7.3332e-03 +7.6665e-03 +7.9999e-03 +8.3333e-03 +8.6666e-03 +9.0000e-03 +9.3334e-03 +9.6668e-03 +1.0000e-02 
-0000.00050 -9.9998e-03 -9.6665e-03 -9.3332e-03 -9.0000e-03 -8.6667e-03 -8.3334e-03 -8.0001e-03 -7.6668e-03 -7.3335e-03 -7.0002e-03 -6.6669e-03 -6.3336e-03 -6.0003e-03 -5.6669e-03 -5.3336e-03 -5.0003e-03 -4.6670e-03 -4.3337e-03 -4.0003e-03 -3.6670e-03 -3.3337e-03 -3.0004e-03 -2.6670e-03 -2.3337e-03 -2.0004e-03 -1.6670e-03 -1.3337e-03 -1.0004e-03 -6.6704e-04 -3.3371e-04 -3.7457e-07 +3.3296e-04 +6.6629e-04 +9.9963e-04 +1.3330e-03 +1.6663e-03 +1.9996e-03 +2.3330e-03 +2.6663e-03 +2.9996e-03 +3.3330e-03 +3.6663e-03 +3.9997e-03 +4.3330e-03 +4.6663e-03 +4.9997e-03 +5.3330e-03 +5.6664e-03 +5.9997e-03 +6.3331e-03 +6.6664e-03 +6.9998e-03 +7.3332e-03 +7.6665e-03 +7.9999e-03 +8.3333e-03 +8.6666e-03 +9.0000e-03 +9.3334e-03 +9.6668e-03 +1.0000e-02 
-0000.00100 -9.9998e-03 -9.6665e-03 -9.3332e-03 -9.0000e-03 -8.6667e-03 -8.3334e-03 -8.0001e-03 -7.6668e-03 -7.3335e-03 -7.0002e-03 -6.6669e-03 -6.3336e-03 -6.0003e-03 -5.6669e-03 -5.3336e-03 -5.0003e-03 -4.6670e-03 -4.3337e-03 -4.0003e-03 -3.6670e-03 -3.3337e-03 -3.0004e-03 -2.6670e-03 -2.3337e-03 -2.0004e-03 -1.6670e-03 -1.3337e-03 -1.0004e-03 -6.6704e-04 -3.3371e-04 -3.7474e-07 +3.3296e-04 +6.6629e-04 +9.9963e-04 +1.3330e-03 +1.6663e-03 +1.9996e-03 +2.3330e-03 +2.6663e-03 +2.9996e-03 +3.3330e-03 +3.6663e-03 +3.9997e-03 +4.3330e-03 +4.6663e-03 +4.9997e-03 +5.3330e-03 +5.6664e-03 +5.9997e-03 +6.3331e-03 +6.6664e-03 +6.9998e-03 +7.3332e-03 +7.6665e-03 +7.9999e-03 +8.3333e-03 +8.6666e-03 +9.0000e-03 +9.3334e-03 +9.6668e-03 +1.0000e-02 
-0000.00150 -9.9998e-03 -9.6665e-03 -9.3332e-03 -9.0000e-03 -8.6667e-03 -8.3334e-03 -8.0001e-03 -7.6668e-03 -7.3335e-03 -7.0002e-03 -6.6669e-03 -6.3336e-03 -6.0003e-03 -5.6669e-03 -5.3336e-03 -5.0003e-03 -4.6670e-03 -4.3337e-03 -4.0003e-03 -3.6670e-03 -3.3337e-03 -3.0004e-03 -2.6670e-03 -2.3337e-03 -2.0004e-03 -1.6670e-03 -1.3337e-03 -1.0004e-03 -6.6704e-04 -3.3371e-04 -3.7485e-07 +3.3296e-04 +6.6629e-04 +9.9963e-04 +1.3330e-03 +1.6663e-03 +1.9996e-03 +2.3330e-03 +2.6663e-03 +2.9996e-03 +3.3330e-03 +3.6663e-03 +3.9997e-03 +4.3330e-03 +4.6663e-03 +4.9997e-03 +5.3330e-03 +5.6664e-03 +5.9997e-03 +6.3331e-03 +6.6664e-03 +6.9998e-03 +7.3332e-03 +7.6665e-03 +7.9999e-03 +8.3333e-03 +8.6666e-03 +9.0000e-03 +9.3334e-03 +9.6668e-03 +1.0000e-02 
-0000.00200 -9.9999e-03 -9.6666e-03 -9.3333e-03 -9.0000e-03 -8.6668e-03 -8.3335e-03 -8.0002e-03 -7.6669e-03 -7.3336e-03 -7.0003e-03 -6.6670e-03 -6.3337e-03 -6.0004e-03 -5.6670e-03 -5.3337e-03 -5.0004e-03 -4.6671e-03 -4.3338e-03 -4.0004e-03 -3.6671e-03 -3.3338e-03 -3.0004e-03 -2.6671e-03 -2.3338e-03 -2.0005e-03 -1.6671e-03 -1.3338e-03 -1.0005e-03 -6.6713e-04 -3.3380e-04 -4.6366e-07 +3.3287e-04 +6.6620e-04 +9.9954e-04 +1.3329e-03 +1.6662e-03 +1.9995e-03 +2.3329e-03 +2.6662e-03 +2.9995e-03 +3.3329e-03 +3.6662e-03 +3.9996e-03 +4.3329e-03 +4.6662e-03 +4.9996e-03 +5.3329e-03 +5.6663e-03 +5.9996e-03 +6.3330e-03 +6.6663e-03 +6.9997e-03 +7.3331e-03 +7.6664e-03 +7.9998e-03 +8.3332e-03 +8.6666e-03 +8.9999e-03 +9.3333e-03 +9.6667e-03 +1.0000e-02 
# Vertical Final Position [m]
START
            -0000.01000 -0000.00967 -0000.00933 -0000.00900 -0000.00867 -0000.00833 -0000.00800 -0000.00767 -0000.00733 -0000.00700 -0000.00667 -0000.00633 -0000.00600 -0000.00567 -0000.00533 -0000.00500 -0000.00467 -0000.00433 -0000.00400 -0000.00367 -0000.00333 -0000.00300 -0000.00267 -0000.00233 -0000.00200 -0000.00167 -0000.00133 -0000.00100 -0000.00067 -0000.00033 +0000.00000 +0000.00033 +0000.00067 +0000.00100 +0000.00133 +0000.00167 +0000.00200 +0000.00233 +0000.00267 +0000.00300 +0000.00333 +0000.00367 +0000.00400 +0000.00433 +0000.00467 +0000.00500 +0000.00533 +0000.00567 +0000.00600 +0000.00633 +0000.00667 +0000.00700 +0000.00733 +0000.00767 +0000.00800 +0000.00833 +0000.00867 +0000.00900 +0000.00933 +0000.00967 +0000.01000 
+0000.00200 +2.0001e-03 +2.0001e-03 +2.0001e-03 +2.0001e-03 +2.0001e-03 +2.0001e-03 +2.0000e-03 +2.0000e-03 +2.0000e-03 +2.0000e-03 +2.0000e-03 +2.0000e-03 +2.0000e-03 +2.0000e-03 +1.9999e-03 +1.9999e-03 +1.9999e-03 +1.9999e-03 +1.9999e-03 +1.9999e-03 +1.9999e-03 +1.9999e-03 +1.9999e-03 +1.9999e-03 +1.9999e-03 +1.9998e-03 +1.9998e-03 +1.9998e-03 +1.9998e-03 +1.9998e-03 +1.9998e-03 +1.9998e-03 +1.9998e-03 +1.9998e-03 +1.9998e-03 +1.9998e-03 +1.9998e-03 +1.9998e-03 +1.9997e-03 +1.9997e-03 +1.9997e-03 +1.9997e-03 +1.9997e-03 +1.9997e-03 +1.9997e-03 +1.9997e-03 +1.9997e-03 +1.9997e-03 +1.9997e-03 +1.9996e-03 +1.9996e-03 +1.9996e-03 +1.9996e-03 +1.9996e-03 +1.9996e-03 +1.9996e-03 +1.9996e-03 +1.9995e-03 +1.9995e-03 +1.9995e-03 +1.9995e-03 
+0000.00150 +1.5001e-03 +1.5001e-03 +1.5001e-03 +1.5001e-03 +1.5001e-03 +1.5000e-03 +1.5000e-03 +1.5000e-03 +1.5000e-03 +1.5000e-03 +1.5000e-03 +1.5000e-03 +1.5000e-03 +1.5000e-03 +1.5000e-03 +1.5000e-03 +1.5000e-03 +1.4999e-03 +1.4999e-03 +1.4999e-03 +1.4999e-03 +1.4999e-03 +1.4999e-03 +1.4999e-03 +1.4999e-03 +1.4999e-03 +1.4999e-03 +1.4999e-03 +1.4999e-03 +1.4999e-03 +1.4999e-03 +1.4999e-03 +1.4999e-03 +1.4999e-03 +1.4999e-03 +1.4998e-03 +1.4998e-03 +1.4998e-03 +1.4998e-03 +1.4998e-03 +1.4998e-03 +1.4998e-03 +1.4998e-03 +1.4998e-03 +1.4998e-03 +1.4998e-03 +1.4998e-03 +1.4998e-03 +1.4998e-03 +1.4997e-03 +1.4997e-03 +1.4997e-03 +1.4997e-03 +1.4997e-03 +1.4997e-03 +1.4997e-03 +1.4997e-03 +1.4997e-03 +1.4997e-03 +1.4997e-03 +1.4996e-03 
+0000.00100 +1.0001e-03 +1.0001e-03 +1.0001e-03 +1.0001e-03 +1.0000e-03 +1.0000e-03 +1.0000e-03 +1.0000e-03 +1.0000e-03 +1.0000e-03 +1.0000e-03 +1.0000e-03 +1.0000e-03 +1.0000e-03 +9.9999e-04 +9.9999e-04 +9.9998e-04 +9.9998e-04 +9.9997e-04 +9.9997e-04 +9.9996e-04 +9.9996e-04 +9.9996e-04 +9.9995e-04 +9.9995e-04 +9.9994e-04 +9.9994e-04 +9.9993e-04 +9.9993e-04 +9.9993e-04 +9.9992e-04 +9.9992e-04 +9.9991e-04 +9.9991e-04 +9.9991e-04 +9.9990e-04 +9.9990e-04 +9.9989e-04 +9.9989e-04 +9.9988e-04 +9.9988e-04 +9.9988e-04 +9.9987e-04 +9.9987e-04 +9.9986e-04 +9.9986e-04 +9.9985e-04 +9.9985e-04 +9.9984e-04 +9.9984e-04 +9.9983e-04 +9.9983e-04 +9.9982e-04 +9.9982e-04 +9.9981e-04 +9.9980e-04 +9.9980e-04 +9.9979e-04 +9.9978e-04 +9.9978e-04 +9.9977e-04 
+0000.00050 +5.0004e-04 +5.0003e-04 +5.0003e-04 +5.0003e-04 +5.0002e-04 +5.0002e-04 +5.0002e-04 +5.0002e-04 +5.0001e-04 +5.0001e-04 +5.0001e-04 +5.0001e-04 +5.0000e-04 +5.0000e-04 +5.0000e-04 +5.0000e-04 +5.0000e-04 +4.9999e-04 +4.9999e-04 +4.9999e-04 +4.9999e-04 +4.9998e-04 +4.9998e-04 +4.9998e-04 +4.9998e-04 +4.9998e-04 +4.9997e-04 +4.9997e-04 +4.9997e-04 +4.9997e-04 +4.9996e-04 +4.9996e-04 +4.9996e-04 +4.9996e-04 +4.9996e-04 +4.9995e-04 +4.9995e-04 +4.9995e-04 +4.9995e-04 +4.9994e-04 +4.9994e-04 +4.9994e-04 +4.9994e-04 +4.9994e-04 +4.9993e-04 +4.9993e-04 +4.9993e-04 +4.9993e-04 +4.9992e-04 +4.9992e-04 +4.9992e-04 +4.9992e-04 +4.9991e-04 +4.9991e-04 +4.9991e-04 +4.9990e-04 +4.9990e-04 +4.9990e-04 +4.9990e-04 +4.9989e-04 +4.9989e-04 
+0000.00000 -8.1470e-11 -8.4602e-11 -8.6668e-11 -8.7764e-11 -8.7988e-11 -8.7432e-11 -8.6183e-11 -8.4328e-11 -8.1947e-11 -7.9120e-11 -7.5921e-11 -7.2421e-11 -6.8689e-11 -6.4788e-11 -6.0780e-11 -5.6722e-11 -5.2668e-11 -4.8668e-11 -4.4771e-11 -4.1019e-11 -3.7452e-11 -3.4108e-11 -3.1019e-11 -2.8215e-11 -2.5723e-11 -2.3565e-11 -2.1760e-11 -2.0325e-11 -1.9272e-11 -1.8610e-11 -1.8345e-11 -1.8478e-11 -1.9007e-11 -1.9929e-11 -2.1235e-11 -2.2912e-11 -2.4946e-11 -2.7318e-11 -3.0005e-11 -3.2983e-11 -3.6220e-11 -3.9686e-11 -4.3344e-11 -4.7154e-11 -5.1074e-11 -5.5056e-11 -5.9051e-11 -6.3006e-11 -6.6863e-11 -7.0562e-11 -7.4040e-11 -7.7228e-11 -8.0057e-11 -8.2452e-11 -8.4335e-11 -8.5626e-11 -8.6239e-11 -8.6086e-11 -8.5077e-11 -8.3115e-11 -8.0103e-11 
-0000.00050 -5.0004e-04 -5.0003e-04 -5.0003e-04 -5.0003e-04 -5.0002e-04 -5.0002e-04 -5.0002e-04 -5.0002e-04 -5.0001e-04 -5.0001e-04 -5.0001e-04 -5.0001e-04 -5.0000e-04 -5.0000e-04 -5.0000e-04 -5.0000e-04 -5.0000e-04 -4.9999e-04 -4.9999e-04 -4.9999e-04 -4.9999e-04 -4.9998e-04 -4.9998e-04 -4.9998e-04 -4.9998e-04 -4.9998e-04 -4.9997e-04 -4.9997e-04 -4.9997e-04 -4.9997e-04 -4.9996e-04 -4.9996e-04 -4.9996e-04 -4.9996e-04 -4.9996e-04 -4.9995e-04 -4.9995e-04 -4.9995e-04 -4.9995e-04 -4.9994e-04 -4.9994e-04 -4.9994e-04 -4.9994e-04 -4.9994e-04 -4.9993e-04 -4.9993e-04 -4.9993e-04 -4.9993e-04 -4.9992e-04 -4.9992e-04 -4.9992e-04 -4.9992e-04 -4.9991e-04 -4.9991e-04 -4.9991e-04 -4.9990e-04 -4.9990e-04 -4.9990e-04 -4.9990e-04 -4.9989e-04 -4.9989e-04 
-0000.00100 -1.0001e-03 -1.0001e-03 -1.0001e-03 -1.0001e-03 -1.0000e-03 -1.0000e-03 -1.0000e-03 -1.0000e-03 -1.0000e-03 -1.0000e-03 -1.0000e-03 -1.0000e-03 -1.0000e-03 -1.0000e-03 -9.9999e-04 -9.9999e-04 -9.9998e-04 -9.9998e-04 -9.9997e-04 -9.9997e-04 -9.9996e-04 -9.9996e-04 -9.9996e-04 -9.9995e-04 -9.9995e-04 -9.9994e-04 -9.9994e-04 -9.9993e-04 -9.9993e-04 -9.9993e-04 -9.9992e-04 -9.9992e-04 -9.9991e-04 -9.9991e-04 -9.9991e-04 -9.9990e-04 -9.9990e-04 -9.9989e-04 -9.9989e-04 -9.9988e-04 -9.9988e-04 -9.9988e-04 -9.9987e-04 -9.9987e-04 -9.9986e-04 -9.9986e-04 -9.9985e-04 -9.9985e-04 -9.9984e-04 -9.9984e-04 -9.9983e-04 -9.9983e-04 -9.9982e-04 -9.9982e-04 -9.9981e-04 -9.9980e-04 -9.9980e-04 -9.9979e-04 -9.9978e-04 -9.9978e-04 -9.9977e-04 
-0000.00150 -1.5001e-03 -1.5001e-03 -1.5001e-03 -1.5001e-03 -1.5001e-03 -1.5000e-03 -1.5000e-03 -1.5000e-03 -1.5000e-03 -1.5000e-03 -1.5000e-03 -1.5000e-03 -1.5000e-03 -1.5000e-03 -1.5000e-03 -1.5000e-03 -1.5000e-03 -1.4999e-03 -1.4999e-03 -1.4999e-03 -1.4999e-03 -1.4999e-03 -1.4999e-03 -1.4999e-03 -1.4999e-03 -1.4999e-03 -1.4999e-03 -1.4999e-03 -1.4999e-03 -1.4999e-03 -1.4999e-03 -1.4999e-03 -1.4999e-03 -1.4999e-03 -1.4999e-03 -1.4998e-03 -1.4998e-03 -1.4998e-03 -1.4998e-03 -1.4998e-03 -1.4998e-03 -1.4998e-03 -1.4998e-03 -1.4998e-03 -1.4998e-03 -1.4998e-03 -1.4998e-03 -1.4998e-03 -1.4998e-03 -1.4997e-03 -1.4997e-03 -1.4997e-03 -1.4997e-03 -1.4997e-03 -1.4997e-03 -1.4997e-03 -1.4997e-03 -1.4997e-03 -1.4997e-03 -1.4997e-03 -1.4996e-03 
-0000.00200 -2.0001e-03 -2.0001e-03 -2.0001e-03 -2.0001e-03 -2.0001e-03 -2.0001e-03 -2.0000e-03 -2.0000e-03 -2.0000e-03 -2.0000e-03 -2.0000e-03 -2.0000e-03 -2.0000e-03 -2.0000e-03 -1.9999e-03 -1.9999e-03 -1.9999e-03 -1.9999e-03 -1.9999e-03 -1.9999e-03 -1.9999e-03 -1.9999e-03 -1.9999e-03 -1.9999e-03 -1.9999e-03 -1.9998e-03 -1.9998e-03 -1.9998e-03 -1.9998e-03 -1.9998e-03 -1.9998e-03 -1.9998e-03 -1.9998e-03 -1.9998e-03 -1.9998e-03 -1.9998e-03 -1.9998e-03 -1.9998e-03 -1.9997e-03 -1.9997e-03 -1.9997e-03 -1.9997e-03 -1.9997e-03 -1.9997e-03 -1.9997e-03 -1.9997e-03 -1.9997e-03 -1.9997e-03 -1.9997e-03 -1.9996e-03 -1.9996e-03 -1.9996e-03 -1.9996e-03 -1.9996e-03 -1.9996e-03 -1.9996e-03 -1.9996e-03 -1.9995e-03 -1.9995e-03 -1.9995e-03 -1.9995e-03 