# Author: FAC idanalysis.IDKickMap
# 
# Total Length of Longitudinal Interval [m]
None
# Number of Horizontal Points
25
# Number of Vertical Points
9
# Total Horizontal 2nd Order Kick [T2m2]
START
            -0000.01200 -0000.01100 -0000.01000 -0000.00900 -0000.00800 -0000.00700 -0000.00600 -0000.00500 -0000.00400 -0000.00300 -0000.00200 -0000.00100 +0000.00000 +0000.00100 +0000.00200 +0000.00300 +0000.00400 +0000.00500 +0000.00600 +0000.00700 +0000.00800 +0000.00900 +0000.01000 +0000.01100 +0000.01200 
+0000.00200 -3.7885e-04 -3.6889e-04 -3.5633e-04 -3.4244e-04 -3.2828e-04 -3.1462e-04 -3.0205e-04 -2.9096e-04 -2.8163e-04 -2.7424e-04 -2.6889e-04 -2.6563e-04 -2.6450e-04 -2.6551e-04 -2.6864e-04 -2.7387e-04 -2.8114e-04 -2.9035e-04 -3.0131e-04 -3.1376e-04 -3.2729e-04 -3.4134e-04 -3.5511e-04 -3.6755e-04 -3.7739e-04 
+0000.00150 -3.7543e-04 -3.6662e-04 -3.5510e-04 -3.4210e-04 -3.2865e-04 -3.1553e-04 -3.0336e-04 -2.9255e-04 -2.8341e-04 -2.7613e-04 -2.7085e-04 -2.6763e-04 -2.6652e-04 -2.6751e-04 -2.7061e-04 -2.7577e-04 -2.8292e-04 -2.9194e-04 -3.0263e-04 -3.1469e-04 -3.2770e-04 -3.4104e-04 -3.5394e-04 -3.6535e-04 -3.7406e-04 
+0000.00100 -3.7299e-04 -3.6497e-04 -3.5419e-04 -3.4183e-04 -3.2888e-04 -3.1616e-04 -3.0427e-04 -2.9366e-04 -2.8466e-04 -2.7748e-04 -2.7225e-04 -2.6906e-04 -2.6795e-04 -2.6894e-04 -2.7201e-04 -2.7712e-04 -2.8418e-04 -2.9307e-04 -3.0356e-04 -3.1534e-04 -3.2796e-04 -3.4080e-04 -3.5307e-04 -3.6376e-04 -3.7169e-04 
+0000.00050 -3.7153e-04 -3.6398e-04 -3.5364e-04 -3.4165e-04 -3.2901e-04 -3.1652e-04 -3.0481e-04 -2.9433e-04 -2.8541e-04 -2.7828e-04 -2.7309e-04 -2.6991e-04 -2.6881e-04 -2.6979e-04 -2.7285e-04 -2.7792e-04 -2.8493e-04 -2.9373e-04 -3.0410e-04 -3.1571e-04 -3.2810e-04 -3.4065e-04 -3.5255e-04 -3.6281e-04 -3.7027e-04 
+0000.00000 -3.7104e-04 -3.6365e-04 -3.5345e-04 -3.4159e-04 -3.2905e-04 -3.1664e-04 -3.0498e-04 -2.9455e-04 -2.8566e-04 -2.7855e-04 -2.7336e-04 -2.7020e-04 -2.6910e-04 -2.7008e-04 -2.7313e-04 -2.7819e-04 -2.8518e-04 -2.9396e-04 -3.0429e-04 -3.1584e-04 -3.2815e-04 -3.4060e-04 -3.5237e-04 -3.6249e-04 -3.6980e-04 
-0000.00050 -3.7153e-04 -3.6398e-04 -3.5364e-04 -3.4165e-04 -3.2901e-04 -3.1652e-04 -3.0480e-04 -2.9432e-04 -2.8541e-04 -2.7828e-04 -2.7308e-04 -2.6991e-04 -2.6881e-04 -2.6980e-04 -2.7285e-04 -2.7792e-04 -2.8494e-04 -2.9374e-04 -3.0411e-04 -3.1572e-04 -3.2811e-04 -3.4065e-04 -3.5255e-04 -3.6281e-04 -3.7027e-04 
-0000.00100 -3.7299e-04 -3.6497e-04 -3.5419e-04 -3.4182e-04 -3.2887e-04 -3.1615e-04 -3.0426e-04 -2.9366e-04 -2.8466e-04 -2.7747e-04 -2.7225e-04 -2.6906e-04 -2.6795e-04 -2.6894e-04 -2.7201e-04 -2.7712e-04 -2.8419e-04 -2.9307e-04 -3.0356e-04 -3.1535e-04 -3.2797e-04 -3.4081e-04 -3.5308e-04 -3.6377e-04 -3.7169e-04 
-0000.00150 -3.7543e-04 -3.6661e-04 -3.5509e-04 -3.4209e-04 -3.2863e-04 -3.1552e-04 -3.0334e-04 -2.9254e-04 -2.8340e-04 -2.7613e-04 -2.7085e-04 -2.6763e-04 -2.6652e-04 -2.6751e-04 -2.7061e-04 -2.7577e-04 -2.8293e-04 -2.9195e-04 -3.0264e-04 -3.1471e-04 -3.2771e-04 -3.4106e-04 -3.5395e-04 -3.6536e-04 -3.7406e-04 
-0000.00200 -3.7885e-04 -3.6888e-04 -3.5631e-04 -3.4242e-04 -3.2826e-04 -3.1460e-04 -3.0203e-04 -2.9095e-04 -2.8162e-04 -2.7423e-04 -2.6888e-04 -2.6563e-04 -2.6450e-04 -2.6551e-04 -2.6864e-04 -2.7388e-04 -2.8115e-04 -2.9036e-04 -3.0133e-04 -3.1378e-04 -3.2731e-04 -3.4136e-04 -3.5512e-04 -3.6756e-04 -3.7738e-04 
# Total Vertical 2nd Order Kick [T2m2]
START
            -0000.01200 -0000.01100 -0000.01000 -0000.00900 -0000.00800 -0000.00700 -0000.00600 -0000.00500 -0000.00400 -0000.00300 -0000.00200 -0000.00100 +0000.00000 +0000.00100 +0000.00200 +0000.00300 +0000.00400 +0000.00500 +0000.00600 +0000.00700 +0000.00800 +0000.00900 +0000.01000 +0000.01100 +0000.01200 
+0000.00200 -1.7520e-05 -2.4383e-05 -2.8699e-05 -3.0785e-05 -3.1046e-05 -2.9892e-05 -2.7686e-05 -2.4731e-05 -2.1259e-05 -1.7444e-05 -1.3419e-05 -9.2790e-06 -5.0860e-06 -8.9206e-07 +3.2510e-06 +7.2819e-06 +1.1108e-05 +1.4597e-05 +1.7578e-05 +1.9823e-05 +2.1033e-05 +2.0851e-05 +1.8874e-05 +1.4703e-05 +8.0322e-06 
+0000.00150 -1.2210e-05 -1.7380e-05 -2.0683e-05 -2.2334e-05 -2.2620e-05 -2.1834e-05 -2.0247e-05 -1.8084e-05 -1.5520e-05 -1.2689e-05 -9.6921e-06 -6.6021e-06 -3.4696e-06 -3.3625e-07 +2.7568e-06 +5.7595e-06 +8.6004e-06 +1.1180e-05 +1.3367e-05 +1.4987e-05 +1.5820e-05 +1.5601e-05 +1.4038e-05 +1.0851e-05 +5.8297e-06 
+0000.00100 -7.7229e-06 -1.1178e-05 -1.3410e-05 -1.4552e-05 -1.4785e-05 -1.4300e-05 -1.3275e-05 -1.1859e-05 -1.0169e-05 -8.2971e-06 -6.3101e-06 -4.2578e-06 -2.1756e-06 -9.2521e-08 +1.9626e-06 +3.9549e-06 +5.8357e-06 +7.5381e-06 +8.9731e-06 +1.0024e-05 +1.0545e-05 +1.0361e-05 +9.2837e-06 +7.1329e-06 +3.7780e-06 
+0000.00050 -3.7569e-06 -5.4865e-06 -6.6124e-06 -7.1968e-06 -7.3276e-06 -7.0989e-06 -6.5979e-06 -5.8991e-06 -5.0616e-06 -4.1310e-06 -3.1415e-06 -2.1181e-06 -1.0790e-06 -3.9118e-08 +9.8674e-07 +1.9806e-06 +2.9180e-06 +3.7652e-06 +4.4773e-06 +4.9960e-06 +5.2480e-06 +5.1467e-06 +4.5990e-06 +3.5170e-06 +1.8379e-06 
+0000.00000 -4.2889e-08 -4.3350e-08 -4.6066e-08 -5.0159e-08 -5.4855e-08 -5.9569e-08 -6.3917e-08 -6.7677e-08 -7.0751e-08 -7.3118e-08 -7.4793e-08 -7.5797e-08 -7.6145e-08 -7.5844e-08 -7.4886e-08 -7.3252e-08 -7.0920e-08 -6.7876e-08 -6.4138e-08 -5.9807e-08 -5.5102e-08 -5.0408e-08 -4.6307e-08 -4.3577e-08 -4.3094e-08 
-0000.00050 +3.6719e-06 +5.4004e-06 +6.5206e-06 +7.0966e-06 +7.2179e-06 +6.9796e-06 +6.4700e-06 +5.7636e-06 +4.9200e-06 +3.9846e-06 +2.9917e-06 +1.9663e-06 +9.2653e-07 -1.1274e-07 -1.1367e-06 -2.1273e-06 -3.0600e-06 -3.9011e-06 -4.6058e-06 -5.1158e-06 -5.3582e-06 -5.2474e-06 -4.6913e-06 -3.6036e-06 -1.9234e-06 
-0000.00100 +7.6402e-06 +1.1093e-05 +1.3319e-05 +1.4452e-05 +1.4675e-05 +1.4181e-05 +1.3147e-05 +1.1723e-05 +1.0027e-05 +8.1502e-06 +6.1599e-06 +4.1055e-06 +2.0227e-06 -5.9829e-08 -2.1131e-06 -4.1021e-06 -5.9783e-06 -7.6745e-06 -9.1020e-06 -1.0144e-05 -1.0655e-05 -1.0462e-05 -9.3750e-06 -7.2178e-06 -3.8611e-06 
-0000.00150 +1.2131e-05 +1.7298e-05 +2.0594e-05 +2.2235e-05 +2.2510e-05 +2.1714e-05 +2.0118e-05 +1.7947e-05 +1.5377e-05 +1.2541e-05 +9.5410e-06 +6.4490e-06 +3.3159e-06 +1.8307e-07 -2.9081e-06 -5.9076e-06 -8.7439e-06 -1.1317e-05 -1.3496e-05 -1.5108e-05 -1.5930e-05 -1.5700e-05 -1.4128e-05 -1.0933e-05 -5.9088e-06 
-0000.00200 +1.7447e-05 +2.4305e-05 +2.8612e-05 +3.0687e-05 +3.0936e-05 +2.9771e-05 +2.7555e-05 +2.4592e-05 +2.1114e-05 +1.7295e-05 +1.3267e-05 +9.1248e-06 +4.9311e-06 +7.3773e-07 -3.4035e-06 -7.4312e-06 -1.1253e-05 -1.4736e-05 -1.7709e-05 -1.9944e-05 -2.1144e-05 -2.0950e-05 -1.8961e-05 -1.4781e-05 -8.1056e-06 
# Horizontal Final Position [m]
START
            -0000.01200 -0000.01100 -0000.01000 -0000.00900 -0000.00800 -0000.00700 -0000.00600 -0000.00500 -0000.00400 -0000.00300 -0000.00200 -0000.00100 +0000.00000 +0000.00100 +0000.00200 +0000.00300 +0000.00400 +0000.00500 +0000.00600 +0000.00700 +0000.00800 +0000.00900 +0000.01000 +0000.01100 +0000.01200 
+0000.00200 -1.2003e-02 -1.1003e-02 -1.0003e-02 -9.0034e-03 -8.0035e-03 -7.0035e-03 -6.0036e-03 -5.0036e-03 -4.0037e-03 -3.0037e-03 -2.0037e-03 -1.0037e-03 -3.7388e-06 +9.9627e-04 +1.9963e-03 +2.9963e-03 +3.9963e-03 +4.9964e-03 +5.9964e-03 +6.9965e-03 +7.9965e-03 +8.9966e-03 +9.9967e-03 +1.0997e-02 +1.1997e-02 
+0000.00150 -1.2003e-02 -1.1003e-02 -1.0003e-02 -9.0034e-03 -8.0035e-03 -7.0035e-03 -6.0036e-03 -5.0036e-03 -4.0037e-03 -3.0037e-03 -2.0037e-03 -1.0037e-03 -3.7346e-06 +9.9627e-04 +1.9963e-03 +2.9963e-03 +3.9963e-03 +4.9964e-03 +5.9964e-03 +6.9965e-03 +7.9965e-03 +8.9966e-03 +9.9967e-03 +1.0997e-02 +1.1997e-02 
+0000.00100 -1.2003e-02 -1.1003e-02 -1.0003e-02 -9.0034e-03 -8.0035e-03 -7.0035e-03 -6.0036e-03 -5.0036e-03 -4.0037e-03 -3.0037e-03 -2.0037e-03 -1.0037e-03 -3.7315e-06 +9.9627e-04 +1.9963e-03 +2.9963e-03 +3.9963e-03 +4.9964e-03 +5.9964e-03 +6.9965e-03 +7.9965e-03 +8.9966e-03 +9.9967e-03 +1.0997e-02 +1.1997e-02 
+0000.00050 -1.2003e-02 -1.1003e-02 -1.0003e-02 -9.0034e-03 -8.0035e-03 -7.0035e-03 -6.0036e-03 -5.0036e-03 -4.0037e-03 -3.0037e-03 -2.0037e-03 -1.0037e-03 -3.7297e-06 +9.9627e-04 +1.9963e-03 +2.9963e-03 +3.9963e-03 +4.9964e-03 +5.9964e-03 +6.9965e-03 +7.9965e-03 +8.9966e-03 +9.9967e-03 +1.0997e-02 +1.1997e-02 
+0000.00000 -1.2003e-02 -1.1003e-02 -1.0003e-02 -9.0034e-03 -8.0035e-03 -7.0035e-03 -6.0036e-03 -5.0036e-03 -4.0037e-03 -3.0037e-03 -2.0037e-03 -1.0037e-03 -3.7291e-06 +9.9628e-04 +1.9963e-03 +2.9963e-03 +3.9963e-03 +4.9964e-03 +5.9964e-03 +6.9965e-03 +7.9965e-03 +8.9966e-03 +9.9967e-03 +1.0997e-02 +1.1997e-02 
-0000.00050 -1.2003e-02 -1.1003e-02 -1.0003e-02 -9.0034e-03 -8.0035e-03 -7.0035e-03 -6.0036e-03 -5.0036e-03 -4.0037e-03 -3.0037e-03 -2.0037e-03 -1.0037e-03 -3.7297e-06 +9.9627e-04 +1.9963e-03 +2.9963e-03 +3.9963e-03 +4.9964e-03 +5.9964e-03 +6.9965e-03 +7.9965e-03 +8.9966e-03 +9.9967e-03 +1.0997e-02 +1.1997e-02 
-0000.00100 -1.2003e-02 -1.1003e-02 -1.0003e-02 -9.0034e-03 -8.0035e-03 -7.0035e-03 -6.0036e-03 -5.0036e-03 -4.0037e-03 -3.0037e-03 -2.0037e-03 -1.0037e-03 -3.7315e-06 +9.9627e-04 +1.9963e-03 +2.9963e-03 +3.9963e-03 +4.9964e-03 +5.9964e-03 +6.9965e-03 +7.9965e-03 +8.9966e-03 +9.9967e-03 +1.0997e-02 +1.1997e-02 
-0000.00150 -1.2003e-02 -1.1003e-02 -1.0003e-02 -9.0034e-03 -8.0035e-03 -7.0035e-03 -6.0036e-03 -5.0036e-03 -4.0037e-03 -3.0037e-03 -2.0037e-03 -1.0037e-03 -3.7346e-06 +9.9627e-04 +1.9963e-03 +2.9963e-03 +3.9963e-03 +4.9964e-03 +5.9964e-03 +6.9965e-03 +7.9965e-03 +8.9966e-03 +9.9967e-03 +1.0997e-02 +1.1997e-02 
-0000.00200 -1.2003e-02 -1.1003e-02 -1.0003e-02 -9.0034e-03 -8.0035e-03 -7.0035e-03 -6.0036e-03 -5.0036e-03 -4.0037e-03 -3.0037e-03 -2.0037e-03 -1.0037e-03 -3.7388e-06 +9.9627e-04 +1.9963e-03 +2.9963e-03 +3.9963e-03 +4.9964e-03 +5.9964e-03 +6.9965e-03 +7.9965e-03 +8.9966e-03 +9.9967e-03 +1.0997e-02 +1.1997e-02 
# Vertical Final Position [m]
START
            -0000.01200 -0000.01100 -0000.01000 -0000.00900 -0000.00800 -0000.00700 -0000.00600 -0000.00500 -0000.00400 -0000.00300 -0000.00200 -0000.00100 +0000.00000 +0000.00100 +0000.00200 +0000.00300 +0000.00400 +0000.00500 +0000.00600 +0000.00700 +0000.00800 +0000.00900 +0000.01000 +0000.01100 +0000.01200 
+0000.00200 +2.0000e-03 +2.0001e-03 +2.0001e-03 +2.0001e-03 +2.0001e-03 +2.0001e-03 +2.0001e-03 +2.0001e-03 +2.0001e-03 +2.0000e-03 +2.0000e-03 +2.0000e-03 +2.0000e-03 +2.0000e-03 +2.0000e-03 +1.9999e-03 +1.9999e-03 +1.9999e-03 +1.9999e-03 +1.9999e-03 +1.9999e-03 +1.9999e-03 +1.9999e-03 +1.9999e-03 +1.9999e-03 
+0000.00150 +1.5000e-03 +1.5001e-03 +1.5001e-03 +1.5001e-03 +1.5001e-03 +1.5001e-03 +1.5001e-03 +1.5001e-03 +1.5001e-03 +1.5000e-03 +1.5000e-03 +1.5000e-03 +1.5000e-03 +1.5000e-03 +1.5000e-03 +1.5000e-03 +1.4999e-03 +1.4999e-03 +1.4999e-03 +1.4999e-03 +1.4999e-03 +1.4999e-03 +1.4999e-03 +1.4999e-03 +1.5000e-03 
+0000.00100 +1.0000e-03 +1.0000e-03 +1.0001e-03 +1.0001e-03 +1.0001e-03 +1.0001e-03 +1.0000e-03 +1.0000e-03 +1.0000e-03 +1.0000e-03 +1.0000e-03 +1.0000e-03 +1.0000e-03 +9.9999e-04 +9.9998e-04 +9.9997e-04 +9.9996e-04 +9.9995e-04 +9.9995e-04 +9.9994e-04 +9.9994e-04 +9.9994e-04 +9.9994e-04 +9.9996e-04 +9.9998e-04 
+0000.00050 +5.0001e-04 +5.0002e-04 +5.0003e-04 +5.0003e-04 +5.0003e-04 +5.0003e-04 +5.0002e-04 +5.0002e-04 +5.0002e-04 +5.0001e-04 +5.0001e-04 +5.0000e-04 +5.0000e-04 +4.9999e-04 +4.9999e-04 +4.9999e-04 +4.9998e-04 +4.9998e-04 +4.9997e-04 +4.9997e-04 +4.9997e-04 +4.9997e-04 +4.9997e-04 +4.9998e-04 +4.9999e-04 
+0000.00000 -4.5211e-11 -4.7674e-11 -5.2234e-11 -5.7965e-11 -6.4073e-11 -6.9992e-11 -7.5377e-11 -8.0035e-11 -8.3878e-11 -8.6874e-11 -8.9020e-11 -9.0315e-11 -9.0762e-11 -9.0364e-11 -8.9115e-11 -8.7012e-11 -8.4050e-11 -8.0236e-11 -7.5600e-11 -7.0230e-11 -6.4318e-11 -5.8209e-11 -5.2467e-11 -4.7888e-11 -4.5400e-11 
-0000.00050 -5.0001e-04 -5.0002e-04 -5.0003e-04 -5.0003e-04 -5.0003e-04 -5.0003e-04 -5.0002e-04 -5.0002e-04 -5.0002e-04 -5.0001e-04 -5.0001e-04 -5.0000e-04 -5.0000e-04 -4.9999e-04 -4.9999e-04 -4.9999e-04 -4.9998e-04 -4.9998e-04 -4.9997e-04 -4.9997e-04 -4.9997e-04 -4.9997e-04 -4.9997e-04 -4.9998e-04 -4.9999e-04 
-0000.00100 -1.0000e-03 -1.0000e-03 -1.0001e-03 -1.0001e-03 -1.0001e-03 -1.0001e-03 -1.0000e-03 -1.0000e-03 -1.0000e-03 -1.0000e-03 -1.0000e-03 -1.0000e-03 -1.0000e-03 -9.9999e-04 -9.9998e-04 -9.9997e-04 -9.9996e-04 -9.9995e-04 -9.9995e-04 -9.9994e-04 -9.9994e-04 -9.9994e-04 -9.9994e-04 -9.9996e-04 -9.9998e-04 
-0000.00150 -1.5000e-03 -1.5001e-03 -1.5001e-03 -1.5001e-03 -1.5001e-03 -1.5001e-03 -1.5001e-03 -1.5001e-03 -1.5001e-03 -1.5000e-03 -1.5000e-03 -1.5000e-03 -1.5000e-03 -1.5000e-03 -1.5000e-03 -1.5000e-03 -1.4999e-03 -1.4999e-03 -1.4999e-03 -1.4999e-03 -1.4999e-03 -1.4999e-03 -1.4999e-03 -1.4999e-03 -1.5000e-03 
-0000.00200 -2.0000e-03 -2.0001e-03 -2.0001e-03 -2.0001e-03 -2.0001e-03 -2.0001e-03 -2.0001e-03 -2.0001e-03 -2.0001e-03 -2.0000e-03 -2.0000e-03 -2.0000e-03 -2.0000e-03 -2.0000e-03 -2.0000e-03 -1.9999e-03 -1.9999e-03 -1.9999e-03 -1.9999e-03 -1.9999e-03 -1.9999e-03 -1.9999e-03 -1.9999e-03 -1.9999e-03 -1.9999e-03 