# Author: FAC idanalysis.IDKickMap
#
# Total Length of Longitudinal Interval [m]
0.13
# Number of Horizontal Points
25
# Number of Vertical Points
9
# Total Horizontal 2nd Order Kick [T2m2]
START
            -0000.01200 -0000.01100 -0000.01000 -0000.00900 -0000.00800 -0000.00700 -0000.00600 -0000.00500 -0000.00400 -0000.00300 -0000.00200 -0000.00100 +0000.00000 +0000.00100 +0000.00200 +0000.00300 +0000.00400 +0000.00500 +0000.00600 +0000.00700 +0000.00800 +0000.00900 +0000.01000 +0000.01100 +0000.01200
+0000.00200 -1.5695e-04 -1.5128e-04 -1.4638e-04 -1.4180e-04 -1.3757e-04 -1.3413e-04 -1.3127e-04 -1.2861e-04 -1.2634e-04 -1.2491e-04 -1.2399e-04 -1.2320e-04 -1.2279e-04 -1.2313e-04 -1.2386e-04 -1.2471e-04 -1.2604e-04 -1.2821e-04 -1.3078e-04 -1.3356e-04 -1.3691e-04 -1.4102e-04 -1.4549e-04 -1.5024e-04 -1.5575e-04
+0000.00150 -1.5746e-04 -1.5182e-04 -1.4682e-04 -1.4225e-04 -1.3813e-04 -1.3463e-04 -1.3167e-04 -1.2906e-04 -1.2690e-04 -1.2538e-04 -1.2435e-04 -1.2362e-04 -1.2330e-04 -1.2355e-04 -1.2421e-04 -1.2517e-04 -1.2660e-04 -1.2867e-04 -1.3118e-04 -1.3406e-04 -1.3747e-04 -1.4148e-04 -1.4592e-04 -1.5078e-04 -1.5624e-04
+0000.00100 -1.5778e-04 -1.5219e-04 -1.4715e-04 -1.4258e-04 -1.3850e-04 -1.3498e-04 -1.3197e-04 -1.2939e-04 -1.2728e-04 -1.2571e-04 -1.2463e-04 -1.2392e-04 -1.2364e-04 -1.2385e-04 -1.2449e-04 -1.2550e-04 -1.2698e-04 -1.2900e-04 -1.3149e-04 -1.3441e-04 -1.3784e-04 -1.4181e-04 -1.4625e-04 -1.5114e-04 -1.5656e-04
+0000.00050 -1.5797e-04 -1.5240e-04 -1.4735e-04 -1.4279e-04 -1.3872e-04 -1.3519e-04 -1.3216e-04 -1.2959e-04 -1.2749e-04 -1.2591e-04 -1.2480e-04 -1.2410e-04 -1.2384e-04 -1.2403e-04 -1.2466e-04 -1.2569e-04 -1.2719e-04 -1.2920e-04 -1.3168e-04 -1.3462e-04 -1.3806e-04 -1.4201e-04 -1.4645e-04 -1.5135e-04 -1.5674e-04
+0000.00000 -1.5803e-04 -1.5247e-04 -1.4742e-04 -1.4286e-04 -1.3880e-04 -1.3526e-04 -1.3222e-04 -1.2965e-04 -1.2756e-04 -1.2598e-04 -1.2486e-04 -1.2417e-04 -1.2390e-04 -1.2410e-04 -1.2472e-04 -1.2576e-04 -1.2726e-04 -1.2927e-04 -1.3175e-04 -1.3469e-04 -1.3813e-04 -1.4208e-04 -1.4651e-04 -1.5142e-04 -1.5679e-04
-0000.00050 -1.5797e-04 -1.5240e-04 -1.4735e-04 -1.4279e-04 -1.3872e-04 -1.3519e-04 -1.3216e-04 -1.2959e-04 -1.2749e-04 -1.2591e-04 -1.2480e-04 -1.2410e-04 -1.2384e-04 -1.2403e-04 -1.2466e-04 -1.2569e-04 -1.2719e-04 -1.2920e-04 -1.3169e-04 -1.3463e-04 -1.3806e-04 -1.4201e-04 -1.4645e-04 -1.5135e-04 -1.5674e-04
-0000.00100 -1.5778e-04 -1.5219e-04 -1.4715e-04 -1.4258e-04 -1.3850e-04 -1.3498e-04 -1.3197e-04 -1.2939e-04 -1.2728e-04 -1.2571e-04 -1.2463e-04 -1.2392e-04 -1.2364e-04 -1.2385e-04 -1.2449e-04 -1.2550e-04 -1.2698e-04 -1.2900e-04 -1.3149e-04 -1.3442e-04 -1.3784e-04 -1.4181e-04 -1.4625e-04 -1.5114e-04 -1.5656e-04
-0000.00150 -1.5746e-04 -1.5182e-04 -1.4682e-04 -1.4225e-04 -1.3813e-04 -1.3463e-04 -1.3166e-04 -1.2906e-04 -1.2690e-04 -1.2538e-04 -1.2435e-04 -1.2362e-04 -1.2330e-04 -1.2355e-04 -1.2421e-04 -1.2517e-04 -1.2660e-04 -1.2867e-04 -1.3119e-04 -1.3406e-04 -1.3747e-04 -1.4148e-04 -1.4593e-04 -1.5078e-04 -1.5624e-04
-0000.00200 -1.5695e-04 -1.5128e-04 -1.4638e-04 -1.4179e-04 -1.3757e-04 -1.3413e-04 -1.3126e-04 -1.2861e-04 -1.2634e-04 -1.2491e-04 -1.2399e-04 -1.2320e-04 -1.2279e-04 -1.2313e-04 -1.2386e-04 -1.2471e-04 -1.2604e-04 -1.2821e-04 -1.3078e-04 -1.3356e-04 -1.3691e-04 -1.4103e-04 -1.4549e-04 -1.5024e-04 -1.5575e-04
# Total Vertical 2nd Order Kick [T2m2]
START
            -0000.01200 -0000.01100 -0000.01000 -0000.00900 -0000.00800 -0000.00700 -0000.00600 -0000.00500 -0000.00400 -0000.00300 -0000.00200 -0000.00100 +0000.00000 +0000.00100 +0000.00200 +0000.00300 +0000.00400 +0000.00500 +0000.00600 +0000.00700 +0000.00800 +0000.00900 +0000.01000 +0000.01100 +0000.01200
+0000.00200 -7.1510e-05 -7.0280e-05 -6.9274e-05 -6.8440e-05 -6.7380e-05 -6.6201e-05 -6.5329e-05 -6.4547e-05 -6.3466e-05 -6.2322e-05 -6.1550e-05 -6.0855e-05 -5.9855e-05 -5.8850e-05 -5.8152e-05 -5.7397e-05 -5.6267e-05 -5.5169e-05 -5.4366e-05 -5.3486e-05 -5.2317e-05 -5.1262e-05 -5.0430e-05 -4.9437e-05 -4.8246e-05
+0000.00150 -4.8644e-05 -4.7834e-05 -4.7081e-05 -4.6400e-05 -4.5621e-05 -4.4799e-05 -4.4114e-05 -4.3470e-05 -4.2694e-05 -4.1901e-05 -4.1279e-05 -4.0701e-05 -3.9993e-05 -3.9284e-05 -3.8707e-05 -3.8094e-05 -3.7306e-05 -3.6523e-05 -3.5867e-05 -3.5176e-05 -3.4357e-05 -3.3582e-05 -3.2904e-05 -3.2160e-05 -3.1369e-05
+0000.00100 -3.0218e-05 -2.9720e-05 -2.9223e-05 -2.8751e-05 -2.8239e-05 -2.7711e-05 -2.7244e-05 -2.6795e-05 -2.6291e-05 -2.5784e-05 -2.5355e-05 -2.4950e-05 -2.4492e-05 -2.4034e-05 -2.3631e-05 -2.3206e-05 -2.2701e-05 -2.2193e-05 -2.1738e-05 -2.1266e-05 -2.0739e-05 -2.0228e-05 -1.9758e-05 -1.9265e-05 -1.8777e-05
+0000.00050 -1.4480e-05 -1.4242e-05 -1.3995e-05 -1.3756e-05 -1.3502e-05 -1.3243e-05 -1.3007e-05 -1.2778e-05 -1.2530e-05 -1.2281e-05 -1.2064e-05 -1.1857e-05 -1.1631e-05 -1.1405e-05 -1.1199e-05 -1.0983e-05 -1.0735e-05 -1.0484e-05 -1.0252e-05 -1.0013e-05 -9.7537e-06 -9.4994e-06 -9.2601e-06 -9.0146e-06 -8.7801e-06
+0000.00000 -8.9989e-09 -9.2872e-09 -9.8291e-09 -1.0626e-08 -1.1353e-08 -1.1964e-08 -1.2667e-08 -1.3417e-08 -1.3960e-08 -1.4237e-08 -1.4408e-08 -1.4561e-08 -1.4644e-08 -1.4606e-08 -1.4491e-08 -1.4352e-08 -1.4102e-08 -1.3569e-08 -1.2796e-08 -1.2031e-08 -1.1310e-08 -1.0411e-08 -9.3820e-09 -8.5893e-09 -8.1057e-09
-0000.00050 +1.4461e-05 +1.4223e-05 +1.3976e-05 +1.3735e-05 +1.3479e-05 +1.3219e-05 +1.2982e-05 +1.2752e-05 +1.2502e-05 +1.2253e-05 +1.2035e-05 +1.1827e-05 +1.1602e-05 +1.1376e-05 +1.1170e-05 +1.0954e-05 +1.0706e-05 +1.0457e-05 +1.0226e-05 +9.9892e-06 +9.7310e-06 +9.4786e-06 +9.2414e-06 +8.9976e-06 +8.7639e-06
-0000.00100 +3.0200e-05 +2.9702e-05 +2.9204e-05 +2.8730e-05 +2.8216e-05 +2.7688e-05 +2.7219e-05 +2.6768e-05 +2.6263e-05 +2.5755e-05 +2.5326e-05 +2.4921e-05 +2.4463e-05 +2.4005e-05 +2.3602e-05 +2.3177e-05 +2.2672e-05 +2.2165e-05 +2.1712e-05 +2.1242e-05 +2.0716e-05 +2.0207e-05 +1.9740e-05 +1.9249e-05 +1.8760e-05
-0000.00150 +4.8626e-05 +4.7816e-05 +4.7062e-05 +4.6378e-05 +4.5598e-05 +4.4776e-05 +4.4089e-05 +4.3443e-05 +4.2666e-05 +4.1872e-05 +4.1251e-05 +4.0672e-05 +3.9964e-05 +3.9255e-05 +3.8678e-05 +3.8065e-05 +3.7277e-05 +3.6495e-05 +3.5842e-05 +3.5152e-05 +3.4334e-05 +3.3561e-05 +3.2886e-05 +3.2144e-05 +3.1352e-05
-0000.00200 +7.1490e-05 +7.0264e-05 +6.9256e-05 +6.8417e-05 +6.7356e-05 +6.6179e-05 +6.5305e-05 +6.4519e-05 +6.3436e-05 +6.2293e-05 +6.1521e-05 +6.0825e-05 +5.9825e-05 +5.8820e-05 +5.8123e-05 +5.7368e-05 +5.6237e-05 +5.5140e-05 +5.4341e-05 +5.3464e-05 +5.2293e-05 +5.1240e-05 +5.0413e-05 +4.9423e-05 +4.8228e-05
# Horizontal Final Position [m]
START
            -0000.01200 -0000.01100 -0000.01000 -0000.00900 -0000.00800 -0000.00700 -0000.00600 -0000.00500 -0000.00400 -0000.00300 -0000.00200 -0000.00100 +0000.00000 +0000.00100 +0000.00200 +0000.00300 +0000.00400 +0000.00500 +0000.00600 +0000.00700 +0000.00800 +0000.00900 +0000.01000 +0000.01100 +0000.01200
+0000.00200 -1.2002e-02 -1.1002e-02 -1.0003e-02 -9.0026e-03 -8.0027e-03 -7.0027e-03 -6.0028e-03 -5.0028e-03 -4.0029e-03 -3.0029e-03 -2.0029e-03 -1.0029e-03 -2.8961e-06 +9.9710e-04 +1.9971e-03 +2.9971e-03 +3.9971e-03 +4.9972e-03 +5.9972e-03 +6.9973e-03 +7.9973e-03 +8.9974e-03 +9.9974e-03 +1.0998e-02 +1.1998e-02
+0000.00150 -1.2002e-02 -1.1002e-02 -1.0003e-02 -9.0026e-03 -8.0027e-03 -7.0027e-03 -6.0028e-03 -5.0028e-03 -4.0029e-03 -3.0029e-03 -2.0029e-03 -1.0029e-03 -2.8971e-06 +9.9710e-04 +1.9971e-03 +2.9971e-03 +3.9971e-03 +4.9972e-03 +5.9972e-03 +6.9973e-03 +7.9973e-03 +8.9974e-03 +9.9974e-03 +1.0998e-02 +1.1998e-02
+0000.00100 -1.2002e-02 -1.1002e-02 -1.0003e-02 -9.0026e-03 -8.0027e-03 -7.0027e-03 -6.0028e-03 -5.0028e-03 -4.0029e-03 -3.0029e-03 -2.0029e-03 -1.0029e-03 -2.8976e-06 +9.9710e-04 +1.9971e-03 +2.9971e-03 +3.9971e-03 +4.9972e-03 +5.9972e-03 +6.9973e-03 +7.9973e-03 +8.9974e-03 +9.9974e-03 +1.0998e-02 +1.1998e-02
+0000.00050 -1.2002e-02 -1.1002e-02 -1.0003e-02 -9.0026e-03 -8.0027e-03 -7.0027e-03 -6.0028e-03 -5.0028e-03 -4.0029e-03 -3.0029e-03 -2.0029e-03 -1.0029e-03 -2.8978e-06 +9.9710e-04 +1.9971e-03 +2.9971e-03 +3.9971e-03 +4.9972e-03 +5.9972e-03 +6.9973e-03 +7.9973e-03 +8.9974e-03 +9.9974e-03 +1.0998e-02 +1.1998e-02
+0000.00000 -1.2002e-02 -1.1002e-02 -1.0003e-02 -9.0026e-03 -8.0027e-03 -7.0027e-03 -6.0028e-03 -5.0028e-03 -4.0029e-03 -3.0029e-03 -2.0029e-03 -1.0029e-03 -2.8978e-06 +9.9710e-04 +1.9971e-03 +2.9971e-03 +3.9972e-03 +4.9972e-03 +5.9972e-03 +6.9973e-03 +7.9973e-03 +8.9974e-03 +9.9974e-03 +1.0998e-02 +1.1998e-02
-0000.00050 -1.2002e-02 -1.1002e-02 -1.0003e-02 -9.0026e-03 -8.0027e-03 -7.0027e-03 -6.0028e-03 -5.0028e-03 -4.0029e-03 -3.0029e-03 -2.0029e-03 -1.0029e-03 -2.8978e-06 +9.9710e-04 +1.9971e-03 +2.9971e-03 +3.9971e-03 +4.9972e-03 +5.9972e-03 +6.9973e-03 +7.9973e-03 +8.9974e-03 +9.9974e-03 +1.0998e-02 +1.1998e-02
-0000.00100 -1.2002e-02 -1.1002e-02 -1.0003e-02 -9.0026e-03 -8.0027e-03 -7.0027e-03 -6.0028e-03 -5.0028e-03 -4.0029e-03 -3.0029e-03 -2.0029e-03 -1.0029e-03 -2.8976e-06 +9.9710e-04 +1.9971e-03 +2.9971e-03 +3.9971e-03 +4.9972e-03 +5.9972e-03 +6.9973e-03 +7.9973e-03 +8.9974e-03 +9.9974e-03 +1.0998e-02 +1.1998e-02
-0000.00150 -1.2002e-02 -1.1002e-02 -1.0003e-02 -9.0026e-03 -8.0027e-03 -7.0027e-03 -6.0028e-03 -5.0028e-03 -4.0029e-03 -3.0029e-03 -2.0029e-03 -1.0029e-03 -2.8971e-06 +9.9710e-04 +1.9971e-03 +2.9971e-03 +3.9971e-03 +4.9972e-03 +5.9972e-03 +6.9973e-03 +7.9973e-03 +8.9974e-03 +9.9974e-03 +1.0998e-02 +1.1998e-02
-0000.00200 -1.2002e-02 -1.1002e-02 -1.0003e-02 -9.0026e-03 -8.0027e-03 -7.0027e-03 -6.0028e-03 -5.0028e-03 -4.0029e-03 -3.0029e-03 -2.0029e-03 -1.0029e-03 -2.8961e-06 +9.9710e-04 +1.9971e-03 +2.9971e-03 +3.9971e-03 +4.9972e-03 +5.9972e-03 +6.9973e-03 +7.9973e-03 +8.9974e-03 +9.9974e-03 +1.0998e-02 +1.1998e-02
# Vertical Final Position [m]
START
            -0000.01200 -0000.01100 -0000.01000 -0000.00900 -0000.00800 -0000.00700 -0000.00600 -0000.00500 -0000.00400 -0000.00300 -0000.00200 -0000.00100 +0000.00000 +0000.00100 +0000.00200 +0000.00300 +0000.00400 +0000.00500 +0000.00600 +0000.00700 +0000.00800 +0000.00900 +0000.01000 +0000.01100 +0000.01200
+0000.00200 +2.0001e-03 +2.0001e-03 +2.0001e-03 +2.0001e-03 +2.0001e-03 +2.0000e-03 +2.0000e-03 +2.0000e-03 +2.0000e-03 +2.0000e-03 +2.0000e-03 +1.9999e-03 +1.9999e-03 +1.9999e-03 +1.9999e-03 +1.9999e-03 +1.9999e-03 +1.9999e-03 +1.9999e-03 +1.9998e-03 +1.9998e-03 +1.9998e-03 +1.9998e-03 +1.9998e-03 +1.9997e-03
+0000.00150 +1.5001e-03 +1.5001e-03 +1.5001e-03 +1.5001e-03 +1.5000e-03 +1.5000e-03 +1.5000e-03 +1.5000e-03 +1.5000e-03 +1.5000e-03 +1.5000e-03 +1.5000e-03 +1.5000e-03 +1.5000e-03 +1.4999e-03 +1.4999e-03 +1.4999e-03 +1.4999e-03 +1.4999e-03 +1.4999e-03 +1.4999e-03 +1.4999e-03 +1.4998e-03 +1.4998e-03 +1.4998e-03
+0000.00100 +1.0001e-03 +1.0001e-03 +1.0000e-03 +1.0000e-03 +1.0000e-03 +1.0000e-03 +1.0000e-03 +1.0000e-03 +1.0000e-03 +9.9999e-04 +9.9999e-04 +9.9998e-04 +9.9998e-04 +9.9997e-04 +9.9996e-04 +9.9996e-04 +9.9995e-04 +9.9994e-04 +9.9994e-04 +9.9993e-04 +9.9992e-04 +9.9991e-04 +9.9990e-04 +9.9989e-04 +9.9988e-04
+0000.00050 +5.0004e-04 +5.0003e-04 +5.0003e-04 +5.0002e-04 +5.0002e-04 +5.0001e-04 +5.0001e-04 +5.0000e-04 +5.0000e-04 +5.0000e-04 +4.9999e-04 +4.9999e-04 +4.9999e-04 +4.9999e-04 +4.9998e-04 +4.9998e-04 +4.9998e-04 +4.9997e-04 +4.9997e-04 +4.9996e-04 +4.9996e-04 +4.9996e-04 +4.9995e-04 +4.9995e-04 +4.9994e-04
+0000.00000 -2.8042e-11 -2.9475e-11 -3.1538e-11 -3.4209e-11 -3.6457e-11 -3.8172e-11 -4.0086e-11 -4.2146e-11 -4.3642e-11 -4.4470e-11 -4.5125e-11 -4.5767e-11 -4.6089e-11 -4.5870e-11 -4.5311e-11 -4.4714e-11 -4.3914e-11 -4.2408e-11 -4.0294e-11 -3.8286e-11 -3.6438e-11 -3.4006e-11 -3.1093e-11 -2.8771e-11 -2.7129e-11
-0000.00050 -5.0004e-04 -5.0003e-04 -5.0003e-04 -5.0002e-04 -5.0002e-04 -5.0001e-04 -5.0001e-04 -5.0000e-04 -5.0000e-04 -5.0000e-04 -4.9999e-04 -4.9999e-04 -4.9999e-04 -4.9999e-04 -4.9998e-04 -4.9998e-04 -4.9998e-04 -4.9997e-04 -4.9997e-04 -4.9996e-04 -4.9996e-04 -4.9996e-04 -4.9995e-04 -4.9995e-04 -4.9994e-04
-0000.00100 -1.0001e-03 -1.0001e-03 -1.0000e-03 -1.0000e-03 -1.0000e-03 -1.0000e-03 -1.0000e-03 -1.0000e-03 -1.0000e-03 -9.9999e-04 -9.9999e-04 -9.9998e-04 -9.9998e-04 -9.9997e-04 -9.9996e-04 -9.9996e-04 -9.9995e-04 -9.9994e-04 -9.9994e-04 -9.9993e-04 -9.9992e-04 -9.9991e-04 -9.9990e-04 -9.9989e-04 -9.9988e-04
-0000.00150 -1.5001e-03 -1.5001e-03 -1.5001e-03 -1.5001e-03 -1.5000e-03 -1.5000e-03 -1.5000e-03 -1.5000e-03 -1.5000e-03 -1.5000e-03 -1.5000e-03 -1.5000e-03 -1.5000e-03 -1.5000e-03 -1.4999e-03 -1.4999e-03 -1.4999e-03 -1.4999e-03 -1.4999e-03 -1.4999e-03 -1.4999e-03 -1.4999e-03 -1.4998e-03 -1.4998e-03 -1.4998e-03
-0000.00200 -2.0001e-03 -2.0001e-03 -2.0001e-03 -2.0001e-03 -2.0001e-03 -2.0000e-03 -2.0000e-03 -2.0000e-03 -2.0000e-03 -2.0000e-03 -2.0000e-03 -1.9999e-03 -1.9999e-03 -1.9999e-03 -1.9999e-03 -1.9999e-03 -1.9999e-03 -1.9999e-03 -1.9999e-03 -1.9998e-03 -1.9998e-03 -1.9998e-03 -1.9998e-03 -1.9998e-03 -1.9997e-03
