# Author: FAC idanalysis.IDKickMap
# Termination_kicks [T2m2]: +0.0000e+00 +0.0000e+00 +0.0000e+00 +0.0000e+00 
# Total Length of Longitudinal Interval [m]
0.13
# Number of Horizontal Points
61
# Number of Vertical Points
9
# Total Horizontal 2nd Order Kick [T2m2]
START
            -0000.01000 -0000.00967 -0000.00933 -0000.00900 -0000.00867 -0000.00833 -0000.00800 -0000.00767 -0000.00733 -0000.00700 -0000.00667 -0000.00633 -0000.00600 -0000.00567 -0000.00533 -0000.00500 -0000.00467 -0000.00433 -0000.00400 -0000.00367 -0000.00333 -0000.00300 -0000.00267 -0000.00233 -0000.00200 -0000.00167 -0000.00133 -0000.00100 -0000.00067 -0000.00033 +0000.00000 +0000.00033 +0000.00067 +0000.00100 +0000.00133 +0000.00167 +0000.00200 +0000.00233 +0000.00267 +0000.00300 +0000.00333 +0000.00367 +0000.00400 +0000.00433 +0000.00467 +0000.00500 +0000.00533 +0000.00567 +0000.00600 +0000.00633 +0000.00667 +0000.00700 +0000.00733 +0000.00767 +0000.00800 +0000.00833 +0000.00867 +0000.00900 +0000.00933 +0000.00967 +0000.01000 
+0000.00200 +1.5199e-04 +1.5101e-04 +1.5007e-04 +1.4915e-04 +1.4827e-04 +1.4741e-04 +1.4659e-04 +1.4580e-04 +1.4505e-04 +1.4432e-04 +1.4363e-04 +1.4297e-04 +1.4234e-04 +1.4175e-04 +1.4119e-04 +1.4067e-04 +1.4018e-04 +1.3972e-04 +1.3929e-04 +1.3891e-04 +1.3855e-04 +1.3823e-04 +1.3795e-04 +1.3769e-04 +1.3748e-04 +1.3730e-04 +1.3715e-04 +1.3704e-04 +1.3696e-04 +1.3692e-04 +1.3691e-04 +1.3694e-04 +1.3700e-04 +1.3709e-04 +1.3722e-04 +1.3739e-04 +1.3759e-04 +1.3782e-04 +1.3809e-04 +1.3839e-04 +1.3872e-04 +1.3909e-04 +1.3949e-04 +1.3993e-04 +1.4040e-04 +1.4090e-04 +1.4143e-04 +1.4200e-04 +1.4259e-04 +1.4322e-04 +1.4388e-04 +1.4458e-04 +1.4530e-04 +1.4605e-04 +1.4684e-04 +1.4765e-04 +1.4850e-04 +1.4937e-04 +1.5027e-04 +1.5120e-04 +1.5216e-04 
+0000.00150 +1.5107e-04 +1.5008e-04 +1.4913e-04 +1.4821e-04 +1.4733e-04 +1.4648e-04 +1.4567e-04 +1.4490e-04 +1.4416e-04 +1.4345e-04 +1.4278e-04 +1.4214e-04 +1.4154e-04 +1.4097e-04 +1.4043e-04 +1.3993e-04 +1.3946e-04 +1.3903e-04 +1.3862e-04 +1.3826e-04 +1.3792e-04 +1.3762e-04 +1.3735e-04 +1.3711e-04 +1.3691e-04 +1.3674e-04 +1.3660e-04 +1.3649e-04 +1.3642e-04 +1.3638e-04 +1.3637e-04 +1.3639e-04 +1.3645e-04 +1.3654e-04 +1.3666e-04 +1.3682e-04 +1.3700e-04 +1.3722e-04 +1.3747e-04 +1.3776e-04 +1.3807e-04 +1.3842e-04 +1.3880e-04 +1.3922e-04 +1.3967e-04 +1.4015e-04 +1.4066e-04 +1.4121e-04 +1.4179e-04 +1.4240e-04 +1.4305e-04 +1.4373e-04 +1.4444e-04 +1.4519e-04 +1.4597e-04 +1.4679e-04 +1.4764e-04 +1.4853e-04 +1.4945e-04 +1.5040e-04 +1.5139e-04 
+0000.00100 +1.5128e-04 +1.5027e-04 +1.4931e-04 +1.4838e-04 +1.4750e-04 +1.4665e-04 +1.4583e-04 +1.4506e-04 +1.4432e-04 +1.4362e-04 +1.4295e-04 +1.4232e-04 +1.4172e-04 +1.4116e-04 +1.4063e-04 +1.4013e-04 +1.3967e-04 +1.3924e-04 +1.3885e-04 +1.3849e-04 +1.3816e-04 +1.3786e-04 +1.3760e-04 +1.3737e-04 +1.3717e-04 +1.3700e-04 +1.3686e-04 +1.3676e-04 +1.3669e-04 +1.3665e-04 +1.3664e-04 +1.3666e-04 +1.3671e-04 +1.3680e-04 +1.3692e-04 +1.3707e-04 +1.3725e-04 +1.3746e-04 +1.3770e-04 +1.3798e-04 +1.3829e-04 +1.3863e-04 +1.3901e-04 +1.3941e-04 +1.3985e-04 +1.4033e-04 +1.4083e-04 +1.4138e-04 +1.4195e-04 +1.4256e-04 +1.4320e-04 +1.4388e-04 +1.4460e-04 +1.4535e-04 +1.4614e-04 +1.4696e-04 +1.4782e-04 +1.4872e-04 +1.4965e-04 +1.5063e-04 +1.5164e-04 
+0000.00050 +1.5142e-04 +1.5041e-04 +1.4944e-04 +1.4851e-04 +1.4761e-04 +1.4676e-04 +1.4595e-04 +1.4517e-04 +1.4443e-04 +1.4373e-04 +1.4306e-04 +1.4243e-04 +1.4184e-04 +1.4128e-04 +1.4075e-04 +1.4026e-04 +1.3980e-04 +1.3937e-04 +1.3898e-04 +1.3862e-04 +1.3830e-04 +1.3800e-04 +1.3774e-04 +1.3751e-04 +1.3731e-04 +1.3715e-04 +1.3701e-04 +1.3691e-04 +1.3684e-04 +1.3679e-04 +1.3678e-04 +1.3681e-04 +1.3686e-04 +1.3694e-04 +1.3706e-04 +1.3721e-04 +1.3738e-04 +1.3759e-04 +1.3784e-04 +1.3811e-04 +1.3842e-04 +1.3876e-04 +1.3913e-04 +1.3953e-04 +1.3997e-04 +1.4044e-04 +1.4094e-04 +1.4148e-04 +1.4206e-04 +1.4266e-04 +1.4331e-04 +1.4399e-04 +1.4470e-04 +1.4546e-04 +1.4625e-04 +1.4708e-04 +1.4794e-04 +1.4885e-04 +1.4979e-04 +1.5078e-04 +1.5180e-04 
+0000.00000 +1.5147e-04 +1.5046e-04 +1.4948e-04 +1.4855e-04 +1.4766e-04 +1.4680e-04 +1.4599e-04 +1.4521e-04 +1.4447e-04 +1.4377e-04 +1.4310e-04 +1.4247e-04 +1.4187e-04 +1.4131e-04 +1.4079e-04 +1.4030e-04 +1.3984e-04 +1.3941e-04 +1.3902e-04 +1.3866e-04 +1.3834e-04 +1.3805e-04 +1.3778e-04 +1.3756e-04 +1.3736e-04 +1.3719e-04 +1.3706e-04 +1.3695e-04 +1.3688e-04 +1.3684e-04 +1.3683e-04 +1.3685e-04 +1.3691e-04 +1.3699e-04 +1.3711e-04 +1.3725e-04 +1.3743e-04 +1.3764e-04 +1.3788e-04 +1.3815e-04 +1.3846e-04 +1.3880e-04 +1.3917e-04 +1.3957e-04 +1.4001e-04 +1.4048e-04 +1.4098e-04 +1.4152e-04 +1.4209e-04 +1.4270e-04 +1.4335e-04 +1.4403e-04 +1.4474e-04 +1.4550e-04 +1.4629e-04 +1.4712e-04 +1.4798e-04 +1.4889e-04 +1.4984e-04 +1.5083e-04 +1.5186e-04 
-0000.00050 +1.5142e-04 +1.5041e-04 +1.4943e-04 +1.4850e-04 +1.4761e-04 +1.4676e-04 +1.4595e-04 +1.4517e-04 +1.4443e-04 +1.4373e-04 +1.4306e-04 +1.4243e-04 +1.4183e-04 +1.4127e-04 +1.4075e-04 +1.4026e-04 +1.3980e-04 +1.3937e-04 +1.3898e-04 +1.3862e-04 +1.3830e-04 +1.3800e-04 +1.3774e-04 +1.3751e-04 +1.3731e-04 +1.3715e-04 +1.3701e-04 +1.3691e-04 +1.3683e-04 +1.3679e-04 +1.3678e-04 +1.3681e-04 +1.3686e-04 +1.3694e-04 +1.3706e-04 +1.3721e-04 +1.3738e-04 +1.3759e-04 +1.3784e-04 +1.3811e-04 +1.3842e-04 +1.3876e-04 +1.3913e-04 +1.3953e-04 +1.3997e-04 +1.4044e-04 +1.4094e-04 +1.4148e-04 +1.4206e-04 +1.4267e-04 +1.4331e-04 +1.4399e-04 +1.4470e-04 +1.4546e-04 +1.4625e-04 +1.4708e-04 +1.4794e-04 +1.4885e-04 +1.4979e-04 +1.5078e-04 +1.5180e-04 
-0000.00100 +1.5127e-04 +1.5027e-04 +1.4931e-04 +1.4838e-04 +1.4749e-04 +1.4665e-04 +1.4583e-04 +1.4506e-04 +1.4432e-04 +1.4361e-04 +1.4295e-04 +1.4231e-04 +1.4172e-04 +1.4115e-04 +1.4063e-04 +1.4013e-04 +1.3967e-04 +1.3924e-04 +1.3885e-04 +1.3849e-04 +1.3816e-04 +1.3786e-04 +1.3760e-04 +1.3736e-04 +1.3717e-04 +1.3700e-04 +1.3686e-04 +1.3676e-04 +1.3669e-04 +1.3664e-04 +1.3664e-04 +1.3666e-04 +1.3671e-04 +1.3680e-04 +1.3692e-04 +1.3707e-04 +1.3725e-04 +1.3746e-04 +1.3770e-04 +1.3798e-04 +1.3829e-04 +1.3863e-04 +1.3901e-04 +1.3942e-04 +1.3986e-04 +1.4033e-04 +1.4084e-04 +1.4138e-04 +1.4195e-04 +1.4256e-04 +1.4321e-04 +1.4389e-04 +1.4460e-04 +1.4535e-04 +1.4614e-04 +1.4696e-04 +1.4782e-04 +1.4872e-04 +1.4966e-04 +1.5063e-04 +1.5164e-04 
-0000.00150 +1.5106e-04 +1.5008e-04 +1.4912e-04 +1.4821e-04 +1.4732e-04 +1.4648e-04 +1.4567e-04 +1.4489e-04 +1.4415e-04 +1.4345e-04 +1.4277e-04 +1.4214e-04 +1.4153e-04 +1.4096e-04 +1.4043e-04 +1.3993e-04 +1.3946e-04 +1.3902e-04 +1.3862e-04 +1.3825e-04 +1.3792e-04 +1.3762e-04 +1.3735e-04 +1.3711e-04 +1.3691e-04 +1.3674e-04 +1.3660e-04 +1.3649e-04 +1.3642e-04 +1.3638e-04 +1.3637e-04 +1.3640e-04 +1.3645e-04 +1.3654e-04 +1.3666e-04 +1.3682e-04 +1.3701e-04 +1.3722e-04 +1.3748e-04 +1.3776e-04 +1.3808e-04 +1.3843e-04 +1.3881e-04 +1.3922e-04 +1.3967e-04 +1.4015e-04 +1.4067e-04 +1.4121e-04 +1.4179e-04 +1.4241e-04 +1.4305e-04 +1.4373e-04 +1.4445e-04 +1.4520e-04 +1.4598e-04 +1.4679e-04 +1.4764e-04 +1.4853e-04 +1.4945e-04 +1.5040e-04 +1.5139e-04 
-0000.00200 +1.5199e-04 +1.5101e-04 +1.5006e-04 +1.4914e-04 +1.4826e-04 +1.4741e-04 +1.4658e-04 +1.4579e-04 +1.4504e-04 +1.4431e-04 +1.4362e-04 +1.4296e-04 +1.4234e-04 +1.4174e-04 +1.4118e-04 +1.4066e-04 +1.4017e-04 +1.3971e-04 +1.3929e-04 +1.3890e-04 +1.3855e-04 +1.3823e-04 +1.3794e-04 +1.3769e-04 +1.3748e-04 +1.3729e-04 +1.3715e-04 +1.3704e-04 +1.3696e-04 +1.3692e-04 +1.3691e-04 +1.3694e-04 +1.3700e-04 +1.3710e-04 +1.3723e-04 +1.3739e-04 +1.3759e-04 +1.3782e-04 +1.3809e-04 +1.3839e-04 +1.3873e-04 +1.3910e-04 +1.3950e-04 +1.3993e-04 +1.4040e-04 +1.4090e-04 +1.4144e-04 +1.4200e-04 +1.4260e-04 +1.4323e-04 +1.4389e-04 +1.4458e-04 +1.4531e-04 +1.4606e-04 +1.4684e-04 +1.4766e-04 +1.4850e-04 +1.4937e-04 +1.5028e-04 +1.5121e-04 +1.5216e-04 
# Total Vertical 2nd Order Kick [T2m2]
START
            -0000.01000 -0000.00967 -0000.00933 -0000.00900 -0000.00867 -0000.00833 -0000.00800 -0000.00767 -0000.00733 -0000.00700 -0000.00667 -0000.00633 -0000.00600 -0000.00567 -0000.00533 -0000.00500 -0000.00467 -0000.00433 -0000.00400 -0000.00367 -0000.00333 -0000.00300 -0000.00267 -0000.00233 -0000.00200 -0000.00167 -0000.00133 -0000.00100 -0000.00067 -0000.00033 +0000.00000 +0000.00033 +0000.00067 +0000.00100 +0000.00133 +0000.00167 +0000.00200 +0000.00233 +0000.00267 +0000.00300 +0000.00333 +0000.00367 +0000.00400 +0000.00433 +0000.00467 +0000.00500 +0000.00533 +0000.00567 +0000.00600 +0000.00633 +0000.00667 +0000.00700 +0000.00733 +0000.00767 +0000.00800 +0000.00833 +0000.00867 +0000.00900 +0000.00933 +0000.00967 +0000.01000 
+0000.00200 +1.5199e-04 +1.5101e-04 +1.5007e-04 +1.4915e-04 +1.4827e-04 +1.4741e-04 +1.4659e-04 +1.4580e-04 +1.4505e-04 +1.4432e-04 +1.4363e-04 +1.4297e-04 +1.4234e-04 +1.4175e-04 +1.4119e-04 +1.4067e-04 +1.4018e-04 +1.3972e-04 +1.3929e-04 +1.3891e-04 +1.3855e-04 +1.3823e-04 +1.3795e-04 +1.3769e-04 +1.3748e-04 +1.3730e-04 +1.3715e-04 +1.3704e-04 +1.3696e-04 +1.3692e-04 +1.3691e-04 +1.3694e-04 +1.3700e-04 +1.3709e-04 +1.3722e-04 +1.3739e-04 +1.3759e-04 +1.3782e-04 +1.3809e-04 +1.3839e-04 +1.3872e-04 +1.3909e-04 +1.3949e-04 +1.3993e-04 +1.4040e-04 +1.4090e-04 +1.4143e-04 +1.4200e-04 +1.4259e-04 +1.4322e-04 +1.4388e-04 +1.4458e-04 +1.4530e-04 +1.4605e-04 +1.4684e-04 +1.4765e-04 +1.4850e-04 +1.4937e-04 +1.5027e-04 +1.5120e-04 +1.5216e-04 
+0000.00150 +1.5199e-04 +1.5101e-04 +1.5007e-04 +1.4915e-04 +1.4827e-04 +1.4741e-04 +1.4659e-04 +1.4580e-04 +1.4505e-04 +1.4432e-04 +1.4363e-04 +1.4297e-04 +1.4234e-04 +1.4175e-04 +1.4119e-04 +1.4067e-04 +1.4018e-04 +1.3972e-04 +1.3929e-04 +1.3891e-04 +1.3855e-04 +1.3823e-04 +1.3795e-04 +1.3769e-04 +1.3748e-04 +1.3730e-04 +1.3715e-04 +1.3704e-04 +1.3696e-04 +1.3692e-04 +1.3691e-04 +1.3694e-04 +1.3700e-04 +1.3709e-04 +1.3722e-04 +1.3739e-04 +1.3759e-04 +1.3782e-04 +1.3809e-04 +1.3839e-04 +1.3872e-04 +1.3909e-04 +1.3949e-04 +1.3993e-04 +1.4040e-04 +1.4090e-04 +1.4143e-04 +1.4200e-04 +1.4259e-04 +1.4322e-04 +1.4388e-04 +1.4458e-04 +1.4530e-04 +1.4605e-04 +1.4684e-04 +1.4765e-04 +1.4850e-04 +1.4937e-04 +1.5027e-04 +1.5120e-04 +1.5216e-04 
+0000.00100 +1.5199e-04 +1.5101e-04 +1.5007e-04 +1.4915e-04 +1.4827e-04 +1.4741e-04 +1.4659e-04 +1.4580e-04 +1.4505e-04 +1.4432e-04 +1.4363e-04 +1.4297e-04 +1.4234e-04 +1.4175e-04 +1.4119e-04 +1.4067e-04 +1.4018e-04 +1.3972e-04 +1.3929e-04 +1.3891e-04 +1.3855e-04 +1.3823e-04 +1.3795e-04 +1.3769e-04 +1.3748e-04 +1.3730e-04 +1.3715e-04 +1.3704e-04 +1.3696e-04 +1.3692e-04 +1.3691e-04 +1.3694e-04 +1.3700e-04 +1.3709e-04 +1.3722e-04 +1.3739e-04 +1.3759e-04 +1.3782e-04 +1.3809e-04 +1.3839e-04 +1.3872e-04 +1.3909e-04 +1.3949e-04 +1.3993e-04 +1.4040e-04 +1.4090e-04 +1.4143e-04 +1.4200e-04 +1.4259e-04 +1.4322e-04 +1.4388e-04 +1.4458e-04 +1.4530e-04 +1.4605e-04 +1.4684e-04 +1.4765e-04 +1.4850e-04 +1.4937e-04 +1.5027e-04 +1.5120e-04 +1.5216e-04 
+0000.00050 +1.5199e-04 +1.5101e-04 +1.5007e-04 +1.4915e-04 +1.4827e-04 +1.4741e-04 +1.4659e-04 +1.4580e-04 +1.4505e-04 +1.4432e-04 +1.4363e-04 +1.4297e-04 +1.4234e-04 +1.4175e-04 +1.4119e-04 +1.4067e-04 +1.4018e-04 +1.3972e-04 +1.3929e-04 +1.3891e-04 +1.3855e-04 +1.3823e-04 +1.3795e-04 +1.3769e-04 +1.3748e-04 +1.3730e-04 +1.3715e-04 +1.3704e-04 +1.3696e-04 +1.3692e-04 +1.3691e-04 +1.3694e-04 +1.3700e-04 +1.3709e-04 +1.3722e-04 +1.3739e-04 +1.3759e-04 +1.3782e-04 +1.3809e-04 +1.3839e-04 +1.3872e-04 +1.3909e-04 +1.3949e-04 +1.3993e-04 +1.4040e-04 +1.4090e-04 +1.4143e-04 +1.4200e-04 +1.4259e-04 +1.4322e-04 +1.4388e-04 +1.4458e-04 +1.4530e-04 +1.4605e-04 +1.4684e-04 +1.4765e-04 +1.4850e-04 +1.4937e-04 +1.5027e-04 +1.5120e-04 +1.5216e-04 
+0000.00000 +1.5199e-04 +1.5101e-04 +1.5007e-04 +1.4915e-04 +1.4827e-04 +1.4741e-04 +1.4659e-04 +1.4580e-04 +1.4505e-04 +1.4432e-04 +1.4363e-04 +1.4297e-04 +1.4234e-04 +1.4175e-04 +1.4119e-04 +1.4067e-04 +1.4018e-04 +1.3972e-04 +1.3929e-04 +1.3891e-04 +1.3855e-04 +1.3823e-04 +1.3795e-04 +1.3769e-04 +1.3748e-04 +1.3730e-04 +1.3715e-04 +1.3704e-04 +1.3696e-04 +1.3692e-04 +1.3691e-04 +1.3694e-04 +1.3700e-04 +1.3709e-04 +1.3722e-04 +1.3739e-04 +1.3759e-04 +1.3782e-04 +1.3809e-04 +1.3839e-04 +1.3872e-04 +1.3909e-04 +1.3949e-04 +1.3993e-04 +1.4040e-04 +1.4090e-04 +1.4143e-04 +1.4200e-04 +1.4259e-04 +1.4322e-04 +1.4388e-04 +1.4458e-04 +1.4530e-04 +1.4605e-04 +1.4684e-04 +1.4765e-04 +1.4850e-04 +1.4937e-04 +1.5027e-04 +1.5120e-04 +1.5216e-04 
-0000.00050 +1.5199e-04 +1.5101e-04 +1.5007e-04 +1.4915e-04 +1.4827e-04 +1.4741e-04 +1.4659e-04 +1.4580e-04 +1.4505e-04 +1.4432e-04 +1.4363e-04 +1.4297e-04 +1.4234e-04 +1.4175e-04 +1.4119e-04 +1.4067e-04 +1.4018e-04 +1.3972e-04 +1.3929e-04 +1.3891e-04 +1.3855e-04 +1.3823e-04 +1.3795e-04 +1.3769e-04 +1.3748e-04 +1.3730e-04 +1.3715e-04 +1.3704e-04 +1.3696e-04 +1.3692e-04 +1.3691e-04 +1.3694e-04 +1.3700e-04 +1.3709e-04 +1.3722e-04 +1.3739e-04 +1.3759e-04 +1.3782e-04 +1.3809e-04 +1.3839e-04 +1.3872e-04 +1.3909e-04 +1.3949e-04 +1.3993e-04 +1.4040e-04 +1.4090e-04 +1.4143e-04 +1.4200e-04 +1.4259e-04 +1.4322e-04 +1.4388e-04 +1.4458e-04 +1.4530e-04 +1.4605e-04 +1.4684e-04 +1.4765e-04 +1.4850e-04 +1.4937e-04 +1.5027e-04 +1.5120e-04 +1.5216e-04 
-0000.00100 +1.5199e-04 +1.5101e-04 +1.5007e-04 +1.4915e-04 +1.4827e-04 +1.4741e-04 +1.4659e-04 +1.4580e-04 +1.4505e-04 +1.4432e-04 +1.4363e-04 +1.4297e-04 +1.4234e-04 +1.4175e-04 +1.4119e-04 +1.4067e-04 +1.4018e-04 +1.3972e-04 +1.3929e-04 +1.3891e-04 +1.3855e-04 +1.3823e-04 +1.3795e-04 +1.3769e-04 +1.3748e-04 +1.3730e-04 +1.3715e-04 +1.3704e-04 +1.3696e-04 +1.3692e-04 +1.3691e-04 +1.3694e-04 +1.3700e-04 +1.3709e-04 +1.3722e-04 +1.3739e-04 +1.3759e-04 +1.3782e-04 +1.3809e-04 +1.3839e-04 +1.3872e-04 +1.3909e-04 +1.3949e-04 +1.3993e-04 +1.4040e-04 +1.4090e-04 +1.4143e-04 +1.4200e-04 +1.4259e-04 +1.4322e-04 +1.4388e-04 +1.4458e-04 +1.4530e-04 +1.4605e-04 +1.4684e-04 +1.4765e-04 +1.4850e-04 +1.4937e-04 +1.5027e-04 +1.5120e-04 +1.5216e-04 
-0000.00150 +1.5199e-04 +1.5101e-04 +1.5007e-04 +1.4915e-04 +1.4827e-04 +1.4741e-04 +1.4659e-04 +1.4580e-04 +1.4505e-04 +1.4432e-04 +1.4363e-04 +1.4297e-04 +1.4234e-04 +1.4175e-04 +1.4119e-04 +1.4067e-04 +1.4018e-04 +1.3972e-04 +1.3929e-04 +1.3891e-04 +1.3855e-04 +1.3823e-04 +1.3795e-04 +1.3769e-04 +1.3748e-04 +1.3730e-04 +1.3715e-04 +1.3704e-04 +1.3696e-04 +1.3692e-04 +1.3691e-04 +1.3694e-04 +1.3700e-04 +1.3709e-04 +1.3722e-04 +1.3739e-04 +1.3759e-04 +1.3782e-04 +1.3809e-04 +1.3839e-04 +1.3872e-04 +1.3909e-04 +1.3949e-04 +1.3993e-04 +1.4040e-04 +1.4090e-04 +1.4143e-04 +1.4200e-04 +1.4259e-04 +1.4322e-04 +1.4388e-04 +1.4458e-04 +1.4530e-04 +1.4605e-04 +1.4684e-04 +1.4765e-04 +1.4850e-04 +1.4937e-04 +1.5027e-04 +1.5120e-04 +1.5216e-04 
-0000.00200 +1.5199e-04 +1.5101e-04 +1.5007e-04 +1.4915e-04 +1.4827e-04 +1.4741e-04 +1.4659e-04 +1.4580e-04 +1.4505e-04 +1.4432e-04 +1.4363e-04 +1.4297e-04 +1.4234e-04 +1.4175e-04 +1.4119e-04 +1.4067e-04 +1.4018e-04 +1.3972e-04 +1.3929e-04 +1.3891e-04 +1.3855e-04 +1.3823e-04 +1.3795e-04 +1.3769e-04 +1.3748e-04 +1.3730e-04 +1.3715e-04 +1.3704e-04 +1.3696e-04 +1.3692e-04 +1.3691e-04 +1.3694e-04 +1.3700e-04 +1.3709e-04 +1.3722e-04 +1.3739e-04 +1.3759e-04 +1.3782e-04 +1.3809e-04 +1.3839e-04 +1.3872e-04 +1.3909e-04 +1.3949e-04 +1.3993e-04 +1.4040e-04 +1.4090e-04 +1.4143e-04 +1.4200e-04 +1.4259e-04 +1.4322e-04 +1.4388e-04 +1.4458e-04 +1.4530e-04 +1.4605e-04 +1.4684e-04 +1.4765e-04 +1.4850e-04 +1.4937e-04 +1.5027e-04 +1.5120e-04 +1.5216e-04 
# Horizontal Final Position [m]
START
            -0000.01000 -0000.00967 -0000.00933 -0000.00900 -0000.00867 -0000.00833 -0000.00800 -0000.00767 -0000.00733 -0000.00700 -0000.00667 -0000.00633 -0000.00600 -0000.00567 -0000.00533 -0000.00500 -0000.00467 -0000.00433 -0000.00400 -0000.00367 -0000.00333 -0000.00300 -0000.00267 -0000.00233 -0000.00200 -0000.00167 -0000.00133 -0000.00100 -0000.00067 -0000.00033 +0000.00000 +0000.00033 +0000.00067 +0000.00100 +0000.00133 +0000.00167 +0000.00200 +0000.00233 +0000.00267 +0000.00300 +0000.00333 +0000.00367 +0000.00400 +0000.00433 +0000.00467 +0000.00500 +0000.00533 +0000.00567 +0000.00600 +0000.00633 +0000.00667 +0000.00700 +0000.00733 +0000.00767 +0000.00800 +0000.00833 +0000.00867 +0000.00900 +0000.00933 +0000.00967 +0000.01000 
+0000.00200 -1.0001e-02 -9.6676e-03 -9.3342e-03 -9.0009e-03 -8.6676e-03 -8.3342e-03 -8.0009e-03 -7.6676e-03 -7.3342e-03 -7.0009e-03 -6.6676e-03 -6.3343e-03 -6.0009e-03 -5.6676e-03 -5.3343e-03 -5.0010e-03 -4.6677e-03 -4.3343e-03 -4.0010e-03 -3.6677e-03 -3.3344e-03 -3.0011e-03 -2.6677e-03 -2.3344e-03 -2.0011e-03 -1.6677e-03 -1.3344e-03 -1.0011e-03 -6.6776e-04 -3.3443e-04 -1.0923e-06 +3.3224e-04 +6.6558e-04 +9.9891e-04 +1.3323e-03 +1.6656e-03 +1.9989e-03 +2.3323e-03 +2.6656e-03 +2.9990e-03 +3.3323e-03 +3.6656e-03 +3.9990e-03 +4.3323e-03 +4.6657e-03 +4.9990e-03 +5.3324e-03 +5.6657e-03 +5.9991e-03 +6.3324e-03 +6.6658e-03 +6.9991e-03 +7.3325e-03 +7.6658e-03 +7.9991e-03 +8.3325e-03 +8.6658e-03 +8.9991e-03 +9.3325e-03 +9.6658e-03 +9.9991e-03 
+0000.00150 -1.0001e-02 -9.6676e-03 -9.3342e-03 -9.0009e-03 -8.6676e-03 -8.3342e-03 -8.0009e-03 -7.6676e-03 -7.3342e-03 -7.0009e-03 -6.6676e-03 -6.3343e-03 -6.0009e-03 -5.6676e-03 -5.3343e-03 -5.0010e-03 -4.6677e-03 -4.3343e-03 -4.0010e-03 -3.6677e-03 -3.3344e-03 -3.0011e-03 -2.6677e-03 -2.3344e-03 -2.0011e-03 -1.6677e-03 -1.3344e-03 -1.0011e-03 -6.6776e-04 -3.3443e-04 -1.0938e-06 +3.3224e-04 +6.6558e-04 +9.9891e-04 +1.3323e-03 +1.6656e-03 +1.9989e-03 +2.3323e-03 +2.6656e-03 +2.9990e-03 +3.3323e-03 +3.6656e-03 +3.9990e-03 +4.3323e-03 +4.6657e-03 +4.9990e-03 +5.3324e-03 +5.6657e-03 +5.9991e-03 +6.3324e-03 +6.6658e-03 +6.9991e-03 +7.3325e-03 +7.6658e-03 +7.9991e-03 +8.3325e-03 +8.6658e-03 +8.9991e-03 +9.3325e-03 +9.6658e-03 +9.9991e-03 
+0000.00100 -1.0001e-02 -9.6676e-03 -9.3342e-03 -9.0009e-03 -8.6676e-03 -8.3342e-03 -8.0009e-03 -7.6676e-03 -7.3342e-03 -7.0009e-03 -6.6676e-03 -6.3343e-03 -6.0009e-03 -5.6676e-03 -5.3343e-03 -5.0010e-03 -4.6677e-03 -4.3343e-03 -4.0010e-03 -3.6677e-03 -3.3344e-03 -3.0011e-03 -2.6677e-03 -2.3344e-03 -2.0011e-03 -1.6677e-03 -1.3344e-03 -1.0011e-03 -6.6776e-04 -3.3443e-04 -1.0938e-06 +3.3224e-04 +6.6558e-04 +9.9891e-04 +1.3323e-03 +1.6656e-03 +1.9989e-03 +2.3323e-03 +2.6656e-03 +2.9990e-03 +3.3323e-03 +3.6656e-03 +3.9990e-03 +4.3323e-03 +4.6657e-03 +4.9990e-03 +5.3324e-03 +5.6657e-03 +5.9991e-03 +6.3324e-03 +6.6658e-03 +6.9991e-03 +7.3325e-03 +7.6658e-03 +7.9991e-03 +8.3325e-03 +8.6658e-03 +8.9991e-03 +9.3325e-03 +9.6658e-03 +9.9991e-03 
+0000.00050 -1.0001e-02 -9.6676e-03 -9.3342e-03 -9.0009e-03 -8.6676e-03 -8.3342e-03 -8.0009e-03 -7.6676e-03 -7.3342e-03 -7.0009e-03 -6.6676e-03 -6.3343e-03 -6.0009e-03 -5.6676e-03 -5.3343e-03 -5.0010e-03 -4.6677e-03 -4.3343e-03 -4.0010e-03 -3.6677e-03 -3.3344e-03 -3.0011e-03 -2.6677e-03 -2.3344e-03 -2.0011e-03 -1.6677e-03 -1.3344e-03 -1.0011e-03 -6.6776e-04 -3.3443e-04 -1.0938e-06 +3.3224e-04 +6.6558e-04 +9.9891e-04 +1.3323e-03 +1.6656e-03 +1.9989e-03 +2.3323e-03 +2.6656e-03 +2.9990e-03 +3.3323e-03 +3.6656e-03 +3.9990e-03 +4.3323e-03 +4.6657e-03 +4.9990e-03 +5.3324e-03 +5.6657e-03 +5.9991e-03 +6.3324e-03 +6.6658e-03 +6.9991e-03 +7.3325e-03 +7.6658e-03 +7.9991e-03 +8.3325e-03 +8.6658e-03 +8.9991e-03 +9.3325e-03 +9.6658e-03 +9.9991e-03 
+0000.00000 -1.0001e-02 -9.6676e-03 -9.3342e-03 -9.0009e-03 -8.6676e-03 -8.3342e-03 -8.0009e-03 -7.6676e-03 -7.3342e-03 -7.0009e-03 -6.6676e-03 -6.3343e-03 -6.0009e-03 -5.6676e-03 -5.3343e-03 -5.0010e-03 -4.6677e-03 -4.3343e-03 -4.0010e-03 -3.6677e-03 -3.3344e-03 -3.0011e-03 -2.6677e-03 -2.3344e-03 -2.0011e-03 -1.6677e-03 -1.3344e-03 -1.0011e-03 -6.6776e-04 -3.3443e-04 -1.0938e-06 +3.3224e-04 +6.6558e-04 +9.9891e-04 +1.3323e-03 +1.6656e-03 +1.9989e-03 +2.3323e-03 +2.6656e-03 +2.9990e-03 +3.3323e-03 +3.6656e-03 +3.9990e-03 +4.3323e-03 +4.6657e-03 +4.9990e-03 +5.3324e-03 +5.6657e-03 +5.9991e-03 +6.3324e-03 +6.6658e-03 +6.9991e-03 +7.3325e-03 +7.6658e-03 +7.9991e-03 +8.3325e-03 +8.6658e-03 +8.9991e-03 +9.3325e-03 +9.6658e-03 +9.9991e-03 
-0000.00050 -1.0001e-02 -9.6676e-03 -9.3342e-03 -9.0009e-03 -8.6676e-03 -8.3342e-03 -8.0009e-03 -7.6676e-03 -7.3342e-03 -7.0009e-03 -6.6676e-03 -6.3343e-03 -6.0009e-03 -5.6676e-03 -5.3343e-03 -5.0010e-03 -4.6677e-03 -4.3343e-03 -4.0010e-03 -3.6677e-03 -3.3344e-03 -3.0011e-03 -2.6677e-03 -2.3344e-03 -2.0011e-03 -1.6677e-03 -1.3344e-03 -1.0011e-03 -6.6776e-04 -3.3443e-04 -1.0938e-06 +3.3224e-04 +6.6558e-04 +9.9891e-04 +1.3323e-03 +1.6656e-03 +1.9989e-03 +2.3323e-03 +2.6656e-03 +2.9990e-03 +3.3323e-03 +3.6656e-03 +3.9990e-03 +4.3323e-03 +4.6657e-03 +4.9990e-03 +5.3324e-03 +5.6657e-03 +5.9991e-03 +6.3324e-03 +6.6658e-03 +6.9991e-03 +7.3325e-03 +7.6658e-03 +7.9991e-03 +8.3325e-03 +8.6658e-03 +8.9991e-03 +9.3325e-03 +9.6658e-03 +9.9991e-03 
-0000.00100 -1.0001e-02 -9.6676e-03 -9.3342e-03 -9.0009e-03 -8.6676e-03 -8.3342e-03 -8.0009e-03 -7.6676e-03 -7.3342e-03 -7.0009e-03 -6.6676e-03 -6.3343e-03 -6.0009e-03 -5.6676e-03 -5.3343e-03 -5.0010e-03 -4.6677e-03 -4.3343e-03 -4.0010e-03 -3.6677e-03 -3.3344e-03 -3.0011e-03 -2.6677e-03 -2.3344e-03 -2.0011e-03 -1.6677e-03 -1.3344e-03 -1.0011e-03 -6.6776e-04 -3.3443e-04 -1.0938e-06 +3.3224e-04 +6.6558e-04 +9.9891e-04 +1.3323e-03 +1.6656e-03 +1.9989e-03 +2.3323e-03 +2.6656e-03 +2.9990e-03 +3.3323e-03 +3.6656e-03 +3.9990e-03 +4.3323e-03 +4.6657e-03 +4.9990e-03 +5.3324e-03 +5.6657e-03 +5.9991e-03 +6.3324e-03 +6.6658e-03 +6.9991e-03 +7.3325e-03 +7.6658e-03 +7.9991e-03 +8.3325e-03 +8.6658e-03 +8.9991e-03 +9.3325e-03 +9.6658e-03 +9.9991e-03 
-0000.00150 -1.0001e-02 -9.6676e-03 -9.3342e-03 -9.0009e-03 -8.6676e-03 -8.3342e-03 -8.0009e-03 -7.6676e-03 -7.3342e-03 -7.0009e-03 -6.6676e-03 -6.3343e-03 -6.0009e-03 -5.6676e-03 -5.3343e-03 -5.0010e-03 -4.6677e-03 -4.3343e-03 -4.0010e-03 -3.6677e-03 -3.3344e-03 -3.0011e-03 -2.6677e-03 -2.3344e-03 -2.0011e-03 -1.6677e-03 -1.3344e-03 -1.0011e-03 -6.6776e-04 -3.3443e-04 -1.0938e-06 +3.3224e-04 +6.6558e-04 +9.9891e-04 +1.3323e-03 +1.6656e-03 +1.9989e-03 +2.3323e-03 +2.6656e-03 +2.9990e-03 +3.3323e-03 +3.6656e-03 +3.9990e-03 +4.3323e-03 +4.6657e-03 +4.9990e-03 +5.3324e-03 +5.6657e-03 +5.9991e-03 +6.3324e-03 +6.6658e-03 +6.9991e-03 +7.3325e-03 +7.6658e-03 +7.9991e-03 +8.3325e-03 +8.6658e-03 +8.9991e-03 +9.3325e-03 +9.6658e-03 +9.9991e-03 
-0000.00200 -1.0001e-02 -9.6676e-03 -9.3342e-03 -9.0009e-03 -8.6676e-03 -8.3342e-03 -8.0009e-03 -7.6676e-03 -7.3342e-03 -7.0009e-03 -6.6676e-03 -6.3343e-03 -6.0009e-03 -5.6676e-03 -5.3343e-03 -5.0010e-03 -4.6677e-03 -4.3343e-03 -4.0010e-03 -3.6677e-03 -3.3344e-03 -3.0011e-03 -2.6677e-03 -2.3344e-03 -2.0011e-03 -1.6677e-03 -1.3344e-03 -1.0011e-03 -6.6776e-04 -3.3443e-04 -1.0923e-06 +3.3224e-04 +6.6558e-04 +9.9891e-04 +1.3323e-03 +1.6656e-03 +1.9989e-03 +2.3323e-03 +2.6656e-03 +2.9990e-03 +3.3323e-03 +3.6656e-03 +3.9990e-03 +4.3323e-03 +4.6657e-03 +4.9990e-03 +5.3324e-03 +5.6657e-03 +5.9991e-03 +6.3324e-03 +6.6658e-03 +6.9991e-03 +7.3325e-03 +7.6658e-03 +7.9991e-03 +8.3325e-03 +8.6658e-03 +8.9991e-03 +9.3325e-03 +9.6658e-03 +9.9991e-03 
# Vertical Final Position [m]
START
            -0000.01000 -0000.00967 -0000.00933 -0000.00900 -0000.00867 -0000.00833 -0000.00800 -0000.00767 -0000.00733 -0000.00700 -0000.00667 -0000.00633 -0000.00600 -0000.00567 -0000.00533 -0000.00500 -0000.00467 -0000.00433 -0000.00400 -0000.00367 -0000.00333 -0000.00300 -0000.00267 -0000.00233 -0000.00200 -0000.00167 -0000.00133 -0000.00100 -0000.00067 -0000.00033 +0000.00000 +0000.00033 +0000.00067 +0000.00100 +0000.00133 +0000.00167 +0000.00200 +0000.00233 +0000.00267 +0000.00300 +0000.00333 +0000.00367 +0000.00400 +0000.00433 +0000.00467 +0000.00500 +0000.00533 +0000.00567 +0000.00600 +0000.00633 +0000.00667 +0000.00700 +0000.00733 +0000.00767 +0000.00800 +0000.00833 +0000.00867 +0000.00900 +0000.00933 +0000.00967 +0000.01000 
+0000.00200 +2.0000e-03 +2.0000e-03 +2.0000e-03 +2.0000e-03 +2.0000e-03 +2.0000e-03 +2.0000e-03 +2.0000e-03 +1.9999e-03 +1.9999e-03 +1.9999e-03 +1.9999e-03 +1.9999e-03 +1.9999e-03 +1.9999e-03 +1.9999e-03 +1.9999e-03 +1.9999e-03 +1.9999e-03 +1.9999e-03 +1.9999e-03 +1.9999e-03 +1.9999e-03 +1.9999e-03 +1.9999e-03 +1.9999e-03 +1.9999e-03 +1.9999e-03 +1.9999e-03 +1.9998e-03 +1.9998e-03 +1.9998e-03 +1.9998e-03 +1.9998e-03 +1.9998e-03 +1.9998e-03 +1.9998e-03 +1.9998e-03 +1.9998e-03 +1.9998e-03 +1.9998e-03 +1.9998e-03 +1.9998e-03 +1.9998e-03 +1.9998e-03 +1.9998e-03 +1.9998e-03 +1.9998e-03 +1.9998e-03 +1.9997e-03 +1.9997e-03 +1.9997e-03 +1.9997e-03 +1.9997e-03 +1.9997e-03 +1.9997e-03 +1.9997e-03 +1.9997e-03 +1.9997e-03 +1.9997e-03 +1.9997e-03 
+0000.00150 +1.5000e-03 +1.5000e-03 +1.5000e-03 +1.5000e-03 +1.5000e-03 +1.5000e-03 +1.5000e-03 +1.5000e-03 +1.5000e-03 +1.5000e-03 +1.5000e-03 +1.5000e-03 +1.5000e-03 +1.5000e-03 +1.5000e-03 +1.5000e-03 +1.4999e-03 +1.4999e-03 +1.4999e-03 +1.4999e-03 +1.4999e-03 +1.4999e-03 +1.4999e-03 +1.4999e-03 +1.4999e-03 +1.4999e-03 +1.4999e-03 +1.4999e-03 +1.4999e-03 +1.4999e-03 +1.4999e-03 +1.4999e-03 +1.4999e-03 +1.4999e-03 +1.4999e-03 +1.4999e-03 +1.4999e-03 +1.4999e-03 +1.4999e-03 +1.4999e-03 +1.4999e-03 +1.4999e-03 +1.4998e-03 +1.4998e-03 +1.4998e-03 +1.4998e-03 +1.4998e-03 +1.4998e-03 +1.4998e-03 +1.4998e-03 +1.4998e-03 +1.4998e-03 +1.4998e-03 +1.4998e-03 +1.4998e-03 +1.4998e-03 +1.4998e-03 +1.4998e-03 +1.4998e-03 +1.4998e-03 +1.4998e-03 
+0000.00100 +1.0000e-03 +1.0000e-03 +1.0000e-03 +1.0000e-03 +9.9999e-04 +9.9999e-04 +9.9999e-04 +9.9999e-04 +9.9999e-04 +9.9998e-04 +9.9998e-04 +9.9998e-04 +9.9998e-04 +9.9998e-04 +9.9997e-04 +9.9997e-04 +9.9997e-04 +9.9997e-04 +9.9996e-04 +9.9996e-04 +9.9996e-04 +9.9996e-04 +9.9996e-04 +9.9995e-04 +9.9995e-04 +9.9995e-04 +9.9995e-04 +9.9994e-04 +9.9994e-04 +9.9994e-04 +9.9994e-04 +9.9993e-04 +9.9993e-04 +9.9993e-04 +9.9993e-04 +9.9993e-04 +9.9992e-04 +9.9992e-04 +9.9992e-04 +9.9992e-04 +9.9991e-04 +9.9991e-04 +9.9991e-04 +9.9991e-04 +9.9991e-04 +9.9990e-04 +9.9990e-04 +9.9990e-04 +9.9990e-04 +9.9989e-04 +9.9989e-04 +9.9989e-04 +9.9989e-04 +9.9988e-04 +9.9988e-04 +9.9988e-04 +9.9988e-04 +9.9987e-04 +9.9987e-04 +9.9987e-04 +9.9986e-04 
+0000.00050 +5.0001e-04 +5.0001e-04 +5.0000e-04 +5.0000e-04 +5.0000e-04 +5.0000e-04 +5.0000e-04 +5.0000e-04 +5.0000e-04 +4.9999e-04 +4.9999e-04 +4.9999e-04 +4.9999e-04 +4.9999e-04 +4.9999e-04 +4.9999e-04 +4.9998e-04 +4.9998e-04 +4.9998e-04 +4.9998e-04 +4.9998e-04 +4.9998e-04 +4.9998e-04 +4.9998e-04 +4.9998e-04 +4.9998e-04 +4.9997e-04 +4.9997e-04 +4.9997e-04 +4.9997e-04 +4.9997e-04 +4.9997e-04 +4.9997e-04 +4.9997e-04 +4.9997e-04 +4.9996e-04 +4.9996e-04 +4.9996e-04 +4.9996e-04 +4.9996e-04 +4.9996e-04 +4.9996e-04 +4.9996e-04 +4.9996e-04 +4.9996e-04 +4.9995e-04 +4.9995e-04 +4.9995e-04 +4.9995e-04 +4.9995e-04 +4.9995e-04 +4.9995e-04 +4.9994e-04 +4.9994e-04 +4.9994e-04 +4.9994e-04 +4.9994e-04 +4.9994e-04 +4.9994e-04 +4.9993e-04 +4.9993e-04 
+0000.00000 -5.5098e-11 -5.4838e-11 -5.4580e-11 -5.4325e-11 -5.4073e-11 -5.3826e-11 -5.3584e-11 -5.3347e-11 -5.3117e-11 -5.2894e-11 -5.2678e-11 -5.2470e-11 -5.2271e-11 -5.2082e-11 -5.1901e-11 -5.1732e-11 -5.1572e-11 -5.1424e-11 -5.1287e-11 -5.1162e-11 -5.1050e-11 -5.0949e-11 -5.0862e-11 -5.0787e-11 -5.0725e-11 -5.0677e-11 -5.0643e-11 -5.0622e-11 -5.0616e-11 -5.0623e-11 -5.0644e-11 -5.0679e-11 -5.0729e-11 -5.0793e-11 -5.0870e-11 -5.0962e-11 -5.1068e-11 -5.1187e-11 -5.1321e-11 -5.1468e-11 -5.1628e-11 -5.1801e-11 -5.1987e-11 -5.2186e-11 -5.2397e-11 -5.2620e-11 -5.2855e-11 -5.3101e-11 -5.3358e-11 -5.3626e-11 -5.3903e-11 -5.4190e-11 -5.4486e-11 -5.4791e-11 -5.5103e-11 -5.5423e-11 -5.5750e-11 -5.6082e-11 -5.6420e-11 -5.6763e-11 -5.7110e-11 
-0000.00050 -5.0001e-04 -5.0001e-04 -5.0000e-04 -5.0000e-04 -5.0000e-04 -5.0000e-04 -5.0000e-04 -5.0000e-04 -5.0000e-04 -4.9999e-04 -4.9999e-04 -4.9999e-04 -4.9999e-04 -4.9999e-04 -4.9999e-04 -4.9999e-04 -4.9998e-04 -4.9998e-04 -4.9998e-04 -4.9998e-04 -4.9998e-04 -4.9998e-04 -4.9998e-04 -4.9998e-04 -4.9998e-04 -4.9998e-04 -4.9997e-04 -4.9997e-04 -4.9997e-04 -4.9997e-04 -4.9997e-04 -4.9997e-04 -4.9997e-04 -4.9997e-04 -4.9997e-04 -4.9996e-04 -4.9996e-04 -4.9996e-04 -4.9996e-04 -4.9996e-04 -4.9996e-04 -4.9996e-04 -4.9996e-04 -4.9996e-04 -4.9996e-04 -4.9995e-04 -4.9995e-04 -4.9995e-04 -4.9995e-04 -4.9995e-04 -4.9995e-04 -4.9995e-04 -4.9994e-04 -4.9994e-04 -4.9994e-04 -4.9994e-04 -4.9994e-04 -4.9994e-04 -4.9994e-04 -4.9993e-04 -4.9993e-04 
-0000.00100 -1.0000e-03 -1.0000e-03 -1.0000e-03 -1.0000e-03 -9.9999e-04 -9.9999e-04 -9.9999e-04 -9.9999e-04 -9.9999e-04 -9.9998e-04 -9.9998e-04 -9.9998e-04 -9.9998e-04 -9.9998e-04 -9.9997e-04 -9.9997e-04 -9.9997e-04 -9.9997e-04 -9.9996e-04 -9.9996e-04 -9.9996e-04 -9.9996e-04 -9.9996e-04 -9.9995e-04 -9.9995e-04 -9.9995e-04 -9.9995e-04 -9.9994e-04 -9.9994e-04 -9.9994e-04 -9.9994e-04 -9.9993e-04 -9.9993e-04 -9.9993e-04 -9.9993e-04 -9.9993e-04 -9.9992e-04 -9.9992e-04 -9.9992e-04 -9.9992e-04 -9.9991e-04 -9.9991e-04 -9.9991e-04 -9.9991e-04 -9.9991e-04 -9.9990e-04 -9.9990e-04 -9.9990e-04 -9.9990e-04 -9.9989e-04 -9.9989e-04 -9.9989e-04 -9.9989e-04 -9.9988e-04 -9.9988e-04 -9.9988e-04 -9.9988e-04 -9.9987e-04 -9.9987e-04 -9.9987e-04 -9.9986e-04 
-0000.00150 -1.5000e-03 -1.5000e-03 -1.5000e-03 -1.5000e-03 -1.5000e-03 -1.5000e-03 -1.5000e-03 -1.5000e-03 -1.5000e-03 -1.5000e-03 -1.5000e-03 -1.5000e-03 -1.5000e-03 -1.5000e-03 -1.5000e-03 -1.5000e-03 -1.4999e-03 -1.4999e-03 -1.4999e-03 -1.4999e-03 -1.4999e-03 -1.4999e-03 -1.4999e-03 -1.4999e-03 -1.4999e-03 -1.4999e-03 -1.4999e-03 -1.4999e-03 -1.4999e-03 -1.4999e-03 -1.4999e-03 -1.4999e-03 -1.4999e-03 -1.4999e-03 -1.4999e-03 -1.4999e-03 -1.4999e-03 -1.4999e-03 -1.4999e-03 -1.4999e-03 -1.4999e-03 -1.4999e-03 -1.4998e-03 -1.4998e-03 -1.4998e-03 -1.4998e-03 -1.4998e-03 -1.4998e-03 -1.4998e-03 -1.4998e-03 -1.4998e-03 -1.4998e-03 -1.4998e-03 -1.4998e-03 -1.4998e-03 -1.4998e-03 -1.4998e-03 -1.4998e-03 -1.4998e-03 -1.4998e-03 -1.4998e-03 
-0000.00200 -2.0000e-03 -2.0000e-03 -2.0000e-03 -2.0000e-03 -2.0000e-03 -2.0000e-03 -2.0000e-03 -2.0000e-03 -1.9999e-03 -1.9999e-03 -1.9999e-03 -1.9999e-03 -1.9999e-03 -1.9999e-03 -1.9999e-03 -1.9999e-03 -1.9999e-03 -1.9999e-03 -1.9999e-03 -1.9999e-03 -1.9999e-03 -1.9999e-03 -1.9999e-03 -1.9999e-03 -1.9999e-03 -1.9999e-03 -1.9999e-03 -1.9999e-03 -1.9999e-03 -1.9998e-03 -1.9998e-03 -1.9998e-03 -1.9998e-03 -1.9998e-03 -1.9998e-03 -1.9998e-03 -1.9998e-03 -1.9998e-03 -1.9998e-03 -1.9998e-03 -1.9998e-03 -1.9998e-03 -1.9998e-03 -1.9998e-03 -1.9998e-03 -1.9998e-03 -1.9998e-03 -1.9998e-03 -1.9998e-03 -1.9997e-03 -1.9997e-03 -1.9997e-03 -1.9997e-03 -1.9997e-03 -1.9997e-03 -1.9997e-03 -1.9997e-03 -1.9997e-03 -1.9997e-03 -1.9997e-03 -1.9997e-03 