# Author: FAC idanalysis.IDKickMap
# Termination_kicks [T2m2]: +5.5878e-04 -2.7156e-08 -9.2668e-04 +1.6079e-08 
# Total Length of Longitudinal Interval [m]
0.116
# Number of Horizontal Points
21
# Number of Vertical Points
5
# Total Horizontal 2nd Order Kick [T2m2]
START
            -0000.01000 -0000.00900 -0000.00800 -0000.00700 -0000.00600 -0000.00500 -0000.00400 -0000.00300 -0000.00200 -0000.00100 +0000.00000 +0000.00100 +0000.00200 +0000.00300 +0000.00400 +0000.00500 +0000.00600 +0000.00700 +0000.00800 +0000.00900 +0000.01000 
+0000.00600 +3.6949e-04 +3.8409e-04 +3.6351e-04 +3.6824e-04 +3.8518e-04 +3.6502e-04 +3.6949e-04 +3.8547e-04 +3.6546e-04 +3.6983e-04 +3.6793e-04 +3.6590e-04 +3.7027e-04 +3.5068e-04 +3.6636e-04 +3.7082e-04 +3.4861e-04 +3.6542e-04 +3.7016e-04 +3.5231e-04 +3.6689e-04 
+0000.00300 +3.6876e-04 +3.6891e-04 +3.6682e-04 +3.6772e-04 +3.6798e-04 +3.6736e-04 +3.6827e-04 +3.6820e-04 +3.6740e-04 +3.6834e-04 +3.6773e-04 +3.6745e-04 +3.6839e-04 +3.6764e-04 +3.6758e-04 +3.6850e-04 +3.6699e-04 +3.6724e-04 +3.6816e-04 +3.6705e-04 +3.6721e-04 
+0000.00000 +3.6578e-04 +3.6656e-04 +3.6668e-04 +3.6709e-04 +3.6722e-04 +3.6721e-04 +3.6756e-04 +3.6761e-04 +3.6759e-04 +3.6791e-04 +3.6789e-04 +3.6788e-04 +3.6819e-04 +3.6817e-04 +3.6820e-04 +3.6850e-04 +3.6841e-04 +3.6849e-04 +3.6892e-04 +3.6913e-04 +3.6998e-04 
-0000.00300 +3.6871e-04 +3.6885e-04 +3.6696e-04 +3.6786e-04 +3.6815e-04 +3.6734e-04 +3.6825e-04 +3.6819e-04 +3.6740e-04 +3.6834e-04 +3.6807e-04 +3.6746e-04 +3.6840e-04 +3.6765e-04 +3.6759e-04 +3.6852e-04 +3.6683e-04 +3.6712e-04 +3.6802e-04 +3.6711e-04 +3.6726e-04 
-0000.00600 +3.6934e-04 +3.8386e-04 +3.6326e-04 +3.6800e-04 +3.8505e-04 +3.6502e-04 +3.6950e-04 +3.8549e-04 +3.6545e-04 +3.6982e-04 +3.6858e-04 +3.6591e-04 +3.7028e-04 +3.5067e-04 +3.6634e-04 +3.7082e-04 +3.4876e-04 +3.6569e-04 +3.7042e-04 +3.5255e-04 +3.6704e-04 
# Total Vertical 2nd Order Kick [T2m2]
START
            -0000.01000 -0000.00900 -0000.00800 -0000.00700 -0000.00600 -0000.00500 -0000.00400 -0000.00300 -0000.00200 -0000.00100 +0000.00000 +0000.00100 +0000.00200 +0000.00300 +0000.00400 +0000.00500 +0000.00600 +0000.00700 +0000.00800 +0000.00900 +0000.01000 
+0000.00600 +4.5389e-05 +5.2399e-05 +4.6058e-05 +4.5749e-05 +5.8196e-05 +4.6056e-05 +4.5924e-05 +7.0081e-05 +4.6101e-05 +4.6051e-05 +8.0829e-05 +4.6008e-05 +4.6035e-05 +7.0343e-05 +4.5796e-05 +4.5934e-05 +5.8323e-05 +4.5105e-05 +4.4987e-05 +5.1065e-05 +4.4163e-05 
+0000.00300 +6.2680e-05 +5.9597e-05 +6.2232e-05 +6.3284e-05 +5.9519e-05 +6.2653e-05 +6.3327e-05 +5.7821e-05 +6.3169e-05 +6.3367e-05 +5.5292e-05 +6.3380e-05 +6.3200e-05 +5.7790e-05 +6.3414e-05 +6.2763e-05 +5.9460e-05 +6.2902e-05 +6.1484e-05 +5.8559e-05 +6.1672e-05 
+0000.00000 +1.4945e-08 +1.6980e-08 +1.1723e-08 +1.2053e-09 -6.4677e-09 -7.0994e-09 -4.4651e-09 -1.9780e-09 -2.9961e-10 +6.5104e-10 +9.9570e-10 +7.0079e-10 -2.8535e-10 -2.1038e-09 -4.6961e-09 -7.2249e-09 -6.5078e-09 +1.0316e-09 +1.1526e-08 +1.6879e-08 +1.4791e-08 
-0000.00300 -6.2844e-05 -5.9771e-05 -6.2468e-05 -6.3559e-05 -5.9847e-05 -6.3033e-05 -6.3718e-05 -5.8216e-05 -6.3568e-05 -6.3766e-05 -5.5692e-05 -6.3782e-05 -6.3603e-05 -5.8189e-05 -6.3805e-05 -6.3142e-05 -5.9792e-05 -6.3181e-05 -6.1728e-05 -5.8747e-05 -6.1851e-05 
-0000.00600 -4.4860e-05 -5.1971e-05 -4.5253e-05 -4.4642e-05 -5.6694e-05 -4.4670e-05 -4.4561e-05 -6.8730e-05 -4.4740e-05 -4.4688e-05 -7.9456e-05 -4.4641e-05 -4.4672e-05 -6.8990e-05 -4.4437e-05 -4.4552e-05 -5.6812e-05 -4.4005e-05 -4.4195e-05 -5.0654e-05 -4.3647e-05 
# Horizontal Final Position [m]
START
            -0000.01000 -0000.00900 -0000.00800 -0000.00700 -0000.00600 -0000.00500 -0000.00400 -0000.00300 -0000.00200 -0000.00100 +0000.00000 +0000.00100 +0000.00200 +0000.00300 +0000.00400 +0000.00500 +0000.00600 +0000.00700 +0000.00800 +0000.00900 +0000.01000 
+0000.00600 -1.0000e-02 -9.0008e-03 -8.0009e-03 -7.0010e-03 -6.0014e-03 -5.0013e-03 -4.0014e-03 -3.0017e-03 -2.0015e-03 -1.0015e-03 -1.8577e-06 +9.9849e-04 +1.9985e-03 +2.9982e-03 +3.9986e-03 +4.9987e-03 +5.9986e-03 +6.9990e-03 +7.9991e-03 +8.9992e-03 +9.9996e-03 
+0000.00300 -1.0000e-02 -9.0008e-03 -8.0010e-03 -7.0012e-03 -6.0013e-03 -5.0015e-03 -4.0015e-03 -3.0016e-03 -2.0017e-03 -1.0017e-03 -1.7083e-06 +9.9831e-04 +1.9983e-03 +2.9984e-03 +3.9984e-03 +4.9985e-03 +5.9987e-03 +6.9988e-03 +7.9990e-03 +8.9992e-03 +9.9995e-03 
+0000.00000 -1.0001e-02 -9.0010e-03 -8.0012e-03 -7.0013e-03 -6.0015e-03 -5.0016e-03 -4.0017e-03 -3.0018e-03 -2.0018e-03 -1.0019e-03 -1.8847e-06 +9.9813e-04 +1.9982e-03 +2.9982e-03 +3.9983e-03 +4.9984e-03 +5.9985e-03 +6.9987e-03 +7.9988e-03 +8.9990e-03 +9.9993e-03 
-0000.00300 -1.0000e-02 -9.0008e-03 -8.0010e-03 -7.0012e-03 -6.0013e-03 -5.0015e-03 -4.0015e-03 -3.0016e-03 -2.0017e-03 -1.0017e-03 -1.7080e-06 +9.9831e-04 +1.9983e-03 +2.9984e-03 +3.9984e-03 +4.9985e-03 +5.9987e-03 +6.9988e-03 +7.9990e-03 +8.9992e-03 +9.9995e-03 
-0000.00600 -1.0000e-02 -9.0008e-03 -8.0009e-03 -7.0010e-03 -6.0014e-03 -5.0013e-03 -4.0014e-03 -3.0017e-03 -2.0015e-03 -1.0015e-03 -1.8571e-06 +9.9849e-04 +1.9985e-03 +2.9982e-03 +3.9986e-03 +4.9987e-03 +5.9986e-03 +6.9990e-03 +7.9991e-03 +8.9992e-03 +9.9996e-03 
# Vertical Final Position [m]
START
            -0000.01000 -0000.00900 -0000.00800 -0000.00700 -0000.00600 -0000.00500 -0000.00400 -0000.00300 -0000.00200 -0000.00100 +0000.00000 +0000.00100 +0000.00200 +0000.00300 +0000.00400 +0000.00500 +0000.00600 +0000.00700 +0000.00800 +0000.00900 +0000.01000 
+0000.00600 +6.0013e-03 +6.0012e-03 +6.0008e-03 +6.0008e-03 +6.0008e-03 +6.0005e-03 +6.0005e-03 +6.0005e-03 +6.0002e-03 +6.0002e-03 +6.0001e-03 +5.9999e-03 +5.9999e-03 +5.9997e-03 +5.9996e-03 +5.9996e-03 +5.9993e-03 +5.9993e-03 +5.9993e-03 +5.9989e-03 +5.9988e-03 
+0000.00300 +2.9989e-03 +2.9990e-03 +2.9992e-03 +2.9993e-03 +2.9994e-03 +2.9995e-03 +2.9996e-03 +2.9997e-03 +2.9999e-03 +2.9999e-03 +3.0001e-03 +3.0002e-03 +3.0003e-03 +3.0004e-03 +3.0005e-03 +3.0006e-03 +3.0007e-03 +3.0008e-03 +3.0009e-03 +3.0011e-03 +3.0012e-03 
+0000.00000 -1.4742e-11 -1.4019e-11 -2.1185e-11 -2.9793e-11 -3.6974e-11 -3.9856e-11 -3.8038e-11 -3.6583e-11 -3.6679e-11 -3.6100e-11 -3.5490e-11 -3.6076e-11 -3.6719e-11 -3.6797e-11 -3.8454e-11 -4.0313e-11 -3.7385e-11 -3.0170e-11 -2.1322e-11 -1.3869e-11 -1.4609e-11 
-0000.00300 -2.9989e-03 -2.9990e-03 -2.9992e-03 -2.9993e-03 -2.9994e-03 -2.9995e-03 -2.9996e-03 -2.9997e-03 -2.9999e-03 -2.9999e-03 -3.0001e-03 -3.0002e-03 -3.0003e-03 -3.0004e-03 -3.0005e-03 -3.0006e-03 -3.0007e-03 -3.0008e-03 -3.0009e-03 -3.0011e-03 -3.0012e-03 
-0000.00600 -6.0013e-03 -6.0012e-03 -6.0008e-03 -6.0008e-03 -6.0008e-03 -6.0005e-03 -6.0005e-03 -6.0005e-03 -6.0002e-03 -6.0002e-03 -6.0001e-03 -5.9999e-03 -5.9999e-03 -5.9997e-03 -5.9996e-03 -5.9996e-03 -5.9993e-03 -5.9993e-03 -5.9993e-03 -5.9989e-03 -5.9988e-03 