# Author: FAC idanalysis.IDKickMap
# Termination_kicks [T2m2]: +0.0000e+00 +0.0000e+00 +0.0000e+00 +0.0000e+00 
# Total Length of Longitudinal Interval [m]
0.13
# Number of Horizontal Points
61
# Number of Vertical Points
9
# Total Horizontal 2nd Order Kick [T2m2]
START
            -0000.01000 -0000.00967 -0000.00933 -0000.00900 -0000.00867 -0000.00833 -0000.00800 -0000.00767 -0000.00733 -0000.00700 -0000.00667 -0000.00633 -0000.00600 -0000.00567 -0000.00533 -0000.00500 -0000.00467 -0000.00433 -0000.00400 -0000.00367 -0000.00333 -0000.00300 -0000.00267 -0000.00233 -0000.00200 -0000.00167 -0000.00133 -0000.00100 -0000.00067 -0000.00033 +0000.00000 +0000.00033 +0000.00067 +0000.00100 +0000.00133 +0000.00167 +0000.00200 +0000.00233 +0000.00267 +0000.00300 +0000.00333 +0000.00367 +0000.00400 +0000.00433 +0000.00467 +0000.00500 +0000.00533 +0000.00567 +0000.00600 +0000.00633 +0000.00667 +0000.00700 +0000.00733 +0000.00767 +0000.00800 +0000.00833 +0000.00867 +0000.00900 +0000.00933 +0000.00967 +0000.01000 
+0000.00200 -7.8624e-05 -7.8023e-05 -7.7447e-05 -7.6897e-05 -7.6370e-05 -7.5868e-05 -7.5390e-05 -7.4934e-05 -7.4501e-05 -7.4090e-05 -7.3700e-05 -7.3332e-05 -7.2985e-05 -7.2658e-05 -7.2352e-05 -7.2065e-05 -7.1798e-05 -7.1551e-05 -7.1322e-05 -7.1112e-05 -7.0921e-05 -7.0748e-05 -7.0593e-05 -7.0456e-05 -7.0337e-05 -7.0235e-05 -7.0151e-05 -7.0085e-05 -7.0036e-05 -7.0004e-05 -6.9989e-05 -6.9992e-05 -7.0012e-05 -7.0049e-05 -7.0104e-05 -7.0176e-05 -7.0265e-05 -7.0372e-05 -7.0497e-05 -7.0639e-05 -7.0800e-05 -7.0978e-05 -7.1175e-05 -7.1390e-05 -7.1624e-05 -7.1877e-05 -7.2149e-05 -7.2441e-05 -7.2752e-05 -7.3084e-05 -7.3436e-05 -7.3809e-05 -7.4203e-05 -7.4619e-05 -7.5057e-05 -7.5517e-05 -7.6000e-05 -7.6507e-05 -7.7038e-05 -7.7593e-05 -7.8173e-05 
+0000.00150 -7.8840e-05 -7.8239e-05 -7.7663e-05 -7.7112e-05 -7.6585e-05 -7.6082e-05 -7.5601e-05 -7.5144e-05 -7.4709e-05 -7.4295e-05 -7.3904e-05 -7.3533e-05 -7.3183e-05 -7.2854e-05 -7.2545e-05 -7.2256e-05 -7.1986e-05 -7.1736e-05 -7.1505e-05 -7.1292e-05 -7.1099e-05 -7.0924e-05 -7.0767e-05 -7.0628e-05 -7.0507e-05 -7.0404e-05 -7.0319e-05 -7.0252e-05 -7.0202e-05 -7.0170e-05 -7.0155e-05 -7.0158e-05 -7.0179e-05 -7.0216e-05 -7.0272e-05 -7.0345e-05 -7.0435e-05 -7.0544e-05 -7.0670e-05 -7.0814e-05 -7.0977e-05 -7.1157e-05 -7.1357e-05 -7.1574e-05 -7.1811e-05 -7.2066e-05 -7.2341e-05 -7.2636e-05 -7.2950e-05 -7.3284e-05 -7.3639e-05 -7.4015e-05 -7.4411e-05 -7.4829e-05 -7.5269e-05 -7.5731e-05 -7.6216e-05 -7.6724e-05 -7.7256e-05 -7.7811e-05 -7.8391e-05 
+0000.00100 -7.8995e-05 -7.8393e-05 -7.7817e-05 -7.7265e-05 -7.6737e-05 -7.6232e-05 -7.5751e-05 -7.5292e-05 -7.4855e-05 -7.4440e-05 -7.4047e-05 -7.3675e-05 -7.3323e-05 -7.2992e-05 -7.2681e-05 -7.2390e-05 -7.2119e-05 -7.1867e-05 -7.1635e-05 -7.1421e-05 -7.1226e-05 -7.1050e-05 -7.0892e-05 -7.0752e-05 -7.0630e-05 -7.0527e-05 -7.0441e-05 -7.0373e-05 -7.0323e-05 -7.0291e-05 -7.0276e-05 -7.0279e-05 -7.0299e-05 -7.0338e-05 -7.0393e-05 -7.0467e-05 -7.0559e-05 -7.0668e-05 -7.0795e-05 -7.0941e-05 -7.1104e-05 -7.1286e-05 -7.1487e-05 -7.1706e-05 -7.1944e-05 -7.2201e-05 -7.2478e-05 -7.2774e-05 -7.3090e-05 -7.3426e-05 -7.3783e-05 -7.4160e-05 -7.4559e-05 -7.4979e-05 -7.5420e-05 -7.5884e-05 -7.6370e-05 -7.6879e-05 -7.7412e-05 -7.7968e-05 -7.8549e-05 
+0000.00050 -7.9088e-05 -7.8486e-05 -7.7909e-05 -7.7357e-05 -7.6828e-05 -7.6322e-05 -7.5840e-05 -7.5380e-05 -7.4942e-05 -7.4527e-05 -7.4132e-05 -7.3759e-05 -7.3406e-05 -7.3074e-05 -7.2763e-05 -7.2471e-05 -7.2199e-05 -7.1946e-05 -7.1712e-05 -7.1498e-05 -7.1302e-05 -7.1125e-05 -7.0967e-05 -7.0826e-05 -7.0704e-05 -7.0600e-05 -7.0514e-05 -7.0446e-05 -7.0396e-05 -7.0363e-05 -7.0348e-05 -7.0351e-05 -7.0372e-05 -7.0410e-05 -7.0467e-05 -7.0541e-05 -7.0633e-05 -7.0742e-05 -7.0870e-05 -7.1016e-05 -7.1181e-05 -7.1364e-05 -7.1565e-05 -7.1785e-05 -7.2024e-05 -7.2282e-05 -7.2560e-05 -7.2857e-05 -7.3174e-05 -7.3512e-05 -7.3869e-05 -7.4248e-05 -7.4647e-05 -7.5068e-05 -7.5511e-05 -7.5975e-05 -7.6463e-05 -7.6973e-05 -7.7506e-05 -7.8063e-05 -7.8644e-05 
+0000.00000 -7.9118e-05 -7.8516e-05 -7.7939e-05 -7.7386e-05 -7.6857e-05 -7.6352e-05 -7.5869e-05 -7.5409e-05 -7.4971e-05 -7.4555e-05 -7.4160e-05 -7.3786e-05 -7.3434e-05 -7.3101e-05 -7.2789e-05 -7.2497e-05 -7.2225e-05 -7.1972e-05 -7.1738e-05 -7.1523e-05 -7.1327e-05 -7.1150e-05 -7.0991e-05 -7.0851e-05 -7.0729e-05 -7.0625e-05 -7.0538e-05 -7.0470e-05 -7.0420e-05 -7.0387e-05 -7.0373e-05 -7.0376e-05 -7.0396e-05 -7.0435e-05 -7.0491e-05 -7.0565e-05 -7.0657e-05 -7.0767e-05 -7.0895e-05 -7.1042e-05 -7.1206e-05 -7.1389e-05 -7.1591e-05 -7.1812e-05 -7.2051e-05 -7.2310e-05 -7.2588e-05 -7.2885e-05 -7.3203e-05 -7.3540e-05 -7.3898e-05 -7.4277e-05 -7.4677e-05 -7.5098e-05 -7.5541e-05 -7.6006e-05 -7.6494e-05 -7.7004e-05 -7.7538e-05 -7.8095e-05 -7.8677e-05 
-0000.00050 -7.9085e-05 -7.8484e-05 -7.7907e-05 -7.7355e-05 -7.6826e-05 -7.6321e-05 -7.5838e-05 -7.5379e-05 -7.4941e-05 -7.4525e-05 -7.4131e-05 -7.3758e-05 -7.3405e-05 -7.3073e-05 -7.2762e-05 -7.2470e-05 -7.2198e-05 -7.1945e-05 -7.1712e-05 -7.1497e-05 -7.1302e-05 -7.1125e-05 -7.0966e-05 -7.0826e-05 -7.0704e-05 -7.0600e-05 -7.0514e-05 -7.0446e-05 -7.0395e-05 -7.0363e-05 -7.0348e-05 -7.0351e-05 -7.0372e-05 -7.0410e-05 -7.0467e-05 -7.0541e-05 -7.0633e-05 -7.0742e-05 -7.0870e-05 -7.1017e-05 -7.1181e-05 -7.1364e-05 -7.1565e-05 -7.1785e-05 -7.2025e-05 -7.2283e-05 -7.2561e-05 -7.2858e-05 -7.3175e-05 -7.3513e-05 -7.3870e-05 -7.4249e-05 -7.4648e-05 -7.5069e-05 -7.5512e-05 -7.5977e-05 -7.6464e-05 -7.6975e-05 -7.7508e-05 -7.8065e-05 -7.8647e-05 
-0000.00100 -7.8990e-05 -7.8389e-05 -7.7813e-05 -7.7261e-05 -7.6733e-05 -7.6229e-05 -7.5748e-05 -7.5289e-05 -7.4852e-05 -7.4438e-05 -7.4044e-05 -7.3672e-05 -7.3321e-05 -7.2990e-05 -7.2680e-05 -7.2389e-05 -7.2118e-05 -7.1866e-05 -7.1633e-05 -7.1420e-05 -7.1225e-05 -7.1049e-05 -7.0891e-05 -7.0751e-05 -7.0630e-05 -7.0526e-05 -7.0440e-05 -7.0373e-05 -7.0323e-05 -7.0290e-05 -7.0276e-05 -7.0279e-05 -7.0299e-05 -7.0338e-05 -7.0394e-05 -7.0467e-05 -7.0559e-05 -7.0668e-05 -7.0796e-05 -7.0941e-05 -7.1105e-05 -7.1287e-05 -7.1488e-05 -7.1707e-05 -7.1945e-05 -7.2203e-05 -7.2480e-05 -7.2776e-05 -7.3092e-05 -7.3429e-05 -7.3785e-05 -7.4163e-05 -7.4562e-05 -7.4982e-05 -7.5423e-05 -7.5887e-05 -7.6374e-05 -7.6883e-05 -7.7416e-05 -7.7973e-05 -7.8554e-05 
-0000.00150 -7.8833e-05 -7.8232e-05 -7.7657e-05 -7.7106e-05 -7.6580e-05 -7.6077e-05 -7.5597e-05 -7.5139e-05 -7.4705e-05 -7.4292e-05 -7.3900e-05 -7.3530e-05 -7.3180e-05 -7.2851e-05 -7.2542e-05 -7.2253e-05 -7.1984e-05 -7.1734e-05 -7.1503e-05 -7.1291e-05 -7.1097e-05 -7.0922e-05 -7.0766e-05 -7.0627e-05 -7.0507e-05 -7.0404e-05 -7.0319e-05 -7.0252e-05 -7.0202e-05 -7.0170e-05 -7.0155e-05 -7.0158e-05 -7.0179e-05 -7.0217e-05 -7.0272e-05 -7.0345e-05 -7.0436e-05 -7.0545e-05 -7.0671e-05 -7.0816e-05 -7.0978e-05 -7.1159e-05 -7.1358e-05 -7.1576e-05 -7.1813e-05 -7.2068e-05 -7.2344e-05 -7.2638e-05 -7.2953e-05 -7.3287e-05 -7.3642e-05 -7.4018e-05 -7.4415e-05 -7.4834e-05 -7.5274e-05 -7.5737e-05 -7.6222e-05 -7.6730e-05 -7.7262e-05 -7.7818e-05 -7.8398e-05 
-0000.00200 -7.8614e-05 -7.8014e-05 -7.7439e-05 -7.6889e-05 -7.6363e-05 -7.5861e-05 -7.5383e-05 -7.4928e-05 -7.4495e-05 -7.4085e-05 -7.3696e-05 -7.3328e-05 -7.2981e-05 -7.2655e-05 -7.2349e-05 -7.2063e-05 -7.1796e-05 -7.1548e-05 -7.1320e-05 -7.1110e-05 -7.0919e-05 -7.0746e-05 -7.0591e-05 -7.0455e-05 -7.0336e-05 -7.0234e-05 -7.0151e-05 -7.0084e-05 -7.0035e-05 -7.0004e-05 -6.9989e-05 -6.9992e-05 -7.0012e-05 -7.0050e-05 -7.0104e-05 -7.0177e-05 -7.0266e-05 -7.0373e-05 -7.0498e-05 -7.0641e-05 -7.0801e-05 -7.0980e-05 -7.1177e-05 -7.1392e-05 -7.1626e-05 -7.1879e-05 -7.2152e-05 -7.2444e-05 -7.2756e-05 -7.3088e-05 -7.3440e-05 -7.3813e-05 -7.4208e-05 -7.4624e-05 -7.5063e-05 -7.5523e-05 -7.6007e-05 -7.6515e-05 -7.7046e-05 -7.7601e-05 -7.8182e-05 
# Total Vertical 2nd Order Kick [T2m2]
START
            -0000.01000 -0000.00967 -0000.00933 -0000.00900 -0000.00867 -0000.00833 -0000.00800 -0000.00767 -0000.00733 -0000.00700 -0000.00667 -0000.00633 -0000.00600 -0000.00567 -0000.00533 -0000.00500 -0000.00467 -0000.00433 -0000.00400 -0000.00367 -0000.00333 -0000.00300 -0000.00267 -0000.00233 -0000.00200 -0000.00167 -0000.00133 -0000.00100 -0000.00067 -0000.00033 +0000.00000 +0000.00033 +0000.00067 +0000.00100 +0000.00133 +0000.00167 +0000.00200 +0000.00233 +0000.00267 +0000.00300 +0000.00333 +0000.00367 +0000.00400 +0000.00433 +0000.00467 +0000.00500 +0000.00533 +0000.00567 +0000.00600 +0000.00633 +0000.00667 +0000.00700 +0000.00733 +0000.00767 +0000.00800 +0000.00833 +0000.00867 +0000.00900 +0000.00933 +0000.00967 +0000.01000 
+0000.00200 -7.8624e-05 -7.8023e-05 -7.7447e-05 -7.6897e-05 -7.6370e-05 -7.5868e-05 -7.5390e-05 -7.4934e-05 -7.4501e-05 -7.4090e-05 -7.3700e-05 -7.3332e-05 -7.2985e-05 -7.2658e-05 -7.2352e-05 -7.2065e-05 -7.1798e-05 -7.1551e-05 -7.1322e-05 -7.1112e-05 -7.0921e-05 -7.0748e-05 -7.0593e-05 -7.0456e-05 -7.0337e-05 -7.0235e-05 -7.0151e-05 -7.0085e-05 -7.0036e-05 -7.0004e-05 -6.9989e-05 -6.9992e-05 -7.0012e-05 -7.0049e-05 -7.0104e-05 -7.0176e-05 -7.0265e-05 -7.0372e-05 -7.0497e-05 -7.0639e-05 -7.0800e-05 -7.0978e-05 -7.1175e-05 -7.1390e-05 -7.1624e-05 -7.1877e-05 -7.2149e-05 -7.2441e-05 -7.2752e-05 -7.3084e-05 -7.3436e-05 -7.3809e-05 -7.4203e-05 -7.4619e-05 -7.5057e-05 -7.5517e-05 -7.6000e-05 -7.6507e-05 -7.7038e-05 -7.7593e-05 -7.8173e-05 
+0000.00150 -7.8624e-05 -7.8023e-05 -7.7447e-05 -7.6897e-05 -7.6370e-05 -7.5868e-05 -7.5390e-05 -7.4934e-05 -7.4501e-05 -7.4090e-05 -7.3700e-05 -7.3332e-05 -7.2985e-05 -7.2658e-05 -7.2352e-05 -7.2065e-05 -7.1798e-05 -7.1551e-05 -7.1322e-05 -7.1112e-05 -7.0921e-05 -7.0748e-05 -7.0593e-05 -7.0456e-05 -7.0337e-05 -7.0235e-05 -7.0151e-05 -7.0085e-05 -7.0036e-05 -7.0004e-05 -6.9989e-05 -6.9992e-05 -7.0012e-05 -7.0049e-05 -7.0104e-05 -7.0176e-05 -7.0265e-05 -7.0372e-05 -7.0497e-05 -7.0639e-05 -7.0800e-05 -7.0978e-05 -7.1175e-05 -7.1390e-05 -7.1624e-05 -7.1877e-05 -7.2149e-05 -7.2441e-05 -7.2752e-05 -7.3084e-05 -7.3436e-05 -7.3809e-05 -7.4203e-05 -7.4619e-05 -7.5057e-05 -7.5517e-05 -7.6000e-05 -7.6507e-05 -7.7038e-05 -7.7593e-05 -7.8173e-05 
+0000.00100 -7.8624e-05 -7.8023e-05 -7.7447e-05 -7.6897e-05 -7.6370e-05 -7.5868e-05 -7.5390e-05 -7.4934e-05 -7.4501e-05 -7.4090e-05 -7.3700e-05 -7.3332e-05 -7.2985e-05 -7.2658e-05 -7.2352e-05 -7.2065e-05 -7.1798e-05 -7.1551e-05 -7.1322e-05 -7.1112e-05 -7.0921e-05 -7.0748e-05 -7.0593e-05 -7.0456e-05 -7.0337e-05 -7.0235e-05 -7.0151e-05 -7.0085e-05 -7.0036e-05 -7.0004e-05 -6.9989e-05 -6.9992e-05 -7.0012e-05 -7.0049e-05 -7.0104e-05 -7.0176e-05 -7.0265e-05 -7.0372e-05 -7.0497e-05 -7.0639e-05 -7.0800e-05 -7.0978e-05 -7.1175e-05 -7.1390e-05 -7.1624e-05 -7.1877e-05 -7.2149e-05 -7.2441e-05 -7.2752e-05 -7.3084e-05 -7.3436e-05 -7.3809e-05 -7.4203e-05 -7.4619e-05 -7.5057e-05 -7.5517e-05 -7.6000e-05 -7.6507e-05 -7.7038e-05 -7.7593e-05 -7.8173e-05 
+0000.00050 -7.8624e-05 -7.8023e-05 -7.7447e-05 -7.6897e-05 -7.6370e-05 -7.5868e-05 -7.5390e-05 -7.4934e-05 -7.4501e-05 -7.4090e-05 -7.3700e-05 -7.3332e-05 -7.2985e-05 -7.2658e-05 -7.2352e-05 -7.2065e-05 -7.1798e-05 -7.1551e-05 -7.1322e-05 -7.1112e-05 -7.0921e-05 -7.0748e-05 -7.0593e-05 -7.0456e-05 -7.0337e-05 -7.0235e-05 -7.0151e-05 -7.0085e-05 -7.0036e-05 -7.0004e-05 -6.9989e-05 -6.9992e-05 -7.0012e-05 -7.0049e-05 -7.0104e-05 -7.0176e-05 -7.0265e-05 -7.0372e-05 -7.0497e-05 -7.0639e-05 -7.0800e-05 -7.0978e-05 -7.1175e-05 -7.1390e-05 -7.1624e-05 -7.1877e-05 -7.2149e-05 -7.2441e-05 -7.2752e-05 -7.3084e-05 -7.3436e-05 -7.3809e-05 -7.4203e-05 -7.4619e-05 -7.5057e-05 -7.5517e-05 -7.6000e-05 -7.6507e-05 -7.7038e-05 -7.7593e-05 -7.8173e-05 
+0000.00000 -7.8624e-05 -7.8023e-05 -7.7447e-05 -7.6897e-05 -7.6370e-05 -7.5868e-05 -7.5390e-05 -7.4934e-05 -7.4501e-05 -7.4090e-05 -7.3700e-05 -7.3332e-05 -7.2985e-05 -7.2658e-05 -7.2352e-05 -7.2065e-05 -7.1798e-05 -7.1551e-05 -7.1322e-05 -7.1112e-05 -7.0921e-05 -7.0748e-05 -7.0593e-05 -7.0456e-05 -7.0337e-05 -7.0235e-05 -7.0151e-05 -7.0085e-05 -7.0036e-05 -7.0004e-05 -6.9989e-05 -6.9992e-05 -7.0012e-05 -7.0049e-05 -7.0104e-05 -7.0176e-05 -7.0265e-05 -7.0372e-05 -7.0497e-05 -7.0639e-05 -7.0800e-05 -7.0978e-05 -7.1175e-05 -7.1390e-05 -7.1624e-05 -7.1877e-05 -7.2149e-05 -7.2441e-05 -7.2752e-05 -7.3084e-05 -7.3436e-05 -7.3809e-05 -7.4203e-05 -7.4619e-05 -7.5057e-05 -7.5517e-05 -7.6000e-05 -7.6507e-05 -7.7038e-05 -7.7593e-05 -7.8173e-05 
-0000.00050 -7.8624e-05 -7.8023e-05 -7.7447e-05 -7.6897e-05 -7.6370e-05 -7.5868e-05 -7.5390e-05 -7.4934e-05 -7.4501e-05 -7.4090e-05 -7.3700e-05 -7.3332e-05 -7.2985e-05 -7.2658e-05 -7.2352e-05 -7.2065e-05 -7.1798e-05 -7.1551e-05 -7.1322e-05 -7.1112e-05 -7.0921e-05 -7.0748e-05 -7.0593e-05 -7.0456e-05 -7.0337e-05 -7.0235e-05 -7.0151e-05 -7.0085e-05 -7.0036e-05 -7.0004e-05 -6.9989e-05 -6.9992e-05 -7.0012e-05 -7.0049e-05 -7.0104e-05 -7.0176e-05 -7.0265e-05 -7.0372e-05 -7.0497e-05 -7.0639e-05 -7.0800e-05 -7.0978e-05 -7.1175e-05 -7.1390e-05 -7.1624e-05 -7.1877e-05 -7.2149e-05 -7.2441e-05 -7.2752e-05 -7.3084e-05 -7.3436e-05 -7.3809e-05 -7.4203e-05 -7.4619e-05 -7.5057e-05 -7.5517e-05 -7.6000e-05 -7.6507e-05 -7.7038e-05 -7.7593e-05 -7.8173e-05 
-0000.00100 -7.8624e-05 -7.8023e-05 -7.7447e-05 -7.6897e-05 -7.6370e-05 -7.5868e-05 -7.5390e-05 -7.4934e-05 -7.4501e-05 -7.4090e-05 -7.3700e-05 -7.3332e-05 -7.2985e-05 -7.2658e-05 -7.2352e-05 -7.2065e-05 -7.1798e-05 -7.1551e-05 -7.1322e-05 -7.1112e-05 -7.0921e-05 -7.0748e-05 -7.0593e-05 -7.0456e-05 -7.0337e-05 -7.0235e-05 -7.0151e-05 -7.0085e-05 -7.0036e-05 -7.0004e-05 -6.9989e-05 -6.9992e-05 -7.0012e-05 -7.0049e-05 -7.0104e-05 -7.0176e-05 -7.0265e-05 -7.0372e-05 -7.0497e-05 -7.0639e-05 -7.0800e-05 -7.0978e-05 -7.1175e-05 -7.1390e-05 -7.1624e-05 -7.1877e-05 -7.2149e-05 -7.2441e-05 -7.2752e-05 -7.3084e-05 -7.3436e-05 -7.3809e-05 -7.4203e-05 -7.4619e-05 -7.5057e-05 -7.5517e-05 -7.6000e-05 -7.6507e-05 -7.7038e-05 -7.7593e-05 -7.8173e-05 
-0000.00150 -7.8624e-05 -7.8023e-05 -7.7447e-05 -7.6897e-05 -7.6370e-05 -7.5868e-05 -7.5390e-05 -7.4934e-05 -7.4501e-05 -7.4090e-05 -7.3700e-05 -7.3332e-05 -7.2985e-05 -7.2658e-05 -7.2352e-05 -7.2065e-05 -7.1798e-05 -7.1551e-05 -7.1322e-05 -7.1112e-05 -7.0921e-05 -7.0748e-05 -7.0593e-05 -7.0456e-05 -7.0337e-05 -7.0235e-05 -7.0151e-05 -7.0085e-05 -7.0036e-05 -7.0004e-05 -6.9989e-05 -6.9992e-05 -7.0012e-05 -7.0049e-05 -7.0104e-05 -7.0176e-05 -7.0265e-05 -7.0372e-05 -7.0497e-05 -7.0639e-05 -7.0800e-05 -7.0978e-05 -7.1175e-05 -7.1390e-05 -7.1624e-05 -7.1877e-05 -7.2149e-05 -7.2441e-05 -7.2752e-05 -7.3084e-05 -7.3436e-05 -7.3809e-05 -7.4203e-05 -7.4619e-05 -7.5057e-05 -7.5517e-05 -7.6000e-05 -7.6507e-05 -7.7038e-05 -7.7593e-05 -7.8173e-05 
-0000.00200 -7.8624e-05 -7.8023e-05 -7.7447e-05 -7.6897e-05 -7.6370e-05 -7.5868e-05 -7.5390e-05 -7.4934e-05 -7.4501e-05 -7.4090e-05 -7.3700e-05 -7.3332e-05 -7.2985e-05 -7.2658e-05 -7.2352e-05 -7.2065e-05 -7.1798e-05 -7.1551e-05 -7.1322e-05 -7.1112e-05 -7.0921e-05 -7.0748e-05 -7.0593e-05 -7.0456e-05 -7.0337e-05 -7.0235e-05 -7.0151e-05 -7.0085e-05 -7.0036e-05 -7.0004e-05 -6.9989e-05 -6.9992e-05 -7.0012e-05 -7.0049e-05 -7.0104e-05 -7.0176e-05 -7.0265e-05 -7.0372e-05 -7.0497e-05 -7.0639e-05 -7.0800e-05 -7.0978e-05 -7.1175e-05 -7.1390e-05 -7.1624e-05 -7.1877e-05 -7.2149e-05 -7.2441e-05 -7.2752e-05 -7.3084e-05 -7.3436e-05 -7.3809e-05 -7.4203e-05 -7.4619e-05 -7.5057e-05 -7.5517e-05 -7.6000e-05 -7.6507e-05 -7.7038e-05 -7.7593e-05 -7.8173e-05 
# Horizontal Final Position [m]
START
            -0000.01000 -0000.00967 -0000.00933 -0000.00900 -0000.00867 -0000.00833 -0000.00800 -0000.00767 -0000.00733 -0000.00700 -0000.00667 -0000.00633 -0000.00600 -0000.00567 -0000.00533 -0000.00500 -0000.00467 -0000.00433 -0000.00400 -0000.00367 -0000.00333 -0000.00300 -0000.00267 -0000.00233 -0000.00200 -0000.00167 -0000.00133 -0000.00100 -0000.00067 -0000.00033 +0000.00000 +0000.00033 +0000.00067 +0000.00100 +0000.00133 +0000.00167 +0000.00200 +0000.00233 +0000.00267 +0000.00300 +0000.00333 +0000.00367 +0000.00400 +0000.00433 +0000.00467 +0000.00500 +0000.00533 +0000.00567 +0000.00600 +0000.00633 +0000.00667 +0000.00700 +0000.00733 +0000.00767 +0000.00800 +0000.00833 +0000.00867 +0000.00900 +0000.00933 +0000.00967 +0000.01000 
+0000.00200 -1.0003e-02 -9.6695e-03 -9.3361e-03 -9.0028e-03 -8.6694e-03 -8.3361e-03 -8.0028e-03 -7.6694e-03 -7.3361e-03 -7.0027e-03 -6.6694e-03 -6.3361e-03 -6.0028e-03 -5.6694e-03 -5.3361e-03 -5.0028e-03 -4.6694e-03 -4.3361e-03 -4.0028e-03 -3.6695e-03 -3.3361e-03 -3.0028e-03 -2.6695e-03 -2.3361e-03 -2.0028e-03 -1.6695e-03 -1.3362e-03 -1.0028e-03 -6.6950e-04 -3.3616e-04 -2.8310e-06 +3.3050e-04 +6.6384e-04 +9.9717e-04 +1.3305e-03 +1.6638e-03 +1.9972e-03 +2.3305e-03 +2.6639e-03 +2.9972e-03 +3.3305e-03 +3.6639e-03 +3.9972e-03 +4.3306e-03 +4.6639e-03 +4.9972e-03 +5.3306e-03 +5.6639e-03 +5.9973e-03 +6.3306e-03 +6.6639e-03 +6.9973e-03 +7.3306e-03 +7.6639e-03 +7.9973e-03 +8.3306e-03 +8.6639e-03 +8.9973e-03 +9.3306e-03 +9.6639e-03 +9.9972e-03 
+0000.00150 -1.0003e-02 -9.6695e-03 -9.3361e-03 -9.0028e-03 -8.6694e-03 -8.3361e-03 -8.0028e-03 -7.6694e-03 -7.3361e-03 -7.0027e-03 -6.6694e-03 -6.3361e-03 -6.0028e-03 -5.6694e-03 -5.3361e-03 -5.0028e-03 -4.6694e-03 -4.3361e-03 -4.0028e-03 -3.6695e-03 -3.3361e-03 -3.0028e-03 -2.6695e-03 -2.3361e-03 -2.0028e-03 -1.6695e-03 -1.3362e-03 -1.0028e-03 -6.6950e-04 -3.3617e-04 -2.8328e-06 +3.3050e-04 +6.6384e-04 +9.9717e-04 +1.3305e-03 +1.6638e-03 +1.9972e-03 +2.3305e-03 +2.6639e-03 +2.9972e-03 +3.3305e-03 +3.6639e-03 +3.9972e-03 +4.3306e-03 +4.6639e-03 +4.9972e-03 +5.3306e-03 +5.6639e-03 +5.9973e-03 +6.3306e-03 +6.6639e-03 +6.9973e-03 +7.3306e-03 +7.6639e-03 +7.9973e-03 +8.3306e-03 +8.6639e-03 +8.9973e-03 +9.3306e-03 +9.6639e-03 +9.9972e-03 
+0000.00100 -1.0003e-02 -9.6695e-03 -9.3362e-03 -9.0028e-03 -8.6695e-03 -8.3361e-03 -8.0028e-03 -7.6694e-03 -7.3361e-03 -7.0028e-03 -6.6694e-03 -6.3361e-03 -6.0028e-03 -5.6694e-03 -5.3361e-03 -5.0028e-03 -4.6695e-03 -4.3361e-03 -4.0028e-03 -3.6695e-03 -3.3361e-03 -3.0028e-03 -2.6695e-03 -2.3362e-03 -2.0028e-03 -1.6695e-03 -1.3362e-03 -1.0028e-03 -6.6950e-04 -3.3617e-04 -2.8322e-06 +3.3050e-04 +6.6384e-04 +9.9717e-04 +1.3305e-03 +1.6638e-03 +1.9972e-03 +2.3305e-03 +2.6639e-03 +2.9972e-03 +3.3305e-03 +3.6639e-03 +3.9972e-03 +4.3306e-03 +4.6639e-03 +4.9972e-03 +5.3306e-03 +5.6639e-03 +5.9973e-03 +6.3306e-03 +6.6639e-03 +6.9973e-03 +7.3306e-03 +7.6639e-03 +7.9973e-03 +8.3306e-03 +8.6639e-03 +8.9972e-03 +9.3306e-03 +9.6639e-03 +9.9972e-03 
+0000.00050 -1.0003e-02 -9.6695e-03 -9.3362e-03 -9.0028e-03 -8.6695e-03 -8.3361e-03 -8.0028e-03 -7.6694e-03 -7.3361e-03 -7.0028e-03 -6.6694e-03 -6.3361e-03 -6.0028e-03 -5.6694e-03 -5.3361e-03 -5.0028e-03 -4.6695e-03 -4.3361e-03 -4.0028e-03 -3.6695e-03 -3.3361e-03 -3.0028e-03 -2.6695e-03 -2.3362e-03 -2.0028e-03 -1.6695e-03 -1.3362e-03 -1.0028e-03 -6.6950e-04 -3.3616e-04 -2.8315e-06 +3.3050e-04 +6.6384e-04 +9.9717e-04 +1.3305e-03 +1.6638e-03 +1.9972e-03 +2.3305e-03 +2.6639e-03 +2.9972e-03 +3.3305e-03 +3.6639e-03 +3.9972e-03 +4.3306e-03 +4.6639e-03 +4.9972e-03 +5.3306e-03 +5.6639e-03 +5.9973e-03 +6.3306e-03 +6.6639e-03 +6.9973e-03 +7.3306e-03 +7.6639e-03 +7.9973e-03 +8.3306e-03 +8.6639e-03 +8.9972e-03 +9.3306e-03 +9.6639e-03 +9.9972e-03 
+0000.00000 -1.0003e-02 -9.6695e-03 -9.3362e-03 -9.0028e-03 -8.6695e-03 -8.3361e-03 -8.0028e-03 -7.6694e-03 -7.3361e-03 -7.0028e-03 -6.6694e-03 -6.3361e-03 -6.0028e-03 -5.6694e-03 -5.3361e-03 -5.0028e-03 -4.6695e-03 -4.3361e-03 -4.0028e-03 -3.6695e-03 -3.3361e-03 -3.0028e-03 -2.6695e-03 -2.3362e-03 -2.0028e-03 -1.6695e-03 -1.3362e-03 -1.0028e-03 -6.6950e-04 -3.3616e-04 -2.8315e-06 +3.3050e-04 +6.6384e-04 +9.9717e-04 +1.3305e-03 +1.6638e-03 +1.9972e-03 +2.3305e-03 +2.6639e-03 +2.9972e-03 +3.3305e-03 +3.6639e-03 +3.9972e-03 +4.3306e-03 +4.6639e-03 +4.9972e-03 +5.3306e-03 +5.6639e-03 +5.9973e-03 +6.3306e-03 +6.6639e-03 +6.9973e-03 +7.3306e-03 +7.6639e-03 +7.9973e-03 +8.3306e-03 +8.6639e-03 +8.9972e-03 +9.3306e-03 +9.6639e-03 +9.9972e-03 
-0000.00050 -1.0003e-02 -9.6695e-03 -9.3362e-03 -9.0028e-03 -8.6695e-03 -8.3361e-03 -8.0028e-03 -7.6694e-03 -7.3361e-03 -7.0028e-03 -6.6694e-03 -6.3361e-03 -6.0028e-03 -5.6694e-03 -5.3361e-03 -5.0028e-03 -4.6695e-03 -4.3361e-03 -4.0028e-03 -3.6695e-03 -3.3361e-03 -3.0028e-03 -2.6695e-03 -2.3362e-03 -2.0028e-03 -1.6695e-03 -1.3362e-03 -1.0028e-03 -6.6950e-04 -3.3616e-04 -2.8315e-06 +3.3050e-04 +6.6384e-04 +9.9717e-04 +1.3305e-03 +1.6638e-03 +1.9972e-03 +2.3305e-03 +2.6639e-03 +2.9972e-03 +3.3305e-03 +3.6639e-03 +3.9972e-03 +4.3306e-03 +4.6639e-03 +4.9972e-03 +5.3306e-03 +5.6639e-03 +5.9973e-03 +6.3306e-03 +6.6639e-03 +6.9973e-03 +7.3306e-03 +7.6639e-03 +7.9973e-03 +8.3306e-03 +8.6639e-03 +8.9972e-03 +9.3306e-03 +9.6639e-03 +9.9972e-03 
-0000.00100 -1.0003e-02 -9.6695e-03 -9.3362e-03 -9.0028e-03 -8.6695e-03 -8.3361e-03 -8.0028e-03 -7.6694e-03 -7.3361e-03 -7.0028e-03 -6.6694e-03 -6.3361e-03 -6.0028e-03 -5.6694e-03 -5.3361e-03 -5.0028e-03 -4.6695e-03 -4.3361e-03 -4.0028e-03 -3.6695e-03 -3.3361e-03 -3.0028e-03 -2.6695e-03 -2.3362e-03 -2.0028e-03 -1.6695e-03 -1.3362e-03 -1.0028e-03 -6.6950e-04 -3.3617e-04 -2.8322e-06 +3.3050e-04 +6.6384e-04 +9.9717e-04 +1.3305e-03 +1.6638e-03 +1.9972e-03 +2.3305e-03 +2.6639e-03 +2.9972e-03 +3.3305e-03 +3.6639e-03 +3.9972e-03 +4.3306e-03 +4.6639e-03 +4.9972e-03 +5.3306e-03 +5.6639e-03 +5.9973e-03 +6.3306e-03 +6.6639e-03 +6.9973e-03 +7.3306e-03 +7.6639e-03 +7.9973e-03 +8.3306e-03 +8.6639e-03 +8.9972e-03 +9.3306e-03 +9.6639e-03 +9.9972e-03 
-0000.00150 -1.0003e-02 -9.6695e-03 -9.3361e-03 -9.0028e-03 -8.6694e-03 -8.3361e-03 -8.0028e-03 -7.6694e-03 -7.3361e-03 -7.0027e-03 -6.6694e-03 -6.3361e-03 -6.0028e-03 -5.6694e-03 -5.3361e-03 -5.0028e-03 -4.6694e-03 -4.3361e-03 -4.0028e-03 -3.6695e-03 -3.3361e-03 -3.0028e-03 -2.6695e-03 -2.3361e-03 -2.0028e-03 -1.6695e-03 -1.3362e-03 -1.0028e-03 -6.6950e-04 -3.3617e-04 -2.8328e-06 +3.3050e-04 +6.6384e-04 +9.9717e-04 +1.3305e-03 +1.6638e-03 +1.9972e-03 +2.3305e-03 +2.6639e-03 +2.9972e-03 +3.3305e-03 +3.6639e-03 +3.9972e-03 +4.3306e-03 +4.6639e-03 +4.9972e-03 +5.3306e-03 +5.6639e-03 +5.9973e-03 +6.3306e-03 +6.6639e-03 +6.9973e-03 +7.3306e-03 +7.6639e-03 +7.9973e-03 +8.3306e-03 +8.6639e-03 +8.9973e-03 +9.3306e-03 +9.6639e-03 +9.9972e-03 
-0000.00200 -1.0003e-02 -9.6695e-03 -9.3361e-03 -9.0028e-03 -8.6694e-03 -8.3361e-03 -8.0028e-03 -7.6694e-03 -7.3361e-03 -7.0027e-03 -6.6694e-03 -6.3361e-03 -6.0028e-03 -5.6694e-03 -5.3361e-03 -5.0028e-03 -4.6694e-03 -4.3361e-03 -4.0028e-03 -3.6695e-03 -3.3361e-03 -3.0028e-03 -2.6695e-03 -2.3361e-03 -2.0028e-03 -1.6695e-03 -1.3362e-03 -1.0028e-03 -6.6950e-04 -3.3616e-04 -2.8310e-06 +3.3050e-04 +6.6384e-04 +9.9717e-04 +1.3305e-03 +1.6638e-03 +1.9972e-03 +2.3305e-03 +2.6639e-03 +2.9972e-03 +3.3305e-03 +3.6639e-03 +3.9972e-03 +4.3306e-03 +4.6639e-03 +4.9972e-03 +5.3306e-03 +5.6639e-03 +5.9973e-03 +6.3306e-03 +6.6639e-03 +6.9973e-03 +7.3306e-03 +7.6639e-03 +7.9973e-03 +8.3306e-03 +8.6639e-03 +8.9973e-03 +9.3306e-03 +9.6639e-03 +9.9972e-03 
# Vertical Final Position [m]
START
            -0000.01000 -0000.00967 -0000.00933 -0000.00900 -0000.00867 -0000.00833 -0000.00800 -0000.00767 -0000.00733 -0000.00700 -0000.00667 -0000.00633 -0000.00600 -0000.00567 -0000.00533 -0000.00500 -0000.00467 -0000.00433 -0000.00400 -0000.00367 -0000.00333 -0000.00300 -0000.00267 -0000.00233 -0000.00200 -0000.00167 -0000.00133 -0000.00100 -0000.00067 -0000.00033 +0000.00000 +0000.00033 +0000.00067 +0000.00100 +0000.00133 +0000.00167 +0000.00200 +0000.00233 +0000.00267 +0000.00300 +0000.00333 +0000.00367 +0000.00400 +0000.00433 +0000.00467 +0000.00500 +0000.00533 +0000.00567 +0000.00600 +0000.00633 +0000.00667 +0000.00700 +0000.00733 +0000.00767 +0000.00800 +0000.00833 +0000.00867 +0000.00900 +0000.00933 +0000.00967 +0000.01000 
+0000.00200 +2.0000e-03 +2.0000e-03 +2.0000e-03 +2.0000e-03 +2.0000e-03 +2.0000e-03 +2.0000e-03 +2.0000e-03 +2.0000e-03 +2.0000e-03 +2.0000e-03 +2.0000e-03 +2.0000e-03 +2.0000e-03 +2.0000e-03 +2.0000e-03 +2.0000e-03 +2.0000e-03 +2.0000e-03 +2.0000e-03 +2.0000e-03 +2.0000e-03 +2.0000e-03 +2.0000e-03 +1.9999e-03 +1.9999e-03 +1.9999e-03 +1.9999e-03 +1.9999e-03 +1.9999e-03 +1.9999e-03 +1.9999e-03 +1.9999e-03 +1.9999e-03 +1.9999e-03 +1.9999e-03 +1.9999e-03 +1.9999e-03 +1.9999e-03 +1.9999e-03 +1.9999e-03 +1.9999e-03 +1.9999e-03 +1.9999e-03 +1.9999e-03 +1.9999e-03 +1.9999e-03 +1.9999e-03 +1.9999e-03 +1.9999e-03 +1.9999e-03 +1.9999e-03 +1.9999e-03 +1.9999e-03 +1.9999e-03 +1.9999e-03 +1.9999e-03 +1.9999e-03 +1.9999e-03 +1.9999e-03 +1.9999e-03 
+0000.00150 +1.5000e-03 +1.5000e-03 +1.5000e-03 +1.5000e-03 +1.5000e-03 +1.5000e-03 +1.5000e-03 +1.5000e-03 +1.5000e-03 +1.5000e-03 +1.5000e-03 +1.5000e-03 +1.5000e-03 +1.5000e-03 +1.5000e-03 +1.5000e-03 +1.5000e-03 +1.5000e-03 +1.5000e-03 +1.5000e-03 +1.5000e-03 +1.5000e-03 +1.5000e-03 +1.5000e-03 +1.5000e-03 +1.5000e-03 +1.5000e-03 +1.5000e-03 +1.5000e-03 +1.5000e-03 +1.5000e-03 +1.5000e-03 +1.5000e-03 +1.5000e-03 +1.5000e-03 +1.5000e-03 +1.5000e-03 +1.5000e-03 +1.5000e-03 +1.4999e-03 +1.4999e-03 +1.4999e-03 +1.4999e-03 +1.4999e-03 +1.4999e-03 +1.4999e-03 +1.4999e-03 +1.4999e-03 +1.4999e-03 +1.4999e-03 +1.4999e-03 +1.4999e-03 +1.4999e-03 +1.4999e-03 +1.4999e-03 +1.4999e-03 +1.4999e-03 +1.4999e-03 +1.4999e-03 +1.4999e-03 +1.4999e-03 
+0000.00100 +1.0000e-03 +1.0000e-03 +1.0000e-03 +1.0000e-03 +1.0000e-03 +1.0000e-03 +1.0000e-03 +1.0000e-03 +1.0000e-03 +1.0000e-03 +1.0000e-03 +1.0000e-03 +1.0000e-03 +9.9999e-04 +9.9999e-04 +9.9999e-04 +9.9999e-04 +9.9999e-04 +9.9999e-04 +9.9999e-04 +9.9999e-04 +9.9999e-04 +9.9999e-04 +9.9998e-04 +9.9998e-04 +9.9998e-04 +9.9998e-04 +9.9998e-04 +9.9998e-04 +9.9998e-04 +9.9998e-04 +9.9997e-04 +9.9997e-04 +9.9997e-04 +9.9997e-04 +9.9997e-04 +9.9997e-04 +9.9997e-04 +9.9997e-04 +9.9997e-04 +9.9996e-04 +9.9996e-04 +9.9996e-04 +9.9996e-04 +9.9996e-04 +9.9996e-04 +9.9996e-04 +9.9996e-04 +9.9995e-04 +9.9995e-04 +9.9995e-04 +9.9995e-04 +9.9995e-04 +9.9995e-04 +9.9995e-04 +9.9995e-04 +9.9994e-04 +9.9994e-04 +9.9994e-04 +9.9994e-04 +9.9994e-04 
+0000.00050 +5.0001e-04 +5.0001e-04 +5.0001e-04 +5.0001e-04 +5.0000e-04 +5.0000e-04 +5.0000e-04 +5.0000e-04 +5.0000e-04 +5.0000e-04 +5.0000e-04 +5.0000e-04 +5.0000e-04 +5.0000e-04 +5.0000e-04 +5.0000e-04 +5.0000e-04 +5.0000e-04 +4.9999e-04 +4.9999e-04 +4.9999e-04 +4.9999e-04 +4.9999e-04 +4.9999e-04 +4.9999e-04 +4.9999e-04 +4.9999e-04 +4.9999e-04 +4.9999e-04 +4.9999e-04 +4.9999e-04 +4.9999e-04 +4.9999e-04 +4.9999e-04 +4.9999e-04 +4.9999e-04 +4.9999e-04 +4.9998e-04 +4.9998e-04 +4.9998e-04 +4.9998e-04 +4.9998e-04 +4.9998e-04 +4.9998e-04 +4.9998e-04 +4.9998e-04 +4.9998e-04 +4.9998e-04 +4.9998e-04 +4.9998e-04 +4.9998e-04 +4.9998e-04 +4.9998e-04 +4.9998e-04 +4.9997e-04 +4.9997e-04 +4.9997e-04 +4.9997e-04 +4.9997e-04 +4.9997e-04 +4.9997e-04 
+0000.00000 -2.9393e-11 -3.0713e-11 -3.1960e-11 -3.3138e-11 -3.4248e-11 -3.5294e-11 -3.6279e-11 -3.7204e-11 -3.8073e-11 -3.8887e-11 -3.9649e-11 -4.0361e-11 -4.1025e-11 -4.1643e-11 -4.2217e-11 -4.2748e-11 -4.3238e-11 -4.3688e-11 -4.4100e-11 -4.4475e-11 -4.4815e-11 -4.5120e-11 -4.5391e-11 -4.5630e-11 -4.5836e-11 -4.6011e-11 -4.6155e-11 -4.6269e-11 -4.6353e-11 -4.6407e-11 -4.6431e-11 -4.6426e-11 -4.6391e-11 -4.6327e-11 -4.6232e-11 -4.6106e-11 -4.5950e-11 -4.5762e-11 -4.5542e-11 -4.5289e-11 -4.5002e-11 -4.4680e-11 -4.4321e-11 -4.3926e-11 -4.3492e-11 -4.3018e-11 -4.2502e-11 -4.1943e-11 -4.1339e-11 -4.0689e-11 -3.9990e-11 -3.9240e-11 -3.8437e-11 -3.7579e-11 -3.6664e-11 -3.5689e-11 -3.4651e-11 -3.3548e-11 -3.2378e-11 -3.1136e-11 -2.9821e-11 
-0000.00050 -5.0001e-04 -5.0001e-04 -5.0001e-04 -5.0001e-04 -5.0000e-04 -5.0000e-04 -5.0000e-04 -5.0000e-04 -5.0000e-04 -5.0000e-04 -5.0000e-04 -5.0000e-04 -5.0000e-04 -5.0000e-04 -5.0000e-04 -5.0000e-04 -5.0000e-04 -5.0000e-04 -4.9999e-04 -4.9999e-04 -4.9999e-04 -4.9999e-04 -4.9999e-04 -4.9999e-04 -4.9999e-04 -4.9999e-04 -4.9999e-04 -4.9999e-04 -4.9999e-04 -4.9999e-04 -4.9999e-04 -4.9999e-04 -4.9999e-04 -4.9999e-04 -4.9999e-04 -4.9999e-04 -4.9999e-04 -4.9998e-04 -4.9998e-04 -4.9998e-04 -4.9998e-04 -4.9998e-04 -4.9998e-04 -4.9998e-04 -4.9998e-04 -4.9998e-04 -4.9998e-04 -4.9998e-04 -4.9998e-04 -4.9998e-04 -4.9998e-04 -4.9998e-04 -4.9998e-04 -4.9998e-04 -4.9997e-04 -4.9997e-04 -4.9997e-04 -4.9997e-04 -4.9997e-04 -4.9997e-04 -4.9997e-04 
-0000.00100 -1.0000e-03 -1.0000e-03 -1.0000e-03 -1.0000e-03 -1.0000e-03 -1.0000e-03 -1.0000e-03 -1.0000e-03 -1.0000e-03 -1.0000e-03 -1.0000e-03 -1.0000e-03 -1.0000e-03 -9.9999e-04 -9.9999e-04 -9.9999e-04 -9.9999e-04 -9.9999e-04 -9.9999e-04 -9.9999e-04 -9.9999e-04 -9.9999e-04 -9.9999e-04 -9.9998e-04 -9.9998e-04 -9.9998e-04 -9.9998e-04 -9.9998e-04 -9.9998e-04 -9.9998e-04 -9.9998e-04 -9.9997e-04 -9.9997e-04 -9.9997e-04 -9.9997e-04 -9.9997e-04 -9.9997e-04 -9.9997e-04 -9.9997e-04 -9.9997e-04 -9.9996e-04 -9.9996e-04 -9.9996e-04 -9.9996e-04 -9.9996e-04 -9.9996e-04 -9.9996e-04 -9.9996e-04 -9.9995e-04 -9.9995e-04 -9.9995e-04 -9.9995e-04 -9.9995e-04 -9.9995e-04 -9.9995e-04 -9.9995e-04 -9.9994e-04 -9.9994e-04 -9.9994e-04 -9.9994e-04 -9.9994e-04 
-0000.00150 -1.5000e-03 -1.5000e-03 -1.5000e-03 -1.5000e-03 -1.5000e-03 -1.5000e-03 -1.5000e-03 -1.5000e-03 -1.5000e-03 -1.5000e-03 -1.5000e-03 -1.5000e-03 -1.5000e-03 -1.5000e-03 -1.5000e-03 -1.5000e-03 -1.5000e-03 -1.5000e-03 -1.5000e-03 -1.5000e-03 -1.5000e-03 -1.5000e-03 -1.5000e-03 -1.5000e-03 -1.5000e-03 -1.5000e-03 -1.5000e-03 -1.5000e-03 -1.5000e-03 -1.5000e-03 -1.5000e-03 -1.5000e-03 -1.5000e-03 -1.5000e-03 -1.5000e-03 -1.5000e-03 -1.5000e-03 -1.5000e-03 -1.5000e-03 -1.4999e-03 -1.4999e-03 -1.4999e-03 -1.4999e-03 -1.4999e-03 -1.4999e-03 -1.4999e-03 -1.4999e-03 -1.4999e-03 -1.4999e-03 -1.4999e-03 -1.4999e-03 -1.4999e-03 -1.4999e-03 -1.4999e-03 -1.4999e-03 -1.4999e-03 -1.4999e-03 -1.4999e-03 -1.4999e-03 -1.4999e-03 -1.4999e-03 
-0000.00200 -2.0000e-03 -2.0000e-03 -2.0000e-03 -2.0000e-03 -2.0000e-03 -2.0000e-03 -2.0000e-03 -2.0000e-03 -2.0000e-03 -2.0000e-03 -2.0000e-03 -2.0000e-03 -2.0000e-03 -2.0000e-03 -2.0000e-03 -2.0000e-03 -2.0000e-03 -2.0000e-03 -2.0000e-03 -2.0000e-03 -2.0000e-03 -2.0000e-03 -2.0000e-03 -2.0000e-03 -1.9999e-03 -1.9999e-03 -1.9999e-03 -1.9999e-03 -1.9999e-03 -1.9999e-03 -1.9999e-03 -1.9999e-03 -1.9999e-03 -1.9999e-03 -1.9999e-03 -1.9999e-03 -1.9999e-03 -1.9999e-03 -1.9999e-03 -1.9999e-03 -1.9999e-03 -1.9999e-03 -1.9999e-03 -1.9999e-03 -1.9999e-03 -1.9999e-03 -1.9999e-03 -1.9999e-03 -1.9999e-03 -1.9999e-03 -1.9999e-03 -1.9999e-03 -1.9999e-03 -1.9999e-03 -1.9999e-03 -1.9999e-03 -1.9999e-03 -1.9999e-03 -1.9999e-03 -1.9999e-03 -1.9999e-03 