# Author: FAC idanalysis.IDKickMap
# Termination_kicks [T2m2]: +0.0000e+00 +0.0000e+00 +0.0000e+00 +0.0000e+00 
# Total Length of Longitudinal Interval [m]
0.13
# Number of Horizontal Points
61
# Number of Vertical Points
9
# Total Horizontal 2nd Order Kick [T2m2]
START
            -0000.01000 -0000.00967 -0000.00933 -0000.00900 -0000.00867 -0000.00833 -0000.00800 -0000.00767 -0000.00733 -0000.00700 -0000.00667 -0000.00633 -0000.00600 -0000.00567 -0000.00533 -0000.00500 -0000.00467 -0000.00433 -0000.00400 -0000.00367 -0000.00333 -0000.00300 -0000.00267 -0000.00233 -0000.00200 -0000.00167 -0000.00133 -0000.00100 -0000.00067 -0000.00033 +0000.00000 +0000.00033 +0000.00067 +0000.00100 +0000.00133 +0000.00167 +0000.00200 +0000.00233 +0000.00267 +0000.00300 +0000.00333 +0000.00367 +0000.00400 +0000.00433 +0000.00467 +0000.00500 +0000.00533 +0000.00567 +0000.00600 +0000.00633 +0000.00667 +0000.00700 +0000.00733 +0000.00767 +0000.00800 +0000.00833 +0000.00867 +0000.00900 +0000.00933 +0000.00967 +0000.01000 
+0000.00200 -6.4971e-05 -6.4040e-05 -6.3129e-05 -6.2239e-05 -6.1372e-05 -6.0528e-05 -5.9709e-05 -5.8915e-05 -5.8147e-05 -5.7407e-05 -5.6695e-05 -5.6011e-05 -5.5358e-05 -5.4735e-05 -5.4143e-05 -5.3583e-05 -5.3056e-05 -5.2562e-05 -5.2101e-05 -5.1675e-05 -5.1283e-05 -5.0926e-05 -5.0604e-05 -5.0318e-05 -5.0069e-05 -4.9855e-05 -4.9679e-05 -4.9539e-05 -4.9436e-05 -4.9370e-05 -4.9341e-05 -4.9349e-05 -4.9394e-05 -4.9477e-05 -4.9597e-05 -4.9753e-05 -4.9946e-05 -5.0176e-05 -5.0442e-05 -5.0744e-05 -5.1082e-05 -5.1456e-05 -5.1864e-05 -5.2307e-05 -5.2784e-05 -5.3294e-05 -5.3838e-05 -5.4413e-05 -5.5021e-05 -5.5660e-05 -5.6329e-05 -5.7028e-05 -5.7756e-05 -5.8512e-05 -5.9295e-05 -6.0104e-05 -6.0939e-05 -6.1798e-05 -6.2680e-05 -6.3585e-05 -6.4511e-05 
+0000.00150 -6.5103e-05 -6.4194e-05 -6.3303e-05 -6.2432e-05 -6.1581e-05 -6.0753e-05 -5.9947e-05 -5.9165e-05 -5.8409e-05 -5.7678e-05 -5.6975e-05 -5.6300e-05 -5.5653e-05 -5.5036e-05 -5.4450e-05 -5.3895e-05 -5.3371e-05 -5.2880e-05 -5.2423e-05 -5.1999e-05 -5.1609e-05 -5.1254e-05 -5.0934e-05 -5.0649e-05 -5.0401e-05 -5.0188e-05 -5.0012e-05 -4.9873e-05 -4.9770e-05 -4.9704e-05 -4.9675e-05 -4.9684e-05 -4.9729e-05 -4.9811e-05 -4.9930e-05 -5.0086e-05 -5.0279e-05 -5.0508e-05 -5.0773e-05 -5.1074e-05 -5.1410e-05 -5.1781e-05 -5.2187e-05 -5.2627e-05 -5.3101e-05 -5.3608e-05 -5.4147e-05 -5.4718e-05 -5.5320e-05 -5.5953e-05 -5.6614e-05 -5.7305e-05 -5.8024e-05 -5.8769e-05 -5.9541e-05 -6.0337e-05 -6.1157e-05 -6.2001e-05 -6.2866e-05 -6.3751e-05 -6.4656e-05 
+0000.00100 -6.5193e-05 -6.4300e-05 -6.3424e-05 -6.2566e-05 -6.1728e-05 -6.0910e-05 -6.0114e-05 -5.9342e-05 -5.8593e-05 -5.7870e-05 -5.7173e-05 -5.6504e-05 -5.5862e-05 -5.5250e-05 -5.4668e-05 -5.4116e-05 -5.3596e-05 -5.3107e-05 -5.2652e-05 -5.2230e-05 -5.1842e-05 -5.1488e-05 -5.1169e-05 -5.0886e-05 -5.0638e-05 -5.0426e-05 -5.0251e-05 -5.0111e-05 -5.0009e-05 -4.9943e-05 -4.9915e-05 -4.9923e-05 -4.9968e-05 -5.0050e-05 -5.0169e-05 -5.0325e-05 -5.0517e-05 -5.0745e-05 -5.1009e-05 -5.1309e-05 -5.1644e-05 -5.2014e-05 -5.2418e-05 -5.2856e-05 -5.3327e-05 -5.3831e-05 -5.4367e-05 -5.4935e-05 -5.5532e-05 -5.6160e-05 -5.6817e-05 -5.7501e-05 -5.8213e-05 -5.8951e-05 -5.9714e-05 -6.0501e-05 -6.1311e-05 -6.2143e-05 -6.2995e-05 -6.3867e-05 -6.4757e-05 
+0000.00050 -6.5246e-05 -6.4363e-05 -6.3496e-05 -6.2646e-05 -6.1815e-05 -6.1004e-05 -6.0214e-05 -5.9447e-05 -5.8703e-05 -5.7984e-05 -5.7291e-05 -5.6625e-05 -5.5987e-05 -5.5377e-05 -5.4797e-05 -5.4248e-05 -5.3729e-05 -5.3243e-05 -5.2789e-05 -5.2368e-05 -5.1981e-05 -5.1628e-05 -5.1310e-05 -5.1027e-05 -5.0780e-05 -5.0568e-05 -5.0393e-05 -5.0254e-05 -5.0152e-05 -5.0086e-05 -5.0058e-05 -5.0066e-05 -5.0111e-05 -5.0193e-05 -5.0312e-05 -5.0467e-05 -5.0659e-05 -5.0887e-05 -5.1151e-05 -5.1450e-05 -5.1784e-05 -5.2153e-05 -5.2556e-05 -5.2993e-05 -5.3463e-05 -5.3965e-05 -5.4499e-05 -5.5064e-05 -5.5660e-05 -5.6285e-05 -5.6938e-05 -5.7619e-05 -5.8327e-05 -5.9060e-05 -5.9818e-05 -6.0599e-05 -6.1403e-05 -6.2228e-05 -6.3072e-05 -6.3936e-05 -6.4816e-05 
+0000.00000 -6.5263e-05 -6.4383e-05 -6.3519e-05 -6.2672e-05 -6.1843e-05 -6.1034e-05 -6.0247e-05 -5.9481e-05 -5.8739e-05 -5.8022e-05 -5.7330e-05 -5.6666e-05 -5.6028e-05 -5.5420e-05 -5.4841e-05 -5.4292e-05 -5.3774e-05 -5.3288e-05 -5.2834e-05 -5.2414e-05 -5.2027e-05 -5.1675e-05 -5.1357e-05 -5.1074e-05 -5.0827e-05 -5.0616e-05 -5.0441e-05 -5.0302e-05 -5.0200e-05 -5.0134e-05 -5.0106e-05 -5.0114e-05 -5.0159e-05 -5.0241e-05 -5.0360e-05 -5.0515e-05 -5.0707e-05 -5.0934e-05 -5.1198e-05 -5.1497e-05 -5.1831e-05 -5.2199e-05 -5.2602e-05 -5.3039e-05 -5.3508e-05 -5.4010e-05 -5.4543e-05 -5.5108e-05 -5.5702e-05 -5.6326e-05 -5.6978e-05 -5.7658e-05 -5.8364e-05 -5.9096e-05 -5.9852e-05 -6.0632e-05 -6.1434e-05 -6.2256e-05 -6.3098e-05 -6.3959e-05 -6.4836e-05 
-0000.00050 -6.5246e-05 -6.4362e-05 -6.3495e-05 -6.2645e-05 -6.1814e-05 -6.1003e-05 -6.0214e-05 -5.9446e-05 -5.8703e-05 -5.7984e-05 -5.7291e-05 -5.6625e-05 -5.5987e-05 -5.5377e-05 -5.4797e-05 -5.4248e-05 -5.3729e-05 -5.3243e-05 -5.2789e-05 -5.2368e-05 -5.1981e-05 -5.1628e-05 -5.1310e-05 -5.1027e-05 -5.0780e-05 -5.0568e-05 -5.0393e-05 -5.0254e-05 -5.0152e-05 -5.0087e-05 -5.0058e-05 -5.0066e-05 -5.0111e-05 -5.0193e-05 -5.0312e-05 -5.0467e-05 -5.0659e-05 -5.0887e-05 -5.1151e-05 -5.1450e-05 -5.1784e-05 -5.2153e-05 -5.2556e-05 -5.2993e-05 -5.3463e-05 -5.3965e-05 -5.4499e-05 -5.5065e-05 -5.5660e-05 -5.6285e-05 -5.6938e-05 -5.7619e-05 -5.8327e-05 -5.9060e-05 -5.9818e-05 -6.0600e-05 -6.1403e-05 -6.2228e-05 -6.3073e-05 -6.3936e-05 -6.4817e-05 
-0000.00100 -6.5192e-05 -6.4299e-05 -6.3423e-05 -6.2565e-05 -6.1726e-05 -6.0909e-05 -6.0113e-05 -5.9341e-05 -5.8592e-05 -5.7869e-05 -5.7172e-05 -5.6503e-05 -5.5861e-05 -5.5249e-05 -5.4667e-05 -5.4115e-05 -5.3595e-05 -5.3107e-05 -5.2651e-05 -5.2229e-05 -5.1841e-05 -5.1488e-05 -5.1169e-05 -5.0885e-05 -5.0638e-05 -5.0426e-05 -5.0250e-05 -5.0111e-05 -5.0009e-05 -4.9943e-05 -4.9915e-05 -4.9923e-05 -4.9968e-05 -5.0050e-05 -5.0169e-05 -5.0325e-05 -5.0517e-05 -5.0745e-05 -5.1009e-05 -5.1309e-05 -5.1644e-05 -5.2014e-05 -5.2418e-05 -5.2856e-05 -5.3328e-05 -5.3832e-05 -5.4368e-05 -5.4935e-05 -5.5533e-05 -5.6161e-05 -5.6818e-05 -5.7502e-05 -5.8214e-05 -5.8952e-05 -5.9716e-05 -6.0503e-05 -6.1313e-05 -6.2145e-05 -6.2997e-05 -6.3869e-05 -6.4759e-05 
-0000.00150 -6.5101e-05 -6.4192e-05 -6.3301e-05 -6.2430e-05 -6.1579e-05 -6.0751e-05 -5.9945e-05 -5.9164e-05 -5.8407e-05 -5.7677e-05 -5.6973e-05 -5.6298e-05 -5.5652e-05 -5.5035e-05 -5.4449e-05 -5.3893e-05 -5.3370e-05 -5.2879e-05 -5.2422e-05 -5.1998e-05 -5.1608e-05 -5.1253e-05 -5.0933e-05 -5.0649e-05 -5.0400e-05 -5.0188e-05 -5.0012e-05 -4.9872e-05 -4.9770e-05 -4.9704e-05 -4.9675e-05 -4.9684e-05 -4.9729e-05 -4.9811e-05 -4.9931e-05 -5.0087e-05 -5.0279e-05 -5.0508e-05 -5.0773e-05 -5.1074e-05 -5.1411e-05 -5.1782e-05 -5.2188e-05 -5.2628e-05 -5.3102e-05 -5.3609e-05 -5.4148e-05 -5.4719e-05 -5.5321e-05 -5.5954e-05 -5.6616e-05 -5.7307e-05 -5.8025e-05 -5.8771e-05 -5.9542e-05 -6.0339e-05 -6.1159e-05 -6.2003e-05 -6.2868e-05 -6.3753e-05 -6.4658e-05 
-0000.00200 -6.4968e-05 -6.4037e-05 -6.3126e-05 -6.2237e-05 -6.1370e-05 -6.0526e-05 -5.9706e-05 -5.8913e-05 -5.8145e-05 -5.7405e-05 -5.6693e-05 -5.6010e-05 -5.5356e-05 -5.4734e-05 -5.4142e-05 -5.3582e-05 -5.3055e-05 -5.2561e-05 -5.2100e-05 -5.1674e-05 -5.1282e-05 -5.0925e-05 -5.0603e-05 -5.0318e-05 -5.0068e-05 -4.9855e-05 -4.9678e-05 -4.9538e-05 -4.9435e-05 -4.9369e-05 -4.9340e-05 -4.9349e-05 -4.9394e-05 -4.9477e-05 -4.9597e-05 -4.9753e-05 -4.9947e-05 -5.0177e-05 -5.0443e-05 -5.0745e-05 -5.1083e-05 -5.1457e-05 -5.1865e-05 -5.2308e-05 -5.2785e-05 -5.3295e-05 -5.3839e-05 -5.4415e-05 -5.5023e-05 -5.5662e-05 -5.6331e-05 -5.7030e-05 -5.7758e-05 -5.8514e-05 -5.9297e-05 -6.0107e-05 -6.0941e-05 -6.1801e-05 -6.2683e-05 -6.3588e-05 -6.4514e-05 
# Total Vertical 2nd Order Kick [T2m2]
START
            -0000.01000 -0000.00967 -0000.00933 -0000.00900 -0000.00867 -0000.00833 -0000.00800 -0000.00767 -0000.00733 -0000.00700 -0000.00667 -0000.00633 -0000.00600 -0000.00567 -0000.00533 -0000.00500 -0000.00467 -0000.00433 -0000.00400 -0000.00367 -0000.00333 -0000.00300 -0000.00267 -0000.00233 -0000.00200 -0000.00167 -0000.00133 -0000.00100 -0000.00067 -0000.00033 +0000.00000 +0000.00033 +0000.00067 +0000.00100 +0000.00133 +0000.00167 +0000.00200 +0000.00233 +0000.00267 +0000.00300 +0000.00333 +0000.00367 +0000.00400 +0000.00433 +0000.00467 +0000.00500 +0000.00533 +0000.00567 +0000.00600 +0000.00633 +0000.00667 +0000.00700 +0000.00733 +0000.00767 +0000.00800 +0000.00833 +0000.00867 +0000.00900 +0000.00933 +0000.00967 +0000.01000 
+0000.00200 -6.4971e-05 -6.4040e-05 -6.3129e-05 -6.2239e-05 -6.1372e-05 -6.0528e-05 -5.9709e-05 -5.8915e-05 -5.8147e-05 -5.7407e-05 -5.6695e-05 -5.6011e-05 -5.5358e-05 -5.4735e-05 -5.4143e-05 -5.3583e-05 -5.3056e-05 -5.2562e-05 -5.2101e-05 -5.1675e-05 -5.1283e-05 -5.0926e-05 -5.0604e-05 -5.0318e-05 -5.0069e-05 -4.9855e-05 -4.9679e-05 -4.9539e-05 -4.9436e-05 -4.9370e-05 -4.9341e-05 -4.9349e-05 -4.9394e-05 -4.9477e-05 -4.9597e-05 -4.9753e-05 -4.9946e-05 -5.0176e-05 -5.0442e-05 -5.0744e-05 -5.1082e-05 -5.1456e-05 -5.1864e-05 -5.2307e-05 -5.2784e-05 -5.3294e-05 -5.3838e-05 -5.4413e-05 -5.5021e-05 -5.5660e-05 -5.6329e-05 -5.7028e-05 -5.7756e-05 -5.8512e-05 -5.9295e-05 -6.0104e-05 -6.0939e-05 -6.1798e-05 -6.2680e-05 -6.3585e-05 -6.4511e-05 
+0000.00150 -6.4971e-05 -6.4040e-05 -6.3129e-05 -6.2239e-05 -6.1372e-05 -6.0528e-05 -5.9709e-05 -5.8915e-05 -5.8147e-05 -5.7407e-05 -5.6695e-05 -5.6011e-05 -5.5358e-05 -5.4735e-05 -5.4143e-05 -5.3583e-05 -5.3056e-05 -5.2562e-05 -5.2101e-05 -5.1675e-05 -5.1283e-05 -5.0926e-05 -5.0604e-05 -5.0318e-05 -5.0069e-05 -4.9855e-05 -4.9679e-05 -4.9539e-05 -4.9436e-05 -4.9370e-05 -4.9341e-05 -4.9349e-05 -4.9394e-05 -4.9477e-05 -4.9597e-05 -4.9753e-05 -4.9946e-05 -5.0176e-05 -5.0442e-05 -5.0744e-05 -5.1082e-05 -5.1456e-05 -5.1864e-05 -5.2307e-05 -5.2784e-05 -5.3294e-05 -5.3838e-05 -5.4413e-05 -5.5021e-05 -5.5660e-05 -5.6329e-05 -5.7028e-05 -5.7756e-05 -5.8512e-05 -5.9295e-05 -6.0104e-05 -6.0939e-05 -6.1798e-05 -6.2680e-05 -6.3585e-05 -6.4511e-05 
+0000.00100 -6.4971e-05 -6.4040e-05 -6.3129e-05 -6.2239e-05 -6.1372e-05 -6.0528e-05 -5.9709e-05 -5.8915e-05 -5.8147e-05 -5.7407e-05 -5.6695e-05 -5.6011e-05 -5.5358e-05 -5.4735e-05 -5.4143e-05 -5.3583e-05 -5.3056e-05 -5.2562e-05 -5.2101e-05 -5.1675e-05 -5.1283e-05 -5.0926e-05 -5.0604e-05 -5.0318e-05 -5.0069e-05 -4.9855e-05 -4.9679e-05 -4.9539e-05 -4.9436e-05 -4.9370e-05 -4.9341e-05 -4.9349e-05 -4.9394e-05 -4.9477e-05 -4.9597e-05 -4.9753e-05 -4.9946e-05 -5.0176e-05 -5.0442e-05 -5.0744e-05 -5.1082e-05 -5.1456e-05 -5.1864e-05 -5.2307e-05 -5.2784e-05 -5.3294e-05 -5.3838e-05 -5.4413e-05 -5.5021e-05 -5.5660e-05 -5.6329e-05 -5.7028e-05 -5.7756e-05 -5.8512e-05 -5.9295e-05 -6.0104e-05 -6.0939e-05 -6.1798e-05 -6.2680e-05 -6.3585e-05 -6.4511e-05 
+0000.00050 -6.4971e-05 -6.4040e-05 -6.3129e-05 -6.2239e-05 -6.1372e-05 -6.0528e-05 -5.9709e-05 -5.8915e-05 -5.8147e-05 -5.7407e-05 -5.6695e-05 -5.6011e-05 -5.5358e-05 -5.4735e-05 -5.4143e-05 -5.3583e-05 -5.3056e-05 -5.2562e-05 -5.2101e-05 -5.1675e-05 -5.1283e-05 -5.0926e-05 -5.0604e-05 -5.0318e-05 -5.0069e-05 -4.9855e-05 -4.9679e-05 -4.9539e-05 -4.9436e-05 -4.9370e-05 -4.9341e-05 -4.9349e-05 -4.9394e-05 -4.9477e-05 -4.9597e-05 -4.9753e-05 -4.9946e-05 -5.0176e-05 -5.0442e-05 -5.0744e-05 -5.1082e-05 -5.1456e-05 -5.1864e-05 -5.2307e-05 -5.2784e-05 -5.3294e-05 -5.3838e-05 -5.4413e-05 -5.5021e-05 -5.5660e-05 -5.6329e-05 -5.7028e-05 -5.7756e-05 -5.8512e-05 -5.9295e-05 -6.0104e-05 -6.0939e-05 -6.1798e-05 -6.2680e-05 -6.3585e-05 -6.4511e-05 
+0000.00000 -6.4971e-05 -6.4040e-05 -6.3129e-05 -6.2239e-05 -6.1372e-05 -6.0528e-05 -5.9709e-05 -5.8915e-05 -5.8147e-05 -5.7407e-05 -5.6695e-05 -5.6011e-05 -5.5358e-05 -5.4735e-05 -5.4143e-05 -5.3583e-05 -5.3056e-05 -5.2562e-05 -5.2101e-05 -5.1675e-05 -5.1283e-05 -5.0926e-05 -5.0604e-05 -5.0318e-05 -5.0069e-05 -4.9855e-05 -4.9679e-05 -4.9539e-05 -4.9436e-05 -4.9370e-05 -4.9341e-05 -4.9349e-05 -4.9394e-05 -4.9477e-05 -4.9597e-05 -4.9753e-05 -4.9946e-05 -5.0176e-05 -5.0442e-05 -5.0744e-05 -5.1082e-05 -5.1456e-05 -5.1864e-05 -5.2307e-05 -5.2784e-05 -5.3294e-05 -5.3838e-05 -5.4413e-05 -5.5021e-05 -5.5660e-05 -5.6329e-05 -5.7028e-05 -5.7756e-05 -5.8512e-05 -5.9295e-05 -6.0104e-05 -6.0939e-05 -6.1798e-05 -6.2680e-05 -6.3585e-05 -6.4511e-05 
-0000.00050 -6.4971e-05 -6.4040e-05 -6.3129e-05 -6.2239e-05 -6.1372e-05 -6.0528e-05 -5.9709e-05 -5.8915e-05 -5.8147e-05 -5.7407e-05 -5.6695e-05 -5.6011e-05 -5.5358e-05 -5.4735e-05 -5.4143e-05 -5.3583e-05 -5.3056e-05 -5.2562e-05 -5.2101e-05 -5.1675e-05 -5.1283e-05 -5.0926e-05 -5.0604e-05 -5.0318e-05 -5.0069e-05 -4.9855e-05 -4.9679e-05 -4.9539e-05 -4.9436e-05 -4.9370e-05 -4.9341e-05 -4.9349e-05 -4.9394e-05 -4.9477e-05 -4.9597e-05 -4.9753e-05 -4.9946e-05 -5.0176e-05 -5.0442e-05 -5.0744e-05 -5.1082e-05 -5.1456e-05 -5.1864e-05 -5.2307e-05 -5.2784e-05 -5.3294e-05 -5.3838e-05 -5.4413e-05 -5.5021e-05 -5.5660e-05 -5.6329e-05 -5.7028e-05 -5.7756e-05 -5.8512e-05 -5.9295e-05 -6.0104e-05 -6.0939e-05 -6.1798e-05 -6.2680e-05 -6.3585e-05 -6.4511e-05 
-0000.00100 -6.4971e-05 -6.4040e-05 -6.3129e-05 -6.2239e-05 -6.1372e-05 -6.0528e-05 -5.9709e-05 -5.8915e-05 -5.8147e-05 -5.7407e-05 -5.6695e-05 -5.6011e-05 -5.5358e-05 -5.4735e-05 -5.4143e-05 -5.3583e-05 -5.3056e-05 -5.2562e-05 -5.2101e-05 -5.1675e-05 -5.1283e-05 -5.0926e-05 -5.0604e-05 -5.0318e-05 -5.0069e-05 -4.9855e-05 -4.9679e-05 -4.9539e-05 -4.9436e-05 -4.9370e-05 -4.9341e-05 -4.9349e-05 -4.9394e-05 -4.9477e-05 -4.9597e-05 -4.9753e-05 -4.9946e-05 -5.0176e-05 -5.0442e-05 -5.0744e-05 -5.1082e-05 -5.1456e-05 -5.1864e-05 -5.2307e-05 -5.2784e-05 -5.3294e-05 -5.3838e-05 -5.4413e-05 -5.5021e-05 -5.5660e-05 -5.6329e-05 -5.7028e-05 -5.7756e-05 -5.8512e-05 -5.9295e-05 -6.0104e-05 -6.0939e-05 -6.1798e-05 -6.2680e-05 -6.3585e-05 -6.4511e-05 
-0000.00150 -6.4971e-05 -6.4040e-05 -6.3129e-05 -6.2239e-05 -6.1372e-05 -6.0528e-05 -5.9709e-05 -5.8915e-05 -5.8147e-05 -5.7407e-05 -5.6695e-05 -5.6011e-05 -5.5358e-05 -5.4735e-05 -5.4143e-05 -5.3583e-05 -5.3056e-05 -5.2562e-05 -5.2101e-05 -5.1675e-05 -5.1283e-05 -5.0926e-05 -5.0604e-05 -5.0318e-05 -5.0069e-05 -4.9855e-05 -4.9679e-05 -4.9539e-05 -4.9436e-05 -4.9370e-05 -4.9341e-05 -4.9349e-05 -4.9394e-05 -4.9477e-05 -4.9597e-05 -4.9753e-05 -4.9946e-05 -5.0176e-05 -5.0442e-05 -5.0744e-05 -5.1082e-05 -5.1456e-05 -5.1864e-05 -5.2307e-05 -5.2784e-05 -5.3294e-05 -5.3838e-05 -5.4413e-05 -5.5021e-05 -5.5660e-05 -5.6329e-05 -5.7028e-05 -5.7756e-05 -5.8512e-05 -5.9295e-05 -6.0104e-05 -6.0939e-05 -6.1798e-05 -6.2680e-05 -6.3585e-05 -6.4511e-05 
-0000.00200 -6.4971e-05 -6.4040e-05 -6.3129e-05 -6.2239e-05 -6.1372e-05 -6.0528e-05 -5.9709e-05 -5.8915e-05 -5.8147e-05 -5.7407e-05 -5.6695e-05 -5.6011e-05 -5.5358e-05 -5.4735e-05 -5.4143e-05 -5.3583e-05 -5.3056e-05 -5.2562e-05 -5.2101e-05 -5.1675e-05 -5.1283e-05 -5.0926e-05 -5.0604e-05 -5.0318e-05 -5.0069e-05 -4.9855e-05 -4.9679e-05 -4.9539e-05 -4.9436e-05 -4.9370e-05 -4.9341e-05 -4.9349e-05 -4.9394e-05 -4.9477e-05 -4.9597e-05 -4.9753e-05 -4.9946e-05 -5.0176e-05 -5.0442e-05 -5.0744e-05 -5.1082e-05 -5.1456e-05 -5.1864e-05 -5.2307e-05 -5.2784e-05 -5.3294e-05 -5.3838e-05 -5.4413e-05 -5.5021e-05 -5.5660e-05 -5.6329e-05 -5.7028e-05 -5.7756e-05 -5.8512e-05 -5.9295e-05 -6.0104e-05 -6.0939e-05 -6.1798e-05 -6.2680e-05 -6.3585e-05 -6.4511e-05 
# Horizontal Final Position [m]
START
            -0000.01000 -0000.00967 -0000.00933 -0000.00900 -0000.00867 -0000.00833 -0000.00800 -0000.00767 -0000.00733 -0000.00700 -0000.00667 -0000.00633 -0000.00600 -0000.00567 -0000.00533 -0000.00500 -0000.00467 -0000.00433 -0000.00400 -0000.00367 -0000.00333 -0000.00300 -0000.00267 -0000.00233 -0000.00200 -0000.00167 -0000.00133 -0000.00100 -0000.00067 -0000.00033 +0000.00000 +0000.00033 +0000.00067 +0000.00100 +0000.00133 +0000.00167 +0000.00200 +0000.00233 +0000.00267 +0000.00300 +0000.00333 +0000.00367 +0000.00400 +0000.00433 +0000.00467 +0000.00500 +0000.00533 +0000.00567 +0000.00600 +0000.00633 +0000.00667 +0000.00700 +0000.00733 +0000.00767 +0000.00800 +0000.00833 +0000.00867 +0000.00900 +0000.00933 +0000.00967 +0000.01000 
+0000.00200 -1.0004e-02 -9.6703e-03 -9.3370e-03 -9.0037e-03 -8.6704e-03 -8.3371e-03 -8.0038e-03 -7.6705e-03 -7.3372e-03 -7.0039e-03 -6.6706e-03 -6.3373e-03 -6.0040e-03 -5.6707e-03 -5.3373e-03 -5.0040e-03 -4.6707e-03 -4.3374e-03 -4.0041e-03 -3.6707e-03 -3.3374e-03 -3.0041e-03 -2.6707e-03 -2.3374e-03 -2.0041e-03 -1.6707e-03 -1.3374e-03 -1.0041e-03 -6.7073e-04 -3.3739e-04 -4.0526e-06 +3.2929e-04 +6.6263e-04 +9.9597e-04 +1.3293e-03 +1.6627e-03 +1.9960e-03 +2.3293e-03 +2.6627e-03 +2.9960e-03 +3.3294e-03 +3.6627e-03 +3.9961e-03 +4.3294e-03 +4.6627e-03 +4.9961e-03 +5.3294e-03 +5.6627e-03 +5.9961e-03 +6.3294e-03 +6.6627e-03 +6.9961e-03 +7.3294e-03 +7.6627e-03 +7.9960e-03 +8.3293e-03 +8.6626e-03 +8.9959e-03 +9.3292e-03 +9.6625e-03 +9.9958e-03 
+0000.00150 -1.0004e-02 -9.6703e-03 -9.3370e-03 -9.0037e-03 -8.6704e-03 -8.3371e-03 -8.0038e-03 -7.6705e-03 -7.3372e-03 -7.0039e-03 -6.6706e-03 -6.3373e-03 -6.0040e-03 -5.6707e-03 -5.3373e-03 -5.0040e-03 -4.6707e-03 -4.3374e-03 -4.0041e-03 -3.6707e-03 -3.3374e-03 -3.0041e-03 -2.6707e-03 -2.3374e-03 -2.0041e-03 -1.6707e-03 -1.3374e-03 -1.0041e-03 -6.7073e-04 -3.3739e-04 -4.0526e-06 +3.2929e-04 +6.6263e-04 +9.9597e-04 +1.3293e-03 +1.6627e-03 +1.9960e-03 +2.3293e-03 +2.6627e-03 +2.9960e-03 +3.3294e-03 +3.6627e-03 +3.9961e-03 +4.3294e-03 +4.6627e-03 +4.9961e-03 +5.3294e-03 +5.6627e-03 +5.9961e-03 +6.3294e-03 +6.6627e-03 +6.9961e-03 +7.3294e-03 +7.6627e-03 +7.9960e-03 +8.3293e-03 +8.6626e-03 +8.9959e-03 +9.3292e-03 +9.6625e-03 +9.9958e-03 
+0000.00100 -1.0004e-02 -9.6703e-03 -9.3370e-03 -9.0037e-03 -8.6704e-03 -8.3371e-03 -8.0038e-03 -7.6705e-03 -7.3372e-03 -7.0039e-03 -6.6706e-03 -6.3373e-03 -6.0040e-03 -5.6707e-03 -5.3373e-03 -5.0040e-03 -4.6707e-03 -4.3374e-03 -4.0041e-03 -3.6707e-03 -3.3374e-03 -3.0041e-03 -2.6707e-03 -2.3374e-03 -2.0041e-03 -1.6707e-03 -1.3374e-03 -1.0041e-03 -6.7073e-04 -3.3739e-04 -4.0526e-06 +3.2929e-04 +6.6263e-04 +9.9597e-04 +1.3293e-03 +1.6627e-03 +1.9960e-03 +2.3293e-03 +2.6627e-03 +2.9960e-03 +3.3294e-03 +3.6627e-03 +3.9961e-03 +4.3294e-03 +4.6627e-03 +4.9961e-03 +5.3294e-03 +5.6627e-03 +5.9961e-03 +6.3294e-03 +6.6627e-03 +6.9961e-03 +7.3294e-03 +7.6627e-03 +7.9960e-03 +8.3293e-03 +8.6626e-03 +8.9959e-03 +9.3292e-03 +9.6625e-03 +9.9958e-03 
+0000.00050 -1.0004e-02 -9.6703e-03 -9.3370e-03 -9.0037e-03 -8.6704e-03 -8.3371e-03 -8.0038e-03 -7.6705e-03 -7.3372e-03 -7.0039e-03 -6.6706e-03 -6.3373e-03 -6.0040e-03 -5.6707e-03 -5.3373e-03 -5.0040e-03 -4.6707e-03 -4.3374e-03 -4.0041e-03 -3.6707e-03 -3.3374e-03 -3.0041e-03 -2.6707e-03 -2.3374e-03 -2.0041e-03 -1.6707e-03 -1.3374e-03 -1.0041e-03 -6.7073e-04 -3.3739e-04 -4.0526e-06 +3.2929e-04 +6.6263e-04 +9.9597e-04 +1.3293e-03 +1.6627e-03 +1.9960e-03 +2.3293e-03 +2.6627e-03 +2.9960e-03 +3.3294e-03 +3.6627e-03 +3.9961e-03 +4.3294e-03 +4.6627e-03 +4.9961e-03 +5.3294e-03 +5.6627e-03 +5.9961e-03 +6.3294e-03 +6.6627e-03 +6.9961e-03 +7.3294e-03 +7.6627e-03 +7.9960e-03 +8.3293e-03 +8.6626e-03 +8.9959e-03 +9.3292e-03 +9.6625e-03 +9.9958e-03 
+0000.00000 -1.0004e-02 -9.6703e-03 -9.3370e-03 -9.0037e-03 -8.6704e-03 -8.3371e-03 -8.0038e-03 -7.6705e-03 -7.3372e-03 -7.0039e-03 -6.6706e-03 -6.3373e-03 -6.0040e-03 -5.6707e-03 -5.3373e-03 -5.0040e-03 -4.6707e-03 -4.3374e-03 -4.0041e-03 -3.6707e-03 -3.3374e-03 -3.0041e-03 -2.6707e-03 -2.3374e-03 -2.0041e-03 -1.6707e-03 -1.3374e-03 -1.0041e-03 -6.7073e-04 -3.3739e-04 -4.0526e-06 +3.2929e-04 +6.6263e-04 +9.9597e-04 +1.3293e-03 +1.6627e-03 +1.9960e-03 +2.3293e-03 +2.6627e-03 +2.9960e-03 +3.3294e-03 +3.6627e-03 +3.9961e-03 +4.3294e-03 +4.6627e-03 +4.9961e-03 +5.3294e-03 +5.6627e-03 +5.9961e-03 +6.3294e-03 +6.6627e-03 +6.9961e-03 +7.3294e-03 +7.6627e-03 +7.9960e-03 +8.3293e-03 +8.6626e-03 +8.9959e-03 +9.3292e-03 +9.6625e-03 +9.9958e-03 
-0000.00050 -1.0004e-02 -9.6703e-03 -9.3370e-03 -9.0037e-03 -8.6704e-03 -8.3371e-03 -8.0038e-03 -7.6705e-03 -7.3372e-03 -7.0039e-03 -6.6706e-03 -6.3373e-03 -6.0040e-03 -5.6707e-03 -5.3373e-03 -5.0040e-03 -4.6707e-03 -4.3374e-03 -4.0041e-03 -3.6707e-03 -3.3374e-03 -3.0041e-03 -2.6707e-03 -2.3374e-03 -2.0041e-03 -1.6707e-03 -1.3374e-03 -1.0041e-03 -6.7073e-04 -3.3739e-04 -4.0526e-06 +3.2929e-04 +6.6263e-04 +9.9597e-04 +1.3293e-03 +1.6627e-03 +1.9960e-03 +2.3293e-03 +2.6627e-03 +2.9960e-03 +3.3294e-03 +3.6627e-03 +3.9961e-03 +4.3294e-03 +4.6627e-03 +4.9961e-03 +5.3294e-03 +5.6627e-03 +5.9961e-03 +6.3294e-03 +6.6627e-03 +6.9961e-03 +7.3294e-03 +7.6627e-03 +7.9960e-03 +8.3293e-03 +8.6626e-03 +8.9959e-03 +9.3292e-03 +9.6625e-03 +9.9958e-03 
-0000.00100 -1.0004e-02 -9.6703e-03 -9.3370e-03 -9.0037e-03 -8.6704e-03 -8.3371e-03 -8.0038e-03 -7.6705e-03 -7.3372e-03 -7.0039e-03 -6.6706e-03 -6.3373e-03 -6.0040e-03 -5.6707e-03 -5.3373e-03 -5.0040e-03 -4.6707e-03 -4.3374e-03 -4.0041e-03 -3.6707e-03 -3.3374e-03 -3.0041e-03 -2.6707e-03 -2.3374e-03 -2.0041e-03 -1.6707e-03 -1.3374e-03 -1.0041e-03 -6.7073e-04 -3.3739e-04 -4.0526e-06 +3.2929e-04 +6.6263e-04 +9.9597e-04 +1.3293e-03 +1.6627e-03 +1.9960e-03 +2.3293e-03 +2.6627e-03 +2.9960e-03 +3.3294e-03 +3.6627e-03 +3.9961e-03 +4.3294e-03 +4.6627e-03 +4.9961e-03 +5.3294e-03 +5.6627e-03 +5.9961e-03 +6.3294e-03 +6.6627e-03 +6.9961e-03 +7.3294e-03 +7.6627e-03 +7.9960e-03 +8.3293e-03 +8.6626e-03 +8.9959e-03 +9.3292e-03 +9.6625e-03 +9.9958e-03 
-0000.00150 -1.0004e-02 -9.6703e-03 -9.3370e-03 -9.0037e-03 -8.6704e-03 -8.3371e-03 -8.0038e-03 -7.6705e-03 -7.3372e-03 -7.0039e-03 -6.6706e-03 -6.3373e-03 -6.0040e-03 -5.6707e-03 -5.3373e-03 -5.0040e-03 -4.6707e-03 -4.3374e-03 -4.0041e-03 -3.6707e-03 -3.3374e-03 -3.0041e-03 -2.6707e-03 -2.3374e-03 -2.0041e-03 -1.6707e-03 -1.3374e-03 -1.0041e-03 -6.7073e-04 -3.3739e-04 -4.0526e-06 +3.2929e-04 +6.6263e-04 +9.9597e-04 +1.3293e-03 +1.6627e-03 +1.9960e-03 +2.3293e-03 +2.6627e-03 +2.9960e-03 +3.3294e-03 +3.6627e-03 +3.9961e-03 +4.3294e-03 +4.6627e-03 +4.9961e-03 +5.3294e-03 +5.6627e-03 +5.9961e-03 +6.3294e-03 +6.6627e-03 +6.9961e-03 +7.3294e-03 +7.6627e-03 +7.9960e-03 +8.3293e-03 +8.6626e-03 +8.9959e-03 +9.3292e-03 +9.6625e-03 +9.9958e-03 
-0000.00200 -1.0004e-02 -9.6703e-03 -9.3370e-03 -9.0037e-03 -8.6704e-03 -8.3371e-03 -8.0038e-03 -7.6705e-03 -7.3372e-03 -7.0039e-03 -6.6706e-03 -6.3373e-03 -6.0040e-03 -5.6707e-03 -5.3373e-03 -5.0040e-03 -4.6707e-03 -4.3374e-03 -4.0041e-03 -3.6707e-03 -3.3374e-03 -3.0041e-03 -2.6707e-03 -2.3374e-03 -2.0041e-03 -1.6707e-03 -1.3374e-03 -1.0041e-03 -6.7073e-04 -3.3739e-04 -4.0526e-06 +3.2929e-04 +6.6263e-04 +9.9597e-04 +1.3293e-03 +1.6627e-03 +1.9960e-03 +2.3293e-03 +2.6627e-03 +2.9960e-03 +3.3294e-03 +3.6627e-03 +3.9961e-03 +4.3294e-03 +4.6627e-03 +4.9961e-03 +5.3294e-03 +5.6627e-03 +5.9961e-03 +6.3294e-03 +6.6627e-03 +6.9961e-03 +7.3294e-03 +7.6627e-03 +7.9960e-03 +8.3293e-03 +8.6626e-03 +8.9959e-03 +9.3292e-03 +9.6625e-03 +9.9958e-03 
# Vertical Final Position [m]
START
            -0000.01000 -0000.00967 -0000.00933 -0000.00900 -0000.00867 -0000.00833 -0000.00800 -0000.00767 -0000.00733 -0000.00700 -0000.00667 -0000.00633 -0000.00600 -0000.00567 -0000.00533 -0000.00500 -0000.00467 -0000.00433 -0000.00400 -0000.00367 -0000.00333 -0000.00300 -0000.00267 -0000.00233 -0000.00200 -0000.00167 -0000.00133 -0000.00100 -0000.00067 -0000.00033 +0000.00000 +0000.00033 +0000.00067 +0000.00100 +0000.00133 +0000.00167 +0000.00200 +0000.00233 +0000.00267 +0000.00300 +0000.00333 +0000.00367 +0000.00400 +0000.00433 +0000.00467 +0000.00500 +0000.00533 +0000.00567 +0000.00600 +0000.00633 +0000.00667 +0000.00700 +0000.00733 +0000.00767 +0000.00800 +0000.00833 +0000.00867 +0000.00900 +0000.00933 +0000.00967 +0000.01000 
+0000.00200 +2.0001e-03 +2.0001e-03 +2.0001e-03 +2.0001e-03 +2.0001e-03 +2.0001e-03 +2.0001e-03 +2.0001e-03 +2.0001e-03 +2.0001e-03 +2.0001e-03 +2.0001e-03 +2.0001e-03 +2.0001e-03 +2.0001e-03 +2.0000e-03 +2.0000e-03 +2.0000e-03 +2.0000e-03 +2.0000e-03 +2.0000e-03 +2.0000e-03 +2.0000e-03 +2.0000e-03 +2.0000e-03 +2.0000e-03 +2.0000e-03 +2.0000e-03 +2.0000e-03 +2.0000e-03 +2.0000e-03 +2.0000e-03 +2.0000e-03 +2.0000e-03 +2.0000e-03 +2.0000e-03 +2.0000e-03 +2.0000e-03 +2.0000e-03 +2.0000e-03 +2.0000e-03 +2.0000e-03 +2.0000e-03 +2.0000e-03 +2.0000e-03 +2.0000e-03 +2.0000e-03 +2.0000e-03 +1.9999e-03 +1.9999e-03 +1.9999e-03 +1.9999e-03 +1.9999e-03 +1.9999e-03 +1.9999e-03 +1.9999e-03 +1.9999e-03 +1.9999e-03 +1.9999e-03 +1.9999e-03 +1.9999e-03 
+0000.00150 +1.5001e-03 +1.5001e-03 +1.5001e-03 +1.5000e-03 +1.5000e-03 +1.5000e-03 +1.5000e-03 +1.5000e-03 +1.5000e-03 +1.5000e-03 +1.5000e-03 +1.5000e-03 +1.5000e-03 +1.5000e-03 +1.5000e-03 +1.5000e-03 +1.5000e-03 +1.5000e-03 +1.5000e-03 +1.5000e-03 +1.5000e-03 +1.5000e-03 +1.5000e-03 +1.5000e-03 +1.5000e-03 +1.5000e-03 +1.5000e-03 +1.5000e-03 +1.5000e-03 +1.5000e-03 +1.5000e-03 +1.5000e-03 +1.5000e-03 +1.5000e-03 +1.5000e-03 +1.5000e-03 +1.5000e-03 +1.5000e-03 +1.5000e-03 +1.5000e-03 +1.5000e-03 +1.5000e-03 +1.5000e-03 +1.5000e-03 +1.5000e-03 +1.5000e-03 +1.5000e-03 +1.5000e-03 +1.5000e-03 +1.5000e-03 +1.5000e-03 +1.5000e-03 +1.5000e-03 +1.5000e-03 +1.5000e-03 +1.5000e-03 +1.5000e-03 +1.5000e-03 +1.4999e-03 +1.4999e-03 +1.4999e-03 
+0000.00100 +1.0000e-03 +1.0000e-03 +1.0000e-03 +1.0000e-03 +1.0000e-03 +1.0000e-03 +1.0000e-03 +1.0000e-03 +1.0000e-03 +1.0000e-03 +1.0000e-03 +1.0000e-03 +1.0000e-03 +1.0000e-03 +1.0000e-03 +1.0000e-03 +1.0000e-03 +1.0000e-03 +1.0000e-03 +1.0000e-03 +1.0000e-03 +1.0000e-03 +1.0000e-03 +1.0000e-03 +1.0000e-03 +1.0000e-03 +1.0000e-03 +1.0000e-03 +1.0000e-03 +1.0000e-03 +1.0000e-03 +1.0000e-03 +9.9999e-04 +9.9999e-04 +9.9999e-04 +9.9999e-04 +9.9999e-04 +9.9999e-04 +9.9999e-04 +9.9999e-04 +9.9998e-04 +9.9998e-04 +9.9998e-04 +9.9998e-04 +9.9998e-04 +9.9998e-04 +9.9998e-04 +9.9998e-04 +9.9997e-04 +9.9997e-04 +9.9997e-04 +9.9997e-04 +9.9997e-04 +9.9997e-04 +9.9997e-04 +9.9997e-04 +9.9997e-04 +9.9997e-04 +9.9997e-04 +9.9997e-04 +9.9997e-04 
+0000.00050 +5.0002e-04 +5.0002e-04 +5.0002e-04 +5.0002e-04 +5.0002e-04 +5.0002e-04 +5.0002e-04 +5.0002e-04 +5.0002e-04 +5.0002e-04 +5.0002e-04 +5.0001e-04 +5.0001e-04 +5.0001e-04 +5.0001e-04 +5.0001e-04 +5.0001e-04 +5.0001e-04 +5.0001e-04 +5.0001e-04 +5.0001e-04 +5.0001e-04 +5.0001e-04 +5.0001e-04 +5.0000e-04 +5.0000e-04 +5.0000e-04 +5.0000e-04 +5.0000e-04 +5.0000e-04 +5.0000e-04 +5.0000e-04 +5.0000e-04 +5.0000e-04 +5.0000e-04 +5.0000e-04 +4.9999e-04 +4.9999e-04 +4.9999e-04 +4.9999e-04 +4.9999e-04 +4.9999e-04 +4.9999e-04 +4.9999e-04 +4.9999e-04 +4.9999e-04 +4.9999e-04 +4.9999e-04 +4.9999e-04 +4.9999e-04 +4.9998e-04 +4.9998e-04 +4.9998e-04 +4.9998e-04 +4.9998e-04 +4.9998e-04 +4.9998e-04 +4.9998e-04 +4.9998e-04 +4.9998e-04 +4.9998e-04 
+0000.00000 -4.2740e-11 -4.3581e-11 -4.4395e-11 -4.5183e-11 -4.5945e-11 -4.6680e-11 -4.7388e-11 -4.8070e-11 -4.8724e-11 -4.9350e-11 -4.9949e-11 -5.0520e-11 -5.1063e-11 -5.1578e-11 -5.2064e-11 -5.2522e-11 -5.2951e-11 -5.3352e-11 -5.3723e-11 -5.4065e-11 -5.4378e-11 -5.4662e-11 -5.4917e-11 -5.5142e-11 -5.5338e-11 -5.5504e-11 -5.5640e-11 -5.5747e-11 -5.5824e-11 -5.5871e-11 -5.5888e-11 -5.5876e-11 -5.5834e-11 -5.5762e-11 -5.5661e-11 -5.5529e-11 -5.5368e-11 -5.5177e-11 -5.4957e-11 -5.4707e-11 -5.4428e-11 -5.4119e-11 -5.3781e-11 -5.3414e-11 -5.3018e-11 -5.2592e-11 -5.2138e-11 -5.1655e-11 -5.1143e-11 -5.0603e-11 -5.0035e-11 -4.9439e-11 -4.8814e-11 -4.8162e-11 -4.7482e-11 -4.6775e-11 -4.6041e-11 -4.5280e-11 -4.4492e-11 -4.3677e-11 -4.2836e-11 
-0000.00050 -5.0002e-04 -5.0002e-04 -5.0002e-04 -5.0002e-04 -5.0002e-04 -5.0002e-04 -5.0002e-04 -5.0002e-04 -5.0002e-04 -5.0002e-04 -5.0002e-04 -5.0001e-04 -5.0001e-04 -5.0001e-04 -5.0001e-04 -5.0001e-04 -5.0001e-04 -5.0001e-04 -5.0001e-04 -5.0001e-04 -5.0001e-04 -5.0001e-04 -5.0001e-04 -5.0000e-04 -5.0000e-04 -5.0000e-04 -5.0000e-04 -5.0000e-04 -5.0000e-04 -5.0000e-04 -5.0000e-04 -5.0000e-04 -5.0000e-04 -5.0000e-04 -5.0000e-04 -5.0000e-04 -5.0000e-04 -4.9999e-04 -4.9999e-04 -4.9999e-04 -4.9999e-04 -4.9999e-04 -4.9999e-04 -4.9999e-04 -4.9999e-04 -4.9999e-04 -4.9999e-04 -4.9999e-04 -4.9999e-04 -4.9999e-04 -4.9999e-04 -4.9999e-04 -4.9999e-04 -4.9999e-04 -4.9998e-04 -4.9998e-04 -4.9998e-04 -4.9998e-04 -4.9998e-04 -4.9998e-04 -4.9998e-04 
-0000.00100 -1.0000e-03 -1.0000e-03 -1.0000e-03 -1.0000e-03 -1.0000e-03 -1.0000e-03 -1.0000e-03 -1.0000e-03 -1.0000e-03 -1.0000e-03 -1.0000e-03 -1.0000e-03 -1.0000e-03 -1.0000e-03 -1.0000e-03 -1.0000e-03 -1.0000e-03 -1.0000e-03 -1.0000e-03 -1.0000e-03 -1.0000e-03 -1.0000e-03 -1.0000e-03 -1.0000e-03 -1.0000e-03 -1.0000e-03 -1.0000e-03 -1.0000e-03 -1.0000e-03 -1.0000e-03 -1.0000e-03 -1.0000e-03 -9.9999e-04 -9.9999e-04 -9.9999e-04 -9.9999e-04 -9.9999e-04 -9.9999e-04 -9.9999e-04 -9.9999e-04 -9.9998e-04 -9.9998e-04 -9.9998e-04 -9.9998e-04 -9.9998e-04 -9.9998e-04 -9.9998e-04 -9.9998e-04 -9.9997e-04 -9.9997e-04 -9.9997e-04 -9.9997e-04 -9.9997e-04 -9.9997e-04 -9.9997e-04 -9.9997e-04 -9.9997e-04 -9.9997e-04 -9.9997e-04 -9.9997e-04 -9.9997e-04 
-0000.00150 -1.5001e-03 -1.5001e-03 -1.5001e-03 -1.5000e-03 -1.5000e-03 -1.5000e-03 -1.5000e-03 -1.5000e-03 -1.5000e-03 -1.5000e-03 -1.5000e-03 -1.5000e-03 -1.5000e-03 -1.5000e-03 -1.5000e-03 -1.5000e-03 -1.5000e-03 -1.5000e-03 -1.5000e-03 -1.5000e-03 -1.5000e-03 -1.5000e-03 -1.5000e-03 -1.5000e-03 -1.5000e-03 -1.5000e-03 -1.5000e-03 -1.5000e-03 -1.5000e-03 -1.5000e-03 -1.5000e-03 -1.5000e-03 -1.5000e-03 -1.5000e-03 -1.5000e-03 -1.5000e-03 -1.5000e-03 -1.5000e-03 -1.5000e-03 -1.5000e-03 -1.5000e-03 -1.5000e-03 -1.5000e-03 -1.5000e-03 -1.5000e-03 -1.5000e-03 -1.5000e-03 -1.5000e-03 -1.5000e-03 -1.5000e-03 -1.5000e-03 -1.5000e-03 -1.5000e-03 -1.5000e-03 -1.5000e-03 -1.5000e-03 -1.5000e-03 -1.5000e-03 -1.4999e-03 -1.4999e-03 -1.4999e-03 
-0000.00200 -2.0001e-03 -2.0001e-03 -2.0001e-03 -2.0001e-03 -2.0001e-03 -2.0001e-03 -2.0001e-03 -2.0001e-03 -2.0001e-03 -2.0001e-03 -2.0001e-03 -2.0001e-03 -2.0001e-03 -2.0001e-03 -2.0001e-03 -2.0000e-03 -2.0000e-03 -2.0000e-03 -2.0000e-03 -2.0000e-03 -2.0000e-03 -2.0000e-03 -2.0000e-03 -2.0000e-03 -2.0000e-03 -2.0000e-03 -2.0000e-03 -2.0000e-03 -2.0000e-03 -2.0000e-03 -2.0000e-03 -2.0000e-03 -2.0000e-03 -2.0000e-03 -2.0000e-03 -2.0000e-03 -2.0000e-03 -2.0000e-03 -2.0000e-03 -2.0000e-03 -2.0000e-03 -2.0000e-03 -2.0000e-03 -2.0000e-03 -2.0000e-03 -2.0000e-03 -2.0000e-03 -2.0000e-03 -1.9999e-03 -1.9999e-03 -1.9999e-03 -1.9999e-03 -1.9999e-03 -1.9999e-03 -1.9999e-03 -1.9999e-03 -1.9999e-03 -1.9999e-03 -1.9999e-03 -1.9999e-03 -1.9999e-03 