# Author: FAC idanalysis.IDKickMap
#
# Total Length of Longitudinal Interval [m]
0.13
# Number of Horizontal Points
25
# Number of Vertical Points
9
# Total Horizontal 2nd Order Kick [T2m2]
START
            -0000.01200 -0000.01100 -0000.01000 -0000.00900 -0000.00800 -0000.00700 -0000.00600 -0000.00500 -0000.00400 -0000.00300 -0000.00200 -0000.00100 +0000.00000 +0000.00100 +0000.00200 +0000.00300 +0000.00400 +0000.00500 +0000.00600 +0000.00700 +0000.00800 +0000.00900 +0000.01000 +0000.01100 +0000.01200
+0000.00200 -1.1035e-04 -1.0880e-04 -1.0569e-04 -1.0131e-04 -1.0237e-04 -1.0245e-04 -1.0115e-04 -9.7969e-05 -9.6670e-05 -9.8441e-05 -9.8752e-05 -9.7529e-05 -9.4617e-05 -9.6776e-05 -9.8517e-05 -9.8856e-05 -9.7343e-05 -9.7077e-05 -1.0045e-04 -1.0238e-04 -1.0277e-04 -1.0120e-04 -1.0469e-04 -1.0821e-04 -1.1034e-04
+0000.00150 -1.0943e-04 -1.0764e-04 -1.0493e-04 -1.0225e-04 -1.0173e-04 -1.0130e-04 -9.9992e-05 -9.7856e-05 -9.6902e-05 -9.7500e-05 -9.7533e-05 -9.6616e-05 -9.5417e-05 -9.6249e-05 -9.7387e-05 -9.7679e-05 -9.7086e-05 -9.7461e-05 -9.9555e-05 -1.0116e-04 -1.0180e-04 -1.0201e-04 -1.0431e-04 -1.0716e-04 -1.0921e-04
+0000.00100 -1.0940e-04 -1.0744e-04 -1.0506e-04 -1.0293e-04 -1.0189e-04 -1.0109e-04 -9.9836e-05 -9.8271e-05 -9.7427e-05 -9.7445e-05 -9.7293e-05 -9.6641e-05 -9.6046e-05 -9.6456e-05 -9.7194e-05 -9.7501e-05 -9.7446e-05 -9.8028e-05 -9.9531e-05 -1.0092e-04 -1.0180e-04 -1.0267e-04 -1.0460e-04 -1.0702e-04 -1.0908e-04
+0000.00050 -1.0942e-04 -1.0737e-04 -1.0517e-04 -1.0324e-04 -1.0199e-04 -1.0100e-04 -9.9792e-05 -9.8485e-05 -9.7680e-05 -9.7444e-05 -9.7194e-05 -9.6692e-05 -9.6326e-05 -9.6580e-05 -9.7116e-05 -9.7444e-05 -9.7641e-05 -9.8295e-05 -9.9546e-05 -1.0082e-04 -1.0184e-04 -1.0297e-04 -1.0477e-04 -1.0698e-04 -1.0906e-04
+0000.00000 -1.0943e-04 -1.0736e-04 -1.0520e-04 -1.0332e-04 -1.0203e-04 -1.0098e-04 -9.9784e-05 -9.8550e-05 -9.7755e-05 -9.7448e-05 -9.7168e-05 -9.6712e-05 -9.6408e-05 -9.6620e-05 -9.7096e-05 -9.7432e-05 -9.7701e-05 -9.8374e-05 -9.9555e-05 -1.0079e-04 -1.0186e-04 -1.0306e-04 -1.0483e-04 -1.0697e-04 -1.0906e-04
-0000.00050 -1.0942e-04 -1.0737e-04 -1.0517e-04 -1.0323e-04 -1.0199e-04 -1.0100e-04 -9.9792e-05 -9.8484e-05 -9.7679e-05 -9.7444e-05 -9.7194e-05 -9.6692e-05 -9.6326e-05 -9.6580e-05 -9.7116e-05 -9.7444e-05 -9.7641e-05 -9.8296e-05 -9.9546e-05 -1.0082e-04 -1.0184e-04 -1.0297e-04 -1.0478e-04 -1.0698e-04 -1.0906e-04
-0000.00100 -1.0940e-04 -1.0744e-04 -1.0506e-04 -1.0293e-04 -1.0189e-04 -1.0109e-04 -9.9836e-05 -9.8269e-05 -9.7425e-05 -9.7445e-05 -9.7294e-05 -9.6642e-05 -9.6046e-05 -9.6455e-05 -9.7193e-05 -9.7501e-05 -9.7448e-05 -9.8029e-05 -9.9531e-05 -1.0092e-04 -1.0180e-04 -1.0268e-04 -1.0460e-04 -1.0702e-04 -1.0908e-04
-0000.00150 -1.0943e-04 -1.0764e-04 -1.0493e-04 -1.0224e-04 -1.0173e-04 -1.0130e-04 -9.9993e-05 -9.7854e-05 -9.6900e-05 -9.7500e-05 -9.7534e-05 -9.6617e-05 -9.5417e-05 -9.6248e-05 -9.7386e-05 -9.7679e-05 -9.7088e-05 -9.7462e-05 -9.9554e-05 -1.0116e-04 -1.0180e-04 -1.0202e-04 -1.0431e-04 -1.0716e-04 -1.0921e-04
-0000.00200 -1.1036e-04 -1.0881e-04 -1.0569e-04 -1.0130e-04 -1.0237e-04 -1.0245e-04 -1.0115e-04 -9.7966e-05 -9.6666e-05 -9.8441e-05 -9.8753e-05 -9.7531e-05 -9.4617e-05 -9.6774e-05 -9.8516e-05 -9.8856e-05 -9.7347e-05 -9.7080e-05 -1.0045e-04 -1.0237e-04 -1.0277e-04 -1.0121e-04 -1.0469e-04 -1.0821e-04 -1.1034e-04
# Total Vertical 2nd Order Kick [T2m2]
START
            -0000.01200 -0000.01100 -0000.01000 -0000.00900 -0000.00800 -0000.00700 -0000.00600 -0000.00500 -0000.00400 -0000.00300 -0000.00200 -0000.00100 +0000.00000 +0000.00100 +0000.00200 +0000.00300 +0000.00400 +0000.00500 +0000.00600 +0000.00700 +0000.00800 +0000.00900 +0000.01000 +0000.01100 +0000.01200
+0000.00200 -1.6071e-04 -1.6175e-04 -1.6286e-04 -1.6076e-04 -1.5852e-04 -1.5927e-04 -1.6060e-04 -1.6116e-04 -1.5740e-04 -1.5709e-04 -1.5822e-04 -1.5950e-04 -1.5820e-04 -1.5550e-04 -1.5614e-04 -1.5747e-04 -1.5821e-04 -1.5457e-04 -1.5401e-04 -1.5509e-04 -1.5643e-04 -1.5543e-04 -1.5220e-04 -1.5262e-04 -1.5384e-04
+0000.00150 -1.0667e-04 -1.0718e-04 -1.0755e-04 -1.0638e-04 -1.0517e-04 -1.0545e-04 -1.0614e-04 -1.0606e-04 -1.0442e-04 -1.0397e-04 -1.0455e-04 -1.0510e-04 -1.0423e-04 -1.0293e-04 -1.0313e-04 -1.0383e-04 -1.0387e-04 -1.0226e-04 -1.0169e-04 -1.0223e-04 -1.0281e-04 -1.0201e-04 -1.0049e-04 -1.0051e-04 -1.0109e-04
+0000.00100 -6.5185e-05 -6.5382e-05 -6.5464e-05 -6.4846e-05 -6.4223e-05 -6.4302e-05 -6.4610e-05 -6.4460e-05 -6.3689e-05 -6.3386e-05 -6.3645e-05 -6.3843e-05 -6.3366e-05 -6.2731e-05 -6.2767e-05 -6.3081e-05 -6.2989e-05 -6.2229e-05 -6.1869e-05 -6.2105e-05 -6.2323e-05 -6.1851e-05 -6.1104e-05 -6.1024e-05 -6.1253e-05
+0000.00050 -3.0927e-05 -3.0984e-05 -3.0987e-05 -3.0719e-05 -3.0453e-05 -3.0467e-05 -3.0578e-05 -3.0488e-05 -3.0172e-05 -3.0028e-05 -3.0121e-05 -3.0180e-05 -2.9970e-05 -2.9706e-05 -2.9703e-05 -2.9818e-05 -2.9751e-05 -2.9438e-05 -2.9271e-05 -2.9354e-05 -2.9419e-05 -2.9205e-05 -2.8892e-05 -2.8832e-05 -2.8901e-05
+0000.00000 -1.5522e-08 -1.5364e-08 -1.5615e-08 -1.6594e-08 -1.7515e-08 -1.7715e-08 -1.7596e-08 -1.7798e-08 -1.8373e-08 -1.8754e-08 -1.8724e-08 -1.8514e-08 -1.8410e-08 -1.8559e-08 -1.8809e-08 -1.8881e-08 -1.8552e-08 -1.8035e-08 -1.7891e-08 -1.8086e-08 -1.8017e-08 -1.7261e-08 -1.6342e-08 -1.5970e-08 -1.5928e-08
-0000.00050 +3.0896e-05 +3.0954e-05 +3.0956e-05 +3.0686e-05 +3.0418e-05 +3.0431e-05 +3.0543e-05 +3.0453e-05 +3.0135e-05 +2.9990e-05 +3.0084e-05 +3.0143e-05 +2.9934e-05 +2.9669e-05 +2.9665e-05 +2.9780e-05 +2.9714e-05 +2.9402e-05 +2.9236e-05 +2.9317e-05 +2.9383e-05 +2.9171e-05 +2.8859e-05 +2.8800e-05 +2.8869e-05
-0000.00100 +6.5153e-05 +6.5351e-05 +6.5434e-05 +6.4812e-05 +6.4187e-05 +6.4267e-05 +6.4575e-05 +6.4425e-05 +6.3652e-05 +6.3348e-05 +6.3607e-05 +6.3806e-05 +6.3329e-05 +6.2694e-05 +6.2729e-05 +6.3043e-05 +6.2951e-05 +6.2194e-05 +6.1834e-05 +6.2069e-05 +6.2286e-05 +6.1816e-05 +6.1072e-05 +6.0993e-05 +6.1221e-05
-0000.00150 +1.0664e-04 +1.0715e-04 +1.0752e-04 +1.0634e-04 +1.0513e-04 +1.0542e-04 +1.0610e-04 +1.0603e-04 +1.0439e-04 +1.0393e-04 +1.0452e-04 +1.0506e-04 +1.0420e-04 +1.0290e-04 +1.0309e-04 +1.0379e-04 +1.0383e-04 +1.0223e-04 +1.0165e-04 +1.0219e-04 +1.0277e-04 +1.0197e-04 +1.0046e-04 +1.0048e-04 +1.0106e-04
-0000.00200 +1.6067e-04 +1.6173e-04 +1.6283e-04 +1.6072e-04 +1.5848e-04 +1.5923e-04 +1.6056e-04 +1.6113e-04 +1.5736e-04 +1.5705e-04 +1.5818e-04 +1.5946e-04 +1.5817e-04 +1.5547e-04 +1.5610e-04 +1.5743e-04 +1.5817e-04 +1.5454e-04 +1.5398e-04 +1.5505e-04 +1.5638e-04 +1.5539e-04 +1.5217e-04 +1.5259e-04 +1.5380e-04
# Horizontal Final Position [m]
START
            -0000.01200 -0000.01100 -0000.01000 -0000.00900 -0000.00800 -0000.00700 -0000.00600 -0000.00500 -0000.00400 -0000.00300 -0000.00200 -0000.00100 +0000.00000 +0000.00100 +0000.00200 +0000.00300 +0000.00400 +0000.00500 +0000.00600 +0000.00700 +0000.00800 +0000.00900 +0000.01000 +0000.01100 +0000.01200
+0000.00200 -1.2001e-02 -1.1001e-02 -1.0001e-02 -9.0008e-03 -8.0009e-03 -7.0009e-03 -6.0010e-03 -5.0010e-03 -4.0010e-03 -3.0010e-03 -2.0010e-03 -1.0010e-03 -9.8494e-07 +9.9900e-04 +1.9990e-03 +2.9990e-03 +3.9990e-03 +4.9990e-03 +5.9990e-03 +6.9991e-03 +7.9991e-03 +8.9992e-03 +9.9992e-03 +1.0999e-02 +1.1999e-02
+0000.00150 -1.2001e-02 -1.1001e-02 -1.0001e-02 -9.0009e-03 -8.0009e-03 -7.0009e-03 -6.0010e-03 -5.0010e-03 -4.0010e-03 -3.0010e-03 -2.0010e-03 -1.0010e-03 -9.9977e-07 +9.9899e-04 +1.9990e-03 +2.9990e-03 +3.9990e-03 +4.9990e-03 +5.9990e-03 +6.9991e-03 +7.9991e-03 +8.9991e-03 +9.9992e-03 +1.0999e-02 +1.1999e-02
+0000.00100 -1.2001e-02 -1.1001e-02 -1.0001e-02 -9.0009e-03 -8.0009e-03 -7.0009e-03 -6.0010e-03 -5.0010e-03 -4.0010e-03 -3.0010e-03 -2.0010e-03 -1.0010e-03 -1.0060e-06 +9.9899e-04 +1.9990e-03 +2.9990e-03 +3.9990e-03 +4.9990e-03 +5.9990e-03 +6.9991e-03 +7.9991e-03 +8.9991e-03 +9.9992e-03 +1.0999e-02 +1.1999e-02
+0000.00050 -1.2001e-02 -1.1001e-02 -1.0001e-02 -9.0009e-03 -8.0009e-03 -7.0009e-03 -6.0010e-03 -5.0010e-03 -4.0010e-03 -3.0010e-03 -2.0010e-03 -1.0010e-03 -1.0090e-06 +9.9899e-04 +1.9990e-03 +2.9990e-03 +3.9990e-03 +4.9990e-03 +5.9990e-03 +6.9991e-03 +7.9991e-03 +8.9991e-03 +9.9992e-03 +1.0999e-02 +1.1999e-02
+0000.00000 -1.2001e-02 -1.1001e-02 -1.0001e-02 -9.0009e-03 -8.0009e-03 -7.0009e-03 -6.0010e-03 -5.0010e-03 -4.0010e-03 -3.0010e-03 -2.0010e-03 -1.0010e-03 -1.0099e-06 +9.9899e-04 +1.9990e-03 +2.9990e-03 +3.9990e-03 +4.9990e-03 +5.9990e-03 +6.9991e-03 +7.9991e-03 +8.9991e-03 +9.9992e-03 +1.0999e-02 +1.1999e-02
-0000.00050 -1.2001e-02 -1.1001e-02 -1.0001e-02 -9.0009e-03 -8.0009e-03 -7.0009e-03 -6.0010e-03 -5.0010e-03 -4.0010e-03 -3.0010e-03 -2.0010e-03 -1.0010e-03 -1.0090e-06 +9.9899e-04 +1.9990e-03 +2.9990e-03 +3.9990e-03 +4.9990e-03 +5.9990e-03 +6.9991e-03 +7.9991e-03 +8.9991e-03 +9.9992e-03 +1.0999e-02 +1.1999e-02
-0000.00100 -1.2001e-02 -1.1001e-02 -1.0001e-02 -9.0009e-03 -8.0009e-03 -7.0009e-03 -6.0010e-03 -5.0010e-03 -4.0010e-03 -3.0010e-03 -2.0010e-03 -1.0010e-03 -1.0060e-06 +9.9899e-04 +1.9990e-03 +2.9990e-03 +3.9990e-03 +4.9990e-03 +5.9990e-03 +6.9991e-03 +7.9991e-03 +8.9991e-03 +9.9992e-03 +1.0999e-02 +1.1999e-02
-0000.00150 -1.2001e-02 -1.1001e-02 -1.0001e-02 -9.0009e-03 -8.0009e-03 -7.0009e-03 -6.0010e-03 -5.0010e-03 -4.0010e-03 -3.0010e-03 -2.0010e-03 -1.0010e-03 -9.9977e-07 +9.9899e-04 +1.9990e-03 +2.9990e-03 +3.9990e-03 +4.9990e-03 +5.9990e-03 +6.9991e-03 +7.9991e-03 +8.9991e-03 +9.9992e-03 +1.0999e-02 +1.1999e-02
-0000.00200 -1.2001e-02 -1.1001e-02 -1.0001e-02 -9.0008e-03 -8.0009e-03 -7.0009e-03 -6.0010e-03 -5.0010e-03 -4.0010e-03 -3.0010e-03 -2.0010e-03 -1.0010e-03 -9.8494e-07 +9.9900e-04 +1.9990e-03 +2.9990e-03 +3.9990e-03 +4.9990e-03 +5.9990e-03 +6.9991e-03 +7.9991e-03 +8.9992e-03 +9.9992e-03 +1.0999e-02 +1.1999e-02
# Vertical Final Position [m]
START
            -0000.01200 -0000.01100 -0000.01000 -0000.00900 -0000.00800 -0000.00700 -0000.00600 -0000.00500 -0000.00400 -0000.00300 -0000.00200 -0000.00100 +0000.00000 +0000.00100 +0000.00200 +0000.00300 +0000.00400 +0000.00500 +0000.00600 +0000.00700 +0000.00800 +0000.00900 +0000.01000 +0000.01100 +0000.01200
+0000.00200 +2.0000e-03 +1.9999e-03 +1.9999e-03 +1.9999e-03 +1.9999e-03 +1.9999e-03 +1.9999e-03 +1.9999e-03 +1.9999e-03 +1.9999e-03 +1.9998e-03 +1.9998e-03 +1.9998e-03 +1.9999e-03 +1.9998e-03 +1.9998e-03 +1.9998e-03 +1.9998e-03 +1.9998e-03 +1.9998e-03 +1.9998e-03 +1.9998e-03 +1.9998e-03 +1.9998e-03 +1.9997e-03
+0000.00150 +1.5000e-03 +1.5000e-03 +1.5000e-03 +1.5000e-03 +1.5000e-03 +1.4999e-03 +1.4999e-03 +1.4999e-03 +1.4999e-03 +1.4999e-03 +1.4999e-03 +1.4999e-03 +1.4999e-03 +1.4999e-03 +1.4999e-03 +1.4999e-03 +1.4999e-03 +1.4999e-03 +1.4999e-03 +1.4999e-03 +1.4998e-03 +1.4998e-03 +1.4998e-03 +1.4998e-03 +1.4998e-03
+0000.00100 +9.9999e-04 +9.9998e-04 +9.9998e-04 +9.9997e-04 +9.9997e-04 +9.9997e-04 +9.9996e-04 +9.9995e-04 +9.9995e-04 +9.9995e-04 +9.9994e-04 +9.9994e-04 +9.9994e-04 +9.9994e-04 +9.9993e-04 +9.9992e-04 +9.9992e-04 +9.9992e-04 +9.9992e-04 +9.9991e-04 +9.9990e-04 +9.9990e-04 +9.9990e-04 +9.9989e-04 +9.9988e-04
+0000.00050 +5.0000e-04 +4.9999e-04 +4.9999e-04 +4.9999e-04 +4.9999e-04 +4.9998e-04 +4.9998e-04 +4.9998e-04 +4.9998e-04 +4.9998e-04 +4.9997e-04 +4.9997e-04 +4.9997e-04 +4.9997e-04 +4.9997e-04 +4.9996e-04 +4.9996e-04 +4.9996e-04 +4.9996e-04 +4.9996e-04 +4.9995e-04 +4.9995e-04 +4.9995e-04 +4.9995e-04 +4.9994e-04
+0000.00000 -3.4880e-11 -3.6146e-11 -3.7687e-11 -3.9566e-11 -4.1191e-11 -4.2157e-11 -4.2799e-11 -4.3594e-11 -4.4590e-11 -4.5321e-11 -4.5572e-11 -4.5511e-11 -4.5414e-11 -4.5454e-11 -4.5485e-11 -4.5231e-11 -4.4508e-11 -4.3523e-11 -4.2749e-11 -4.2164e-11 -4.1337e-11 -3.9908e-11 -3.8122e-11 -3.6475e-11 -3.5006e-11
-0000.00050 -5.0000e-04 -4.9999e-04 -4.9999e-04 -4.9999e-04 -4.9999e-04 -4.9998e-04 -4.9998e-04 -4.9998e-04 -4.9998e-04 -4.9998e-04 -4.9997e-04 -4.9997e-04 -4.9997e-04 -4.9997e-04 -4.9997e-04 -4.9996e-04 -4.9996e-04 -4.9996e-04 -4.9996e-04 -4.9996e-04 -4.9995e-04 -4.9995e-04 -4.9995e-04 -4.9995e-04 -4.9994e-04
-0000.00100 -9.9999e-04 -9.9998e-04 -9.9998e-04 -9.9997e-04 -9.9997e-04 -9.9997e-04 -9.9996e-04 -9.9995e-04 -9.9995e-04 -9.9995e-04 -9.9994e-04 -9.9994e-04 -9.9994e-04 -9.9994e-04 -9.9993e-04 -9.9992e-04 -9.9992e-04 -9.9992e-04 -9.9992e-04 -9.9991e-04 -9.9990e-04 -9.9990e-04 -9.9990e-04 -9.9989e-04 -9.9988e-04
-0000.00150 -1.5000e-03 -1.5000e-03 -1.5000e-03 -1.5000e-03 -1.5000e-03 -1.4999e-03 -1.4999e-03 -1.4999e-03 -1.4999e-03 -1.4999e-03 -1.4999e-03 -1.4999e-03 -1.4999e-03 -1.4999e-03 -1.4999e-03 -1.4999e-03 -1.4999e-03 -1.4999e-03 -1.4999e-03 -1.4999e-03 -1.4998e-03 -1.4998e-03 -1.4998e-03 -1.4998e-03 -1.4998e-03
-0000.00200 -2.0000e-03 -1.9999e-03 -1.9999e-03 -1.9999e-03 -1.9999e-03 -1.9999e-03 -1.9999e-03 -1.9999e-03 -1.9999e-03 -1.9999e-03 -1.9998e-03 -1.9998e-03 -1.9998e-03 -1.9999e-03 -1.9998e-03 -1.9998e-03 -1.9998e-03 -1.9998e-03 -1.9998e-03 -1.9998e-03 -1.9998e-03 -1.9998e-03 -1.9998e-03 -1.9998e-03 -1.9997e-03
