# Author: FAC idanalysis.IDKickMap
#
# Total Length of Longitudinal Interval [m]
2
# Number of Horizontal Points
21
# Number of Vertical Points
5
# Total Horizontal 2nd Order Kick [T2m2]
START
            -0000.01000 -0000.00900 -0000.00800 -0000.00700 -0000.00600 -0000.00500 -0000.00400 -0000.00300 -0000.00200 -0000.00100 +0000.00000 +0000.00100 +0000.00200 +0000.00300 +0000.00400 +0000.00500 +0000.00600 +0000.00700 +0000.00800 +0000.00900 +0000.01000
+0000.00600 +6.8770e-07 +7.7089e-06 -5.4772e-06 -5.4051e-07 +8.9273e-06 -4.0147e-06 +1.7644e-07 +1.4078e-05 -2.0478e-06 +1.8405e-06 +3.8838e-07 -1.3458e-06 +2.5376e-06 -1.5970e-05 -2.1772e-06 +2.0147e-06 -1.0566e-05 -9.4168e-07 +3.9667e-06 -7.0282e-06 -7.0881e-09
+0000.00300 +1.0998e-06 +1.9469e-06 -9.8148e-07 -1.1617e-07 +6.8687e-07 -9.8029e-07 +9.3526e-08 +2.4395e-07 -5.0234e-07 +7.0115e-07 +4.2649e-08 -4.9675e-07 +7.2261e-07 -9.1876e-07 -7.7927e-07 +3.3346e-07 -1.4470e-06 -6.6480e-07 +1.7434e-07 -1.6528e-06 -8.3397e-07
+0000.00000 -2.7063e-06 -1.5319e-06 -1.3828e-06 -9.7259e-07 -7.6855e-07 -8.5707e-07 -4.9419e-07 -3.6470e-07 -3.6817e-07 +4.2801e-09 +5.0966e-10 -1.5713e-08 +3.0851e-07 +2.1564e-07 +2.5901e-07 +5.8223e-07 +4.8195e-07 +6.9841e-07 +1.1816e-06 +1.4449e-06 +2.7044e-06
-0000.00300 +1.0512e-06 +1.8833e-06 -6.8526e-07 +1.7162e-07 +9.5672e-07 -9.2978e-07 +1.4397e-07 +3.2450e-07 -5.3145e-07 +6.8472e-07 +1.5493e-07 -4.7925e-07 +7.5309e-07 -1.0005e-06 -8.3034e-07 +2.8197e-07 -1.7004e-06 -9.3821e-07 -1.0735e-07 -1.5918e-06 -7.8742e-07
-0000.00600 +6.0261e-07 +7.5958e-06 -4.7992e-06 +1.4797e-07 +9.5992e-06 -4.3464e-06 -1.6990e-07 +1.3893e-05 -2.0700e-06 +1.8284e-06 +7.2122e-07 -1.3359e-06 +2.5573e-06 -1.5774e-05 -1.8155e-06 +2.3594e-06 -1.1209e-05 -1.6064e-06 +3.3102e-06 -6.9204e-06 +6.7657e-08
# Total Vertical 2nd Order Kick [T2m2]
START
            -0000.01000 -0000.00900 -0000.00800 -0000.00700 -0000.00600 -0000.00500 -0000.00400 -0000.00300 -0000.00200 -0000.00100 +0000.00000 +0000.00100 +0000.00200 +0000.00300 +0000.00400 +0000.00500 +0000.00600 +0000.00700 +0000.00800 +0000.00900 +0000.01000
+0000.00600 +4.5071e-05 +4.6773e-05 +4.5850e-05 +4.5317e-05 +4.8786e-05 +4.5515e-05 +4.5218e-05 +5.5605e-05 +4.5301e-05 +4.5271e-05 +7.3644e-05 +4.5330e-05 +4.5447e-05 +5.6085e-05 +4.4815e-05 +4.4557e-05 +4.7232e-05 +4.3773e-05 +4.4268e-05 +4.5162e-05 +4.3524e-05
+0000.00300 +6.2038e-05 +5.9518e-05 +6.0524e-05 +6.2685e-05 +5.9426e-05 +6.1140e-05 +6.2297e-05 +5.8235e-05 +6.1635e-05 +6.2105e-05 +5.2915e-05 +6.2284e-05 +6.1952e-05 +5.8522e-05 +6.2378e-05 +6.0915e-05 +5.8774e-05 +6.1682e-05 +5.9219e-05 +5.8037e-05 +6.0654e-05
+0000.00000 +1.4344e-08 +1.8296e-08 +1.1458e-08 -6.4041e-09 -2.2112e-08 -2.8476e-08 -3.0390e-08 -2.9854e-08 -2.6298e-08 -2.2554e-08 -2.1049e-08 -2.2423e-08 -2.6074e-08 -2.9522e-08 -2.9821e-08 -2.7556e-08 -2.1122e-08 -6.1433e-09 +1.0503e-08 +1.6447e-08 +1.2300e-08
-0000.00300 -6.2141e-05 -5.9641e-05 -6.0779e-05 -6.3103e-05 -6.0021e-05 -6.1880e-05 -6.3072e-05 -5.9043e-05 -6.2474e-05 -6.2945e-05 -5.3754e-05 -6.3126e-05 -6.2791e-05 -5.9331e-05 -6.3153e-05 -6.1656e-05 -5.9374e-05 -6.2112e-05 -5.9494e-05 -5.8183e-05 -6.0782e-05
-0000.00600 -4.4808e-05 -4.6515e-05 -4.5578e-05 -4.5151e-05 -4.8830e-05 -4.5353e-05 -4.4719e-05 -5.4665e-05 -4.4544e-05 -4.4548e-05 -7.2944e-05 -4.4606e-05 -4.4687e-05 -5.5131e-05 -4.4324e-05 -4.4414e-05 -4.7307e-05 -4.3630e-05 -4.4018e-05 -4.4928e-05 -4.3281e-05
# Horizontal Final Position [m]
START
            -0000.01000 -0000.00900 -0000.00800 -0000.00700 -0000.00600 -0000.00500 -0000.00400 -0000.00300 -0000.00200 -0000.00100 +0000.00000 +0000.00100 +0000.00200 +0000.00300 +0000.00400 +0000.00500 +0000.00600 +0000.00700 +0000.00800 +0000.00900 +0000.01000
+0000.00600 -1.0000e-02 -9.0006e-03 -8.0008e-03 -7.0008e-03 -6.0011e-03 -5.0012e-03 -4.0013e-03 -3.0015e-03 -2.0014e-03 -1.0014e-03 -1.7042e-06 +9.9860e-04 +1.9986e-03 +2.9984e-03 +3.9987e-03 +4.9988e-03 +5.9989e-03 +6.9992e-03 +7.9992e-03 +8.9994e-03 +9.9998e-03
+0000.00300 -1.0000e-02 -9.0007e-03 -8.0010e-03 -7.0011e-03 -6.0013e-03 -5.0015e-03 -4.0015e-03 -3.0016e-03 -2.0017e-03 -1.0017e-03 -1.7204e-06 +9.9830e-04 +1.9983e-03 +2.9984e-03 +3.9985e-03 +4.9985e-03 +5.9987e-03 +6.9989e-03 +7.9990e-03 +8.9993e-03 +9.9996e-03
+0000.00000 -1.0001e-02 -9.0010e-03 -8.0012e-03 -7.0014e-03 -6.0015e-03 -5.0016e-03 -4.0018e-03 -3.0018e-03 -2.0019e-03 -1.0019e-03 -1.9325e-06 +9.9808e-04 +1.9981e-03 +2.9982e-03 +3.9982e-03 +4.9984e-03 +5.9985e-03 +6.9987e-03 +7.9988e-03 +8.9990e-03 +9.9993e-03
-0000.00300 -1.0000e-02 -9.0007e-03 -8.0010e-03 -7.0011e-03 -6.0013e-03 -5.0015e-03 -4.0015e-03 -3.0016e-03 -2.0017e-03 -1.0017e-03 -1.7203e-06 +9.9830e-04 +1.9983e-03 +2.9984e-03 +3.9985e-03 +4.9985e-03 +5.9987e-03 +6.9989e-03 +7.9990e-03 +8.9993e-03 +9.9996e-03
-0000.00600 -1.0000e-02 -9.0006e-03 -8.0008e-03 -7.0008e-03 -6.0011e-03 -5.0012e-03 -4.0013e-03 -3.0015e-03 -2.0014e-03 -1.0014e-03 -1.7039e-06 +9.9860e-04 +1.9986e-03 +2.9984e-03 +3.9987e-03 +4.9988e-03 +5.9989e-03 +6.9992e-03 +7.9992e-03 +8.9994e-03 +9.9998e-03
# Vertical Final Position [m]
START
            -0000.01000 -0000.00900 -0000.00800 -0000.00700 -0000.00600 -0000.00500 -0000.00400 -0000.00300 -0000.00200 -0000.00100 +0000.00000 +0000.00100 +0000.00200 +0000.00300 +0000.00400 +0000.00500 +0000.00600 +0000.00700 +0000.00800 +0000.00900 +0000.01000
+0000.00600 +6.0009e-03 +6.0009e-03 +6.0005e-03 +6.0005e-03 +6.0006e-03 +6.0003e-03 +6.0003e-03 +6.0003e-03 +6.0001e-03 +6.0002e-03 +6.0001e-03 +5.9999e-03 +6.0000e-03 +5.9998e-03 +5.9998e-03 +5.9998e-03 +5.9995e-03 +5.9996e-03 +5.9996e-03 +5.9992e-03 +5.9992e-03
+0000.00300 +2.9984e-03 +2.9986e-03 +2.9988e-03 +2.9990e-03 +2.9991e-03 +2.9993e-03 +2.9994e-03 +2.9996e-03 +2.9998e-03 +2.9999e-03 +3.0001e-03 +3.0002e-03 +3.0003e-03 +3.0005e-03 +3.0007e-03 +3.0008e-03 +3.0010e-03 +3.0012e-03 +3.0013e-03 +3.0015e-03 +3.0017e-03
+0000.00000 -4.0644e-11 -4.3311e-11 -3.5375e-11 -1.3311e-11 +4.3028e-12 +1.5409e-12 -1.2362e-11 -2.4324e-11 -2.9644e-11 -3.0367e-11 -3.0206e-11 -3.0625e-11 -3.0243e-11 -2.5152e-11 -1.3120e-11 +1.1595e-12 +4.5180e-12 -1.2634e-11 -3.4657e-11 -4.2926e-11 -4.0600e-11
-0000.00300 -2.9984e-03 -2.9986e-03 -2.9988e-03 -2.9990e-03 -2.9991e-03 -2.9993e-03 -2.9994e-03 -2.9996e-03 -2.9998e-03 -2.9999e-03 -3.0001e-03 -3.0002e-03 -3.0003e-03 -3.0005e-03 -3.0007e-03 -3.0008e-03 -3.0010e-03 -3.0012e-03 -3.0013e-03 -3.0015e-03 -3.0017e-03
-0000.00600 -6.0009e-03 -6.0009e-03 -6.0005e-03 -6.0005e-03 -6.0006e-03 -6.0003e-03 -6.0003e-03 -6.0003e-03 -6.0001e-03 -6.0002e-03 -6.0001e-03 -5.9999e-03 -6.0000e-03 -5.9998e-03 -5.9998e-03 -5.9998e-03 -5.9995e-03 -5.9996e-03 -5.9996e-03 -5.9992e-03 -5.9992e-03
