# Author: FAC idanalysis.IDKickMap
# Termination_kicks [T2m2]: +0.0000e+00 +0.0000e+00 +0.0000e+00 +0.0000e+00 
# Total Length of Longitudinal Interval [m]
0.13
# Number of Horizontal Points
61
# Number of Vertical Points
9
# Total Horizontal 2nd Order Kick [T2m2]
START
            -0000.01000 -0000.00967 -0000.00933 -0000.00900 -0000.00867 -0000.00833 -0000.00800 -0000.00767 -0000.00733 -0000.00700 -0000.00667 -0000.00633 -0000.00600 -0000.00567 -0000.00533 -0000.00500 -0000.00467 -0000.00433 -0000.00400 -0000.00367 -0000.00333 -0000.00300 -0000.00267 -0000.00233 -0000.00200 -0000.00167 -0000.00133 -0000.00100 -0000.00067 -0000.00033 +0000.00000 +0000.00033 +0000.00067 +0000.00100 +0000.00133 +0000.00167 +0000.00200 +0000.00233 +0000.00267 +0000.00300 +0000.00333 +0000.00367 +0000.00400 +0000.00433 +0000.00467 +0000.00500 +0000.00533 +0000.00567 +0000.00600 +0000.00633 +0000.00667 +0000.00700 +0000.00733 +0000.00767 +0000.00800 +0000.00833 +0000.00867 +0000.00900 +0000.00933 +0000.00967 +0000.01000 
+0000.00200 -6.4973e-05 -6.4041e-05 -6.3130e-05 -6.2240e-05 -6.1372e-05 -6.0528e-05 -5.9709e-05 -5.8915e-05 -5.8147e-05 -5.7407e-05 -5.6695e-05 -5.6011e-05 -5.5358e-05 -5.4735e-05 -5.4143e-05 -5.3583e-05 -5.3056e-05 -5.2562e-05 -5.2101e-05 -5.1674e-05 -5.1282e-05 -5.0926e-05 -5.0604e-05 -5.0318e-05 -5.0069e-05 -4.9855e-05 -4.9679e-05 -4.9539e-05 -4.9436e-05 -4.9370e-05 -4.9341e-05 -4.9349e-05 -4.9394e-05 -4.9477e-05 -4.9597e-05 -4.9753e-05 -4.9946e-05 -5.0176e-05 -5.0442e-05 -5.0744e-05 -5.1082e-05 -5.1456e-05 -5.1864e-05 -5.2307e-05 -5.2784e-05 -5.3294e-05 -5.3837e-05 -5.4413e-05 -5.5021e-05 -5.5660e-05 -5.6329e-05 -5.7028e-05 -5.7756e-05 -5.8512e-05 -5.9295e-05 -6.0104e-05 -6.0939e-05 -6.1798e-05 -6.2681e-05 -6.3586e-05 -6.4512e-05 
+0000.00150 -6.5104e-05 -6.4195e-05 -6.3304e-05 -6.2432e-05 -6.1582e-05 -6.0753e-05 -5.9947e-05 -5.9165e-05 -5.8409e-05 -5.7678e-05 -5.6975e-05 -5.6299e-05 -5.5653e-05 -5.5036e-05 -5.4450e-05 -5.3894e-05 -5.3371e-05 -5.2880e-05 -5.2423e-05 -5.1999e-05 -5.1609e-05 -5.1254e-05 -5.0934e-05 -5.0649e-05 -5.0401e-05 -5.0188e-05 -5.0012e-05 -4.9873e-05 -4.9770e-05 -4.9704e-05 -4.9676e-05 -4.9684e-05 -4.9729e-05 -4.9811e-05 -4.9931e-05 -5.0087e-05 -5.0279e-05 -5.0508e-05 -5.0773e-05 -5.1074e-05 -5.1410e-05 -5.1781e-05 -5.2187e-05 -5.2627e-05 -5.3101e-05 -5.3608e-05 -5.4147e-05 -5.4718e-05 -5.5320e-05 -5.5952e-05 -5.6614e-05 -5.7305e-05 -5.8024e-05 -5.8769e-05 -5.9541e-05 -6.0337e-05 -6.1158e-05 -6.2001e-05 -6.2867e-05 -6.3752e-05 -6.4657e-05 
+0000.00100 -6.5194e-05 -6.4301e-05 -6.3425e-05 -6.2567e-05 -6.1728e-05 -6.0910e-05 -6.0114e-05 -5.9342e-05 -5.8593e-05 -5.7870e-05 -5.7173e-05 -5.6504e-05 -5.5862e-05 -5.5250e-05 -5.4667e-05 -5.4116e-05 -5.3595e-05 -5.3107e-05 -5.2652e-05 -5.2230e-05 -5.1842e-05 -5.1488e-05 -5.1169e-05 -5.0886e-05 -5.0638e-05 -5.0426e-05 -5.0251e-05 -5.0112e-05 -5.0009e-05 -4.9944e-05 -4.9915e-05 -4.9923e-05 -4.9968e-05 -5.0050e-05 -5.0169e-05 -5.0325e-05 -5.0517e-05 -5.0745e-05 -5.1009e-05 -5.1309e-05 -5.1644e-05 -5.2014e-05 -5.2418e-05 -5.2856e-05 -5.3327e-05 -5.3831e-05 -5.4367e-05 -5.4934e-05 -5.5532e-05 -5.6160e-05 -5.6817e-05 -5.7501e-05 -5.8213e-05 -5.8951e-05 -5.9714e-05 -6.0501e-05 -6.1312e-05 -6.2144e-05 -6.2996e-05 -6.3868e-05 -6.4758e-05 
+0000.00050 -6.5248e-05 -6.4364e-05 -6.3496e-05 -6.2646e-05 -6.1815e-05 -6.1004e-05 -6.0214e-05 -5.9447e-05 -5.8703e-05 -5.7984e-05 -5.7291e-05 -5.6625e-05 -5.5987e-05 -5.5377e-05 -5.4797e-05 -5.4248e-05 -5.3729e-05 -5.3243e-05 -5.2789e-05 -5.2368e-05 -5.1981e-05 -5.1628e-05 -5.1310e-05 -5.1027e-05 -5.0780e-05 -5.0568e-05 -5.0393e-05 -5.0254e-05 -5.0152e-05 -5.0087e-05 -5.0058e-05 -5.0066e-05 -5.0111e-05 -5.0193e-05 -5.0312e-05 -5.0467e-05 -5.0659e-05 -5.0887e-05 -5.1151e-05 -5.1450e-05 -5.1784e-05 -5.2153e-05 -5.2556e-05 -5.2993e-05 -5.3463e-05 -5.3965e-05 -5.4499e-05 -5.5064e-05 -5.5660e-05 -5.6284e-05 -5.6938e-05 -5.7619e-05 -5.8327e-05 -5.9060e-05 -5.9818e-05 -6.0600e-05 -6.1403e-05 -6.2228e-05 -6.3073e-05 -6.3937e-05 -6.4817e-05 
+0000.00000 -6.5265e-05 -6.4384e-05 -6.3520e-05 -6.2672e-05 -6.1843e-05 -6.1035e-05 -6.0247e-05 -5.9481e-05 -5.8739e-05 -5.8022e-05 -5.7330e-05 -5.6665e-05 -5.6028e-05 -5.5420e-05 -5.4840e-05 -5.4292e-05 -5.3774e-05 -5.3288e-05 -5.2834e-05 -5.2414e-05 -5.2027e-05 -5.1675e-05 -5.1357e-05 -5.1074e-05 -5.0827e-05 -5.0616e-05 -5.0441e-05 -5.0302e-05 -5.0200e-05 -5.0135e-05 -5.0106e-05 -5.0114e-05 -5.0159e-05 -5.0241e-05 -5.0360e-05 -5.0515e-05 -5.0707e-05 -5.0934e-05 -5.1198e-05 -5.1497e-05 -5.1831e-05 -5.2199e-05 -5.2602e-05 -5.3038e-05 -5.3508e-05 -5.4010e-05 -5.4543e-05 -5.5107e-05 -5.5702e-05 -5.6326e-05 -5.6978e-05 -5.7658e-05 -5.8364e-05 -5.9096e-05 -5.9853e-05 -6.0632e-05 -6.1434e-05 -6.2257e-05 -6.3099e-05 -6.3960e-05 -6.4837e-05 
-0000.00050 -6.5247e-05 -6.4363e-05 -6.3496e-05 -6.2646e-05 -6.1815e-05 -6.1003e-05 -6.0214e-05 -5.9446e-05 -5.8703e-05 -5.7984e-05 -5.7291e-05 -5.6625e-05 -5.5987e-05 -5.5377e-05 -5.4797e-05 -5.4248e-05 -5.3729e-05 -5.3243e-05 -5.2789e-05 -5.2368e-05 -5.1981e-05 -5.1628e-05 -5.1310e-05 -5.1027e-05 -5.0780e-05 -5.0568e-05 -5.0393e-05 -5.0254e-05 -5.0152e-05 -5.0087e-05 -5.0058e-05 -5.0066e-05 -5.0112e-05 -5.0194e-05 -5.0312e-05 -5.0468e-05 -5.0659e-05 -5.0887e-05 -5.1151e-05 -5.1450e-05 -5.1784e-05 -5.2153e-05 -5.2556e-05 -5.2993e-05 -5.3463e-05 -5.3965e-05 -5.4499e-05 -5.5064e-05 -5.5660e-05 -5.6285e-05 -5.6938e-05 -5.7619e-05 -5.8327e-05 -5.9060e-05 -5.9818e-05 -6.0600e-05 -6.1404e-05 -6.2229e-05 -6.3074e-05 -6.3937e-05 -6.4818e-05 
-0000.00100 -6.5193e-05 -6.4300e-05 -6.3423e-05 -6.2565e-05 -6.1727e-05 -6.0909e-05 -6.0113e-05 -5.9341e-05 -5.8592e-05 -5.7869e-05 -5.7172e-05 -5.6503e-05 -5.5861e-05 -5.5249e-05 -5.4667e-05 -5.4115e-05 -5.3595e-05 -5.3107e-05 -5.2651e-05 -5.2229e-05 -5.1841e-05 -5.1488e-05 -5.1169e-05 -5.0885e-05 -5.0638e-05 -5.0426e-05 -5.0250e-05 -5.0111e-05 -5.0009e-05 -4.9943e-05 -4.9915e-05 -4.9923e-05 -4.9968e-05 -5.0050e-05 -5.0169e-05 -5.0325e-05 -5.0517e-05 -5.0745e-05 -5.1009e-05 -5.1309e-05 -5.1644e-05 -5.2014e-05 -5.2418e-05 -5.2856e-05 -5.3328e-05 -5.3832e-05 -5.4368e-05 -5.4935e-05 -5.5533e-05 -5.6161e-05 -5.6818e-05 -5.7502e-05 -5.8214e-05 -5.8952e-05 -5.9716e-05 -6.0503e-05 -6.1313e-05 -6.2145e-05 -6.2998e-05 -6.3870e-05 -6.4760e-05 
-0000.00150 -6.5102e-05 -6.4193e-05 -6.3302e-05 -6.2430e-05 -6.1580e-05 -6.0751e-05 -5.9945e-05 -5.9163e-05 -5.8407e-05 -5.7677e-05 -5.6973e-05 -5.6298e-05 -5.5652e-05 -5.5035e-05 -5.4448e-05 -5.3893e-05 -5.3370e-05 -5.2879e-05 -5.2422e-05 -5.1998e-05 -5.1608e-05 -5.1253e-05 -5.0933e-05 -5.0649e-05 -5.0400e-05 -5.0188e-05 -5.0012e-05 -4.9872e-05 -4.9770e-05 -4.9704e-05 -4.9675e-05 -4.9684e-05 -4.9729e-05 -4.9812e-05 -4.9931e-05 -5.0087e-05 -5.0279e-05 -5.0508e-05 -5.0773e-05 -5.1074e-05 -5.1411e-05 -5.1782e-05 -5.2188e-05 -5.2628e-05 -5.3102e-05 -5.3609e-05 -5.4148e-05 -5.4719e-05 -5.5321e-05 -5.5954e-05 -5.6616e-05 -5.7307e-05 -5.8025e-05 -5.8771e-05 -5.9543e-05 -6.0339e-05 -6.1160e-05 -6.2003e-05 -6.2868e-05 -6.3754e-05 -6.4659e-05 
-0000.00200 -6.4970e-05 -6.4038e-05 -6.3127e-05 -6.2237e-05 -6.1370e-05 -6.0526e-05 -5.9706e-05 -5.8913e-05 -5.8145e-05 -5.7405e-05 -5.6693e-05 -5.6010e-05 -5.5356e-05 -5.4733e-05 -5.4142e-05 -5.3582e-05 -5.3055e-05 -5.2560e-05 -5.2100e-05 -5.1673e-05 -5.1282e-05 -5.0925e-05 -5.0603e-05 -5.0318e-05 -5.0068e-05 -4.9855e-05 -4.9678e-05 -4.9538e-05 -4.9435e-05 -4.9369e-05 -4.9341e-05 -4.9349e-05 -4.9395e-05 -4.9477e-05 -4.9597e-05 -4.9753e-05 -4.9947e-05 -5.0177e-05 -5.0443e-05 -5.0745e-05 -5.1083e-05 -5.1456e-05 -5.1865e-05 -5.2308e-05 -5.2785e-05 -5.3295e-05 -5.3839e-05 -5.4415e-05 -5.5023e-05 -5.5661e-05 -5.6331e-05 -5.7030e-05 -5.7758e-05 -5.8514e-05 -5.9297e-05 -6.0107e-05 -6.0942e-05 -6.1801e-05 -6.2684e-05 -6.3589e-05 -6.4515e-05 
# Total Vertical 2nd Order Kick [T2m2]
START
            -0000.01000 -0000.00967 -0000.00933 -0000.00900 -0000.00867 -0000.00833 -0000.00800 -0000.00767 -0000.00733 -0000.00700 -0000.00667 -0000.00633 -0000.00600 -0000.00567 -0000.00533 -0000.00500 -0000.00467 -0000.00433 -0000.00400 -0000.00367 -0000.00333 -0000.00300 -0000.00267 -0000.00233 -0000.00200 -0000.00167 -0000.00133 -0000.00100 -0000.00067 -0000.00033 +0000.00000 +0000.00033 +0000.00067 +0000.00100 +0000.00133 +0000.00167 +0000.00200 +0000.00233 +0000.00267 +0000.00300 +0000.00333 +0000.00367 +0000.00400 +0000.00433 +0000.00467 +0000.00500 +0000.00533 +0000.00567 +0000.00600 +0000.00633 +0000.00667 +0000.00700 +0000.00733 +0000.00767 +0000.00800 +0000.00833 +0000.00867 +0000.00900 +0000.00933 +0000.00967 +0000.01000 
+0000.00200 -6.5895e-06 -6.5142e-06 -6.4279e-06 -6.3309e-06 -6.2239e-06 -6.1071e-06 -5.9812e-06 -5.8464e-06 -5.7034e-06 -5.5525e-06 -5.3941e-06 -5.2287e-06 -5.0567e-06 -4.8786e-06 -4.6947e-06 -4.5054e-06 -4.3111e-06 -4.1123e-06 -3.9093e-06 -3.7025e-06 -3.4922e-06 -3.2789e-06 -3.0630e-06 -2.8446e-06 -2.6243e-06 -2.4024e-06 -2.1791e-06 -1.9549e-06 -1.7300e-06 -1.5049e-06 -1.2797e-06 -1.0548e-06 -8.3059e-07 -6.0727e-07 -3.8516e-07 -1.6455e-07 +5.4284e-08 +2.7106e-07 +4.8552e-07 +6.9739e-07 +9.0641e-07 +1.1123e-06 +1.3149e-06 +1.5139e-06 +1.7091e-06 +1.9002e-06 +2.0871e-06 +2.2694e-06 +2.4471e-06 +2.6199e-06 +2.7875e-06 +2.9499e-06 +3.1068e-06 +3.2580e-06 +3.4033e-06 +3.5427e-06 +3.6759e-06 +3.8027e-06 +3.9231e-06 +4.0368e-06 +4.1437e-06 
+0000.00150 -4.8349e-06 -4.7815e-06 -4.7195e-06 -4.6494e-06 -4.5716e-06 -4.4864e-06 -4.3940e-06 -4.2950e-06 -4.1896e-06 -4.0781e-06 -3.9610e-06 -3.8384e-06 -3.7108e-06 -3.5784e-06 -3.4416e-06 -3.3006e-06 -3.1559e-06 -3.0076e-06 -2.8561e-06 -2.7017e-06 -2.5446e-06 -2.3852e-06 -2.2237e-06 -2.0604e-06 -1.8955e-06 -1.7294e-06 -1.5622e-06 -1.3943e-06 -1.2259e-06 -1.0573e-06 -8.8860e-07 -7.2016e-07 -5.5218e-07 -3.8490e-07 -2.1853e-07 -5.3309e-08 +1.1056e-07 +2.7285e-07 +4.3336e-07 +5.9188e-07 +7.4822e-07 +9.0218e-07 +1.0536e-06 +1.2022e-06 +1.3479e-06 +1.4905e-06 +1.6297e-06 +1.7655e-06 +1.8977e-06 +2.0261e-06 +2.1506e-06 +2.2709e-06 +2.3870e-06 +2.4987e-06 +2.6059e-06 +2.7084e-06 +2.8062e-06 +2.8990e-06 +2.9868e-06 +3.0694e-06 +3.1468e-06 
+0000.00100 -3.1778e-06 -3.1436e-06 -3.1037e-06 -3.0582e-06 -3.0076e-06 -2.9519e-06 -2.8914e-06 -2.8264e-06 -2.7570e-06 -2.6836e-06 -2.6062e-06 -2.5253e-06 -2.4409e-06 -2.3532e-06 -2.2626e-06 -2.1692e-06 -2.0731e-06 -1.9747e-06 -1.8741e-06 -1.7715e-06 -1.6671e-06 -1.5611e-06 -1.4537e-06 -1.3450e-06 -1.2353e-06 -1.1247e-06 -1.0134e-06 -9.0164e-07 -7.8950e-07 -6.7717e-07 -5.6483e-07 -4.5264e-07 -3.4075e-07 -2.2933e-07 -1.1852e-07 -8.4843e-09 +1.0064e-07 +2.0870e-07 +3.1555e-07 +4.2107e-07 +5.2510e-07 +6.2752e-07 +7.2820e-07 +8.2701e-07 +9.2382e-07 +1.0185e-06 +1.1110e-06 +1.2011e-06 +1.2887e-06 +1.3738e-06 +1.4561e-06 +1.5357e-06 +1.6124e-06 +1.6861e-06 +1.7568e-06 +1.8242e-06 +1.8884e-06 +1.9492e-06 +2.0066e-06 +2.0605e-06 +2.1108e-06 
+0000.00050 -1.5821e-06 -1.5655e-06 -1.5461e-06 -1.5239e-06 -1.4990e-06 -1.4716e-06 -1.4417e-06 -1.4096e-06 -1.3753e-06 -1.3389e-06 -1.3005e-06 -1.2603e-06 -1.2184e-06 -1.1748e-06 -1.1297e-06 -1.0832e-06 -1.0354e-06 -9.8634e-07 -9.3619e-07 -8.8503e-07 -8.3295e-07 -7.8006e-07 -7.2645e-07 -6.7221e-07 -6.1743e-07 -5.6221e-07 -5.0664e-07 -4.5079e-07 -3.9477e-07 -3.3865e-07 -2.8251e-07 -2.2645e-07 -1.7053e-07 -1.1484e-07 -5.9465e-08 -4.4691e-09 +5.0069e-08 +1.0407e-07 +1.5748e-07 +2.1021e-07 +2.6219e-07 +3.1337e-07 +3.6366e-07 +4.1302e-07 +4.6137e-07 +5.0866e-07 +5.5482e-07 +5.9979e-07 +6.4352e-07 +6.8595e-07 +7.2702e-07 +7.6669e-07 +8.0490e-07 +8.4160e-07 +8.7675e-07 +9.1028e-07 +9.4217e-07 +9.7236e-07 +1.0008e-06 +1.0275e-06 +1.0523e-06 
+0000.00000 -1.6210e-08 -1.6477e-08 -1.6732e-08 -1.6975e-08 -1.7205e-08 -1.7425e-08 -1.7633e-08 -1.7831e-08 -1.8019e-08 -1.8196e-08 -1.8363e-08 -1.8521e-08 -1.8669e-08 -1.8808e-08 -1.8939e-08 -1.9060e-08 -1.9173e-08 -1.9278e-08 -1.9374e-08 -1.9463e-08 -1.9543e-08 -1.9616e-08 -1.9681e-08 -1.9739e-08 -1.9789e-08 -1.9831e-08 -1.9867e-08 -1.9895e-08 -1.9916e-08 -1.9929e-08 -1.9936e-08 -1.9935e-08 -1.9927e-08 -1.9912e-08 -1.9889e-08 -1.9859e-08 -1.9822e-08 -1.9777e-08 -1.9725e-08 -1.9664e-08 -1.9597e-08 -1.9521e-08 -1.9437e-08 -1.9345e-08 -1.9244e-08 -1.9135e-08 -1.9017e-08 -1.8890e-08 -1.8754e-08 -1.8608e-08 -1.8453e-08 -1.8288e-08 -1.8112e-08 -1.7926e-08 -1.7729e-08 -1.7521e-08 -1.7302e-08 -1.7071e-08 -1.6828e-08 -1.6572e-08 -1.6303e-08 
-0000.00050 +1.5496e-06 +1.5325e-06 +1.5126e-06 +1.4899e-06 +1.4645e-06 +1.4367e-06 +1.4064e-06 +1.3739e-06 +1.3392e-06 +1.3025e-06 +1.2638e-06 +1.2232e-06 +1.1810e-06 +1.1372e-06 +1.0918e-06 +1.0451e-06 +9.9701e-07 +9.4776e-07 +8.9742e-07 +8.4608e-07 +7.9385e-07 +7.4081e-07 +6.8707e-07 +6.3271e-07 +5.7784e-07 +5.2253e-07 +4.6688e-07 +4.1098e-07 +3.5492e-07 +2.9877e-07 +2.4262e-07 +1.8656e-07 +1.3066e-07 +7.5002e-08 +1.9668e-08 -3.5267e-08 -8.9730e-08 -1.4365e-07 -1.9694e-07 -2.4955e-07 -3.0140e-07 -3.5242e-07 -4.0255e-07 -4.5173e-07 -4.9988e-07 -5.4694e-07 -5.9286e-07 -6.3758e-07 -6.8104e-07 -7.2318e-07 -7.6394e-07 -8.0328e-07 -8.4114e-07 -8.7747e-07 -9.1222e-07 -9.4534e-07 -9.7679e-07 -1.0065e-06 -1.0345e-06 -1.0607e-06 -1.0850e-06 
-0000.00100 +3.1452e-06 +3.1105e-06 +3.0701e-06 +3.0242e-06 +2.9730e-06 +2.9169e-06 +2.8560e-06 +2.7906e-06 +2.7209e-06 +2.6471e-06 +2.5694e-06 +2.4881e-06 +2.4034e-06 +2.3155e-06 +2.2247e-06 +2.1310e-06 +2.0347e-06 +1.9361e-06 +1.8353e-06 +1.7325e-06 +1.6280e-06 +1.5218e-06 +1.4143e-06 +1.3055e-06 +1.1957e-06 +1.0850e-06 +9.7365e-07 +8.6180e-07 +7.4961e-07 +6.3726e-07 +5.2490e-07 +4.1271e-07 +3.0084e-07 +1.8944e-07 +7.8680e-08 -3.1300e-08 -1.4035e-07 -2.4832e-07 -3.5508e-07 -4.6047e-07 -5.6437e-07 -6.6665e-07 -7.6716e-07 -8.6579e-07 -9.6240e-07 -1.0569e-06 -1.1491e-06 -1.2390e-06 -1.3263e-06 -1.4111e-06 -1.4932e-06 -1.5724e-06 -1.6488e-06 -1.7221e-06 -1.7924e-06 -1.8594e-06 -1.9231e-06 -1.9835e-06 -2.0404e-06 -2.0938e-06 -2.1435e-06 
-0000.00150 +4.8023e-06 +4.7483e-06 +4.6858e-06 +4.6153e-06 +4.5370e-06 +4.4513e-06 +4.3586e-06 +4.2591e-06 +4.1534e-06 +4.0415e-06 +3.9240e-06 +3.8012e-06 +3.6733e-06 +3.5406e-06 +3.4035e-06 +3.2624e-06 +3.1174e-06 +2.9689e-06 +2.8172e-06 +2.6626e-06 +2.5054e-06 +2.3458e-06 +2.1842e-06 +2.0207e-06 +1.8558e-06 +1.6896e-06 +1.5223e-06 +1.3544e-06 +1.1859e-06 +1.0173e-06 +8.4858e-07 +6.8014e-07 +5.1217e-07 +3.4492e-07 +1.7860e-07 +1.3435e-08 -1.5035e-07 -3.1256e-07 -4.7296e-07 -6.3137e-07 -7.8758e-07 -9.4139e-07 -1.0926e-06 -1.2411e-06 -1.3865e-06 -1.5289e-06 -1.6679e-06 -1.8035e-06 -1.9354e-06 -2.0635e-06 -2.1877e-06 -2.3077e-06 -2.4234e-06 -2.5348e-06 -2.6416e-06 -2.7437e-06 -2.8410e-06 -2.9334e-06 -3.0207e-06 -3.1028e-06 -3.1797e-06 
-0000.00200 +6.5565e-06 +6.4808e-06 +6.3940e-06 +6.2965e-06 +6.1890e-06 +6.0719e-06 +5.9455e-06 +5.8104e-06 +5.6670e-06 +5.5157e-06 +5.3570e-06 +5.1914e-06 +5.0191e-06 +4.8407e-06 +4.6565e-06 +4.4670e-06 +4.2725e-06 +4.0735e-06 +3.8703e-06 +3.6633e-06 +3.4529e-06 +3.2395e-06 +3.0233e-06 +2.8049e-06 +2.5845e-06 +2.3624e-06 +2.1391e-06 +1.9148e-06 +1.6899e-06 +1.4647e-06 +1.2396e-06 +1.0147e-06 +7.9049e-07 +5.6719e-07 +3.4513e-07 +1.2457e-07 -9.4193e-08 -3.1089e-07 -5.2524e-07 -7.3699e-07 -9.4588e-07 -1.1517e-06 -1.3541e-06 -1.5529e-06 -1.7479e-06 -1.9388e-06 -2.1254e-06 -2.3075e-06 -2.4849e-06 -2.6574e-06 -2.8248e-06 -2.9868e-06 -3.1434e-06 -3.2942e-06 -3.4392e-06 -3.5782e-06 -3.7109e-06 -3.8373e-06 -3.9572e-06 -4.0704e-06 -4.1769e-06 
# Horizontal Final Position [m]
START
            -0000.01000 -0000.00967 -0000.00933 -0000.00900 -0000.00867 -0000.00833 -0000.00800 -0000.00767 -0000.00733 -0000.00700 -0000.00667 -0000.00633 -0000.00600 -0000.00567 -0000.00533 -0000.00500 -0000.00467 -0000.00433 -0000.00400 -0000.00367 -0000.00333 -0000.00300 -0000.00267 -0000.00233 -0000.00200 -0000.00167 -0000.00133 -0000.00100 -0000.00067 -0000.00033 +0000.00000 +0000.00033 +0000.00067 +0000.00100 +0000.00133 +0000.00167 +0000.00200 +0000.00233 +0000.00267 +0000.00300 +0000.00333 +0000.00367 +0000.00400 +0000.00433 +0000.00467 +0000.00500 +0000.00533 +0000.00567 +0000.00600 +0000.00633 +0000.00667 +0000.00700 +0000.00733 +0000.00767 +0000.00800 +0000.00833 +0000.00867 +0000.00900 +0000.00933 +0000.00967 +0000.01000 
+0000.00200 -1.0004e-02 -9.6706e-03 -9.3373e-03 -9.0039e-03 -8.6706e-03 -8.3373e-03 -8.0039e-03 -7.6706e-03 -7.3373e-03 -7.0039e-03 -6.6706e-03 -6.3373e-03 -6.0040e-03 -5.6706e-03 -5.3373e-03 -5.0040e-03 -4.6707e-03 -4.3373e-03 -4.0040e-03 -3.6707e-03 -3.3374e-03 -3.0040e-03 -2.6707e-03 -2.3374e-03 -2.0040e-03 -1.6707e-03 -1.3374e-03 -1.0040e-03 -6.7072e-04 -3.3738e-04 -4.0513e-06 +3.2928e-04 +6.6262e-04 +9.9595e-04 +1.3293e-03 +1.6626e-03 +1.9960e-03 +2.3293e-03 +2.6626e-03 +2.9960e-03 +3.3293e-03 +3.6627e-03 +3.9960e-03 +4.3293e-03 +4.6627e-03 +4.9960e-03 +5.3294e-03 +5.6627e-03 +5.9961e-03 +6.3294e-03 +6.6627e-03 +6.9961e-03 +7.3294e-03 +7.6628e-03 +7.9961e-03 +8.3294e-03 +8.6628e-03 +8.9961e-03 +9.3294e-03 +9.6628e-03 +9.9961e-03 
+0000.00150 -1.0004e-02 -9.6706e-03 -9.3373e-03 -9.0039e-03 -8.6706e-03 -8.3373e-03 -8.0039e-03 -7.6706e-03 -7.3373e-03 -7.0039e-03 -6.6706e-03 -6.3373e-03 -6.0040e-03 -5.6706e-03 -5.3373e-03 -5.0040e-03 -4.6707e-03 -4.3373e-03 -4.0040e-03 -3.6707e-03 -3.3374e-03 -3.0040e-03 -2.6707e-03 -2.3374e-03 -2.0040e-03 -1.6707e-03 -1.3374e-03 -1.0040e-03 -6.7072e-04 -3.3738e-04 -4.0513e-06 +3.2928e-04 +6.6262e-04 +9.9595e-04 +1.3293e-03 +1.6626e-03 +1.9960e-03 +2.3293e-03 +2.6626e-03 +2.9960e-03 +3.3293e-03 +3.6627e-03 +3.9960e-03 +4.3293e-03 +4.6627e-03 +4.9960e-03 +5.3294e-03 +5.6627e-03 +5.9961e-03 +6.3294e-03 +6.6627e-03 +6.9961e-03 +7.3294e-03 +7.6628e-03 +7.9961e-03 +8.3294e-03 +8.6628e-03 +8.9961e-03 +9.3294e-03 +9.6628e-03 +9.9961e-03 
+0000.00100 -1.0004e-02 -9.6706e-03 -9.3373e-03 -9.0039e-03 -8.6706e-03 -8.3373e-03 -8.0039e-03 -7.6706e-03 -7.3373e-03 -7.0039e-03 -6.6706e-03 -6.3373e-03 -6.0040e-03 -5.6706e-03 -5.3373e-03 -5.0040e-03 -4.6707e-03 -4.3373e-03 -4.0040e-03 -3.6707e-03 -3.3374e-03 -3.0040e-03 -2.6707e-03 -2.3374e-03 -2.0040e-03 -1.6707e-03 -1.3374e-03 -1.0040e-03 -6.7072e-04 -3.3738e-04 -4.0513e-06 +3.2928e-04 +6.6262e-04 +9.9595e-04 +1.3293e-03 +1.6626e-03 +1.9960e-03 +2.3293e-03 +2.6626e-03 +2.9960e-03 +3.3293e-03 +3.6627e-03 +3.9960e-03 +4.3293e-03 +4.6627e-03 +4.9960e-03 +5.3294e-03 +5.6627e-03 +5.9961e-03 +6.3294e-03 +6.6627e-03 +6.9961e-03 +7.3294e-03 +7.6628e-03 +7.9961e-03 +8.3294e-03 +8.6628e-03 +8.9961e-03 +9.3294e-03 +9.6628e-03 +9.9961e-03 
+0000.00050 -1.0004e-02 -9.6706e-03 -9.3373e-03 -9.0039e-03 -8.6706e-03 -8.3373e-03 -8.0039e-03 -7.6706e-03 -7.3373e-03 -7.0039e-03 -6.6706e-03 -6.3373e-03 -6.0040e-03 -5.6706e-03 -5.3373e-03 -5.0040e-03 -4.6707e-03 -4.3373e-03 -4.0040e-03 -3.6707e-03 -3.3374e-03 -3.0040e-03 -2.6707e-03 -2.3374e-03 -2.0040e-03 -1.6707e-03 -1.3374e-03 -1.0040e-03 -6.7072e-04 -3.3738e-04 -4.0513e-06 +3.2928e-04 +6.6262e-04 +9.9595e-04 +1.3293e-03 +1.6626e-03 +1.9960e-03 +2.3293e-03 +2.6626e-03 +2.9960e-03 +3.3293e-03 +3.6627e-03 +3.9960e-03 +4.3293e-03 +4.6627e-03 +4.9960e-03 +5.3294e-03 +5.6627e-03 +5.9961e-03 +6.3294e-03 +6.6627e-03 +6.9961e-03 +7.3294e-03 +7.6628e-03 +7.9961e-03 +8.3294e-03 +8.6628e-03 +8.9961e-03 +9.3294e-03 +9.6628e-03 +9.9961e-03 
+0000.00000 -1.0004e-02 -9.6706e-03 -9.3373e-03 -9.0039e-03 -8.6706e-03 -8.3373e-03 -8.0039e-03 -7.6706e-03 -7.3373e-03 -7.0039e-03 -6.6706e-03 -6.3373e-03 -6.0040e-03 -5.6706e-03 -5.3373e-03 -5.0040e-03 -4.6707e-03 -4.3373e-03 -4.0040e-03 -3.6707e-03 -3.3374e-03 -3.0040e-03 -2.6707e-03 -2.3374e-03 -2.0040e-03 -1.6707e-03 -1.3374e-03 -1.0040e-03 -6.7072e-04 -3.3738e-04 -4.0513e-06 +3.2928e-04 +6.6262e-04 +9.9595e-04 +1.3293e-03 +1.6626e-03 +1.9960e-03 +2.3293e-03 +2.6626e-03 +2.9960e-03 +3.3293e-03 +3.6627e-03 +3.9960e-03 +4.3293e-03 +4.6627e-03 +4.9960e-03 +5.3294e-03 +5.6627e-03 +5.9961e-03 +6.3294e-03 +6.6627e-03 +6.9961e-03 +7.3294e-03 +7.6628e-03 +7.9961e-03 +8.3294e-03 +8.6628e-03 +8.9961e-03 +9.3294e-03 +9.6628e-03 +9.9961e-03 
-0000.00050 -1.0004e-02 -9.6706e-03 -9.3373e-03 -9.0039e-03 -8.6706e-03 -8.3373e-03 -8.0039e-03 -7.6706e-03 -7.3373e-03 -7.0039e-03 -6.6706e-03 -6.3373e-03 -6.0040e-03 -5.6706e-03 -5.3373e-03 -5.0040e-03 -4.6707e-03 -4.3373e-03 -4.0040e-03 -3.6707e-03 -3.3374e-03 -3.0040e-03 -2.6707e-03 -2.3374e-03 -2.0040e-03 -1.6707e-03 -1.3374e-03 -1.0040e-03 -6.7072e-04 -3.3738e-04 -4.0513e-06 +3.2928e-04 +6.6262e-04 +9.9595e-04 +1.3293e-03 +1.6626e-03 +1.9960e-03 +2.3293e-03 +2.6626e-03 +2.9960e-03 +3.3293e-03 +3.6627e-03 +3.9960e-03 +4.3293e-03 +4.6627e-03 +4.9960e-03 +5.3294e-03 +5.6627e-03 +5.9961e-03 +6.3294e-03 +6.6627e-03 +6.9961e-03 +7.3294e-03 +7.6628e-03 +7.9961e-03 +8.3294e-03 +8.6628e-03 +8.9961e-03 +9.3294e-03 +9.6628e-03 +9.9961e-03 
-0000.00100 -1.0004e-02 -9.6706e-03 -9.3373e-03 -9.0039e-03 -8.6706e-03 -8.3373e-03 -8.0039e-03 -7.6706e-03 -7.3373e-03 -7.0039e-03 -6.6706e-03 -6.3373e-03 -6.0040e-03 -5.6706e-03 -5.3373e-03 -5.0040e-03 -4.6707e-03 -4.3373e-03 -4.0040e-03 -3.6707e-03 -3.3374e-03 -3.0040e-03 -2.6707e-03 -2.3374e-03 -2.0040e-03 -1.6707e-03 -1.3374e-03 -1.0040e-03 -6.7072e-04 -3.3738e-04 -4.0513e-06 +3.2928e-04 +6.6262e-04 +9.9595e-04 +1.3293e-03 +1.6626e-03 +1.9960e-03 +2.3293e-03 +2.6626e-03 +2.9960e-03 +3.3293e-03 +3.6627e-03 +3.9960e-03 +4.3293e-03 +4.6627e-03 +4.9960e-03 +5.3294e-03 +5.6627e-03 +5.9961e-03 +6.3294e-03 +6.6627e-03 +6.9961e-03 +7.3294e-03 +7.6628e-03 +7.9961e-03 +8.3294e-03 +8.6628e-03 +8.9961e-03 +9.3294e-03 +9.6628e-03 +9.9961e-03 
-0000.00150 -1.0004e-02 -9.6706e-03 -9.3373e-03 -9.0039e-03 -8.6706e-03 -8.3373e-03 -8.0039e-03 -7.6706e-03 -7.3373e-03 -7.0039e-03 -6.6706e-03 -6.3373e-03 -6.0040e-03 -5.6706e-03 -5.3373e-03 -5.0040e-03 -4.6707e-03 -4.3373e-03 -4.0040e-03 -3.6707e-03 -3.3374e-03 -3.0040e-03 -2.6707e-03 -2.3374e-03 -2.0040e-03 -1.6707e-03 -1.3374e-03 -1.0040e-03 -6.7072e-04 -3.3738e-04 -4.0513e-06 +3.2928e-04 +6.6262e-04 +9.9595e-04 +1.3293e-03 +1.6626e-03 +1.9960e-03 +2.3293e-03 +2.6626e-03 +2.9960e-03 +3.3293e-03 +3.6627e-03 +3.9960e-03 +4.3293e-03 +4.6627e-03 +4.9960e-03 +5.3294e-03 +5.6627e-03 +5.9961e-03 +6.3294e-03 +6.6627e-03 +6.9961e-03 +7.3294e-03 +7.6628e-03 +7.9961e-03 +8.3294e-03 +8.6628e-03 +8.9961e-03 +9.3294e-03 +9.6628e-03 +9.9961e-03 
-0000.00200 -1.0004e-02 -9.6706e-03 -9.3373e-03 -9.0039e-03 -8.6706e-03 -8.3373e-03 -8.0039e-03 -7.6706e-03 -7.3373e-03 -7.0039e-03 -6.6706e-03 -6.3373e-03 -6.0040e-03 -5.6706e-03 -5.3373e-03 -5.0040e-03 -4.6707e-03 -4.3373e-03 -4.0040e-03 -3.6707e-03 -3.3374e-03 -3.0040e-03 -2.6707e-03 -2.3374e-03 -2.0040e-03 -1.6707e-03 -1.3374e-03 -1.0040e-03 -6.7072e-04 -3.3738e-04 -4.0513e-06 +3.2928e-04 +6.6262e-04 +9.9595e-04 +1.3293e-03 +1.6626e-03 +1.9960e-03 +2.3293e-03 +2.6626e-03 +2.9960e-03 +3.3293e-03 +3.6627e-03 +3.9960e-03 +4.3293e-03 +4.6627e-03 +4.9960e-03 +5.3294e-03 +5.6627e-03 +5.9961e-03 +6.3294e-03 +6.6627e-03 +6.9961e-03 +7.3294e-03 +7.6628e-03 +7.9961e-03 +8.3294e-03 +8.6628e-03 +8.9961e-03 +9.3294e-03 +9.6628e-03 +9.9961e-03 
# Vertical Final Position [m]
START
            -0000.01000 -0000.00967 -0000.00933 -0000.00900 -0000.00867 -0000.00833 -0000.00800 -0000.00767 -0000.00733 -0000.00700 -0000.00667 -0000.00633 -0000.00600 -0000.00567 -0000.00533 -0000.00500 -0000.00467 -0000.00433 -0000.00400 -0000.00367 -0000.00333 -0000.00300 -0000.00267 -0000.00233 -0000.00200 -0000.00167 -0000.00133 -0000.00100 -0000.00067 -0000.00033 +0000.00000 +0000.00033 +0000.00067 +0000.00100 +0000.00133 +0000.00167 +0000.00200 +0000.00233 +0000.00267 +0000.00300 +0000.00333 +0000.00367 +0000.00400 +0000.00433 +0000.00467 +0000.00500 +0000.00533 +0000.00567 +0000.00600 +0000.00633 +0000.00667 +0000.00700 +0000.00733 +0000.00767 +0000.00800 +0000.00833 +0000.00867 +0000.00900 +0000.00933 +0000.00967 +0000.01000 
+0000.00200 +2.0001e-03 +2.0001e-03 +2.0001e-03 +2.0001e-03 +2.0001e-03 +2.0001e-03 +2.0001e-03 +2.0001e-03 +2.0001e-03 +2.0001e-03 +2.0001e-03 +2.0001e-03 +2.0001e-03 +2.0001e-03 +2.0001e-03 +2.0000e-03 +2.0000e-03 +2.0000e-03 +2.0000e-03 +2.0000e-03 +2.0000e-03 +2.0000e-03 +2.0000e-03 +2.0000e-03 +2.0000e-03 +2.0000e-03 +2.0000e-03 +2.0000e-03 +2.0000e-03 +2.0000e-03 +2.0000e-03 +2.0000e-03 +2.0000e-03 +2.0000e-03 +2.0000e-03 +2.0000e-03 +2.0000e-03 +2.0000e-03 +2.0000e-03 +2.0000e-03 +2.0000e-03 +2.0000e-03 +2.0000e-03 +2.0000e-03 +2.0000e-03 +2.0000e-03 +2.0000e-03 +1.9999e-03 +1.9999e-03 +1.9999e-03 +1.9999e-03 +1.9999e-03 +1.9999e-03 +1.9999e-03 +1.9999e-03 +1.9999e-03 +1.9999e-03 +1.9999e-03 +1.9999e-03 +1.9999e-03 +1.9999e-03 
+0000.00150 +1.5001e-03 +1.5001e-03 +1.5001e-03 +1.5000e-03 +1.5000e-03 +1.5000e-03 +1.5000e-03 +1.5000e-03 +1.5000e-03 +1.5000e-03 +1.5000e-03 +1.5000e-03 +1.5000e-03 +1.5000e-03 +1.5000e-03 +1.5000e-03 +1.5000e-03 +1.5000e-03 +1.5000e-03 +1.5000e-03 +1.5000e-03 +1.5000e-03 +1.5000e-03 +1.5000e-03 +1.5000e-03 +1.5000e-03 +1.5000e-03 +1.5000e-03 +1.5000e-03 +1.5000e-03 +1.5000e-03 +1.5000e-03 +1.5000e-03 +1.5000e-03 +1.5000e-03 +1.5000e-03 +1.5000e-03 +1.5000e-03 +1.5000e-03 +1.5000e-03 +1.5000e-03 +1.5000e-03 +1.5000e-03 +1.5000e-03 +1.5000e-03 +1.5000e-03 +1.5000e-03 +1.5000e-03 +1.5000e-03 +1.5000e-03 +1.5000e-03 +1.5000e-03 +1.5000e-03 +1.5000e-03 +1.5000e-03 +1.5000e-03 +1.5000e-03 +1.5000e-03 +1.4999e-03 +1.4999e-03 +1.4999e-03 
+0000.00100 +1.0000e-03 +1.0000e-03 +1.0000e-03 +1.0000e-03 +1.0000e-03 +1.0000e-03 +1.0000e-03 +1.0000e-03 +1.0000e-03 +1.0000e-03 +1.0000e-03 +1.0000e-03 +1.0000e-03 +1.0000e-03 +1.0000e-03 +1.0000e-03 +1.0000e-03 +1.0000e-03 +1.0000e-03 +1.0000e-03 +1.0000e-03 +1.0000e-03 +1.0000e-03 +1.0000e-03 +1.0000e-03 +1.0000e-03 +1.0000e-03 +1.0000e-03 +1.0000e-03 +1.0000e-03 +1.0000e-03 +1.0000e-03 +9.9999e-04 +9.9999e-04 +9.9999e-04 +9.9999e-04 +9.9999e-04 +9.9999e-04 +9.9999e-04 +9.9999e-04 +9.9998e-04 +9.9998e-04 +9.9998e-04 +9.9998e-04 +9.9998e-04 +9.9998e-04 +9.9998e-04 +9.9998e-04 +9.9997e-04 +9.9997e-04 +9.9997e-04 +9.9997e-04 +9.9997e-04 +9.9997e-04 +9.9997e-04 +9.9997e-04 +9.9997e-04 +9.9997e-04 +9.9997e-04 +9.9997e-04 +9.9997e-04 
+0000.00050 +5.0002e-04 +5.0002e-04 +5.0002e-04 +5.0002e-04 +5.0002e-04 +5.0002e-04 +5.0002e-04 +5.0002e-04 +5.0002e-04 +5.0002e-04 +5.0001e-04 +5.0001e-04 +5.0001e-04 +5.0001e-04 +5.0001e-04 +5.0001e-04 +5.0001e-04 +5.0001e-04 +5.0001e-04 +5.0001e-04 +5.0001e-04 +5.0001e-04 +5.0001e-04 +5.0001e-04 +5.0000e-04 +5.0000e-04 +5.0000e-04 +5.0000e-04 +5.0000e-04 +5.0000e-04 +5.0000e-04 +5.0000e-04 +5.0000e-04 +5.0000e-04 +5.0000e-04 +5.0000e-04 +4.9999e-04 +4.9999e-04 +4.9999e-04 +4.9999e-04 +4.9999e-04 +4.9999e-04 +4.9999e-04 +4.9999e-04 +4.9999e-04 +4.9999e-04 +4.9999e-04 +4.9999e-04 +4.9999e-04 +4.9999e-04 +4.9999e-04 +4.9998e-04 +4.9998e-04 +4.9998e-04 +4.9998e-04 +4.9998e-04 +4.9998e-04 +4.9998e-04 +4.9998e-04 +4.9998e-04 +4.9998e-04 
+0000.00000 -4.2739e-11 -4.3580e-11 -4.4394e-11 -4.5183e-11 -4.5945e-11 -4.6680e-11 -4.7388e-11 -4.8070e-11 -4.8724e-11 -4.9351e-11 -4.9949e-11 -5.0520e-11 -5.1063e-11 -5.1578e-11 -5.2065e-11 -5.2522e-11 -5.2951e-11 -5.3352e-11 -5.3723e-11 -5.4065e-11 -5.4379e-11 -5.4662e-11 -5.4917e-11 -5.5142e-11 -5.5338e-11 -5.5504e-11 -5.5640e-11 -5.5747e-11 -5.5824e-11 -5.5871e-11 -5.5888e-11 -5.5876e-11 -5.5834e-11 -5.5762e-11 -5.5660e-11 -5.5529e-11 -5.5368e-11 -5.5177e-11 -5.4957e-11 -5.4707e-11 -5.4428e-11 -5.4119e-11 -5.3781e-11 -5.3414e-11 -5.3018e-11 -5.2593e-11 -5.2138e-11 -5.1655e-11 -5.1144e-11 -5.0604e-11 -5.0035e-11 -4.9439e-11 -4.8814e-11 -4.8162e-11 -4.7482e-11 -4.6775e-11 -4.6041e-11 -4.5279e-11 -4.4491e-11 -4.3676e-11 -4.2835e-11 
-0000.00050 -5.0002e-04 -5.0002e-04 -5.0002e-04 -5.0002e-04 -5.0002e-04 -5.0002e-04 -5.0002e-04 -5.0002e-04 -5.0002e-04 -5.0002e-04 -5.0001e-04 -5.0001e-04 -5.0001e-04 -5.0001e-04 -5.0001e-04 -5.0001e-04 -5.0001e-04 -5.0001e-04 -5.0001e-04 -5.0001e-04 -5.0001e-04 -5.0001e-04 -5.0001e-04 -5.0000e-04 -5.0000e-04 -5.0000e-04 -5.0000e-04 -5.0000e-04 -5.0000e-04 -5.0000e-04 -5.0000e-04 -5.0000e-04 -5.0000e-04 -5.0000e-04 -5.0000e-04 -5.0000e-04 -5.0000e-04 -4.9999e-04 -4.9999e-04 -4.9999e-04 -4.9999e-04 -4.9999e-04 -4.9999e-04 -4.9999e-04 -4.9999e-04 -4.9999e-04 -4.9999e-04 -4.9999e-04 -4.9999e-04 -4.9999e-04 -4.9999e-04 -4.9999e-04 -4.9999e-04 -4.9999e-04 -4.9998e-04 -4.9998e-04 -4.9998e-04 -4.9998e-04 -4.9998e-04 -4.9998e-04 -4.9998e-04 
-0000.00100 -1.0000e-03 -1.0000e-03 -1.0000e-03 -1.0000e-03 -1.0000e-03 -1.0000e-03 -1.0000e-03 -1.0000e-03 -1.0000e-03 -1.0000e-03 -1.0000e-03 -1.0000e-03 -1.0000e-03 -1.0000e-03 -1.0000e-03 -1.0000e-03 -1.0000e-03 -1.0000e-03 -1.0000e-03 -1.0000e-03 -1.0000e-03 -1.0000e-03 -1.0000e-03 -1.0000e-03 -1.0000e-03 -1.0000e-03 -1.0000e-03 -1.0000e-03 -1.0000e-03 -1.0000e-03 -1.0000e-03 -1.0000e-03 -9.9999e-04 -9.9999e-04 -9.9999e-04 -9.9999e-04 -9.9999e-04 -9.9999e-04 -9.9999e-04 -9.9999e-04 -9.9998e-04 -9.9998e-04 -9.9998e-04 -9.9998e-04 -9.9998e-04 -9.9998e-04 -9.9998e-04 -9.9998e-04 -9.9997e-04 -9.9997e-04 -9.9997e-04 -9.9997e-04 -9.9997e-04 -9.9997e-04 -9.9997e-04 -9.9997e-04 -9.9997e-04 -9.9997e-04 -9.9997e-04 -9.9997e-04 -9.9997e-04 
-0000.00150 -1.5001e-03 -1.5001e-03 -1.5001e-03 -1.5000e-03 -1.5000e-03 -1.5000e-03 -1.5000e-03 -1.5000e-03 -1.5000e-03 -1.5000e-03 -1.5000e-03 -1.5000e-03 -1.5000e-03 -1.5000e-03 -1.5000e-03 -1.5000e-03 -1.5000e-03 -1.5000e-03 -1.5000e-03 -1.5000e-03 -1.5000e-03 -1.5000e-03 -1.5000e-03 -1.5000e-03 -1.5000e-03 -1.5000e-03 -1.5000e-03 -1.5000e-03 -1.5000e-03 -1.5000e-03 -1.5000e-03 -1.5000e-03 -1.5000e-03 -1.5000e-03 -1.5000e-03 -1.5000e-03 -1.5000e-03 -1.5000e-03 -1.5000e-03 -1.5000e-03 -1.5000e-03 -1.5000e-03 -1.5000e-03 -1.5000e-03 -1.5000e-03 -1.5000e-03 -1.5000e-03 -1.5000e-03 -1.5000e-03 -1.5000e-03 -1.5000e-03 -1.5000e-03 -1.5000e-03 -1.5000e-03 -1.5000e-03 -1.5000e-03 -1.5000e-03 -1.5000e-03 -1.4999e-03 -1.4999e-03 -1.4999e-03 
-0000.00200 -2.0001e-03 -2.0001e-03 -2.0001e-03 -2.0001e-03 -2.0001e-03 -2.0001e-03 -2.0001e-03 -2.0001e-03 -2.0001e-03 -2.0001e-03 -2.0001e-03 -2.0001e-03 -2.0001e-03 -2.0001e-03 -2.0001e-03 -2.0000e-03 -2.0000e-03 -2.0000e-03 -2.0000e-03 -2.0000e-03 -2.0000e-03 -2.0000e-03 -2.0000e-03 -2.0000e-03 -2.0000e-03 -2.0000e-03 -2.0000e-03 -2.0000e-03 -2.0000e-03 -2.0000e-03 -2.0000e-03 -2.0000e-03 -2.0000e-03 -2.0000e-03 -2.0000e-03 -2.0000e-03 -2.0000e-03 -2.0000e-03 -2.0000e-03 -2.0000e-03 -2.0000e-03 -2.0000e-03 -2.0000e-03 -2.0000e-03 -2.0000e-03 -2.0000e-03 -2.0000e-03 -1.9999e-03 -1.9999e-03 -1.9999e-03 -1.9999e-03 -1.9999e-03 -1.9999e-03 -1.9999e-03 -1.9999e-03 -1.9999e-03 -1.9999e-03 -1.9999e-03 -1.9999e-03 -1.9999e-03 -1.9999e-03 