# Author: FAC idanalysis.IDKickMap
#
# Total Length of Longitudinal Interval [m]
0.13
# Number of Horizontal Points
24
# Number of Vertical Points
9
# Total Horizontal 2nd Order Kick [T2m2]
START
            -0000.01200 -0000.01100 -0000.01000 -0000.00900 -0000.00800 -0000.00700 -0000.00600 -0000.00500 -0000.00400 -0000.00300 -0000.00200 -0000.00100 +0000.00000 +0000.00100 +0000.00200 +0000.00300 +0000.00400 +0000.00500 +0000.00600 +0000.00700 +0000.00800 +0000.00900 +0000.01000 +0000.01100
+0000.00200 +8.9993e-04 +9.3788e-04 +8.9297e-04 +9.0900e-04 +8.7869e-04 +8.6351e-04 +8.9281e-04 +8.5514e-04 +8.4854e-04 +8.8787e-04 +8.4509e-04 +8.4733e-04 +8.6230e-04 +8.4278e-04 +8.5216e-04 +8.4604e-04 +8.4635e-04 +8.6572e-04 +8.6461e-04 +8.6351e-04 +8.9414e-04 +8.8908e-04 +8.9454e-04 +9.5203e-04
+0000.00150 +4.4126e-04 +4.8190e-04 +4.6742e-04 +4.7088e-04 +4.5679e-04 +4.4457e-04 +4.4937e-04 +4.3488e-04 +4.2860e-04 +4.3484e-04 +4.2425e-04 +4.2494e-04 +4.3122e-04 +4.2241e-04 +4.2799e-04 +4.3284e-04 +4.2736e-04 +4.3999e-04 +4.4587e-04 +4.4465e-04 +4.6329e-04 +4.6667e-04 +4.6913e-04 +4.8795e-04
+0000.00100 +4.3064e-04 +4.6279e-04 +4.6488e-04 +4.6452e-04 +4.5633e-04 +4.4731e-04 +4.4450e-04 +4.3639e-04 +4.3095e-04 +4.3062e-04 +4.2616e-04 +4.2573e-04 +4.2734e-04 +4.2482e-04 +4.2770e-04 +4.3053e-04 +4.3079e-04 +4.3857e-04 +4.4438e-04 +4.4799e-04 +4.5927e-04 +4.6497e-04 +4.6798e-04 +4.7067e-04
+0000.00050 +4.2303e-04 +4.5390e-04 +4.6238e-04 +4.6211e-04 +4.5601e-04 +4.4860e-04 +4.4357e-04 +4.3717e-04 +4.3223e-04 +4.3001e-04 +4.2718e-04 +4.2632e-04 +4.2666e-04 +4.2606e-04 +4.2790e-04 +4.3027e-04 +4.3252e-04 +4.3840e-04 +4.4414e-04 +4.4955e-04 +4.5800e-04 +4.6385e-04 +4.6650e-04 +4.6416e-04
+0000.00000 +4.2038e-04 +4.5122e-04 +4.6136e-04 +4.6140e-04 +4.5587e-04 +4.4891e-04 +4.4340e-04 +4.3738e-04 +4.3258e-04 +4.2994e-04 +4.2744e-04 +4.2648e-04 +4.2655e-04 +4.2638e-04 +4.2798e-04 +4.3026e-04 +4.3298e-04 +4.3839e-04 +4.4411e-04 +4.4993e-04 +4.5767e-04 +4.6344e-04 +4.6585e-04 +4.6239e-04
-0000.00050 +4.2302e-04 +4.5391e-04 +4.6238e-04 +4.6211e-04 +4.5602e-04 +4.4860e-04 +4.4357e-04 +4.3717e-04 +4.3223e-04 +4.3001e-04 +4.2718e-04 +4.2632e-04 +4.2666e-04 +4.2606e-04 +4.2790e-04 +4.3027e-04 +4.3252e-04 +4.3840e-04 +4.4414e-04 +4.4954e-04 +4.5800e-04 +4.6385e-04 +4.6649e-04 +4.6416e-04
-0000.00100 +4.3062e-04 +4.6281e-04 +4.6490e-04 +4.6453e-04 +4.5634e-04 +4.4732e-04 +4.4450e-04 +4.3639e-04 +4.3095e-04 +4.3062e-04 +4.2617e-04 +4.2573e-04 +4.2734e-04 +4.2482e-04 +4.2769e-04 +4.3053e-04 +4.3078e-04 +4.3857e-04 +4.4438e-04 +4.4799e-04 +4.5927e-04 +4.6496e-04 +4.6796e-04 +4.7066e-04
-0000.00150 +4.4122e-04 +4.8192e-04 +4.6744e-04 +4.7090e-04 +4.5680e-04 +4.4457e-04 +4.4938e-04 +4.3489e-04 +4.2860e-04 +4.3485e-04 +4.2426e-04 +4.2494e-04 +4.3122e-04 +4.2240e-04 +4.2799e-04 +4.3283e-04 +4.2736e-04 +4.3998e-04 +4.4587e-04 +4.4465e-04 +4.6328e-04 +4.6665e-04 +4.6910e-04 +4.8792e-04
-0000.00200 +8.9986e-04 +9.3794e-04 +8.9301e-04 +9.0904e-04 +8.7870e-04 +8.6351e-04 +8.9282e-04 +8.5514e-04 +8.4854e-04 +8.8788e-04 +8.4510e-04 +8.4733e-04 +8.6229e-04 +8.4278e-04 +8.5216e-04 +8.4603e-04 +8.4635e-04 +8.6572e-04 +8.6460e-04 +8.6352e-04 +8.9413e-04 +8.8904e-04 +8.9450e-04 +9.5197e-04
# Total Vertical 2nd Order Kick [T2m2]
START
            -0000.01200 -0000.01100 -0000.01000 -0000.00900 -0000.00800 -0000.00700 -0000.00600 -0000.00500 -0000.00400 -0000.00300 -0000.00200 -0000.00100 +0000.00000 +0000.00100 +0000.00200 +0000.00300 +0000.00400 +0000.00500 +0000.00600 +0000.00700 +0000.00800 +0000.00900 +0000.01000 +0000.01100
+0000.00200 -3.3439e-04 -2.1595e-04 -2.1406e-04 -2.3257e-04 -1.8813e-04 -2.1089e-04 -2.2586e-04 -1.9713e-04 -2.1897e-04 -2.1344e-04 -2.1024e-04 -2.2823e-04 -1.7747e-04 -2.1799e-04 -2.3558e-04 -1.9924e-04 -2.2759e-04 -2.4806e-04 -2.0893e-04 -2.3622e-04 -2.5615e-04 -2.1085e-04 -2.3629e-04 -2.3204e-04
+0000.00150 -2.1301e-04 -1.6037e-04 -1.4231e-04 -1.3975e-04 -1.2539e-04 -1.3478e-04 -1.3584e-04 -1.2952e-04 -1.3990e-04 -1.3826e-04 -1.3736e-04 -1.4573e-04 -1.3903e-04 -1.4214e-04 -1.4979e-04 -1.4044e-04 -1.4848e-04 -1.5650e-04 -1.4425e-04 -1.5403e-04 -1.5923e-04 -1.4317e-04 -1.4942e-04 -1.3148e-04
+0000.00100 -1.2845e-04 -1.0227e-04 -8.7833e-05 -8.2987e-05 -7.7318e-05 -8.0341e-05 -8.0840e-05 -7.9146e-05 -8.3374e-05 -8.3604e-05 -8.3575e-05 -8.6929e-05 -8.5375e-05 -8.6341e-05 -8.9369e-05 -8.7226e-05 -9.0130e-05 -9.3313e-05 -9.0137e-05 -9.3363e-05 -9.4736e-05 -8.8956e-05 -8.8098e-05 -7.6500e-05
+0000.00050 -6.0918e-05 -4.9339e-05 -4.1990e-05 -3.8973e-05 -3.6779e-05 -3.7588e-05 -3.7854e-05 -3.7507e-05 -3.9015e-05 -3.9380e-05 -3.9555e-05 -4.0734e-05 -4.0458e-05 -4.0854e-05 -4.1929e-05 -4.1548e-05 -4.2639e-05 -4.3817e-05 -4.3086e-05 -4.4127e-05 -4.4461e-05 -4.2369e-05 -4.0909e-05 -3.5565e-05
+0000.00000 +2.3866e-08 +2.5775e-08 +1.9486e-08 +1.2191e-08 +6.9685e-09 +4.3226e-09 +2.6607e-09 +1.2741e-09 +5.0245e-10 -4.9007e-10 -1.9697e-09 -3.1115e-09 -3.4803e-09 -2.9858e-09 -1.8058e-09 -3.8468e-10 +4.8769e-10 +1.0374e-09 +1.9810e-09 +3.1049e-09 +5.3984e-09 +1.0538e-08 +1.7926e-08 +2.4404e-08
-0000.00050 +6.0969e-05 +4.9392e-05 +4.2029e-05 +3.8997e-05 +3.6792e-05 +3.7596e-05 +3.7859e-05 +3.7509e-05 +3.9017e-05 +3.9379e-05 +3.9551e-05 +4.0728e-05 +4.0451e-05 +4.0848e-05 +4.1926e-05 +4.1548e-05 +4.2641e-05 +4.3819e-05 +4.3090e-05 +4.4133e-05 +4.4471e-05 +4.2389e-05 +4.0945e-05 +3.5616e-05
-0000.00100 +1.2852e-04 +1.0233e-04 +8.7872e-05 +8.3010e-05 +7.7328e-05 +8.0349e-05 +8.0846e-05 +7.9147e-05 +8.3376e-05 +8.3604e-05 +8.3570e-05 +8.6922e-05 +8.5367e-05 +8.6334e-05 +8.9365e-05 +8.7226e-05 +9.0132e-05 +9.3315e-05 +9.0141e-05 +9.3368e-05 +9.4743e-05 +8.8975e-05 +8.8133e-05 +7.6558e-05
-0000.00150 +2.1309e-04 +1.6044e-04 +1.4235e-04 +1.3977e-04 +1.2539e-04 +1.3479e-04 +1.3585e-04 +1.2952e-04 +1.3990e-04 +1.3826e-04 +1.3735e-04 +1.4572e-04 +1.3902e-04 +1.4214e-04 +1.4979e-04 +1.4044e-04 +1.4848e-04 +1.5650e-04 +1.4425e-04 +1.5404e-04 +1.5923e-04 +1.4319e-04 +1.4946e-04 +1.3155e-04
-0000.00200 +3.3451e-04 +2.1601e-04 +2.1410e-04 +2.3259e-04 +1.8813e-04 +2.1090e-04 +2.2587e-04 +1.9713e-04 +2.1898e-04 +2.1345e-04 +2.1023e-04 +2.2822e-04 +1.7746e-04 +2.1798e-04 +2.3557e-04 +1.9925e-04 +2.2760e-04 +2.4806e-04 +2.0894e-04 +2.3622e-04 +2.5614e-04 +2.1087e-04 +2.3632e-04 +2.3210e-04
# Horizontal Final Position [m]
START
            -0000.01200 -0000.01100 -0000.01000 -0000.00900 -0000.00800 -0000.00700 -0000.00600 -0000.00500 -0000.00400 -0000.00300 -0000.00200 -0000.00100 +0000.00000 +0000.00100 +0000.00200 +0000.00300 +0000.00400 +0000.00500 +0000.00600 +0000.00700 +0000.00800 +0000.00900 +0000.01000 +0000.01100
+0000.00200 -1.1997e-02 -1.0997e-02 -9.9978e-03 -8.9982e-03 -7.9984e-03 -6.9985e-03 -5.9988e-03 -4.9989e-03 -3.9990e-03 -2.9992e-03 -1.9991e-03 -9.9916e-04 +6.5161e-07 +1.0008e-03 +2.0009e-03 +3.0007e-03 +4.0010e-03 +5.0011e-03 +6.0012e-03 +7.0015e-03 +8.0016e-03 +9.0018e-03 +1.0002e-02 +1.1003e-02
+0000.00150 -1.1998e-02 -1.0998e-02 -9.9986e-03 -8.9989e-03 -7.9992e-03 -6.9993e-03 -5.9996e-03 -4.9997e-03 -3.9998e-03 -2.9999e-03 -1.9999e-03 -9.9996e-04 -1.0483e-08 +1.0000e-03 +2.0001e-03 +3.0001e-03 +4.0002e-03 +5.0003e-03 +6.0004e-03 +7.0007e-03 +8.0008e-03 +9.0011e-03 +1.0001e-02 +1.1002e-02
+0000.00100 -1.1998e-02 -1.0998e-02 -9.9986e-03 -8.9989e-03 -7.9992e-03 -6.9993e-03 -5.9995e-03 -4.9997e-03 -3.9998e-03 -2.9999e-03 -1.9999e-03 -9.9996e-04 +1.4582e-08 +1.0000e-03 +2.0001e-03 +3.0001e-03 +4.0002e-03 +5.0003e-03 +6.0005e-03 +7.0007e-03 +8.0008e-03 +9.0011e-03 +1.0001e-02 +1.1002e-02
+0000.00050 -1.1998e-02 -1.0998e-02 -9.9986e-03 -8.9989e-03 -7.9991e-03 -6.9993e-03 -5.9995e-03 -4.9997e-03 -3.9998e-03 -2.9999e-03 -1.9999e-03 -9.9996e-04 +2.5447e-08 +1.0000e-03 +2.0001e-03 +3.0001e-03 +4.0002e-03 +5.0003e-03 +6.0005e-03 +7.0007e-03 +8.0009e-03 +9.0011e-03 +1.0001e-02 +1.1002e-02
+0000.00000 -1.1999e-02 -1.0998e-02 -9.9987e-03 -8.9989e-03 -7.9991e-03 -6.9993e-03 -5.9995e-03 -4.9997e-03 -3.9998e-03 -2.9999e-03 -1.9999e-03 -9.9996e-04 +2.8576e-08 +1.0000e-03 +2.0001e-03 +3.0001e-03 +4.0002e-03 +5.0003e-03 +6.0005e-03 +7.0007e-03 +8.0009e-03 +9.0011e-03 +1.0001e-02 +1.1002e-02
-0000.00050 -1.1998e-02 -1.0998e-02 -9.9986e-03 -8.9989e-03 -7.9991e-03 -6.9993e-03 -5.9995e-03 -4.9997e-03 -3.9998e-03 -2.9999e-03 -1.9999e-03 -9.9996e-04 +2.5447e-08 +1.0000e-03 +2.0001e-03 +3.0001e-03 +4.0002e-03 +5.0003e-03 +6.0005e-03 +7.0007e-03 +8.0009e-03 +9.0011e-03 +1.0001e-02 +1.1002e-02
-0000.00100 -1.1998e-02 -1.0998e-02 -9.9986e-03 -8.9989e-03 -7.9992e-03 -6.9993e-03 -5.9995e-03 -4.9997e-03 -3.9998e-03 -2.9999e-03 -1.9999e-03 -9.9996e-04 +1.4582e-08 +1.0000e-03 +2.0001e-03 +3.0001e-03 +4.0002e-03 +5.0003e-03 +6.0005e-03 +7.0007e-03 +8.0008e-03 +9.0011e-03 +1.0001e-02 +1.1002e-02
-0000.00150 -1.1998e-02 -1.0998e-02 -9.9986e-03 -8.9989e-03 -7.9992e-03 -6.9993e-03 -5.9996e-03 -4.9997e-03 -3.9998e-03 -2.9999e-03 -1.9999e-03 -9.9996e-04 -1.0483e-08 +1.0000e-03 +2.0001e-03 +3.0001e-03 +4.0002e-03 +5.0003e-03 +6.0004e-03 +7.0007e-03 +8.0008e-03 +9.0011e-03 +1.0001e-02 +1.1002e-02
-0000.00200 -1.1997e-02 -1.0997e-02 -9.9978e-03 -8.9982e-03 -7.9984e-03 -6.9985e-03 -5.9988e-03 -4.9989e-03 -3.9990e-03 -2.9992e-03 -1.9991e-03 -9.9916e-04 +6.5161e-07 +1.0008e-03 +2.0009e-03 +3.0007e-03 +4.0010e-03 +5.0011e-03 +6.0012e-03 +7.0015e-03 +8.0016e-03 +9.0018e-03 +1.0002e-02 +1.1003e-02
# Vertical Final Position [m]
START
            -0000.01200 -0000.01100 -0000.01000 -0000.00900 -0000.00800 -0000.00700 -0000.00600 -0000.00500 -0000.00400 -0000.00300 -0000.00200 -0000.00100 +0000.00000 +0000.00100 +0000.00200 +0000.00300 +0000.00400 +0000.00500 +0000.00600 +0000.00700 +0000.00800 +0000.00900 +0000.01000 +0000.01100
+0000.00200 +1.9999e-03 +2.0002e-03 +2.0004e-03 +2.0004e-03 +2.0001e-03 +2.0002e-03 +2.0002e-03 +2.0000e-03 +2.0000e-03 +2.0000e-03 +1.9998e-03 +1.9998e-03 +1.9998e-03 +1.9997e-03 +1.9997e-03 +1.9996e-03 +1.9995e-03 +1.9996e-03 +1.9994e-03 +1.9994e-03 +1.9994e-03 +1.9991e-03 +1.9992e-03 +1.9994e-03
+0000.00150 +1.4998e-03 +1.5001e-03 +1.5003e-03 +1.5003e-03 +1.5002e-03 +1.5001e-03 +1.5001e-03 +1.5000e-03 +1.5000e-03 +1.5000e-03 +1.4999e-03 +1.4999e-03 +1.4999e-03 +1.4998e-03 +1.4998e-03 +1.4997e-03 +1.4997e-03 +1.4997e-03 +1.4996e-03 +1.4996e-03 +1.4996e-03 +1.4994e-03 +1.4994e-03 +1.4996e-03
+0000.00100 +9.9975e-04 +1.0001e-03 +1.0002e-03 +1.0002e-03 +1.0001e-03 +1.0001e-03 +1.0001e-03 +1.0000e-03 +1.0000e-03 +9.9999e-04 +9.9995e-04 +9.9994e-04 +9.9991e-04 +9.9989e-04 +9.9988e-04 +9.9984e-04 +9.9980e-04 +9.9979e-04 +9.9975e-04 +9.9972e-04 +9.9970e-04 +9.9965e-04 +9.9966e-04 +9.9977e-04
+0000.00050 +4.9985e-04 +5.0002e-04 +5.0008e-04 +5.0009e-04 +5.0007e-04 +5.0005e-04 +5.0004e-04 +5.0002e-04 +5.0001e-04 +5.0000e-04 +4.9998e-04 +4.9997e-04 +4.9996e-04 +4.9995e-04 +4.9994e-04 +4.9992e-04 +4.9991e-04 +4.9990e-04 +4.9988e-04 +4.9987e-04 +4.9985e-04 +4.9983e-04 +4.9984e-04 +4.9990e-04
+0000.00000 +8.7142e-12 +1.0757e-11 +4.5672e-12 -3.3363e-12 -1.0730e-11 -1.4520e-11 -1.7194e-11 -2.0345e-11 -2.2019e-11 -2.3910e-11 -2.6938e-11 -2.9121e-11 -2.9768e-11 -2.9010e-11 -2.6822e-11 -2.3884e-11 -2.2141e-11 -2.0709e-11 -1.8004e-11 -1.5879e-11 -1.2472e-11 -5.1819e-12 +2.8235e-12 +9.2802e-12
-0000.00050 -4.9985e-04 -5.0002e-04 -5.0008e-04 -5.0009e-04 -5.0007e-04 -5.0005e-04 -5.0004e-04 -5.0002e-04 -5.0001e-04 -5.0000e-04 -4.9998e-04 -4.9997e-04 -4.9996e-04 -4.9995e-04 -4.9994e-04 -4.9992e-04 -4.9991e-04 -4.9990e-04 -4.9988e-04 -4.9987e-04 -4.9985e-04 -4.9983e-04 -4.9984e-04 -4.9990e-04
-0000.00100 -9.9975e-04 -1.0001e-03 -1.0002e-03 -1.0002e-03 -1.0001e-03 -1.0001e-03 -1.0001e-03 -1.0000e-03 -1.0000e-03 -9.9999e-04 -9.9995e-04 -9.9994e-04 -9.9991e-04 -9.9989e-04 -9.9988e-04 -9.9984e-04 -9.9980e-04 -9.9979e-04 -9.9975e-04 -9.9972e-04 -9.9970e-04 -9.9965e-04 -9.9966e-04 -9.9977e-04
-0000.00150 -1.4998e-03 -1.5001e-03 -1.5003e-03 -1.5003e-03 -1.5002e-03 -1.5001e-03 -1.5001e-03 -1.5000e-03 -1.5000e-03 -1.5000e-03 -1.4999e-03 -1.4999e-03 -1.4999e-03 -1.4998e-03 -1.4998e-03 -1.4997e-03 -1.4997e-03 -1.4997e-03 -1.4996e-03 -1.4996e-03 -1.4996e-03 -1.4994e-03 -1.4994e-03 -1.4996e-03
-0000.00200 -1.9999e-03 -2.0002e-03 -2.0004e-03 -2.0004e-03 -2.0001e-03 -2.0002e-03 -2.0002e-03 -2.0000e-03 -2.0000e-03 -2.0000e-03 -1.9998e-03 -1.9998e-03 -1.9998e-03 -1.9997e-03 -1.9997e-03 -1.9996e-03 -1.9995e-03 -1.9996e-03 -1.9994e-03 -1.9994e-03 -1.9994e-03 -1.9991e-03 -1.9992e-03 -1.9994e-03
