# Author: FAC idanalysis.IDKickMap
#
# Total Length of Longitudinal Interval [m]
0.13
# Number of Horizontal Points
25
# Number of Vertical Points
9
# Total Horizontal 2nd Order Kick [T2m2]
START
            -0000.01200 -0000.01100 -0000.01000 -0000.00900 -0000.00800 -0000.00700 -0000.00600 -0000.00500 -0000.00400 -0000.00300 -0000.00200 -0000.00100 +0000.00000 +0000.00100 +0000.00200 +0000.00300 +0000.00400 +0000.00500 +0000.00600 +0000.00700 +0000.00800 +0000.00900 +0000.01000 +0000.01100 +0000.01200
+0000.00200 +4.8617e-04 +4.8327e-04 +4.6071e-04 +4.4979e-04 +4.2394e-04 +4.1182e-04 +4.0630e-04 +3.8681e-04 +3.8093e-04 +3.7860e-04 +3.6708e-04 +3.6848e-04 +3.6939e-04 +3.6511e-04 +3.7214e-04 +3.7496e-04 +3.7936e-04 +3.9392e-04 +4.0024e-04 +4.1192e-04 +4.3302e-04 +4.4275e-04 +4.6203e-04 +4.8778e-04 +4.7386e-04
+0000.00150 +4.6829e-04 +4.6933e-04 +4.5631e-04 +4.4294e-04 +4.2529e-04 +4.1194e-04 +4.0159e-04 +3.8871e-04 +3.8096e-04 +3.7533e-04 +3.6881e-04 +3.6774e-04 +3.6733e-04 +3.6651e-04 +3.7090e-04 +3.7515e-04 +3.8075e-04 +3.9172e-04 +4.0128e-04 +4.1279e-04 +4.2918e-04 +4.4292e-04 +4.5875e-04 +4.7395e-04 +4.7429e-04
+0000.00100 +4.5582e-04 +4.6116e-04 +4.5346e-04 +4.4113e-04 +4.2636e-04 +4.1310e-04 +4.0169e-04 +3.9060e-04 +3.8228e-04 +3.7598e-04 +3.7082e-04 +3.6871e-04 +3.6803e-04 +3.6841e-04 +3.7174e-04 +3.7635e-04 +3.8271e-04 +3.9221e-04 +4.0247e-04 +4.1435e-04 +4.2884e-04 +4.4298e-04 +4.5711e-04 +4.6863e-04 +4.7232e-04
+0000.00050 +4.4821e-04 +4.5644e-04 +4.5144e-04 +4.4027e-04 +4.2671e-04 +4.1370e-04 +4.0205e-04 +3.9151e-04 +3.8306e-04 +3.7659e-04 +3.7181e-04 +3.6936e-04 +3.6859e-04 +3.6936e-04 +3.7237e-04 +3.7709e-04 +3.8371e-04 +3.9270e-04 +4.0311e-04 +4.1510e-04 +4.2884e-04 +4.4276e-04 +4.5591e-04 +4.6593e-04 +4.6991e-04
+0000.00000 +4.4568e-04 +4.5489e-04 +4.5072e-04 +4.3999e-04 +4.2680e-04 +4.1388e-04 +4.0220e-04 +3.9179e-04 +3.8332e-04 +3.7681e-04 +3.7211e-04 +3.6958e-04 +3.6880e-04 +3.6965e-04 +3.7259e-04 +3.7733e-04 +3.8401e-04 +3.9288e-04 +4.0332e-04 +4.1533e-04 +4.2886e-04 +4.4265e-04 +4.5548e-04 +4.6507e-04 +4.6892e-04
-0000.00050 +4.4821e-04 +4.5644e-04 +4.5144e-04 +4.4027e-04 +4.2671e-04 +4.1370e-04 +4.0205e-04 +3.9151e-04 +3.8306e-04 +3.7659e-04 +3.7181e-04 +3.6936e-04 +3.6859e-04 +3.6936e-04 +3.7237e-04 +3.7709e-04 +3.8370e-04 +3.9270e-04 +4.0311e-04 +4.1510e-04 +4.2884e-04 +4.4276e-04 +4.5591e-04 +4.6593e-04 +4.6991e-04
-0000.00100 +4.5583e-04 +4.6116e-04 +4.5347e-04 +4.4114e-04 +4.2636e-04 +4.1310e-04 +4.0169e-04 +3.9060e-04 +3.8228e-04 +3.7598e-04 +3.7082e-04 +3.6871e-04 +3.6803e-04 +3.6841e-04 +3.7174e-04 +3.7635e-04 +3.8271e-04 +3.9221e-04 +4.0247e-04 +4.1435e-04 +4.2884e-04 +4.4298e-04 +4.5710e-04 +4.6862e-04 +4.7231e-04
-0000.00150 +4.6830e-04 +4.6933e-04 +4.5633e-04 +4.4295e-04 +4.2528e-04 +4.1194e-04 +4.0158e-04 +3.8872e-04 +3.8097e-04 +3.7533e-04 +3.6881e-04 +3.6775e-04 +3.6733e-04 +3.6650e-04 +3.7090e-04 +3.7515e-04 +3.8074e-04 +3.9172e-04 +4.0128e-04 +4.1279e-04 +4.2918e-04 +4.4291e-04 +4.5873e-04 +4.7394e-04 +4.7428e-04
-0000.00200 +4.8618e-04 +4.8328e-04 +4.6074e-04 +4.4980e-04 +4.2394e-04 +4.1182e-04 +4.0629e-04 +3.8681e-04 +3.8094e-04 +3.7860e-04 +3.6708e-04 +3.6849e-04 +3.6938e-04 +3.6510e-04 +3.7214e-04 +3.7496e-04 +3.7934e-04 +3.9392e-04 +4.0024e-04 +4.1192e-04 +4.3303e-04 +4.4274e-04 +4.6200e-04 +4.8778e-04 +4.7385e-04
# Total Vertical 2nd Order Kick [T2m2]
START
            -0000.01200 -0000.01100 -0000.01000 -0000.00900 -0000.00800 -0000.00700 -0000.00600 -0000.00500 -0000.00400 -0000.00300 -0000.00200 -0000.00100 +0000.00000 +0000.00100 +0000.00200 +0000.00300 +0000.00400 +0000.00500 +0000.00600 +0000.00700 +0000.00800 +0000.00900 +0000.01000 +0000.01100 +0000.01200
+0000.00200 -1.8442e-04 -1.4063e-04 -1.3011e-04 -1.2429e-04 -1.2162e-04 -1.3009e-04 -1.2812e-04 -1.3205e-04 -1.4036e-04 -1.3713e-04 -1.4549e-04 -1.5242e-04 -1.4693e-04 -1.5685e-04 -1.6288e-04 -1.5811e-04 -1.6963e-04 -1.7488e-04 -1.6991e-04 -1.8058e-04 -1.8358e-04 -1.7824e-04 -1.8336e-04 -1.6862e-04 -1.5561e-04
+0000.00150 -1.2366e-04 -9.6930e-05 -8.5175e-05 -7.9976e-05 -7.8758e-05 -8.2661e-05 -8.3221e-05 -8.5604e-05 -9.0221e-05 -9.1230e-05 -9.5058e-05 -9.9117e-05 -9.9409e-05 -1.0345e-04 -1.0706e-04 -1.0777e-04 -1.1272e-04 -1.1585e-04 -1.1607e-04 -1.2064e-04 -1.2222e-04 -1.2072e-04 -1.2062e-04 -1.1112e-04 -1.0200e-04
+0000.00100 -7.7018e-05 -6.0300e-05 -5.1684e-05 -4.7985e-05 -4.7232e-05 -4.8917e-05 -4.9855e-05 -5.1423e-05 -5.3902e-05 -5.5320e-05 -5.7497e-05 -5.9801e-05 -6.0891e-05 -6.3032e-05 -6.5186e-05 -6.6510e-05 -6.9062e-05 -7.1024e-05 -7.2020e-05 -7.4202e-05 -7.5193e-05 -7.4625e-05 -7.3291e-05 -6.7608e-05 -6.0982e-05
+0000.00050 -3.7036e-05 -2.8858e-05 -2.4431e-05 -2.2506e-05 -2.2111e-05 -2.2751e-05 -2.3317e-05 -2.4111e-05 -2.5225e-05 -2.6063e-05 -2.7098e-05 -2.8167e-05 -2.8868e-05 -2.9858e-05 -3.0883e-05 -3.1688e-05 -3.2834e-05 -3.3794e-05 -3.4437e-05 -3.5364e-05 -3.5838e-05 -3.5598e-05 -3.4660e-05 -3.1925e-05 -2.8319e-05
+0000.00000 +1.7980e-08 +1.6074e-08 +1.2989e-08 +1.0019e-08 +9.2630e-09 +9.7105e-09 +1.0247e-08 +1.0126e-08 +8.8905e-09 +7.6392e-09 +7.0296e-09 +6.6055e-09 +6.4051e-09 +6.7009e-09 +7.1992e-09 +7.8115e-09 +9.0059e-09 +1.0215e-08 +1.0362e-08 +9.8212e-09 +9.3109e-09 +1.0014e-08 +1.3024e-08 +1.6229e-08 +1.8233e-08
-0000.00050 +3.7072e-05 +2.8891e-05 +2.4457e-05 +2.2526e-05 +2.2129e-05 +2.2770e-05 +2.3338e-05 +2.4132e-05 +2.5243e-05 +2.6078e-05 +2.7112e-05 +2.8180e-05 +2.8881e-05 +2.9871e-05 +3.0898e-05 +3.1703e-05 +3.2852e-05 +3.3815e-05 +3.4458e-05 +3.5384e-05 +3.5856e-05 +3.5617e-05 +3.4686e-05 +3.1958e-05 +2.8356e-05
-0000.00100 +7.7054e-05 +6.0334e-05 +5.1710e-05 +4.8002e-05 +4.7250e-05 +4.8936e-05 +4.9876e-05 +5.1445e-05 +5.3920e-05 +5.5335e-05 +5.7511e-05 +5.9814e-05 +6.0903e-05 +6.3045e-05 +6.5200e-05 +6.6525e-05 +6.9080e-05 +7.1046e-05 +7.2042e-05 +7.4222e-05 +7.5211e-05 +7.4642e-05 +7.3317e-05 +6.7643e-05 +6.1019e-05
-0000.00150 +1.2369e-04 +9.6969e-05 +8.5202e-05 +7.9987e-05 +7.8775e-05 +8.2681e-05 +8.3242e-05 +8.5629e-05 +9.0239e-05 +9.1242e-05 +9.5073e-05 +9.9130e-05 +9.9420e-05 +1.0346e-04 +1.0707e-04 +1.0778e-04 +1.1274e-04 +1.1587e-04 +1.1609e-04 +1.2066e-04 +1.2224e-04 +1.2073e-04 +1.2065e-04 +1.1116e-04 +1.0203e-04
-0000.00200 +1.8444e-04 +1.4068e-04 +1.3014e-04 +1.2428e-04 +1.2164e-04 +1.3011e-04 +1.2814e-04 +1.3208e-04 +1.4038e-04 +1.3714e-04 +1.4551e-04 +1.5244e-04 +1.4694e-04 +1.5687e-04 +1.6290e-04 +1.5812e-04 +1.6965e-04 +1.7491e-04 +1.6993e-04 +1.8060e-04 +1.8360e-04 +1.7823e-04 +1.8338e-04 +1.6867e-04 +1.5563e-04
# Horizontal Final Position [m]
START
            -0000.01200 -0000.01100 -0000.01000 -0000.00900 -0000.00800 -0000.00700 -0000.00600 -0000.00500 -0000.00400 -0000.00300 -0000.00200 -0000.00100 +0000.00000 +0000.00100 +0000.00200 +0000.00300 +0000.00400 +0000.00500 +0000.00600 +0000.00700 +0000.00800 +0000.00900 +0000.01000 +0000.01100 +0000.01200
+0000.00200 -1.1999e-02 -1.0999e-02 -9.9998e-03 -9.0002e-03 -8.0005e-03 -7.0006e-03 -6.0009e-03 -5.0010e-03 -4.0011e-03 -3.0013e-03 -2.0012e-03 -1.0013e-03 -1.3605e-06 +9.9874e-04 +1.9988e-03 +2.9987e-03 +3.9989e-03 +4.9990e-03 +5.9991e-03 +6.9994e-03 +7.9996e-03 +8.9998e-03 +1.0000e-02 +1.1001e-02 +1.2001e-02
+0000.00150 -1.1999e-02 -1.0999e-02 -9.9998e-03 -9.0002e-03 -8.0004e-03 -7.0006e-03 -6.0008e-03 -5.0010e-03 -4.0011e-03 -3.0012e-03 -2.0012e-03 -1.0013e-03 -1.3068e-06 +9.9873e-04 +1.9988e-03 +2.9988e-03 +3.9989e-03 +4.9990e-03 +5.9992e-03 +6.9994e-03 +7.9996e-03 +8.9998e-03 +1.0000e-02 +1.1001e-02 +1.2001e-02
+0000.00100 -1.1999e-02 -1.1000e-02 -9.9998e-03 -9.0001e-03 -8.0004e-03 -7.0006e-03 -6.0008e-03 -5.0009e-03 -4.0011e-03 -3.0012e-03 -2.0012e-03 -1.0013e-03 -1.2833e-06 +9.9874e-04 +1.9988e-03 +2.9988e-03 +3.9989e-03 +4.9991e-03 +5.9992e-03 +6.9994e-03 +7.9996e-03 +8.9999e-03 +1.0000e-02 +1.1000e-02 +1.2001e-02
+0000.00050 -1.2000e-02 -1.1000e-02 -9.9999e-03 -9.0001e-03 -8.0004e-03 -7.0006e-03 -6.0008e-03 -5.0009e-03 -4.0011e-03 -3.0012e-03 -2.0012e-03 -1.0013e-03 -1.2725e-06 +9.9874e-04 +1.9988e-03 +2.9988e-03 +3.9989e-03 +4.9991e-03 +5.9992e-03 +6.9994e-03 +7.9996e-03 +8.9999e-03 +1.0000e-02 +1.1000e-02 +1.2000e-02
+0000.00000 -1.2000e-02 -1.1000e-02 -9.9999e-03 -9.0001e-03 -8.0004e-03 -7.0006e-03 -6.0008e-03 -5.0009e-03 -4.0011e-03 -3.0012e-03 -2.0012e-03 -1.0013e-03 -1.2693e-06 +9.9874e-04 +1.9988e-03 +2.9988e-03 +3.9989e-03 +4.9991e-03 +5.9992e-03 +6.9994e-03 +7.9996e-03 +8.9999e-03 +1.0000e-02 +1.1000e-02 +1.2000e-02
-0000.00050 -1.2000e-02 -1.1000e-02 -9.9999e-03 -9.0001e-03 -8.0004e-03 -7.0006e-03 -6.0008e-03 -5.0009e-03 -4.0011e-03 -3.0012e-03 -2.0012e-03 -1.0013e-03 -1.2725e-06 +9.9874e-04 +1.9988e-03 +2.9988e-03 +3.9989e-03 +4.9991e-03 +5.9992e-03 +6.9994e-03 +7.9996e-03 +8.9999e-03 +1.0000e-02 +1.1000e-02 +1.2000e-02
-0000.00100 -1.1999e-02 -1.1000e-02 -9.9998e-03 -9.0001e-03 -8.0004e-03 -7.0006e-03 -6.0008e-03 -5.0009e-03 -4.0011e-03 -3.0012e-03 -2.0012e-03 -1.0013e-03 -1.2833e-06 +9.9874e-04 +1.9988e-03 +2.9988e-03 +3.9989e-03 +4.9991e-03 +5.9992e-03 +6.9994e-03 +7.9996e-03 +8.9999e-03 +1.0000e-02 +1.1000e-02 +1.2001e-02
-0000.00150 -1.1999e-02 -1.0999e-02 -9.9998e-03 -9.0002e-03 -8.0004e-03 -7.0006e-03 -6.0008e-03 -5.0010e-03 -4.0011e-03 -3.0012e-03 -2.0012e-03 -1.0013e-03 -1.3068e-06 +9.9873e-04 +1.9988e-03 +2.9988e-03 +3.9989e-03 +4.9990e-03 +5.9992e-03 +6.9994e-03 +7.9996e-03 +8.9998e-03 +1.0000e-02 +1.1001e-02 +1.2001e-02
-0000.00200 -1.1999e-02 -1.0999e-02 -9.9998e-03 -9.0002e-03 -8.0005e-03 -7.0006e-03 -6.0009e-03 -5.0010e-03 -4.0011e-03 -3.0013e-03 -2.0012e-03 -1.0013e-03 -1.3605e-06 +9.9874e-04 +1.9988e-03 +2.9987e-03 +3.9989e-03 +4.9990e-03 +5.9991e-03 +6.9994e-03 +7.9996e-03 +8.9998e-03 +1.0000e-02 +1.1001e-02 +1.2001e-02
# Vertical Final Position [m]
START
            -0000.01200 -0000.01100 -0000.01000 -0000.00900 -0000.00800 -0000.00700 -0000.00600 -0000.00500 -0000.00400 -0000.00300 -0000.00200 -0000.00100 +0000.00000 +0000.00100 +0000.00200 +0000.00300 +0000.00400 +0000.00500 +0000.00600 +0000.00700 +0000.00800 +0000.00900 +0000.01000 +0000.01100 +0000.01200
+0000.00200 +2.0000e-03 +2.0003e-03 +2.0004e-03 +2.0005e-03 +2.0003e-03 +2.0003e-03 +2.0002e-03 +2.0001e-03 +2.0001e-03 +2.0000e-03 +1.9999e-03 +1.9999e-03 +1.9999e-03 +1.9998e-03 +1.9998e-03 +1.9997e-03 +1.9996e-03 +1.9996e-03 +1.9995e-03 +1.9994e-03 +1.9994e-03 +1.9992e-03 +1.9992e-03 +1.9994e-03 +1.9996e-03
+0000.00150 +1.4999e-03 +1.5002e-03 +1.5003e-03 +1.5003e-03 +1.5002e-03 +1.5002e-03 +1.5002e-03 +1.5001e-03 +1.5001e-03 +1.5000e-03 +1.5000e-03 +1.4999e-03 +1.4999e-03 +1.4999e-03 +1.4998e-03 +1.4998e-03 +1.4997e-03 +1.4997e-03 +1.4996e-03 +1.4996e-03 +1.4996e-03 +1.4995e-03 +1.4995e-03 +1.4996e-03 +1.4999e-03
+0000.00100 +9.9983e-04 +1.0001e-03 +1.0002e-03 +1.0002e-03 +1.0002e-03 +1.0001e-03 +1.0001e-03 +1.0001e-03 +1.0001e-03 +1.0000e-03 +9.9998e-04 +9.9997e-04 +9.9994e-04 +9.9991e-04 +9.9989e-04 +9.9986e-04 +9.9982e-04 +9.9980e-04 +9.9977e-04 +9.9974e-04 +9.9971e-04 +9.9967e-04 +9.9967e-04 +9.9976e-04 +1.0000e-03
+0000.00050 +4.9989e-04 +5.0004e-04 +5.0010e-04 +5.0010e-04 +5.0009e-04 +5.0007e-04 +5.0006e-04 +5.0004e-04 +5.0003e-04 +5.0001e-04 +4.9999e-04 +4.9998e-04 +4.9997e-04 +4.9996e-04 +4.9995e-04 +4.9993e-04 +4.9991e-04 +4.9990e-04 +4.9989e-04 +4.9987e-04 +4.9986e-04 +4.9984e-04 +4.9984e-04 +4.9990e-04 +5.0005e-04
+0000.00000 +1.8420e-11 +1.4290e-11 +8.1238e-12 +2.1458e-12 -6.1994e-14 -1.4197e-12 -2.6003e-12 -3.9285e-12 -7.1026e-12 -1.0070e-11 -1.1554e-11 -1.2846e-11 -1.3548e-11 -1.2746e-11 -1.1371e-11 -9.8977e-12 -7.0408e-12 -3.9501e-12 -2.6087e-12 -1.3998e-12 -5.2950e-14 +2.1303e-12 +8.1301e-12 +1.4401e-11 +1.8650e-11
-0000.00050 -4.9989e-04 -5.0004e-04 -5.0010e-04 -5.0010e-04 -5.0009e-04 -5.0007e-04 -5.0006e-04 -5.0004e-04 -5.0003e-04 -5.0001e-04 -4.9999e-04 -4.9998e-04 -4.9997e-04 -4.9996e-04 -4.9995e-04 -4.9993e-04 -4.9991e-04 -4.9990e-04 -4.9989e-04 -4.9987e-04 -4.9986e-04 -4.9984e-04 -4.9984e-04 -4.9990e-04 -5.0005e-04
-0000.00100 -9.9983e-04 -1.0001e-03 -1.0002e-03 -1.0002e-03 -1.0002e-03 -1.0001e-03 -1.0001e-03 -1.0001e-03 -1.0001e-03 -1.0000e-03 -9.9998e-04 -9.9997e-04 -9.9994e-04 -9.9991e-04 -9.9989e-04 -9.9986e-04 -9.9982e-04 -9.9980e-04 -9.9977e-04 -9.9974e-04 -9.9971e-04 -9.9967e-04 -9.9967e-04 -9.9976e-04 -1.0000e-03
-0000.00150 -1.4999e-03 -1.5002e-03 -1.5003e-03 -1.5003e-03 -1.5002e-03 -1.5002e-03 -1.5002e-03 -1.5001e-03 -1.5001e-03 -1.5000e-03 -1.5000e-03 -1.4999e-03 -1.4999e-03 -1.4999e-03 -1.4998e-03 -1.4998e-03 -1.4997e-03 -1.4997e-03 -1.4996e-03 -1.4996e-03 -1.4996e-03 -1.4995e-03 -1.4995e-03 -1.4996e-03 -1.4999e-03
-0000.00200 -2.0000e-03 -2.0003e-03 -2.0004e-03 -2.0005e-03 -2.0003e-03 -2.0003e-03 -2.0002e-03 -2.0001e-03 -2.0001e-03 -2.0000e-03 -1.9999e-03 -1.9999e-03 -1.9999e-03 -1.9998e-03 -1.9998e-03 -1.9997e-03 -1.9996e-03 -1.9996e-03 -1.9995e-03 -1.9994e-03 -1.9994e-03 -1.9992e-03 -1.9992e-03 -1.9994e-03 -1.9996e-03
