# Author: FAC idanalysis.IDKickMap
# Termination_kicks [T2m2]: +0.0000e+00 +0.0000e+00 +0.0000e+00 +0.0000e+00 
# Total Length of Longitudinal Interval [m]
0.13
# Number of Horizontal Points
61
# Number of Vertical Points
9
# Total Horizontal 2nd Order Kick [T2m2]
START
            -0000.01000 -0000.00967 -0000.00933 -0000.00900 -0000.00867 -0000.00833 -0000.00800 -0000.00767 -0000.00733 -0000.00700 -0000.00667 -0000.00633 -0000.00600 -0000.00567 -0000.00533 -0000.00500 -0000.00467 -0000.00433 -0000.00400 -0000.00367 -0000.00333 -0000.00300 -0000.00267 -0000.00233 -0000.00200 -0000.00167 -0000.00133 -0000.00100 -0000.00067 -0000.00033 +0000.00000 +0000.00033 +0000.00067 +0000.00100 +0000.00133 +0000.00167 +0000.00200 +0000.00233 +0000.00267 +0000.00300 +0000.00333 +0000.00367 +0000.00400 +0000.00433 +0000.00467 +0000.00500 +0000.00533 +0000.00567 +0000.00600 +0000.00633 +0000.00667 +0000.00700 +0000.00733 +0000.00767 +0000.00800 +0000.00833 +0000.00867 +0000.00900 +0000.00933 +0000.00967 +0000.01000 
+0000.00200 -6.2428e-04 -6.1553e-04 -6.0705e-04 -5.9884e-04 -5.9091e-04 -5.8326e-04 -5.7589e-04 -5.6881e-04 -5.6200e-04 -5.5549e-04 -5.4927e-04 -5.4333e-04 -5.3769e-04 -5.3235e-04 -5.2730e-04 -5.2255e-04 -5.1809e-04 -5.1394e-04 -5.1009e-04 -5.0654e-04 -5.0330e-04 -5.0036e-04 -4.9772e-04 -4.9539e-04 -4.9337e-04 -4.9165e-04 -4.9025e-04 -4.8915e-04 -4.8835e-04 -4.8787e-04 -4.8770e-04 -4.8783e-04 -4.8827e-04 -4.8902e-04 -4.9008e-04 -4.9145e-04 -4.9312e-04 -4.9510e-04 -4.9738e-04 -4.9997e-04 -5.0287e-04 -5.0607e-04 -5.0957e-04 -5.1337e-04 -5.1747e-04 -5.2187e-04 -5.2657e-04 -5.3156e-04 -5.3685e-04 -5.4243e-04 -5.4830e-04 -5.5446e-04 -5.6090e-04 -5.6763e-04 -5.7465e-04 -5.8195e-04 -5.8952e-04 -5.9737e-04 -6.0549e-04 -6.1389e-04 -6.2255e-04 
+0000.00150 -6.2454e-04 -6.1627e-04 -6.0820e-04 -6.0035e-04 -5.9272e-04 -5.8533e-04 -5.7816e-04 -5.7125e-04 -5.6458e-04 -5.5816e-04 -5.5201e-04 -5.4612e-04 -5.4051e-04 -5.3517e-04 -5.3011e-04 -5.2533e-04 -5.2084e-04 -5.1665e-04 -5.1275e-04 -5.0915e-04 -5.0585e-04 -5.0286e-04 -5.0017e-04 -4.9780e-04 -4.9573e-04 -4.9398e-04 -4.9254e-04 -4.9141e-04 -4.9061e-04 -4.9011e-04 -4.8994e-04 -4.9008e-04 -4.9054e-04 -4.9132e-04 -4.9241e-04 -4.9381e-04 -4.9553e-04 -4.9756e-04 -4.9990e-04 -5.0254e-04 -5.0549e-04 -5.0875e-04 -5.1230e-04 -5.1615e-04 -5.2029e-04 -5.2472e-04 -5.2944e-04 -5.3443e-04 -5.3971e-04 -5.4525e-04 -5.5106e-04 -5.5713e-04 -5.6346e-04 -5.7004e-04 -5.7686e-04 -5.8392e-04 -5.9121e-04 -5.9872e-04 -6.0645e-04 -6.1439e-04 -6.2253e-04 
+0000.00100 -6.2455e-04 -6.1664e-04 -6.0889e-04 -6.0132e-04 -5.9392e-04 -5.8672e-04 -5.7973e-04 -5.7294e-04 -5.6638e-04 -5.6004e-04 -5.5395e-04 -5.4810e-04 -5.4250e-04 -5.3717e-04 -5.3211e-04 -5.2732e-04 -5.2281e-04 -5.1858e-04 -5.1465e-04 -5.1101e-04 -5.0768e-04 -5.0465e-04 -5.0192e-04 -4.9951e-04 -4.9742e-04 -4.9564e-04 -4.9417e-04 -4.9303e-04 -4.9221e-04 -4.9172e-04 -4.9154e-04 -4.9169e-04 -4.9216e-04 -4.9295e-04 -4.9407e-04 -4.9550e-04 -4.9725e-04 -4.9931e-04 -5.0169e-04 -5.0437e-04 -5.0736e-04 -5.1066e-04 -5.1425e-04 -5.1813e-04 -5.2230e-04 -5.2675e-04 -5.3148e-04 -5.3647e-04 -5.4173e-04 -5.4725e-04 -5.5301e-04 -5.5901e-04 -5.6525e-04 -5.7171e-04 -5.7838e-04 -5.8526e-04 -5.9234e-04 -5.9959e-04 -6.0703e-04 -6.1462e-04 -6.2237e-04 
+0000.00050 -6.2448e-04 -6.1680e-04 -6.0926e-04 -6.0185e-04 -5.9461e-04 -5.8753e-04 -5.8064e-04 -5.7394e-04 -5.6744e-04 -5.6116e-04 -5.5510e-04 -5.4928e-04 -5.4370e-04 -5.3838e-04 -5.3331e-04 -5.2851e-04 -5.2399e-04 -5.1975e-04 -5.1580e-04 -5.1214e-04 -5.0878e-04 -5.0573e-04 -5.0298e-04 -5.0055e-04 -4.9843e-04 -4.9664e-04 -4.9516e-04 -4.9401e-04 -4.9318e-04 -4.9268e-04 -4.9250e-04 -4.9265e-04 -4.9313e-04 -4.9393e-04 -4.9506e-04 -4.9651e-04 -4.9828e-04 -5.0036e-04 -5.0276e-04 -5.0547e-04 -5.0849e-04 -5.1180e-04 -5.1541e-04 -5.1931e-04 -5.2350e-04 -5.2796e-04 -5.3269e-04 -5.3769e-04 -5.4294e-04 -5.4843e-04 -5.5417e-04 -5.6013e-04 -5.6630e-04 -5.7269e-04 -5.7927e-04 -5.8604e-04 -5.9298e-04 -6.0008e-04 -6.0732e-04 -6.1470e-04 -6.2221e-04 
+0000.00000 -6.2445e-04 -6.1685e-04 -6.0937e-04 -6.0203e-04 -5.9483e-04 -5.8780e-04 -5.8094e-04 -5.7427e-04 -5.6780e-04 -5.6153e-04 -5.5549e-04 -5.4967e-04 -5.4410e-04 -5.3878e-04 -5.3371e-04 -5.2891e-04 -5.2438e-04 -5.2014e-04 -5.1618e-04 -5.1251e-04 -5.0915e-04 -5.0609e-04 -5.0333e-04 -5.0089e-04 -4.9877e-04 -4.9697e-04 -4.9549e-04 -4.9433e-04 -4.9350e-04 -4.9300e-04 -4.9282e-04 -4.9297e-04 -4.9345e-04 -4.9426e-04 -4.9539e-04 -4.9685e-04 -4.9862e-04 -5.0071e-04 -5.0312e-04 -5.0584e-04 -5.0886e-04 -5.1218e-04 -5.1580e-04 -5.1971e-04 -5.2390e-04 -5.2836e-04 -5.3310e-04 -5.3809e-04 -5.4334e-04 -5.4883e-04 -5.5455e-04 -5.6050e-04 -5.6666e-04 -5.7302e-04 -5.7957e-04 -5.8629e-04 -5.9319e-04 -6.0023e-04 -6.0742e-04 -6.1473e-04 -6.2215e-04 
-0000.00050 -6.2448e-04 -6.1680e-04 -6.0926e-04 -6.0185e-04 -5.9461e-04 -5.8753e-04 -5.8064e-04 -5.7394e-04 -5.6744e-04 -5.6116e-04 -5.5510e-04 -5.4928e-04 -5.4370e-04 -5.3838e-04 -5.3331e-04 -5.2851e-04 -5.2399e-04 -5.1975e-04 -5.1580e-04 -5.1214e-04 -5.0878e-04 -5.0573e-04 -5.0298e-04 -5.0055e-04 -4.9843e-04 -4.9664e-04 -4.9516e-04 -4.9401e-04 -4.9318e-04 -4.9268e-04 -4.9250e-04 -4.9265e-04 -4.9313e-04 -4.9393e-04 -4.9506e-04 -4.9651e-04 -4.9828e-04 -5.0036e-04 -5.0276e-04 -5.0547e-04 -5.0848e-04 -5.1180e-04 -5.1541e-04 -5.1931e-04 -5.2350e-04 -5.2796e-04 -5.3269e-04 -5.3769e-04 -5.4294e-04 -5.4843e-04 -5.5417e-04 -5.6013e-04 -5.6630e-04 -5.7269e-04 -5.7927e-04 -5.8604e-04 -5.9298e-04 -6.0008e-04 -6.0732e-04 -6.1471e-04 -6.2221e-04 
-0000.00100 -6.2455e-04 -6.1664e-04 -6.0889e-04 -6.0132e-04 -5.9392e-04 -5.8672e-04 -5.7973e-04 -5.7294e-04 -5.6638e-04 -5.6004e-04 -5.5395e-04 -5.4810e-04 -5.4251e-04 -5.3717e-04 -5.3211e-04 -5.2732e-04 -5.2281e-04 -5.1858e-04 -5.1465e-04 -5.1101e-04 -5.0768e-04 -5.0465e-04 -5.0192e-04 -4.9951e-04 -4.9742e-04 -4.9564e-04 -4.9417e-04 -4.9303e-04 -4.9221e-04 -4.9171e-04 -4.9154e-04 -4.9169e-04 -4.9216e-04 -4.9295e-04 -4.9406e-04 -4.9550e-04 -4.9725e-04 -4.9931e-04 -5.0169e-04 -5.0437e-04 -5.0736e-04 -5.1065e-04 -5.1424e-04 -5.1813e-04 -5.2230e-04 -5.2675e-04 -5.3147e-04 -5.3647e-04 -5.4173e-04 -5.4724e-04 -5.5301e-04 -5.5901e-04 -5.6525e-04 -5.7171e-04 -5.7838e-04 -5.8526e-04 -5.9234e-04 -5.9960e-04 -6.0703e-04 -6.1462e-04 -6.2237e-04 
-0000.00150 -6.2454e-04 -6.1627e-04 -6.0820e-04 -6.0035e-04 -5.9272e-04 -5.8533e-04 -5.7817e-04 -5.7125e-04 -5.6458e-04 -5.5817e-04 -5.5201e-04 -5.4612e-04 -5.4051e-04 -5.3517e-04 -5.3011e-04 -5.2533e-04 -5.2084e-04 -5.1665e-04 -5.1275e-04 -5.0915e-04 -5.0585e-04 -5.0286e-04 -5.0017e-04 -4.9780e-04 -4.9573e-04 -4.9398e-04 -4.9254e-04 -4.9141e-04 -4.9061e-04 -4.9011e-04 -4.8994e-04 -4.9008e-04 -4.9054e-04 -4.9132e-04 -4.9241e-04 -4.9381e-04 -4.9553e-04 -4.9756e-04 -4.9990e-04 -5.0254e-04 -5.0549e-04 -5.0875e-04 -5.1230e-04 -5.1615e-04 -5.2029e-04 -5.2472e-04 -5.2944e-04 -5.3443e-04 -5.3971e-04 -5.4525e-04 -5.5106e-04 -5.5714e-04 -5.6346e-04 -5.7004e-04 -5.7686e-04 -5.8392e-04 -5.9121e-04 -5.9873e-04 -6.0646e-04 -6.1440e-04 -6.2254e-04 
-0000.00200 -6.2428e-04 -6.1553e-04 -6.0705e-04 -5.9884e-04 -5.9091e-04 -5.8326e-04 -5.7589e-04 -5.6880e-04 -5.6200e-04 -5.5549e-04 -5.4927e-04 -5.4333e-04 -5.3769e-04 -5.3235e-04 -5.2730e-04 -5.2255e-04 -5.1810e-04 -5.1394e-04 -5.1009e-04 -5.0654e-04 -5.0330e-04 -5.0036e-04 -4.9772e-04 -4.9539e-04 -4.9337e-04 -4.9166e-04 -4.9025e-04 -4.8915e-04 -4.8836e-04 -4.8787e-04 -4.8770e-04 -4.8783e-04 -4.8827e-04 -4.8902e-04 -4.9008e-04 -4.9145e-04 -4.9312e-04 -4.9510e-04 -4.9738e-04 -4.9997e-04 -5.0287e-04 -5.0607e-04 -5.0957e-04 -5.1337e-04 -5.1747e-04 -5.2187e-04 -5.2656e-04 -5.3156e-04 -5.3684e-04 -5.4242e-04 -5.4830e-04 -5.5446e-04 -5.6090e-04 -5.6763e-04 -5.7465e-04 -5.8195e-04 -5.8952e-04 -5.9737e-04 -6.0549e-04 -6.1389e-04 -6.2255e-04 
# Total Vertical 2nd Order Kick [T2m2]
START
            -0000.01000 -0000.00967 -0000.00933 -0000.00900 -0000.00867 -0000.00833 -0000.00800 -0000.00767 -0000.00733 -0000.00700 -0000.00667 -0000.00633 -0000.00600 -0000.00567 -0000.00533 -0000.00500 -0000.00467 -0000.00433 -0000.00400 -0000.00367 -0000.00333 -0000.00300 -0000.00267 -0000.00233 -0000.00200 -0000.00167 -0000.00133 -0000.00100 -0000.00067 -0000.00033 +0000.00000 +0000.00033 +0000.00067 +0000.00100 +0000.00133 +0000.00167 +0000.00200 +0000.00233 +0000.00267 +0000.00300 +0000.00333 +0000.00367 +0000.00400 +0000.00433 +0000.00467 +0000.00500 +0000.00533 +0000.00567 +0000.00600 +0000.00633 +0000.00667 +0000.00700 +0000.00733 +0000.00767 +0000.00800 +0000.00833 +0000.00867 +0000.00900 +0000.00933 +0000.00967 +0000.01000 
+0000.00200 -6.2428e-04 -6.1553e-04 -6.0705e-04 -5.9884e-04 -5.9091e-04 -5.8326e-04 -5.7589e-04 -5.6881e-04 -5.6200e-04 -5.5549e-04 -5.4927e-04 -5.4333e-04 -5.3769e-04 -5.3235e-04 -5.2730e-04 -5.2255e-04 -5.1809e-04 -5.1394e-04 -5.1009e-04 -5.0654e-04 -5.0330e-04 -5.0036e-04 -4.9772e-04 -4.9539e-04 -4.9337e-04 -4.9165e-04 -4.9025e-04 -4.8915e-04 -4.8835e-04 -4.8787e-04 -4.8770e-04 -4.8783e-04 -4.8827e-04 -4.8902e-04 -4.9008e-04 -4.9145e-04 -4.9312e-04 -4.9510e-04 -4.9738e-04 -4.9997e-04 -5.0287e-04 -5.0607e-04 -5.0957e-04 -5.1337e-04 -5.1747e-04 -5.2187e-04 -5.2657e-04 -5.3156e-04 -5.3685e-04 -5.4243e-04 -5.4830e-04 -5.5446e-04 -5.6090e-04 -5.6763e-04 -5.7465e-04 -5.8195e-04 -5.8952e-04 -5.9737e-04 -6.0549e-04 -6.1389e-04 -6.2255e-04 
+0000.00150 -6.2428e-04 -6.1553e-04 -6.0705e-04 -5.9884e-04 -5.9091e-04 -5.8326e-04 -5.7589e-04 -5.6881e-04 -5.6200e-04 -5.5549e-04 -5.4927e-04 -5.4333e-04 -5.3769e-04 -5.3235e-04 -5.2730e-04 -5.2255e-04 -5.1809e-04 -5.1394e-04 -5.1009e-04 -5.0654e-04 -5.0330e-04 -5.0036e-04 -4.9772e-04 -4.9539e-04 -4.9337e-04 -4.9165e-04 -4.9025e-04 -4.8915e-04 -4.8835e-04 -4.8787e-04 -4.8770e-04 -4.8783e-04 -4.8827e-04 -4.8902e-04 -4.9008e-04 -4.9145e-04 -4.9312e-04 -4.9510e-04 -4.9738e-04 -4.9997e-04 -5.0287e-04 -5.0607e-04 -5.0957e-04 -5.1337e-04 -5.1747e-04 -5.2187e-04 -5.2657e-04 -5.3156e-04 -5.3685e-04 -5.4243e-04 -5.4830e-04 -5.5446e-04 -5.6090e-04 -5.6763e-04 -5.7465e-04 -5.8195e-04 -5.8952e-04 -5.9737e-04 -6.0549e-04 -6.1389e-04 -6.2255e-04 
+0000.00100 -6.2428e-04 -6.1553e-04 -6.0705e-04 -5.9884e-04 -5.9091e-04 -5.8326e-04 -5.7589e-04 -5.6881e-04 -5.6200e-04 -5.5549e-04 -5.4927e-04 -5.4333e-04 -5.3769e-04 -5.3235e-04 -5.2730e-04 -5.2255e-04 -5.1809e-04 -5.1394e-04 -5.1009e-04 -5.0654e-04 -5.0330e-04 -5.0036e-04 -4.9772e-04 -4.9539e-04 -4.9337e-04 -4.9165e-04 -4.9025e-04 -4.8915e-04 -4.8835e-04 -4.8787e-04 -4.8770e-04 -4.8783e-04 -4.8827e-04 -4.8902e-04 -4.9008e-04 -4.9145e-04 -4.9312e-04 -4.9510e-04 -4.9738e-04 -4.9997e-04 -5.0287e-04 -5.0607e-04 -5.0957e-04 -5.1337e-04 -5.1747e-04 -5.2187e-04 -5.2657e-04 -5.3156e-04 -5.3685e-04 -5.4243e-04 -5.4830e-04 -5.5446e-04 -5.6090e-04 -5.6763e-04 -5.7465e-04 -5.8195e-04 -5.8952e-04 -5.9737e-04 -6.0549e-04 -6.1389e-04 -6.2255e-04 
+0000.00050 -6.2428e-04 -6.1553e-04 -6.0705e-04 -5.9884e-04 -5.9091e-04 -5.8326e-04 -5.7589e-04 -5.6881e-04 -5.6200e-04 -5.5549e-04 -5.4927e-04 -5.4333e-04 -5.3769e-04 -5.3235e-04 -5.2730e-04 -5.2255e-04 -5.1809e-04 -5.1394e-04 -5.1009e-04 -5.0654e-04 -5.0330e-04 -5.0036e-04 -4.9772e-04 -4.9539e-04 -4.9337e-04 -4.9165e-04 -4.9025e-04 -4.8915e-04 -4.8835e-04 -4.8787e-04 -4.8770e-04 -4.8783e-04 -4.8827e-04 -4.8902e-04 -4.9008e-04 -4.9145e-04 -4.9312e-04 -4.9510e-04 -4.9738e-04 -4.9997e-04 -5.0287e-04 -5.0607e-04 -5.0957e-04 -5.1337e-04 -5.1747e-04 -5.2187e-04 -5.2657e-04 -5.3156e-04 -5.3685e-04 -5.4243e-04 -5.4830e-04 -5.5446e-04 -5.6090e-04 -5.6763e-04 -5.7465e-04 -5.8195e-04 -5.8952e-04 -5.9737e-04 -6.0549e-04 -6.1389e-04 -6.2255e-04 
+0000.00000 -6.2428e-04 -6.1553e-04 -6.0705e-04 -5.9884e-04 -5.9091e-04 -5.8326e-04 -5.7589e-04 -5.6881e-04 -5.6200e-04 -5.5549e-04 -5.4927e-04 -5.4333e-04 -5.3769e-04 -5.3235e-04 -5.2730e-04 -5.2255e-04 -5.1809e-04 -5.1394e-04 -5.1009e-04 -5.0654e-04 -5.0330e-04 -5.0036e-04 -4.9772e-04 -4.9539e-04 -4.9337e-04 -4.9165e-04 -4.9025e-04 -4.8915e-04 -4.8835e-04 -4.8787e-04 -4.8770e-04 -4.8783e-04 -4.8827e-04 -4.8902e-04 -4.9008e-04 -4.9145e-04 -4.9312e-04 -4.9510e-04 -4.9738e-04 -4.9997e-04 -5.0287e-04 -5.0607e-04 -5.0957e-04 -5.1337e-04 -5.1747e-04 -5.2187e-04 -5.2657e-04 -5.3156e-04 -5.3685e-04 -5.4243e-04 -5.4830e-04 -5.5446e-04 -5.6090e-04 -5.6763e-04 -5.7465e-04 -5.8195e-04 -5.8952e-04 -5.9737e-04 -6.0549e-04 -6.1389e-04 -6.2255e-04 
-0000.00050 -6.2428e-04 -6.1553e-04 -6.0705e-04 -5.9884e-04 -5.9091e-04 -5.8326e-04 -5.7589e-04 -5.6881e-04 -5.6200e-04 -5.5549e-04 -5.4927e-04 -5.4333e-04 -5.3769e-04 -5.3235e-04 -5.2730e-04 -5.2255e-04 -5.1809e-04 -5.1394e-04 -5.1009e-04 -5.0654e-04 -5.0330e-04 -5.0036e-04 -4.9772e-04 -4.9539e-04 -4.9337e-04 -4.9165e-04 -4.9025e-04 -4.8915e-04 -4.8835e-04 -4.8787e-04 -4.8770e-04 -4.8783e-04 -4.8827e-04 -4.8902e-04 -4.9008e-04 -4.9145e-04 -4.9312e-04 -4.9510e-04 -4.9738e-04 -4.9997e-04 -5.0287e-04 -5.0607e-04 -5.0957e-04 -5.1337e-04 -5.1747e-04 -5.2187e-04 -5.2657e-04 -5.3156e-04 -5.3685e-04 -5.4243e-04 -5.4830e-04 -5.5446e-04 -5.6090e-04 -5.6763e-04 -5.7465e-04 -5.8195e-04 -5.8952e-04 -5.9737e-04 -6.0549e-04 -6.1389e-04 -6.2255e-04 
-0000.00100 -6.2428e-04 -6.1553e-04 -6.0705e-04 -5.9884e-04 -5.9091e-04 -5.8326e-04 -5.7589e-04 -5.6881e-04 -5.6200e-04 -5.5549e-04 -5.4927e-04 -5.4333e-04 -5.3769e-04 -5.3235e-04 -5.2730e-04 -5.2255e-04 -5.1809e-04 -5.1394e-04 -5.1009e-04 -5.0654e-04 -5.0330e-04 -5.0036e-04 -4.9772e-04 -4.9539e-04 -4.9337e-04 -4.9165e-04 -4.9025e-04 -4.8915e-04 -4.8835e-04 -4.8787e-04 -4.8770e-04 -4.8783e-04 -4.8827e-04 -4.8902e-04 -4.9008e-04 -4.9145e-04 -4.9312e-04 -4.9510e-04 -4.9738e-04 -4.9997e-04 -5.0287e-04 -5.0607e-04 -5.0957e-04 -5.1337e-04 -5.1747e-04 -5.2187e-04 -5.2657e-04 -5.3156e-04 -5.3685e-04 -5.4243e-04 -5.4830e-04 -5.5446e-04 -5.6090e-04 -5.6763e-04 -5.7465e-04 -5.8195e-04 -5.8952e-04 -5.9737e-04 -6.0549e-04 -6.1389e-04 -6.2255e-04 
-0000.00150 -6.2428e-04 -6.1553e-04 -6.0705e-04 -5.9884e-04 -5.9091e-04 -5.8326e-04 -5.7589e-04 -5.6881e-04 -5.6200e-04 -5.5549e-04 -5.4927e-04 -5.4333e-04 -5.3769e-04 -5.3235e-04 -5.2730e-04 -5.2255e-04 -5.1809e-04 -5.1394e-04 -5.1009e-04 -5.0654e-04 -5.0330e-04 -5.0036e-04 -4.9772e-04 -4.9539e-04 -4.9337e-04 -4.9165e-04 -4.9025e-04 -4.8915e-04 -4.8835e-04 -4.8787e-04 -4.8770e-04 -4.8783e-04 -4.8827e-04 -4.8902e-04 -4.9008e-04 -4.9145e-04 -4.9312e-04 -4.9510e-04 -4.9738e-04 -4.9997e-04 -5.0287e-04 -5.0607e-04 -5.0957e-04 -5.1337e-04 -5.1747e-04 -5.2187e-04 -5.2657e-04 -5.3156e-04 -5.3685e-04 -5.4243e-04 -5.4830e-04 -5.5446e-04 -5.6090e-04 -5.6763e-04 -5.7465e-04 -5.8195e-04 -5.8952e-04 -5.9737e-04 -6.0549e-04 -6.1389e-04 -6.2255e-04 
-0000.00200 -6.2428e-04 -6.1553e-04 -6.0705e-04 -5.9884e-04 -5.9091e-04 -5.8326e-04 -5.7589e-04 -5.6881e-04 -5.6200e-04 -5.5549e-04 -5.4927e-04 -5.4333e-04 -5.3769e-04 -5.3235e-04 -5.2730e-04 -5.2255e-04 -5.1809e-04 -5.1394e-04 -5.1009e-04 -5.0654e-04 -5.0330e-04 -5.0036e-04 -4.9772e-04 -4.9539e-04 -4.9337e-04 -4.9165e-04 -4.9025e-04 -4.8915e-04 -4.8835e-04 -4.8787e-04 -4.8770e-04 -4.8783e-04 -4.8827e-04 -4.8902e-04 -4.9008e-04 -4.9145e-04 -4.9312e-04 -4.9510e-04 -4.9738e-04 -4.9997e-04 -5.0287e-04 -5.0607e-04 -5.0957e-04 -5.1337e-04 -5.1747e-04 -5.2187e-04 -5.2657e-04 -5.3156e-04 -5.3685e-04 -5.4243e-04 -5.4830e-04 -5.5446e-04 -5.6090e-04 -5.6763e-04 -5.7465e-04 -5.8195e-04 -5.8952e-04 -5.9737e-04 -6.0549e-04 -6.1389e-04 -6.2255e-04 
# Horizontal Final Position [m]
START
            -0000.01000 -0000.00967 -0000.00933 -0000.00900 -0000.00867 -0000.00833 -0000.00800 -0000.00767 -0000.00733 -0000.00700 -0000.00667 -0000.00633 -0000.00600 -0000.00567 -0000.00533 -0000.00500 -0000.00467 -0000.00433 -0000.00400 -0000.00367 -0000.00333 -0000.00300 -0000.00267 -0000.00233 -0000.00200 -0000.00167 -0000.00133 -0000.00100 -0000.00067 -0000.00033 +0000.00000 +0000.00033 +0000.00067 +0000.00100 +0000.00133 +0000.00167 +0000.00200 +0000.00233 +0000.00267 +0000.00300 +0000.00333 +0000.00367 +0000.00400 +0000.00433 +0000.00467 +0000.00500 +0000.00533 +0000.00567 +0000.00600 +0000.00633 +0000.00667 +0000.00700 +0000.00733 +0000.00767 +0000.00800 +0000.00833 +0000.00867 +0000.00900 +0000.00933 +0000.00967 +0000.01000 
+0000.00200 -1.0002e-02 -9.6689e-03 -9.3356e-03 -9.0023e-03 -8.6690e-03 -8.3357e-03 -8.0024e-03 -7.6691e-03 -7.3358e-03 -7.0025e-03 -6.6692e-03 -6.3359e-03 -6.0026e-03 -5.6693e-03 -5.3359e-03 -5.0026e-03 -4.6693e-03 -4.3360e-03 -4.0027e-03 -3.6694e-03 -3.3361e-03 -3.0028e-03 -2.6694e-03 -2.3361e-03 -2.0028e-03 -1.6695e-03 -1.3361e-03 -1.0028e-03 -6.6948e-04 -3.3615e-04 -2.8176e-06 +3.3052e-04 +6.6385e-04 +9.9719e-04 +1.3305e-03 +1.6639e-03 +1.9972e-03 +2.3306e-03 +2.6639e-03 +2.9972e-03 +3.3306e-03 +3.6639e-03 +3.9973e-03 +4.3306e-03 +4.6640e-03 +4.9974e-03 +5.3307e-03 +5.6641e-03 +5.9974e-03 +6.3308e-03 +6.6641e-03 +6.9975e-03 +7.3309e-03 +7.6642e-03 +7.9976e-03 +8.3310e-03 +8.6643e-03 +8.9977e-03 +9.3311e-03 +9.6644e-03 +9.9978e-03 
+0000.00150 -1.0002e-02 -9.6689e-03 -9.3356e-03 -9.0023e-03 -8.6690e-03 -8.3357e-03 -8.0024e-03 -7.6691e-03 -7.3358e-03 -7.0025e-03 -6.6692e-03 -6.3359e-03 -6.0025e-03 -5.6692e-03 -5.3359e-03 -5.0026e-03 -4.6693e-03 -4.3360e-03 -4.0027e-03 -3.6694e-03 -3.3361e-03 -3.0027e-03 -2.6694e-03 -2.3361e-03 -2.0028e-03 -1.6695e-03 -1.3361e-03 -1.0028e-03 -6.6947e-04 -3.3614e-04 -2.8055e-06 +3.3053e-04 +6.6386e-04 +9.9720e-04 +1.3305e-03 +1.6639e-03 +1.9972e-03 +2.3306e-03 +2.6639e-03 +2.9973e-03 +3.3306e-03 +3.6640e-03 +3.9973e-03 +4.3307e-03 +4.6640e-03 +4.9974e-03 +5.3307e-03 +5.6641e-03 +5.9974e-03 +6.3308e-03 +6.6642e-03 +6.9975e-03 +7.3309e-03 +7.6642e-03 +7.9976e-03 +8.3310e-03 +8.6643e-03 +8.9977e-03 +9.3311e-03 +9.6644e-03 +9.9978e-03 
+0000.00100 -1.0002e-02 -9.6689e-03 -9.3356e-03 -9.0023e-03 -8.6690e-03 -8.3357e-03 -8.0024e-03 -7.6691e-03 -7.3358e-03 -7.0025e-03 -6.6692e-03 -6.3359e-03 -6.0025e-03 -5.6692e-03 -5.3359e-03 -5.0026e-03 -4.6693e-03 -4.3360e-03 -4.0027e-03 -3.6694e-03 -3.3361e-03 -3.0027e-03 -2.6694e-03 -2.3361e-03 -2.0028e-03 -1.6694e-03 -1.3361e-03 -1.0028e-03 -6.6947e-04 -3.3614e-04 -2.8049e-06 +3.3053e-04 +6.6386e-04 +9.9720e-04 +1.3305e-03 +1.6639e-03 +1.9972e-03 +2.3306e-03 +2.6639e-03 +2.9973e-03 +3.3306e-03 +3.6640e-03 +3.9973e-03 +4.3307e-03 +4.6640e-03 +4.9974e-03 +5.3307e-03 +5.6641e-03 +5.9974e-03 +6.3308e-03 +6.6642e-03 +6.9975e-03 +7.3309e-03 +7.6642e-03 +7.9976e-03 +8.3310e-03 +8.6643e-03 +8.9977e-03 +9.3311e-03 +9.6644e-03 +9.9978e-03 
+0000.00050 -1.0002e-02 -9.6689e-03 -9.3356e-03 -9.0023e-03 -8.6690e-03 -8.3357e-03 -8.0024e-03 -7.6691e-03 -7.3358e-03 -7.0025e-03 -6.6692e-03 -6.3359e-03 -6.0025e-03 -5.6692e-03 -5.3359e-03 -5.0026e-03 -4.6693e-03 -4.3360e-03 -4.0027e-03 -3.6694e-03 -3.3361e-03 -3.0027e-03 -2.6694e-03 -2.3361e-03 -2.0028e-03 -1.6694e-03 -1.3361e-03 -1.0028e-03 -6.6947e-04 -3.3614e-04 -2.8046e-06 +3.3053e-04 +6.6386e-04 +9.9720e-04 +1.3305e-03 +1.6639e-03 +1.9972e-03 +2.3306e-03 +2.6639e-03 +2.9973e-03 +3.3306e-03 +3.6640e-03 +3.9973e-03 +4.3307e-03 +4.6640e-03 +4.9974e-03 +5.3307e-03 +5.6641e-03 +5.9974e-03 +6.3308e-03 +6.6642e-03 +6.9975e-03 +7.3309e-03 +7.6642e-03 +7.9976e-03 +8.3310e-03 +8.6643e-03 +8.9977e-03 +9.3311e-03 +9.6644e-03 +9.9978e-03 
+0000.00000 -1.0002e-02 -9.6689e-03 -9.3356e-03 -9.0023e-03 -8.6690e-03 -8.3357e-03 -8.0024e-03 -7.6691e-03 -7.3358e-03 -7.0025e-03 -6.6692e-03 -6.3359e-03 -6.0025e-03 -5.6692e-03 -5.3359e-03 -5.0026e-03 -4.6693e-03 -4.3360e-03 -4.0027e-03 -3.6694e-03 -3.3361e-03 -3.0027e-03 -2.6694e-03 -2.3361e-03 -2.0028e-03 -1.6694e-03 -1.3361e-03 -1.0028e-03 -6.6947e-04 -3.3614e-04 -2.8045e-06 +3.3053e-04 +6.6386e-04 +9.9720e-04 +1.3305e-03 +1.6639e-03 +1.9972e-03 +2.3306e-03 +2.6639e-03 +2.9973e-03 +3.3306e-03 +3.6640e-03 +3.9973e-03 +4.3307e-03 +4.6640e-03 +4.9974e-03 +5.3307e-03 +5.6641e-03 +5.9974e-03 +6.3308e-03 +6.6642e-03 +6.9975e-03 +7.3309e-03 +7.6642e-03 +7.9976e-03 +8.3310e-03 +8.6643e-03 +8.9977e-03 +9.3311e-03 +9.6644e-03 +9.9978e-03 
-0000.00050 -1.0002e-02 -9.6689e-03 -9.3356e-03 -9.0023e-03 -8.6690e-03 -8.3357e-03 -8.0024e-03 -7.6691e-03 -7.3358e-03 -7.0025e-03 -6.6692e-03 -6.3359e-03 -6.0025e-03 -5.6692e-03 -5.3359e-03 -5.0026e-03 -4.6693e-03 -4.3360e-03 -4.0027e-03 -3.6694e-03 -3.3361e-03 -3.0027e-03 -2.6694e-03 -2.3361e-03 -2.0028e-03 -1.6694e-03 -1.3361e-03 -1.0028e-03 -6.6947e-04 -3.3614e-04 -2.8046e-06 +3.3053e-04 +6.6386e-04 +9.9720e-04 +1.3305e-03 +1.6639e-03 +1.9972e-03 +2.3306e-03 +2.6639e-03 +2.9973e-03 +3.3306e-03 +3.6640e-03 +3.9973e-03 +4.3307e-03 +4.6640e-03 +4.9974e-03 +5.3307e-03 +5.6641e-03 +5.9974e-03 +6.3308e-03 +6.6642e-03 +6.9975e-03 +7.3309e-03 +7.6642e-03 +7.9976e-03 +8.3310e-03 +8.6643e-03 +8.9977e-03 +9.3311e-03 +9.6644e-03 +9.9978e-03 
-0000.00100 -1.0002e-02 -9.6689e-03 -9.3356e-03 -9.0023e-03 -8.6690e-03 -8.3357e-03 -8.0024e-03 -7.6691e-03 -7.3358e-03 -7.0025e-03 -6.6692e-03 -6.3359e-03 -6.0025e-03 -5.6692e-03 -5.3359e-03 -5.0026e-03 -4.6693e-03 -4.3360e-03 -4.0027e-03 -3.6694e-03 -3.3361e-03 -3.0027e-03 -2.6694e-03 -2.3361e-03 -2.0028e-03 -1.6694e-03 -1.3361e-03 -1.0028e-03 -6.6947e-04 -3.3614e-04 -2.8049e-06 +3.3053e-04 +6.6386e-04 +9.9720e-04 +1.3305e-03 +1.6639e-03 +1.9972e-03 +2.3306e-03 +2.6639e-03 +2.9973e-03 +3.3306e-03 +3.6640e-03 +3.9973e-03 +4.3307e-03 +4.6640e-03 +4.9974e-03 +5.3307e-03 +5.6641e-03 +5.9974e-03 +6.3308e-03 +6.6642e-03 +6.9975e-03 +7.3309e-03 +7.6642e-03 +7.9976e-03 +8.3310e-03 +8.6643e-03 +8.9977e-03 +9.3311e-03 +9.6644e-03 +9.9978e-03 
-0000.00150 -1.0002e-02 -9.6689e-03 -9.3356e-03 -9.0023e-03 -8.6690e-03 -8.3357e-03 -8.0024e-03 -7.6691e-03 -7.3358e-03 -7.0025e-03 -6.6692e-03 -6.3359e-03 -6.0025e-03 -5.6692e-03 -5.3359e-03 -5.0026e-03 -4.6693e-03 -4.3360e-03 -4.0027e-03 -3.6694e-03 -3.3361e-03 -3.0027e-03 -2.6694e-03 -2.3361e-03 -2.0028e-03 -1.6695e-03 -1.3361e-03 -1.0028e-03 -6.6947e-04 -3.3614e-04 -2.8055e-06 +3.3053e-04 +6.6386e-04 +9.9720e-04 +1.3305e-03 +1.6639e-03 +1.9972e-03 +2.3306e-03 +2.6639e-03 +2.9973e-03 +3.3306e-03 +3.6640e-03 +3.9973e-03 +4.3307e-03 +4.6640e-03 +4.9974e-03 +5.3307e-03 +5.6641e-03 +5.9974e-03 +6.3308e-03 +6.6642e-03 +6.9975e-03 +7.3309e-03 +7.6642e-03 +7.9976e-03 +8.3310e-03 +8.6643e-03 +8.9977e-03 +9.3311e-03 +9.6644e-03 +9.9978e-03 
-0000.00200 -1.0002e-02 -9.6689e-03 -9.3356e-03 -9.0023e-03 -8.6690e-03 -8.3357e-03 -8.0024e-03 -7.6691e-03 -7.3358e-03 -7.0025e-03 -6.6692e-03 -6.3359e-03 -6.0026e-03 -5.6693e-03 -5.3359e-03 -5.0026e-03 -4.6693e-03 -4.3360e-03 -4.0027e-03 -3.6694e-03 -3.3361e-03 -3.0028e-03 -2.6694e-03 -2.3361e-03 -2.0028e-03 -1.6695e-03 -1.3361e-03 -1.0028e-03 -6.6948e-04 -3.3615e-04 -2.8176e-06 +3.3052e-04 +6.6385e-04 +9.9719e-04 +1.3305e-03 +1.6639e-03 +1.9972e-03 +2.3306e-03 +2.6639e-03 +2.9972e-03 +3.3306e-03 +3.6639e-03 +3.9973e-03 +4.3306e-03 +4.6640e-03 +4.9974e-03 +5.3307e-03 +5.6641e-03 +5.9974e-03 +6.3308e-03 +6.6641e-03 +6.9975e-03 +7.3309e-03 +7.6642e-03 +7.9976e-03 +8.3310e-03 +8.6643e-03 +8.9977e-03 +9.3311e-03 +9.6644e-03 +9.9978e-03 
# Vertical Final Position [m]
START
            -0000.01000 -0000.00967 -0000.00933 -0000.00900 -0000.00867 -0000.00833 -0000.00800 -0000.00767 -0000.00733 -0000.00700 -0000.00667 -0000.00633 -0000.00600 -0000.00567 -0000.00533 -0000.00500 -0000.00467 -0000.00433 -0000.00400 -0000.00367 -0000.00333 -0000.00300 -0000.00267 -0000.00233 -0000.00200 -0000.00167 -0000.00133 -0000.00100 -0000.00067 -0000.00033 +0000.00000 +0000.00033 +0000.00067 +0000.00100 +0000.00133 +0000.00167 +0000.00200 +0000.00233 +0000.00267 +0000.00300 +0000.00333 +0000.00367 +0000.00400 +0000.00433 +0000.00467 +0000.00500 +0000.00533 +0000.00567 +0000.00600 +0000.00633 +0000.00667 +0000.00700 +0000.00733 +0000.00767 +0000.00800 +0000.00833 +0000.00867 +0000.00900 +0000.00933 +0000.00967 +0000.01000 
+0000.00200 +2.0002e-03 +2.0002e-03 +2.0002e-03 +2.0002e-03 +2.0002e-03 +2.0001e-03 +2.0001e-03 +2.0001e-03 +2.0001e-03 +2.0001e-03 +2.0001e-03 +2.0001e-03 +2.0001e-03 +2.0001e-03 +2.0001e-03 +2.0001e-03 +2.0001e-03 +2.0001e-03 +2.0000e-03 +2.0000e-03 +2.0000e-03 +2.0000e-03 +2.0000e-03 +2.0000e-03 +2.0000e-03 +2.0000e-03 +2.0000e-03 +2.0000e-03 +2.0000e-03 +1.9999e-03 +1.9999e-03 +1.9999e-03 +1.9999e-03 +1.9999e-03 +1.9999e-03 +1.9999e-03 +1.9999e-03 +1.9999e-03 +1.9999e-03 +1.9999e-03 +1.9998e-03 +1.9998e-03 +1.9998e-03 +1.9998e-03 +1.9998e-03 +1.9998e-03 +1.9998e-03 +1.9998e-03 +1.9998e-03 +1.9998e-03 +1.9998e-03 +1.9998e-03 +1.9998e-03 +1.9997e-03 +1.9997e-03 +1.9997e-03 +1.9997e-03 +1.9997e-03 +1.9997e-03 +1.9997e-03 +1.9997e-03 
+0000.00150 +1.5001e-03 +1.5001e-03 +1.5001e-03 +1.5001e-03 +1.5001e-03 +1.5001e-03 +1.5001e-03 +1.5001e-03 +1.5001e-03 +1.5001e-03 +1.5001e-03 +1.5001e-03 +1.5001e-03 +1.5001e-03 +1.5001e-03 +1.5001e-03 +1.5001e-03 +1.5001e-03 +1.5000e-03 +1.5000e-03 +1.5000e-03 +1.5000e-03 +1.5000e-03 +1.5000e-03 +1.5000e-03 +1.5000e-03 +1.5000e-03 +1.5000e-03 +1.5000e-03 +1.5000e-03 +1.5000e-03 +1.5000e-03 +1.4999e-03 +1.4999e-03 +1.4999e-03 +1.4999e-03 +1.4999e-03 +1.4999e-03 +1.4999e-03 +1.4999e-03 +1.4999e-03 +1.4999e-03 +1.4999e-03 +1.4999e-03 +1.4999e-03 +1.4999e-03 +1.4999e-03 +1.4999e-03 +1.4999e-03 +1.4998e-03 +1.4998e-03 +1.4998e-03 +1.4998e-03 +1.4998e-03 +1.4998e-03 +1.4998e-03 +1.4998e-03 +1.4998e-03 +1.4998e-03 +1.4998e-03 +1.4998e-03 
+0000.00100 +1.0001e-03 +1.0001e-03 +1.0001e-03 +1.0001e-03 +1.0001e-03 +1.0001e-03 +1.0001e-03 +1.0001e-03 +1.0001e-03 +1.0001e-03 +1.0001e-03 +1.0001e-03 +1.0000e-03 +1.0000e-03 +1.0000e-03 +1.0000e-03 +1.0000e-03 +1.0000e-03 +1.0000e-03 +1.0000e-03 +1.0000e-03 +1.0000e-03 +1.0000e-03 +1.0000e-03 +1.0000e-03 +9.9999e-04 +9.9999e-04 +9.9999e-04 +9.9998e-04 +9.9998e-04 +9.9997e-04 +9.9997e-04 +9.9996e-04 +9.9996e-04 +9.9995e-04 +9.9995e-04 +9.9995e-04 +9.9994e-04 +9.9994e-04 +9.9993e-04 +9.9993e-04 +9.9992e-04 +9.9992e-04 +9.9992e-04 +9.9991e-04 +9.9991e-04 +9.9991e-04 +9.9990e-04 +9.9990e-04 +9.9989e-04 +9.9989e-04 +9.9989e-04 +9.9989e-04 +9.9988e-04 +9.9988e-04 +9.9988e-04 +9.9987e-04 +9.9987e-04 +9.9987e-04 +9.9987e-04 +9.9987e-04 
+0000.00050 +5.0004e-04 +5.0004e-04 +5.0004e-04 +5.0004e-04 +5.0004e-04 +5.0004e-04 +5.0004e-04 +5.0004e-04 +5.0004e-04 +5.0003e-04 +5.0003e-04 +5.0003e-04 +5.0003e-04 +5.0003e-04 +5.0003e-04 +5.0002e-04 +5.0002e-04 +5.0002e-04 +5.0002e-04 +5.0002e-04 +5.0001e-04 +5.0001e-04 +5.0001e-04 +5.0001e-04 +5.0000e-04 +5.0000e-04 +5.0000e-04 +5.0000e-04 +4.9999e-04 +4.9999e-04 +4.9999e-04 +4.9999e-04 +4.9998e-04 +4.9998e-04 +4.9998e-04 +4.9998e-04 +4.9997e-04 +4.9997e-04 +4.9997e-04 +4.9997e-04 +4.9997e-04 +4.9996e-04 +4.9996e-04 +4.9996e-04 +4.9996e-04 +4.9996e-04 +4.9995e-04 +4.9995e-04 +4.9995e-04 +4.9995e-04 +4.9995e-04 +4.9995e-04 +4.9994e-04 +4.9994e-04 +4.9994e-04 +4.9994e-04 +4.9994e-04 +4.9994e-04 +4.9994e-04 +4.9994e-04 +4.9994e-04 
+0000.00000 +3.9687e-11 +3.9113e-11 +3.8524e-11 +3.7924e-11 +3.7316e-11 +3.6703e-11 +3.6090e-11 +3.5478e-11 +3.4871e-11 +3.4271e-11 +3.3682e-11 +3.3105e-11 +3.2543e-11 +3.1998e-11 +3.1473e-11 +3.0969e-11 +3.0489e-11 +3.0034e-11 +2.9606e-11 +2.9206e-11 +2.8836e-11 +2.8498e-11 +2.8192e-11 +2.7919e-11 +2.7680e-11 +2.7477e-11 +2.7310e-11 +2.7179e-11 +2.7085e-11 +2.7028e-11 +2.7009e-11 +2.7027e-11 +2.7082e-11 +2.7175e-11 +2.7304e-11 +2.7471e-11 +2.7673e-11 +2.7911e-11 +2.8183e-11 +2.8489e-11 +2.8827e-11 +2.9197e-11 +2.9597e-11 +3.0026e-11 +3.0483e-11 +3.0965e-11 +3.1470e-11 +3.1998e-11 +3.2546e-11 +3.3112e-11 +3.3693e-11 +3.4288e-11 +3.4893e-11 +3.5506e-11 +3.6125e-11 +3.6746e-11 +3.7366e-11 +3.7983e-11 +3.8593e-11 +3.9193e-11 +3.9779e-11 
-0000.00050 -5.0004e-04 -5.0004e-04 -5.0004e-04 -5.0004e-04 -5.0004e-04 -5.0004e-04 -5.0004e-04 -5.0004e-04 -5.0004e-04 -5.0003e-04 -5.0003e-04 -5.0003e-04 -5.0003e-04 -5.0003e-04 -5.0003e-04 -5.0002e-04 -5.0002e-04 -5.0002e-04 -5.0002e-04 -5.0002e-04 -5.0001e-04 -5.0001e-04 -5.0001e-04 -5.0001e-04 -5.0000e-04 -5.0000e-04 -5.0000e-04 -5.0000e-04 -4.9999e-04 -4.9999e-04 -4.9999e-04 -4.9999e-04 -4.9998e-04 -4.9998e-04 -4.9998e-04 -4.9998e-04 -4.9997e-04 -4.9997e-04 -4.9997e-04 -4.9997e-04 -4.9997e-04 -4.9996e-04 -4.9996e-04 -4.9996e-04 -4.9996e-04 -4.9996e-04 -4.9995e-04 -4.9995e-04 -4.9995e-04 -4.9995e-04 -4.9995e-04 -4.9995e-04 -4.9994e-04 -4.9994e-04 -4.9994e-04 -4.9994e-04 -4.9994e-04 -4.9994e-04 -4.9994e-04 -4.9994e-04 -4.9994e-04 
-0000.00100 -1.0001e-03 -1.0001e-03 -1.0001e-03 -1.0001e-03 -1.0001e-03 -1.0001e-03 -1.0001e-03 -1.0001e-03 -1.0001e-03 -1.0001e-03 -1.0001e-03 -1.0001e-03 -1.0000e-03 -1.0000e-03 -1.0000e-03 -1.0000e-03 -1.0000e-03 -1.0000e-03 -1.0000e-03 -1.0000e-03 -1.0000e-03 -1.0000e-03 -1.0000e-03 -1.0000e-03 -1.0000e-03 -9.9999e-04 -9.9999e-04 -9.9999e-04 -9.9998e-04 -9.9998e-04 -9.9997e-04 -9.9997e-04 -9.9996e-04 -9.9996e-04 -9.9995e-04 -9.9995e-04 -9.9995e-04 -9.9994e-04 -9.9994e-04 -9.9993e-04 -9.9993e-04 -9.9992e-04 -9.9992e-04 -9.9992e-04 -9.9991e-04 -9.9991e-04 -9.9991e-04 -9.9990e-04 -9.9990e-04 -9.9989e-04 -9.9989e-04 -9.9989e-04 -9.9989e-04 -9.9988e-04 -9.9988e-04 -9.9988e-04 -9.9987e-04 -9.9987e-04 -9.9987e-04 -9.9987e-04 -9.9987e-04 
-0000.00150 -1.5001e-03 -1.5001e-03 -1.5001e-03 -1.5001e-03 -1.5001e-03 -1.5001e-03 -1.5001e-03 -1.5001e-03 -1.5001e-03 -1.5001e-03 -1.5001e-03 -1.5001e-03 -1.5001e-03 -1.5001e-03 -1.5001e-03 -1.5001e-03 -1.5001e-03 -1.5001e-03 -1.5000e-03 -1.5000e-03 -1.5000e-03 -1.5000e-03 -1.5000e-03 -1.5000e-03 -1.5000e-03 -1.5000e-03 -1.5000e-03 -1.5000e-03 -1.5000e-03 -1.5000e-03 -1.5000e-03 -1.5000e-03 -1.4999e-03 -1.4999e-03 -1.4999e-03 -1.4999e-03 -1.4999e-03 -1.4999e-03 -1.4999e-03 -1.4999e-03 -1.4999e-03 -1.4999e-03 -1.4999e-03 -1.4999e-03 -1.4999e-03 -1.4999e-03 -1.4999e-03 -1.4999e-03 -1.4999e-03 -1.4998e-03 -1.4998e-03 -1.4998e-03 -1.4998e-03 -1.4998e-03 -1.4998e-03 -1.4998e-03 -1.4998e-03 -1.4998e-03 -1.4998e-03 -1.4998e-03 -1.4998e-03 
-0000.00200 -2.0002e-03 -2.0002e-03 -2.0002e-03 -2.0002e-03 -2.0002e-03 -2.0001e-03 -2.0001e-03 -2.0001e-03 -2.0001e-03 -2.0001e-03 -2.0001e-03 -2.0001e-03 -2.0001e-03 -2.0001e-03 -2.0001e-03 -2.0001e-03 -2.0001e-03 -2.0001e-03 -2.0000e-03 -2.0000e-03 -2.0000e-03 -2.0000e-03 -2.0000e-03 -2.0000e-03 -2.0000e-03 -2.0000e-03 -2.0000e-03 -2.0000e-03 -2.0000e-03 -1.9999e-03 -1.9999e-03 -1.9999e-03 -1.9999e-03 -1.9999e-03 -1.9999e-03 -1.9999e-03 -1.9999e-03 -1.9999e-03 -1.9999e-03 -1.9999e-03 -1.9998e-03 -1.9998e-03 -1.9998e-03 -1.9998e-03 -1.9998e-03 -1.9998e-03 -1.9998e-03 -1.9998e-03 -1.9998e-03 -1.9998e-03 -1.9998e-03 -1.9998e-03 -1.9998e-03 -1.9997e-03 -1.9997e-03 -1.9997e-03 -1.9997e-03 -1.9997e-03 -1.9997e-03 -1.9997e-03 -1.9997e-03 