# Author: FAC idanalysis.IDKickMap
# 
# Total Length of Longitudinal Interval [m]
None
# Number of Horizontal Points
21
# Number of Vertical Points
5
# Total Horizontal 2nd Order Kick [T2m2]
START
            -0000.01000 -0000.00900 -0000.00800 -0000.00700 -0000.00600 -0000.00500 -0000.00400 -0000.00300 -0000.00200 -0000.00100 +0000.00000 +0000.00100 +0000.00200 +0000.00300 +0000.00400 +0000.00500 +0000.00600 +0000.00700 +0000.00800 +0000.00900 +0000.01000 
+0000.00600 +2.8428e-06 +1.3974e-05 -1.8838e-05 -2.7524e-06 +1.4444e-06 +8.7709e-06 -3.2228e-05 -4.1380e-06 +4.0155e-07 +5.8616e-06 +6.5664e-07 -5.9955e-06 -5.2638e-07 +4.0078e-06 +3.1922e-05 -8.8165e-06 -1.4808e-06 +2.7115e-06 +1.8711e-05 -1.3894e-05 -2.7486e-06 
+0000.00300 -8.4331e-07 -1.5945e-06 +9.6970e-07 +8.2588e-07 -4.8933e-07 -1.4976e-06 +5.1076e-07 +1.0555e-06 -1.7184e-07 -1.3132e-06 -9.0708e-08 +1.2685e-06 +1.2676e-07 -1.1003e-06 -5.5828e-07 +1.4862e-06 +4.8212e-07 -8.3203e-07 -9.8123e-07 +1.6259e-06 +8.8394e-07 
+0000.00000 -2.7603e-07 -2.4365e-07 -1.8865e-07 -1.5599e-07 -1.5913e-07 -1.4610e-07 -8.9000e-08 -4.7054e-08 -5.3733e-08 -5.5053e-08 -8.3126e-09 +3.7286e-08 +3.5377e-08 +3.1725e-08 +7.9354e-08 +1.4116e-07 +1.5711e-07 +1.5714e-07 +1.9465e-07 +2.5580e-07 +2.9292e-07 
-0000.00300 -8.2695e-07 -1.5798e-06 +9.8597e-07 +8.4281e-07 -4.7268e-07 -1.4836e-06 +5.1522e-07 +1.0596e-06 -1.6780e-07 -1.3101e-06 +4.1145e-08 +1.2645e-06 +1.2217e-07 -1.1048e-06 -5.6333e-07 +1.4731e-06 +4.6642e-07 -8.4802e-07 -9.9701e-07 +1.6115e-06 +8.6816e-07 
-0000.00600 +2.8961e-06 +1.4014e-05 -1.8802e-05 -2.6980e-06 +1.4997e-06 +8.8218e-06 -3.2228e-05 -4.1248e-06 +4.1522e-07 +5.8746e-06 +9.9035e-07 -6.0095e-06 -5.4092e-07 +3.9929e-06 +3.1914e-05 -8.8643e-06 -1.5343e-06 +2.6581e-06 +1.8672e-05 -1.3923e-05 -2.7986e-06 
# Total Vertical 2nd Order Kick [T2m2]
START
            -0000.01000 -0000.00900 -0000.00800 -0000.00700 -0000.00600 -0000.00500 -0000.00400 -0000.00300 -0000.00200 -0000.00100 +0000.00000 +0000.00100 +0000.00200 +0000.00300 +0000.00400 +0000.00500 +0000.00600 +0000.00700 +0000.00800 +0000.00900 +0000.01000 
+0000.00600 +4.7973e-05 +4.7932e-05 +5.5236e-05 +4.8844e-05 +4.8261e-05 +4.8454e-05 +6.6026e-05 +4.8782e-05 +4.8335e-05 +4.8660e-05 +1.3512e-04 +4.8650e-05 +4.8300e-05 +4.8728e-05 +6.5756e-05 +4.8410e-05 +4.8186e-05 +4.8760e-05 +5.5148e-05 +4.7923e-05 +4.7896e-05 
+0000.00300 +6.7537e-05 +6.5842e-05 +6.5246e-05 +6.7305e-05 +6.7643e-05 +6.6457e-05 +6.5145e-05 +6.7093e-05 +6.7637e-05 +6.6803e-05 +6.5129e-05 +6.6764e-05 +6.7580e-05 +6.7019e-05 +6.5043e-05 +6.6325e-05 +6.7508e-05 +6.7167e-05 +6.5104e-05 +6.5701e-05 +6.7416e-05 
+0000.00000 -1.5195e-08 -1.5984e-08 -1.6248e-08 -1.6901e-08 -1.8178e-08 -1.9386e-08 -1.9981e-08 -2.0205e-08 -2.0466e-08 -2.0722e-08 -2.0787e-08 -2.0578e-08 -2.0210e-08 -1.9895e-08 -1.9723e-08 -1.9297e-08 -1.8232e-08 -1.6952e-08 -1.6114e-08 -1.5640e-08 -1.4767e-08 
-0000.00300 -6.7919e-05 -6.6236e-05 -6.5660e-05 -6.7734e-05 -6.8084e-05 -6.6906e-05 -6.5605e-05 -6.7558e-05 -6.8105e-05 -6.7274e-05 -6.5600e-05 -6.7234e-05 -6.8048e-05 -6.7484e-05 -6.5503e-05 -6.6774e-05 -6.7947e-05 -6.7597e-05 -6.5522e-05 -6.6101e-05 -6.7805e-05 
-0000.00600 -4.7817e-05 -4.7796e-05 -5.5068e-05 -4.8692e-05 -4.8125e-05 -4.8336e-05 -6.5908e-05 -4.8664e-05 -4.8222e-05 -4.8550e-05 -1.3501e-04 -4.8540e-05 -4.8188e-05 -4.8611e-05 -6.5634e-05 -4.8293e-05 -4.8053e-05 -4.8610e-05 -5.4981e-05 -4.7799e-05 -4.7751e-05 
# Horizontal Final Position [m]
START
            -0000.01000 -0000.00900 -0000.00800 -0000.00700 -0000.00600 -0000.00500 -0000.00400 -0000.00300 -0000.00200 -0000.00100 +0000.00000 +0000.00100 +0000.00200 +0000.00300 +0000.00400 +0000.00500 +0000.00600 +0000.00700 +0000.00800 +0000.00900 +0000.01000 
+0000.00600 -1.0001e-02 -9.0014e-03 -8.0015e-03 -7.0013e-03 -6.0013e-03 -5.0014e-03 -4.0017e-03 -3.0013e-03 -2.0013e-03 -1.0014e-03 -1.7972e-06 +9.9862e-04 +1.9987e-03 +2.9987e-03 +3.9984e-03 +4.9986e-03 +5.9987e-03 +6.9987e-03 +7.9986e-03 +8.9986e-03 +9.9988e-03 
+0000.00300 -1.0001e-02 -9.0010e-03 -8.0010e-03 -7.0011e-03 -6.0012e-03 -5.0012e-03 -4.0012e-03 -3.0012e-03 -2.0013e-03 -1.0012e-03 -1.2241e-06 +9.9876e-04 +1.9987e-03 +2.9988e-03 +3.9988e-03 +4.9988e-03 +5.9988e-03 +6.9989e-03 +7.9990e-03 +8.9990e-03 +9.9990e-03 
+0000.00000 -1.0001e-02 -9.0012e-03 -8.0012e-03 -7.0012e-03 -6.0013e-03 -5.0013e-03 -4.0013e-03 -3.0014e-03 -2.0014e-03 -1.0014e-03 -1.3777e-06 +9.9863e-04 +1.9986e-03 +2.9986e-03 +3.9987e-03 +4.9987e-03 +5.9987e-03 +6.9988e-03 +7.9988e-03 +8.9988e-03 +9.9989e-03 
-0000.00300 -1.0001e-02 -9.0010e-03 -8.0010e-03 -7.0011e-03 -6.0012e-03 -5.0012e-03 -4.0012e-03 -3.0012e-03 -2.0013e-03 -1.0012e-03 -1.2240e-06 +9.9876e-04 +1.9987e-03 +2.9988e-03 +3.9988e-03 +4.9988e-03 +5.9988e-03 +6.9989e-03 +7.9990e-03 +8.9990e-03 +9.9990e-03 
-0000.00600 -1.0001e-02 -9.0014e-03 -8.0015e-03 -7.0013e-03 -6.0013e-03 -5.0014e-03 -4.0017e-03 -3.0013e-03 -2.0013e-03 -1.0014e-03 -1.7969e-06 +9.9862e-04 +1.9987e-03 +2.9987e-03 +3.9984e-03 +4.9986e-03 +5.9987e-03 +6.9987e-03 +7.9986e-03 +8.9986e-03 +9.9988e-03 
# Vertical Final Position [m]
START
            -0000.01000 -0000.00900 -0000.00800 -0000.00700 -0000.00600 -0000.00500 -0000.00400 -0000.00300 -0000.00200 -0000.00100 +0000.00000 +0000.00100 +0000.00200 +0000.00300 +0000.00400 +0000.00500 +0000.00600 +0000.00700 +0000.00800 +0000.00900 +0000.01000 
+0000.00600 +6.0024e-03 +6.0023e-03 +6.0015e-03 +6.0014e-03 +6.0013e-03 +6.0013e-03 +6.0007e-03 +6.0005e-03 +6.0005e-03 +6.0004e-03 +6.0001e-03 +5.9997e-03 +5.9996e-03 +5.9996e-03 +5.9995e-03 +5.9988e-03 +5.9988e-03 +5.9987e-03 +5.9986e-03 +5.9978e-03 +5.9977e-03 
+0000.00300 +2.9999e-03 +2.9999e-03 +3.0000e-03 +3.0000e-03 +3.0000e-03 +3.0000e-03 +3.0000e-03 +3.0001e-03 +3.0000e-03 +3.0000e-03 +3.0001e-03 +3.0001e-03 +3.0001e-03 +3.0001e-03 +3.0001e-03 +3.0002e-03 +3.0001e-03 +3.0001e-03 +3.0001e-03 +3.0002e-03 +3.0002e-03 
+0000.00000 -4.0644e-11 -4.2665e-11 -4.3558e-11 -4.4821e-11 -4.7031e-11 -4.9172e-11 -5.0308e-11 -5.0784e-11 -5.1319e-11 -5.1878e-11 -5.2089e-11 -5.1714e-11 -5.1004e-11 -5.0391e-11 -4.9993e-11 -4.9098e-11 -4.7163e-11 -4.4965e-11 -4.3484e-11 -4.2347e-11 -4.0274e-11 
-0000.00300 -2.9999e-03 -2.9999e-03 -3.0000e-03 -3.0000e-03 -3.0000e-03 -3.0000e-03 -3.0000e-03 -3.0001e-03 -3.0000e-03 -3.0000e-03 -3.0001e-03 -3.0001e-03 -3.0001e-03 -3.0001e-03 -3.0001e-03 -3.0002e-03 -3.0001e-03 -3.0001e-03 -3.0001e-03 -3.0002e-03 -3.0002e-03 
-0000.00600 -6.0024e-03 -6.0023e-03 -6.0015e-03 -6.0014e-03 -6.0013e-03 -6.0013e-03 -6.0007e-03 -6.0005e-03 -6.0005e-03 -6.0004e-03 -6.0001e-03 -5.9997e-03 -5.9996e-03 -5.9996e-03 -5.9995e-03 -5.9988e-03 -5.9988e-03 -5.9987e-03 -5.9986e-03 -5.9978e-03 -5.9977e-03 