# Author: FAC idanalysis.IDKickMap
# Termination_kicks [T2m2]: +0.0000e+00 +0.0000e+00 +0.0000e+00 +0.0000e+00 
# Total Length of Longitudinal Interval [m]
0.13
# Number of Horizontal Points
61
# Number of Vertical Points
9
# Total Horizontal 2nd Order Kick [T2m2]
START
            -0000.01000 -0000.00967 -0000.00933 -0000.00900 -0000.00867 -0000.00833 -0000.00800 -0000.00767 -0000.00733 -0000.00700 -0000.00667 -0000.00633 -0000.00600 -0000.00567 -0000.00533 -0000.00500 -0000.00467 -0000.00433 -0000.00400 -0000.00367 -0000.00333 -0000.00300 -0000.00267 -0000.00233 -0000.00200 -0000.00167 -0000.00133 -0000.00100 -0000.00067 -0000.00033 +0000.00000 +0000.00033 +0000.00067 +0000.00100 +0000.00133 +0000.00167 +0000.00200 +0000.00233 +0000.00267 +0000.00300 +0000.00333 +0000.00367 +0000.00400 +0000.00433 +0000.00467 +0000.00500 +0000.00533 +0000.00567 +0000.00600 +0000.00633 +0000.00667 +0000.00700 +0000.00733 +0000.00767 +0000.00800 +0000.00833 +0000.00867 +0000.00900 +0000.00933 +0000.00967 +0000.01000 
+0000.00200 -2.6563e-04 -2.6281e-04 -2.5992e-04 -2.5697e-04 -2.5397e-04 -2.5095e-04 -2.4792e-04 -2.4490e-04 -2.4190e-04 -2.3893e-04 -2.3600e-04 -2.3314e-04 -2.3035e-04 -2.2765e-04 -2.2504e-04 -2.2253e-04 -2.2014e-04 -2.1787e-04 -2.1574e-04 -2.1375e-04 -2.1190e-04 -2.1021e-04 -2.0868e-04 -2.0731e-04 -2.0612e-04 -2.0509e-04 -2.0425e-04 -2.0359e-04 -2.0311e-04 -2.0281e-04 -2.0270e-04 -2.0277e-04 -2.0303e-04 -2.0348e-04 -2.0411e-04 -2.0492e-04 -2.0590e-04 -2.0707e-04 -2.0840e-04 -2.0990e-04 -2.1156e-04 -2.1338e-04 -2.1534e-04 -2.1745e-04 -2.1969e-04 -2.2206e-04 -2.2454e-04 -2.2713e-04 -2.2982e-04 -2.3260e-04 -2.3545e-04 -2.3836e-04 -2.4132e-04 -2.4432e-04 -2.4734e-04 -2.5037e-04 -2.5340e-04 -2.5640e-04 -2.5936e-04 -2.6227e-04 -2.6510e-04 
+0000.00150 -2.6487e-04 -2.6222e-04 -2.5949e-04 -2.5669e-04 -2.5384e-04 -2.5095e-04 -2.4805e-04 -2.4515e-04 -2.4227e-04 -2.3941e-04 -2.3659e-04 -2.3383e-04 -2.3113e-04 -2.2851e-04 -2.2598e-04 -2.2355e-04 -2.2123e-04 -2.1903e-04 -2.1696e-04 -2.1502e-04 -2.1323e-04 -2.1158e-04 -2.1009e-04 -2.0876e-04 -2.0760e-04 -2.0660e-04 -2.0578e-04 -2.0513e-04 -2.0467e-04 -2.0438e-04 -2.0427e-04 -2.0434e-04 -2.0460e-04 -2.0503e-04 -2.0565e-04 -2.0643e-04 -2.0740e-04 -2.0853e-04 -2.0983e-04 -2.1129e-04 -2.1291e-04 -2.1467e-04 -2.1659e-04 -2.1863e-04 -2.2081e-04 -2.2311e-04 -2.2551e-04 -2.2802e-04 -2.3062e-04 -2.3331e-04 -2.3606e-04 -2.3886e-04 -2.4171e-04 -2.4459e-04 -2.4749e-04 -2.5039e-04 -2.5328e-04 -2.5613e-04 -2.5894e-04 -2.6169e-04 -2.6435e-04 
+0000.00100 -2.6433e-04 -2.6179e-04 -2.5917e-04 -2.5648e-04 -2.5373e-04 -2.5094e-04 -2.4813e-04 -2.4532e-04 -2.4252e-04 -2.3974e-04 -2.3700e-04 -2.3430e-04 -2.3167e-04 -2.2912e-04 -2.2665e-04 -2.2428e-04 -2.2201e-04 -2.1986e-04 -2.1783e-04 -2.1593e-04 -2.1417e-04 -2.1256e-04 -2.1110e-04 -2.0979e-04 -2.0865e-04 -2.0767e-04 -2.0687e-04 -2.0623e-04 -2.0577e-04 -2.0549e-04 -2.0539e-04 -2.0546e-04 -2.0571e-04 -2.0614e-04 -2.0674e-04 -2.0751e-04 -2.0846e-04 -2.0957e-04 -2.1084e-04 -2.1227e-04 -2.1386e-04 -2.1559e-04 -2.1746e-04 -2.1947e-04 -2.2160e-04 -2.2384e-04 -2.2620e-04 -2.2865e-04 -2.3118e-04 -2.3380e-04 -2.3648e-04 -2.3921e-04 -2.4198e-04 -2.4478e-04 -2.4758e-04 -2.5039e-04 -2.5318e-04 -2.5593e-04 -2.5863e-04 -2.6126e-04 -2.6381e-04 
+0000.00050 -2.6400e-04 -2.6154e-04 -2.5898e-04 -2.5635e-04 -2.5366e-04 -2.5093e-04 -2.4818e-04 -2.4542e-04 -2.4267e-04 -2.3993e-04 -2.3724e-04 -2.3459e-04 -2.3200e-04 -2.2948e-04 -2.2704e-04 -2.2470e-04 -2.2247e-04 -2.2034e-04 -2.1834e-04 -2.1647e-04 -2.1473e-04 -2.1314e-04 -2.1170e-04 -2.1041e-04 -2.0928e-04 -2.0831e-04 -2.0752e-04 -2.0689e-04 -2.0644e-04 -2.0616e-04 -2.0606e-04 -2.0613e-04 -2.0637e-04 -2.0680e-04 -2.0739e-04 -2.0816e-04 -2.0909e-04 -2.1019e-04 -2.1145e-04 -2.1286e-04 -2.1443e-04 -2.1614e-04 -2.1799e-04 -2.1996e-04 -2.2207e-04 -2.2428e-04 -2.2660e-04 -2.2902e-04 -2.3152e-04 -2.3409e-04 -2.3673e-04 -2.3941e-04 -2.4214e-04 -2.4488e-04 -2.4764e-04 -2.5039e-04 -2.5311e-04 -2.5581e-04 -2.5844e-04 -2.6101e-04 -2.6348e-04 
+0000.00000 -2.6389e-04 -2.6145e-04 -2.5891e-04 -2.5630e-04 -2.5363e-04 -2.5092e-04 -2.4819e-04 -2.4545e-04 -2.4271e-04 -2.3999e-04 -2.3731e-04 -2.3468e-04 -2.3210e-04 -2.2959e-04 -2.2717e-04 -2.2484e-04 -2.2262e-04 -2.2050e-04 -2.1851e-04 -2.1664e-04 -2.1491e-04 -2.1333e-04 -2.1189e-04 -2.1061e-04 -2.0948e-04 -2.0852e-04 -2.0773e-04 -2.0711e-04 -2.0666e-04 -2.0638e-04 -2.0628e-04 -2.0635e-04 -2.0659e-04 -2.0702e-04 -2.0761e-04 -2.0837e-04 -2.0930e-04 -2.1040e-04 -2.1165e-04 -2.1306e-04 -2.1462e-04 -2.1632e-04 -2.1816e-04 -2.2013e-04 -2.2222e-04 -2.2443e-04 -2.2674e-04 -2.2914e-04 -2.3163e-04 -2.3419e-04 -2.3681e-04 -2.3948e-04 -2.4219e-04 -2.4492e-04 -2.4766e-04 -2.5039e-04 -2.5310e-04 -2.5576e-04 -2.5838e-04 -2.6092e-04 -2.6337e-04 
-0000.00050 -2.6400e-04 -2.6153e-04 -2.5898e-04 -2.5635e-04 -2.5366e-04 -2.5093e-04 -2.4818e-04 -2.4542e-04 -2.4266e-04 -2.3993e-04 -2.3723e-04 -2.3458e-04 -2.3199e-04 -2.2948e-04 -2.2704e-04 -2.2470e-04 -2.2246e-04 -2.2034e-04 -2.1834e-04 -2.1646e-04 -2.1473e-04 -2.1314e-04 -2.1169e-04 -2.1040e-04 -2.0928e-04 -2.0831e-04 -2.0752e-04 -2.0689e-04 -2.0644e-04 -2.0616e-04 -2.0605e-04 -2.0613e-04 -2.0637e-04 -2.0680e-04 -2.0739e-04 -2.0816e-04 -2.0909e-04 -2.1019e-04 -2.1145e-04 -2.1286e-04 -2.1443e-04 -2.1614e-04 -2.1799e-04 -2.1997e-04 -2.2207e-04 -2.2428e-04 -2.2660e-04 -2.2902e-04 -2.3152e-04 -2.3409e-04 -2.3673e-04 -2.3942e-04 -2.4214e-04 -2.4488e-04 -2.4764e-04 -2.5039e-04 -2.5312e-04 -2.5581e-04 -2.5844e-04 -2.6101e-04 -2.6348e-04 
-0000.00100 -2.6433e-04 -2.6179e-04 -2.5917e-04 -2.5647e-04 -2.5372e-04 -2.5094e-04 -2.4813e-04 -2.4532e-04 -2.4251e-04 -2.3973e-04 -2.3699e-04 -2.3430e-04 -2.3167e-04 -2.2912e-04 -2.2665e-04 -2.2427e-04 -2.2200e-04 -2.1985e-04 -2.1782e-04 -2.1593e-04 -2.1417e-04 -2.1256e-04 -2.1109e-04 -2.0979e-04 -2.0865e-04 -2.0767e-04 -2.0687e-04 -2.0623e-04 -2.0577e-04 -2.0549e-04 -2.0539e-04 -2.0546e-04 -2.0571e-04 -2.0614e-04 -2.0674e-04 -2.0751e-04 -2.0846e-04 -2.0957e-04 -2.1085e-04 -2.1228e-04 -2.1386e-04 -2.1559e-04 -2.1747e-04 -2.1947e-04 -2.2160e-04 -2.2385e-04 -2.2620e-04 -2.2865e-04 -2.3119e-04 -2.3380e-04 -2.3648e-04 -2.3921e-04 -2.4199e-04 -2.4478e-04 -2.4759e-04 -2.5040e-04 -2.5318e-04 -2.5593e-04 -2.5864e-04 -2.6127e-04 -2.6381e-04 
-0000.00150 -2.6486e-04 -2.6221e-04 -2.5948e-04 -2.5668e-04 -2.5383e-04 -2.5094e-04 -2.4804e-04 -2.4514e-04 -2.4226e-04 -2.3940e-04 -2.3658e-04 -2.3382e-04 -2.3112e-04 -2.2850e-04 -2.2598e-04 -2.2355e-04 -2.2123e-04 -2.1903e-04 -2.1696e-04 -2.1502e-04 -2.1323e-04 -2.1158e-04 -2.1009e-04 -2.0876e-04 -2.0760e-04 -2.0660e-04 -2.0578e-04 -2.0513e-04 -2.0467e-04 -2.0438e-04 -2.0427e-04 -2.0434e-04 -2.0460e-04 -2.0503e-04 -2.0565e-04 -2.0644e-04 -2.0740e-04 -2.0853e-04 -2.0983e-04 -2.1129e-04 -2.1291e-04 -2.1468e-04 -2.1659e-04 -2.1864e-04 -2.2081e-04 -2.2311e-04 -2.2552e-04 -2.2803e-04 -2.3063e-04 -2.3331e-04 -2.3606e-04 -2.3887e-04 -2.4172e-04 -2.4460e-04 -2.4750e-04 -2.5039e-04 -2.5328e-04 -2.5613e-04 -2.5894e-04 -2.6169e-04 -2.6435e-04 
-0000.00200 -2.6562e-04 -2.6280e-04 -2.5991e-04 -2.5696e-04 -2.5397e-04 -2.5095e-04 -2.4792e-04 -2.4489e-04 -2.4189e-04 -2.3892e-04 -2.3600e-04 -2.3313e-04 -2.3034e-04 -2.2764e-04 -2.2503e-04 -2.2252e-04 -2.2013e-04 -2.1787e-04 -2.1574e-04 -2.1374e-04 -2.1190e-04 -2.1021e-04 -2.0867e-04 -2.0731e-04 -2.0611e-04 -2.0509e-04 -2.0425e-04 -2.0359e-04 -2.0310e-04 -2.0281e-04 -2.0270e-04 -2.0277e-04 -2.0303e-04 -2.0348e-04 -2.0411e-04 -2.0492e-04 -2.0591e-04 -2.0707e-04 -2.0840e-04 -2.0990e-04 -2.1156e-04 -2.1338e-04 -2.1535e-04 -2.1745e-04 -2.1970e-04 -2.2206e-04 -2.2455e-04 -2.2714e-04 -2.2983e-04 -2.3260e-04 -2.3545e-04 -2.3836e-04 -2.4133e-04 -2.4433e-04 -2.4735e-04 -2.5038e-04 -2.5340e-04 -2.5640e-04 -2.5937e-04 -2.6227e-04 -2.6511e-04 
# Total Vertical 2nd Order Kick [T2m2]
START
            -0000.01000 -0000.00967 -0000.00933 -0000.00900 -0000.00867 -0000.00833 -0000.00800 -0000.00767 -0000.00733 -0000.00700 -0000.00667 -0000.00633 -0000.00600 -0000.00567 -0000.00533 -0000.00500 -0000.00467 -0000.00433 -0000.00400 -0000.00367 -0000.00333 -0000.00300 -0000.00267 -0000.00233 -0000.00200 -0000.00167 -0000.00133 -0000.00100 -0000.00067 -0000.00033 +0000.00000 +0000.00033 +0000.00067 +0000.00100 +0000.00133 +0000.00167 +0000.00200 +0000.00233 +0000.00267 +0000.00300 +0000.00333 +0000.00367 +0000.00400 +0000.00433 +0000.00467 +0000.00500 +0000.00533 +0000.00567 +0000.00600 +0000.00633 +0000.00667 +0000.00700 +0000.00733 +0000.00767 +0000.00800 +0000.00833 +0000.00867 +0000.00900 +0000.00933 +0000.00967 +0000.01000 
+0000.00200 -1.6063e-05 -1.6702e-05 -1.7225e-05 -1.7635e-05 -1.7937e-05 -1.8136e-05 -1.8234e-05 -1.8237e-05 -1.8148e-05 -1.7972e-05 -1.7712e-05 -1.7374e-05 -1.6960e-05 -1.6474e-05 -1.5922e-05 -1.5307e-05 -1.4633e-05 -1.3904e-05 -1.3124e-05 -1.2298e-05 -1.1428e-05 -1.0520e-05 -9.5762e-06 -8.6018e-06 -7.6005e-06 -6.5761e-06 -5.5326e-06 -4.4740e-06 -3.4041e-06 -2.3269e-06 -1.2462e-06 -1.6602e-07 +9.0989e-07 +1.9776e-06 +3.0333e-06 +4.0731e-06 +5.0932e-06 +6.0898e-06 +7.0590e-06 +7.9970e-06 +8.9001e-06 +9.7644e-06 +1.0586e-05 +1.1362e-05 +1.2087e-05 +1.2759e-05 +1.3373e-05 +1.3927e-05 +1.4415e-05 +1.4834e-05 +1.5181e-05 +1.5453e-05 +1.5644e-05 +1.5752e-05 +1.5774e-05 +1.5704e-05 +1.5541e-05 +1.5279e-05 +1.4916e-05 +1.4448e-05 +1.3872e-05 
+0000.00150 -1.1753e-05 -1.2239e-05 -1.2638e-05 -1.2953e-05 -1.3187e-05 -1.3343e-05 -1.3425e-05 -1.3435e-05 -1.3377e-05 -1.3253e-05 -1.3067e-05 -1.2821e-05 -1.2519e-05 -1.2164e-05 -1.1759e-05 -1.1306e-05 -1.0809e-05 -1.0271e-05 -9.6945e-06 -9.0830e-06 -8.4393e-06 -7.7663e-06 -7.0672e-06 -6.3447e-06 -5.6019e-06 -4.8418e-06 -4.0673e-06 -3.2813e-06 -2.4868e-06 -1.6866e-06 -8.8386e-07 -8.1316e-08 +7.1807e-07 +1.5114e-06 +2.2958e-06 +3.0683e-06 +3.8261e-06 +4.5663e-06 +5.2860e-06 +5.9824e-06 +6.6525e-06 +7.2937e-06 +7.9029e-06 +8.4774e-06 +9.0144e-06 +9.5109e-06 +9.9643e-06 +1.0372e-05 +1.0730e-05 +1.1037e-05 +1.1290e-05 +1.1485e-05 +1.1620e-05 +1.1693e-05 +1.1700e-05 +1.1639e-05 +1.1507e-05 +1.1301e-05 +1.1019e-05 +1.0657e-05 +1.0213e-05 
+0000.00100 -7.7125e-06 -8.0396e-06 -8.3089e-06 -8.5223e-06 -8.6819e-06 -8.7898e-06 -8.8481e-06 -8.8587e-06 -8.8237e-06 -8.7451e-06 -8.6249e-06 -8.4652e-06 -8.2681e-06 -8.0354e-06 -7.7692e-06 -7.4716e-06 -7.1445e-06 -6.7899e-06 -6.4099e-06 -6.0064e-06 -5.5813e-06 -5.1368e-06 -4.6747e-06 -4.1971e-06 -3.7059e-06 -3.2031e-06 -2.6907e-06 -2.1705e-06 -1.6447e-06 -1.1150e-06 -5.8353e-07 -5.2168e-08 +4.7714e-07 +1.0024e-06 +1.5218e-06 +2.0333e-06 +2.5351e-06 +3.0251e-06 +3.5015e-06 +3.9624e-06 +4.4058e-06 +4.8299e-06 +5.2327e-06 +5.6123e-06 +5.9669e-06 +6.2946e-06 +6.5935e-06 +6.8616e-06 +7.0971e-06 +7.2982e-06 +7.4630e-06 +7.5895e-06 +7.6760e-06 +7.7206e-06 +7.7213e-06 +7.6765e-06 +7.5842e-06 +7.4425e-06 +7.2497e-06 +7.0039e-06 +6.7033e-06 
+0000.00050 -3.8467e-06 -4.0113e-06 -4.1471e-06 -4.2550e-06 -4.3361e-06 -4.3913e-06 -4.4218e-06 -4.4284e-06 -4.4123e-06 -4.3743e-06 -4.3157e-06 -4.2372e-06 -4.1400e-06 -4.0251e-06 -3.8935e-06 -3.7460e-06 -3.5839e-06 -3.4080e-06 -3.2194e-06 -3.0190e-06 -2.8078e-06 -2.5869e-06 -2.3572e-06 -2.1196e-06 -1.8753e-06 -1.6252e-06 -1.3702e-06 -1.1113e-06 -8.4954e-07 -5.8586e-07 -3.2125e-07 -5.6672e-08 +2.0690e-07 +4.6850e-07 +7.2717e-07 +9.8192e-07 +1.2318e-06 +1.4759e-06 +1.7131e-06 +1.9426e-06 +2.1634e-06 +2.3746e-06 +2.5751e-06 +2.7640e-06 +2.9405e-06 +3.1035e-06 +3.2520e-06 +3.3852e-06 +3.5021e-06 +3.6018e-06 +3.6833e-06 +3.7457e-06 +3.7880e-06 +3.8093e-06 +3.8088e-06 +3.7853e-06 +3.7381e-06 +3.6662e-06 +3.5687e-06 +3.4446e-06 +3.2930e-06 
+0000.00000 -6.6551e-08 -6.7085e-08 -6.7621e-08 -6.8158e-08 -6.8693e-08 -6.9225e-08 -6.9752e-08 -7.0271e-08 -7.0781e-08 -7.1281e-08 -7.1768e-08 -7.2241e-08 -7.2700e-08 -7.3141e-08 -7.3565e-08 -7.3970e-08 -7.4354e-08 -7.4717e-08 -7.5057e-08 -7.5374e-08 -7.5667e-08 -7.5935e-08 -7.6177e-08 -7.6392e-08 -7.6581e-08 -7.6742e-08 -7.6875e-08 -7.6980e-08 -7.7056e-08 -7.7104e-08 -7.7123e-08 -7.7113e-08 -7.7074e-08 -7.7006e-08 -7.6909e-08 -7.6784e-08 -7.6631e-08 -7.6450e-08 -7.6242e-08 -7.6007e-08 -7.5746e-08 -7.5459e-08 -7.5148e-08 -7.4813e-08 -7.4455e-08 -7.4075e-08 -7.3673e-08 -7.3252e-08 -7.2813e-08 -7.2356e-08 -7.1883e-08 -7.1395e-08 -7.0894e-08 -7.0382e-08 -6.9860e-08 -6.9329e-08 -6.8792e-08 -6.8250e-08 -6.7706e-08 -6.7161e-08 -6.6618e-08 
-0000.00050 +3.7136e-06 +3.8772e-06 +4.0119e-06 +4.1187e-06 +4.1987e-06 +4.2529e-06 +4.2822e-06 +4.2878e-06 +4.2707e-06 +4.2317e-06 +4.1721e-06 +4.0927e-06 +3.9946e-06 +3.8788e-06 +3.7463e-06 +3.5981e-06 +3.4351e-06 +3.2585e-06 +3.0692e-06 +2.8682e-06 +2.6564e-06 +2.4350e-06 +2.2048e-06 +1.9668e-06 +1.7221e-06 +1.4716e-06 +1.2164e-06 +9.5729e-07 +6.9538e-07 +4.3161e-07 +1.6696e-07 -9.7593e-08 -3.6109e-07 -6.2255e-07 -8.8102e-07 -1.1355e-06 -1.3851e-06 -1.6288e-06 -1.8656e-06 -2.0947e-06 -2.3150e-06 -2.5255e-06 -2.7254e-06 -2.9137e-06 -3.0894e-06 -3.2516e-06 -3.3994e-06 -3.5318e-06 -3.6478e-06 -3.7465e-06 -3.8271e-06 -3.8885e-06 -3.9298e-06 -3.9501e-06 -3.9485e-06 -3.9240e-06 -3.8757e-06 -3.8027e-06 -3.7041e-06 -3.5789e-06 -3.4262e-06 
-0000.00100 +7.5795e-06 +7.9055e-06 +8.1736e-06 +8.3860e-06 +8.5445e-06 +8.6513e-06 +8.7085e-06 +8.7180e-06 +8.6820e-06 +8.6024e-06 +8.4813e-06 +8.3206e-06 +8.1225e-06 +7.8889e-06 +7.6219e-06 +7.3235e-06 +6.9956e-06 +6.6403e-06 +6.2596e-06 +5.8554e-06 +5.4298e-06 +4.9847e-06 +4.5222e-06 +4.0441e-06 +3.5525e-06 +3.0494e-06 +2.5367e-06 +2.0163e-06 +1.4903e-06 +9.6055e-07 +4.2903e-07 -1.0231e-07 -6.3154e-07 -1.1567e-06 -1.6759e-06 -2.1872e-06 -2.6886e-06 -3.1783e-06 -3.6543e-06 -4.1146e-06 -4.5575e-06 -4.9810e-06 -5.3832e-06 -5.7622e-06 -6.1161e-06 -6.4430e-06 -6.7410e-06 -7.0083e-06 -7.2429e-06 -7.4431e-06 -7.6069e-06 -7.7324e-06 -7.8179e-06 -7.8614e-06 -7.8611e-06 -7.8152e-06 -7.7218e-06 -7.5790e-06 -7.3851e-06 -7.1381e-06 -6.8364e-06 
-0000.00150 +1.1620e-05 +1.2105e-05 +1.2503e-05 +1.2817e-05 +1.3050e-05 +1.3205e-05 +1.3286e-05 +1.3295e-05 +1.3235e-05 +1.3110e-05 +1.2923e-05 +1.2676e-05 +1.2373e-05 +1.2017e-05 +1.1611e-05 +1.1157e-05 +1.0660e-05 +1.0121e-05 +9.5438e-06 +8.9317e-06 +8.2873e-06 +7.6139e-06 +6.9142e-06 +6.1913e-06 +5.4481e-06 +4.6877e-06 +3.9129e-06 +3.1267e-06 +2.3320e-06 +1.5318e-06 +7.2898e-07 -7.3542e-08 -8.7284e-07 -1.6660e-06 -2.4502e-06 -3.2225e-06 -3.9799e-06 -4.7198e-06 -5.4390e-06 -6.1349e-06 -6.8045e-06 -7.4451e-06 -8.0537e-06 -8.6275e-06 -9.1637e-06 -9.6594e-06 -1.0112e-05 -1.0518e-05 -1.0876e-05 -1.1182e-05 -1.1434e-05 -1.1628e-05 -1.1762e-05 -1.1834e-05 -1.1840e-05 -1.1778e-05 -1.1644e-05 -1.1437e-05 -1.1154e-05 -1.0791e-05 -1.0346e-05 
-0000.00200 +1.5930e-05 +1.6568e-05 +1.7089e-05 +1.7499e-05 +1.7800e-05 +1.7997e-05 +1.8094e-05 +1.8096e-05 +1.8006e-05 +1.7829e-05 +1.7568e-05 +1.7228e-05 +1.6813e-05 +1.6327e-05 +1.5774e-05 +1.5158e-05 +1.4484e-05 +1.3754e-05 +1.2973e-05 +1.2146e-05 +1.1276e-05 +1.0367e-05 +9.4228e-06 +8.4480e-06 +7.4463e-06 +6.4216e-06 +5.3778e-06 +4.3190e-06 +3.2490e-06 +2.1716e-06 +1.0909e-06 +1.0717e-08 -1.0651e-06 -2.1327e-06 -3.1882e-06 -4.2278e-06 -5.2476e-06 -6.2437e-06 -7.2125e-06 -8.1501e-06 -9.0526e-06 -9.9164e-06 -1.0738e-05 -1.1512e-05 -1.2237e-05 -1.2908e-05 -1.3522e-05 -1.4074e-05 -1.4561e-05 -1.4980e-05 -1.5326e-05 -1.5596e-05 -1.5786e-05 -1.5894e-05 -1.5914e-05 -1.5843e-05 -1.5678e-05 -1.5416e-05 -1.5052e-05 -1.4582e-05 -1.4005e-05 
# Horizontal Final Position [m]
START
            -0000.01000 -0000.00967 -0000.00933 -0000.00900 -0000.00867 -0000.00833 -0000.00800 -0000.00767 -0000.00733 -0000.00700 -0000.00667 -0000.00633 -0000.00600 -0000.00567 -0000.00533 -0000.00500 -0000.00467 -0000.00433 -0000.00400 -0000.00367 -0000.00333 -0000.00300 -0000.00267 -0000.00233 -0000.00200 -0000.00167 -0000.00133 -0000.00100 -0000.00067 -0000.00033 +0000.00000 +0000.00033 +0000.00067 +0000.00100 +0000.00133 +0000.00167 +0000.00200 +0000.00233 +0000.00267 +0000.00300 +0000.00333 +0000.00367 +0000.00400 +0000.00433 +0000.00467 +0000.00500 +0000.00533 +0000.00567 +0000.00600 +0000.00633 +0000.00667 +0000.00700 +0000.00733 +0000.00767 +0000.00800 +0000.00833 +0000.00867 +0000.00900 +0000.00933 +0000.00967 +0000.01000 
+0000.00200 -1.0003e-02 -9.6699e-03 -9.3366e-03 -9.0033e-03 -8.6700e-03 -8.3366e-03 -8.0033e-03 -7.6700e-03 -7.3367e-03 -7.0034e-03 -6.6701e-03 -6.3368e-03 -6.0035e-03 -5.6701e-03 -5.3368e-03 -5.0035e-03 -4.6702e-03 -4.3368e-03 -4.0035e-03 -3.6702e-03 -3.3369e-03 -3.0035e-03 -2.6702e-03 -2.3369e-03 -2.0036e-03 -1.6702e-03 -1.3369e-03 -1.0036e-03 -6.7024e-04 -3.3691e-04 -3.5768e-06 +3.2976e-04 +6.6309e-04 +9.9642e-04 +1.3298e-03 +1.6631e-03 +1.9964e-03 +2.3298e-03 +2.6631e-03 +2.9964e-03 +3.3298e-03 +3.6631e-03 +3.9965e-03 +4.3298e-03 +4.6631e-03 +4.9965e-03 +5.3298e-03 +5.6632e-03 +5.9965e-03 +6.3299e-03 +6.6632e-03 +6.9966e-03 +7.3299e-03 +7.6633e-03 +7.9966e-03 +8.3300e-03 +8.6633e-03 +8.9967e-03 +9.3301e-03 +9.6634e-03 +9.9968e-03 
+0000.00150 -1.0003e-02 -9.6699e-03 -9.3366e-03 -9.0033e-03 -8.6700e-03 -8.3366e-03 -8.0033e-03 -7.6700e-03 -7.3367e-03 -7.0034e-03 -6.6701e-03 -6.3368e-03 -6.0035e-03 -5.6701e-03 -5.3368e-03 -5.0035e-03 -4.6702e-03 -4.3368e-03 -4.0035e-03 -3.6702e-03 -3.3369e-03 -3.0035e-03 -2.6702e-03 -2.3369e-03 -2.0036e-03 -1.6702e-03 -1.3369e-03 -1.0036e-03 -6.7024e-04 -3.3691e-04 -3.5764e-06 +3.2976e-04 +6.6309e-04 +9.9642e-04 +1.3298e-03 +1.6631e-03 +1.9964e-03 +2.3298e-03 +2.6631e-03 +2.9964e-03 +3.3298e-03 +3.6631e-03 +3.9965e-03 +4.3298e-03 +4.6631e-03 +4.9965e-03 +5.3298e-03 +5.6632e-03 +5.9965e-03 +6.3299e-03 +6.6632e-03 +6.9966e-03 +7.3299e-03 +7.6633e-03 +7.9966e-03 +8.3300e-03 +8.6633e-03 +8.9967e-03 +9.3301e-03 +9.6634e-03 +9.9968e-03 
+0000.00100 -1.0003e-02 -9.6699e-03 -9.3366e-03 -9.0033e-03 -8.6700e-03 -8.3366e-03 -8.0033e-03 -7.6700e-03 -7.3367e-03 -7.0034e-03 -6.6701e-03 -6.3368e-03 -6.0035e-03 -5.6701e-03 -5.3368e-03 -5.0035e-03 -4.6702e-03 -4.3368e-03 -4.0035e-03 -3.6702e-03 -3.3369e-03 -3.0035e-03 -2.6702e-03 -2.3369e-03 -2.0036e-03 -1.6702e-03 -1.3369e-03 -1.0036e-03 -6.7024e-04 -3.3691e-04 -3.5761e-06 +3.2976e-04 +6.6309e-04 +9.9642e-04 +1.3298e-03 +1.6631e-03 +1.9964e-03 +2.3298e-03 +2.6631e-03 +2.9964e-03 +3.3298e-03 +3.6631e-03 +3.9965e-03 +4.3298e-03 +4.6631e-03 +4.9965e-03 +5.3298e-03 +5.6632e-03 +5.9965e-03 +6.3299e-03 +6.6632e-03 +6.9966e-03 +7.3299e-03 +7.6633e-03 +7.9966e-03 +8.3300e-03 +8.6633e-03 +8.9967e-03 +9.3301e-03 +9.6634e-03 +9.9968e-03 
+0000.00050 -1.0003e-02 -9.6699e-03 -9.3366e-03 -9.0033e-03 -8.6700e-03 -8.3366e-03 -8.0033e-03 -7.6700e-03 -7.3367e-03 -7.0034e-03 -6.6701e-03 -6.3368e-03 -6.0035e-03 -5.6701e-03 -5.3368e-03 -5.0035e-03 -4.6702e-03 -4.3368e-03 -4.0035e-03 -3.6702e-03 -3.3369e-03 -3.0035e-03 -2.6702e-03 -2.3369e-03 -2.0036e-03 -1.6702e-03 -1.3369e-03 -1.0036e-03 -6.7024e-04 -3.3691e-04 -3.5760e-06 +3.2976e-04 +6.6309e-04 +9.9642e-04 +1.3298e-03 +1.6631e-03 +1.9964e-03 +2.3298e-03 +2.6631e-03 +2.9964e-03 +3.3298e-03 +3.6631e-03 +3.9965e-03 +4.3298e-03 +4.6631e-03 +4.9965e-03 +5.3298e-03 +5.6632e-03 +5.9965e-03 +6.3299e-03 +6.6632e-03 +6.9966e-03 +7.3299e-03 +7.6633e-03 +7.9966e-03 +8.3300e-03 +8.6633e-03 +8.9967e-03 +9.3301e-03 +9.6634e-03 +9.9968e-03 
+0000.00000 -1.0003e-02 -9.6699e-03 -9.3366e-03 -9.0033e-03 -8.6700e-03 -8.3366e-03 -8.0033e-03 -7.6700e-03 -7.3367e-03 -7.0034e-03 -6.6701e-03 -6.3368e-03 -6.0035e-03 -5.6701e-03 -5.3368e-03 -5.0035e-03 -4.6702e-03 -4.3368e-03 -4.0035e-03 -3.6702e-03 -3.3369e-03 -3.0035e-03 -2.6702e-03 -2.3369e-03 -2.0036e-03 -1.6702e-03 -1.3369e-03 -1.0036e-03 -6.7024e-04 -3.3691e-04 -3.5759e-06 +3.2976e-04 +6.6309e-04 +9.9642e-04 +1.3298e-03 +1.6631e-03 +1.9964e-03 +2.3298e-03 +2.6631e-03 +2.9964e-03 +3.3298e-03 +3.6631e-03 +3.9965e-03 +4.3298e-03 +4.6631e-03 +4.9965e-03 +5.3298e-03 +5.6632e-03 +5.9965e-03 +6.3299e-03 +6.6632e-03 +6.9966e-03 +7.3299e-03 +7.6633e-03 +7.9966e-03 +8.3300e-03 +8.6633e-03 +8.9967e-03 +9.3301e-03 +9.6634e-03 +9.9968e-03 
-0000.00050 -1.0003e-02 -9.6699e-03 -9.3366e-03 -9.0033e-03 -8.6700e-03 -8.3366e-03 -8.0033e-03 -7.6700e-03 -7.3367e-03 -7.0034e-03 -6.6701e-03 -6.3368e-03 -6.0035e-03 -5.6701e-03 -5.3368e-03 -5.0035e-03 -4.6702e-03 -4.3368e-03 -4.0035e-03 -3.6702e-03 -3.3369e-03 -3.0035e-03 -2.6702e-03 -2.3369e-03 -2.0036e-03 -1.6702e-03 -1.3369e-03 -1.0036e-03 -6.7024e-04 -3.3691e-04 -3.5760e-06 +3.2976e-04 +6.6309e-04 +9.9642e-04 +1.3298e-03 +1.6631e-03 +1.9964e-03 +2.3298e-03 +2.6631e-03 +2.9964e-03 +3.3298e-03 +3.6631e-03 +3.9965e-03 +4.3298e-03 +4.6631e-03 +4.9965e-03 +5.3298e-03 +5.6632e-03 +5.9965e-03 +6.3299e-03 +6.6632e-03 +6.9966e-03 +7.3299e-03 +7.6633e-03 +7.9966e-03 +8.3300e-03 +8.6633e-03 +8.9967e-03 +9.3301e-03 +9.6634e-03 +9.9968e-03 
-0000.00100 -1.0003e-02 -9.6699e-03 -9.3366e-03 -9.0033e-03 -8.6700e-03 -8.3366e-03 -8.0033e-03 -7.6700e-03 -7.3367e-03 -7.0034e-03 -6.6701e-03 -6.3368e-03 -6.0035e-03 -5.6701e-03 -5.3368e-03 -5.0035e-03 -4.6702e-03 -4.3368e-03 -4.0035e-03 -3.6702e-03 -3.3369e-03 -3.0035e-03 -2.6702e-03 -2.3369e-03 -2.0036e-03 -1.6702e-03 -1.3369e-03 -1.0036e-03 -6.7024e-04 -3.3691e-04 -3.5761e-06 +3.2976e-04 +6.6309e-04 +9.9642e-04 +1.3298e-03 +1.6631e-03 +1.9964e-03 +2.3298e-03 +2.6631e-03 +2.9964e-03 +3.3298e-03 +3.6631e-03 +3.9965e-03 +4.3298e-03 +4.6631e-03 +4.9965e-03 +5.3298e-03 +5.6632e-03 +5.9965e-03 +6.3299e-03 +6.6632e-03 +6.9966e-03 +7.3299e-03 +7.6633e-03 +7.9966e-03 +8.3300e-03 +8.6633e-03 +8.9967e-03 +9.3301e-03 +9.6634e-03 +9.9968e-03 
-0000.00150 -1.0003e-02 -9.6699e-03 -9.3366e-03 -9.0033e-03 -8.6700e-03 -8.3366e-03 -8.0033e-03 -7.6700e-03 -7.3367e-03 -7.0034e-03 -6.6701e-03 -6.3368e-03 -6.0035e-03 -5.6701e-03 -5.3368e-03 -5.0035e-03 -4.6702e-03 -4.3368e-03 -4.0035e-03 -3.6702e-03 -3.3369e-03 -3.0035e-03 -2.6702e-03 -2.3369e-03 -2.0036e-03 -1.6702e-03 -1.3369e-03 -1.0036e-03 -6.7024e-04 -3.3691e-04 -3.5764e-06 +3.2976e-04 +6.6309e-04 +9.9642e-04 +1.3298e-03 +1.6631e-03 +1.9964e-03 +2.3298e-03 +2.6631e-03 +2.9964e-03 +3.3298e-03 +3.6631e-03 +3.9965e-03 +4.3298e-03 +4.6631e-03 +4.9965e-03 +5.3298e-03 +5.6632e-03 +5.9965e-03 +6.3299e-03 +6.6632e-03 +6.9966e-03 +7.3299e-03 +7.6633e-03 +7.9966e-03 +8.3300e-03 +8.6633e-03 +8.9967e-03 +9.3301e-03 +9.6634e-03 +9.9968e-03 
-0000.00200 -1.0003e-02 -9.6699e-03 -9.3366e-03 -9.0033e-03 -8.6700e-03 -8.3366e-03 -8.0033e-03 -7.6700e-03 -7.3367e-03 -7.0034e-03 -6.6701e-03 -6.3368e-03 -6.0035e-03 -5.6701e-03 -5.3368e-03 -5.0035e-03 -4.6702e-03 -4.3368e-03 -4.0035e-03 -3.6702e-03 -3.3369e-03 -3.0035e-03 -2.6702e-03 -2.3369e-03 -2.0036e-03 -1.6702e-03 -1.3369e-03 -1.0036e-03 -6.7024e-04 -3.3691e-04 -3.5768e-06 +3.2976e-04 +6.6309e-04 +9.9642e-04 +1.3298e-03 +1.6631e-03 +1.9964e-03 +2.3298e-03 +2.6631e-03 +2.9964e-03 +3.3298e-03 +3.6631e-03 +3.9965e-03 +4.3298e-03 +4.6631e-03 +4.9965e-03 +5.3298e-03 +5.6632e-03 +5.9965e-03 +6.3299e-03 +6.6632e-03 +6.9966e-03 +7.3299e-03 +7.6633e-03 +7.9966e-03 +8.3300e-03 +8.6633e-03 +8.9967e-03 +9.3301e-03 +9.6634e-03 +9.9968e-03 
# Vertical Final Position [m]
START
            -0000.01000 -0000.00967 -0000.00933 -0000.00900 -0000.00867 -0000.00833 -0000.00800 -0000.00767 -0000.00733 -0000.00700 -0000.00667 -0000.00633 -0000.00600 -0000.00567 -0000.00533 -0000.00500 -0000.00467 -0000.00433 -0000.00400 -0000.00367 -0000.00333 -0000.00300 -0000.00267 -0000.00233 -0000.00200 -0000.00167 -0000.00133 -0000.00100 -0000.00067 -0000.00033 +0000.00000 +0000.00033 +0000.00067 +0000.00100 +0000.00133 +0000.00167 +0000.00200 +0000.00233 +0000.00267 +0000.00300 +0000.00333 +0000.00367 +0000.00400 +0000.00433 +0000.00467 +0000.00500 +0000.00533 +0000.00567 +0000.00600 +0000.00633 +0000.00667 +0000.00700 +0000.00733 +0000.00767 +0000.00800 +0000.00833 +0000.00867 +0000.00900 +0000.00933 +0000.00967 +0000.01000 
+0000.00200 +2.0001e-03 +2.0001e-03 +2.0001e-03 +2.0001e-03 +2.0001e-03 +2.0001e-03 +2.0001e-03 +2.0001e-03 +2.0001e-03 +2.0001e-03 +2.0001e-03 +2.0001e-03 +2.0001e-03 +2.0001e-03 +2.0001e-03 +2.0001e-03 +2.0001e-03 +2.0001e-03 +2.0001e-03 +2.0001e-03 +2.0001e-03 +2.0001e-03 +2.0000e-03 +2.0000e-03 +2.0000e-03 +2.0000e-03 +2.0000e-03 +2.0000e-03 +2.0000e-03 +2.0000e-03 +2.0000e-03 +2.0000e-03 +2.0000e-03 +2.0000e-03 +2.0000e-03 +2.0000e-03 +2.0000e-03 +2.0000e-03 +2.0000e-03 +1.9999e-03 +1.9999e-03 +1.9999e-03 +1.9999e-03 +1.9999e-03 +1.9999e-03 +1.9999e-03 +1.9999e-03 +1.9999e-03 +1.9999e-03 +1.9999e-03 +1.9999e-03 +1.9999e-03 +1.9999e-03 +1.9999e-03 +1.9999e-03 +1.9999e-03 +1.9999e-03 +1.9999e-03 +1.9999e-03 +1.9999e-03 +1.9999e-03 
+0000.00150 +1.5001e-03 +1.5001e-03 +1.5001e-03 +1.5001e-03 +1.5001e-03 +1.5001e-03 +1.5001e-03 +1.5001e-03 +1.5001e-03 +1.5001e-03 +1.5001e-03 +1.5001e-03 +1.5001e-03 +1.5001e-03 +1.5001e-03 +1.5001e-03 +1.5001e-03 +1.5001e-03 +1.5000e-03 +1.5000e-03 +1.5000e-03 +1.5000e-03 +1.5000e-03 +1.5000e-03 +1.5000e-03 +1.5000e-03 +1.5000e-03 +1.5000e-03 +1.5000e-03 +1.5000e-03 +1.5000e-03 +1.5000e-03 +1.5000e-03 +1.5000e-03 +1.5000e-03 +1.5000e-03 +1.5000e-03 +1.5000e-03 +1.5000e-03 +1.5000e-03 +1.5000e-03 +1.5000e-03 +1.5000e-03 +1.4999e-03 +1.4999e-03 +1.4999e-03 +1.4999e-03 +1.4999e-03 +1.4999e-03 +1.4999e-03 +1.4999e-03 +1.4999e-03 +1.4999e-03 +1.4999e-03 +1.4999e-03 +1.4999e-03 +1.4999e-03 +1.4999e-03 +1.4999e-03 +1.4999e-03 +1.4999e-03 
+0000.00100 +1.0000e-03 +1.0000e-03 +1.0000e-03 +1.0000e-03 +1.0000e-03 +1.0000e-03 +1.0000e-03 +1.0000e-03 +1.0000e-03 +1.0000e-03 +1.0000e-03 +1.0000e-03 +1.0000e-03 +1.0000e-03 +1.0000e-03 +1.0000e-03 +1.0000e-03 +1.0000e-03 +1.0000e-03 +1.0000e-03 +1.0000e-03 +1.0000e-03 +1.0000e-03 +1.0000e-03 +1.0000e-03 +1.0000e-03 +1.0000e-03 +1.0000e-03 +1.0000e-03 +1.0000e-03 +9.9999e-04 +9.9999e-04 +9.9999e-04 +9.9999e-04 +9.9999e-04 +9.9999e-04 +9.9999e-04 +9.9998e-04 +9.9998e-04 +9.9998e-04 +9.9998e-04 +9.9998e-04 +9.9997e-04 +9.9997e-04 +9.9997e-04 +9.9997e-04 +9.9997e-04 +9.9997e-04 +9.9996e-04 +9.9996e-04 +9.9996e-04 +9.9996e-04 +9.9996e-04 +9.9996e-04 +9.9996e-04 +9.9996e-04 +9.9996e-04 +9.9996e-04 +9.9996e-04 +9.9996e-04 +9.9996e-04 
+0000.00050 +5.0002e-04 +5.0002e-04 +5.0002e-04 +5.0002e-04 +5.0002e-04 +5.0002e-04 +5.0002e-04 +5.0002e-04 +5.0002e-04 +5.0002e-04 +5.0002e-04 +5.0002e-04 +5.0002e-04 +5.0002e-04 +5.0002e-04 +5.0002e-04 +5.0002e-04 +5.0002e-04 +5.0001e-04 +5.0001e-04 +5.0001e-04 +5.0001e-04 +5.0001e-04 +5.0001e-04 +5.0001e-04 +5.0001e-04 +5.0000e-04 +5.0000e-04 +5.0000e-04 +5.0000e-04 +5.0000e-04 +5.0000e-04 +5.0000e-04 +5.0000e-04 +4.9999e-04 +4.9999e-04 +4.9999e-04 +4.9999e-04 +4.9999e-04 +4.9999e-04 +4.9999e-04 +4.9999e-04 +4.9999e-04 +4.9999e-04 +4.9998e-04 +4.9998e-04 +4.9998e-04 +4.9998e-04 +4.9998e-04 +4.9998e-04 +4.9998e-04 +4.9998e-04 +4.9998e-04 +4.9998e-04 +4.9998e-04 +4.9998e-04 +4.9998e-04 +4.9998e-04 +4.9998e-04 +4.9998e-04 +4.9998e-04 
+0000.00000 -7.9769e-11 -8.0654e-11 -8.1549e-11 -8.2451e-11 -8.3356e-11 -8.4259e-11 -8.5158e-11 -8.6047e-11 -8.6925e-11 -8.7787e-11 -8.8630e-11 -8.9451e-11 -9.0248e-11 -9.1018e-11 -9.1758e-11 -9.2465e-11 -9.3138e-11 -9.3773e-11 -9.4371e-11 -9.4927e-11 -9.5441e-11 -9.5911e-11 -9.6336e-11 -9.6714e-11 -9.7045e-11 -9.7326e-11 -9.7559e-11 -9.7741e-11 -9.7872e-11 -9.7953e-11 -9.7982e-11 -9.7960e-11 -9.7886e-11 -9.7761e-11 -9.7586e-11 -9.7360e-11 -9.7085e-11 -9.6761e-11 -9.6389e-11 -9.5971e-11 -9.5507e-11 -9.4998e-11 -9.4448e-11 -9.3856e-11 -9.3226e-11 -9.2558e-11 -9.1856e-11 -9.1120e-11 -9.0355e-11 -8.9562e-11 -8.8744e-11 -8.7904e-11 -8.7045e-11 -8.6170e-11 -8.5283e-11 -8.4386e-11 -8.3484e-11 -8.2580e-11 -8.1679e-11 -8.0783e-11 -7.9898e-11 
-0000.00050 -5.0002e-04 -5.0002e-04 -5.0002e-04 -5.0002e-04 -5.0002e-04 -5.0002e-04 -5.0002e-04 -5.0002e-04 -5.0002e-04 -5.0002e-04 -5.0002e-04 -5.0002e-04 -5.0002e-04 -5.0002e-04 -5.0002e-04 -5.0002e-04 -5.0002e-04 -5.0002e-04 -5.0001e-04 -5.0001e-04 -5.0001e-04 -5.0001e-04 -5.0001e-04 -5.0001e-04 -5.0001e-04 -5.0001e-04 -5.0000e-04 -5.0000e-04 -5.0000e-04 -5.0000e-04 -5.0000e-04 -5.0000e-04 -5.0000e-04 -5.0000e-04 -4.9999e-04 -4.9999e-04 -4.9999e-04 -4.9999e-04 -4.9999e-04 -4.9999e-04 -4.9999e-04 -4.9999e-04 -4.9999e-04 -4.9999e-04 -4.9998e-04 -4.9998e-04 -4.9998e-04 -4.9998e-04 -4.9998e-04 -4.9998e-04 -4.9998e-04 -4.9998e-04 -4.9998e-04 -4.9998e-04 -4.9998e-04 -4.9998e-04 -4.9998e-04 -4.9998e-04 -4.9998e-04 -4.9998e-04 -4.9998e-04 
-0000.00100 -1.0000e-03 -1.0000e-03 -1.0000e-03 -1.0000e-03 -1.0000e-03 -1.0000e-03 -1.0000e-03 -1.0000e-03 -1.0000e-03 -1.0000e-03 -1.0000e-03 -1.0000e-03 -1.0000e-03 -1.0000e-03 -1.0000e-03 -1.0000e-03 -1.0000e-03 -1.0000e-03 -1.0000e-03 -1.0000e-03 -1.0000e-03 -1.0000e-03 -1.0000e-03 -1.0000e-03 -1.0000e-03 -1.0000e-03 -1.0000e-03 -1.0000e-03 -1.0000e-03 -1.0000e-03 -9.9999e-04 -9.9999e-04 -9.9999e-04 -9.9999e-04 -9.9999e-04 -9.9999e-04 -9.9999e-04 -9.9998e-04 -9.9998e-04 -9.9998e-04 -9.9998e-04 -9.9998e-04 -9.9997e-04 -9.9997e-04 -9.9997e-04 -9.9997e-04 -9.9997e-04 -9.9997e-04 -9.9996e-04 -9.9996e-04 -9.9996e-04 -9.9996e-04 -9.9996e-04 -9.9996e-04 -9.9996e-04 -9.9996e-04 -9.9996e-04 -9.9996e-04 -9.9996e-04 -9.9996e-04 -9.9996e-04 
-0000.00150 -1.5001e-03 -1.5001e-03 -1.5001e-03 -1.5001e-03 -1.5001e-03 -1.5001e-03 -1.5001e-03 -1.5001e-03 -1.5001e-03 -1.5001e-03 -1.5001e-03 -1.5001e-03 -1.5001e-03 -1.5001e-03 -1.5001e-03 -1.5001e-03 -1.5001e-03 -1.5001e-03 -1.5000e-03 -1.5000e-03 -1.5000e-03 -1.5000e-03 -1.5000e-03 -1.5000e-03 -1.5000e-03 -1.5000e-03 -1.5000e-03 -1.5000e-03 -1.5000e-03 -1.5000e-03 -1.5000e-03 -1.5000e-03 -1.5000e-03 -1.5000e-03 -1.5000e-03 -1.5000e-03 -1.5000e-03 -1.5000e-03 -1.5000e-03 -1.5000e-03 -1.5000e-03 -1.5000e-03 -1.5000e-03 -1.4999e-03 -1.4999e-03 -1.4999e-03 -1.4999e-03 -1.4999e-03 -1.4999e-03 -1.4999e-03 -1.4999e-03 -1.4999e-03 -1.4999e-03 -1.4999e-03 -1.4999e-03 -1.4999e-03 -1.4999e-03 -1.4999e-03 -1.4999e-03 -1.4999e-03 -1.4999e-03 
-0000.00200 -2.0001e-03 -2.0001e-03 -2.0001e-03 -2.0001e-03 -2.0001e-03 -2.0001e-03 -2.0001e-03 -2.0001e-03 -2.0001e-03 -2.0001e-03 -2.0001e-03 -2.0001e-03 -2.0001e-03 -2.0001e-03 -2.0001e-03 -2.0001e-03 -2.0001e-03 -2.0001e-03 -2.0001e-03 -2.0001e-03 -2.0001e-03 -2.0001e-03 -2.0000e-03 -2.0000e-03 -2.0000e-03 -2.0000e-03 -2.0000e-03 -2.0000e-03 -2.0000e-03 -2.0000e-03 -2.0000e-03 -2.0000e-03 -2.0000e-03 -2.0000e-03 -2.0000e-03 -2.0000e-03 -2.0000e-03 -2.0000e-03 -2.0000e-03 -1.9999e-03 -1.9999e-03 -1.9999e-03 -1.9999e-03 -1.9999e-03 -1.9999e-03 -1.9999e-03 -1.9999e-03 -1.9999e-03 -1.9999e-03 -1.9999e-03 -1.9999e-03 -1.9999e-03 -1.9999e-03 -1.9999e-03 -1.9999e-03 -1.9999e-03 -1.9999e-03 -1.9999e-03 -1.9999e-03 -1.9999e-03 -1.9999e-03 