# Author: FAC idanalysis.IDKickMap
# Termination_kicks [T2m2]: +0.0000e+00 +0.0000e+00 +0.0000e+00 +0.0000e+00 
# Total Length of Longitudinal Interval [m]
0.13
# Number of Horizontal Points
61
# Number of Vertical Points
9
# Total Horizontal 2nd Order Kick [T2m2]
START
            -0000.01000 -0000.00967 -0000.00933 -0000.00900 -0000.00867 -0000.00833 -0000.00800 -0000.00767 -0000.00733 -0000.00700 -0000.00667 -0000.00633 -0000.00600 -0000.00567 -0000.00533 -0000.00500 -0000.00467 -0000.00433 -0000.00400 -0000.00367 -0000.00333 -0000.00300 -0000.00267 -0000.00233 -0000.00200 -0000.00167 -0000.00133 -0000.00100 -0000.00067 -0000.00033 +0000.00000 +0000.00033 +0000.00067 +0000.00100 +0000.00133 +0000.00167 +0000.00200 +0000.00233 +0000.00267 +0000.00300 +0000.00333 +0000.00367 +0000.00400 +0000.00433 +0000.00467 +0000.00500 +0000.00533 +0000.00567 +0000.00600 +0000.00633 +0000.00667 +0000.00700 +0000.00733 +0000.00767 +0000.00800 +0000.00833 +0000.00867 +0000.00900 +0000.00933 +0000.00967 +0000.01000 
+0000.00200 -3.5356e-04 -3.4978e-04 -3.4618e-04 -3.4276e-04 -3.3951e-04 -3.3642e-04 -3.3350e-04 -3.3073e-04 -3.2811e-04 -3.2564e-04 -3.2332e-04 -3.2113e-04 -3.1907e-04 -3.1715e-04 -3.1536e-04 -3.1369e-04 -3.1214e-04 -3.1071e-04 -3.0939e-04 -3.0819e-04 -3.0710e-04 -3.0612e-04 -3.0524e-04 -3.0447e-04 -3.0381e-04 -3.0325e-04 -3.0279e-04 -3.0243e-04 -3.0217e-04 -3.0200e-04 -3.0194e-04 -3.0198e-04 -3.0212e-04 -3.0235e-04 -3.0269e-04 -3.0312e-04 -3.0366e-04 -3.0430e-04 -3.0504e-04 -3.0589e-04 -3.0684e-04 -3.0791e-04 -3.0908e-04 -3.1037e-04 -3.1177e-04 -3.1329e-04 -3.1493e-04 -3.1669e-04 -3.1858e-04 -3.2060e-04 -3.2275e-04 -3.2505e-04 -3.2748e-04 -3.3006e-04 -3.3279e-04 -3.3567e-04 -3.3871e-04 -3.4192e-04 -3.4530e-04 -3.4885e-04 -3.5259e-04 
+0000.00150 -3.5283e-04 -3.4916e-04 -3.4564e-04 -3.4228e-04 -3.3908e-04 -3.3602e-04 -3.3311e-04 -3.3034e-04 -3.2771e-04 -3.2522e-04 -3.2286e-04 -3.2063e-04 -3.1853e-04 -3.1656e-04 -3.1471e-04 -3.1299e-04 -3.1138e-04 -3.0990e-04 -3.0853e-04 -3.0727e-04 -3.0613e-04 -3.0510e-04 -3.0418e-04 -3.0337e-04 -3.0267e-04 -3.0207e-04 -3.0158e-04 -3.0120e-04 -3.0093e-04 -3.0076e-04 -3.0069e-04 -3.0073e-04 -3.0088e-04 -3.0113e-04 -3.0149e-04 -3.0195e-04 -3.0252e-04 -3.0320e-04 -3.0398e-04 -3.0488e-04 -3.0588e-04 -3.0700e-04 -3.0823e-04 -3.0957e-04 -3.1103e-04 -3.1260e-04 -3.1429e-04 -3.1611e-04 -3.1805e-04 -3.2011e-04 -3.2230e-04 -3.2463e-04 -3.2708e-04 -3.2967e-04 -3.3240e-04 -3.3527e-04 -3.3828e-04 -3.4144e-04 -3.4476e-04 -3.4823e-04 -3.5185e-04 
+0000.00100 -3.5368e-04 -3.5005e-04 -3.4657e-04 -3.4323e-04 -3.4004e-04 -3.3700e-04 -3.3409e-04 -3.3131e-04 -3.2867e-04 -3.2617e-04 -3.2379e-04 -3.2154e-04 -3.1942e-04 -3.1743e-04 -3.1555e-04 -3.1380e-04 -3.1216e-04 -3.1065e-04 -3.0925e-04 -3.0797e-04 -3.0680e-04 -3.0574e-04 -3.0480e-04 -3.0397e-04 -3.0325e-04 -3.0264e-04 -3.0214e-04 -3.0175e-04 -3.0147e-04 -3.0129e-04 -3.0123e-04 -3.0127e-04 -3.0142e-04 -3.0168e-04 -3.0205e-04 -3.0252e-04 -3.0311e-04 -3.0381e-04 -3.0461e-04 -3.0553e-04 -3.0656e-04 -3.0770e-04 -3.0896e-04 -3.1033e-04 -3.1182e-04 -3.1342e-04 -3.1514e-04 -3.1698e-04 -3.1895e-04 -3.2104e-04 -3.2325e-04 -3.2559e-04 -3.2805e-04 -3.3065e-04 -3.3338e-04 -3.3625e-04 -3.3925e-04 -3.4240e-04 -3.4568e-04 -3.4911e-04 -3.5269e-04 
+0000.00050 -3.5419e-04 -3.5058e-04 -3.4711e-04 -3.4379e-04 -3.4060e-04 -3.3756e-04 -3.3465e-04 -3.3187e-04 -3.2923e-04 -3.2672e-04 -3.2433e-04 -3.2207e-04 -3.1994e-04 -3.1793e-04 -3.1604e-04 -3.1427e-04 -3.1263e-04 -3.1110e-04 -3.0968e-04 -3.0839e-04 -3.0721e-04 -3.0614e-04 -3.0519e-04 -3.0435e-04 -3.0362e-04 -3.0300e-04 -3.0249e-04 -3.0210e-04 -3.0181e-04 -3.0164e-04 -3.0157e-04 -3.0161e-04 -3.0177e-04 -3.0203e-04 -3.0240e-04 -3.0289e-04 -3.0348e-04 -3.0419e-04 -3.0500e-04 -3.0593e-04 -3.0697e-04 -3.0813e-04 -3.0940e-04 -3.1078e-04 -3.1228e-04 -3.1390e-04 -3.1564e-04 -3.1749e-04 -3.1947e-04 -3.2157e-04 -3.2379e-04 -3.2613e-04 -3.2861e-04 -3.3121e-04 -3.3394e-04 -3.3680e-04 -3.3980e-04 -3.4294e-04 -3.4621e-04 -3.4962e-04 -3.5317e-04 
+0000.00000 -3.5435e-04 -3.5074e-04 -3.4728e-04 -3.4396e-04 -3.4078e-04 -3.3774e-04 -3.3483e-04 -3.3205e-04 -3.2941e-04 -3.2689e-04 -3.2450e-04 -3.2224e-04 -3.2011e-04 -3.1809e-04 -3.1620e-04 -3.1443e-04 -3.1278e-04 -3.1124e-04 -3.0983e-04 -3.0853e-04 -3.0734e-04 -3.0627e-04 -3.0532e-04 -3.0447e-04 -3.0374e-04 -3.0312e-04 -3.0261e-04 -3.0222e-04 -3.0193e-04 -3.0175e-04 -3.0169e-04 -3.0173e-04 -3.0189e-04 -3.0215e-04 -3.0253e-04 -3.0301e-04 -3.0361e-04 -3.0432e-04 -3.0514e-04 -3.0607e-04 -3.0712e-04 -3.0827e-04 -3.0955e-04 -3.1094e-04 -3.1244e-04 -3.1406e-04 -3.1580e-04 -3.1766e-04 -3.1964e-04 -3.2174e-04 -3.2397e-04 -3.2631e-04 -3.2879e-04 -3.3139e-04 -3.3412e-04 -3.3699e-04 -3.3998e-04 -3.4311e-04 -3.4638e-04 -3.4979e-04 -3.5334e-04 
-0000.00050 -3.5418e-04 -3.5057e-04 -3.4711e-04 -3.4378e-04 -3.4060e-04 -3.3756e-04 -3.3465e-04 -3.3187e-04 -3.2923e-04 -3.2671e-04 -3.2433e-04 -3.2207e-04 -3.1994e-04 -3.1793e-04 -3.1604e-04 -3.1427e-04 -3.1263e-04 -3.1110e-04 -3.0968e-04 -3.0839e-04 -3.0721e-04 -3.0614e-04 -3.0519e-04 -3.0435e-04 -3.0362e-04 -3.0300e-04 -3.0249e-04 -3.0210e-04 -3.0181e-04 -3.0164e-04 -3.0157e-04 -3.0161e-04 -3.0177e-04 -3.0203e-04 -3.0240e-04 -3.0289e-04 -3.0348e-04 -3.0419e-04 -3.0500e-04 -3.0593e-04 -3.0697e-04 -3.0813e-04 -3.0940e-04 -3.1078e-04 -3.1228e-04 -3.1390e-04 -3.1564e-04 -3.1749e-04 -3.1947e-04 -3.2156e-04 -3.2379e-04 -3.2613e-04 -3.2861e-04 -3.3121e-04 -3.3394e-04 -3.3681e-04 -3.3980e-04 -3.4294e-04 -3.4621e-04 -3.4962e-04 -3.5318e-04 
-0000.00100 -3.5368e-04 -3.5005e-04 -3.4657e-04 -3.4323e-04 -3.4004e-04 -3.3699e-04 -3.3408e-04 -3.3131e-04 -3.2867e-04 -3.2617e-04 -3.2379e-04 -3.2154e-04 -3.1942e-04 -3.1742e-04 -3.1555e-04 -3.1380e-04 -3.1216e-04 -3.1065e-04 -3.0925e-04 -3.0797e-04 -3.0680e-04 -3.0574e-04 -3.0480e-04 -3.0397e-04 -3.0325e-04 -3.0264e-04 -3.0214e-04 -3.0175e-04 -3.0146e-04 -3.0129e-04 -3.0123e-04 -3.0127e-04 -3.0142e-04 -3.0168e-04 -3.0205e-04 -3.0252e-04 -3.0311e-04 -3.0381e-04 -3.0461e-04 -3.0553e-04 -3.0656e-04 -3.0770e-04 -3.0896e-04 -3.1033e-04 -3.1182e-04 -3.1342e-04 -3.1514e-04 -3.1698e-04 -3.1895e-04 -3.2104e-04 -3.2325e-04 -3.2559e-04 -3.2805e-04 -3.3065e-04 -3.3338e-04 -3.3625e-04 -3.3925e-04 -3.4240e-04 -3.4568e-04 -3.4911e-04 -3.5269e-04 
-0000.00150 -3.5282e-04 -3.4915e-04 -3.4563e-04 -3.4227e-04 -3.3907e-04 -3.3601e-04 -3.3310e-04 -3.3033e-04 -3.2770e-04 -3.2521e-04 -3.2285e-04 -3.2063e-04 -3.1853e-04 -3.1656e-04 -3.1471e-04 -3.1299e-04 -3.1138e-04 -3.0990e-04 -3.0853e-04 -3.0727e-04 -3.0613e-04 -3.0510e-04 -3.0418e-04 -3.0337e-04 -3.0267e-04 -3.0207e-04 -3.0158e-04 -3.0120e-04 -3.0093e-04 -3.0076e-04 -3.0069e-04 -3.0073e-04 -3.0088e-04 -3.0113e-04 -3.0149e-04 -3.0195e-04 -3.0252e-04 -3.0320e-04 -3.0398e-04 -3.0488e-04 -3.0588e-04 -3.0700e-04 -3.0822e-04 -3.0957e-04 -3.1102e-04 -3.1260e-04 -3.1429e-04 -3.1611e-04 -3.1805e-04 -3.2011e-04 -3.2230e-04 -3.2463e-04 -3.2708e-04 -3.2967e-04 -3.3240e-04 -3.3527e-04 -3.3829e-04 -3.4145e-04 -3.4476e-04 -3.4823e-04 -3.5186e-04 
-0000.00200 -3.5355e-04 -3.4977e-04 -3.4617e-04 -3.4275e-04 -3.3950e-04 -3.3642e-04 -3.3350e-04 -3.3073e-04 -3.2811e-04 -3.2564e-04 -3.2332e-04 -3.2113e-04 -3.1907e-04 -3.1715e-04 -3.1536e-04 -3.1369e-04 -3.1214e-04 -3.1071e-04 -3.0939e-04 -3.0819e-04 -3.0710e-04 -3.0612e-04 -3.0525e-04 -3.0448e-04 -3.0381e-04 -3.0325e-04 -3.0279e-04 -3.0243e-04 -3.0217e-04 -3.0201e-04 -3.0194e-04 -3.0198e-04 -3.0212e-04 -3.0235e-04 -3.0269e-04 -3.0312e-04 -3.0366e-04 -3.0430e-04 -3.0504e-04 -3.0589e-04 -3.0684e-04 -3.0790e-04 -3.0908e-04 -3.1036e-04 -3.1177e-04 -3.1328e-04 -3.1492e-04 -3.1669e-04 -3.1858e-04 -3.2060e-04 -3.2275e-04 -3.2505e-04 -3.2748e-04 -3.3006e-04 -3.3279e-04 -3.3568e-04 -3.3872e-04 -3.4193e-04 -3.4531e-04 -3.4886e-04 -3.5260e-04 
# Total Vertical 2nd Order Kick [T2m2]
START
            -0000.01000 -0000.00967 -0000.00933 -0000.00900 -0000.00867 -0000.00833 -0000.00800 -0000.00767 -0000.00733 -0000.00700 -0000.00667 -0000.00633 -0000.00600 -0000.00567 -0000.00533 -0000.00500 -0000.00467 -0000.00433 -0000.00400 -0000.00367 -0000.00333 -0000.00300 -0000.00267 -0000.00233 -0000.00200 -0000.00167 -0000.00133 -0000.00100 -0000.00067 -0000.00033 +0000.00000 +0000.00033 +0000.00067 +0000.00100 +0000.00133 +0000.00167 +0000.00200 +0000.00233 +0000.00267 +0000.00300 +0000.00333 +0000.00367 +0000.00400 +0000.00433 +0000.00467 +0000.00500 +0000.00533 +0000.00567 +0000.00600 +0000.00633 +0000.00667 +0000.00700 +0000.00733 +0000.00767 +0000.00800 +0000.00833 +0000.00867 +0000.00900 +0000.00933 +0000.00967 +0000.01000 
+0000.00200 -1.7834e-04 -1.7720e-04 -1.7611e-04 -1.7505e-04 -1.7403e-04 -1.7304e-04 -1.7208e-04 -1.7115e-04 -1.7026e-04 -1.6939e-04 -1.6855e-04 -1.6773e-04 -1.6694e-04 -1.6617e-04 -1.6542e-04 -1.6470e-04 -1.6399e-04 -1.6330e-04 -1.6262e-04 -1.6196e-04 -1.6132e-04 -1.6068e-04 -1.6006e-04 -1.5945e-04 -1.5884e-04 -1.5824e-04 -1.5765e-04 -1.5706e-04 -1.5648e-04 -1.5590e-04 -1.5532e-04 -1.5473e-04 -1.5415e-04 -1.5356e-04 -1.5297e-04 -1.5238e-04 -1.5177e-04 -1.5116e-04 -1.5054e-04 -1.4991e-04 -1.4927e-04 -1.4862e-04 -1.4795e-04 -1.4727e-04 -1.4657e-04 -1.4585e-04 -1.4511e-04 -1.4436e-04 -1.4358e-04 -1.4278e-04 -1.4196e-04 -1.4112e-04 -1.4024e-04 -1.3935e-04 -1.3842e-04 -1.3747e-04 -1.3648e-04 -1.3546e-04 -1.3442e-04 -1.3333e-04 -1.3222e-04 
+0000.00150 -1.1936e-04 -1.1861e-04 -1.1788e-04 -1.1717e-04 -1.1647e-04 -1.1580e-04 -1.1514e-04 -1.1450e-04 -1.1387e-04 -1.1326e-04 -1.1266e-04 -1.1207e-04 -1.1150e-04 -1.1094e-04 -1.1039e-04 -1.0985e-04 -1.0932e-04 -1.0880e-04 -1.0828e-04 -1.0778e-04 -1.0728e-04 -1.0679e-04 -1.0630e-04 -1.0582e-04 -1.0534e-04 -1.0487e-04 -1.0440e-04 -1.0393e-04 -1.0347e-04 -1.0300e-04 -1.0253e-04 -1.0207e-04 -1.0160e-04 -1.0113e-04 -1.0066e-04 -1.0019e-04 -9.9712e-05 -9.9230e-05 -9.8744e-05 -9.8253e-05 -9.7756e-05 -9.7252e-05 -9.6741e-05 -9.6222e-05 -9.5694e-05 -9.5158e-05 -9.4612e-05 -9.4056e-05 -9.3489e-05 -9.2911e-05 -9.2321e-05 -9.1718e-05 -9.1103e-05 -9.0474e-05 -8.9831e-05 -8.9173e-05 -8.8499e-05 -8.7810e-05 -8.7105e-05 -8.6383e-05 -8.5643e-05 
+0000.00100 -7.3444e-05 -7.2977e-05 -7.2521e-05 -7.2075e-05 -7.1638e-05 -7.1210e-05 -7.0791e-05 -7.0380e-05 -6.9978e-05 -6.9583e-05 -6.9195e-05 -6.8814e-05 -6.8439e-05 -6.8071e-05 -6.7708e-05 -6.7350e-05 -6.6998e-05 -6.6650e-05 -6.6306e-05 -6.5966e-05 -6.5629e-05 -6.5296e-05 -6.4966e-05 -6.4638e-05 -6.4312e-05 -6.3988e-05 -6.3665e-05 -6.3343e-05 -6.3022e-05 -6.2702e-05 -6.2381e-05 -6.2061e-05 -6.1740e-05 -6.1417e-05 -6.1094e-05 -6.0769e-05 -6.0443e-05 -6.0114e-05 -5.9782e-05 -5.9448e-05 -5.9111e-05 -5.8770e-05 -5.8426e-05 -5.8078e-05 -5.7725e-05 -5.7368e-05 -5.7006e-05 -5.6639e-05 -5.6266e-05 -5.5888e-05 -5.5504e-05 -5.5113e-05 -5.4716e-05 -5.4312e-05 -5.3901e-05 -5.3482e-05 -5.3056e-05 -5.2622e-05 -5.2180e-05 -5.1730e-05 -5.1270e-05 
+0000.00050 -3.5004e-05 -3.4779e-05 -3.4559e-05 -3.4343e-05 -3.4131e-05 -3.3923e-05 -3.3719e-05 -3.3519e-05 -3.3321e-05 -3.3128e-05 -3.2937e-05 -3.2749e-05 -3.2564e-05 -3.2381e-05 -3.2201e-05 -3.2023e-05 -3.1847e-05 -3.1673e-05 -3.1501e-05 -3.1331e-05 -3.1162e-05 -3.0994e-05 -3.0827e-05 -3.0662e-05 -3.0497e-05 -3.0333e-05 -3.0169e-05 -3.0006e-05 -2.9843e-05 -2.9680e-05 -2.9518e-05 -2.9355e-05 -2.9192e-05 -2.9028e-05 -2.8864e-05 -2.8699e-05 -2.8533e-05 -2.8367e-05 -2.8199e-05 -2.8030e-05 -2.7860e-05 -2.7688e-05 -2.7515e-05 -2.7340e-05 -2.7163e-05 -2.6985e-05 -2.6804e-05 -2.6621e-05 -2.6436e-05 -2.6248e-05 -2.6058e-05 -2.5865e-05 -2.5670e-05 -2.5471e-05 -2.5270e-05 -2.5066e-05 -2.4859e-05 -2.4648e-05 -2.4434e-05 -2.4217e-05 -2.3996e-05 
+0000.00000 -1.2638e-08 -1.2714e-08 -1.2894e-08 -1.3168e-08 -1.3525e-08 -1.3954e-08 -1.4446e-08 -1.4992e-08 -1.5582e-08 -1.6208e-08 -1.6862e-08 -1.7535e-08 -1.8221e-08 -1.8912e-08 -1.9601e-08 -2.0282e-08 -2.0949e-08 -2.1597e-08 -2.2220e-08 -2.2813e-08 -2.3372e-08 -2.3894e-08 -2.4374e-08 -2.4808e-08 -2.5195e-08 -2.5532e-08 -2.5816e-08 -2.6045e-08 -2.6219e-08 -2.6336e-08 -2.6396e-08 -2.6399e-08 -2.6344e-08 -2.6232e-08 -2.6065e-08 -2.5843e-08 -2.5568e-08 -2.5242e-08 -2.4867e-08 -2.4448e-08 -2.3985e-08 -2.3484e-08 -2.2949e-08 -2.2383e-08 -2.1791e-08 -2.1179e-08 -2.0551e-08 -1.9915e-08 -1.9276e-08 -1.8640e-08 -1.8016e-08 -1.7409e-08 -1.6829e-08 -1.6283e-08 -1.5780e-08 -1.5328e-08 -1.4938e-08 -1.4619e-08 -1.4380e-08 -1.4233e-08 -1.4189e-08 
-0000.00050 +3.4979e-05 +3.4754e-05 +3.4533e-05 +3.4317e-05 +3.4104e-05 +3.3896e-05 +3.3690e-05 +3.3489e-05 +3.3291e-05 +3.3095e-05 +3.2903e-05 +3.2714e-05 +3.2528e-05 +3.2344e-05 +3.2162e-05 +3.1983e-05 +3.1806e-05 +3.1630e-05 +3.1457e-05 +3.1285e-05 +3.1115e-05 +3.0946e-05 +3.0779e-05 +3.0612e-05 +3.0446e-05 +3.0282e-05 +3.0118e-05 +2.9954e-05 +2.9791e-05 +2.9628e-05 +2.9465e-05 +2.9302e-05 +2.9139e-05 +2.8976e-05 +2.8812e-05 +2.8647e-05 +2.8482e-05 +2.8316e-05 +2.8149e-05 +2.7981e-05 +2.7812e-05 +2.7641e-05 +2.7469e-05 +2.7295e-05 +2.7120e-05 +2.6942e-05 +2.6762e-05 +2.6581e-05 +2.6397e-05 +2.6211e-05 +2.6022e-05 +2.5830e-05 +2.5636e-05 +2.5439e-05 +2.5238e-05 +2.5035e-05 +2.4828e-05 +2.4618e-05 +2.4405e-05 +2.4188e-05 +2.3967e-05 
-0000.00100 +7.3417e-05 +7.2951e-05 +7.2495e-05 +7.2048e-05 +7.1611e-05 +7.1183e-05 +7.0763e-05 +7.0351e-05 +6.9947e-05 +6.9551e-05 +6.9162e-05 +6.8780e-05 +6.8404e-05 +6.8034e-05 +6.7669e-05 +6.7310e-05 +6.6956e-05 +6.6607e-05 +6.6262e-05 +6.5920e-05 +6.5583e-05 +6.5248e-05 +6.4917e-05 +6.4588e-05 +6.4261e-05 +6.3936e-05 +6.3613e-05 +6.3291e-05 +6.2969e-05 +6.2648e-05 +6.2328e-05 +6.2007e-05 +6.1686e-05 +6.1364e-05 +6.1041e-05 +6.0717e-05 +6.0391e-05 +6.0063e-05 +5.9732e-05 +5.9399e-05 +5.9063e-05 +5.8723e-05 +5.8380e-05 +5.8033e-05 +5.7682e-05 +5.7326e-05 +5.6965e-05 +5.6599e-05 +5.6228e-05 +5.5851e-05 +5.5468e-05 +5.5078e-05 +5.4682e-05 +5.4279e-05 +5.3869e-05 +5.3452e-05 +5.3026e-05 +5.2593e-05 +5.2151e-05 +5.1700e-05 +5.1241e-05 
-0000.00150 +1.1933e-04 +1.1858e-04 +1.1785e-04 +1.1714e-04 +1.1645e-04 +1.1577e-04 +1.1511e-04 +1.1447e-04 +1.1384e-04 +1.1322e-04 +1.1262e-04 +1.1204e-04 +1.1146e-04 +1.1090e-04 +1.1035e-04 +1.0981e-04 +1.0928e-04 +1.0875e-04 +1.0824e-04 +1.0773e-04 +1.0723e-04 +1.0674e-04 +1.0625e-04 +1.0577e-04 +1.0529e-04 +1.0482e-04 +1.0435e-04 +1.0388e-04 +1.0341e-04 +1.0295e-04 +1.0248e-04 +1.0201e-04 +1.0155e-04 +1.0108e-04 +1.0061e-04 +1.0014e-04 +9.9660e-05 +9.9180e-05 +9.8694e-05 +9.8204e-05 +9.7708e-05 +9.7205e-05 +9.6695e-05 +9.6178e-05 +9.5652e-05 +9.5117e-05 +9.4572e-05 +9.4018e-05 +9.3452e-05 +9.2875e-05 +9.2287e-05 +9.1685e-05 +9.1071e-05 +9.0443e-05 +8.9800e-05 +8.9143e-05 +8.8470e-05 +8.7781e-05 +8.7075e-05 +8.6352e-05 +8.5611e-05 
-0000.00200 +1.7830e-04 +1.7717e-04 +1.7608e-04 +1.7502e-04 +1.7400e-04 +1.7301e-04 +1.7205e-04 +1.7112e-04 +1.7023e-04 +1.6936e-04 +1.6851e-04 +1.6770e-04 +1.6690e-04 +1.6613e-04 +1.6538e-04 +1.6465e-04 +1.6394e-04 +1.6325e-04 +1.6257e-04 +1.6191e-04 +1.6126e-04 +1.6063e-04 +1.6000e-04 +1.5939e-04 +1.5878e-04 +1.5819e-04 +1.5759e-04 +1.5701e-04 +1.5642e-04 +1.5584e-04 +1.5526e-04 +1.5468e-04 +1.5409e-04 +1.5351e-04 +1.5292e-04 +1.5232e-04 +1.5172e-04 +1.5111e-04 +1.5049e-04 +1.4986e-04 +1.4922e-04 +1.4857e-04 +1.4791e-04 +1.4722e-04 +1.4653e-04 +1.4581e-04 +1.4508e-04 +1.4432e-04 +1.4355e-04 +1.4275e-04 +1.4193e-04 +1.4109e-04 +1.4022e-04 +1.3932e-04 +1.3839e-04 +1.3744e-04 +1.3645e-04 +1.3544e-04 +1.3439e-04 +1.3330e-04 +1.3219e-04 
# Horizontal Final Position [m]
START
            -0000.01000 -0000.00967 -0000.00933 -0000.00900 -0000.00867 -0000.00833 -0000.00800 -0000.00767 -0000.00733 -0000.00700 -0000.00667 -0000.00633 -0000.00600 -0000.00567 -0000.00533 -0000.00500 -0000.00467 -0000.00433 -0000.00400 -0000.00367 -0000.00333 -0000.00300 -0000.00267 -0000.00233 -0000.00200 -0000.00167 -0000.00133 -0000.00100 -0000.00067 -0000.00033 +0000.00000 +0000.00033 +0000.00067 +0000.00100 +0000.00133 +0000.00167 +0000.00200 +0000.00233 +0000.00267 +0000.00300 +0000.00333 +0000.00367 +0000.00400 +0000.00433 +0000.00467 +0000.00500 +0000.00533 +0000.00567 +0000.00600 +0000.00633 +0000.00667 +0000.00700 +0000.00733 +0000.00767 +0000.00800 +0000.00833 +0000.00867 +0000.00900 +0000.00933 +0000.00967 +0000.01000 
+0000.00200 -1.0001e-02 -9.6673e-03 -9.3340e-03 -9.0007e-03 -8.6674e-03 -8.3341e-03 -8.0008e-03 -7.6675e-03 -7.3342e-03 -7.0009e-03 -6.6676e-03 -6.3343e-03 -6.0010e-03 -5.6677e-03 -5.3343e-03 -5.0010e-03 -4.6677e-03 -4.3344e-03 -4.0010e-03 -3.6677e-03 -3.3344e-03 -3.0010e-03 -2.6677e-03 -2.3344e-03 -2.0010e-03 -1.6677e-03 -1.3344e-03 -1.0010e-03 -6.6771e-04 -3.3438e-04 -1.0467e-06 +3.3229e-04 +6.6562e-04 +9.9896e-04 +1.3323e-03 +1.6656e-03 +1.9990e-03 +2.3323e-03 +2.6656e-03 +2.9990e-03 +3.3323e-03 +3.6656e-03 +3.9990e-03 +4.3323e-03 +4.6657e-03 +4.9990e-03 +5.3324e-03 +5.6657e-03 +5.9991e-03 +6.3324e-03 +6.6658e-03 +6.9991e-03 +7.3325e-03 +7.6658e-03 +7.9992e-03 +8.3326e-03 +8.6660e-03 +8.9994e-03 +9.3327e-03 +9.6661e-03 +9.9995e-03 
+0000.00150 -1.0001e-02 -9.6673e-03 -9.3340e-03 -9.0007e-03 -8.6674e-03 -8.3341e-03 -8.0008e-03 -7.6675e-03 -7.3342e-03 -7.0009e-03 -6.6676e-03 -6.3343e-03 -6.0010e-03 -5.6677e-03 -5.3343e-03 -5.0010e-03 -4.6677e-03 -4.3344e-03 -4.0010e-03 -3.6677e-03 -3.3344e-03 -3.0010e-03 -2.6677e-03 -2.3344e-03 -2.0010e-03 -1.6677e-03 -1.3344e-03 -1.0010e-03 -6.6771e-04 -3.3438e-04 -1.0460e-06 +3.3229e-04 +6.6562e-04 +9.9896e-04 +1.3323e-03 +1.6656e-03 +1.9990e-03 +2.3323e-03 +2.6656e-03 +2.9990e-03 +3.3323e-03 +3.6656e-03 +3.9990e-03 +4.3323e-03 +4.6657e-03 +4.9990e-03 +5.3324e-03 +5.6657e-03 +5.9991e-03 +6.3324e-03 +6.6658e-03 +6.9991e-03 +7.3325e-03 +7.6658e-03 +7.9992e-03 +8.3326e-03 +8.6660e-03 +8.9994e-03 +9.3327e-03 +9.6661e-03 +9.9995e-03 
+0000.00100 -1.0001e-02 -9.6673e-03 -9.3340e-03 -9.0007e-03 -8.6674e-03 -8.3341e-03 -8.0008e-03 -7.6675e-03 -7.3342e-03 -7.0009e-03 -6.6676e-03 -6.3343e-03 -6.0010e-03 -5.6676e-03 -5.3343e-03 -5.0010e-03 -4.6677e-03 -4.3343e-03 -4.0010e-03 -3.6677e-03 -3.3344e-03 -3.0010e-03 -2.6677e-03 -2.3344e-03 -2.0010e-03 -1.6677e-03 -1.3344e-03 -1.0010e-03 -6.6769e-04 -3.3436e-04 -1.0211e-06 +3.3231e-04 +6.6565e-04 +9.9898e-04 +1.3323e-03 +1.6656e-03 +1.9990e-03 +2.3323e-03 +2.6657e-03 +2.9990e-03 +3.3323e-03 +3.6657e-03 +3.9990e-03 +4.3323e-03 +4.6657e-03 +4.9990e-03 +5.3324e-03 +5.6657e-03 +5.9991e-03 +6.3324e-03 +6.6658e-03 +6.9991e-03 +7.3325e-03 +7.6658e-03 +7.9992e-03 +8.3326e-03 +8.6660e-03 +8.9993e-03 +9.3327e-03 +9.6661e-03 +9.9995e-03 
+0000.00050 -1.0001e-02 -9.6673e-03 -9.3340e-03 -9.0007e-03 -8.6674e-03 -8.3341e-03 -8.0008e-03 -7.6675e-03 -7.3342e-03 -7.0009e-03 -6.6676e-03 -6.3343e-03 -6.0010e-03 -5.6676e-03 -5.3343e-03 -5.0010e-03 -4.6677e-03 -4.3343e-03 -4.0010e-03 -3.6677e-03 -3.3344e-03 -3.0010e-03 -2.6677e-03 -2.3344e-03 -2.0010e-03 -1.6677e-03 -1.3344e-03 -1.0010e-03 -6.6769e-04 -3.3436e-04 -1.0212e-06 +3.3231e-04 +6.6565e-04 +9.9898e-04 +1.3323e-03 +1.6656e-03 +1.9990e-03 +2.3323e-03 +2.6657e-03 +2.9990e-03 +3.3323e-03 +3.6657e-03 +3.9990e-03 +4.3323e-03 +4.6657e-03 +4.9990e-03 +5.3324e-03 +5.6657e-03 +5.9991e-03 +6.3324e-03 +6.6658e-03 +6.9991e-03 +7.3325e-03 +7.6658e-03 +7.9992e-03 +8.3326e-03 +8.6660e-03 +8.9993e-03 +9.3327e-03 +9.6661e-03 +9.9995e-03 
+0000.00000 -1.0001e-02 -9.6673e-03 -9.3340e-03 -9.0007e-03 -8.6674e-03 -8.3341e-03 -8.0008e-03 -7.6675e-03 -7.3342e-03 -7.0009e-03 -6.6676e-03 -6.3343e-03 -6.0010e-03 -5.6676e-03 -5.3343e-03 -5.0010e-03 -4.6677e-03 -4.3343e-03 -4.0010e-03 -3.6677e-03 -3.3344e-03 -3.0010e-03 -2.6677e-03 -2.3344e-03 -2.0010e-03 -1.6677e-03 -1.3344e-03 -1.0010e-03 -6.6769e-04 -3.3436e-04 -1.0211e-06 +3.3231e-04 +6.6565e-04 +9.9898e-04 +1.3323e-03 +1.6656e-03 +1.9990e-03 +2.3323e-03 +2.6657e-03 +2.9990e-03 +3.3323e-03 +3.6657e-03 +3.9990e-03 +4.3323e-03 +4.6657e-03 +4.9990e-03 +5.3324e-03 +5.6657e-03 +5.9991e-03 +6.3324e-03 +6.6658e-03 +6.9991e-03 +7.3325e-03 +7.6658e-03 +7.9992e-03 +8.3326e-03 +8.6660e-03 +8.9993e-03 +9.3327e-03 +9.6661e-03 +9.9995e-03 
-0000.00050 -1.0001e-02 -9.6673e-03 -9.3340e-03 -9.0007e-03 -8.6674e-03 -8.3341e-03 -8.0008e-03 -7.6675e-03 -7.3342e-03 -7.0009e-03 -6.6676e-03 -6.3343e-03 -6.0010e-03 -5.6676e-03 -5.3343e-03 -5.0010e-03 -4.6677e-03 -4.3343e-03 -4.0010e-03 -3.6677e-03 -3.3344e-03 -3.0010e-03 -2.6677e-03 -2.3344e-03 -2.0010e-03 -1.6677e-03 -1.3344e-03 -1.0010e-03 -6.6769e-04 -3.3436e-04 -1.0212e-06 +3.3231e-04 +6.6565e-04 +9.9898e-04 +1.3323e-03 +1.6656e-03 +1.9990e-03 +2.3323e-03 +2.6657e-03 +2.9990e-03 +3.3323e-03 +3.6657e-03 +3.9990e-03 +4.3323e-03 +4.6657e-03 +4.9990e-03 +5.3324e-03 +5.6657e-03 +5.9991e-03 +6.3324e-03 +6.6658e-03 +6.9991e-03 +7.3325e-03 +7.6658e-03 +7.9992e-03 +8.3326e-03 +8.6660e-03 +8.9993e-03 +9.3327e-03 +9.6661e-03 +9.9995e-03 
-0000.00100 -1.0001e-02 -9.6673e-03 -9.3340e-03 -9.0007e-03 -8.6674e-03 -8.3341e-03 -8.0008e-03 -7.6675e-03 -7.3342e-03 -7.0009e-03 -6.6676e-03 -6.3343e-03 -6.0010e-03 -5.6676e-03 -5.3343e-03 -5.0010e-03 -4.6677e-03 -4.3343e-03 -4.0010e-03 -3.6677e-03 -3.3344e-03 -3.0010e-03 -2.6677e-03 -2.3344e-03 -2.0010e-03 -1.6677e-03 -1.3344e-03 -1.0010e-03 -6.6769e-04 -3.3436e-04 -1.0211e-06 +3.3231e-04 +6.6565e-04 +9.9898e-04 +1.3323e-03 +1.6656e-03 +1.9990e-03 +2.3323e-03 +2.6657e-03 +2.9990e-03 +3.3323e-03 +3.6657e-03 +3.9990e-03 +4.3323e-03 +4.6657e-03 +4.9990e-03 +5.3324e-03 +5.6657e-03 +5.9991e-03 +6.3324e-03 +6.6658e-03 +6.9991e-03 +7.3325e-03 +7.6658e-03 +7.9992e-03 +8.3326e-03 +8.6660e-03 +8.9993e-03 +9.3327e-03 +9.6661e-03 +9.9995e-03 
-0000.00150 -1.0001e-02 -9.6673e-03 -9.3340e-03 -9.0007e-03 -8.6674e-03 -8.3341e-03 -8.0008e-03 -7.6675e-03 -7.3342e-03 -7.0009e-03 -6.6676e-03 -6.3343e-03 -6.0010e-03 -5.6677e-03 -5.3343e-03 -5.0010e-03 -4.6677e-03 -4.3344e-03 -4.0010e-03 -3.6677e-03 -3.3344e-03 -3.0010e-03 -2.6677e-03 -2.3344e-03 -2.0010e-03 -1.6677e-03 -1.3344e-03 -1.0010e-03 -6.6771e-04 -3.3438e-04 -1.0460e-06 +3.3229e-04 +6.6562e-04 +9.9896e-04 +1.3323e-03 +1.6656e-03 +1.9990e-03 +2.3323e-03 +2.6656e-03 +2.9990e-03 +3.3323e-03 +3.6656e-03 +3.9990e-03 +4.3323e-03 +4.6657e-03 +4.9990e-03 +5.3324e-03 +5.6657e-03 +5.9991e-03 +6.3324e-03 +6.6658e-03 +6.9991e-03 +7.3325e-03 +7.6658e-03 +7.9992e-03 +8.3326e-03 +8.6660e-03 +8.9994e-03 +9.3327e-03 +9.6661e-03 +9.9995e-03 
-0000.00200 -1.0001e-02 -9.6673e-03 -9.3340e-03 -9.0007e-03 -8.6674e-03 -8.3341e-03 -8.0008e-03 -7.6675e-03 -7.3342e-03 -7.0009e-03 -6.6676e-03 -6.3343e-03 -6.0010e-03 -5.6677e-03 -5.3343e-03 -5.0010e-03 -4.6677e-03 -4.3344e-03 -4.0010e-03 -3.6677e-03 -3.3344e-03 -3.0010e-03 -2.6677e-03 -2.3344e-03 -2.0010e-03 -1.6677e-03 -1.3344e-03 -1.0010e-03 -6.6771e-04 -3.3438e-04 -1.0467e-06 +3.3229e-04 +6.6562e-04 +9.9896e-04 +1.3323e-03 +1.6656e-03 +1.9990e-03 +2.3323e-03 +2.6656e-03 +2.9990e-03 +3.3323e-03 +3.6656e-03 +3.9990e-03 +4.3323e-03 +4.6657e-03 +4.9990e-03 +5.3324e-03 +5.6657e-03 +5.9991e-03 +6.3324e-03 +6.6658e-03 +6.9991e-03 +7.3325e-03 +7.6658e-03 +7.9992e-03 +8.3326e-03 +8.6660e-03 +8.9994e-03 +9.3327e-03 +9.6661e-03 +9.9995e-03 
# Vertical Final Position [m]
START
            -0000.01000 -0000.00967 -0000.00933 -0000.00900 -0000.00867 -0000.00833 -0000.00800 -0000.00767 -0000.00733 -0000.00700 -0000.00667 -0000.00633 -0000.00600 -0000.00567 -0000.00533 -0000.00500 -0000.00467 -0000.00433 -0000.00400 -0000.00367 -0000.00333 -0000.00300 -0000.00267 -0000.00233 -0000.00200 -0000.00167 -0000.00133 -0000.00100 -0000.00067 -0000.00033 +0000.00000 +0000.00033 +0000.00067 +0000.00100 +0000.00133 +0000.00167 +0000.00200 +0000.00233 +0000.00267 +0000.00300 +0000.00333 +0000.00367 +0000.00400 +0000.00433 +0000.00467 +0000.00500 +0000.00533 +0000.00567 +0000.00600 +0000.00633 +0000.00667 +0000.00700 +0000.00733 +0000.00767 +0000.00800 +0000.00833 +0000.00867 +0000.00900 +0000.00933 +0000.00967 +0000.01000 
+0000.00200 +2.0001e-03 +2.0001e-03 +2.0000e-03 +2.0000e-03 +2.0000e-03 +2.0000e-03 +2.0000e-03 +2.0000e-03 +2.0000e-03 +2.0000e-03 +2.0000e-03 +2.0000e-03 +2.0000e-03 +2.0000e-03 +1.9999e-03 +1.9999e-03 +1.9999e-03 +1.9999e-03 +1.9999e-03 +1.9999e-03 +1.9999e-03 +1.9999e-03 +1.9999e-03 +1.9999e-03 +1.9999e-03 +1.9999e-03 +1.9999e-03 +1.9999e-03 +1.9998e-03 +1.9998e-03 +1.9998e-03 +1.9998e-03 +1.9998e-03 +1.9998e-03 +1.9998e-03 +1.9998e-03 +1.9998e-03 +1.9998e-03 +1.9998e-03 +1.9998e-03 +1.9998e-03 +1.9998e-03 +1.9998e-03 +1.9998e-03 +1.9998e-03 +1.9998e-03 +1.9998e-03 +1.9998e-03 +1.9997e-03 +1.9997e-03 +1.9997e-03 +1.9997e-03 +1.9997e-03 +1.9997e-03 +1.9997e-03 +1.9997e-03 +1.9997e-03 +1.9997e-03 +1.9997e-03 +1.9996e-03 +1.9996e-03 
+0000.00150 +1.5001e-03 +1.5001e-03 +1.5000e-03 +1.5000e-03 +1.5000e-03 +1.5000e-03 +1.5000e-03 +1.5000e-03 +1.5000e-03 +1.5000e-03 +1.5000e-03 +1.5000e-03 +1.5000e-03 +1.5000e-03 +1.5000e-03 +1.5000e-03 +1.5000e-03 +1.5000e-03 +1.5000e-03 +1.5000e-03 +1.4999e-03 +1.4999e-03 +1.4999e-03 +1.4999e-03 +1.4999e-03 +1.4999e-03 +1.4999e-03 +1.4999e-03 +1.4999e-03 +1.4999e-03 +1.4999e-03 +1.4999e-03 +1.4999e-03 +1.4999e-03 +1.4999e-03 +1.4999e-03 +1.4999e-03 +1.4999e-03 +1.4999e-03 +1.4999e-03 +1.4999e-03 +1.4998e-03 +1.4998e-03 +1.4998e-03 +1.4998e-03 +1.4998e-03 +1.4998e-03 +1.4998e-03 +1.4998e-03 +1.4998e-03 +1.4998e-03 +1.4998e-03 +1.4998e-03 +1.4998e-03 +1.4998e-03 +1.4998e-03 +1.4998e-03 +1.4998e-03 +1.4998e-03 +1.4997e-03 +1.4997e-03 
+0000.00100 +1.0000e-03 +1.0000e-03 +1.0000e-03 +1.0000e-03 +1.0000e-03 +1.0000e-03 +1.0000e-03 +1.0000e-03 +1.0000e-03 +9.9999e-04 +9.9999e-04 +9.9998e-04 +9.9998e-04 +9.9998e-04 +9.9998e-04 +9.9997e-04 +9.9997e-04 +9.9997e-04 +9.9997e-04 +9.9996e-04 +9.9996e-04 +9.9996e-04 +9.9996e-04 +9.9996e-04 +9.9995e-04 +9.9995e-04 +9.9995e-04 +9.9995e-04 +9.9994e-04 +9.9994e-04 +9.9994e-04 +9.9994e-04 +9.9993e-04 +9.9993e-04 +9.9993e-04 +9.9993e-04 +9.9992e-04 +9.9992e-04 +9.9992e-04 +9.9991e-04 +9.9991e-04 +9.9991e-04 +9.9990e-04 +9.9990e-04 +9.9990e-04 +9.9989e-04 +9.9989e-04 +9.9988e-04 +9.9988e-04 +9.9988e-04 +9.9987e-04 +9.9987e-04 +9.9986e-04 +9.9986e-04 +9.9985e-04 +9.9985e-04 +9.9984e-04 +9.9984e-04 +9.9983e-04 +9.9983e-04 +9.9982e-04 
+0000.00050 +5.0003e-04 +5.0002e-04 +5.0002e-04 +5.0002e-04 +5.0002e-04 +5.0001e-04 +5.0001e-04 +5.0001e-04 +5.0001e-04 +5.0001e-04 +5.0000e-04 +5.0000e-04 +5.0000e-04 +5.0000e-04 +5.0000e-04 +4.9999e-04 +4.9999e-04 +4.9999e-04 +4.9999e-04 +4.9999e-04 +4.9999e-04 +4.9998e-04 +4.9998e-04 +4.9998e-04 +4.9998e-04 +4.9998e-04 +4.9998e-04 +4.9997e-04 +4.9997e-04 +4.9997e-04 +4.9997e-04 +4.9997e-04 +4.9997e-04 +4.9997e-04 +4.9996e-04 +4.9996e-04 +4.9996e-04 +4.9996e-04 +4.9996e-04 +4.9996e-04 +4.9996e-04 +4.9995e-04 +4.9995e-04 +4.9995e-04 +4.9995e-04 +4.9995e-04 +4.9995e-04 +4.9994e-04 +4.9994e-04 +4.9994e-04 +4.9994e-04 +4.9994e-04 +4.9993e-04 +4.9993e-04 +4.9993e-04 +4.9993e-04 +4.9992e-04 +4.9992e-04 +4.9992e-04 +4.9992e-04 +4.9991e-04 
+0000.00000 -3.2115e-11 -3.2280e-11 -3.2561e-11 -3.2947e-11 -3.3424e-11 -3.3982e-11 -3.4609e-11 -3.5294e-11 -3.6027e-11 -3.6799e-11 -3.7599e-11 -3.8419e-11 -3.9250e-11 -4.0083e-11 -4.0913e-11 -4.1730e-11 -4.2528e-11 -4.3301e-11 -4.4044e-11 -4.4749e-11 -4.5413e-11 -4.6030e-11 -4.6597e-11 -4.7110e-11 -4.7565e-11 -4.7959e-11 -4.8291e-11 -4.8557e-11 -4.8758e-11 -4.8890e-11 -4.8954e-11 -4.8949e-11 -4.8876e-11 -4.8735e-11 -4.8527e-11 -4.8254e-11 -4.7917e-11 -4.7520e-11 -4.7064e-11 -4.6553e-11 -4.5991e-11 -4.5381e-11 -4.4729e-11 -4.4039e-11 -4.3317e-11 -4.2568e-11 -4.1800e-11 -4.1018e-11 -4.0229e-11 -3.9442e-11 -3.8664e-11 -3.7905e-11 -3.7172e-11 -3.6475e-11 -3.5824e-11 -3.5229e-11 -3.4701e-11 -3.4251e-11 -3.3891e-11 -3.3632e-11 -3.3486e-11 
-0000.00050 -5.0003e-04 -5.0002e-04 -5.0002e-04 -5.0002e-04 -5.0002e-04 -5.0001e-04 -5.0001e-04 -5.0001e-04 -5.0001e-04 -5.0001e-04 -5.0000e-04 -5.0000e-04 -5.0000e-04 -5.0000e-04 -5.0000e-04 -4.9999e-04 -4.9999e-04 -4.9999e-04 -4.9999e-04 -4.9999e-04 -4.9999e-04 -4.9998e-04 -4.9998e-04 -4.9998e-04 -4.9998e-04 -4.9998e-04 -4.9998e-04 -4.9997e-04 -4.9997e-04 -4.9997e-04 -4.9997e-04 -4.9997e-04 -4.9997e-04 -4.9997e-04 -4.9996e-04 -4.9996e-04 -4.9996e-04 -4.9996e-04 -4.9996e-04 -4.9996e-04 -4.9996e-04 -4.9995e-04 -4.9995e-04 -4.9995e-04 -4.9995e-04 -4.9995e-04 -4.9995e-04 -4.9994e-04 -4.9994e-04 -4.9994e-04 -4.9994e-04 -4.9994e-04 -4.9993e-04 -4.9993e-04 -4.9993e-04 -4.9993e-04 -4.9992e-04 -4.9992e-04 -4.9992e-04 -4.9992e-04 -4.9991e-04 
-0000.00100 -1.0000e-03 -1.0000e-03 -1.0000e-03 -1.0000e-03 -1.0000e-03 -1.0000e-03 -1.0000e-03 -1.0000e-03 -1.0000e-03 -9.9999e-04 -9.9999e-04 -9.9998e-04 -9.9998e-04 -9.9998e-04 -9.9998e-04 -9.9997e-04 -9.9997e-04 -9.9997e-04 -9.9997e-04 -9.9996e-04 -9.9996e-04 -9.9996e-04 -9.9996e-04 -9.9996e-04 -9.9995e-04 -9.9995e-04 -9.9995e-04 -9.9995e-04 -9.9994e-04 -9.9994e-04 -9.9994e-04 -9.9994e-04 -9.9993e-04 -9.9993e-04 -9.9993e-04 -9.9993e-04 -9.9992e-04 -9.9992e-04 -9.9992e-04 -9.9991e-04 -9.9991e-04 -9.9991e-04 -9.9990e-04 -9.9990e-04 -9.9990e-04 -9.9989e-04 -9.9989e-04 -9.9988e-04 -9.9988e-04 -9.9988e-04 -9.9987e-04 -9.9987e-04 -9.9986e-04 -9.9986e-04 -9.9985e-04 -9.9985e-04 -9.9984e-04 -9.9984e-04 -9.9983e-04 -9.9983e-04 -9.9982e-04 
-0000.00150 -1.5001e-03 -1.5001e-03 -1.5000e-03 -1.5000e-03 -1.5000e-03 -1.5000e-03 -1.5000e-03 -1.5000e-03 -1.5000e-03 -1.5000e-03 -1.5000e-03 -1.5000e-03 -1.5000e-03 -1.5000e-03 -1.5000e-03 -1.5000e-03 -1.5000e-03 -1.5000e-03 -1.5000e-03 -1.5000e-03 -1.4999e-03 -1.4999e-03 -1.4999e-03 -1.4999e-03 -1.4999e-03 -1.4999e-03 -1.4999e-03 -1.4999e-03 -1.4999e-03 -1.4999e-03 -1.4999e-03 -1.4999e-03 -1.4999e-03 -1.4999e-03 -1.4999e-03 -1.4999e-03 -1.4999e-03 -1.4999e-03 -1.4999e-03 -1.4999e-03 -1.4999e-03 -1.4998e-03 -1.4998e-03 -1.4998e-03 -1.4998e-03 -1.4998e-03 -1.4998e-03 -1.4998e-03 -1.4998e-03 -1.4998e-03 -1.4998e-03 -1.4998e-03 -1.4998e-03 -1.4998e-03 -1.4998e-03 -1.4998e-03 -1.4998e-03 -1.4998e-03 -1.4998e-03 -1.4997e-03 -1.4997e-03 
-0000.00200 -2.0001e-03 -2.0001e-03 -2.0000e-03 -2.0000e-03 -2.0000e-03 -2.0000e-03 -2.0000e-03 -2.0000e-03 -2.0000e-03 -2.0000e-03 -2.0000e-03 -2.0000e-03 -2.0000e-03 -2.0000e-03 -1.9999e-03 -1.9999e-03 -1.9999e-03 -1.9999e-03 -1.9999e-03 -1.9999e-03 -1.9999e-03 -1.9999e-03 -1.9999e-03 -1.9999e-03 -1.9999e-03 -1.9999e-03 -1.9999e-03 -1.9999e-03 -1.9998e-03 -1.9998e-03 -1.9998e-03 -1.9998e-03 -1.9998e-03 -1.9998e-03 -1.9998e-03 -1.9998e-03 -1.9998e-03 -1.9998e-03 -1.9998e-03 -1.9998e-03 -1.9998e-03 -1.9998e-03 -1.9998e-03 -1.9998e-03 -1.9998e-03 -1.9998e-03 -1.9998e-03 -1.9998e-03 -1.9997e-03 -1.9997e-03 -1.9997e-03 -1.9997e-03 -1.9997e-03 -1.9997e-03 -1.9997e-03 -1.9997e-03 -1.9997e-03 -1.9997e-03 -1.9997e-03 -1.9996e-03 -1.9996e-03 