# Author: FAC idanalysis.IDKickMap
#
# Total Length of Longitudinal Interval [m]
0.13
# Number of Horizontal Points
25
# Number of Vertical Points
9
# Total Horizontal 2nd Order Kick [T2m2]
START
            -0000.01200 -0000.01100 -0000.01000 -0000.00900 -0000.00800 -0000.00700 -0000.00600 -0000.00500 -0000.00400 -0000.00300 -0000.00200 -0000.00100 +0000.00000 +0000.00100 +0000.00200 +0000.00300 +0000.00400 +0000.00500 +0000.00600 +0000.00700 +0000.00800 +0000.00900 +0000.01000 +0000.01100 +0000.01200
+0000.00200 -1.6903e-04 -1.6244e-04 -1.5560e-04 -1.4885e-04 -1.4246e-04 -1.3659e-04 -1.3138e-04 -1.2688e-04 -1.2315e-04 -1.2023e-04 -1.1812e-04 -1.1684e-04 -1.1638e-04 -1.1674e-04 -1.1793e-04 -1.1993e-04 -1.2276e-04 -1.2638e-04 -1.3077e-04 -1.3589e-04 -1.4165e-04 -1.4794e-04 -1.5458e-04 -1.6133e-04 -1.6783e-04
+0000.00150 -1.6835e-04 -1.6217e-04 -1.5564e-04 -1.4914e-04 -1.4293e-04 -1.3718e-04 -1.3205e-04 -1.2761e-04 -1.2392e-04 -1.2102e-04 -1.1892e-04 -1.1764e-04 -1.1718e-04 -1.1754e-04 -1.1872e-04 -1.2072e-04 -1.2352e-04 -1.2711e-04 -1.3145e-04 -1.3649e-04 -1.4213e-04 -1.4825e-04 -1.5467e-04 -1.6110e-04 -1.6721e-04
+0000.00100 -1.6785e-04 -1.6196e-04 -1.5566e-04 -1.4934e-04 -1.4325e-04 -1.3760e-04 -1.3253e-04 -1.2813e-04 -1.2446e-04 -1.2158e-04 -1.1949e-04 -1.1821e-04 -1.1776e-04 -1.1812e-04 -1.1929e-04 -1.2128e-04 -1.2407e-04 -1.2764e-04 -1.3194e-04 -1.3691e-04 -1.4247e-04 -1.4847e-04 -1.5471e-04 -1.6093e-04 -1.6676e-04
+0000.00050 -1.6754e-04 -1.6182e-04 -1.5567e-04 -1.4945e-04 -1.4344e-04 -1.3784e-04 -1.3281e-04 -1.2844e-04 -1.2479e-04 -1.2191e-04 -1.1983e-04 -1.1856e-04 -1.1810e-04 -1.1846e-04 -1.1964e-04 -1.2162e-04 -1.2440e-04 -1.2795e-04 -1.3223e-04 -1.3717e-04 -1.4267e-04 -1.4859e-04 -1.5473e-04 -1.6082e-04 -1.6648e-04
+0000.00000 -1.6744e-04 -1.6177e-04 -1.5567e-04 -1.4948e-04 -1.4350e-04 -1.3792e-04 -1.3290e-04 -1.2854e-04 -1.2490e-04 -1.2202e-04 -1.1994e-04 -1.1867e-04 -1.1821e-04 -1.1857e-04 -1.1975e-04 -1.2173e-04 -1.2451e-04 -1.2805e-04 -1.3232e-04 -1.3725e-04 -1.4274e-04 -1.4863e-04 -1.5474e-04 -1.6078e-04 -1.6639e-04
-0000.00050 -1.6754e-04 -1.6182e-04 -1.5566e-04 -1.4944e-04 -1.4343e-04 -1.3784e-04 -1.3281e-04 -1.2843e-04 -1.2479e-04 -1.2191e-04 -1.1983e-04 -1.1856e-04 -1.1810e-04 -1.1846e-04 -1.1964e-04 -1.2162e-04 -1.2440e-04 -1.2795e-04 -1.3223e-04 -1.3717e-04 -1.4267e-04 -1.4860e-04 -1.5474e-04 -1.6082e-04 -1.6648e-04
-0000.00100 -1.6784e-04 -1.6195e-04 -1.5566e-04 -1.4933e-04 -1.4324e-04 -1.3759e-04 -1.3252e-04 -1.2812e-04 -1.2446e-04 -1.2157e-04 -1.1949e-04 -1.1821e-04 -1.1776e-04 -1.1812e-04 -1.1930e-04 -1.2129e-04 -1.2408e-04 -1.2764e-04 -1.3194e-04 -1.3692e-04 -1.4248e-04 -1.4848e-04 -1.5472e-04 -1.6093e-04 -1.6676e-04
-0000.00150 -1.6834e-04 -1.6216e-04 -1.5563e-04 -1.4913e-04 -1.4291e-04 -1.3717e-04 -1.3204e-04 -1.2760e-04 -1.2391e-04 -1.2101e-04 -1.1892e-04 -1.1764e-04 -1.1718e-04 -1.1754e-04 -1.1873e-04 -1.2073e-04 -1.2353e-04 -1.2712e-04 -1.3146e-04 -1.3650e-04 -1.4214e-04 -1.4827e-04 -1.5468e-04 -1.6111e-04 -1.6722e-04
-0000.00200 -1.6902e-04 -1.6243e-04 -1.5558e-04 -1.4884e-04 -1.4244e-04 -1.3658e-04 -1.3136e-04 -1.2687e-04 -1.2314e-04 -1.2022e-04 -1.1812e-04 -1.1684e-04 -1.1638e-04 -1.1674e-04 -1.1793e-04 -1.1994e-04 -1.2276e-04 -1.2639e-04 -1.3079e-04 -1.3590e-04 -1.4166e-04 -1.4796e-04 -1.5460e-04 -1.6135e-04 -1.6784e-04
# Total Vertical 2nd Order Kick [T2m2]
START
            -0000.01200 -0000.01100 -0000.01000 -0000.00900 -0000.00800 -0000.00700 -0000.00600 -0000.00500 -0000.00400 -0000.00300 -0000.00200 -0000.00100 +0000.00000 +0000.00100 +0000.00200 +0000.00300 +0000.00400 +0000.00500 +0000.00600 +0000.00700 +0000.00800 +0000.00900 +0000.01000 +0000.01100 +0000.01200
+0000.00200 -1.6274e-05 -1.7510e-05 -1.7914e-05 -1.7680e-05 -1.6975e-05 -1.5936e-05 -1.4667e-05 -1.3247e-05 -1.1727e-05 -1.0144e-05 -8.5290e-06 -6.8985e-06 -5.2596e-06 -3.6205e-06 -1.9888e-06 -3.7072e-07 +1.2181e-06 +2.7477e-06 +4.1816e-06 +5.4707e-06 +6.5396e-06 +7.2861e-06 +7.5821e-06 +7.2658e-06 +6.1499e-06
+0000.00150 -1.1610e-05 -1.2579e-05 -1.2926e-05 -1.2788e-05 -1.2291e-05 -1.1536e-05 -1.0603e-05 -9.5505e-06 -8.4196e-06 -7.2395e-06 -6.0325e-06 -4.8118e-06 -3.5846e-06 -2.3570e-06 -1.1349e-06 +7.5318e-08 +1.2610e-06 +2.4006e-06 +3.4655e-06 +4.4166e-06 +5.1971e-06 +5.7304e-06 +5.9196e-06 +5.6455e-06 +4.7739e-06
+0000.00100 -7.4715e-06 -8.1384e-06 -8.3903e-06 -8.3174e-06 -8.0016e-06 -7.5107e-06 -6.8979e-06 -6.2032e-06 -5.4543e-06 -4.6713e-06 -3.8690e-06 -3.0566e-06 -2.2395e-06 -1.4218e-06 -6.0782e-07 +1.9762e-07 +9.8570e-07 +1.7422e-06 +2.4475e-06 +3.0748e-06 +3.5858e-06 +3.9293e-06 +4.0408e-06 +3.8417e-06 +3.2455e-06
+0000.00050 -3.6647e-06 -4.0058e-06 -4.1395e-06 -4.1102e-06 -3.9584e-06 -3.7180e-06 -3.4157e-06 -3.0715e-06 -2.6995e-06 -2.3099e-06 -1.9100e-06 -1.5046e-06 -1.0964e-06 -6.8777e-07 -2.8069e-07 +1.2215e-07 +5.1624e-07 +8.9445e-07 +1.2469e-06 +1.5597e-06 +1.8137e-06 +1.9833e-06 +2.0361e-06 +1.9333e-06 +1.6324e-06
+0000.00000 -1.8140e-08 -2.2347e-08 -2.6221e-08 -2.9903e-08 -3.3429e-08 -3.6784e-08 -3.9910e-08 -4.2720e-08 -4.5117e-08 -4.7020e-08 -4.8384e-08 -4.9198e-08 -4.9474e-08 -4.9218e-08 -4.8422e-08 -4.7077e-08 -4.5190e-08 -4.2803e-08 -3.9995e-08 -3.6862e-08 -3.3490e-08 -2.9938e-08 -2.6225e-08 -2.2320e-08 -1.8086e-08
-0000.00050 +3.6283e-06 +3.9610e-06 +4.0870e-06 +4.0504e-06 +3.8915e-06 +3.6444e-06 +3.3358e-06 +2.9860e-06 +2.6092e-06 +2.2158e-06 +1.8131e-06 +1.4061e-06 +9.9737e-07 +5.8920e-07 +1.8370e-07 -2.1644e-07 -6.0674e-07 -9.8016e-07 -1.3269e-06 -1.6335e-06 -1.8807e-06 -2.0432e-06 -2.0886e-06 -1.9780e-06 -1.6688e-06
-0000.00100 +7.4346e-06 +8.0934e-06 +8.3376e-06 +8.2574e-06 +7.9346e-06 +7.4369e-06 +6.8178e-06 +6.1173e-06 +5.3636e-06 +4.5767e-06 +3.7717e-06 +2.9577e-06 +2.1400e-06 +1.3229e-06 +5.1043e-07 -2.9232e-07 -1.0766e-06 -1.8282e-06 -2.5279e-06 -3.1488e-06 -3.6530e-06 -3.9894e-06 -4.0934e-06 -3.8866e-06 -3.2823e-06
-0000.00150 +1.1572e-05 +1.2534e-05 +1.2873e-05 +1.2728e-05 +1.2224e-05 +1.1462e-05 +1.0522e-05 +9.4641e-06 +8.3282e-06 +7.1443e-06 +5.9344e-06 +4.7122e-06 +3.4845e-06 +2.2574e-06 +1.0368e-06 -1.7072e-07 -1.3525e-06 -2.4871e-06 -3.5462e-06 -4.4908e-06 -5.2645e-06 -5.7906e-06 -5.9724e-06 -5.6908e-06 -4.8114e-06
-0000.00200 +1.6235e-05 +1.7465e-05 +1.7861e-05 +1.7619e-05 +1.6908e-05 +1.5861e-05 +1.4586e-05 +1.3160e-05 +1.1635e-05 +1.0048e-05 +8.4300e-06 +6.7979e-06 +5.1586e-06 +3.5199e-06 +1.8898e-06 +2.7432e-07 -1.3105e-06 -2.8351e-06 -4.2629e-06 -5.5453e-06 -6.6072e-06 -7.3465e-06 -7.6352e-06 -7.3115e-06 -6.1882e-06
# Horizontal Final Position [m]
START
            -0000.01200 -0000.01100 -0000.01000 -0000.00900 -0000.00800 -0000.00700 -0000.00600 -0000.00500 -0000.00400 -0000.00300 -0000.00200 -0000.00100 +0000.00000 +0000.00100 +0000.00200 +0000.00300 +0000.00400 +0000.00500 +0000.00600 +0000.00700 +0000.00800 +0000.00900 +0000.01000 +0000.01100 +0000.01200
+0000.00200 -1.2004e-02 -1.1004e-02 -1.0004e-02 -9.0037e-03 -8.0038e-03 -7.0038e-03 -6.0039e-03 -5.0039e-03 -4.0040e-03 -3.0040e-03 -2.0040e-03 -1.0040e-03 -4.0238e-06 +9.9598e-04 +1.9960e-03 +2.9960e-03 +3.9960e-03 +4.9961e-03 +5.9961e-03 +6.9962e-03 +7.9962e-03 +8.9963e-03 +9.9963e-03 +1.0996e-02 +1.1996e-02
+0000.00150 -1.2004e-02 -1.1004e-02 -1.0004e-02 -9.0037e-03 -8.0038e-03 -7.0038e-03 -6.0039e-03 -5.0039e-03 -4.0040e-03 -3.0040e-03 -2.0040e-03 -1.0040e-03 -4.0220e-06 +9.9598e-04 +1.9960e-03 +2.9960e-03 +3.9960e-03 +4.9961e-03 +5.9961e-03 +6.9962e-03 +7.9962e-03 +8.9963e-03 +9.9963e-03 +1.0996e-02 +1.1996e-02
+0000.00100 -1.2004e-02 -1.1004e-02 -1.0004e-02 -9.0037e-03 -8.0038e-03 -7.0038e-03 -6.0039e-03 -5.0039e-03 -4.0040e-03 -3.0040e-03 -2.0040e-03 -1.0040e-03 -4.0208e-06 +9.9598e-04 +1.9960e-03 +2.9960e-03 +3.9960e-03 +4.9961e-03 +5.9961e-03 +6.9962e-03 +7.9962e-03 +8.9963e-03 +9.9963e-03 +1.0996e-02 +1.1996e-02
+0000.00050 -1.2004e-02 -1.1004e-02 -1.0004e-02 -9.0037e-03 -8.0038e-03 -7.0038e-03 -6.0039e-03 -5.0039e-03 -4.0040e-03 -3.0040e-03 -2.0040e-03 -1.0040e-03 -4.0200e-06 +9.9598e-04 +1.9960e-03 +2.9960e-03 +3.9960e-03 +4.9961e-03 +5.9961e-03 +6.9962e-03 +7.9962e-03 +8.9963e-03 +9.9963e-03 +1.0996e-02 +1.1996e-02
+0000.00000 -1.2004e-02 -1.1004e-02 -1.0004e-02 -9.0037e-03 -8.0038e-03 -7.0038e-03 -6.0039e-03 -5.0039e-03 -4.0040e-03 -3.0040e-03 -2.0040e-03 -1.0040e-03 -4.0197e-06 +9.9598e-04 +1.9960e-03 +2.9960e-03 +3.9960e-03 +4.9961e-03 +5.9961e-03 +6.9962e-03 +7.9962e-03 +8.9963e-03 +9.9963e-03 +1.0996e-02 +1.1996e-02
-0000.00050 -1.2004e-02 -1.1004e-02 -1.0004e-02 -9.0037e-03 -8.0038e-03 -7.0038e-03 -6.0039e-03 -5.0039e-03 -4.0040e-03 -3.0040e-03 -2.0040e-03 -1.0040e-03 -4.0200e-06 +9.9598e-04 +1.9960e-03 +2.9960e-03 +3.9960e-03 +4.9961e-03 +5.9961e-03 +6.9962e-03 +7.9962e-03 +8.9963e-03 +9.9963e-03 +1.0996e-02 +1.1996e-02
-0000.00100 -1.2004e-02 -1.1004e-02 -1.0004e-02 -9.0037e-03 -8.0038e-03 -7.0038e-03 -6.0039e-03 -5.0039e-03 -4.0040e-03 -3.0040e-03 -2.0040e-03 -1.0040e-03 -4.0208e-06 +9.9598e-04 +1.9960e-03 +2.9960e-03 +3.9960e-03 +4.9961e-03 +5.9961e-03 +6.9962e-03 +7.9962e-03 +8.9963e-03 +9.9963e-03 +1.0996e-02 +1.1996e-02
-0000.00150 -1.2004e-02 -1.1004e-02 -1.0004e-02 -9.0037e-03 -8.0038e-03 -7.0038e-03 -6.0039e-03 -5.0039e-03 -4.0040e-03 -3.0040e-03 -2.0040e-03 -1.0040e-03 -4.0220e-06 +9.9598e-04 +1.9960e-03 +2.9960e-03 +3.9960e-03 +4.9961e-03 +5.9961e-03 +6.9962e-03 +7.9962e-03 +8.9963e-03 +9.9963e-03 +1.0996e-02 +1.1996e-02
-0000.00200 -1.2004e-02 -1.1004e-02 -1.0004e-02 -9.0037e-03 -8.0038e-03 -7.0038e-03 -6.0039e-03 -5.0039e-03 -4.0040e-03 -3.0040e-03 -2.0040e-03 -1.0040e-03 -4.0238e-06 +9.9598e-04 +1.9960e-03 +2.9960e-03 +3.9960e-03 +4.9961e-03 +5.9961e-03 +6.9962e-03 +7.9962e-03 +8.9963e-03 +9.9963e-03 +1.0996e-02 +1.1996e-02
# Vertical Final Position [m]
START
            -0000.01200 -0000.01100 -0000.01000 -0000.00900 -0000.00800 -0000.00700 -0000.00600 -0000.00500 -0000.00400 -0000.00300 -0000.00200 -0000.00100 +0000.00000 +0000.00100 +0000.00200 +0000.00300 +0000.00400 +0000.00500 +0000.00600 +0000.00700 +0000.00800 +0000.00900 +0000.01000 +0000.01100 +0000.01200
+0000.00200 +2.0001e-03 +2.0001e-03 +2.0001e-03 +2.0001e-03 +2.0001e-03 +2.0001e-03 +2.0001e-03 +2.0001e-03 +2.0001e-03 +2.0000e-03 +2.0000e-03 +2.0000e-03 +2.0000e-03 +2.0000e-03 +2.0000e-03 +2.0000e-03 +1.9999e-03 +1.9999e-03 +1.9999e-03 +1.9999e-03 +1.9999e-03 +1.9999e-03 +1.9999e-03 +1.9999e-03 +1.9999e-03
+0000.00150 +1.5001e-03 +1.5001e-03 +1.5001e-03 +1.5001e-03 +1.5001e-03 +1.5001e-03 +1.5001e-03 +1.5000e-03 +1.5000e-03 +1.5000e-03 +1.5000e-03 +1.5000e-03 +1.5000e-03 +1.5000e-03 +1.5000e-03 +1.5000e-03 +1.5000e-03 +1.4999e-03 +1.4999e-03 +1.4999e-03 +1.4999e-03 +1.4999e-03 +1.4999e-03 +1.4999e-03 +1.4999e-03
+0000.00100 +1.0000e-03 +1.0001e-03 +1.0001e-03 +1.0001e-03 +1.0001e-03 +1.0000e-03 +1.0000e-03 +1.0000e-03 +1.0000e-03 +1.0000e-03 +1.0000e-03 +1.0000e-03 +1.0000e-03 +9.9999e-04 +9.9998e-04 +9.9998e-04 +9.9997e-04 +9.9996e-04 +9.9996e-04 +9.9995e-04 +9.9994e-04 +9.9994e-04 +9.9994e-04 +9.9995e-04 +9.9996e-04
+0000.00050 +5.0002e-04 +5.0002e-04 +5.0003e-04 +5.0003e-04 +5.0003e-04 +5.0002e-04 +5.0002e-04 +5.0002e-04 +5.0001e-04 +5.0001e-04 +5.0001e-04 +5.0000e-04 +5.0000e-04 +5.0000e-04 +4.9999e-04 +4.9999e-04 +4.9998e-04 +4.9998e-04 +4.9998e-04 +4.9997e-04 +4.9997e-04 +4.9997e-04 +4.9997e-04 +4.9997e-04 +4.9998e-04
+0000.00000 -2.9647e-11 -3.6308e-11 -4.2590e-11 -4.8569e-11 -5.4225e-11 -5.9503e-11 -6.4323e-11 -6.8585e-11 -7.2180e-11 -7.5023e-11 -7.7062e-11 -7.8284e-11 -7.8698e-11 -7.8310e-11 -7.7114e-11 -7.5100e-11 -7.2279e-11 -6.8699e-11 -6.4445e-11 -5.9621e-11 -5.4329e-11 -4.8651e-11 -4.2644e-11 -3.6333e-11 -2.9648e-11
-0000.00050 -5.0002e-04 -5.0002e-04 -5.0003e-04 -5.0003e-04 -5.0003e-04 -5.0002e-04 -5.0002e-04 -5.0002e-04 -5.0001e-04 -5.0001e-04 -5.0001e-04 -5.0000e-04 -5.0000e-04 -5.0000e-04 -4.9999e-04 -4.9999e-04 -4.9998e-04 -4.9998e-04 -4.9998e-04 -4.9997e-04 -4.9997e-04 -4.9997e-04 -4.9997e-04 -4.9997e-04 -4.9998e-04
-0000.00100 -1.0000e-03 -1.0001e-03 -1.0001e-03 -1.0001e-03 -1.0001e-03 -1.0000e-03 -1.0000e-03 -1.0000e-03 -1.0000e-03 -1.0000e-03 -1.0000e-03 -1.0000e-03 -1.0000e-03 -9.9999e-04 -9.9998e-04 -9.9998e-04 -9.9997e-04 -9.9996e-04 -9.9996e-04 -9.9995e-04 -9.9994e-04 -9.9994e-04 -9.9994e-04 -9.9995e-04 -9.9996e-04
-0000.00150 -1.5001e-03 -1.5001e-03 -1.5001e-03 -1.5001e-03 -1.5001e-03 -1.5001e-03 -1.5001e-03 -1.5001e-03 -1.5000e-03 -1.5000e-03 -1.5000e-03 -1.5000e-03 -1.5000e-03 -1.5000e-03 -1.5000e-03 -1.5000e-03 -1.5000e-03 -1.4999e-03 -1.4999e-03 -1.4999e-03 -1.4999e-03 -1.4999e-03 -1.4999e-03 -1.4999e-03 -1.4999e-03
-0000.00200 -2.0001e-03 -2.0001e-03 -2.0001e-03 -2.0001e-03 -2.0001e-03 -2.0001e-03 -2.0001e-03 -2.0001e-03 -2.0001e-03 -2.0000e-03 -2.0000e-03 -2.0000e-03 -2.0000e-03 -2.0000e-03 -2.0000e-03 -2.0000e-03 -1.9999e-03 -1.9999e-03 -1.9999e-03 -1.9999e-03 -1.9999e-03 -1.9999e-03 -1.9999e-03 -1.9999e-03 -1.9999e-03
