# Author: FAC idanalysis.IDKickMap
#
# Total Length of Longitudinal Interval [m]
0.13
# Number of Horizontal Points
25
# Number of Vertical Points
9
# Total Horizontal 2nd Order Kick [T2m2]
START
            -0000.01200 -0000.01100 -0000.01000 -0000.00900 -0000.00800 -0000.00700 -0000.00600 -0000.00500 -0000.00400 -0000.00300 -0000.00200 -0000.00100 +0000.00000 +0000.00100 +0000.00200 +0000.00300 +0000.00400 +0000.00500 +0000.00600 +0000.00700 +0000.00800 +0000.00900 +0000.01000 +0000.01100 +0000.01200
+0000.00200 -1.0172e-03 -9.9052e-04 -9.1945e-04 -9.0387e-04 -9.0146e-04 -8.5616e-04 -8.2454e-04 -8.3892e-04 -8.1269e-04 -7.6987e-04 -8.0844e-04 -7.9996e-04 -7.4737e-04 -8.0088e-04 -8.0746e-04 -7.6575e-04 -8.1422e-04 -8.3838e-04 -8.2069e-04 -8.5791e-04 -9.0046e-04 -8.9987e-04 -9.2251e-04 -9.8948e-04 -1.0147e-03
+0000.00150 -9.4447e-04 -9.1671e-04 -8.6782e-04 -8.4299e-04 -8.2956e-04 -7.9521e-04 -7.7118e-04 -7.6861e-04 -7.4801e-04 -7.2832e-04 -7.3817e-04 -7.3162e-04 -7.1571e-04 -7.3207e-04 -7.3757e-04 -7.2762e-04 -7.4863e-04 -7.6822e-04 -7.7006e-04 -7.9556e-04 -8.2881e-04 -8.4115e-04 -8.6791e-04 -9.1588e-04 -9.4348e-04
+0000.00100 -9.4052e-04 -9.1163e-04 -8.7380e-04 -8.4640e-04 -8.2598e-04 -7.9843e-04 -7.7708e-04 -7.6597e-04 -7.4948e-04 -7.3629e-04 -7.3573e-04 -7.3064e-04 -7.2424e-04 -7.3077e-04 -7.3538e-04 -7.3597e-04 -7.4956e-04 -7.6563e-04 -7.7650e-04 -7.9819e-04 -8.2528e-04 -8.4527e-04 -8.7313e-04 -9.1052e-04 -9.3869e-04
+0000.00050 -9.3848e-04 -9.0961e-04 -8.7630e-04 -8.4834e-04 -8.2503e-04 -8.0025e-04 -7.7982e-04 -7.6550e-04 -7.5080e-04 -7.3955e-04 -7.3532e-04 -7.3086e-04 -7.2748e-04 -7.3088e-04 -7.3510e-04 -7.3931e-04 -7.5066e-04 -7.6515e-04 -7.7934e-04 -7.9984e-04 -8.2436e-04 -8.4742e-04 -8.7542e-04 -9.0826e-04 -9.3575e-04
+0000.00000 -9.3779e-04 -9.0906e-04 -8.7697e-04 -8.4892e-04 -8.2487e-04 -8.0081e-04 -7.8062e-04 -7.6551e-04 -7.5127e-04 -7.4046e-04 -7.3531e-04 -7.3101e-04 -7.2836e-04 -7.3101e-04 -7.3513e-04 -7.4022e-04 -7.5105e-04 -7.6512e-04 -7.8014e-04 -8.0036e-04 -8.2422e-04 -8.4806e-04 -8.7604e-04 -9.0763e-04 -9.3472e-04
-0000.00050 -9.3848e-04 -9.0960e-04 -8.7629e-04 -8.4832e-04 -8.2501e-04 -8.0025e-04 -7.7985e-04 -7.6556e-04 -7.5084e-04 -7.3956e-04 -7.3531e-04 -7.3085e-04 -7.2748e-04 -7.3089e-04 -7.3512e-04 -7.3930e-04 -7.5062e-04 -7.6509e-04 -7.7931e-04 -7.9985e-04 -8.2438e-04 -8.4743e-04 -8.7543e-04 -9.0827e-04 -9.3576e-04
-0000.00100 -9.4051e-04 -9.1162e-04 -8.7378e-04 -8.4637e-04 -8.2594e-04 -7.9841e-04 -7.7715e-04 -7.6610e-04 -7.4958e-04 -7.3630e-04 -7.3569e-04 -7.3061e-04 -7.2424e-04 -7.3081e-04 -7.3543e-04 -7.3597e-04 -7.4946e-04 -7.6550e-04 -7.7643e-04 -7.9821e-04 -8.2532e-04 -8.4530e-04 -8.7315e-04 -9.1053e-04 -9.3870e-04
-0000.00150 -9.4446e-04 -9.1669e-04 -8.6779e-04 -8.4294e-04 -8.2950e-04 -7.9516e-04 -7.7130e-04 -7.6883e-04 -7.4819e-04 -7.2830e-04 -7.3809e-04 -7.3157e-04 -7.1571e-04 -7.3213e-04 -7.3765e-04 -7.2764e-04 -7.4845e-04 -7.6800e-04 -7.6995e-04 -7.9561e-04 -8.2887e-04 -8.4120e-04 -8.6794e-04 -9.1589e-04 -9.4349e-04
-0000.00200 -1.0172e-03 -9.9050e-04 -9.1942e-04 -9.0380e-04 -9.0137e-04 -8.5603e-04 -8.2476e-04 -8.3928e-04 -8.1299e-04 -7.6972e-04 -8.0831e-04 -7.9987e-04 -7.4737e-04 -8.0096e-04 -8.0759e-04 -7.6589e-04 -8.1392e-04 -8.3803e-04 -8.2048e-04 -8.5804e-04 -9.0055e-04 -8.9994e-04 -9.2253e-04 -9.8949e-04 -1.0148e-03
# Total Vertical 2nd Order Kick [T2m2]
START
            -0000.01200 -0000.01100 -0000.01000 -0000.00900 -0000.00800 -0000.00700 -0000.00600 -0000.00500 -0000.00400 -0000.00300 -0000.00200 -0000.00100 +0000.00000 +0000.00100 +0000.00200 +0000.00300 +0000.00400 +0000.00500 +0000.00600 +0000.00700 +0000.00800 +0000.00900 +0000.01000 +0000.01100 +0000.01200
+0000.00200 -2.3133e-04 -2.6238e-04 -2.8135e-04 -2.1650e-04 -2.3829e-04 -2.6075e-04 -2.0052e-04 -2.1492e-04 -2.3658e-04 -1.8392e-04 -1.8932e-04 -2.1365e-04 -1.8723e-04 -1.6862e-04 -1.9299e-04 -1.9335e-04 -1.4529e-04 -1.6764e-04 -1.7988e-04 -1.2115e-04 -1.4450e-04 -1.6501e-04 -9.9130e-05 -1.2066e-04 -1.4943e-04
+0000.00150 -1.6018e-04 -1.7571e-04 -1.7847e-04 -1.5521e-04 -1.6072e-04 -1.6653e-04 -1.4452e-04 -1.4459e-04 -1.5136e-04 -1.3185e-04 -1.2709e-04 -1.3662e-04 -1.2425e-04 -1.1336e-04 -1.2297e-04 -1.1659e-04 -9.8285e-05 -1.0571e-04 -1.0461e-04 -8.3130e-05 -8.9751e-05 -9.4156e-05 -7.0508e-05 -7.4939e-05 -9.0546e-05
+0000.00100 -1.0074e-04 -1.0807e-04 -1.0828e-04 -9.9092e-05 -9.9651e-05 -1.0040e-04 -9.1443e-05 -8.9526e-05 -9.0612e-05 -8.2209e-05 -7.8619e-05 -8.1312e-05 -7.5488e-05 -7.0073e-05 -7.2787e-05 -6.8673e-05 -6.0629e-05 -6.2061e-05 -5.9787e-05 -5.0990e-05 -5.2066e-05 -5.2141e-05 -4.2864e-05 -4.3837e-05 -5.2113e-05
+0000.00050 -4.8469e-05 -5.1506e-05 -5.1444e-05 -4.8090e-05 -4.7766e-05 -4.7521e-05 -4.4117e-05 -4.2842e-05 -4.2602e-05 -3.9298e-05 -3.7549e-05 -3.8024e-05 -3.5659e-05 -3.3401e-05 -3.3862e-05 -3.1947e-05 -2.8778e-05 -2.8719e-05 -2.7394e-05 -2.4057e-05 -2.3903e-05 -2.3398e-05 -2.0017e-05 -2.0263e-05 -2.3974e-05
+0000.00000 -3.5026e-08 -3.9909e-08 -4.7944e-08 -6.1114e-08 -7.8032e-08 -8.9957e-08 -7.6435e-08 -2.8489e-08 +2.6152e-08 +5.1394e-08 +4.3092e-08 +2.5894e-08 +1.8121e-08 +2.5881e-08 +4.3180e-08 +5.1776e-08 +2.7137e-08 -2.6618e-08 -7.3719e-08 -8.6866e-08 -7.5059e-08 -5.8498e-08 -4.5906e-08 -3.8599e-08 -3.4298e-08
-0000.00050 +4.8399e-05 +5.1427e-05 +5.1349e-05 +4.7969e-05 +4.7609e-05 +4.7335e-05 +4.3954e-05 +4.2783e-05 +4.2662e-05 +3.9411e-05 +3.7637e-05 +3.8073e-05 +3.5691e-05 +3.3450e-05 +3.3950e-05 +3.2060e-05 +2.8841e-05 +2.8664e-05 +2.7236e-05 +2.3876e-05 +2.3752e-05 +2.3282e-05 +1.9926e-05 +2.0186e-05 +2.3906e-05
-0000.00100 +1.0067e-04 +1.0799e-04 +1.0819e-04 +9.8974e-05 +9.9493e-05 +1.0020e-04 +9.1247e-05 +8.9461e-05 +9.0700e-05 +8.2352e-05 +7.8711e-05 +8.1353e-05 +7.5507e-05 +7.0113e-05 +7.2879e-05 +6.8816e-05 +6.0718e-05 +6.2000e-05 +5.9597e-05 +5.0790e-05 +5.1914e-05 +5.2029e-05 +4.2779e-05 +4.3762e-05 +5.2045e-05
-0000.00150 +1.6011e-04 +1.7564e-04 +1.7838e-04 +1.5509e-04 +1.6057e-04 +1.6629e-04 +1.4425e-04 +1.4451e-04 +1.5150e-04 +1.3205e-04 +1.2719e-04 +1.3664e-04 +1.2424e-04 +1.1339e-04 +1.2306e-04 +1.1680e-04 +9.8427e-05 +1.0564e-04 +1.0435e-04 +8.2901e-05 +8.9600e-05 +9.4051e-05 +7.0432e-05 +7.4867e-05 +9.0479e-05
-0000.00200 +2.3126e-04 +2.6231e-04 +2.8128e-04 +2.1640e-04 +2.3815e-04 +2.6050e-04 +2.0010e-04 +2.1483e-04 +2.3679e-04 +1.8423e-04 +1.8940e-04 +2.1366e-04 +1.8716e-04 +1.6862e-04 +1.9307e-04 +1.9366e-04 +1.4550e-04 +1.6756e-04 +1.7948e-04 +1.2091e-04 +1.4436e-04 +1.6491e-04 +9.9069e-05 +1.2059e-04 +1.4936e-04
# Horizontal Final Position [m]
START
            -0000.01200 -0000.01100 -0000.01000 -0000.00900 -0000.00800 -0000.00700 -0000.00600 -0000.00500 -0000.00400 -0000.00300 -0000.00200 -0000.00100 +0000.00000 +0000.00100 +0000.00200 +0000.00300 +0000.00400 +0000.00500 +0000.00600 +0000.00700 +0000.00800 +0000.00900 +0000.01000 +0000.01100 +0000.01200
+0000.00200 -1.1999e-02 -1.1000e-02 -9.9999e-03 -9.0000e-03 -8.0001e-03 -7.0002e-03 -6.0003e-03 -5.0004e-03 -4.0004e-03 -3.0005e-03 -2.0005e-03 -1.0005e-03 -4.9001e-07 +9.9949e-04 +1.9995e-03 +2.9995e-03 +3.9996e-03 +4.9996e-03 +5.9997e-03 +6.9998e-03 +7.9999e-03 +9.0000e-03 +1.0000e-02 +1.1000e-02 +1.2001e-02
+0000.00150 -1.1999e-02 -1.1000e-02 -9.9998e-03 -8.9999e-03 -8.0000e-03 -7.0001e-03 -6.0002e-03 -5.0003e-03 -4.0003e-03 -3.0004e-03 -2.0004e-03 -1.0004e-03 -4.3267e-07 +9.9957e-04 +1.9996e-03 +2.9996e-03 +3.9997e-03 +4.9997e-03 +5.9998e-03 +6.9999e-03 +8.0000e-03 +9.0001e-03 +1.0000e-02 +1.1000e-02 +1.2001e-02
+0000.00100 -1.1999e-02 -1.1000e-02 -9.9998e-03 -8.9999e-03 -8.0000e-03 -7.0001e-03 -6.0002e-03 -5.0003e-03 -4.0003e-03 -3.0004e-03 -2.0004e-03 -1.0004e-03 -4.3191e-07 +9.9957e-04 +1.9996e-03 +2.9996e-03 +3.9997e-03 +4.9997e-03 +5.9998e-03 +6.9999e-03 +8.0000e-03 +9.0001e-03 +1.0000e-02 +1.1000e-02 +1.2001e-02
+0000.00050 -1.1999e-02 -1.1000e-02 -9.9998e-03 -8.9999e-03 -8.0000e-03 -7.0001e-03 -6.0002e-03 -5.0003e-03 -4.0003e-03 -3.0004e-03 -2.0004e-03 -1.0004e-03 -4.3071e-07 +9.9957e-04 +1.9996e-03 +2.9996e-03 +3.9997e-03 +4.9997e-03 +5.9998e-03 +6.9999e-03 +8.0000e-03 +9.0001e-03 +1.0000e-02 +1.1000e-02 +1.2001e-02
+0000.00000 -1.1999e-02 -1.1000e-02 -9.9997e-03 -8.9999e-03 -8.0000e-03 -7.0001e-03 -6.0002e-03 -5.0003e-03 -4.0003e-03 -3.0004e-03 -2.0004e-03 -1.0004e-03 -4.3021e-07 +9.9957e-04 +1.9996e-03 +2.9996e-03 +3.9997e-03 +4.9997e-03 +5.9998e-03 +6.9999e-03 +8.0000e-03 +9.0001e-03 +1.0000e-02 +1.1000e-02 +1.2001e-02
-0000.00050 -1.1999e-02 -1.1000e-02 -9.9998e-03 -8.9999e-03 -8.0000e-03 -7.0001e-03 -6.0002e-03 -5.0003e-03 -4.0003e-03 -3.0004e-03 -2.0004e-03 -1.0004e-03 -4.3071e-07 +9.9957e-04 +1.9996e-03 +2.9996e-03 +3.9997e-03 +4.9997e-03 +5.9998e-03 +6.9999e-03 +8.0000e-03 +9.0001e-03 +1.0000e-02 +1.1000e-02 +1.2001e-02
-0000.00100 -1.1999e-02 -1.1000e-02 -9.9998e-03 -8.9999e-03 -8.0000e-03 -7.0001e-03 -6.0002e-03 -5.0003e-03 -4.0003e-03 -3.0004e-03 -2.0004e-03 -1.0004e-03 -4.3191e-07 +9.9957e-04 +1.9996e-03 +2.9996e-03 +3.9997e-03 +4.9997e-03 +5.9998e-03 +6.9999e-03 +8.0000e-03 +9.0001e-03 +1.0000e-02 +1.1000e-02 +1.2001e-02
-0000.00150 -1.1999e-02 -1.1000e-02 -9.9998e-03 -8.9999e-03 -8.0000e-03 -7.0001e-03 -6.0002e-03 -5.0003e-03 -4.0003e-03 -3.0004e-03 -2.0004e-03 -1.0004e-03 -4.3267e-07 +9.9957e-04 +1.9996e-03 +2.9996e-03 +3.9997e-03 +4.9997e-03 +5.9998e-03 +6.9999e-03 +8.0000e-03 +9.0001e-03 +1.0000e-02 +1.1000e-02 +1.2001e-02
-0000.00200 -1.1999e-02 -1.1000e-02 -9.9999e-03 -9.0000e-03 -8.0001e-03 -7.0002e-03 -6.0003e-03 -5.0004e-03 -4.0004e-03 -3.0005e-03 -2.0005e-03 -1.0005e-03 -4.9001e-07 +9.9949e-04 +1.9995e-03 +2.9995e-03 +3.9996e-03 +4.9996e-03 +5.9997e-03 +6.9998e-03 +7.9999e-03 +9.0000e-03 +1.0000e-02 +1.1000e-02 +1.2001e-02
# Vertical Final Position [m]
START
            -0000.01200 -0000.01100 -0000.01000 -0000.00900 -0000.00800 -0000.00700 -0000.00600 -0000.00500 -0000.00400 -0000.00300 -0000.00200 -0000.00100 +0000.00000 +0000.00100 +0000.00200 +0000.00300 +0000.00400 +0000.00500 +0000.00600 +0000.00700 +0000.00800 +0000.00900 +0000.01000 +0000.01100 +0000.01200
+0000.00200 +2.0002e-03 +2.0002e-03 +2.0001e-03 +2.0001e-03 +2.0000e-03 +2.0000e-03 +2.0000e-03 +1.9999e-03 +1.9999e-03 +1.9999e-03 +1.9999e-03 +1.9998e-03 +1.9998e-03 +1.9998e-03 +1.9998e-03 +1.9997e-03 +1.9997e-03 +1.9997e-03 +1.9996e-03 +1.9996e-03 +1.9996e-03 +1.9996e-03 +1.9995e-03 +1.9994e-03 +1.9994e-03
+0000.00150 +1.5002e-03 +1.5002e-03 +1.5001e-03 +1.5001e-03 +1.5000e-03 +1.5000e-03 +1.5000e-03 +1.5000e-03 +1.4999e-03 +1.4999e-03 +1.4999e-03 +1.4999e-03 +1.4999e-03 +1.4999e-03 +1.4998e-03 +1.4998e-03 +1.4998e-03 +1.4998e-03 +1.4998e-03 +1.4997e-03 +1.4997e-03 +1.4997e-03 +1.4996e-03 +1.4996e-03 +1.4996e-03
+0000.00100 +1.0001e-03 +1.0001e-03 +1.0001e-03 +1.0001e-03 +1.0000e-03 +1.0000e-03 +1.0000e-03 +9.9999e-04 +9.9997e-04 +9.9996e-04 +9.9995e-04 +9.9993e-04 +9.9992e-04 +9.9992e-04 +9.9990e-04 +9.9989e-04 +9.9987e-04 +9.9986e-04 +9.9984e-04 +9.9983e-04 +9.9981e-04 +9.9979e-04 +9.9976e-04 +9.9974e-04 +9.9974e-04
+0000.00050 +5.0005e-04 +5.0005e-04 +5.0004e-04 +5.0003e-04 +5.0002e-04 +5.0001e-04 +5.0000e-04 +5.0000e-04 +4.9999e-04 +4.9998e-04 +4.9998e-04 +4.9997e-04 +4.9996e-04 +4.9996e-04 +4.9995e-04 +4.9995e-04 +4.9994e-04 +4.9993e-04 +4.9992e-04 +4.9992e-04 +4.9991e-04 +4.9990e-04 +4.9988e-04 +4.9987e-04 +4.9988e-04
+0000.00000 -4.8318e-11 -5.5359e-11 -6.4171e-11 -7.5565e-11 -8.9951e-11 -1.0084e-10 -9.3405e-11 -6.2453e-11 -2.7051e-11 -1.0968e-11 -1.7214e-11 -2.9492e-11 -3.5057e-11 -2.9461e-11 -1.7066e-11 -1.0557e-11 -2.6158e-11 -6.0879e-11 -9.1196e-11 -9.8399e-11 -8.7713e-11 -7.3733e-11 -6.2899e-11 -5.4712e-11 -4.8108e-11
-0000.00050 -5.0005e-04 -5.0005e-04 -5.0004e-04 -5.0003e-04 -5.0002e-04 -5.0001e-04 -5.0000e-04 -5.0000e-04 -4.9999e-04 -4.9998e-04 -4.9998e-04 -4.9997e-04 -4.9996e-04 -4.9996e-04 -4.9995e-04 -4.9995e-04 -4.9994e-04 -4.9993e-04 -4.9992e-04 -4.9992e-04 -4.9991e-04 -4.9990e-04 -4.9988e-04 -4.9987e-04 -4.9988e-04
-0000.00100 -1.0001e-03 -1.0001e-03 -1.0001e-03 -1.0001e-03 -1.0000e-03 -1.0000e-03 -1.0000e-03 -9.9999e-04 -9.9997e-04 -9.9996e-04 -9.9995e-04 -9.9993e-04 -9.9992e-04 -9.9992e-04 -9.9990e-04 -9.9989e-04 -9.9987e-04 -9.9986e-04 -9.9984e-04 -9.9983e-04 -9.9981e-04 -9.9979e-04 -9.9976e-04 -9.9974e-04 -9.9974e-04
-0000.00150 -1.5002e-03 -1.5002e-03 -1.5001e-03 -1.5001e-03 -1.5000e-03 -1.5000e-03 -1.5000e-03 -1.5000e-03 -1.4999e-03 -1.4999e-03 -1.4999e-03 -1.4999e-03 -1.4999e-03 -1.4999e-03 -1.4998e-03 -1.4998e-03 -1.4998e-03 -1.4998e-03 -1.4998e-03 -1.4997e-03 -1.4997e-03 -1.4997e-03 -1.4996e-03 -1.4996e-03 -1.4996e-03
-0000.00200 -2.0002e-03 -2.0002e-03 -2.0001e-03 -2.0001e-03 -2.0000e-03 -2.0000e-03 -2.0000e-03 -1.9999e-03 -1.9999e-03 -1.9999e-03 -1.9999e-03 -1.9998e-03 -1.9998e-03 -1.9998e-03 -1.9998e-03 -1.9997e-03 -1.9997e-03 -1.9997e-03 -1.9996e-03 -1.9996e-03 -1.9996e-03 -1.9996e-03 -1.9995e-03 -1.9994e-03 -1.9994e-03
