# Author: FAC idanalysis.IDKickMap
#
# Total Length of Longitudinal Interval [m]
0.13
# Number of Horizontal Points
24
# Number of Vertical Points
9
# Total Horizontal 2nd Order Kick [T2m2]
START
            -0000.01200 -0000.01100 -0000.01000 -0000.00900 -0000.00800 -0000.00700 -0000.00600 -0000.00500 -0000.00400 -0000.00300 -0000.00200 -0000.00100 +0000.00000 +0000.00100 +0000.00200 +0000.00300 +0000.00400 +0000.00500 +0000.00600 +0000.00700 +0000.00800 +0000.00900 +0000.01000 +0000.01100
+0000.00200 +2.6870e-04 +2.7015e-04 +2.6705e-04 +2.6159e-04 +2.6962e-04 +2.7431e-04 +2.7320e-04 +2.6687e-04 +2.6169e-04 +2.7491e-04 +2.7671e-04 +2.7188e-04 +2.5232e-04 +2.7268e-04 +2.7698e-04 +2.7456e-04 +2.6148e-04 +2.6818e-04 +2.7416e-04 +2.7465e-04 +2.7022e-04 +2.6324e-04 +2.6870e-04 +2.7120e-04
+0000.00150 +1.5579e-04 +1.5474e-04 +1.5219e-04 +1.4931e-04 +1.5248e-04 +1.5627e-04 +1.5567e-04 +1.5165e-04 +1.5009e-04 +1.5640e-04 +1.5792e-04 +1.5456e-04 +1.4924e-04 +1.5488e-04 +1.5800e-04 +1.5621e-04 +1.5011e-04 +1.5207e-04 +1.5594e-04 +1.5626e-04 +1.5264e-04 +1.4976e-04 +1.5265e-04 +1.5497e-04
+0000.00100 +1.5720e-04 +1.5463e-04 +1.5233e-04 +1.5075e-04 +1.5233e-04 +1.5456e-04 +1.5429e-04 +1.5211e-04 +1.5179e-04 +1.5486e-04 +1.5592e-04 +1.5393e-04 +1.5179e-04 +1.5409e-04 +1.5599e-04 +1.5482e-04 +1.5186e-04 +1.5238e-04 +1.5451e-04 +1.5467e-04 +1.5252e-04 +1.5110e-04 +1.5271e-04 +1.5496e-04
+0000.00050 +1.5811e-04 +1.5495e-04 +1.5274e-04 +1.5163e-04 +1.5253e-04 +1.5394e-04 +1.5384e-04 +1.5262e-04 +1.5262e-04 +1.5440e-04 +1.5515e-04 +1.5395e-04 +1.5287e-04 +1.5404e-04 +1.5521e-04 +1.5442e-04 +1.5271e-04 +1.5282e-04 +1.5403e-04 +1.5410e-04 +1.5274e-04 +1.5194e-04 +1.5309e-04 +1.5531e-04
+0000.00000 +1.5838e-04 +1.5508e-04 +1.5288e-04 +1.5188e-04 +1.5260e-04 +1.5376e-04 +1.5371e-04 +1.5277e-04 +1.5285e-04 +1.5428e-04 +1.5492e-04 +1.5397e-04 +1.5315e-04 +1.5404e-04 +1.5497e-04 +1.5431e-04 +1.5294e-04 +1.5296e-04 +1.5390e-04 +1.5393e-04 +1.5281e-04 +1.5218e-04 +1.5322e-04 +1.5544e-04
-0000.00050 +1.5811e-04 +1.5495e-04 +1.5274e-04 +1.5163e-04 +1.5253e-04 +1.5394e-04 +1.5384e-04 +1.5262e-04 +1.5262e-04 +1.5440e-04 +1.5515e-04 +1.5395e-04 +1.5287e-04 +1.5404e-04 +1.5521e-04 +1.5441e-04 +1.5271e-04 +1.5282e-04 +1.5403e-04 +1.5410e-04 +1.5274e-04 +1.5193e-04 +1.5308e-04 +1.5531e-04
-0000.00100 +1.5720e-04 +1.5463e-04 +1.5233e-04 +1.5076e-04 +1.5233e-04 +1.5456e-04 +1.5429e-04 +1.5211e-04 +1.5179e-04 +1.5486e-04 +1.5593e-04 +1.5393e-04 +1.5179e-04 +1.5409e-04 +1.5599e-04 +1.5481e-04 +1.5186e-04 +1.5238e-04 +1.5451e-04 +1.5467e-04 +1.5252e-04 +1.5110e-04 +1.5271e-04 +1.5496e-04
-0000.00150 +1.5579e-04 +1.5474e-04 +1.5219e-04 +1.4932e-04 +1.5249e-04 +1.5627e-04 +1.5566e-04 +1.5164e-04 +1.5009e-04 +1.5640e-04 +1.5792e-04 +1.5456e-04 +1.4924e-04 +1.5488e-04 +1.5800e-04 +1.5621e-04 +1.5010e-04 +1.5207e-04 +1.5595e-04 +1.5626e-04 +1.5263e-04 +1.4975e-04 +1.5265e-04 +1.5497e-04
-0000.00200 +2.6871e-04 +2.7015e-04 +2.6705e-04 +2.6160e-04 +2.6963e-04 +2.7431e-04 +2.7320e-04 +2.6687e-04 +2.6171e-04 +2.7491e-04 +2.7671e-04 +2.7188e-04 +2.5232e-04 +2.7268e-04 +2.7698e-04 +2.7456e-04 +2.6147e-04 +2.6818e-04 +2.7416e-04 +2.7465e-04 +2.7021e-04 +2.6324e-04 +2.6870e-04 +2.7120e-04
# Total Vertical 2nd Order Kick [T2m2]
START
            -0000.01200 -0000.01100 -0000.01000 -0000.00900 -0000.00800 -0000.00700 -0000.00600 -0000.00500 -0000.00400 -0000.00300 -0000.00200 -0000.00100 +0000.00000 +0000.00100 +0000.00200 +0000.00300 +0000.00400 +0000.00500 +0000.00600 +0000.00700 +0000.00800 +0000.00900 +0000.01000 +0000.01100
+0000.00200 -2.2020e-04 -2.1994e-04 -2.1922e-04 -2.2182e-04 -2.3321e-04 -2.2654e-04 -2.2085e-04 -2.1771e-04 -2.3548e-04 -2.3031e-04 -2.2298e-04 -2.1690e-04 -2.2550e-04 -2.3201e-04 -2.2526e-04 -2.1843e-04 -2.1440e-04 -2.3137e-04 -2.2741e-04 -2.2204e-04 -2.1634e-04 -2.2742e-04 -2.2910e-04 -2.2849e-04
+0000.00150 -1.4094e-04 -1.4266e-04 -1.4301e-04 -1.4566e-04 -1.5027e-04 -1.4771e-04 -1.4429e-04 -1.4333e-04 -1.4959e-04 -1.4976e-04 -1.4553e-04 -1.4236e-04 -1.4654e-04 -1.5031e-04 -1.4683e-04 -1.4282e-04 -1.4342e-04 -1.4940e-04 -1.4807e-04 -1.4478e-04 -1.4256e-04 -1.4705e-04 -1.4935e-04 -1.4974e-04
+0000.00100 -8.4471e-05 -8.5948e-05 -8.6595e-05 -8.8327e-05 -9.0315e-05 -8.9333e-05 -8.7525e-05 -8.7318e-05 -8.9925e-05 -9.0318e-05 -8.8165e-05 -8.6688e-05 -8.8626e-05 -9.0420e-05 -8.8809e-05 -8.6750e-05 -8.7302e-05 -8.9807e-05 -8.9443e-05 -8.7683e-05 -8.6825e-05 -8.8767e-05 -9.0361e-05 -9.1019e-05
+0000.00050 -3.9673e-05 -4.0439e-05 -4.0874e-05 -4.1696e-05 -4.2480e-05 -4.2132e-05 -4.1373e-05 -4.1346e-05 -4.2327e-05 -4.2522e-05 -4.1638e-05 -4.1062e-05 -4.1815e-05 -4.2519e-05 -4.1893e-05 -4.1043e-05 -4.1291e-05 -4.2237e-05 -4.2152e-05 -4.1409e-05 -4.1102e-05 -4.1867e-05 -4.2639e-05 -4.3074e-05
+0000.00000 -1.3669e-08 -1.5149e-08 -1.5989e-08 -1.7233e-08 -1.8869e-08 -1.9368e-08 -1.8641e-08 -1.7976e-08 -1.8320e-08 -1.9177e-08 -1.9727e-08 -1.9918e-08 -1.9941e-08 -1.9902e-08 -1.9683e-08 -1.9067e-08 -1.8081e-08 -1.7573e-08 -1.8064e-08 -1.8644e-08 -1.8135e-08 -1.6748e-08 -1.5852e-08 -1.5243e-08
-0000.00050 +3.9646e-05 +4.0409e-05 +4.0842e-05 +4.1662e-05 +4.2442e-05 +4.2093e-05 +4.1336e-05 +4.1310e-05 +4.2290e-05 +4.2483e-05 +4.1599e-05 +4.1023e-05 +4.1775e-05 +4.2479e-05 +4.1853e-05 +4.1005e-05 +4.1255e-05 +4.2202e-05 +4.2116e-05 +4.1371e-05 +4.1065e-05 +4.1834e-05 +4.2608e-05 +4.3043e-05
-0000.00100 +8.4442e-05 +8.5917e-05 +8.6563e-05 +8.8293e-05 +9.0275e-05 +8.9293e-05 +8.7487e-05 +8.7284e-05 +8.9888e-05 +9.0279e-05 +8.8125e-05 +8.6648e-05 +8.8586e-05 +9.0380e-05 +8.8769e-05 +8.6712e-05 +8.7266e-05 +8.9773e-05 +8.9407e-05 +8.7645e-05 +8.6788e-05 +8.8734e-05 +9.0329e-05 +9.0987e-05
-0000.00150 +1.4091e-04 +1.4263e-04 +1.4298e-04 +1.4563e-04 +1.5022e-04 +1.4767e-04 +1.4426e-04 +1.4330e-04 +1.4955e-04 +1.4972e-04 +1.4549e-04 +1.4232e-04 +1.4650e-04 +1.5027e-04 +1.4679e-04 +1.4278e-04 +1.4339e-04 +1.4937e-04 +1.4803e-04 +1.4474e-04 +1.4252e-04 +1.4702e-04 +1.4932e-04 +1.4971e-04
-0000.00200 +2.2016e-04 +2.1991e-04 +2.1919e-04 +2.2180e-04 +2.3316e-04 +2.2649e-04 +2.2081e-04 +2.1769e-04 +2.3544e-04 +2.3027e-04 +2.2294e-04 +2.1686e-04 +2.2546e-04 +2.3197e-04 +2.2522e-04 +2.1839e-04 +2.1436e-04 +2.3134e-04 +2.2738e-04 +2.2199e-04 +2.1629e-04 +2.2740e-04 +2.2907e-04 +2.2845e-04
# Horizontal Final Position [m]
START
            -0000.01200 -0000.01100 -0000.01000 -0000.00900 -0000.00800 -0000.00700 -0000.00600 -0000.00500 -0000.00400 -0000.00300 -0000.00200 -0000.00100 +0000.00000 +0000.00100 +0000.00200 +0000.00300 +0000.00400 +0000.00500 +0000.00600 +0000.00700 +0000.00800 +0000.00900 +0000.01000 +0000.01100
+0000.00200 -1.1999e-02 -1.0999e-02 -9.9994e-03 -8.9995e-03 -7.9995e-03 -6.9996e-03 -5.9996e-03 -4.9997e-03 -3.9997e-03 -2.9997e-03 -1.9997e-03 -9.9973e-04 +2.2940e-07 +1.0003e-03 +2.0003e-03 +3.0003e-03 +4.0003e-03 +5.0003e-03 +6.0004e-03 +7.0004e-03 +8.0005e-03 +9.0005e-03 +1.0001e-02 +1.1001e-02
+0000.00150 -1.2000e-02 -1.1000e-02 -9.9997e-03 -8.9997e-03 -7.9998e-03 -6.9998e-03 -5.9999e-03 -4.9999e-03 -3.9999e-03 -3.0000e-03 -2.0000e-03 -9.9998e-04 +1.1745e-08 +1.0000e-03 +2.0000e-03 +3.0000e-03 +4.0001e-03 +5.0001e-03 +6.0001e-03 +7.0002e-03 +8.0002e-03 +9.0003e-03 +1.0000e-02 +1.1000e-02
+0000.00100 -1.2000e-02 -1.1000e-02 -9.9997e-03 -8.9997e-03 -7.9998e-03 -6.9998e-03 -5.9999e-03 -4.9999e-03 -3.9999e-03 -3.0000e-03 -2.0000e-03 -9.9998e-04 +1.6568e-08 +1.0000e-03 +2.0000e-03 +3.0000e-03 +4.0001e-03 +5.0001e-03 +6.0001e-03 +7.0002e-03 +8.0002e-03 +9.0003e-03 +1.0000e-02 +1.1000e-02
+0000.00050 -1.2000e-02 -1.1000e-02 -9.9997e-03 -8.9997e-03 -7.9998e-03 -6.9998e-03 -5.9999e-03 -4.9999e-03 -3.9999e-03 -3.0000e-03 -2.0000e-03 -9.9998e-04 +1.8388e-08 +1.0000e-03 +2.0000e-03 +3.0000e-03 +4.0001e-03 +5.0001e-03 +6.0001e-03 +7.0002e-03 +8.0002e-03 +9.0003e-03 +1.0000e-02 +1.1000e-02
+0000.00000 -1.2000e-02 -1.1000e-02 -9.9997e-03 -8.9997e-03 -7.9998e-03 -6.9998e-03 -5.9999e-03 -4.9999e-03 -3.9999e-03 -3.0000e-03 -2.0000e-03 -9.9998e-04 +1.8863e-08 +1.0000e-03 +2.0000e-03 +3.0000e-03 +4.0001e-03 +5.0001e-03 +6.0001e-03 +7.0002e-03 +8.0002e-03 +9.0003e-03 +1.0000e-02 +1.1000e-02
-0000.00050 -1.2000e-02 -1.1000e-02 -9.9997e-03 -8.9997e-03 -7.9998e-03 -6.9998e-03 -5.9999e-03 -4.9999e-03 -3.9999e-03 -3.0000e-03 -2.0000e-03 -9.9998e-04 +1.8388e-08 +1.0000e-03 +2.0000e-03 +3.0000e-03 +4.0001e-03 +5.0001e-03 +6.0001e-03 +7.0002e-03 +8.0002e-03 +9.0003e-03 +1.0000e-02 +1.1000e-02
-0000.00100 -1.2000e-02 -1.1000e-02 -9.9997e-03 -8.9997e-03 -7.9998e-03 -6.9998e-03 -5.9999e-03 -4.9999e-03 -3.9999e-03 -3.0000e-03 -2.0000e-03 -9.9998e-04 +1.6569e-08 +1.0000e-03 +2.0000e-03 +3.0000e-03 +4.0001e-03 +5.0001e-03 +6.0001e-03 +7.0002e-03 +8.0002e-03 +9.0003e-03 +1.0000e-02 +1.1000e-02
-0000.00150 -1.2000e-02 -1.1000e-02 -9.9997e-03 -8.9997e-03 -7.9998e-03 -6.9998e-03 -5.9999e-03 -4.9999e-03 -3.9999e-03 -3.0000e-03 -2.0000e-03 -9.9998e-04 +1.1745e-08 +1.0000e-03 +2.0000e-03 +3.0000e-03 +4.0001e-03 +5.0001e-03 +6.0001e-03 +7.0002e-03 +8.0002e-03 +9.0003e-03 +1.0000e-02 +1.1000e-02
-0000.00200 -1.1999e-02 -1.0999e-02 -9.9994e-03 -8.9995e-03 -7.9995e-03 -6.9996e-03 -5.9996e-03 -4.9997e-03 -3.9997e-03 -2.9997e-03 -1.9997e-03 -9.9973e-04 +2.2941e-07 +1.0003e-03 +2.0003e-03 +3.0003e-03 +4.0003e-03 +5.0003e-03 +6.0004e-03 +7.0004e-03 +8.0005e-03 +9.0005e-03 +1.0001e-02 +1.1001e-02
# Vertical Final Position [m]
START
            -0000.01200 -0000.01100 -0000.01000 -0000.00900 -0000.00800 -0000.00700 -0000.00600 -0000.00500 -0000.00400 -0000.00300 -0000.00200 -0000.00100 +0000.00000 +0000.00100 +0000.00200 +0000.00300 +0000.00400 +0000.00500 +0000.00600 +0000.00700 +0000.00800 +0000.00900 +0000.01000 +0000.01100
+0000.00200 +1.9999e-03 +1.9999e-03 +1.9999e-03 +1.9999e-03 +1.9999e-03 +1.9999e-03 +1.9999e-03 +1.9999e-03 +1.9998e-03 +1.9998e-03 +1.9998e-03 +1.9998e-03 +1.9998e-03 +1.9998e-03 +1.9998e-03 +1.9998e-03 +1.9998e-03 +1.9997e-03 +1.9997e-03 +1.9997e-03 +1.9997e-03 +1.9996e-03 +1.9996e-03 +1.9996e-03
+0000.00150 +1.5000e-03 +1.5000e-03 +1.5000e-03 +1.4999e-03 +1.4999e-03 +1.4999e-03 +1.4999e-03 +1.4999e-03 +1.4999e-03 +1.4999e-03 +1.4999e-03 +1.4999e-03 +1.4999e-03 +1.4998e-03 +1.4998e-03 +1.4998e-03 +1.4998e-03 +1.4998e-03 +1.4998e-03 +1.4998e-03 +1.4998e-03 +1.4998e-03 +1.4997e-03 +1.4997e-03
+0000.00100 +1.0000e-03 +9.9999e-04 +9.9998e-04 +9.9997e-04 +9.9996e-04 +9.9996e-04 +9.9995e-04 +9.9995e-04 +9.9993e-04 +9.9992e-04 +9.9992e-04 +9.9992e-04 +9.9991e-04 +9.9990e-04 +9.9990e-04 +9.9990e-04 +9.9989e-04 +9.9988e-04 +9.9987e-04 +9.9987e-04 +9.9986e-04 +9.9985e-04 +9.9984e-04 +9.9983e-04
+0000.00050 +5.0000e-04 +5.0000e-04 +4.9999e-04 +4.9999e-04 +4.9998e-04 +4.9998e-04 +4.9998e-04 +4.9997e-04 +4.9997e-04 +4.9997e-04 +4.9996e-04 +4.9996e-04 +4.9996e-04 +4.9995e-04 +4.9995e-04 +4.9995e-04 +4.9995e-04 +4.9994e-04 +4.9994e-04 +4.9994e-04 +4.9993e-04 +4.9993e-04 +4.9992e-04 +4.9992e-04
+0000.00000 -3.6481e-11 -3.9200e-11 -4.1047e-11 -4.3290e-11 -4.5887e-11 -4.7060e-11 -4.6786e-11 -4.6524e-11 -4.7247e-11 -4.8400e-11 -4.9156e-11 -4.9500e-11 -4.9606e-11 -4.9525e-11 -4.9145e-11 -4.8285e-11 -4.6963e-11 -4.6059e-11 -4.6166e-11 -4.6337e-11 -4.5208e-11 -4.2912e-11 -4.1061e-11 -3.9486e-11
-0000.00050 -5.0000e-04 -5.0000e-04 -4.9999e-04 -4.9999e-04 -4.9998e-04 -4.9998e-04 -4.9998e-04 -4.9997e-04 -4.9997e-04 -4.9997e-04 -4.9996e-04 -4.9996e-04 -4.9996e-04 -4.9995e-04 -4.9995e-04 -4.9995e-04 -4.9995e-04 -4.9994e-04 -4.9994e-04 -4.9994e-04 -4.9993e-04 -4.9993e-04 -4.9992e-04 -4.9992e-04
-0000.00100 -1.0000e-03 -9.9999e-04 -9.9998e-04 -9.9997e-04 -9.9996e-04 -9.9996e-04 -9.9995e-04 -9.9995e-04 -9.9993e-04 -9.9992e-04 -9.9992e-04 -9.9992e-04 -9.9991e-04 -9.9990e-04 -9.9990e-04 -9.9990e-04 -9.9989e-04 -9.9988e-04 -9.9987e-04 -9.9987e-04 -9.9986e-04 -9.9985e-04 -9.9984e-04 -9.9983e-04
-0000.00150 -1.5000e-03 -1.5000e-03 -1.5000e-03 -1.4999e-03 -1.4999e-03 -1.4999e-03 -1.4999e-03 -1.4999e-03 -1.4999e-03 -1.4999e-03 -1.4999e-03 -1.4999e-03 -1.4999e-03 -1.4998e-03 -1.4998e-03 -1.4998e-03 -1.4998e-03 -1.4998e-03 -1.4998e-03 -1.4998e-03 -1.4998e-03 -1.4998e-03 -1.4997e-03 -1.4997e-03
-0000.00200 -1.9999e-03 -1.9999e-03 -1.9999e-03 -1.9999e-03 -1.9999e-03 -1.9999e-03 -1.9999e-03 -1.9999e-03 -1.9998e-03 -1.9998e-03 -1.9998e-03 -1.9998e-03 -1.9998e-03 -1.9998e-03 -1.9998e-03 -1.9998e-03 -1.9998e-03 -1.9997e-03 -1.9997e-03 -1.9997e-03 -1.9997e-03 -1.9996e-03 -1.9996e-03 -1.9996e-03
