# Author: FAC idanalysis.IDKickMap
# Termination_kicks [T2m2]: +0.0000e+00 +0.0000e+00 +0.0000e+00 +0.0000e+00 
# Total Length of Longitudinal Interval [m]
0.13
# Number of Horizontal Points
61
# Number of Vertical Points
9
# Total Horizontal 2nd Order Kick [T2m2]
START
            -0000.01000 -0000.00967 -0000.00933 -0000.00900 -0000.00867 -0000.00833 -0000.00800 -0000.00767 -0000.00733 -0000.00700 -0000.00667 -0000.00633 -0000.00600 -0000.00567 -0000.00533 -0000.00500 -0000.00467 -0000.00433 -0000.00400 -0000.00367 -0000.00333 -0000.00300 -0000.00267 -0000.00233 -0000.00200 -0000.00167 -0000.00133 -0000.00100 -0000.00067 -0000.00033 +0000.00000 +0000.00033 +0000.00067 +0000.00100 +0000.00133 +0000.00167 +0000.00200 +0000.00233 +0000.00267 +0000.00300 +0000.00333 +0000.00367 +0000.00400 +0000.00433 +0000.00467 +0000.00500 +0000.00533 +0000.00567 +0000.00600 +0000.00633 +0000.00667 +0000.00700 +0000.00733 +0000.00767 +0000.00800 +0000.00833 +0000.00867 +0000.00900 +0000.00933 +0000.00967 +0000.01000 
+0000.00200 +1.3309e-04 +1.3224e-04 +1.3129e-04 +1.3025e-04 +1.2913e-04 +1.2795e-04 +1.2673e-04 +1.2546e-04 +1.2416e-04 +1.2285e-04 +1.2153e-04 +1.2022e-04 +1.1892e-04 +1.1763e-04 +1.1638e-04 +1.1517e-04 +1.1400e-04 +1.1289e-04 +1.1183e-04 +1.1084e-04 +1.0992e-04 +1.0907e-04 +1.0830e-04 +1.0762e-04 +1.0702e-04 +1.0651e-04 +1.0610e-04 +1.0578e-04 +1.0556e-04 +1.0543e-04 +1.0541e-04 +1.0548e-04 +1.0565e-04 +1.0592e-04 +1.0629e-04 +1.0675e-04 +1.0730e-04 +1.0794e-04 +1.0867e-04 +1.0949e-04 +1.1038e-04 +1.1134e-04 +1.1238e-04 +1.1348e-04 +1.1463e-04 +1.1584e-04 +1.1709e-04 +1.1838e-04 +1.1970e-04 +1.2104e-04 +1.2239e-04 +1.2374e-04 +1.2508e-04 +1.2641e-04 +1.2770e-04 +1.2896e-04 +1.3016e-04 +1.3130e-04 +1.3236e-04 +1.3333e-04 +1.3419e-04 
+0000.00150 +1.3233e-04 +1.3156e-04 +1.3070e-04 +1.2974e-04 +1.2871e-04 +1.2762e-04 +1.2647e-04 +1.2528e-04 +1.2406e-04 +1.2283e-04 +1.2158e-04 +1.2034e-04 +1.1911e-04 +1.1789e-04 +1.1670e-04 +1.1555e-04 +1.1444e-04 +1.1338e-04 +1.1237e-04 +1.1142e-04 +1.1054e-04 +1.0973e-04 +1.0900e-04 +1.0835e-04 +1.0778e-04 +1.0729e-04 +1.0690e-04 +1.0659e-04 +1.0638e-04 +1.0626e-04 +1.0624e-04 +1.0631e-04 +1.0648e-04 +1.0674e-04 +1.0709e-04 +1.0753e-04 +1.0806e-04 +1.0867e-04 +1.0937e-04 +1.1015e-04 +1.1100e-04 +1.1192e-04 +1.1291e-04 +1.1396e-04 +1.1506e-04 +1.1621e-04 +1.1740e-04 +1.1863e-04 +1.1988e-04 +1.2114e-04 +1.2242e-04 +1.2369e-04 +1.2496e-04 +1.2620e-04 +1.2741e-04 +1.2858e-04 +1.2970e-04 +1.3075e-04 +1.3172e-04 +1.3260e-04 +1.3337e-04 
+0000.00100 +1.3179e-04 +1.3109e-04 +1.3028e-04 +1.2939e-04 +1.2841e-04 +1.2738e-04 +1.2629e-04 +1.2516e-04 +1.2399e-04 +1.2281e-04 +1.2162e-04 +1.2042e-04 +1.1924e-04 +1.1807e-04 +1.1692e-04 +1.1581e-04 +1.1474e-04 +1.1372e-04 +1.1274e-04 +1.1183e-04 +1.1098e-04 +1.1020e-04 +1.0949e-04 +1.0886e-04 +1.0831e-04 +1.0784e-04 +1.0746e-04 +1.0716e-04 +1.0696e-04 +1.0685e-04 +1.0682e-04 +1.0689e-04 +1.0705e-04 +1.0731e-04 +1.0765e-04 +1.0807e-04 +1.0859e-04 +1.0918e-04 +1.0986e-04 +1.1061e-04 +1.1144e-04 +1.1233e-04 +1.1329e-04 +1.1430e-04 +1.1536e-04 +1.1647e-04 +1.1762e-04 +1.1880e-04 +1.2000e-04 +1.2122e-04 +1.2244e-04 +1.2366e-04 +1.2487e-04 +1.2606e-04 +1.2721e-04 +1.2832e-04 +1.2937e-04 +1.3036e-04 +1.3127e-04 +1.3208e-04 +1.3279e-04 
+0000.00050 +1.3146e-04 +1.3080e-04 +1.3003e-04 +1.2917e-04 +1.2823e-04 +1.2723e-04 +1.2617e-04 +1.2507e-04 +1.2394e-04 +1.2279e-04 +1.2163e-04 +1.2047e-04 +1.1931e-04 +1.1817e-04 +1.1705e-04 +1.1597e-04 +1.1492e-04 +1.1392e-04 +1.1297e-04 +1.1207e-04 +1.1124e-04 +1.1048e-04 +1.0978e-04 +1.0916e-04 +1.0862e-04 +1.0817e-04 +1.0779e-04 +1.0751e-04 +1.0731e-04 +1.0720e-04 +1.0718e-04 +1.0724e-04 +1.0740e-04 +1.0765e-04 +1.0798e-04 +1.0840e-04 +1.0891e-04 +1.0949e-04 +1.1015e-04 +1.1089e-04 +1.1170e-04 +1.1257e-04 +1.1351e-04 +1.1450e-04 +1.1554e-04 +1.1663e-04 +1.1775e-04 +1.1890e-04 +1.2007e-04 +1.2126e-04 +1.2245e-04 +1.2364e-04 +1.2481e-04 +1.2597e-04 +1.2708e-04 +1.2816e-04 +1.2917e-04 +1.3012e-04 +1.3099e-04 +1.3177e-04 +1.3244e-04 
+0000.00000 +1.3135e-04 +1.3070e-04 +1.2994e-04 +1.2910e-04 +1.2817e-04 +1.2718e-04 +1.2614e-04 +1.2505e-04 +1.2393e-04 +1.2279e-04 +1.2164e-04 +1.2049e-04 +1.1934e-04 +1.1821e-04 +1.1710e-04 +1.1602e-04 +1.1498e-04 +1.1399e-04 +1.1304e-04 +1.1215e-04 +1.1133e-04 +1.1057e-04 +1.0988e-04 +1.0927e-04 +1.0873e-04 +1.0828e-04 +1.0791e-04 +1.0762e-04 +1.0742e-04 +1.0731e-04 +1.0729e-04 +1.0736e-04 +1.0752e-04 +1.0776e-04 +1.0809e-04 +1.0851e-04 +1.0901e-04 +1.0959e-04 +1.1025e-04 +1.1098e-04 +1.1179e-04 +1.1265e-04 +1.1358e-04 +1.1457e-04 +1.1560e-04 +1.1668e-04 +1.1779e-04 +1.1893e-04 +1.2009e-04 +1.2127e-04 +1.2245e-04 +1.2363e-04 +1.2480e-04 +1.2594e-04 +1.2704e-04 +1.2810e-04 +1.2911e-04 +1.3005e-04 +1.3090e-04 +1.3167e-04 +1.3232e-04 
-0000.00050 +1.3146e-04 +1.3080e-04 +1.3003e-04 +1.2917e-04 +1.2823e-04 +1.2723e-04 +1.2617e-04 +1.2507e-04 +1.2394e-04 +1.2279e-04 +1.2163e-04 +1.2047e-04 +1.1931e-04 +1.1817e-04 +1.1705e-04 +1.1597e-04 +1.1492e-04 +1.1392e-04 +1.1297e-04 +1.1207e-04 +1.1124e-04 +1.1048e-04 +1.0978e-04 +1.0916e-04 +1.0862e-04 +1.0817e-04 +1.0779e-04 +1.0751e-04 +1.0731e-04 +1.0720e-04 +1.0718e-04 +1.0724e-04 +1.0740e-04 +1.0765e-04 +1.0798e-04 +1.0840e-04 +1.0891e-04 +1.0949e-04 +1.1015e-04 +1.1089e-04 +1.1170e-04 +1.1257e-04 +1.1351e-04 +1.1450e-04 +1.1554e-04 +1.1663e-04 +1.1775e-04 +1.1890e-04 +1.2007e-04 +1.2126e-04 +1.2245e-04 +1.2364e-04 +1.2481e-04 +1.2597e-04 +1.2708e-04 +1.2816e-04 +1.2917e-04 +1.3012e-04 +1.3099e-04 +1.3177e-04 +1.3244e-04 
-0000.00100 +1.3179e-04 +1.3109e-04 +1.3028e-04 +1.2939e-04 +1.2841e-04 +1.2738e-04 +1.2629e-04 +1.2516e-04 +1.2399e-04 +1.2281e-04 +1.2162e-04 +1.2042e-04 +1.1924e-04 +1.1807e-04 +1.1692e-04 +1.1581e-04 +1.1474e-04 +1.1372e-04 +1.1274e-04 +1.1183e-04 +1.1098e-04 +1.1020e-04 +1.0949e-04 +1.0886e-04 +1.0831e-04 +1.0784e-04 +1.0746e-04 +1.0716e-04 +1.0696e-04 +1.0685e-04 +1.0682e-04 +1.0689e-04 +1.0705e-04 +1.0731e-04 +1.0765e-04 +1.0807e-04 +1.0859e-04 +1.0918e-04 +1.0986e-04 +1.1061e-04 +1.1144e-04 +1.1233e-04 +1.1329e-04 +1.1430e-04 +1.1536e-04 +1.1647e-04 +1.1762e-04 +1.1880e-04 +1.2000e-04 +1.2122e-04 +1.2244e-04 +1.2366e-04 +1.2487e-04 +1.2606e-04 +1.2721e-04 +1.2832e-04 +1.2937e-04 +1.3036e-04 +1.3127e-04 +1.3208e-04 +1.3279e-04 
-0000.00150 +1.3232e-04 +1.3156e-04 +1.3069e-04 +1.2974e-04 +1.2871e-04 +1.2761e-04 +1.2647e-04 +1.2528e-04 +1.2406e-04 +1.2283e-04 +1.2158e-04 +1.2034e-04 +1.1910e-04 +1.1789e-04 +1.1670e-04 +1.1555e-04 +1.1444e-04 +1.1337e-04 +1.1237e-04 +1.1142e-04 +1.1054e-04 +1.0973e-04 +1.0900e-04 +1.0835e-04 +1.0778e-04 +1.0729e-04 +1.0690e-04 +1.0659e-04 +1.0638e-04 +1.0626e-04 +1.0624e-04 +1.0631e-04 +1.0648e-04 +1.0674e-04 +1.0709e-04 +1.0753e-04 +1.0806e-04 +1.0867e-04 +1.0937e-04 +1.1015e-04 +1.1100e-04 +1.1192e-04 +1.1291e-04 +1.1396e-04 +1.1506e-04 +1.1621e-04 +1.1740e-04 +1.1863e-04 +1.1988e-04 +1.2114e-04 +1.2242e-04 +1.2369e-04 +1.2496e-04 +1.2620e-04 +1.2741e-04 +1.2858e-04 +1.2970e-04 +1.3075e-04 +1.3172e-04 +1.3260e-04 +1.3337e-04 
-0000.00200 +1.3309e-04 +1.3224e-04 +1.3129e-04 +1.3025e-04 +1.2913e-04 +1.2795e-04 +1.2673e-04 +1.2546e-04 +1.2416e-04 +1.2285e-04 +1.2153e-04 +1.2022e-04 +1.1892e-04 +1.1764e-04 +1.1639e-04 +1.1517e-04 +1.1401e-04 +1.1289e-04 +1.1183e-04 +1.1084e-04 +1.0992e-04 +1.0907e-04 +1.0830e-04 +1.0762e-04 +1.0702e-04 +1.0652e-04 +1.0610e-04 +1.0578e-04 +1.0556e-04 +1.0544e-04 +1.0541e-04 +1.0548e-04 +1.0565e-04 +1.0592e-04 +1.0629e-04 +1.0675e-04 +1.0730e-04 +1.0794e-04 +1.0867e-04 +1.0949e-04 +1.1038e-04 +1.1134e-04 +1.1238e-04 +1.1348e-04 +1.1463e-04 +1.1584e-04 +1.1709e-04 +1.1838e-04 +1.1970e-04 +1.2104e-04 +1.2238e-04 +1.2374e-04 +1.2508e-04 +1.2640e-04 +1.2770e-04 +1.2896e-04 +1.3016e-04 +1.3130e-04 +1.3236e-04 +1.3333e-04 +1.3420e-04 
# Total Vertical 2nd Order Kick [T2m2]
START
            -0000.01000 -0000.00967 -0000.00933 -0000.00900 -0000.00867 -0000.00833 -0000.00800 -0000.00767 -0000.00733 -0000.00700 -0000.00667 -0000.00633 -0000.00600 -0000.00567 -0000.00533 -0000.00500 -0000.00467 -0000.00433 -0000.00400 -0000.00367 -0000.00333 -0000.00300 -0000.00267 -0000.00233 -0000.00200 -0000.00167 -0000.00133 -0000.00100 -0000.00067 -0000.00033 +0000.00000 +0000.00033 +0000.00067 +0000.00100 +0000.00133 +0000.00167 +0000.00200 +0000.00233 +0000.00267 +0000.00300 +0000.00333 +0000.00367 +0000.00400 +0000.00433 +0000.00467 +0000.00500 +0000.00533 +0000.00567 +0000.00600 +0000.00633 +0000.00667 +0000.00700 +0000.00733 +0000.00767 +0000.00800 +0000.00833 +0000.00867 +0000.00900 +0000.00933 +0000.00967 +0000.01000 
+0000.00200 +1.3309e-04 +1.3224e-04 +1.3129e-04 +1.3025e-04 +1.2913e-04 +1.2795e-04 +1.2673e-04 +1.2546e-04 +1.2416e-04 +1.2285e-04 +1.2153e-04 +1.2022e-04 +1.1892e-04 +1.1763e-04 +1.1638e-04 +1.1517e-04 +1.1400e-04 +1.1289e-04 +1.1183e-04 +1.1084e-04 +1.0992e-04 +1.0907e-04 +1.0830e-04 +1.0762e-04 +1.0702e-04 +1.0651e-04 +1.0610e-04 +1.0578e-04 +1.0556e-04 +1.0543e-04 +1.0541e-04 +1.0548e-04 +1.0565e-04 +1.0592e-04 +1.0629e-04 +1.0675e-04 +1.0730e-04 +1.0794e-04 +1.0867e-04 +1.0949e-04 +1.1038e-04 +1.1134e-04 +1.1238e-04 +1.1348e-04 +1.1463e-04 +1.1584e-04 +1.1709e-04 +1.1838e-04 +1.1970e-04 +1.2104e-04 +1.2239e-04 +1.2374e-04 +1.2508e-04 +1.2641e-04 +1.2770e-04 +1.2896e-04 +1.3016e-04 +1.3130e-04 +1.3236e-04 +1.3333e-04 +1.3419e-04 
+0000.00150 +1.3309e-04 +1.3224e-04 +1.3129e-04 +1.3025e-04 +1.2913e-04 +1.2795e-04 +1.2673e-04 +1.2546e-04 +1.2416e-04 +1.2285e-04 +1.2153e-04 +1.2022e-04 +1.1892e-04 +1.1763e-04 +1.1638e-04 +1.1517e-04 +1.1400e-04 +1.1289e-04 +1.1183e-04 +1.1084e-04 +1.0992e-04 +1.0907e-04 +1.0830e-04 +1.0762e-04 +1.0702e-04 +1.0651e-04 +1.0610e-04 +1.0578e-04 +1.0556e-04 +1.0543e-04 +1.0541e-04 +1.0548e-04 +1.0565e-04 +1.0592e-04 +1.0629e-04 +1.0675e-04 +1.0730e-04 +1.0794e-04 +1.0867e-04 +1.0949e-04 +1.1038e-04 +1.1134e-04 +1.1238e-04 +1.1348e-04 +1.1463e-04 +1.1584e-04 +1.1709e-04 +1.1838e-04 +1.1970e-04 +1.2104e-04 +1.2239e-04 +1.2374e-04 +1.2508e-04 +1.2641e-04 +1.2770e-04 +1.2896e-04 +1.3016e-04 +1.3130e-04 +1.3236e-04 +1.3333e-04 +1.3419e-04 
+0000.00100 +1.3309e-04 +1.3224e-04 +1.3129e-04 +1.3025e-04 +1.2913e-04 +1.2795e-04 +1.2673e-04 +1.2546e-04 +1.2416e-04 +1.2285e-04 +1.2153e-04 +1.2022e-04 +1.1892e-04 +1.1763e-04 +1.1638e-04 +1.1517e-04 +1.1400e-04 +1.1289e-04 +1.1183e-04 +1.1084e-04 +1.0992e-04 +1.0907e-04 +1.0830e-04 +1.0762e-04 +1.0702e-04 +1.0651e-04 +1.0610e-04 +1.0578e-04 +1.0556e-04 +1.0543e-04 +1.0541e-04 +1.0548e-04 +1.0565e-04 +1.0592e-04 +1.0629e-04 +1.0675e-04 +1.0730e-04 +1.0794e-04 +1.0867e-04 +1.0949e-04 +1.1038e-04 +1.1134e-04 +1.1238e-04 +1.1348e-04 +1.1463e-04 +1.1584e-04 +1.1709e-04 +1.1838e-04 +1.1970e-04 +1.2104e-04 +1.2239e-04 +1.2374e-04 +1.2508e-04 +1.2641e-04 +1.2770e-04 +1.2896e-04 +1.3016e-04 +1.3130e-04 +1.3236e-04 +1.3333e-04 +1.3419e-04 
+0000.00050 +1.3309e-04 +1.3224e-04 +1.3129e-04 +1.3025e-04 +1.2913e-04 +1.2795e-04 +1.2673e-04 +1.2546e-04 +1.2416e-04 +1.2285e-04 +1.2153e-04 +1.2022e-04 +1.1892e-04 +1.1763e-04 +1.1638e-04 +1.1517e-04 +1.1400e-04 +1.1289e-04 +1.1183e-04 +1.1084e-04 +1.0992e-04 +1.0907e-04 +1.0830e-04 +1.0762e-04 +1.0702e-04 +1.0651e-04 +1.0610e-04 +1.0578e-04 +1.0556e-04 +1.0543e-04 +1.0541e-04 +1.0548e-04 +1.0565e-04 +1.0592e-04 +1.0629e-04 +1.0675e-04 +1.0730e-04 +1.0794e-04 +1.0867e-04 +1.0949e-04 +1.1038e-04 +1.1134e-04 +1.1238e-04 +1.1348e-04 +1.1463e-04 +1.1584e-04 +1.1709e-04 +1.1838e-04 +1.1970e-04 +1.2104e-04 +1.2239e-04 +1.2374e-04 +1.2508e-04 +1.2641e-04 +1.2770e-04 +1.2896e-04 +1.3016e-04 +1.3130e-04 +1.3236e-04 +1.3333e-04 +1.3419e-04 
+0000.00000 +1.3309e-04 +1.3224e-04 +1.3129e-04 +1.3025e-04 +1.2913e-04 +1.2795e-04 +1.2673e-04 +1.2546e-04 +1.2416e-04 +1.2285e-04 +1.2153e-04 +1.2022e-04 +1.1892e-04 +1.1763e-04 +1.1638e-04 +1.1517e-04 +1.1400e-04 +1.1289e-04 +1.1183e-04 +1.1084e-04 +1.0992e-04 +1.0907e-04 +1.0830e-04 +1.0762e-04 +1.0702e-04 +1.0651e-04 +1.0610e-04 +1.0578e-04 +1.0556e-04 +1.0543e-04 +1.0541e-04 +1.0548e-04 +1.0565e-04 +1.0592e-04 +1.0629e-04 +1.0675e-04 +1.0730e-04 +1.0794e-04 +1.0867e-04 +1.0949e-04 +1.1038e-04 +1.1134e-04 +1.1238e-04 +1.1348e-04 +1.1463e-04 +1.1584e-04 +1.1709e-04 +1.1838e-04 +1.1970e-04 +1.2104e-04 +1.2239e-04 +1.2374e-04 +1.2508e-04 +1.2641e-04 +1.2770e-04 +1.2896e-04 +1.3016e-04 +1.3130e-04 +1.3236e-04 +1.3333e-04 +1.3419e-04 
-0000.00050 +1.3309e-04 +1.3224e-04 +1.3129e-04 +1.3025e-04 +1.2913e-04 +1.2795e-04 +1.2673e-04 +1.2546e-04 +1.2416e-04 +1.2285e-04 +1.2153e-04 +1.2022e-04 +1.1892e-04 +1.1763e-04 +1.1638e-04 +1.1517e-04 +1.1400e-04 +1.1289e-04 +1.1183e-04 +1.1084e-04 +1.0992e-04 +1.0907e-04 +1.0830e-04 +1.0762e-04 +1.0702e-04 +1.0651e-04 +1.0610e-04 +1.0578e-04 +1.0556e-04 +1.0543e-04 +1.0541e-04 +1.0548e-04 +1.0565e-04 +1.0592e-04 +1.0629e-04 +1.0675e-04 +1.0730e-04 +1.0794e-04 +1.0867e-04 +1.0949e-04 +1.1038e-04 +1.1134e-04 +1.1238e-04 +1.1348e-04 +1.1463e-04 +1.1584e-04 +1.1709e-04 +1.1838e-04 +1.1970e-04 +1.2104e-04 +1.2239e-04 +1.2374e-04 +1.2508e-04 +1.2641e-04 +1.2770e-04 +1.2896e-04 +1.3016e-04 +1.3130e-04 +1.3236e-04 +1.3333e-04 +1.3419e-04 
-0000.00100 +1.3309e-04 +1.3224e-04 +1.3129e-04 +1.3025e-04 +1.2913e-04 +1.2795e-04 +1.2673e-04 +1.2546e-04 +1.2416e-04 +1.2285e-04 +1.2153e-04 +1.2022e-04 +1.1892e-04 +1.1763e-04 +1.1638e-04 +1.1517e-04 +1.1400e-04 +1.1289e-04 +1.1183e-04 +1.1084e-04 +1.0992e-04 +1.0907e-04 +1.0830e-04 +1.0762e-04 +1.0702e-04 +1.0651e-04 +1.0610e-04 +1.0578e-04 +1.0556e-04 +1.0543e-04 +1.0541e-04 +1.0548e-04 +1.0565e-04 +1.0592e-04 +1.0629e-04 +1.0675e-04 +1.0730e-04 +1.0794e-04 +1.0867e-04 +1.0949e-04 +1.1038e-04 +1.1134e-04 +1.1238e-04 +1.1348e-04 +1.1463e-04 +1.1584e-04 +1.1709e-04 +1.1838e-04 +1.1970e-04 +1.2104e-04 +1.2239e-04 +1.2374e-04 +1.2508e-04 +1.2641e-04 +1.2770e-04 +1.2896e-04 +1.3016e-04 +1.3130e-04 +1.3236e-04 +1.3333e-04 +1.3419e-04 
-0000.00150 +1.3309e-04 +1.3224e-04 +1.3129e-04 +1.3025e-04 +1.2913e-04 +1.2795e-04 +1.2673e-04 +1.2546e-04 +1.2416e-04 +1.2285e-04 +1.2153e-04 +1.2022e-04 +1.1892e-04 +1.1763e-04 +1.1638e-04 +1.1517e-04 +1.1400e-04 +1.1289e-04 +1.1183e-04 +1.1084e-04 +1.0992e-04 +1.0907e-04 +1.0830e-04 +1.0762e-04 +1.0702e-04 +1.0651e-04 +1.0610e-04 +1.0578e-04 +1.0556e-04 +1.0543e-04 +1.0541e-04 +1.0548e-04 +1.0565e-04 +1.0592e-04 +1.0629e-04 +1.0675e-04 +1.0730e-04 +1.0794e-04 +1.0867e-04 +1.0949e-04 +1.1038e-04 +1.1134e-04 +1.1238e-04 +1.1348e-04 +1.1463e-04 +1.1584e-04 +1.1709e-04 +1.1838e-04 +1.1970e-04 +1.2104e-04 +1.2239e-04 +1.2374e-04 +1.2508e-04 +1.2641e-04 +1.2770e-04 +1.2896e-04 +1.3016e-04 +1.3130e-04 +1.3236e-04 +1.3333e-04 +1.3419e-04 
-0000.00200 +1.3309e-04 +1.3224e-04 +1.3129e-04 +1.3025e-04 +1.2913e-04 +1.2795e-04 +1.2673e-04 +1.2546e-04 +1.2416e-04 +1.2285e-04 +1.2153e-04 +1.2022e-04 +1.1892e-04 +1.1763e-04 +1.1638e-04 +1.1517e-04 +1.1400e-04 +1.1289e-04 +1.1183e-04 +1.1084e-04 +1.0992e-04 +1.0907e-04 +1.0830e-04 +1.0762e-04 +1.0702e-04 +1.0651e-04 +1.0610e-04 +1.0578e-04 +1.0556e-04 +1.0543e-04 +1.0541e-04 +1.0548e-04 +1.0565e-04 +1.0592e-04 +1.0629e-04 +1.0675e-04 +1.0730e-04 +1.0794e-04 +1.0867e-04 +1.0949e-04 +1.1038e-04 +1.1134e-04 +1.1238e-04 +1.1348e-04 +1.1463e-04 +1.1584e-04 +1.1709e-04 +1.1838e-04 +1.1970e-04 +1.2104e-04 +1.2239e-04 +1.2374e-04 +1.2508e-04 +1.2641e-04 +1.2770e-04 +1.2896e-04 +1.3016e-04 +1.3130e-04 +1.3236e-04 +1.3333e-04 +1.3419e-04 
# Horizontal Final Position [m]
START
            -0000.01000 -0000.00967 -0000.00933 -0000.00900 -0000.00867 -0000.00833 -0000.00800 -0000.00767 -0000.00733 -0000.00700 -0000.00667 -0000.00633 -0000.00600 -0000.00567 -0000.00533 -0000.00500 -0000.00467 -0000.00433 -0000.00400 -0000.00367 -0000.00333 -0000.00300 -0000.00267 -0000.00233 -0000.00200 -0000.00167 -0000.00133 -0000.00100 -0000.00067 -0000.00033 +0000.00000 +0000.00033 +0000.00067 +0000.00100 +0000.00133 +0000.00167 +0000.00200 +0000.00233 +0000.00267 +0000.00300 +0000.00333 +0000.00367 +0000.00400 +0000.00433 +0000.00467 +0000.00500 +0000.00533 +0000.00567 +0000.00600 +0000.00633 +0000.00667 +0000.00700 +0000.00733 +0000.00767 +0000.00800 +0000.00833 +0000.00867 +0000.00900 +0000.00933 +0000.00967 +0000.01000 
+0000.00200 -1.0004e-02 -9.6703e-03 -9.3370e-03 -9.0037e-03 -8.6704e-03 -8.3371e-03 -8.0038e-03 -7.6705e-03 -7.3372e-03 -7.0039e-03 -6.6706e-03 -6.3373e-03 -6.0040e-03 -5.6707e-03 -5.3374e-03 -5.0041e-03 -4.6708e-03 -4.3375e-03 -4.0042e-03 -3.6709e-03 -3.3376e-03 -3.0042e-03 -2.6709e-03 -2.3376e-03 -2.0043e-03 -1.6709e-03 -1.3376e-03 -1.0043e-03 -6.7095e-04 -3.3761e-04 -4.2720e-06 +3.2907e-04 +6.6241e-04 +9.9576e-04 +1.3291e-03 +1.6625e-03 +1.9958e-03 +2.3292e-03 +2.6625e-03 +2.9959e-03 +3.3292e-03 +3.6626e-03 +3.9959e-03 +4.3293e-03 +4.6626e-03 +4.9960e-03 +5.3293e-03 +5.6627e-03 +5.9960e-03 +6.3294e-03 +6.6627e-03 +6.9961e-03 +7.3294e-03 +7.6627e-03 +7.9960e-03 +8.3294e-03 +8.6627e-03 +8.9960e-03 +9.3293e-03 +9.6626e-03 +9.9958e-03 
+0000.00150 -1.0004e-02 -9.6703e-03 -9.3370e-03 -9.0037e-03 -8.6704e-03 -8.3371e-03 -8.0038e-03 -7.6705e-03 -7.3372e-03 -7.0039e-03 -6.6706e-03 -6.3373e-03 -6.0040e-03 -5.6707e-03 -5.3374e-03 -5.0041e-03 -4.6708e-03 -4.3375e-03 -4.0042e-03 -3.6709e-03 -3.3375e-03 -3.0042e-03 -2.6709e-03 -2.3376e-03 -2.0043e-03 -1.6709e-03 -1.3376e-03 -1.0043e-03 -6.7093e-04 -3.3759e-04 -4.2541e-06 +3.2909e-04 +6.6243e-04 +9.9578e-04 +1.3291e-03 +1.6625e-03 +1.9958e-03 +2.3292e-03 +2.6625e-03 +2.9959e-03 +3.3292e-03 +3.6626e-03 +3.9959e-03 +4.3293e-03 +4.6626e-03 +4.9960e-03 +5.3293e-03 +5.6627e-03 +5.9960e-03 +6.3294e-03 +6.6627e-03 +6.9961e-03 +7.3294e-03 +7.6627e-03 +7.9960e-03 +8.3294e-03 +8.6627e-03 +8.9960e-03 +9.3293e-03 +9.6626e-03 +9.9958e-03 
+0000.00100 -1.0004e-02 -9.6703e-03 -9.3370e-03 -9.0037e-03 -8.6704e-03 -8.3371e-03 -8.0038e-03 -7.6705e-03 -7.3372e-03 -7.0039e-03 -6.6706e-03 -6.3373e-03 -6.0040e-03 -5.6707e-03 -5.3374e-03 -5.0041e-03 -4.6708e-03 -4.3375e-03 -4.0042e-03 -3.6709e-03 -3.3375e-03 -3.0042e-03 -2.6709e-03 -2.3376e-03 -2.0043e-03 -1.6709e-03 -1.3376e-03 -1.0043e-03 -6.7093e-04 -3.3759e-04 -4.2534e-06 +3.2909e-04 +6.6243e-04 +9.9578e-04 +1.3291e-03 +1.6625e-03 +1.9958e-03 +2.3292e-03 +2.6625e-03 +2.9959e-03 +3.3292e-03 +3.6626e-03 +3.9959e-03 +4.3293e-03 +4.6626e-03 +4.9960e-03 +5.3293e-03 +5.6627e-03 +5.9960e-03 +6.3294e-03 +6.6627e-03 +6.9961e-03 +7.3294e-03 +7.6627e-03 +7.9960e-03 +8.3294e-03 +8.6627e-03 +8.9960e-03 +9.3293e-03 +9.6626e-03 +9.9958e-03 
+0000.00050 -1.0004e-02 -9.6703e-03 -9.3370e-03 -9.0037e-03 -8.6704e-03 -8.3371e-03 -8.0038e-03 -7.6705e-03 -7.3372e-03 -7.0039e-03 -6.6706e-03 -6.3373e-03 -6.0040e-03 -5.6707e-03 -5.3374e-03 -5.0041e-03 -4.6708e-03 -4.3375e-03 -4.0042e-03 -3.6709e-03 -3.3375e-03 -3.0042e-03 -2.6709e-03 -2.3376e-03 -2.0043e-03 -1.6709e-03 -1.3376e-03 -1.0043e-03 -6.7093e-04 -3.3759e-04 -4.2534e-06 +3.2909e-04 +6.6243e-04 +9.9578e-04 +1.3291e-03 +1.6625e-03 +1.9958e-03 +2.3292e-03 +2.6625e-03 +2.9959e-03 +3.3292e-03 +3.6626e-03 +3.9959e-03 +4.3293e-03 +4.6626e-03 +4.9960e-03 +5.3293e-03 +5.6627e-03 +5.9960e-03 +6.3294e-03 +6.6627e-03 +6.9961e-03 +7.3294e-03 +7.6627e-03 +7.9960e-03 +8.3294e-03 +8.6627e-03 +8.9960e-03 +9.3293e-03 +9.6626e-03 +9.9958e-03 
+0000.00000 -1.0004e-02 -9.6703e-03 -9.3370e-03 -9.0037e-03 -8.6704e-03 -8.3371e-03 -8.0038e-03 -7.6705e-03 -7.3372e-03 -7.0039e-03 -6.6706e-03 -6.3373e-03 -6.0040e-03 -5.6707e-03 -5.3374e-03 -5.0041e-03 -4.6708e-03 -4.3375e-03 -4.0042e-03 -3.6709e-03 -3.3375e-03 -3.0042e-03 -2.6709e-03 -2.3376e-03 -2.0043e-03 -1.6709e-03 -1.3376e-03 -1.0043e-03 -6.7093e-04 -3.3759e-04 -4.2534e-06 +3.2909e-04 +6.6243e-04 +9.9578e-04 +1.3291e-03 +1.6625e-03 +1.9958e-03 +2.3292e-03 +2.6625e-03 +2.9959e-03 +3.3292e-03 +3.6626e-03 +3.9959e-03 +4.3293e-03 +4.6626e-03 +4.9960e-03 +5.3293e-03 +5.6627e-03 +5.9960e-03 +6.3294e-03 +6.6627e-03 +6.9961e-03 +7.3294e-03 +7.6627e-03 +7.9960e-03 +8.3294e-03 +8.6627e-03 +8.9960e-03 +9.3293e-03 +9.6626e-03 +9.9958e-03 
-0000.00050 -1.0004e-02 -9.6703e-03 -9.3370e-03 -9.0037e-03 -8.6704e-03 -8.3371e-03 -8.0038e-03 -7.6705e-03 -7.3372e-03 -7.0039e-03 -6.6706e-03 -6.3373e-03 -6.0040e-03 -5.6707e-03 -5.3374e-03 -5.0041e-03 -4.6708e-03 -4.3375e-03 -4.0042e-03 -3.6709e-03 -3.3375e-03 -3.0042e-03 -2.6709e-03 -2.3376e-03 -2.0043e-03 -1.6709e-03 -1.3376e-03 -1.0043e-03 -6.7093e-04 -3.3759e-04 -4.2534e-06 +3.2909e-04 +6.6243e-04 +9.9578e-04 +1.3291e-03 +1.6625e-03 +1.9958e-03 +2.3292e-03 +2.6625e-03 +2.9959e-03 +3.3292e-03 +3.6626e-03 +3.9959e-03 +4.3293e-03 +4.6626e-03 +4.9960e-03 +5.3293e-03 +5.6627e-03 +5.9960e-03 +6.3294e-03 +6.6627e-03 +6.9961e-03 +7.3294e-03 +7.6627e-03 +7.9960e-03 +8.3294e-03 +8.6627e-03 +8.9960e-03 +9.3293e-03 +9.6626e-03 +9.9958e-03 
-0000.00100 -1.0004e-02 -9.6703e-03 -9.3370e-03 -9.0037e-03 -8.6704e-03 -8.3371e-03 -8.0038e-03 -7.6705e-03 -7.3372e-03 -7.0039e-03 -6.6706e-03 -6.3373e-03 -6.0040e-03 -5.6707e-03 -5.3374e-03 -5.0041e-03 -4.6708e-03 -4.3375e-03 -4.0042e-03 -3.6709e-03 -3.3375e-03 -3.0042e-03 -2.6709e-03 -2.3376e-03 -2.0043e-03 -1.6709e-03 -1.3376e-03 -1.0043e-03 -6.7093e-04 -3.3759e-04 -4.2534e-06 +3.2909e-04 +6.6243e-04 +9.9578e-04 +1.3291e-03 +1.6625e-03 +1.9958e-03 +2.3292e-03 +2.6625e-03 +2.9959e-03 +3.3292e-03 +3.6626e-03 +3.9959e-03 +4.3293e-03 +4.6626e-03 +4.9960e-03 +5.3293e-03 +5.6627e-03 +5.9960e-03 +6.3294e-03 +6.6627e-03 +6.9961e-03 +7.3294e-03 +7.6627e-03 +7.9960e-03 +8.3294e-03 +8.6627e-03 +8.9960e-03 +9.3293e-03 +9.6626e-03 +9.9958e-03 
-0000.00150 -1.0004e-02 -9.6703e-03 -9.3370e-03 -9.0037e-03 -8.6704e-03 -8.3371e-03 -8.0038e-03 -7.6705e-03 -7.3372e-03 -7.0039e-03 -6.6706e-03 -6.3373e-03 -6.0040e-03 -5.6707e-03 -5.3374e-03 -5.0041e-03 -4.6708e-03 -4.3375e-03 -4.0042e-03 -3.6709e-03 -3.3375e-03 -3.0042e-03 -2.6709e-03 -2.3376e-03 -2.0043e-03 -1.6709e-03 -1.3376e-03 -1.0043e-03 -6.7093e-04 -3.3759e-04 -4.2541e-06 +3.2909e-04 +6.6243e-04 +9.9578e-04 +1.3291e-03 +1.6625e-03 +1.9958e-03 +2.3292e-03 +2.6625e-03 +2.9959e-03 +3.3292e-03 +3.6626e-03 +3.9959e-03 +4.3293e-03 +4.6626e-03 +4.9960e-03 +5.3293e-03 +5.6627e-03 +5.9960e-03 +6.3294e-03 +6.6627e-03 +6.9961e-03 +7.3294e-03 +7.6627e-03 +7.9960e-03 +8.3294e-03 +8.6627e-03 +8.9960e-03 +9.3293e-03 +9.6626e-03 +9.9958e-03 
-0000.00200 -1.0004e-02 -9.6703e-03 -9.3370e-03 -9.0037e-03 -8.6704e-03 -8.3371e-03 -8.0038e-03 -7.6705e-03 -7.3372e-03 -7.0039e-03 -6.6706e-03 -6.3373e-03 -6.0040e-03 -5.6707e-03 -5.3374e-03 -5.0041e-03 -4.6708e-03 -4.3375e-03 -4.0042e-03 -3.6709e-03 -3.3376e-03 -3.0042e-03 -2.6709e-03 -2.3376e-03 -2.0043e-03 -1.6709e-03 -1.3376e-03 -1.0043e-03 -6.7095e-04 -3.3761e-04 -4.2720e-06 +3.2907e-04 +6.6241e-04 +9.9576e-04 +1.3291e-03 +1.6625e-03 +1.9958e-03 +2.3292e-03 +2.6625e-03 +2.9959e-03 +3.3292e-03 +3.6626e-03 +3.9959e-03 +4.3293e-03 +4.6626e-03 +4.9960e-03 +5.3293e-03 +5.6627e-03 +5.9960e-03 +6.3294e-03 +6.6627e-03 +6.9961e-03 +7.3294e-03 +7.6627e-03 +7.9960e-03 +8.3294e-03 +8.6627e-03 +8.9960e-03 +9.3293e-03 +9.6626e-03 +9.9958e-03 
# Vertical Final Position [m]
START
            -0000.01000 -0000.00967 -0000.00933 -0000.00900 -0000.00867 -0000.00833 -0000.00800 -0000.00767 -0000.00733 -0000.00700 -0000.00667 -0000.00633 -0000.00600 -0000.00567 -0000.00533 -0000.00500 -0000.00467 -0000.00433 -0000.00400 -0000.00367 -0000.00333 -0000.00300 -0000.00267 -0000.00233 -0000.00200 -0000.00167 -0000.00133 -0000.00100 -0000.00067 -0000.00033 +0000.00000 +0000.00033 +0000.00067 +0000.00100 +0000.00133 +0000.00167 +0000.00200 +0000.00233 +0000.00267 +0000.00300 +0000.00333 +0000.00367 +0000.00400 +0000.00433 +0000.00467 +0000.00500 +0000.00533 +0000.00567 +0000.00600 +0000.00633 +0000.00667 +0000.00700 +0000.00733 +0000.00767 +0000.00800 +0000.00833 +0000.00867 +0000.00900 +0000.00933 +0000.00967 +0000.01000 
+0000.00200 +2.0002e-03 +2.0002e-03 +2.0002e-03 +2.0002e-03 +2.0002e-03 +2.0002e-03 +2.0002e-03 +2.0002e-03 +2.0002e-03 +2.0002e-03 +2.0002e-03 +2.0002e-03 +2.0002e-03 +2.0002e-03 +2.0002e-03 +2.0001e-03 +2.0001e-03 +2.0001e-03 +2.0001e-03 +2.0001e-03 +2.0001e-03 +2.0001e-03 +2.0001e-03 +2.0001e-03 +2.0001e-03 +2.0001e-03 +2.0000e-03 +2.0000e-03 +2.0000e-03 +2.0000e-03 +2.0000e-03 +2.0000e-03 +2.0000e-03 +2.0000e-03 +2.0000e-03 +1.9999e-03 +1.9999e-03 +1.9999e-03 +1.9999e-03 +1.9999e-03 +1.9999e-03 +1.9999e-03 +1.9999e-03 +1.9999e-03 +1.9999e-03 +1.9999e-03 +1.9998e-03 +1.9998e-03 +1.9998e-03 +1.9998e-03 +1.9998e-03 +1.9998e-03 +1.9998e-03 +1.9998e-03 +1.9998e-03 +1.9998e-03 +1.9998e-03 +1.9998e-03 +1.9998e-03 +1.9998e-03 +1.9998e-03 
+0000.00150 +1.5001e-03 +1.5001e-03 +1.5001e-03 +1.5001e-03 +1.5001e-03 +1.5001e-03 +1.5001e-03 +1.5001e-03 +1.5001e-03 +1.5001e-03 +1.5001e-03 +1.5001e-03 +1.5001e-03 +1.5001e-03 +1.5001e-03 +1.5001e-03 +1.5001e-03 +1.5001e-03 +1.5001e-03 +1.5001e-03 +1.5001e-03 +1.5001e-03 +1.5001e-03 +1.5001e-03 +1.5000e-03 +1.5000e-03 +1.5000e-03 +1.5000e-03 +1.5000e-03 +1.5000e-03 +1.5000e-03 +1.5000e-03 +1.5000e-03 +1.5000e-03 +1.5000e-03 +1.5000e-03 +1.5000e-03 +1.4999e-03 +1.4999e-03 +1.4999e-03 +1.4999e-03 +1.4999e-03 +1.4999e-03 +1.4999e-03 +1.4999e-03 +1.4999e-03 +1.4999e-03 +1.4999e-03 +1.4999e-03 +1.4999e-03 +1.4999e-03 +1.4999e-03 +1.4999e-03 +1.4999e-03 +1.4999e-03 +1.4999e-03 +1.4999e-03 +1.4999e-03 +1.4999e-03 +1.4999e-03 +1.4999e-03 
+0000.00100 +1.0001e-03 +1.0001e-03 +1.0001e-03 +1.0001e-03 +1.0001e-03 +1.0001e-03 +1.0001e-03 +1.0001e-03 +1.0001e-03 +1.0001e-03 +1.0001e-03 +1.0001e-03 +1.0001e-03 +1.0001e-03 +1.0001e-03 +1.0001e-03 +1.0001e-03 +1.0001e-03 +1.0001e-03 +1.0001e-03 +1.0000e-03 +1.0000e-03 +1.0000e-03 +1.0000e-03 +1.0000e-03 +1.0000e-03 +1.0000e-03 +1.0000e-03 +1.0000e-03 +9.9999e-04 +9.9999e-04 +9.9998e-04 +9.9998e-04 +9.9997e-04 +9.9997e-04 +9.9997e-04 +9.9996e-04 +9.9996e-04 +9.9995e-04 +9.9995e-04 +9.9995e-04 +9.9994e-04 +9.9994e-04 +9.9994e-04 +9.9994e-04 +9.9994e-04 +9.9993e-04 +9.9993e-04 +9.9993e-04 +9.9993e-04 +9.9993e-04 +9.9993e-04 +9.9993e-04 +9.9993e-04 +9.9993e-04 +9.9992e-04 +9.9992e-04 +9.9992e-04 +9.9992e-04 +9.9992e-04 +9.9992e-04 
+0000.00050 +5.0004e-04 +5.0004e-04 +5.0004e-04 +5.0004e-04 +5.0004e-04 +5.0004e-04 +5.0004e-04 +5.0004e-04 +5.0004e-04 +5.0004e-04 +5.0004e-04 +5.0004e-04 +5.0004e-04 +5.0004e-04 +5.0003e-04 +5.0003e-04 +5.0003e-04 +5.0003e-04 +5.0003e-04 +5.0003e-04 +5.0002e-04 +5.0002e-04 +5.0002e-04 +5.0002e-04 +5.0002e-04 +5.0001e-04 +5.0001e-04 +5.0001e-04 +5.0001e-04 +5.0000e-04 +5.0000e-04 +5.0000e-04 +5.0000e-04 +4.9999e-04 +4.9999e-04 +4.9999e-04 +4.9999e-04 +4.9998e-04 +4.9998e-04 +4.9998e-04 +4.9998e-04 +4.9997e-04 +4.9997e-04 +4.9997e-04 +4.9997e-04 +4.9997e-04 +4.9997e-04 +4.9996e-04 +4.9996e-04 +4.9996e-04 +4.9996e-04 +4.9996e-04 +4.9996e-04 +4.9996e-04 +4.9996e-04 +4.9996e-04 +4.9996e-04 +4.9996e-04 +4.9996e-04 +4.9996e-04 +4.9996e-04 
+0000.00000 -1.2757e-11 -1.3179e-11 -1.3605e-11 -1.4031e-11 -1.4456e-11 -1.4879e-11 -1.5298e-11 -1.5712e-11 -1.6119e-11 -1.6517e-11 -1.6906e-11 -1.7284e-11 -1.7650e-11 -1.8003e-11 -1.8341e-11 -1.8664e-11 -1.8971e-11 -1.9261e-11 -1.9533e-11 -1.9786e-11 -2.0019e-11 -2.0232e-11 -2.0425e-11 -2.0596e-11 -2.0746e-11 -2.0874e-11 -2.0979e-11 -2.1061e-11 -2.1121e-11 -2.1157e-11 -2.1170e-11 -2.1160e-11 -2.1127e-11 -2.1071e-11 -2.0992e-11 -2.0890e-11 -2.0766e-11 -2.0619e-11 -2.0451e-11 -2.0262e-11 -2.0052e-11 -1.9822e-11 -1.9573e-11 -1.9305e-11 -1.9019e-11 -1.8716e-11 -1.8396e-11 -1.8062e-11 -1.7713e-11 -1.7351e-11 -1.6977e-11 -1.6592e-11 -1.6198e-11 -1.5795e-11 -1.5386e-11 -1.4971e-11 -1.4553e-11 -1.4132e-11 -1.3711e-11 -1.3291e-11 -1.2873e-11 
-0000.00050 -5.0004e-04 -5.0004e-04 -5.0004e-04 -5.0004e-04 -5.0004e-04 -5.0004e-04 -5.0004e-04 -5.0004e-04 -5.0004e-04 -5.0004e-04 -5.0004e-04 -5.0004e-04 -5.0004e-04 -5.0004e-04 -5.0003e-04 -5.0003e-04 -5.0003e-04 -5.0003e-04 -5.0003e-04 -5.0003e-04 -5.0002e-04 -5.0002e-04 -5.0002e-04 -5.0002e-04 -5.0002e-04 -5.0001e-04 -5.0001e-04 -5.0001e-04 -5.0001e-04 -5.0000e-04 -5.0000e-04 -5.0000e-04 -5.0000e-04 -4.9999e-04 -4.9999e-04 -4.9999e-04 -4.9999e-04 -4.9998e-04 -4.9998e-04 -4.9998e-04 -4.9998e-04 -4.9997e-04 -4.9997e-04 -4.9997e-04 -4.9997e-04 -4.9997e-04 -4.9997e-04 -4.9996e-04 -4.9996e-04 -4.9996e-04 -4.9996e-04 -4.9996e-04 -4.9996e-04 -4.9996e-04 -4.9996e-04 -4.9996e-04 -4.9996e-04 -4.9996e-04 -4.9996e-04 -4.9996e-04 -4.9996e-04 
-0000.00100 -1.0001e-03 -1.0001e-03 -1.0001e-03 -1.0001e-03 -1.0001e-03 -1.0001e-03 -1.0001e-03 -1.0001e-03 -1.0001e-03 -1.0001e-03 -1.0001e-03 -1.0001e-03 -1.0001e-03 -1.0001e-03 -1.0001e-03 -1.0001e-03 -1.0001e-03 -1.0001e-03 -1.0001e-03 -1.0001e-03 -1.0000e-03 -1.0000e-03 -1.0000e-03 -1.0000e-03 -1.0000e-03 -1.0000e-03 -1.0000e-03 -1.0000e-03 -1.0000e-03 -9.9999e-04 -9.9999e-04 -9.9998e-04 -9.9998e-04 -9.9997e-04 -9.9997e-04 -9.9997e-04 -9.9996e-04 -9.9996e-04 -9.9995e-04 -9.9995e-04 -9.9995e-04 -9.9994e-04 -9.9994e-04 -9.9994e-04 -9.9994e-04 -9.9994e-04 -9.9993e-04 -9.9993e-04 -9.9993e-04 -9.9993e-04 -9.9993e-04 -9.9993e-04 -9.9993e-04 -9.9993e-04 -9.9993e-04 -9.9992e-04 -9.9992e-04 -9.9992e-04 -9.9992e-04 -9.9992e-04 -9.9992e-04 
-0000.00150 -1.5001e-03 -1.5001e-03 -1.5001e-03 -1.5001e-03 -1.5001e-03 -1.5001e-03 -1.5001e-03 -1.5001e-03 -1.5001e-03 -1.5001e-03 -1.5001e-03 -1.5001e-03 -1.5001e-03 -1.5001e-03 -1.5001e-03 -1.5001e-03 -1.5001e-03 -1.5001e-03 -1.5001e-03 -1.5001e-03 -1.5001e-03 -1.5001e-03 -1.5001e-03 -1.5001e-03 -1.5000e-03 -1.5000e-03 -1.5000e-03 -1.5000e-03 -1.5000e-03 -1.5000e-03 -1.5000e-03 -1.5000e-03 -1.5000e-03 -1.5000e-03 -1.5000e-03 -1.5000e-03 -1.5000e-03 -1.4999e-03 -1.4999e-03 -1.4999e-03 -1.4999e-03 -1.4999e-03 -1.4999e-03 -1.4999e-03 -1.4999e-03 -1.4999e-03 -1.4999e-03 -1.4999e-03 -1.4999e-03 -1.4999e-03 -1.4999e-03 -1.4999e-03 -1.4999e-03 -1.4999e-03 -1.4999e-03 -1.4999e-03 -1.4999e-03 -1.4999e-03 -1.4999e-03 -1.4999e-03 -1.4999e-03 
-0000.00200 -2.0002e-03 -2.0002e-03 -2.0002e-03 -2.0002e-03 -2.0002e-03 -2.0002e-03 -2.0002e-03 -2.0002e-03 -2.0002e-03 -2.0002e-03 -2.0002e-03 -2.0002e-03 -2.0002e-03 -2.0002e-03 -2.0002e-03 -2.0001e-03 -2.0001e-03 -2.0001e-03 -2.0001e-03 -2.0001e-03 -2.0001e-03 -2.0001e-03 -2.0001e-03 -2.0001e-03 -2.0001e-03 -2.0001e-03 -2.0000e-03 -2.0000e-03 -2.0000e-03 -2.0000e-03 -2.0000e-03 -2.0000e-03 -2.0000e-03 -2.0000e-03 -2.0000e-03 -1.9999e-03 -1.9999e-03 -1.9999e-03 -1.9999e-03 -1.9999e-03 -1.9999e-03 -1.9999e-03 -1.9999e-03 -1.9999e-03 -1.9999e-03 -1.9999e-03 -1.9998e-03 -1.9998e-03 -1.9998e-03 -1.9998e-03 -1.9998e-03 -1.9998e-03 -1.9998e-03 -1.9998e-03 -1.9998e-03 -1.9998e-03 -1.9998e-03 -1.9998e-03 -1.9998e-03 -1.9998e-03 -1.9998e-03 