# Author: FAC idanalysis.IDKickMap
# Termination_kicks [T2m2]: +0.0000e+00 +0.0000e+00 +0.0000e+00 +0.0000e+00 
# Total Length of Longitudinal Interval [m]
0.13
# Number of Horizontal Points
61
# Number of Vertical Points
9
# Total Horizontal 2nd Order Kick [T2m2]
START
            -0000.01000 -0000.00967 -0000.00933 -0000.00900 -0000.00867 -0000.00833 -0000.00800 -0000.00767 -0000.00733 -0000.00700 -0000.00667 -0000.00633 -0000.00600 -0000.00567 -0000.00533 -0000.00500 -0000.00467 -0000.00433 -0000.00400 -0000.00367 -0000.00333 -0000.00300 -0000.00267 -0000.00233 -0000.00200 -0000.00167 -0000.00133 -0000.00100 -0000.00067 -0000.00033 +0000.00000 +0000.00033 +0000.00067 +0000.00100 +0000.00133 +0000.00167 +0000.00200 +0000.00233 +0000.00267 +0000.00300 +0000.00333 +0000.00367 +0000.00400 +0000.00433 +0000.00467 +0000.00500 +0000.00533 +0000.00567 +0000.00600 +0000.00633 +0000.00667 +0000.00700 +0000.00733 +0000.00767 +0000.00800 +0000.00833 +0000.00867 +0000.00900 +0000.00933 +0000.00967 +0000.01000 
+0000.00200 -6.5553e-05 -6.4979e-05 -6.4428e-05 -6.3899e-05 -6.3392e-05 -6.2906e-05 -6.2442e-05 -6.1999e-05 -6.1577e-05 -6.1175e-05 -6.0793e-05 -6.0432e-05 -6.0090e-05 -5.9767e-05 -5.9464e-05 -5.9180e-05 -5.8914e-05 -5.8668e-05 -5.8439e-05 -5.8229e-05 -5.8037e-05 -5.7864e-05 -5.7708e-05 -5.7570e-05 -5.7450e-05 -5.7347e-05 -5.7262e-05 -5.7194e-05 -5.7144e-05 -5.7111e-05 -5.7096e-05 -5.7098e-05 -5.7117e-05 -5.7154e-05 -5.7208e-05 -5.7280e-05 -5.7369e-05 -5.7476e-05 -5.7600e-05 -5.7742e-05 -5.7902e-05 -5.8080e-05 -5.8276e-05 -5.8490e-05 -5.8722e-05 -5.8973e-05 -5.9243e-05 -5.9531e-05 -5.9839e-05 -6.0166e-05 -6.0512e-05 -6.0878e-05 -6.1264e-05 -6.1670e-05 -6.2097e-05 -6.2544e-05 -6.3013e-05 -6.3502e-05 -6.4014e-05 -6.4547e-05 -6.5103e-05 
+0000.00150 -6.5748e-05 -6.5175e-05 -6.4625e-05 -6.4096e-05 -6.3589e-05 -6.3103e-05 -6.2638e-05 -6.2194e-05 -6.1771e-05 -6.1368e-05 -6.0985e-05 -6.0622e-05 -6.0278e-05 -5.9954e-05 -5.9649e-05 -5.9363e-05 -5.9096e-05 -5.8847e-05 -5.8618e-05 -5.8406e-05 -5.8213e-05 -5.8038e-05 -5.7881e-05 -5.7742e-05 -5.7620e-05 -5.7517e-05 -5.7431e-05 -5.7363e-05 -5.7312e-05 -5.7279e-05 -5.7264e-05 -5.7266e-05 -5.7286e-05 -5.7323e-05 -5.7378e-05 -5.7450e-05 -5.7540e-05 -5.7648e-05 -5.7774e-05 -5.7917e-05 -5.8078e-05 -5.8257e-05 -5.8455e-05 -5.8671e-05 -5.8905e-05 -5.9157e-05 -5.9428e-05 -5.9719e-05 -6.0028e-05 -6.0356e-05 -6.0704e-05 -6.1071e-05 -6.1458e-05 -6.1865e-05 -6.2292e-05 -6.2740e-05 -6.3209e-05 -6.3698e-05 -6.4209e-05 -6.4742e-05 -6.5297e-05 
+0000.00100 -6.5887e-05 -6.5315e-05 -6.4764e-05 -6.4236e-05 -6.3728e-05 -6.3242e-05 -6.2777e-05 -6.2333e-05 -6.1909e-05 -6.1505e-05 -6.1121e-05 -6.0756e-05 -6.0412e-05 -6.0087e-05 -5.9780e-05 -5.9493e-05 -5.9225e-05 -5.8976e-05 -5.8745e-05 -5.8532e-05 -5.8338e-05 -5.8162e-05 -5.8004e-05 -5.7864e-05 -5.7743e-05 -5.7638e-05 -5.7552e-05 -5.7484e-05 -5.7433e-05 -5.7400e-05 -5.7385e-05 -5.7387e-05 -5.7407e-05 -5.7444e-05 -5.7499e-05 -5.7572e-05 -5.7663e-05 -5.7771e-05 -5.7898e-05 -5.8042e-05 -5.8204e-05 -5.8384e-05 -5.8583e-05 -5.8800e-05 -5.9035e-05 -5.9289e-05 -5.9561e-05 -5.9852e-05 -6.0162e-05 -6.0491e-05 -6.0840e-05 -6.1208e-05 -6.1596e-05 -6.2004e-05 -6.2432e-05 -6.2880e-05 -6.3348e-05 -6.3838e-05 -6.4349e-05 -6.4881e-05 -6.5434e-05 
+0000.00050 -6.5970e-05 -6.5398e-05 -6.4848e-05 -6.4319e-05 -6.3812e-05 -6.3326e-05 -6.2860e-05 -6.2416e-05 -6.1991e-05 -6.1587e-05 -6.1202e-05 -6.0837e-05 -6.0492e-05 -6.0166e-05 -5.9859e-05 -5.9572e-05 -5.9303e-05 -5.9053e-05 -5.8821e-05 -5.8608e-05 -5.8413e-05 -5.8237e-05 -5.8079e-05 -5.7938e-05 -5.7816e-05 -5.7712e-05 -5.7625e-05 -5.7557e-05 -5.7506e-05 -5.7473e-05 -5.7457e-05 -5.7459e-05 -5.7479e-05 -5.7517e-05 -5.7573e-05 -5.7646e-05 -5.7737e-05 -5.7846e-05 -5.7972e-05 -5.8117e-05 -5.8280e-05 -5.8461e-05 -5.8660e-05 -5.8877e-05 -5.9113e-05 -5.9367e-05 -5.9640e-05 -5.9932e-05 -6.0243e-05 -6.0573e-05 -6.0922e-05 -6.1291e-05 -6.1679e-05 -6.2087e-05 -6.2515e-05 -6.2964e-05 -6.3433e-05 -6.3922e-05 -6.4433e-05 -6.4965e-05 -6.5518e-05 
+0000.00000 -6.5997e-05 -6.5425e-05 -6.4875e-05 -6.4347e-05 -6.3839e-05 -6.3353e-05 -6.2888e-05 -6.2443e-05 -6.2018e-05 -6.1614e-05 -6.1229e-05 -6.0864e-05 -6.0519e-05 -6.0193e-05 -5.9886e-05 -5.9598e-05 -5.9329e-05 -5.9078e-05 -5.8847e-05 -5.8634e-05 -5.8439e-05 -5.8262e-05 -5.8104e-05 -5.7963e-05 -5.7841e-05 -5.7736e-05 -5.7650e-05 -5.7581e-05 -5.7530e-05 -5.7497e-05 -5.7482e-05 -5.7484e-05 -5.7504e-05 -5.7542e-05 -5.7597e-05 -5.7670e-05 -5.7761e-05 -5.7870e-05 -5.7997e-05 -5.8142e-05 -5.8305e-05 -5.8486e-05 -5.8685e-05 -5.8903e-05 -5.9139e-05 -5.9393e-05 -5.9667e-05 -5.9959e-05 -6.0270e-05 -6.0600e-05 -6.0949e-05 -6.1318e-05 -6.1706e-05 -6.2115e-05 -6.2543e-05 -6.2991e-05 -6.3460e-05 -6.3950e-05 -6.4461e-05 -6.4993e-05 -6.5546e-05 
-0000.00050 -6.5969e-05 -6.5397e-05 -6.4847e-05 -6.4319e-05 -6.3812e-05 -6.3325e-05 -6.2860e-05 -6.2415e-05 -6.1991e-05 -6.1586e-05 -6.1202e-05 -6.0837e-05 -6.0492e-05 -6.0166e-05 -5.9859e-05 -5.9572e-05 -5.9303e-05 -5.9053e-05 -5.8821e-05 -5.8608e-05 -5.8413e-05 -5.8237e-05 -5.8079e-05 -5.7938e-05 -5.7816e-05 -5.7712e-05 -5.7625e-05 -5.7557e-05 -5.7506e-05 -5.7473e-05 -5.7457e-05 -5.7460e-05 -5.7480e-05 -5.7517e-05 -5.7573e-05 -5.7646e-05 -5.7737e-05 -5.7846e-05 -5.7973e-05 -5.8117e-05 -5.8280e-05 -5.8461e-05 -5.8660e-05 -5.8877e-05 -5.9113e-05 -5.9367e-05 -5.9640e-05 -5.9932e-05 -6.0243e-05 -6.0573e-05 -6.0922e-05 -6.1291e-05 -6.1679e-05 -6.2087e-05 -6.2516e-05 -6.2964e-05 -6.3433e-05 -6.3923e-05 -6.4433e-05 -6.4965e-05 -6.5518e-05 
-0000.00100 -6.5886e-05 -6.5314e-05 -6.4763e-05 -6.4235e-05 -6.3728e-05 -6.3241e-05 -6.2776e-05 -6.2332e-05 -6.1908e-05 -6.1504e-05 -6.1120e-05 -6.0756e-05 -6.0411e-05 -6.0086e-05 -5.9780e-05 -5.9493e-05 -5.9225e-05 -5.8975e-05 -5.8744e-05 -5.8532e-05 -5.8338e-05 -5.8162e-05 -5.8004e-05 -5.7864e-05 -5.7743e-05 -5.7639e-05 -5.7552e-05 -5.7484e-05 -5.7433e-05 -5.7400e-05 -5.7385e-05 -5.7387e-05 -5.7407e-05 -5.7444e-05 -5.7500e-05 -5.7573e-05 -5.7663e-05 -5.7772e-05 -5.7898e-05 -5.8042e-05 -5.8205e-05 -5.8385e-05 -5.8583e-05 -5.8800e-05 -5.9035e-05 -5.9289e-05 -5.9561e-05 -5.9853e-05 -6.0163e-05 -6.0492e-05 -6.0841e-05 -6.1209e-05 -6.1597e-05 -6.2004e-05 -6.2432e-05 -6.2880e-05 -6.3349e-05 -6.3839e-05 -6.4349e-05 -6.4882e-05 -6.5435e-05 
-0000.00150 -6.5746e-05 -6.5173e-05 -6.4623e-05 -6.4094e-05 -6.3587e-05 -6.3101e-05 -6.2637e-05 -6.2193e-05 -6.1769e-05 -6.1366e-05 -6.0983e-05 -6.0620e-05 -6.0277e-05 -5.9953e-05 -5.9648e-05 -5.9362e-05 -5.9095e-05 -5.8847e-05 -5.8617e-05 -5.8405e-05 -5.8212e-05 -5.8037e-05 -5.7880e-05 -5.7741e-05 -5.7620e-05 -5.7516e-05 -5.7431e-05 -5.7363e-05 -5.7312e-05 -5.7279e-05 -5.7264e-05 -5.7266e-05 -5.7286e-05 -5.7323e-05 -5.7378e-05 -5.7450e-05 -5.7541e-05 -5.7648e-05 -5.7774e-05 -5.7917e-05 -5.8079e-05 -5.8258e-05 -5.8456e-05 -5.8671e-05 -5.8905e-05 -5.9158e-05 -5.9429e-05 -5.9719e-05 -6.0028e-05 -6.0357e-05 -6.0704e-05 -6.1072e-05 -6.1459e-05 -6.1866e-05 -6.2293e-05 -6.2741e-05 -6.3210e-05 -6.3699e-05 -6.4210e-05 -6.4743e-05 -6.5298e-05 
-0000.00200 -6.5551e-05 -6.4977e-05 -6.4426e-05 -6.3897e-05 -6.3390e-05 -6.2904e-05 -6.2440e-05 -6.1997e-05 -6.1575e-05 -6.1173e-05 -6.0792e-05 -6.0430e-05 -6.0088e-05 -5.9766e-05 -5.9463e-05 -5.9178e-05 -5.8913e-05 -5.8666e-05 -5.8438e-05 -5.8228e-05 -5.8037e-05 -5.7863e-05 -5.7707e-05 -5.7569e-05 -5.7449e-05 -5.7347e-05 -5.7262e-05 -5.7194e-05 -5.7144e-05 -5.7111e-05 -5.7096e-05 -5.7098e-05 -5.7118e-05 -5.7154e-05 -5.7209e-05 -5.7280e-05 -5.7370e-05 -5.7476e-05 -5.7601e-05 -5.7743e-05 -5.7903e-05 -5.8081e-05 -5.8277e-05 -5.8491e-05 -5.8723e-05 -5.8974e-05 -5.9244e-05 -5.9532e-05 -5.9840e-05 -6.0167e-05 -6.0513e-05 -6.0879e-05 -6.1265e-05 -6.1671e-05 -6.2098e-05 -6.2545e-05 -6.3014e-05 -6.3504e-05 -6.4015e-05 -6.4549e-05 -6.5105e-05 
# Total Vertical 2nd Order Kick [T2m2]
START
            -0000.01000 -0000.00967 -0000.00933 -0000.00900 -0000.00867 -0000.00833 -0000.00800 -0000.00767 -0000.00733 -0000.00700 -0000.00667 -0000.00633 -0000.00600 -0000.00567 -0000.00533 -0000.00500 -0000.00467 -0000.00433 -0000.00400 -0000.00367 -0000.00333 -0000.00300 -0000.00267 -0000.00233 -0000.00200 -0000.00167 -0000.00133 -0000.00100 -0000.00067 -0000.00033 +0000.00000 +0000.00033 +0000.00067 +0000.00100 +0000.00133 +0000.00167 +0000.00200 +0000.00233 +0000.00267 +0000.00300 +0000.00333 +0000.00367 +0000.00400 +0000.00433 +0000.00467 +0000.00500 +0000.00533 +0000.00567 +0000.00600 +0000.00633 +0000.00667 +0000.00700 +0000.00733 +0000.00767 +0000.00800 +0000.00833 +0000.00867 +0000.00900 +0000.00933 +0000.00967 +0000.01000 
+0000.00200 -6.5553e-05 -6.4979e-05 -6.4428e-05 -6.3899e-05 -6.3392e-05 -6.2906e-05 -6.2442e-05 -6.1999e-05 -6.1577e-05 -6.1175e-05 -6.0793e-05 -6.0432e-05 -6.0090e-05 -5.9767e-05 -5.9464e-05 -5.9180e-05 -5.8914e-05 -5.8668e-05 -5.8439e-05 -5.8229e-05 -5.8037e-05 -5.7864e-05 -5.7708e-05 -5.7570e-05 -5.7450e-05 -5.7347e-05 -5.7262e-05 -5.7194e-05 -5.7144e-05 -5.7111e-05 -5.7096e-05 -5.7098e-05 -5.7117e-05 -5.7154e-05 -5.7208e-05 -5.7280e-05 -5.7369e-05 -5.7476e-05 -5.7600e-05 -5.7742e-05 -5.7902e-05 -5.8080e-05 -5.8276e-05 -5.8490e-05 -5.8722e-05 -5.8973e-05 -5.9243e-05 -5.9531e-05 -5.9839e-05 -6.0166e-05 -6.0512e-05 -6.0878e-05 -6.1264e-05 -6.1670e-05 -6.2097e-05 -6.2544e-05 -6.3013e-05 -6.3502e-05 -6.4014e-05 -6.4547e-05 -6.5103e-05 
+0000.00150 -6.5553e-05 -6.4979e-05 -6.4428e-05 -6.3899e-05 -6.3392e-05 -6.2906e-05 -6.2442e-05 -6.1999e-05 -6.1577e-05 -6.1175e-05 -6.0793e-05 -6.0432e-05 -6.0090e-05 -5.9767e-05 -5.9464e-05 -5.9180e-05 -5.8914e-05 -5.8668e-05 -5.8439e-05 -5.8229e-05 -5.8037e-05 -5.7864e-05 -5.7708e-05 -5.7570e-05 -5.7450e-05 -5.7347e-05 -5.7262e-05 -5.7194e-05 -5.7144e-05 -5.7111e-05 -5.7096e-05 -5.7098e-05 -5.7117e-05 -5.7154e-05 -5.7208e-05 -5.7280e-05 -5.7369e-05 -5.7476e-05 -5.7600e-05 -5.7742e-05 -5.7902e-05 -5.8080e-05 -5.8276e-05 -5.8490e-05 -5.8722e-05 -5.8973e-05 -5.9243e-05 -5.9531e-05 -5.9839e-05 -6.0166e-05 -6.0512e-05 -6.0878e-05 -6.1264e-05 -6.1670e-05 -6.2097e-05 -6.2544e-05 -6.3013e-05 -6.3502e-05 -6.4014e-05 -6.4547e-05 -6.5103e-05 
+0000.00100 -6.5553e-05 -6.4979e-05 -6.4428e-05 -6.3899e-05 -6.3392e-05 -6.2906e-05 -6.2442e-05 -6.1999e-05 -6.1577e-05 -6.1175e-05 -6.0793e-05 -6.0432e-05 -6.0090e-05 -5.9767e-05 -5.9464e-05 -5.9180e-05 -5.8914e-05 -5.8668e-05 -5.8439e-05 -5.8229e-05 -5.8037e-05 -5.7864e-05 -5.7708e-05 -5.7570e-05 -5.7450e-05 -5.7347e-05 -5.7262e-05 -5.7194e-05 -5.7144e-05 -5.7111e-05 -5.7096e-05 -5.7098e-05 -5.7117e-05 -5.7154e-05 -5.7208e-05 -5.7280e-05 -5.7369e-05 -5.7476e-05 -5.7600e-05 -5.7742e-05 -5.7902e-05 -5.8080e-05 -5.8276e-05 -5.8490e-05 -5.8722e-05 -5.8973e-05 -5.9243e-05 -5.9531e-05 -5.9839e-05 -6.0166e-05 -6.0512e-05 -6.0878e-05 -6.1264e-05 -6.1670e-05 -6.2097e-05 -6.2544e-05 -6.3013e-05 -6.3502e-05 -6.4014e-05 -6.4547e-05 -6.5103e-05 
+0000.00050 -6.5553e-05 -6.4979e-05 -6.4428e-05 -6.3899e-05 -6.3392e-05 -6.2906e-05 -6.2442e-05 -6.1999e-05 -6.1577e-05 -6.1175e-05 -6.0793e-05 -6.0432e-05 -6.0090e-05 -5.9767e-05 -5.9464e-05 -5.9180e-05 -5.8914e-05 -5.8668e-05 -5.8439e-05 -5.8229e-05 -5.8037e-05 -5.7864e-05 -5.7708e-05 -5.7570e-05 -5.7450e-05 -5.7347e-05 -5.7262e-05 -5.7194e-05 -5.7144e-05 -5.7111e-05 -5.7096e-05 -5.7098e-05 -5.7117e-05 -5.7154e-05 -5.7208e-05 -5.7280e-05 -5.7369e-05 -5.7476e-05 -5.7600e-05 -5.7742e-05 -5.7902e-05 -5.8080e-05 -5.8276e-05 -5.8490e-05 -5.8722e-05 -5.8973e-05 -5.9243e-05 -5.9531e-05 -5.9839e-05 -6.0166e-05 -6.0512e-05 -6.0878e-05 -6.1264e-05 -6.1670e-05 -6.2097e-05 -6.2544e-05 -6.3013e-05 -6.3502e-05 -6.4014e-05 -6.4547e-05 -6.5103e-05 
+0000.00000 -6.5553e-05 -6.4979e-05 -6.4428e-05 -6.3899e-05 -6.3392e-05 -6.2906e-05 -6.2442e-05 -6.1999e-05 -6.1577e-05 -6.1175e-05 -6.0793e-05 -6.0432e-05 -6.0090e-05 -5.9767e-05 -5.9464e-05 -5.9180e-05 -5.8914e-05 -5.8668e-05 -5.8439e-05 -5.8229e-05 -5.8037e-05 -5.7864e-05 -5.7708e-05 -5.7570e-05 -5.7450e-05 -5.7347e-05 -5.7262e-05 -5.7194e-05 -5.7144e-05 -5.7111e-05 -5.7096e-05 -5.7098e-05 -5.7117e-05 -5.7154e-05 -5.7208e-05 -5.7280e-05 -5.7369e-05 -5.7476e-05 -5.7600e-05 -5.7742e-05 -5.7902e-05 -5.8080e-05 -5.8276e-05 -5.8490e-05 -5.8722e-05 -5.8973e-05 -5.9243e-05 -5.9531e-05 -5.9839e-05 -6.0166e-05 -6.0512e-05 -6.0878e-05 -6.1264e-05 -6.1670e-05 -6.2097e-05 -6.2544e-05 -6.3013e-05 -6.3502e-05 -6.4014e-05 -6.4547e-05 -6.5103e-05 
-0000.00050 -6.5553e-05 -6.4979e-05 -6.4428e-05 -6.3899e-05 -6.3392e-05 -6.2906e-05 -6.2442e-05 -6.1999e-05 -6.1577e-05 -6.1175e-05 -6.0793e-05 -6.0432e-05 -6.0090e-05 -5.9767e-05 -5.9464e-05 -5.9180e-05 -5.8914e-05 -5.8668e-05 -5.8439e-05 -5.8229e-05 -5.8037e-05 -5.7864e-05 -5.7708e-05 -5.7570e-05 -5.7450e-05 -5.7347e-05 -5.7262e-05 -5.7194e-05 -5.7144e-05 -5.7111e-05 -5.7096e-05 -5.7098e-05 -5.7117e-05 -5.7154e-05 -5.7208e-05 -5.7280e-05 -5.7369e-05 -5.7476e-05 -5.7600e-05 -5.7742e-05 -5.7902e-05 -5.8080e-05 -5.8276e-05 -5.8490e-05 -5.8722e-05 -5.8973e-05 -5.9243e-05 -5.9531e-05 -5.9839e-05 -6.0166e-05 -6.0512e-05 -6.0878e-05 -6.1264e-05 -6.1670e-05 -6.2097e-05 -6.2544e-05 -6.3013e-05 -6.3502e-05 -6.4014e-05 -6.4547e-05 -6.5103e-05 
-0000.00100 -6.5553e-05 -6.4979e-05 -6.4428e-05 -6.3899e-05 -6.3392e-05 -6.2906e-05 -6.2442e-05 -6.1999e-05 -6.1577e-05 -6.1175e-05 -6.0793e-05 -6.0432e-05 -6.0090e-05 -5.9767e-05 -5.9464e-05 -5.9180e-05 -5.8914e-05 -5.8668e-05 -5.8439e-05 -5.8229e-05 -5.8037e-05 -5.7864e-05 -5.7708e-05 -5.7570e-05 -5.7450e-05 -5.7347e-05 -5.7262e-05 -5.7194e-05 -5.7144e-05 -5.7111e-05 -5.7096e-05 -5.7098e-05 -5.7117e-05 -5.7154e-05 -5.7208e-05 -5.7280e-05 -5.7369e-05 -5.7476e-05 -5.7600e-05 -5.7742e-05 -5.7902e-05 -5.8080e-05 -5.8276e-05 -5.8490e-05 -5.8722e-05 -5.8973e-05 -5.9243e-05 -5.9531e-05 -5.9839e-05 -6.0166e-05 -6.0512e-05 -6.0878e-05 -6.1264e-05 -6.1670e-05 -6.2097e-05 -6.2544e-05 -6.3013e-05 -6.3502e-05 -6.4014e-05 -6.4547e-05 -6.5103e-05 
-0000.00150 -6.5553e-05 -6.4979e-05 -6.4428e-05 -6.3899e-05 -6.3392e-05 -6.2906e-05 -6.2442e-05 -6.1999e-05 -6.1577e-05 -6.1175e-05 -6.0793e-05 -6.0432e-05 -6.0090e-05 -5.9767e-05 -5.9464e-05 -5.9180e-05 -5.8914e-05 -5.8668e-05 -5.8439e-05 -5.8229e-05 -5.8037e-05 -5.7864e-05 -5.7708e-05 -5.7570e-05 -5.7450e-05 -5.7347e-05 -5.7262e-05 -5.7194e-05 -5.7144e-05 -5.7111e-05 -5.7096e-05 -5.7098e-05 -5.7117e-05 -5.7154e-05 -5.7208e-05 -5.7280e-05 -5.7369e-05 -5.7476e-05 -5.7600e-05 -5.7742e-05 -5.7902e-05 -5.8080e-05 -5.8276e-05 -5.8490e-05 -5.8722e-05 -5.8973e-05 -5.9243e-05 -5.9531e-05 -5.9839e-05 -6.0166e-05 -6.0512e-05 -6.0878e-05 -6.1264e-05 -6.1670e-05 -6.2097e-05 -6.2544e-05 -6.3013e-05 -6.3502e-05 -6.4014e-05 -6.4547e-05 -6.5103e-05 
-0000.00200 -6.5553e-05 -6.4979e-05 -6.4428e-05 -6.3899e-05 -6.3392e-05 -6.2906e-05 -6.2442e-05 -6.1999e-05 -6.1577e-05 -6.1175e-05 -6.0793e-05 -6.0432e-05 -6.0090e-05 -5.9767e-05 -5.9464e-05 -5.9180e-05 -5.8914e-05 -5.8668e-05 -5.8439e-05 -5.8229e-05 -5.8037e-05 -5.7864e-05 -5.7708e-05 -5.7570e-05 -5.7450e-05 -5.7347e-05 -5.7262e-05 -5.7194e-05 -5.7144e-05 -5.7111e-05 -5.7096e-05 -5.7098e-05 -5.7117e-05 -5.7154e-05 -5.7208e-05 -5.7280e-05 -5.7369e-05 -5.7476e-05 -5.7600e-05 -5.7742e-05 -5.7902e-05 -5.8080e-05 -5.8276e-05 -5.8490e-05 -5.8722e-05 -5.8973e-05 -5.9243e-05 -5.9531e-05 -5.9839e-05 -6.0166e-05 -6.0512e-05 -6.0878e-05 -6.1264e-05 -6.1670e-05 -6.2097e-05 -6.2544e-05 -6.3013e-05 -6.3502e-05 -6.4014e-05 -6.4547e-05 -6.5103e-05 
# Horizontal Final Position [m]
START
            -0000.01000 -0000.00967 -0000.00933 -0000.00900 -0000.00867 -0000.00833 -0000.00800 -0000.00767 -0000.00733 -0000.00700 -0000.00667 -0000.00633 -0000.00600 -0000.00567 -0000.00533 -0000.00500 -0000.00467 -0000.00433 -0000.00400 -0000.00367 -0000.00333 -0000.00300 -0000.00267 -0000.00233 -0000.00200 -0000.00167 -0000.00133 -0000.00100 -0000.00067 -0000.00033 +0000.00000 +0000.00033 +0000.00067 +0000.00100 +0000.00133 +0000.00167 +0000.00200 +0000.00233 +0000.00267 +0000.00300 +0000.00333 +0000.00367 +0000.00400 +0000.00433 +0000.00467 +0000.00500 +0000.00533 +0000.00567 +0000.00600 +0000.00633 +0000.00667 +0000.00700 +0000.00733 +0000.00767 +0000.00800 +0000.00833 +0000.00867 +0000.00900 +0000.00933 +0000.00967 +0000.01000 
+0000.00200 -1.0003e-02 -9.6696e-03 -9.3364e-03 -9.0032e-03 -8.6699e-03 -8.3366e-03 -8.0034e-03 -7.6701e-03 -7.3368e-03 -7.0035e-03 -6.6702e-03 -6.3369e-03 -6.0036e-03 -5.6703e-03 -5.3370e-03 -5.0036e-03 -4.6703e-03 -4.3370e-03 -4.0037e-03 -3.6703e-03 -3.3370e-03 -3.0037e-03 -2.6703e-03 -2.3370e-03 -2.0036e-03 -1.6703e-03 -1.3370e-03 -1.0036e-03 -6.7028e-04 -3.3694e-04 -3.6018e-06 +3.2974e-04 +6.6308e-04 +9.9642e-04 +1.3298e-03 +1.6631e-03 +1.9964e-03 +2.3298e-03 +2.6631e-03 +2.9964e-03 +3.3298e-03 +3.6631e-03 +3.9964e-03 +4.3298e-03 +4.6631e-03 +4.9964e-03 +5.3298e-03 +5.6631e-03 +5.9964e-03 +6.3297e-03 +6.6631e-03 +6.9964e-03 +7.3297e-03 +7.6630e-03 +7.9964e-03 +8.3297e-03 +8.6630e-03 +8.9964e-03 +9.3297e-03 +9.6630e-03 +9.9964e-03 
+0000.00150 -1.0003e-02 -9.6696e-03 -9.3364e-03 -9.0032e-03 -8.6699e-03 -8.3366e-03 -8.0034e-03 -7.6701e-03 -7.3368e-03 -7.0035e-03 -6.6702e-03 -6.3369e-03 -6.0036e-03 -5.6703e-03 -5.3370e-03 -5.0036e-03 -4.6703e-03 -4.3370e-03 -4.0037e-03 -3.6703e-03 -3.3370e-03 -3.0037e-03 -2.6703e-03 -2.3370e-03 -2.0036e-03 -1.6703e-03 -1.3370e-03 -1.0036e-03 -6.7028e-04 -3.3694e-04 -3.6024e-06 +3.2974e-04 +6.6308e-04 +9.9642e-04 +1.3298e-03 +1.6631e-03 +1.9964e-03 +2.3298e-03 +2.6631e-03 +2.9964e-03 +3.3298e-03 +3.6631e-03 +3.9964e-03 +4.3298e-03 +4.6631e-03 +4.9964e-03 +5.3298e-03 +5.6631e-03 +5.9964e-03 +6.3297e-03 +6.6631e-03 +6.9964e-03 +7.3297e-03 +7.6630e-03 +7.9964e-03 +8.3297e-03 +8.6630e-03 +8.9964e-03 +9.3297e-03 +9.6630e-03 +9.9964e-03 
+0000.00100 -1.0003e-02 -9.6696e-03 -9.3364e-03 -9.0032e-03 -8.6699e-03 -8.3366e-03 -8.0034e-03 -7.6701e-03 -7.3368e-03 -7.0035e-03 -6.6702e-03 -6.3369e-03 -6.0036e-03 -5.6703e-03 -5.3370e-03 -5.0036e-03 -4.6703e-03 -4.3370e-03 -4.0037e-03 -3.6703e-03 -3.3370e-03 -3.0037e-03 -2.6703e-03 -2.3370e-03 -2.0036e-03 -1.6703e-03 -1.3370e-03 -1.0036e-03 -6.7028e-04 -3.3694e-04 -3.6024e-06 +3.2974e-04 +6.6308e-04 +9.9642e-04 +1.3298e-03 +1.6631e-03 +1.9964e-03 +2.3298e-03 +2.6631e-03 +2.9964e-03 +3.3298e-03 +3.6631e-03 +3.9964e-03 +4.3298e-03 +4.6631e-03 +4.9964e-03 +5.3298e-03 +5.6631e-03 +5.9964e-03 +6.3297e-03 +6.6631e-03 +6.9964e-03 +7.3297e-03 +7.6630e-03 +7.9964e-03 +8.3297e-03 +8.6630e-03 +8.9964e-03 +9.3297e-03 +9.6630e-03 +9.9964e-03 
+0000.00050 -1.0003e-02 -9.6696e-03 -9.3364e-03 -9.0032e-03 -8.6699e-03 -8.3366e-03 -8.0034e-03 -7.6701e-03 -7.3368e-03 -7.0035e-03 -6.6702e-03 -6.3369e-03 -6.0036e-03 -5.6703e-03 -5.3370e-03 -5.0036e-03 -4.6703e-03 -4.3370e-03 -4.0037e-03 -3.6703e-03 -3.3370e-03 -3.0037e-03 -2.6703e-03 -2.3370e-03 -2.0036e-03 -1.6703e-03 -1.3370e-03 -1.0036e-03 -6.7028e-04 -3.3694e-04 -3.6024e-06 +3.2974e-04 +6.6308e-04 +9.9642e-04 +1.3298e-03 +1.6631e-03 +1.9964e-03 +2.3298e-03 +2.6631e-03 +2.9964e-03 +3.3298e-03 +3.6631e-03 +3.9964e-03 +4.3298e-03 +4.6631e-03 +4.9964e-03 +5.3298e-03 +5.6631e-03 +5.9964e-03 +6.3297e-03 +6.6631e-03 +6.9964e-03 +7.3297e-03 +7.6630e-03 +7.9964e-03 +8.3297e-03 +8.6630e-03 +8.9964e-03 +9.3297e-03 +9.6630e-03 +9.9964e-03 
+0000.00000 -1.0003e-02 -9.6696e-03 -9.3364e-03 -9.0032e-03 -8.6699e-03 -8.3366e-03 -8.0034e-03 -7.6701e-03 -7.3368e-03 -7.0035e-03 -6.6702e-03 -6.3369e-03 -6.0036e-03 -5.6703e-03 -5.3370e-03 -5.0036e-03 -4.6703e-03 -4.3370e-03 -4.0037e-03 -3.6703e-03 -3.3370e-03 -3.0037e-03 -2.6703e-03 -2.3370e-03 -2.0036e-03 -1.6703e-03 -1.3370e-03 -1.0036e-03 -6.7028e-04 -3.3694e-04 -3.6024e-06 +3.2974e-04 +6.6308e-04 +9.9642e-04 +1.3298e-03 +1.6631e-03 +1.9964e-03 +2.3298e-03 +2.6631e-03 +2.9964e-03 +3.3298e-03 +3.6631e-03 +3.9964e-03 +4.3298e-03 +4.6631e-03 +4.9964e-03 +5.3298e-03 +5.6631e-03 +5.9964e-03 +6.3297e-03 +6.6631e-03 +6.9964e-03 +7.3297e-03 +7.6630e-03 +7.9964e-03 +8.3297e-03 +8.6630e-03 +8.9964e-03 +9.3297e-03 +9.6630e-03 +9.9964e-03 
-0000.00050 -1.0003e-02 -9.6696e-03 -9.3364e-03 -9.0032e-03 -8.6699e-03 -8.3366e-03 -8.0034e-03 -7.6701e-03 -7.3368e-03 -7.0035e-03 -6.6702e-03 -6.3369e-03 -6.0036e-03 -5.6703e-03 -5.3370e-03 -5.0036e-03 -4.6703e-03 -4.3370e-03 -4.0037e-03 -3.6703e-03 -3.3370e-03 -3.0037e-03 -2.6703e-03 -2.3370e-03 -2.0036e-03 -1.6703e-03 -1.3370e-03 -1.0036e-03 -6.7028e-04 -3.3694e-04 -3.6024e-06 +3.2974e-04 +6.6308e-04 +9.9642e-04 +1.3298e-03 +1.6631e-03 +1.9964e-03 +2.3298e-03 +2.6631e-03 +2.9964e-03 +3.3298e-03 +3.6631e-03 +3.9964e-03 +4.3298e-03 +4.6631e-03 +4.9964e-03 +5.3298e-03 +5.6631e-03 +5.9964e-03 +6.3297e-03 +6.6631e-03 +6.9964e-03 +7.3297e-03 +7.6630e-03 +7.9964e-03 +8.3297e-03 +8.6630e-03 +8.9964e-03 +9.3297e-03 +9.6630e-03 +9.9964e-03 
-0000.00100 -1.0003e-02 -9.6696e-03 -9.3364e-03 -9.0032e-03 -8.6699e-03 -8.3366e-03 -8.0034e-03 -7.6701e-03 -7.3368e-03 -7.0035e-03 -6.6702e-03 -6.3369e-03 -6.0036e-03 -5.6703e-03 -5.3370e-03 -5.0036e-03 -4.6703e-03 -4.3370e-03 -4.0037e-03 -3.6703e-03 -3.3370e-03 -3.0037e-03 -2.6703e-03 -2.3370e-03 -2.0036e-03 -1.6703e-03 -1.3370e-03 -1.0036e-03 -6.7028e-04 -3.3694e-04 -3.6024e-06 +3.2974e-04 +6.6308e-04 +9.9642e-04 +1.3298e-03 +1.6631e-03 +1.9964e-03 +2.3298e-03 +2.6631e-03 +2.9964e-03 +3.3298e-03 +3.6631e-03 +3.9964e-03 +4.3298e-03 +4.6631e-03 +4.9964e-03 +5.3298e-03 +5.6631e-03 +5.9964e-03 +6.3297e-03 +6.6631e-03 +6.9964e-03 +7.3297e-03 +7.6630e-03 +7.9964e-03 +8.3297e-03 +8.6630e-03 +8.9964e-03 +9.3297e-03 +9.6630e-03 +9.9964e-03 
-0000.00150 -1.0003e-02 -9.6696e-03 -9.3364e-03 -9.0032e-03 -8.6699e-03 -8.3366e-03 -8.0034e-03 -7.6701e-03 -7.3368e-03 -7.0035e-03 -6.6702e-03 -6.3369e-03 -6.0036e-03 -5.6703e-03 -5.3370e-03 -5.0036e-03 -4.6703e-03 -4.3370e-03 -4.0037e-03 -3.6703e-03 -3.3370e-03 -3.0037e-03 -2.6703e-03 -2.3370e-03 -2.0036e-03 -1.6703e-03 -1.3370e-03 -1.0036e-03 -6.7028e-04 -3.3694e-04 -3.6024e-06 +3.2974e-04 +6.6308e-04 +9.9642e-04 +1.3298e-03 +1.6631e-03 +1.9964e-03 +2.3298e-03 +2.6631e-03 +2.9964e-03 +3.3298e-03 +3.6631e-03 +3.9964e-03 +4.3298e-03 +4.6631e-03 +4.9964e-03 +5.3298e-03 +5.6631e-03 +5.9964e-03 +6.3297e-03 +6.6631e-03 +6.9964e-03 +7.3297e-03 +7.6630e-03 +7.9964e-03 +8.3297e-03 +8.6630e-03 +8.9964e-03 +9.3297e-03 +9.6630e-03 +9.9964e-03 
-0000.00200 -1.0003e-02 -9.6696e-03 -9.3364e-03 -9.0032e-03 -8.6699e-03 -8.3366e-03 -8.0034e-03 -7.6701e-03 -7.3368e-03 -7.0035e-03 -6.6702e-03 -6.3369e-03 -6.0036e-03 -5.6703e-03 -5.3370e-03 -5.0036e-03 -4.6703e-03 -4.3370e-03 -4.0037e-03 -3.6703e-03 -3.3370e-03 -3.0037e-03 -2.6703e-03 -2.3370e-03 -2.0036e-03 -1.6703e-03 -1.3370e-03 -1.0036e-03 -6.7028e-04 -3.3694e-04 -3.6018e-06 +3.2974e-04 +6.6308e-04 +9.9642e-04 +1.3298e-03 +1.6631e-03 +1.9964e-03 +2.3298e-03 +2.6631e-03 +2.9964e-03 +3.3298e-03 +3.6631e-03 +3.9964e-03 +4.3298e-03 +4.6631e-03 +4.9964e-03 +5.3298e-03 +5.6631e-03 +5.9964e-03 +6.3297e-03 +6.6631e-03 +6.9964e-03 +7.3297e-03 +7.6630e-03 +7.9964e-03 +8.3297e-03 +8.6630e-03 +8.9964e-03 +9.3297e-03 +9.6630e-03 +9.9964e-03 
# Vertical Final Position [m]
START
            -0000.01000 -0000.00967 -0000.00933 -0000.00900 -0000.00867 -0000.00833 -0000.00800 -0000.00767 -0000.00733 -0000.00700 -0000.00667 -0000.00633 -0000.00600 -0000.00567 -0000.00533 -0000.00500 -0000.00467 -0000.00433 -0000.00400 -0000.00367 -0000.00333 -0000.00300 -0000.00267 -0000.00233 -0000.00200 -0000.00167 -0000.00133 -0000.00100 -0000.00067 -0000.00033 +0000.00000 +0000.00033 +0000.00067 +0000.00100 +0000.00133 +0000.00167 +0000.00200 +0000.00233 +0000.00267 +0000.00300 +0000.00333 +0000.00367 +0000.00400 +0000.00433 +0000.00467 +0000.00500 +0000.00533 +0000.00567 +0000.00600 +0000.00633 +0000.00667 +0000.00700 +0000.00733 +0000.00767 +0000.00800 +0000.00833 +0000.00867 +0000.00900 +0000.00933 +0000.00967 +0000.01000 
+0000.00200 +2.0000e-03 +2.0000e-03 +2.0000e-03 +2.0000e-03 +2.0000e-03 +2.0000e-03 +2.0000e-03 +2.0000e-03 +2.0000e-03 +2.0000e-03 +2.0000e-03 +2.0000e-03 +2.0000e-03 +2.0000e-03 +2.0000e-03 +2.0000e-03 +2.0000e-03 +2.0000e-03 +2.0000e-03 +2.0000e-03 +2.0000e-03 +2.0000e-03 +2.0000e-03 +2.0000e-03 +2.0000e-03 +2.0000e-03 +2.0000e-03 +2.0000e-03 +2.0000e-03 +2.0000e-03 +2.0000e-03 +2.0000e-03 +2.0000e-03 +2.0000e-03 +2.0000e-03 +2.0000e-03 +2.0000e-03 +2.0000e-03 +2.0000e-03 +2.0000e-03 +2.0000e-03 +2.0000e-03 +2.0000e-03 +2.0000e-03 +1.9999e-03 +1.9999e-03 +1.9999e-03 +1.9999e-03 +1.9999e-03 +1.9999e-03 +1.9999e-03 +1.9999e-03 +1.9999e-03 +1.9999e-03 +1.9999e-03 +1.9999e-03 +1.9999e-03 +1.9999e-03 +1.9999e-03 +1.9999e-03 +1.9999e-03 
+0000.00150 +1.5000e-03 +1.5000e-03 +1.5000e-03 +1.5000e-03 +1.5000e-03 +1.5000e-03 +1.5000e-03 +1.5000e-03 +1.5000e-03 +1.5000e-03 +1.5000e-03 +1.5000e-03 +1.5000e-03 +1.5000e-03 +1.5000e-03 +1.5000e-03 +1.5000e-03 +1.5000e-03 +1.5000e-03 +1.5000e-03 +1.5000e-03 +1.5000e-03 +1.5000e-03 +1.5000e-03 +1.5000e-03 +1.5000e-03 +1.5000e-03 +1.5000e-03 +1.5000e-03 +1.5000e-03 +1.5000e-03 +1.5000e-03 +1.5000e-03 +1.5000e-03 +1.5000e-03 +1.5000e-03 +1.5000e-03 +1.5000e-03 +1.5000e-03 +1.5000e-03 +1.5000e-03 +1.5000e-03 +1.5000e-03 +1.5000e-03 +1.5000e-03 +1.5000e-03 +1.5000e-03 +1.5000e-03 +1.5000e-03 +1.5000e-03 +1.5000e-03 +1.4999e-03 +1.4999e-03 +1.4999e-03 +1.4999e-03 +1.4999e-03 +1.4999e-03 +1.4999e-03 +1.4999e-03 +1.4999e-03 +1.4999e-03 
+0000.00100 +1.0000e-03 +1.0000e-03 +1.0000e-03 +1.0000e-03 +1.0000e-03 +1.0000e-03 +1.0000e-03 +1.0000e-03 +1.0000e-03 +1.0000e-03 +1.0000e-03 +1.0000e-03 +1.0000e-03 +1.0000e-03 +1.0000e-03 +1.0000e-03 +1.0000e-03 +1.0000e-03 +1.0000e-03 +1.0000e-03 +1.0000e-03 +1.0000e-03 +1.0000e-03 +1.0000e-03 +1.0000e-03 +9.9999e-04 +9.9999e-04 +9.9999e-04 +9.9999e-04 +9.9999e-04 +9.9999e-04 +9.9999e-04 +9.9999e-04 +9.9999e-04 +9.9999e-04 +9.9999e-04 +9.9998e-04 +9.9998e-04 +9.9998e-04 +9.9998e-04 +9.9998e-04 +9.9998e-04 +9.9998e-04 +9.9998e-04 +9.9997e-04 +9.9997e-04 +9.9997e-04 +9.9997e-04 +9.9997e-04 +9.9997e-04 +9.9997e-04 +9.9997e-04 +9.9996e-04 +9.9996e-04 +9.9996e-04 +9.9996e-04 +9.9996e-04 +9.9996e-04 +9.9996e-04 +9.9995e-04 +9.9995e-04 
+0000.00050 +5.0001e-04 +5.0001e-04 +5.0001e-04 +5.0001e-04 +5.0001e-04 +5.0001e-04 +5.0001e-04 +5.0001e-04 +5.0001e-04 +5.0001e-04 +5.0001e-04 +5.0000e-04 +5.0000e-04 +5.0000e-04 +5.0000e-04 +5.0000e-04 +5.0000e-04 +5.0000e-04 +5.0000e-04 +5.0000e-04 +5.0000e-04 +5.0000e-04 +5.0000e-04 +5.0000e-04 +5.0000e-04 +5.0000e-04 +5.0000e-04 +5.0000e-04 +5.0000e-04 +4.9999e-04 +4.9999e-04 +4.9999e-04 +4.9999e-04 +4.9999e-04 +4.9999e-04 +4.9999e-04 +4.9999e-04 +4.9999e-04 +4.9999e-04 +4.9999e-04 +4.9999e-04 +4.9999e-04 +4.9999e-04 +4.9999e-04 +4.9999e-04 +4.9999e-04 +4.9999e-04 +4.9999e-04 +4.9999e-04 +4.9999e-04 +4.9998e-04 +4.9998e-04 +4.9998e-04 +4.9998e-04 +4.9998e-04 +4.9998e-04 +4.9998e-04 +4.9998e-04 +4.9998e-04 +4.9998e-04 +4.9998e-04 
+0000.00000 -2.4267e-11 -2.4631e-11 -2.4986e-11 -2.5332e-11 -2.5668e-11 -2.5994e-11 -2.6310e-11 -2.6616e-11 -2.6910e-11 -2.7194e-11 -2.7466e-11 -2.7727e-11 -2.7975e-11 -2.8212e-11 -2.8436e-11 -2.8648e-11 -2.8847e-11 -2.9033e-11 -2.9206e-11 -2.9366e-11 -2.9513e-11 -2.9646e-11 -2.9766e-11 -2.9871e-11 -2.9963e-11 -3.0042e-11 -3.0106e-11 -3.0156e-11 -3.0192e-11 -3.0214e-11 -3.0222e-11 -3.0216e-11 -3.0196e-11 -3.0161e-11 -3.0113e-11 -3.0050e-11 -2.9974e-11 -2.9883e-11 -2.9779e-11 -2.9661e-11 -2.9529e-11 -2.9383e-11 -2.9225e-11 -2.9052e-11 -2.8867e-11 -2.8669e-11 -2.8457e-11 -2.8233e-11 -2.7997e-11 -2.7748e-11 -2.7487e-11 -2.7215e-11 -2.6931e-11 -2.6635e-11 -2.6328e-11 -2.6011e-11 -2.5683e-11 -2.5345e-11 -2.4997e-11 -2.4639e-11 -2.4273e-11 
-0000.00050 -5.0001e-04 -5.0001e-04 -5.0001e-04 -5.0001e-04 -5.0001e-04 -5.0001e-04 -5.0001e-04 -5.0001e-04 -5.0001e-04 -5.0001e-04 -5.0001e-04 -5.0000e-04 -5.0000e-04 -5.0000e-04 -5.0000e-04 -5.0000e-04 -5.0000e-04 -5.0000e-04 -5.0000e-04 -5.0000e-04 -5.0000e-04 -5.0000e-04 -5.0000e-04 -5.0000e-04 -5.0000e-04 -5.0000e-04 -5.0000e-04 -5.0000e-04 -5.0000e-04 -5.0000e-04 -5.0000e-04 -5.0000e-04 -4.9999e-04 -4.9999e-04 -4.9999e-04 -4.9999e-04 -4.9999e-04 -4.9999e-04 -4.9999e-04 -4.9999e-04 -4.9999e-04 -4.9999e-04 -4.9999e-04 -4.9999e-04 -4.9999e-04 -4.9999e-04 -4.9999e-04 -4.9999e-04 -4.9999e-04 -4.9999e-04 -4.9998e-04 -4.9998e-04 -4.9998e-04 -4.9998e-04 -4.9998e-04 -4.9998e-04 -4.9998e-04 -4.9998e-04 -4.9998e-04 -4.9998e-04 -4.9998e-04 
-0000.00100 -1.0000e-03 -1.0000e-03 -1.0000e-03 -1.0000e-03 -1.0000e-03 -1.0000e-03 -1.0000e-03 -1.0000e-03 -1.0000e-03 -1.0000e-03 -1.0000e-03 -1.0000e-03 -1.0000e-03 -1.0000e-03 -1.0000e-03 -1.0000e-03 -1.0000e-03 -1.0000e-03 -1.0000e-03 -1.0000e-03 -1.0000e-03 -1.0000e-03 -1.0000e-03 -1.0000e-03 -1.0000e-03 -9.9999e-04 -9.9999e-04 -9.9999e-04 -9.9999e-04 -9.9999e-04 -9.9999e-04 -9.9999e-04 -9.9999e-04 -9.9999e-04 -9.9999e-04 -9.9999e-04 -9.9998e-04 -9.9998e-04 -9.9998e-04 -9.9998e-04 -9.9998e-04 -9.9998e-04 -9.9998e-04 -9.9998e-04 -9.9997e-04 -9.9997e-04 -9.9997e-04 -9.9997e-04 -9.9997e-04 -9.9997e-04 -9.9997e-04 -9.9997e-04 -9.9996e-04 -9.9996e-04 -9.9996e-04 -9.9996e-04 -9.9996e-04 -9.9996e-04 -9.9996e-04 -9.9995e-04 -9.9995e-04 
-0000.00150 -1.5000e-03 -1.5000e-03 -1.5000e-03 -1.5000e-03 -1.5000e-03 -1.5000e-03 -1.5000e-03 -1.5000e-03 -1.5000e-03 -1.5000e-03 -1.5000e-03 -1.5000e-03 -1.5000e-03 -1.5000e-03 -1.5000e-03 -1.5000e-03 -1.5000e-03 -1.5000e-03 -1.5000e-03 -1.5000e-03 -1.5000e-03 -1.5000e-03 -1.5000e-03 -1.5000e-03 -1.5000e-03 -1.5000e-03 -1.5000e-03 -1.5000e-03 -1.5000e-03 -1.5000e-03 -1.5000e-03 -1.5000e-03 -1.5000e-03 -1.5000e-03 -1.5000e-03 -1.5000e-03 -1.5000e-03 -1.5000e-03 -1.5000e-03 -1.5000e-03 -1.5000e-03 -1.5000e-03 -1.5000e-03 -1.5000e-03 -1.5000e-03 -1.5000e-03 -1.5000e-03 -1.5000e-03 -1.5000e-03 -1.5000e-03 -1.5000e-03 -1.4999e-03 -1.4999e-03 -1.4999e-03 -1.4999e-03 -1.4999e-03 -1.4999e-03 -1.4999e-03 -1.4999e-03 -1.4999e-03 -1.4999e-03 
-0000.00200 -2.0000e-03 -2.0000e-03 -2.0000e-03 -2.0000e-03 -2.0000e-03 -2.0000e-03 -2.0000e-03 -2.0000e-03 -2.0000e-03 -2.0000e-03 -2.0000e-03 -2.0000e-03 -2.0000e-03 -2.0000e-03 -2.0000e-03 -2.0000e-03 -2.0000e-03 -2.0000e-03 -2.0000e-03 -2.0000e-03 -2.0000e-03 -2.0000e-03 -2.0000e-03 -2.0000e-03 -2.0000e-03 -2.0000e-03 -2.0000e-03 -2.0000e-03 -2.0000e-03 -2.0000e-03 -2.0000e-03 -2.0000e-03 -2.0000e-03 -2.0000e-03 -2.0000e-03 -2.0000e-03 -2.0000e-03 -2.0000e-03 -2.0000e-03 -2.0000e-03 -2.0000e-03 -2.0000e-03 -2.0000e-03 -2.0000e-03 -1.9999e-03 -1.9999e-03 -1.9999e-03 -1.9999e-03 -1.9999e-03 -1.9999e-03 -1.9999e-03 -1.9999e-03 -1.9999e-03 -1.9999e-03 -1.9999e-03 -1.9999e-03 -1.9999e-03 -1.9999e-03 -1.9999e-03 -1.9999e-03 -1.9999e-03 