# Author: FAC idanalysis.IDKickMap
# 
# Total Length of Longitudinal Interval [m]
None
# Number of Horizontal Points
21
# Number of Vertical Points
5
# Total Horizontal 2nd Order Kick [T2m2]
START
            -0000.01000 -0000.00900 -0000.00800 -0000.00700 -0000.00600 -0000.00500 -0000.00400 -0000.00300 -0000.00200 -0000.00100 +0000.00000 +0000.00100 +0000.00200 +0000.00300 +0000.00400 +0000.00500 +0000.00600 +0000.00700 +0000.00800 +0000.00900 +0000.01000 
+0000.00600 +2.5698e-06 +3.4924e-04 -2.5988e-06 +2.0899e-06 +1.3413e-04 -2.5294e-06 +2.0611e-06 +4.6980e-05 -2.4674e-06 +2.0857e-06 -1.6222e-07 -2.4006e-06 +2.1504e-06 -4.9333e-05 -2.3528e-06 +2.2293e-06 -1.3446e-04 -2.4181e-06 +2.2545e-06 -3.4936e-04 -2.6456e-06 
+0000.00300 +1.6575e-07 +4.4010e-05 -5.4758e-07 +1.5703e-07 +6.9573e-05 -5.2021e-07 +1.7479e-07 +2.0134e-05 -4.1268e-07 +2.7055e-07 -5.0021e-07 -3.4081e-07 +3.4327e-07 -2.1131e-05 -2.2532e-07 +4.7739e-07 -7.0466e-05 -1.9426e-07 +5.2821e-07 -4.4710e-05 -1.4494e-07 
+0000.00000 -1.4492e-06 -1.1551e-06 -1.0313e-06 -6.8284e-07 -6.4507e-07 -6.3967e-07 -3.7068e-07 -3.5365e-07 -3.4123e-07 -8.4366e-08 -8.9166e-08 -9.2037e-08 +1.6592e-07 +1.7944e-07 +2.0284e-07 +4.7706e-07 +4.8651e-07 +5.3413e-07 +8.9289e-07 +1.0289e-06 +1.3459e-06 
-0000.00300 -2.2295e-08 +4.4562e-05 -6.6999e-07 +4.0299e-08 +7.0336e-05 -5.9612e-07 +1.0181e-07 +2.1025e-05 -4.3748e-07 +2.4820e-07 +4.3554e-07 -3.1672e-07 +3.7046e-07 -2.0144e-05 -1.5228e-07 +5.5262e-07 -6.9510e-05 -7.5361e-08 +6.5232e-07 -4.3848e-05 +4.5879e-08 
-0000.00600 +2.3201e-06 +3.4994e-04 -2.7040e-06 +1.9983e-06 +1.3524e-04 -2.5995e-06 +2.0059e-06 +4.8308e-05 -2.4971e-06 +2.0719e-06 +1.2753e-06 -2.3869e-06 +2.1784e-06 -4.7773e-05 -2.3013e-06 +2.2932e-06 -1.3295e-04 -2.3241e-06 +2.3602e-06 -3.4792e-04 -2.3985e-06 
# Total Vertical 2nd Order Kick [T2m2]
START
            -0000.01000 -0000.00900 -0000.00800 -0000.00700 -0000.00600 -0000.00500 -0000.00400 -0000.00300 -0000.00200 -0000.00100 +0000.00000 +0000.00100 +0000.00200 +0000.00300 +0000.00400 +0000.00500 +0000.00600 +0000.00700 +0000.00800 +0000.00900 +0000.01000 
+0000.00600 +4.5256e-05 +8.6810e-05 +4.5596e-05 +4.5287e-05 +8.5029e-05 +4.5530e-05 +4.5277e-05 +8.4172e-05 +4.5382e-05 +4.5183e-05 +8.3725e-05 +4.5151e-05 +4.4997e-05 +8.3555e-05 +4.4816e-05 +4.4714e-05 +8.3692e-05 +4.4342e-05 +4.4274e-05 +8.4316e-05 +4.3814e-05 
+0000.00300 +6.3564e-05 +5.7431e-05 +6.4712e-05 +6.5118e-05 +5.9246e-05 +6.5656e-05 +6.5889e-05 +6.0192e-05 +6.6212e-05 +6.6294e-05 +6.0481e-05 +6.6446e-05 +6.6462e-05 +6.0603e-05 +6.6461e-05 +6.6332e-05 +6.0102e-05 +6.6128e-05 +6.5824e-05 +5.8731e-05 +6.5060e-05 
+0000.00000 -5.4259e-09 -5.6942e-09 -7.5709e-09 -7.2133e-09 -8.4420e-09 -1.0109e-08 -9.6231e-09 -9.6377e-09 -1.0400e-08 -1.0169e-08 -9.8295e-09 -1.0368e-08 -1.0623e-08 -9.8343e-09 -9.8551e-09 -1.0155e-08 -8.3083e-09 -7.2489e-09 -7.5263e-09 -5.4585e-09 -5.4906e-09 
-0000.00300 -6.1961e-05 -5.5606e-05 -6.2709e-05 -6.3013e-05 -5.7000e-05 -6.3294e-05 -6.3465e-05 -5.7694e-05 -6.3662e-05 -6.3724e-05 -5.7904e-05 -6.3875e-05 -6.3912e-05 -5.8113e-05 -6.4037e-05 -6.3971e-05 -5.7868e-05 -6.4023e-05 -6.3820e-05 -5.6920e-05 -6.3449e-05 
-0000.00600 -4.5500e-05 -8.7129e-05 -4.5901e-05 -4.5720e-05 -8.5542e-05 -4.6032e-05 -4.5861e-05 -8.4822e-05 -4.5997e-05 -4.5822e-05 -8.4395e-05 -4.5790e-05 -4.5612e-05 -8.4184e-05 -4.5393e-05 -4.5209e-05 -8.4164e-05 -4.4762e-05 -4.4570e-05 -8.4588e-05 -4.4049e-05 
# Horizontal Final Position [m]
START
            -0000.01000 -0000.00900 -0000.00800 -0000.00700 -0000.00600 -0000.00500 -0000.00400 -0000.00300 -0000.00200 -0000.00100 +0000.00000 +0000.00100 +0000.00200 +0000.00300 +0000.00400 +0000.00500 +0000.00600 +0000.00700 +0000.00800 +0000.00900 +0000.01000 
+0000.00600 -1.0000e-02 -9.0008e-03 -8.0009e-03 -7.0011e-03 -6.0014e-03 -5.0014e-03 -4.0014e-03 -3.0018e-03 -2.0015e-03 -1.0015e-03 -1.9166e-06 +9.9845e-04 +1.9985e-03 +2.9981e-03 +3.9986e-03 +4.9986e-03 +5.9983e-03 +6.9989e-03 +7.9991e-03 +8.9985e-03 +9.9995e-03 
+0000.00300 -1.0001e-02 -9.0008e-03 -8.0010e-03 -7.0012e-03 -6.0012e-03 -5.0015e-03 -4.0015e-03 -3.0016e-03 -2.0017e-03 -1.0017e-03 -1.6849e-06 +9.9833e-04 +1.9983e-03 +2.9984e-03 +3.9985e-03 +4.9985e-03 +5.9986e-03 +6.9988e-03 +7.9990e-03 +8.9991e-03 +9.9994e-03 
+0000.00000 -1.0001e-02 -9.0010e-03 -8.0012e-03 -7.0013e-03 -6.0015e-03 -5.0016e-03 -4.0017e-03 -3.0018e-03 -2.0018e-03 -1.0018e-03 -1.8382e-06 +9.9817e-04 +1.9982e-03 +2.9982e-03 +3.9983e-03 +4.9984e-03 +5.9985e-03 +6.9987e-03 +7.9988e-03 +8.9990e-03 +9.9992e-03 
-0000.00300 -1.0001e-02 -9.0008e-03 -8.0010e-03 -7.0012e-03 -6.0012e-03 -5.0015e-03 -4.0015e-03 -3.0016e-03 -2.0017e-03 -1.0017e-03 -1.6840e-06 +9.9833e-04 +1.9983e-03 +2.9984e-03 +3.9985e-03 +4.9985e-03 +5.9986e-03 +6.9988e-03 +7.9990e-03 +8.9991e-03 +9.9994e-03 
-0000.00600 -1.0000e-02 -9.0008e-03 -8.0009e-03 -7.0011e-03 -6.0014e-03 -5.0014e-03 -4.0014e-03 -3.0018e-03 -2.0015e-03 -1.0015e-03 -1.9151e-06 +9.9845e-04 +1.9985e-03 +2.9981e-03 +3.9986e-03 +4.9986e-03 +5.9983e-03 +6.9989e-03 +7.9991e-03 +8.9985e-03 +9.9995e-03 
# Vertical Final Position [m]
START
            -0000.01000 -0000.00900 -0000.00800 -0000.00700 -0000.00600 -0000.00500 -0000.00400 -0000.00300 -0000.00200 -0000.00100 +0000.00000 +0000.00100 +0000.00200 +0000.00300 +0000.00400 +0000.00500 +0000.00600 +0000.00700 +0000.00800 +0000.00900 +0000.01000 
+0000.00600 +6.0014e-03 +6.0012e-03 +6.0009e-03 +6.0010e-03 +6.0008e-03 +6.0005e-03 +6.0006e-03 +6.0004e-03 +6.0002e-03 +6.0002e-03 +6.0001e-03 +5.9999e-03 +5.9999e-03 +5.9997e-03 +5.9995e-03 +5.9995e-03 +5.9994e-03 +5.9991e-03 +5.9992e-03 +5.9989e-03 +5.9987e-03 
+0000.00300 +2.9992e-03 +2.9993e-03 +2.9995e-03 +2.9995e-03 +2.9996e-03 +2.9997e-03 +2.9998e-03 +2.9999e-03 +3.0000e-03 +3.0000e-03 +3.0001e-03 +3.0002e-03 +3.0002e-03 +3.0003e-03 +3.0004e-03 +3.0005e-03 +3.0005e-03 +3.0006e-03 +3.0007e-03 +3.0008e-03 +3.0009e-03 
+0000.00000 -8.8737e-11 -7.8506e-11 -7.8112e-11 -6.6513e-11 -6.4741e-11 -6.8559e-11 -6.2692e-11 -6.0793e-11 -6.4151e-11 -6.2172e-11 -5.9552e-11 -6.2346e-11 -6.4327e-11 -6.0919e-11 -6.2839e-11 -6.8567e-11 -6.4657e-11 -6.6669e-11 -7.8252e-11 -7.8461e-11 -8.8893e-11 
-0000.00300 -2.9992e-03 -2.9993e-03 -2.9994e-03 -2.9995e-03 -2.9996e-03 -2.9997e-03 -2.9997e-03 -2.9998e-03 -2.9999e-03 -3.0000e-03 -3.0000e-03 -3.0001e-03 -3.0002e-03 -3.0003e-03 -3.0004e-03 -3.0004e-03 -3.0005e-03 -3.0006e-03 -3.0006e-03 -3.0008e-03 -3.0009e-03 
-0000.00600 -6.0014e-03 -6.0012e-03 -6.0009e-03 -6.0010e-03 -6.0008e-03 -6.0005e-03 -6.0006e-03 -6.0004e-03 -6.0002e-03 -6.0002e-03 -6.0001e-03 -5.9998e-03 -5.9999e-03 -5.9997e-03 -5.9995e-03 -5.9995e-03 -5.9994e-03 -5.9991e-03 -5.9991e-03 -5.9989e-03 -5.9987e-03 