# Author: FAC idanalysis.IDKickMap
# Termination_kicks [T2m2]: +0.0000e+00 +0.0000e+00 +0.0000e+00 +0.0000e+00 
# Total Length of Longitudinal Interval [m]
0.13
# Number of Horizontal Points
61
# Number of Vertical Points
9
# Total Horizontal 2nd Order Kick [T2m2]
START
            -0000.01000 -0000.00967 -0000.00933 -0000.00900 -0000.00867 -0000.00833 -0000.00800 -0000.00767 -0000.00733 -0000.00700 -0000.00667 -0000.00633 -0000.00600 -0000.00567 -0000.00533 -0000.00500 -0000.00467 -0000.00433 -0000.00400 -0000.00367 -0000.00333 -0000.00300 -0000.00267 -0000.00233 -0000.00200 -0000.00167 -0000.00133 -0000.00100 -0000.00067 -0000.00033 +0000.00000 +0000.00033 +0000.00067 +0000.00100 +0000.00133 +0000.00167 +0000.00200 +0000.00233 +0000.00267 +0000.00300 +0000.00333 +0000.00367 +0000.00400 +0000.00433 +0000.00467 +0000.00500 +0000.00533 +0000.00567 +0000.00600 +0000.00633 +0000.00667 +0000.00700 +0000.00733 +0000.00767 +0000.00800 +0000.00833 +0000.00867 +0000.00900 +0000.00933 +0000.00967 +0000.01000 
+0000.00200 +1.1304e-04 +1.1204e-04 +1.1107e-04 +1.1015e-04 +1.0926e-04 +1.0841e-04 +1.0760e-04 +1.0683e-04 +1.0609e-04 +1.0540e-04 +1.0473e-04 +1.0411e-04 +1.0351e-04 +1.0296e-04 +1.0243e-04 +1.0195e-04 +1.0149e-04 +1.0107e-04 +1.0068e-04 +1.0032e-04 +1.0000e-04 +9.9710e-05 +9.9451e-05 +9.9223e-05 +9.9028e-05 +9.8864e-05 +9.8731e-05 +9.8630e-05 +9.8560e-05 +9.8521e-05 +9.8514e-05 +9.8537e-05 +9.8592e-05 +9.8679e-05 +9.8796e-05 +9.8946e-05 +9.9126e-05 +9.9339e-05 +9.9583e-05 +9.9860e-05 +1.0017e-04 +1.0051e-04 +1.0088e-04 +1.0129e-04 +1.0173e-04 +1.0221e-04 +1.0271e-04 +1.0326e-04 +1.0383e-04 +1.0445e-04 +1.0509e-04 +1.0578e-04 +1.0650e-04 +1.0726e-04 +1.0805e-04 +1.0889e-04 +1.0976e-04 +1.1067e-04 +1.1163e-04 +1.1262e-04 +1.1365e-04 
+0000.00150 +1.1341e-04 +1.1240e-04 +1.1143e-04 +1.1050e-04 +1.0961e-04 +1.0875e-04 +1.0794e-04 +1.0716e-04 +1.0643e-04 +1.0572e-04 +1.0506e-04 +1.0443e-04 +1.0383e-04 +1.0327e-04 +1.0275e-04 +1.0226e-04 +1.0180e-04 +1.0138e-04 +1.0099e-04 +1.0063e-04 +1.0030e-04 +1.0001e-04 +9.9750e-05 +9.9521e-05 +9.9325e-05 +9.9160e-05 +9.9027e-05 +9.8925e-05 +9.8855e-05 +9.8816e-05 +9.8809e-05 +9.8833e-05 +9.8888e-05 +9.8975e-05 +9.9093e-05 +9.9243e-05 +9.9425e-05 +9.9638e-05 +9.9884e-05 +1.0016e-04 +1.0047e-04 +1.0081e-04 +1.0119e-04 +1.0160e-04 +1.0204e-04 +1.0252e-04 +1.0303e-04 +1.0357e-04 +1.0415e-04 +1.0477e-04 +1.0542e-04 +1.0611e-04 +1.0683e-04 +1.0759e-04 +1.0839e-04 +1.0923e-04 +1.1011e-04 +1.1102e-04 +1.1198e-04 +1.1298e-04 +1.1402e-04 
+0000.00100 +1.1367e-04 +1.1265e-04 +1.1168e-04 +1.1075e-04 +1.0985e-04 +1.0900e-04 +1.0818e-04 +1.0740e-04 +1.0666e-04 +1.0596e-04 +1.0529e-04 +1.0466e-04 +1.0406e-04 +1.0350e-04 +1.0297e-04 +1.0248e-04 +1.0202e-04 +1.0159e-04 +1.0120e-04 +1.0084e-04 +1.0052e-04 +1.0022e-04 +9.9962e-05 +9.9733e-05 +9.9536e-05 +9.9370e-05 +9.9236e-05 +9.9134e-05 +9.9064e-05 +9.9025e-05 +9.9018e-05 +9.9042e-05 +9.9097e-05 +9.9185e-05 +9.9303e-05 +9.9454e-05 +9.9636e-05 +9.9851e-05 +1.0010e-04 +1.0038e-04 +1.0069e-04 +1.0103e-04 +1.0141e-04 +1.0182e-04 +1.0226e-04 +1.0274e-04 +1.0325e-04 +1.0380e-04 +1.0438e-04 +1.0500e-04 +1.0566e-04 +1.0635e-04 +1.0707e-04 +1.0784e-04 +1.0864e-04 +1.0948e-04 +1.1036e-04 +1.1128e-04 +1.1224e-04 +1.1324e-04 +1.1428e-04 
+0000.00050 +1.1382e-04 +1.1281e-04 +1.1183e-04 +1.1090e-04 +1.1000e-04 +1.0915e-04 +1.0833e-04 +1.0755e-04 +1.0681e-04 +1.0610e-04 +1.0543e-04 +1.0480e-04 +1.0420e-04 +1.0364e-04 +1.0311e-04 +1.0261e-04 +1.0215e-04 +1.0173e-04 +1.0134e-04 +1.0098e-04 +1.0065e-04 +1.0035e-04 +1.0009e-04 +9.9862e-05 +9.9664e-05 +9.9498e-05 +9.9363e-05 +9.9261e-05 +9.9190e-05 +9.9151e-05 +9.9143e-05 +9.9167e-05 +9.9223e-05 +9.9310e-05 +9.9429e-05 +9.9580e-05 +9.9762e-05 +9.9977e-05 +1.0022e-04 +1.0050e-04 +1.0082e-04 +1.0116e-04 +1.0154e-04 +1.0195e-04 +1.0240e-04 +1.0287e-04 +1.0339e-04 +1.0394e-04 +1.0452e-04 +1.0514e-04 +1.0579e-04 +1.0648e-04 +1.0721e-04 +1.0798e-04 +1.0878e-04 +1.0962e-04 +1.1050e-04 +1.1143e-04 +1.1239e-04 +1.1339e-04 +1.1443e-04 
+0000.00000 +1.1388e-04 +1.1286e-04 +1.1189e-04 +1.1095e-04 +1.1006e-04 +1.0920e-04 +1.0838e-04 +1.0760e-04 +1.0686e-04 +1.0615e-04 +1.0548e-04 +1.0485e-04 +1.0425e-04 +1.0368e-04 +1.0316e-04 +1.0266e-04 +1.0220e-04 +1.0177e-04 +1.0138e-04 +1.0102e-04 +1.0069e-04 +1.0040e-04 +1.0013e-04 +9.9904e-05 +9.9706e-05 +9.9540e-05 +9.9406e-05 +9.9303e-05 +9.9232e-05 +9.9193e-05 +9.9185e-05 +9.9209e-05 +9.9265e-05 +9.9352e-05 +9.9471e-05 +9.9622e-05 +9.9805e-05 +1.0002e-04 +1.0027e-04 +1.0055e-04 +1.0086e-04 +1.0120e-04 +1.0158e-04 +1.0199e-04 +1.0244e-04 +1.0292e-04 +1.0343e-04 +1.0398e-04 +1.0457e-04 +1.0519e-04 +1.0584e-04 +1.0653e-04 +1.0726e-04 +1.0803e-04 +1.0883e-04 +1.0967e-04 +1.1056e-04 +1.1148e-04 +1.1244e-04 +1.1344e-04 +1.1448e-04 
-0000.00050 +1.1382e-04 +1.1281e-04 +1.1183e-04 +1.1090e-04 +1.1000e-04 +1.0915e-04 +1.0833e-04 +1.0755e-04 +1.0681e-04 +1.0610e-04 +1.0543e-04 +1.0480e-04 +1.0420e-04 +1.0364e-04 +1.0311e-04 +1.0261e-04 +1.0215e-04 +1.0173e-04 +1.0134e-04 +1.0098e-04 +1.0065e-04 +1.0035e-04 +1.0009e-04 +9.9862e-05 +9.9664e-05 +9.9498e-05 +9.9363e-05 +9.9261e-05 +9.9190e-05 +9.9151e-05 +9.9143e-05 +9.9167e-05 +9.9223e-05 +9.9310e-05 +9.9429e-05 +9.9580e-05 +9.9762e-05 +9.9977e-05 +1.0022e-04 +1.0050e-04 +1.0082e-04 +1.0116e-04 +1.0154e-04 +1.0195e-04 +1.0240e-04 +1.0287e-04 +1.0339e-04 +1.0394e-04 +1.0452e-04 +1.0514e-04 +1.0579e-04 +1.0648e-04 +1.0721e-04 +1.0798e-04 +1.0878e-04 +1.0962e-04 +1.1050e-04 +1.1143e-04 +1.1239e-04 +1.1339e-04 +1.1443e-04 
-0000.00100 +1.1367e-04 +1.1266e-04 +1.1168e-04 +1.1075e-04 +1.0986e-04 +1.0900e-04 +1.0818e-04 +1.0741e-04 +1.0666e-04 +1.0596e-04 +1.0529e-04 +1.0466e-04 +1.0406e-04 +1.0350e-04 +1.0297e-04 +1.0248e-04 +1.0202e-04 +1.0160e-04 +1.0120e-04 +1.0084e-04 +1.0052e-04 +1.0022e-04 +9.9963e-05 +9.9733e-05 +9.9536e-05 +9.9370e-05 +9.9237e-05 +9.9134e-05 +9.9064e-05 +9.9025e-05 +9.9017e-05 +9.9041e-05 +9.9097e-05 +9.9184e-05 +9.9303e-05 +9.9454e-05 +9.9636e-05 +9.9850e-05 +1.0010e-04 +1.0038e-04 +1.0069e-04 +1.0103e-04 +1.0141e-04 +1.0182e-04 +1.0226e-04 +1.0274e-04 +1.0325e-04 +1.0380e-04 +1.0438e-04 +1.0500e-04 +1.0565e-04 +1.0634e-04 +1.0707e-04 +1.0783e-04 +1.0864e-04 +1.0948e-04 +1.1036e-04 +1.1128e-04 +1.1223e-04 +1.1323e-04 +1.1428e-04 
-0000.00150 +1.1341e-04 +1.1240e-04 +1.1143e-04 +1.1050e-04 +1.0961e-04 +1.0876e-04 +1.0794e-04 +1.0717e-04 +1.0643e-04 +1.0572e-04 +1.0506e-04 +1.0443e-04 +1.0383e-04 +1.0327e-04 +1.0275e-04 +1.0226e-04 +1.0180e-04 +1.0138e-04 +1.0099e-04 +1.0063e-04 +1.0030e-04 +1.0001e-04 +9.9751e-05 +9.9523e-05 +9.9326e-05 +9.9161e-05 +9.9028e-05 +9.8927e-05 +9.8856e-05 +9.8818e-05 +9.8810e-05 +9.8834e-05 +9.8889e-05 +9.8976e-05 +9.9094e-05 +9.9244e-05 +9.9426e-05 +9.9639e-05 +9.9885e-05 +1.0016e-04 +1.0047e-04 +1.0082e-04 +1.0119e-04 +1.0160e-04 +1.0204e-04 +1.0252e-04 +1.0303e-04 +1.0357e-04 +1.0415e-04 +1.0477e-04 +1.0542e-04 +1.0611e-04 +1.0683e-04 +1.0759e-04 +1.0839e-04 +1.0923e-04 +1.1011e-04 +1.1102e-04 +1.1198e-04 +1.1298e-04 +1.1401e-04 
-0000.00200 +1.1305e-04 +1.1204e-04 +1.1107e-04 +1.1015e-04 +1.0926e-04 +1.0841e-04 +1.0760e-04 +1.0683e-04 +1.0609e-04 +1.0540e-04 +1.0473e-04 +1.0411e-04 +1.0351e-04 +1.0296e-04 +1.0243e-04 +1.0195e-04 +1.0149e-04 +1.0107e-04 +1.0068e-04 +1.0032e-04 +1.0000e-04 +9.9710e-05 +9.9451e-05 +9.9224e-05 +9.9028e-05 +9.8864e-05 +9.8732e-05 +9.8630e-05 +9.8561e-05 +9.8522e-05 +9.8515e-05 +9.8538e-05 +9.8593e-05 +9.8680e-05 +9.8798e-05 +9.8947e-05 +9.9128e-05 +9.9340e-05 +9.9584e-05 +9.9861e-05 +1.0017e-04 +1.0051e-04 +1.0088e-04 +1.0129e-04 +1.0173e-04 +1.0221e-04 +1.0271e-04 +1.0326e-04 +1.0383e-04 +1.0445e-04 +1.0509e-04 +1.0578e-04 +1.0650e-04 +1.0726e-04 +1.0805e-04 +1.0889e-04 +1.0976e-04 +1.1067e-04 +1.1162e-04 +1.1262e-04 +1.1365e-04 
# Total Vertical 2nd Order Kick [T2m2]
START
            -0000.01000 -0000.00967 -0000.00933 -0000.00900 -0000.00867 -0000.00833 -0000.00800 -0000.00767 -0000.00733 -0000.00700 -0000.00667 -0000.00633 -0000.00600 -0000.00567 -0000.00533 -0000.00500 -0000.00467 -0000.00433 -0000.00400 -0000.00367 -0000.00333 -0000.00300 -0000.00267 -0000.00233 -0000.00200 -0000.00167 -0000.00133 -0000.00100 -0000.00067 -0000.00033 +0000.00000 +0000.00033 +0000.00067 +0000.00100 +0000.00133 +0000.00167 +0000.00200 +0000.00233 +0000.00267 +0000.00300 +0000.00333 +0000.00367 +0000.00400 +0000.00433 +0000.00467 +0000.00500 +0000.00533 +0000.00567 +0000.00600 +0000.00633 +0000.00667 +0000.00700 +0000.00733 +0000.00767 +0000.00800 +0000.00833 +0000.00867 +0000.00900 +0000.00933 +0000.00967 +0000.01000 
+0000.00200 -5.3747e-05 -5.3989e-05 -5.4228e-05 -5.4464e-05 -5.4697e-05 -5.4926e-05 -5.5153e-05 -5.5376e-05 -5.5597e-05 -5.5816e-05 -5.6032e-05 -5.6245e-05 -5.6457e-05 -5.6666e-05 -5.6873e-05 -5.7079e-05 -5.7282e-05 -5.7484e-05 -5.7684e-05 -5.7883e-05 -5.8081e-05 -5.8277e-05 -5.8473e-05 -5.8667e-05 -5.8860e-05 -5.9053e-05 -5.9245e-05 -5.9437e-05 -5.9628e-05 -5.9819e-05 -6.0010e-05 -6.0201e-05 -6.0392e-05 -6.0583e-05 -6.0775e-05 -6.0967e-05 -6.1159e-05 -6.1352e-05 -6.1546e-05 -6.1741e-05 -6.1937e-05 -6.2134e-05 -6.2333e-05 -6.2533e-05 -6.2734e-05 -6.2937e-05 -6.3142e-05 -6.3348e-05 -6.3557e-05 -6.3768e-05 -6.3981e-05 -6.4196e-05 -6.4414e-05 -6.4634e-05 -6.4857e-05 -6.5083e-05 -6.5312e-05 -6.5544e-05 -6.5780e-05 -6.6018e-05 -6.6260e-05 
+0000.00150 -3.5384e-05 -3.5567e-05 -3.5747e-05 -3.5925e-05 -3.6100e-05 -3.6273e-05 -3.6444e-05 -3.6612e-05 -3.6778e-05 -3.6943e-05 -3.7105e-05 -3.7266e-05 -3.7425e-05 -3.7582e-05 -3.7738e-05 -3.7892e-05 -3.8045e-05 -3.8197e-05 -3.8347e-05 -3.8497e-05 -3.8645e-05 -3.8792e-05 -3.8939e-05 -3.9085e-05 -3.9230e-05 -3.9375e-05 -3.9519e-05 -3.9662e-05 -3.9806e-05 -3.9949e-05 -4.0092e-05 -4.0235e-05 -4.0379e-05 -4.0522e-05 -4.0666e-05 -4.0810e-05 -4.0954e-05 -4.1099e-05 -4.1244e-05 -4.1391e-05 -4.1538e-05 -4.1686e-05 -4.1835e-05 -4.1985e-05 -4.2136e-05 -4.2288e-05 -4.2442e-05 -4.2598e-05 -4.2754e-05 -4.2913e-05 -4.3073e-05 -4.3235e-05 -4.3399e-05 -4.3565e-05 -4.3733e-05 -4.3903e-05 -4.4076e-05 -4.4251e-05 -4.4428e-05 -4.4608e-05 -4.4791e-05 
+0000.00100 -2.1407e-05 -2.1529e-05 -2.1649e-05 -2.1768e-05 -2.1885e-05 -2.2001e-05 -2.2115e-05 -2.2227e-05 -2.2338e-05 -2.2448e-05 -2.2557e-05 -2.2664e-05 -2.2770e-05 -2.2875e-05 -2.2979e-05 -2.3082e-05 -2.3184e-05 -2.3285e-05 -2.3386e-05 -2.3486e-05 -2.3585e-05 -2.3683e-05 -2.3781e-05 -2.3878e-05 -2.3975e-05 -2.4071e-05 -2.4168e-05 -2.4263e-05 -2.4359e-05 -2.4455e-05 -2.4550e-05 -2.4646e-05 -2.4741e-05 -2.4837e-05 -2.4933e-05 -2.5029e-05 -2.5125e-05 -2.5222e-05 -2.5319e-05 -2.5416e-05 -2.5515e-05 -2.5613e-05 -2.5713e-05 -2.5813e-05 -2.5914e-05 -2.6015e-05 -2.6118e-05 -2.6222e-05 -2.6326e-05 -2.6432e-05 -2.6539e-05 -2.6647e-05 -2.6757e-05 -2.6867e-05 -2.6980e-05 -2.7093e-05 -2.7209e-05 -2.7325e-05 -2.7444e-05 -2.7564e-05 -2.7686e-05 
+0000.00050 -1.0083e-05 -1.0145e-05 -1.0205e-05 -1.0265e-05 -1.0323e-05 -1.0381e-05 -1.0438e-05 -1.0495e-05 -1.0550e-05 -1.0605e-05 -1.0660e-05 -1.0713e-05 -1.0767e-05 -1.0819e-05 -1.0871e-05 -1.0923e-05 -1.0974e-05 -1.1025e-05 -1.1075e-05 -1.1125e-05 -1.1174e-05 -1.1224e-05 -1.1273e-05 -1.1321e-05 -1.1370e-05 -1.1418e-05 -1.1466e-05 -1.1514e-05 -1.1562e-05 -1.1610e-05 -1.1658e-05 -1.1705e-05 -1.1753e-05 -1.1801e-05 -1.1849e-05 -1.1897e-05 -1.1945e-05 -1.1994e-05 -1.2042e-05 -1.2091e-05 -1.2140e-05 -1.2189e-05 -1.2239e-05 -1.2289e-05 -1.2340e-05 -1.2391e-05 -1.2442e-05 -1.2494e-05 -1.2546e-05 -1.2599e-05 -1.2652e-05 -1.2706e-05 -1.2761e-05 -1.2816e-05 -1.2872e-05 -1.2929e-05 -1.2987e-05 -1.3045e-05 -1.3104e-05 -1.3164e-05 -1.3225e-05 
+0000.00000 -1.1878e-08 -1.2078e-08 -1.2271e-08 -1.2456e-08 -1.2635e-08 -1.2806e-08 -1.2970e-08 -1.3127e-08 -1.3278e-08 -1.3422e-08 -1.3559e-08 -1.3690e-08 -1.3814e-08 -1.3932e-08 -1.4043e-08 -1.4148e-08 -1.4246e-08 -1.4339e-08 -1.4425e-08 -1.4505e-08 -1.4578e-08 -1.4646e-08 -1.4707e-08 -1.4762e-08 -1.4811e-08 -1.4854e-08 -1.4891e-08 -1.4922e-08 -1.4946e-08 -1.4965e-08 -1.4977e-08 -1.4983e-08 -1.4982e-08 -1.4975e-08 -1.4962e-08 -1.4943e-08 -1.4917e-08 -1.4885e-08 -1.4846e-08 -1.4800e-08 -1.4748e-08 -1.4689e-08 -1.4623e-08 -1.4550e-08 -1.4470e-08 -1.4383e-08 -1.4288e-08 -1.4187e-08 -1.4078e-08 -1.3961e-08 -1.3837e-08 -1.3704e-08 -1.3564e-08 -1.3416e-08 -1.3260e-08 -1.3095e-08 -1.2921e-08 -1.2739e-08 -1.2549e-08 -1.2349e-08 -1.2140e-08 
-0000.00050 +1.0060e-05 +1.0121e-05 +1.0181e-05 +1.0240e-05 +1.0298e-05 +1.0356e-05 +1.0413e-05 +1.0469e-05 +1.0524e-05 +1.0579e-05 +1.0633e-05 +1.0686e-05 +1.0739e-05 +1.0792e-05 +1.0843e-05 +1.0895e-05 +1.0946e-05 +1.0996e-05 +1.1046e-05 +1.1096e-05 +1.1146e-05 +1.1195e-05 +1.1243e-05 +1.1292e-05 +1.1340e-05 +1.1389e-05 +1.1437e-05 +1.1485e-05 +1.1532e-05 +1.1580e-05 +1.1628e-05 +1.1676e-05 +1.1724e-05 +1.1771e-05 +1.1819e-05 +1.1867e-05 +1.1916e-05 +1.1964e-05 +1.2013e-05 +1.2062e-05 +1.2111e-05 +1.2160e-05 +1.2210e-05 +1.2260e-05 +1.2311e-05 +1.2362e-05 +1.2413e-05 +1.2465e-05 +1.2518e-05 +1.2571e-05 +1.2625e-05 +1.2679e-05 +1.2734e-05 +1.2789e-05 +1.2846e-05 +1.2903e-05 +1.2961e-05 +1.3020e-05 +1.3079e-05 +1.3140e-05 +1.3201e-05 
-0000.00100 +2.1383e-05 +2.1505e-05 +2.1625e-05 +2.1743e-05 +2.1860e-05 +2.1975e-05 +2.2089e-05 +2.2201e-05 +2.2312e-05 +2.2421e-05 +2.2530e-05 +2.2637e-05 +2.2743e-05 +2.2847e-05 +2.2951e-05 +2.3054e-05 +2.3156e-05 +2.3257e-05 +2.3357e-05 +2.3457e-05 +2.3555e-05 +2.3654e-05 +2.3751e-05 +2.3849e-05 +2.3945e-05 +2.4042e-05 +2.4138e-05 +2.4234e-05 +2.4329e-05 +2.4425e-05 +2.4520e-05 +2.4616e-05 +2.4711e-05 +2.4807e-05 +2.4903e-05 +2.4999e-05 +2.5095e-05 +2.5192e-05 +2.5289e-05 +2.5387e-05 +2.5485e-05 +2.5584e-05 +2.5684e-05 +2.5784e-05 +2.5885e-05 +2.5987e-05 +2.6090e-05 +2.6193e-05 +2.6298e-05 +2.6404e-05 +2.6512e-05 +2.6620e-05 +2.6730e-05 +2.6841e-05 +2.6953e-05 +2.7067e-05 +2.7183e-05 +2.7300e-05 +2.7419e-05 +2.7539e-05 +2.7662e-05 
-0000.00150 +3.5360e-05 +3.5543e-05 +3.5722e-05 +3.5900e-05 +3.6075e-05 +3.6247e-05 +3.6418e-05 +3.6586e-05 +3.6752e-05 +3.6916e-05 +3.7078e-05 +3.7239e-05 +3.7397e-05 +3.7554e-05 +3.7710e-05 +3.7864e-05 +3.8017e-05 +3.8168e-05 +3.8318e-05 +3.8467e-05 +3.8616e-05 +3.8763e-05 +3.8909e-05 +3.9055e-05 +3.9200e-05 +3.9345e-05 +3.9489e-05 +3.9632e-05 +3.9776e-05 +3.9919e-05 +4.0062e-05 +4.0205e-05 +4.0348e-05 +4.0492e-05 +4.0635e-05 +4.0780e-05 +4.0924e-05 +4.1069e-05 +4.1215e-05 +4.1361e-05 +4.1508e-05 +4.1656e-05 +4.1805e-05 +4.1956e-05 +4.2107e-05 +4.2260e-05 +4.2414e-05 +4.2569e-05 +4.2726e-05 +4.2885e-05 +4.3045e-05 +4.3208e-05 +4.3372e-05 +4.3538e-05 +4.3707e-05 +4.3877e-05 +4.4050e-05 +4.4225e-05 +4.4403e-05 +4.4583e-05 +4.4766e-05 
-0000.00200 +5.3723e-05 +5.3965e-05 +5.4203e-05 +5.4439e-05 +5.4671e-05 +5.4900e-05 +5.5126e-05 +5.5350e-05 +5.5571e-05 +5.5789e-05 +5.6004e-05 +5.6218e-05 +5.6429e-05 +5.6638e-05 +5.6845e-05 +5.7050e-05 +5.7253e-05 +5.7455e-05 +5.7655e-05 +5.7854e-05 +5.8051e-05 +5.8248e-05 +5.8443e-05 +5.8637e-05 +5.8830e-05 +5.9023e-05 +5.9215e-05 +5.9407e-05 +5.9598e-05 +5.9789e-05 +5.9980e-05 +6.0171e-05 +6.0362e-05 +6.0553e-05 +6.0744e-05 +6.0936e-05 +6.1129e-05 +6.1322e-05 +6.1516e-05 +6.1711e-05 +6.1907e-05 +6.2105e-05 +6.2303e-05 +6.2503e-05 +6.2705e-05 +6.2908e-05 +6.3113e-05 +6.3320e-05 +6.3528e-05 +6.3739e-05 +6.3953e-05 +6.4168e-05 +6.4386e-05 +6.4607e-05 +6.4831e-05 +6.5057e-05 +6.5286e-05 +6.5519e-05 +6.5754e-05 +6.5993e-05 +6.6236e-05 
# Horizontal Final Position [m]
START
            -0000.01000 -0000.00967 -0000.00933 -0000.00900 -0000.00867 -0000.00833 -0000.00800 -0000.00767 -0000.00733 -0000.00700 -0000.00667 -0000.00633 -0000.00600 -0000.00567 -0000.00533 -0000.00500 -0000.00467 -0000.00433 -0000.00400 -0000.00367 -0000.00333 -0000.00300 -0000.00267 -0000.00233 -0000.00200 -0000.00167 -0000.00133 -0000.00100 -0000.00067 -0000.00033 +0000.00000 +0000.00033 +0000.00067 +0000.00100 +0000.00133 +0000.00167 +0000.00200 +0000.00233 +0000.00267 +0000.00300 +0000.00333 +0000.00367 +0000.00400 +0000.00433 +0000.00467 +0000.00500 +0000.00533 +0000.00567 +0000.00600 +0000.00633 +0000.00667 +0000.00700 +0000.00733 +0000.00767 +0000.00800 +0000.00833 +0000.00867 +0000.00900 +0000.00933 +0000.00967 +0000.01000 
+0000.00200 -1.0003e-02 -9.6695e-03 -9.3362e-03 -9.0029e-03 -8.6695e-03 -8.3362e-03 -8.0029e-03 -7.6695e-03 -7.3362e-03 -7.0029e-03 -6.6695e-03 -6.3362e-03 -6.0029e-03 -5.6696e-03 -5.3363e-03 -5.0029e-03 -4.6696e-03 -4.3363e-03 -4.0030e-03 -3.6696e-03 -3.3363e-03 -3.0030e-03 -2.6697e-03 -2.3363e-03 -2.0030e-03 -1.6697e-03 -1.3364e-03 -1.0030e-03 -6.6969e-04 -3.3636e-04 -3.0275e-06 +3.3031e-04 +6.6364e-04 +9.9698e-04 +1.3303e-03 +1.6637e-03 +1.9970e-03 +2.3303e-03 +2.6637e-03 +2.9970e-03 +3.3304e-03 +3.6637e-03 +3.9971e-03 +4.3304e-03 +4.6637e-03 +4.9971e-03 +5.3304e-03 +5.6638e-03 +5.9971e-03 +6.3305e-03 +6.6638e-03 +6.9972e-03 +7.3305e-03 +7.6638e-03 +7.9972e-03 +8.3305e-03 +8.6638e-03 +8.9972e-03 +9.3305e-03 +9.6638e-03 +9.9972e-03 
+0000.00150 -1.0003e-02 -9.6695e-03 -9.3362e-03 -9.0029e-03 -8.6695e-03 -8.3362e-03 -8.0029e-03 -7.6695e-03 -7.3362e-03 -7.0029e-03 -6.6695e-03 -6.3362e-03 -6.0029e-03 -5.6696e-03 -5.3363e-03 -5.0029e-03 -4.6696e-03 -4.3363e-03 -4.0030e-03 -3.6696e-03 -3.3363e-03 -3.0030e-03 -2.6697e-03 -2.3363e-03 -2.0030e-03 -1.6697e-03 -1.3364e-03 -1.0030e-03 -6.6970e-04 -3.3636e-04 -3.0303e-06 +3.3030e-04 +6.6364e-04 +9.9698e-04 +1.3303e-03 +1.6637e-03 +1.9970e-03 +2.3303e-03 +2.6637e-03 +2.9970e-03 +3.3304e-03 +3.6637e-03 +3.9971e-03 +4.3304e-03 +4.6638e-03 +4.9971e-03 +5.3304e-03 +5.6638e-03 +5.9971e-03 +6.3305e-03 +6.6638e-03 +6.9972e-03 +7.3305e-03 +7.6639e-03 +7.9972e-03 +8.3305e-03 +8.6639e-03 +8.9972e-03 +9.3305e-03 +9.6639e-03 +9.9972e-03 
+0000.00100 -1.0003e-02 -9.6695e-03 -9.3362e-03 -9.0028e-03 -8.6695e-03 -8.3362e-03 -8.0028e-03 -7.6695e-03 -7.3362e-03 -7.0029e-03 -6.6695e-03 -6.3362e-03 -6.0029e-03 -5.6696e-03 -5.3362e-03 -5.0029e-03 -4.6696e-03 -4.3363e-03 -4.0030e-03 -3.6696e-03 -3.3363e-03 -3.0030e-03 -2.6697e-03 -2.3363e-03 -2.0030e-03 -1.6697e-03 -1.3364e-03 -1.0030e-03 -6.6970e-04 -3.3637e-04 -3.0345e-06 +3.3030e-04 +6.6364e-04 +9.9697e-04 +1.3303e-03 +1.6637e-03 +1.9970e-03 +2.3303e-03 +2.6637e-03 +2.9970e-03 +3.3304e-03 +3.6637e-03 +3.9971e-03 +4.3304e-03 +4.6638e-03 +4.9971e-03 +5.3304e-03 +5.6638e-03 +5.9971e-03 +6.3305e-03 +6.6638e-03 +6.9972e-03 +7.3305e-03 +7.6639e-03 +7.9972e-03 +8.3305e-03 +8.6639e-03 +8.9972e-03 +9.3305e-03 +9.6639e-03 +9.9972e-03 
+0000.00050 -1.0003e-02 -9.6695e-03 -9.3362e-03 -9.0028e-03 -8.6695e-03 -8.3362e-03 -8.0028e-03 -7.6695e-03 -7.3362e-03 -7.0029e-03 -6.6695e-03 -6.3362e-03 -6.0029e-03 -5.6696e-03 -5.3362e-03 -5.0029e-03 -4.6696e-03 -4.3363e-03 -4.0030e-03 -3.6696e-03 -3.3363e-03 -3.0030e-03 -2.6697e-03 -2.3363e-03 -2.0030e-03 -1.6697e-03 -1.3364e-03 -1.0030e-03 -6.6970e-04 -3.3637e-04 -3.0344e-06 +3.3030e-04 +6.6364e-04 +9.9697e-04 +1.3303e-03 +1.6637e-03 +1.9970e-03 +2.3303e-03 +2.6637e-03 +2.9970e-03 +3.3304e-03 +3.6637e-03 +3.9971e-03 +4.3304e-03 +4.6638e-03 +4.9971e-03 +5.3304e-03 +5.6638e-03 +5.9971e-03 +6.3305e-03 +6.6638e-03 +6.9972e-03 +7.3305e-03 +7.6639e-03 +7.9972e-03 +8.3305e-03 +8.6639e-03 +8.9972e-03 +9.3305e-03 +9.6639e-03 +9.9972e-03 
+0000.00000 -1.0003e-02 -9.6695e-03 -9.3362e-03 -9.0028e-03 -8.6695e-03 -8.3362e-03 -8.0028e-03 -7.6695e-03 -7.3362e-03 -7.0029e-03 -6.6695e-03 -6.3362e-03 -6.0029e-03 -5.6696e-03 -5.3362e-03 -5.0029e-03 -4.6696e-03 -4.3363e-03 -4.0030e-03 -3.6696e-03 -3.3363e-03 -3.0030e-03 -2.6697e-03 -2.3363e-03 -2.0030e-03 -1.6697e-03 -1.3364e-03 -1.0030e-03 -6.6970e-04 -3.3637e-04 -3.0344e-06 +3.3030e-04 +6.6364e-04 +9.9697e-04 +1.3303e-03 +1.6637e-03 +1.9970e-03 +2.3303e-03 +2.6637e-03 +2.9970e-03 +3.3304e-03 +3.6637e-03 +3.9971e-03 +4.3304e-03 +4.6638e-03 +4.9971e-03 +5.3304e-03 +5.6638e-03 +5.9971e-03 +6.3305e-03 +6.6638e-03 +6.9972e-03 +7.3305e-03 +7.6639e-03 +7.9972e-03 +8.3305e-03 +8.6639e-03 +8.9972e-03 +9.3305e-03 +9.6639e-03 +9.9972e-03 
-0000.00050 -1.0003e-02 -9.6695e-03 -9.3362e-03 -9.0028e-03 -8.6695e-03 -8.3362e-03 -8.0028e-03 -7.6695e-03 -7.3362e-03 -7.0029e-03 -6.6695e-03 -6.3362e-03 -6.0029e-03 -5.6696e-03 -5.3362e-03 -5.0029e-03 -4.6696e-03 -4.3363e-03 -4.0030e-03 -3.6696e-03 -3.3363e-03 -3.0030e-03 -2.6697e-03 -2.3363e-03 -2.0030e-03 -1.6697e-03 -1.3364e-03 -1.0030e-03 -6.6970e-04 -3.3637e-04 -3.0344e-06 +3.3030e-04 +6.6364e-04 +9.9697e-04 +1.3303e-03 +1.6637e-03 +1.9970e-03 +2.3303e-03 +2.6637e-03 +2.9970e-03 +3.3304e-03 +3.6637e-03 +3.9971e-03 +4.3304e-03 +4.6638e-03 +4.9971e-03 +5.3304e-03 +5.6638e-03 +5.9971e-03 +6.3305e-03 +6.6638e-03 +6.9972e-03 +7.3305e-03 +7.6639e-03 +7.9972e-03 +8.3305e-03 +8.6639e-03 +8.9972e-03 +9.3305e-03 +9.6639e-03 +9.9972e-03 
-0000.00100 -1.0003e-02 -9.6695e-03 -9.3362e-03 -9.0028e-03 -8.6695e-03 -8.3362e-03 -8.0028e-03 -7.6695e-03 -7.3362e-03 -7.0029e-03 -6.6695e-03 -6.3362e-03 -6.0029e-03 -5.6696e-03 -5.3362e-03 -5.0029e-03 -4.6696e-03 -4.3363e-03 -4.0030e-03 -3.6696e-03 -3.3363e-03 -3.0030e-03 -2.6697e-03 -2.3363e-03 -2.0030e-03 -1.6697e-03 -1.3364e-03 -1.0030e-03 -6.6970e-04 -3.3637e-04 -3.0345e-06 +3.3030e-04 +6.6364e-04 +9.9697e-04 +1.3303e-03 +1.6637e-03 +1.9970e-03 +2.3303e-03 +2.6637e-03 +2.9970e-03 +3.3304e-03 +3.6637e-03 +3.9971e-03 +4.3304e-03 +4.6638e-03 +4.9971e-03 +5.3304e-03 +5.6638e-03 +5.9971e-03 +6.3305e-03 +6.6638e-03 +6.9972e-03 +7.3305e-03 +7.6639e-03 +7.9972e-03 +8.3305e-03 +8.6639e-03 +8.9972e-03 +9.3305e-03 +9.6639e-03 +9.9972e-03 
-0000.00150 -1.0003e-02 -9.6695e-03 -9.3362e-03 -9.0029e-03 -8.6695e-03 -8.3362e-03 -8.0029e-03 -7.6695e-03 -7.3362e-03 -7.0029e-03 -6.6695e-03 -6.3362e-03 -6.0029e-03 -5.6696e-03 -5.3363e-03 -5.0029e-03 -4.6696e-03 -4.3363e-03 -4.0030e-03 -3.6696e-03 -3.3363e-03 -3.0030e-03 -2.6697e-03 -2.3363e-03 -2.0030e-03 -1.6697e-03 -1.3364e-03 -1.0030e-03 -6.6970e-04 -3.3636e-04 -3.0303e-06 +3.3030e-04 +6.6364e-04 +9.9698e-04 +1.3303e-03 +1.6637e-03 +1.9970e-03 +2.3303e-03 +2.6637e-03 +2.9970e-03 +3.3304e-03 +3.6637e-03 +3.9971e-03 +4.3304e-03 +4.6638e-03 +4.9971e-03 +5.3304e-03 +5.6638e-03 +5.9971e-03 +6.3305e-03 +6.6638e-03 +6.9972e-03 +7.3305e-03 +7.6639e-03 +7.9972e-03 +8.3305e-03 +8.6639e-03 +8.9972e-03 +9.3305e-03 +9.6639e-03 +9.9972e-03 
-0000.00200 -1.0003e-02 -9.6695e-03 -9.3362e-03 -9.0029e-03 -8.6695e-03 -8.3362e-03 -8.0029e-03 -7.6695e-03 -7.3362e-03 -7.0029e-03 -6.6695e-03 -6.3362e-03 -6.0029e-03 -5.6696e-03 -5.3363e-03 -5.0029e-03 -4.6696e-03 -4.3363e-03 -4.0030e-03 -3.6696e-03 -3.3363e-03 -3.0030e-03 -2.6697e-03 -2.3363e-03 -2.0030e-03 -1.6697e-03 -1.3364e-03 -1.0030e-03 -6.6969e-04 -3.3636e-04 -3.0275e-06 +3.3031e-04 +6.6364e-04 +9.9698e-04 +1.3303e-03 +1.6637e-03 +1.9970e-03 +2.3303e-03 +2.6637e-03 +2.9970e-03 +3.3304e-03 +3.6637e-03 +3.9971e-03 +4.3304e-03 +4.6637e-03 +4.9971e-03 +5.3304e-03 +5.6638e-03 +5.9971e-03 +6.3305e-03 +6.6638e-03 +6.9972e-03 +7.3305e-03 +7.6638e-03 +7.9972e-03 +8.3305e-03 +8.6638e-03 +8.9972e-03 +9.3305e-03 +9.6638e-03 +9.9972e-03 
# Vertical Final Position [m]
START
            -0000.01000 -0000.00967 -0000.00933 -0000.00900 -0000.00867 -0000.00833 -0000.00800 -0000.00767 -0000.00733 -0000.00700 -0000.00667 -0000.00633 -0000.00600 -0000.00567 -0000.00533 -0000.00500 -0000.00467 -0000.00433 -0000.00400 -0000.00367 -0000.00333 -0000.00300 -0000.00267 -0000.00233 -0000.00200 -0000.00167 -0000.00133 -0000.00100 -0000.00067 -0000.00033 +0000.00000 +0000.00033 +0000.00067 +0000.00100 +0000.00133 +0000.00167 +0000.00200 +0000.00233 +0000.00267 +0000.00300 +0000.00333 +0000.00367 +0000.00400 +0000.00433 +0000.00467 +0000.00500 +0000.00533 +0000.00567 +0000.00600 +0000.00633 +0000.00667 +0000.00700 +0000.00733 +0000.00767 +0000.00800 +0000.00833 +0000.00867 +0000.00900 +0000.00933 +0000.00967 +0000.01000 
+0000.00200 +2.0001e-03 +2.0001e-03 +2.0001e-03 +2.0001e-03 +2.0001e-03 +2.0000e-03 +2.0000e-03 +2.0000e-03 +2.0000e-03 +2.0000e-03 +2.0000e-03 +2.0000e-03 +2.0000e-03 +2.0000e-03 +2.0000e-03 +2.0000e-03 +2.0000e-03 +2.0000e-03 +2.0000e-03 +2.0000e-03 +2.0000e-03 +2.0000e-03 +2.0000e-03 +2.0000e-03 +2.0000e-03 +2.0000e-03 +1.9999e-03 +1.9999e-03 +1.9999e-03 +1.9999e-03 +1.9999e-03 +1.9999e-03 +1.9999e-03 +1.9999e-03 +1.9999e-03 +1.9999e-03 +1.9999e-03 +1.9999e-03 +1.9999e-03 +1.9999e-03 +1.9999e-03 +1.9999e-03 +1.9999e-03 +1.9999e-03 +1.9999e-03 +1.9999e-03 +1.9999e-03 +1.9999e-03 +1.9999e-03 +1.9999e-03 +1.9999e-03 +1.9999e-03 +1.9999e-03 +1.9998e-03 +1.9998e-03 +1.9998e-03 +1.9998e-03 +1.9998e-03 +1.9998e-03 +1.9998e-03 +1.9998e-03 
+0000.00150 +1.5001e-03 +1.5001e-03 +1.5000e-03 +1.5000e-03 +1.5000e-03 +1.5000e-03 +1.5000e-03 +1.5000e-03 +1.5000e-03 +1.5000e-03 +1.5000e-03 +1.5000e-03 +1.5000e-03 +1.5000e-03 +1.5000e-03 +1.5000e-03 +1.5000e-03 +1.5000e-03 +1.5000e-03 +1.5000e-03 +1.5000e-03 +1.5000e-03 +1.5000e-03 +1.5000e-03 +1.5000e-03 +1.5000e-03 +1.5000e-03 +1.5000e-03 +1.5000e-03 +1.5000e-03 +1.5000e-03 +1.5000e-03 +1.5000e-03 +1.5000e-03 +1.5000e-03 +1.5000e-03 +1.5000e-03 +1.4999e-03 +1.4999e-03 +1.4999e-03 +1.4999e-03 +1.4999e-03 +1.4999e-03 +1.4999e-03 +1.4999e-03 +1.4999e-03 +1.4999e-03 +1.4999e-03 +1.4999e-03 +1.4999e-03 +1.4999e-03 +1.4999e-03 +1.4999e-03 +1.4999e-03 +1.4999e-03 +1.4999e-03 +1.4999e-03 +1.4999e-03 +1.4999e-03 +1.4999e-03 +1.4999e-03 
+0000.00100 +1.0000e-03 +1.0000e-03 +1.0000e-03 +1.0000e-03 +1.0000e-03 +1.0000e-03 +1.0000e-03 +1.0000e-03 +1.0000e-03 +1.0000e-03 +9.9999e-04 +9.9999e-04 +9.9999e-04 +9.9999e-04 +9.9999e-04 +9.9999e-04 +9.9999e-04 +9.9999e-04 +9.9999e-04 +9.9999e-04 +9.9999e-04 +9.9999e-04 +9.9999e-04 +9.9998e-04 +9.9998e-04 +9.9998e-04 +9.9998e-04 +9.9998e-04 +9.9998e-04 +9.9998e-04 +9.9998e-04 +9.9998e-04 +9.9998e-04 +9.9998e-04 +9.9998e-04 +9.9997e-04 +9.9997e-04 +9.9997e-04 +9.9997e-04 +9.9997e-04 +9.9996e-04 +9.9996e-04 +9.9996e-04 +9.9995e-04 +9.9995e-04 +9.9995e-04 +9.9995e-04 +9.9994e-04 +9.9994e-04 +9.9994e-04 +9.9993e-04 +9.9993e-04 +9.9993e-04 +9.9992e-04 +9.9992e-04 +9.9992e-04 +9.9991e-04 +9.9991e-04 +9.9991e-04 +9.9991e-04 +9.9990e-04 
+0000.00050 +5.0002e-04 +5.0002e-04 +5.0002e-04 +5.0002e-04 +5.0002e-04 +5.0001e-04 +5.0001e-04 +5.0001e-04 +5.0001e-04 +5.0001e-04 +5.0001e-04 +5.0001e-04 +5.0001e-04 +5.0001e-04 +5.0000e-04 +5.0000e-04 +5.0000e-04 +5.0000e-04 +5.0000e-04 +5.0000e-04 +5.0000e-04 +5.0000e-04 +5.0000e-04 +4.9999e-04 +4.9999e-04 +4.9999e-04 +4.9999e-04 +4.9999e-04 +4.9999e-04 +4.9999e-04 +4.9999e-04 +4.9999e-04 +4.9999e-04 +4.9999e-04 +4.9998e-04 +4.9998e-04 +4.9998e-04 +4.9998e-04 +4.9998e-04 +4.9998e-04 +4.9998e-04 +4.9998e-04 +4.9998e-04 +4.9998e-04 +4.9998e-04 +4.9997e-04 +4.9997e-04 +4.9997e-04 +4.9997e-04 +4.9997e-04 +4.9997e-04 +4.9997e-04 +4.9997e-04 +4.9996e-04 +4.9996e-04 +4.9996e-04 +4.9996e-04 +4.9996e-04 +4.9996e-04 +4.9995e-04 +4.9995e-04 
+0000.00000 -3.5776e-11 -3.6438e-11 -3.7077e-11 -3.7691e-11 -3.8283e-11 -3.8850e-11 -3.9395e-11 -3.9916e-11 -4.0414e-11 -4.0890e-11 -4.1343e-11 -4.1774e-11 -4.2182e-11 -4.2569e-11 -4.2933e-11 -4.3275e-11 -4.3595e-11 -4.3894e-11 -4.4170e-11 -4.4426e-11 -4.4659e-11 -4.4871e-11 -4.5062e-11 -4.5232e-11 -4.5380e-11 -4.5506e-11 -4.5612e-11 -4.5696e-11 -4.5759e-11 -4.5800e-11 -4.5820e-11 -4.5820e-11 -4.5797e-11 -4.5754e-11 -4.5689e-11 -4.5602e-11 -4.5494e-11 -4.5365e-11 -4.5213e-11 -4.5041e-11 -4.4846e-11 -4.4629e-11 -4.4391e-11 -4.4130e-11 -4.3847e-11 -4.3542e-11 -4.3215e-11 -4.2864e-11 -4.2491e-11 -4.2095e-11 -4.1676e-11 -4.1234e-11 -4.0768e-11 -4.0279e-11 -3.9766e-11 -3.9229e-11 -3.8667e-11 -3.8081e-11 -3.7471e-11 -3.6835e-11 -3.6175e-11 
-0000.00050 -5.0002e-04 -5.0002e-04 -5.0002e-04 -5.0002e-04 -5.0002e-04 -5.0001e-04 -5.0001e-04 -5.0001e-04 -5.0001e-04 -5.0001e-04 -5.0001e-04 -5.0001e-04 -5.0001e-04 -5.0001e-04 -5.0000e-04 -5.0000e-04 -5.0000e-04 -5.0000e-04 -5.0000e-04 -5.0000e-04 -5.0000e-04 -5.0000e-04 -5.0000e-04 -4.9999e-04 -4.9999e-04 -4.9999e-04 -4.9999e-04 -4.9999e-04 -4.9999e-04 -4.9999e-04 -4.9999e-04 -4.9999e-04 -4.9999e-04 -4.9999e-04 -4.9998e-04 -4.9998e-04 -4.9998e-04 -4.9998e-04 -4.9998e-04 -4.9998e-04 -4.9998e-04 -4.9998e-04 -4.9998e-04 -4.9998e-04 -4.9998e-04 -4.9997e-04 -4.9997e-04 -4.9997e-04 -4.9997e-04 -4.9997e-04 -4.9997e-04 -4.9997e-04 -4.9997e-04 -4.9996e-04 -4.9996e-04 -4.9996e-04 -4.9996e-04 -4.9996e-04 -4.9996e-04 -4.9995e-04 -4.9995e-04 
-0000.00100 -1.0000e-03 -1.0000e-03 -1.0000e-03 -1.0000e-03 -1.0000e-03 -1.0000e-03 -1.0000e-03 -1.0000e-03 -1.0000e-03 -1.0000e-03 -9.9999e-04 -9.9999e-04 -9.9999e-04 -9.9999e-04 -9.9999e-04 -9.9999e-04 -9.9999e-04 -9.9999e-04 -9.9999e-04 -9.9999e-04 -9.9999e-04 -9.9999e-04 -9.9999e-04 -9.9998e-04 -9.9998e-04 -9.9998e-04 -9.9998e-04 -9.9998e-04 -9.9998e-04 -9.9998e-04 -9.9998e-04 -9.9998e-04 -9.9998e-04 -9.9998e-04 -9.9998e-04 -9.9997e-04 -9.9997e-04 -9.9997e-04 -9.9997e-04 -9.9997e-04 -9.9996e-04 -9.9996e-04 -9.9996e-04 -9.9995e-04 -9.9995e-04 -9.9995e-04 -9.9995e-04 -9.9994e-04 -9.9994e-04 -9.9994e-04 -9.9993e-04 -9.9993e-04 -9.9993e-04 -9.9992e-04 -9.9992e-04 -9.9992e-04 -9.9991e-04 -9.9991e-04 -9.9991e-04 -9.9991e-04 -9.9990e-04 
-0000.00150 -1.5001e-03 -1.5001e-03 -1.5000e-03 -1.5000e-03 -1.5000e-03 -1.5000e-03 -1.5000e-03 -1.5000e-03 -1.5000e-03 -1.5000e-03 -1.5000e-03 -1.5000e-03 -1.5000e-03 -1.5000e-03 -1.5000e-03 -1.5000e-03 -1.5000e-03 -1.5000e-03 -1.5000e-03 -1.5000e-03 -1.5000e-03 -1.5000e-03 -1.5000e-03 -1.5000e-03 -1.5000e-03 -1.5000e-03 -1.5000e-03 -1.5000e-03 -1.5000e-03 -1.5000e-03 -1.5000e-03 -1.5000e-03 -1.5000e-03 -1.5000e-03 -1.5000e-03 -1.5000e-03 -1.5000e-03 -1.4999e-03 -1.4999e-03 -1.4999e-03 -1.4999e-03 -1.4999e-03 -1.4999e-03 -1.4999e-03 -1.4999e-03 -1.4999e-03 -1.4999e-03 -1.4999e-03 -1.4999e-03 -1.4999e-03 -1.4999e-03 -1.4999e-03 -1.4999e-03 -1.4999e-03 -1.4999e-03 -1.4999e-03 -1.4999e-03 -1.4999e-03 -1.4999e-03 -1.4999e-03 -1.4999e-03 
-0000.00200 -2.0001e-03 -2.0001e-03 -2.0001e-03 -2.0001e-03 -2.0001e-03 -2.0000e-03 -2.0000e-03 -2.0000e-03 -2.0000e-03 -2.0000e-03 -2.0000e-03 -2.0000e-03 -2.0000e-03 -2.0000e-03 -2.0000e-03 -2.0000e-03 -2.0000e-03 -2.0000e-03 -2.0000e-03 -2.0000e-03 -2.0000e-03 -2.0000e-03 -2.0000e-03 -2.0000e-03 -2.0000e-03 -2.0000e-03 -1.9999e-03 -1.9999e-03 -1.9999e-03 -1.9999e-03 -1.9999e-03 -1.9999e-03 -1.9999e-03 -1.9999e-03 -1.9999e-03 -1.9999e-03 -1.9999e-03 -1.9999e-03 -1.9999e-03 -1.9999e-03 -1.9999e-03 -1.9999e-03 -1.9999e-03 -1.9999e-03 -1.9999e-03 -1.9999e-03 -1.9999e-03 -1.9999e-03 -1.9999e-03 -1.9999e-03 -1.9999e-03 -1.9999e-03 -1.9999e-03 -1.9998e-03 -1.9998e-03 -1.9998e-03 -1.9998e-03 -1.9998e-03 -1.9998e-03 -1.9998e-03 -1.9998e-03 