# Author: FAC idanalysis.IDKickMap
# Termination_kicks [T2m2]: +1.1087e-03 -3.3630e-08 -1.1087e-03 +1.6078e-08 
# Total Length of Longitudinal Interval [m]
0.13
# Number of Horizontal Points
21
# Number of Vertical Points
5
# Total Horizontal 2nd Order Kick [T2m2]
START
            -0000.01000 -0000.00900 -0000.00800 -0000.00700 -0000.00600 -0000.00500 -0000.00400 -0000.00300 -0000.00200 -0000.00100 +0000.00000 +0000.00100 +0000.00200 +0000.00300 +0000.00400 +0000.00500 +0000.00600 +0000.00700 +0000.00800 +0000.00900 +0000.01000 
+0000.00600 +8.1151e-06 -3.2680e-05 -5.2418e-06 -2.7333e-07 +3.1458e-06 +1.6452e-05 -1.3363e-05 -2.3219e-06 +8.4613e-07 +5.8543e-06 +5.8748e-07 -5.8961e-06 -8.8544e-07 +2.2844e-06 +1.3313e-05 -1.6499e-05 -3.1830e-06 +2.3676e-07 +5.2059e-06 +3.2634e-05 -8.1295e-06 
+0000.00300 -1.8032e-06 +6.8248e-08 +1.4317e-06 +2.1206e-07 -1.0785e-06 -1.4070e-06 +1.3442e-06 +8.9140e-07 -3.4063e-07 -1.4568e-06 -7.0929e-08 +1.4518e-06 +3.3633e-07 -8.9597e-07 -1.3530e-06 +1.3931e-06 +1.0698e-06 -2.2070e-07 -1.4424e-06 -8.8989e-08 +1.7991e-06 
+0000.00000 -2.3124e-07 -1.7626e-07 -1.2368e-07 -1.2316e-07 -1.4206e-07 -1.1066e-07 -3.8764e-08 -1.3760e-08 -4.4158e-08 -5.4434e-08 +1.2496e-09 +5.6381e-08 +4.5264e-08 +1.4600e-08 +3.9600e-08 +1.1074e-07 +1.4094e-07 +1.2183e-07 +1.2360e-07 +1.7792e-07 +2.3343e-07 
-0000.00300 -1.7980e-06 +7.9076e-08 +1.4409e-06 +2.2121e-07 -1.0707e-06 -1.4018e-06 +1.3444e-06 +8.9290e-07 -3.3884e-07 -1.4555e-06 +5.9223e-08 +1.4512e-06 +3.3501e-07 -8.9730e-07 -1.3535e-06 +1.3863e-06 +1.0600e-06 -2.3196e-07 -1.4536e-06 -1.0169e-07 +1.7967e-06 
-0000.00600 +8.1527e-06 -3.2640e-05 -5.2104e-06 -2.4549e-07 +3.1739e-06 +1.6490e-05 -1.3342e-05 -2.3108e-06 +8.5340e-07 +5.8586e-06 +8.8509e-07 -5.9012e-06 -8.9275e-07 +2.2729e-06 +1.3289e-05 -1.6540e-05 -3.2167e-06 +2.0236e-07 +5.1649e-06 +3.2569e-05 -8.1586e-06 
# Total Vertical 2nd Order Kick [T2m2]
START
            -0000.01000 -0000.00900 -0000.00800 -0000.00700 -0000.00600 -0000.00500 -0000.00400 -0000.00300 -0000.00200 -0000.00100 +0000.00000 +0000.00100 +0000.00200 +0000.00300 +0000.00400 +0000.00500 +0000.00600 +0000.00700 +0000.00800 +0000.00900 +0000.01000 
+0000.00600 +4.7822e-05 +1.1845e-04 +4.9447e-05 +4.8386e-05 +4.8208e-05 +5.0124e-05 +5.1260e-05 +4.8499e-05 +4.8268e-05 +4.8675e-05 +1.3409e-04 +4.8688e-05 +4.8261e-05 +4.8476e-05 +5.1211e-05 +5.0193e-05 +4.8205e-05 +4.8363e-05 +4.9408e-05 +1.1696e-04 +4.7833e-05 
+0000.00300 +6.6459e-05 +6.4306e-05 +6.6594e-05 +6.7628e-05 +6.7346e-05 +6.5422e-05 +6.5532e-05 +6.7349e-05 +6.7617e-05 +6.6680e-05 +6.4960e-05 +6.6665e-05 +6.7599e-05 +6.7329e-05 +6.5507e-05 +6.5375e-05 +6.7293e-05 +6.7573e-05 +6.6535e-05 +6.4230e-05 +6.6365e-05 
+0000.00000 +1.6967e-09 +1.2186e-09 +5.9440e-10 -2.8925e-10 -1.1698e-09 -1.7366e-09 -1.8978e-09 -1.9119e-09 -1.9650e-09 -2.0125e-09 -1.9813e-09 -1.8924e-09 -1.8101e-09 -1.7870e-09 -1.8430e-09 -1.7600e-09 -1.1612e-09 -1.0145e-10 +1.0188e-09 +1.7587e-09 +2.0632e-09 
-0000.00300 -6.6453e-05 -6.4304e-05 -6.6598e-05 -6.7637e-05 -6.7359e-05 -6.5438e-05 -6.5551e-05 -6.7370e-05 -6.7639e-05 -6.6704e-05 -6.4985e-05 -6.6691e-05 -6.7624e-05 -6.7354e-05 -6.5530e-05 -6.5393e-05 -6.7306e-05 -6.7581e-05 -6.6538e-05 -6.4229e-05 -6.6359e-05 
-0000.00600 -4.8017e-05 -1.1869e-04 -4.9681e-05 -4.8625e-05 -4.8450e-05 -5.0370e-05 -5.1541e-05 -4.8782e-05 -4.8552e-05 -4.8960e-05 -1.3437e-04 -4.8970e-05 -4.8541e-05 -4.8756e-05 -5.1490e-05 -5.0436e-05 -4.8443e-05 -4.8597e-05 -4.9637e-05 -1.1716e-04 -4.8020e-05 
# Horizontal Final Position [m]
START
            -0000.01000 -0000.00900 -0000.00800 -0000.00700 -0000.00600 -0000.00500 -0000.00400 -0000.00300 -0000.00200 -0000.00100 +0000.00000 +0000.00100 +0000.00200 +0000.00300 +0000.00400 +0000.00500 +0000.00600 +0000.00700 +0000.00800 +0000.00900 +0000.01000 
+0000.00600 -1.0001e-02 -9.0016e-03 -8.0012e-03 -7.0012e-03 -6.0012e-03 -5.0013e-03 -4.0013e-03 -3.0012e-03 -2.0012e-03 -1.0013e-03 -1.5678e-06 +9.9873e-04 +1.9988e-03 +2.9988e-03 +3.9987e-03 +4.9986e-03 +5.9988e-03 +6.9988e-03 +7.9988e-03 +8.9984e-03 +9.9988e-03 
+0000.00300 -1.0001e-02 -9.0010e-03 -8.0011e-03 -7.0011e-03 -6.0011e-03 -5.0011e-03 -4.0012e-03 -3.0012e-03 -2.0012e-03 -1.0012e-03 -1.1764e-06 +9.9881e-04 +1.9988e-03 +2.9988e-03 +3.9988e-03 +4.9989e-03 +5.9989e-03 +6.9989e-03 +7.9989e-03 +8.9990e-03 +9.9990e-03 
+0000.00000 -1.0001e-02 -9.0012e-03 -8.0012e-03 -7.0012e-03 -6.0013e-03 -5.0013e-03 -4.0013e-03 -3.0013e-03 -2.0013e-03 -1.0013e-03 -1.3207e-06 +9.9868e-04 +1.9987e-03 +2.9987e-03 +3.9987e-03 +4.9987e-03 +5.9987e-03 +6.9988e-03 +7.9988e-03 +8.9988e-03 +9.9989e-03 
-0000.00300 -1.0001e-02 -9.0010e-03 -8.0011e-03 -7.0011e-03 -6.0011e-03 -5.0011e-03 -4.0012e-03 -3.0012e-03 -2.0012e-03 -1.0012e-03 -1.1763e-06 +9.9881e-04 +1.9988e-03 +2.9988e-03 +3.9988e-03 +4.9989e-03 +5.9989e-03 +6.9989e-03 +7.9989e-03 +8.9990e-03 +9.9990e-03 
-0000.00600 -1.0001e-02 -9.0016e-03 -8.0012e-03 -7.0012e-03 -6.0012e-03 -5.0013e-03 -4.0013e-03 -3.0012e-03 -2.0012e-03 -1.0013e-03 -1.5675e-06 +9.9873e-04 +1.9988e-03 +2.9988e-03 +3.9987e-03 +4.9986e-03 +5.9988e-03 +6.9988e-03 +7.9988e-03 +8.9984e-03 +9.9988e-03 
# Vertical Final Position [m]
START
            -0000.01000 -0000.00900 -0000.00800 -0000.00700 -0000.00600 -0000.00500 -0000.00400 -0000.00300 -0000.00200 -0000.00100 +0000.00000 +0000.00100 +0000.00200 +0000.00300 +0000.00400 +0000.00500 +0000.00600 +0000.00700 +0000.00800 +0000.00900 +0000.01000 
+0000.00600 +6.0021e-03 +6.0016e-03 +6.0012e-03 +6.0012e-03 +6.0011e-03 +6.0010e-03 +6.0005e-03 +6.0004e-03 +6.0004e-03 +6.0003e-03 +6.0001e-03 +5.9998e-03 +5.9997e-03 +5.9997e-03 +5.9996e-03 +5.9991e-03 +5.9990e-03 +5.9989e-03 +5.9989e-03 +5.9987e-03 +5.9980e-03 
+0000.00300 +3.0000e-03 +3.0001e-03 +3.0001e-03 +3.0001e-03 +3.0000e-03 +3.0000e-03 +3.0001e-03 +3.0001e-03 +3.0001e-03 +3.0000e-03 +3.0001e-03 +3.0001e-03 +3.0001e-03 +3.0000e-03 +3.0000e-03 +3.0001e-03 +3.0001e-03 +3.0001e-03 +3.0000e-03 +3.0001e-03 +3.0001e-03 
+0000.00000 -4.1386e-11 -4.2602e-11 -4.3736e-11 -4.5253e-11 -4.6831e-11 -4.7912e-11 -4.8326e-11 -4.8567e-11 -4.8955e-11 -4.9348e-11 -4.9462e-11 -4.9182e-11 -4.8722e-11 -4.8343e-11 -4.8160e-11 -4.7823e-11 -4.6717e-11 -4.4965e-11 -4.3198e-11 -4.1931e-11 -4.0912e-11 
-0000.00300 -3.0000e-03 -3.0001e-03 -3.0001e-03 -3.0001e-03 -3.0000e-03 -3.0000e-03 -3.0001e-03 -3.0001e-03 -3.0001e-03 -3.0000e-03 -3.0001e-03 -3.0001e-03 -3.0001e-03 -3.0000e-03 -3.0000e-03 -3.0001e-03 -3.0001e-03 -3.0001e-03 -3.0000e-03 -3.0001e-03 -3.0001e-03 
-0000.00600 -6.0021e-03 -6.0016e-03 -6.0012e-03 -6.0012e-03 -6.0011e-03 -6.0010e-03 -6.0005e-03 -6.0004e-03 -6.0004e-03 -6.0003e-03 -6.0001e-03 -5.9998e-03 -5.9997e-03 -5.9997e-03 -5.9996e-03 -5.9991e-03 -5.9990e-03 -5.9989e-03 -5.9989e-03 -5.9987e-03 -5.9980e-03 