# Author: FAC idanalysis.IDKickMap
# Termination_kicks [T2m2]: +0.0000e+00 +0.0000e+00 +0.0000e+00 +0.0000e+00 
# Total Length of Longitudinal Interval [m]
0.13
# Number of Horizontal Points
61
# Number of Vertical Points
9
# Total Horizontal 2nd Order Kick [T2m2]
START
            -0000.01000 -0000.00967 -0000.00933 -0000.00900 -0000.00867 -0000.00833 -0000.00800 -0000.00767 -0000.00733 -0000.00700 -0000.00667 -0000.00633 -0000.00600 -0000.00567 -0000.00533 -0000.00500 -0000.00467 -0000.00433 -0000.00400 -0000.00367 -0000.00333 -0000.00300 -0000.00267 -0000.00233 -0000.00200 -0000.00167 -0000.00133 -0000.00100 -0000.00067 -0000.00033 +0000.00000 +0000.00033 +0000.00067 +0000.00100 +0000.00133 +0000.00167 +0000.00200 +0000.00233 +0000.00267 +0000.00300 +0000.00333 +0000.00367 +0000.00400 +0000.00433 +0000.00467 +0000.00500 +0000.00533 +0000.00567 +0000.00600 +0000.00633 +0000.00667 +0000.00700 +0000.00733 +0000.00767 +0000.00800 +0000.00833 +0000.00867 +0000.00900 +0000.00933 +0000.00967 +0000.01000 
+0000.00200 -1.4625e-04 -1.4467e-04 -1.4316e-04 -1.4170e-04 -1.4031e-04 -1.3897e-04 -1.3769e-04 -1.3646e-04 -1.3529e-04 -1.3418e-04 -1.3312e-04 -1.3212e-04 -1.3117e-04 -1.3027e-04 -1.2943e-04 -1.2863e-04 -1.2789e-04 -1.2721e-04 -1.2657e-04 -1.2598e-04 -1.2545e-04 -1.2497e-04 -1.2453e-04 -1.2415e-04 -1.2382e-04 -1.2353e-04 -1.2330e-04 -1.2312e-04 -1.2298e-04 -1.2289e-04 -1.2286e-04 -1.2287e-04 -1.2293e-04 -1.2304e-04 -1.2320e-04 -1.2341e-04 -1.2367e-04 -1.2398e-04 -1.2434e-04 -1.2475e-04 -1.2521e-04 -1.2571e-04 -1.2627e-04 -1.2688e-04 -1.2754e-04 -1.2825e-04 -1.2902e-04 -1.2983e-04 -1.3070e-04 -1.3162e-04 -1.3259e-04 -1.3361e-04 -1.3469e-04 -1.3583e-04 -1.3702e-04 -1.3826e-04 -1.3956e-04 -1.4092e-04 -1.4234e-04 -1.4381e-04 -1.4534e-04 
+0000.00150 -1.4675e-04 -1.4517e-04 -1.4366e-04 -1.4220e-04 -1.4080e-04 -1.3946e-04 -1.3817e-04 -1.3695e-04 -1.3578e-04 -1.3466e-04 -1.3360e-04 -1.3259e-04 -1.3164e-04 -1.3074e-04 -1.2989e-04 -1.2909e-04 -1.2835e-04 -1.2766e-04 -1.2702e-04 -1.2644e-04 -1.2590e-04 -1.2541e-04 -1.2498e-04 -1.2460e-04 -1.2426e-04 -1.2398e-04 -1.2374e-04 -1.2356e-04 -1.2342e-04 -1.2334e-04 -1.2330e-04 -1.2331e-04 -1.2337e-04 -1.2349e-04 -1.2365e-04 -1.2386e-04 -1.2412e-04 -1.2443e-04 -1.2479e-04 -1.2520e-04 -1.2566e-04 -1.2617e-04 -1.2673e-04 -1.2734e-04 -1.2800e-04 -1.2872e-04 -1.2948e-04 -1.3030e-04 -1.3117e-04 -1.3209e-04 -1.3307e-04 -1.3409e-04 -1.3518e-04 -1.3631e-04 -1.3750e-04 -1.3875e-04 -1.4005e-04 -1.4141e-04 -1.4283e-04 -1.4430e-04 -1.4584e-04 
+0000.00100 -1.4709e-04 -1.4552e-04 -1.4400e-04 -1.4255e-04 -1.4115e-04 -1.3981e-04 -1.3852e-04 -1.3729e-04 -1.3612e-04 -1.3500e-04 -1.3394e-04 -1.3293e-04 -1.3197e-04 -1.3107e-04 -1.3022e-04 -1.2943e-04 -1.2868e-04 -1.2799e-04 -1.2735e-04 -1.2676e-04 -1.2622e-04 -1.2574e-04 -1.2530e-04 -1.2491e-04 -1.2458e-04 -1.2429e-04 -1.2406e-04 -1.2387e-04 -1.2373e-04 -1.2365e-04 -1.2361e-04 -1.2363e-04 -1.2369e-04 -1.2380e-04 -1.2396e-04 -1.2417e-04 -1.2444e-04 -1.2475e-04 -1.2511e-04 -1.2552e-04 -1.2598e-04 -1.2649e-04 -1.2706e-04 -1.2767e-04 -1.2833e-04 -1.2905e-04 -1.2982e-04 -1.3064e-04 -1.3151e-04 -1.3243e-04 -1.3341e-04 -1.3444e-04 -1.3552e-04 -1.3666e-04 -1.3785e-04 -1.3910e-04 -1.4040e-04 -1.4176e-04 -1.4318e-04 -1.4465e-04 -1.4618e-04 
+0000.00050 -1.4730e-04 -1.4573e-04 -1.4422e-04 -1.4276e-04 -1.4136e-04 -1.4002e-04 -1.3873e-04 -1.3750e-04 -1.3633e-04 -1.3521e-04 -1.3415e-04 -1.3314e-04 -1.3218e-04 -1.3127e-04 -1.3042e-04 -1.2963e-04 -1.2888e-04 -1.2819e-04 -1.2754e-04 -1.2695e-04 -1.2641e-04 -1.2593e-04 -1.2549e-04 -1.2510e-04 -1.2476e-04 -1.2448e-04 -1.2424e-04 -1.2406e-04 -1.2392e-04 -1.2383e-04 -1.2380e-04 -1.2381e-04 -1.2387e-04 -1.2398e-04 -1.2415e-04 -1.2436e-04 -1.2462e-04 -1.2493e-04 -1.2530e-04 -1.2571e-04 -1.2617e-04 -1.2668e-04 -1.2725e-04 -1.2786e-04 -1.2853e-04 -1.2925e-04 -1.3002e-04 -1.3084e-04 -1.3171e-04 -1.3264e-04 -1.3361e-04 -1.3465e-04 -1.3573e-04 -1.3687e-04 -1.3806e-04 -1.3931e-04 -1.4061e-04 -1.4197e-04 -1.4339e-04 -1.4486e-04 -1.4639e-04 
+0000.00000 -1.4737e-04 -1.4580e-04 -1.4429e-04 -1.4283e-04 -1.4143e-04 -1.4009e-04 -1.3880e-04 -1.3757e-04 -1.3640e-04 -1.3528e-04 -1.3422e-04 -1.3320e-04 -1.3225e-04 -1.3134e-04 -1.3049e-04 -1.2969e-04 -1.2895e-04 -1.2825e-04 -1.2761e-04 -1.2702e-04 -1.2648e-04 -1.2599e-04 -1.2555e-04 -1.2517e-04 -1.2483e-04 -1.2454e-04 -1.2431e-04 -1.2412e-04 -1.2398e-04 -1.2390e-04 -1.2386e-04 -1.2387e-04 -1.2394e-04 -1.2405e-04 -1.2421e-04 -1.2442e-04 -1.2469e-04 -1.2500e-04 -1.2536e-04 -1.2578e-04 -1.2624e-04 -1.2675e-04 -1.2732e-04 -1.2793e-04 -1.2860e-04 -1.2932e-04 -1.3009e-04 -1.3091e-04 -1.3178e-04 -1.3271e-04 -1.3368e-04 -1.3472e-04 -1.3580e-04 -1.3694e-04 -1.3813e-04 -1.3938e-04 -1.4068e-04 -1.4204e-04 -1.4346e-04 -1.4493e-04 -1.4645e-04 
-0000.00050 -1.4730e-04 -1.4573e-04 -1.4422e-04 -1.4276e-04 -1.4136e-04 -1.4002e-04 -1.3873e-04 -1.3750e-04 -1.3633e-04 -1.3521e-04 -1.3415e-04 -1.3313e-04 -1.3218e-04 -1.3127e-04 -1.3042e-04 -1.2963e-04 -1.2888e-04 -1.2819e-04 -1.2754e-04 -1.2695e-04 -1.2641e-04 -1.2592e-04 -1.2549e-04 -1.2510e-04 -1.2476e-04 -1.2448e-04 -1.2424e-04 -1.2405e-04 -1.2392e-04 -1.2383e-04 -1.2380e-04 -1.2381e-04 -1.2387e-04 -1.2399e-04 -1.2415e-04 -1.2436e-04 -1.2462e-04 -1.2494e-04 -1.2530e-04 -1.2571e-04 -1.2617e-04 -1.2669e-04 -1.2725e-04 -1.2787e-04 -1.2853e-04 -1.2925e-04 -1.3002e-04 -1.3084e-04 -1.3171e-04 -1.3264e-04 -1.3362e-04 -1.3465e-04 -1.3573e-04 -1.3687e-04 -1.3807e-04 -1.3931e-04 -1.4062e-04 -1.4198e-04 -1.4339e-04 -1.4486e-04 -1.4639e-04 
-0000.00100 -1.4709e-04 -1.4552e-04 -1.4401e-04 -1.4255e-04 -1.4115e-04 -1.3981e-04 -1.3852e-04 -1.3729e-04 -1.3612e-04 -1.3500e-04 -1.3394e-04 -1.3293e-04 -1.3197e-04 -1.3107e-04 -1.3022e-04 -1.2943e-04 -1.2868e-04 -1.2799e-04 -1.2735e-04 -1.2676e-04 -1.2622e-04 -1.2573e-04 -1.2530e-04 -1.2491e-04 -1.2458e-04 -1.2429e-04 -1.2406e-04 -1.2387e-04 -1.2373e-04 -1.2365e-04 -1.2361e-04 -1.2363e-04 -1.2369e-04 -1.2380e-04 -1.2396e-04 -1.2417e-04 -1.2444e-04 -1.2475e-04 -1.2511e-04 -1.2552e-04 -1.2598e-04 -1.2649e-04 -1.2706e-04 -1.2767e-04 -1.2833e-04 -1.2905e-04 -1.2982e-04 -1.3064e-04 -1.3151e-04 -1.3243e-04 -1.3341e-04 -1.3444e-04 -1.3552e-04 -1.3666e-04 -1.3785e-04 -1.3910e-04 -1.4041e-04 -1.4176e-04 -1.4318e-04 -1.4465e-04 -1.4618e-04 
-0000.00150 -1.4675e-04 -1.4517e-04 -1.4365e-04 -1.4220e-04 -1.4080e-04 -1.3946e-04 -1.3817e-04 -1.3695e-04 -1.3577e-04 -1.3466e-04 -1.3360e-04 -1.3259e-04 -1.3163e-04 -1.3073e-04 -1.2989e-04 -1.2909e-04 -1.2835e-04 -1.2766e-04 -1.2702e-04 -1.2644e-04 -1.2590e-04 -1.2541e-04 -1.2498e-04 -1.2459e-04 -1.2426e-04 -1.2398e-04 -1.2374e-04 -1.2356e-04 -1.2342e-04 -1.2333e-04 -1.2330e-04 -1.2331e-04 -1.2337e-04 -1.2349e-04 -1.2365e-04 -1.2386e-04 -1.2412e-04 -1.2443e-04 -1.2479e-04 -1.2520e-04 -1.2566e-04 -1.2617e-04 -1.2673e-04 -1.2734e-04 -1.2800e-04 -1.2872e-04 -1.2948e-04 -1.3030e-04 -1.3117e-04 -1.3209e-04 -1.3307e-04 -1.3410e-04 -1.3518e-04 -1.3632e-04 -1.3751e-04 -1.3875e-04 -1.4006e-04 -1.4142e-04 -1.4283e-04 -1.4431e-04 -1.4584e-04 
-0000.00200 -1.4624e-04 -1.4467e-04 -1.4316e-04 -1.4170e-04 -1.4031e-04 -1.3897e-04 -1.3769e-04 -1.3646e-04 -1.3529e-04 -1.3418e-04 -1.3312e-04 -1.3211e-04 -1.3116e-04 -1.3027e-04 -1.2942e-04 -1.2863e-04 -1.2789e-04 -1.2720e-04 -1.2657e-04 -1.2598e-04 -1.2545e-04 -1.2497e-04 -1.2453e-04 -1.2415e-04 -1.2382e-04 -1.2353e-04 -1.2330e-04 -1.2311e-04 -1.2298e-04 -1.2289e-04 -1.2286e-04 -1.2287e-04 -1.2293e-04 -1.2304e-04 -1.2320e-04 -1.2341e-04 -1.2367e-04 -1.2398e-04 -1.2434e-04 -1.2475e-04 -1.2521e-04 -1.2571e-04 -1.2627e-04 -1.2688e-04 -1.2754e-04 -1.2825e-04 -1.2902e-04 -1.2983e-04 -1.3070e-04 -1.3162e-04 -1.3259e-04 -1.3362e-04 -1.3470e-04 -1.3583e-04 -1.3702e-04 -1.3826e-04 -1.3957e-04 -1.4092e-04 -1.4234e-04 -1.4381e-04 -1.4534e-04 
# Total Vertical 2nd Order Kick [T2m2]
START
            -0000.01000 -0000.00967 -0000.00933 -0000.00900 -0000.00867 -0000.00833 -0000.00800 -0000.00767 -0000.00733 -0000.00700 -0000.00667 -0000.00633 -0000.00600 -0000.00567 -0000.00533 -0000.00500 -0000.00467 -0000.00433 -0000.00400 -0000.00367 -0000.00333 -0000.00300 -0000.00267 -0000.00233 -0000.00200 -0000.00167 -0000.00133 -0000.00100 -0000.00067 -0000.00033 +0000.00000 +0000.00033 +0000.00067 +0000.00100 +0000.00133 +0000.00167 +0000.00200 +0000.00233 +0000.00267 +0000.00300 +0000.00333 +0000.00367 +0000.00400 +0000.00433 +0000.00467 +0000.00500 +0000.00533 +0000.00567 +0000.00600 +0000.00633 +0000.00667 +0000.00700 +0000.00733 +0000.00767 +0000.00800 +0000.00833 +0000.00867 +0000.00900 +0000.00933 +0000.00967 +0000.01000 
+0000.00200 -1.4625e-04 -1.4467e-04 -1.4316e-04 -1.4170e-04 -1.4031e-04 -1.3897e-04 -1.3769e-04 -1.3646e-04 -1.3529e-04 -1.3418e-04 -1.3312e-04 -1.3212e-04 -1.3117e-04 -1.3027e-04 -1.2943e-04 -1.2863e-04 -1.2789e-04 -1.2721e-04 -1.2657e-04 -1.2598e-04 -1.2545e-04 -1.2497e-04 -1.2453e-04 -1.2415e-04 -1.2382e-04 -1.2353e-04 -1.2330e-04 -1.2312e-04 -1.2298e-04 -1.2289e-04 -1.2286e-04 -1.2287e-04 -1.2293e-04 -1.2304e-04 -1.2320e-04 -1.2341e-04 -1.2367e-04 -1.2398e-04 -1.2434e-04 -1.2475e-04 -1.2521e-04 -1.2571e-04 -1.2627e-04 -1.2688e-04 -1.2754e-04 -1.2825e-04 -1.2902e-04 -1.2983e-04 -1.3070e-04 -1.3162e-04 -1.3259e-04 -1.3361e-04 -1.3469e-04 -1.3583e-04 -1.3702e-04 -1.3826e-04 -1.3956e-04 -1.4092e-04 -1.4234e-04 -1.4381e-04 -1.4534e-04 
+0000.00150 -1.4625e-04 -1.4467e-04 -1.4316e-04 -1.4170e-04 -1.4031e-04 -1.3897e-04 -1.3769e-04 -1.3646e-04 -1.3529e-04 -1.3418e-04 -1.3312e-04 -1.3212e-04 -1.3117e-04 -1.3027e-04 -1.2943e-04 -1.2863e-04 -1.2789e-04 -1.2721e-04 -1.2657e-04 -1.2598e-04 -1.2545e-04 -1.2497e-04 -1.2453e-04 -1.2415e-04 -1.2382e-04 -1.2353e-04 -1.2330e-04 -1.2312e-04 -1.2298e-04 -1.2289e-04 -1.2286e-04 -1.2287e-04 -1.2293e-04 -1.2304e-04 -1.2320e-04 -1.2341e-04 -1.2367e-04 -1.2398e-04 -1.2434e-04 -1.2475e-04 -1.2521e-04 -1.2571e-04 -1.2627e-04 -1.2688e-04 -1.2754e-04 -1.2825e-04 -1.2902e-04 -1.2983e-04 -1.3070e-04 -1.3162e-04 -1.3259e-04 -1.3361e-04 -1.3469e-04 -1.3583e-04 -1.3702e-04 -1.3826e-04 -1.3956e-04 -1.4092e-04 -1.4234e-04 -1.4381e-04 -1.4534e-04 
+0000.00100 -1.4625e-04 -1.4467e-04 -1.4316e-04 -1.4170e-04 -1.4031e-04 -1.3897e-04 -1.3769e-04 -1.3646e-04 -1.3529e-04 -1.3418e-04 -1.3312e-04 -1.3212e-04 -1.3117e-04 -1.3027e-04 -1.2943e-04 -1.2863e-04 -1.2789e-04 -1.2721e-04 -1.2657e-04 -1.2598e-04 -1.2545e-04 -1.2497e-04 -1.2453e-04 -1.2415e-04 -1.2382e-04 -1.2353e-04 -1.2330e-04 -1.2312e-04 -1.2298e-04 -1.2289e-04 -1.2286e-04 -1.2287e-04 -1.2293e-04 -1.2304e-04 -1.2320e-04 -1.2341e-04 -1.2367e-04 -1.2398e-04 -1.2434e-04 -1.2475e-04 -1.2521e-04 -1.2571e-04 -1.2627e-04 -1.2688e-04 -1.2754e-04 -1.2825e-04 -1.2902e-04 -1.2983e-04 -1.3070e-04 -1.3162e-04 -1.3259e-04 -1.3361e-04 -1.3469e-04 -1.3583e-04 -1.3702e-04 -1.3826e-04 -1.3956e-04 -1.4092e-04 -1.4234e-04 -1.4381e-04 -1.4534e-04 
+0000.00050 -1.4625e-04 -1.4467e-04 -1.4316e-04 -1.4170e-04 -1.4031e-04 -1.3897e-04 -1.3769e-04 -1.3646e-04 -1.3529e-04 -1.3418e-04 -1.3312e-04 -1.3212e-04 -1.3117e-04 -1.3027e-04 -1.2943e-04 -1.2863e-04 -1.2789e-04 -1.2721e-04 -1.2657e-04 -1.2598e-04 -1.2545e-04 -1.2497e-04 -1.2453e-04 -1.2415e-04 -1.2382e-04 -1.2353e-04 -1.2330e-04 -1.2312e-04 -1.2298e-04 -1.2289e-04 -1.2286e-04 -1.2287e-04 -1.2293e-04 -1.2304e-04 -1.2320e-04 -1.2341e-04 -1.2367e-04 -1.2398e-04 -1.2434e-04 -1.2475e-04 -1.2521e-04 -1.2571e-04 -1.2627e-04 -1.2688e-04 -1.2754e-04 -1.2825e-04 -1.2902e-04 -1.2983e-04 -1.3070e-04 -1.3162e-04 -1.3259e-04 -1.3361e-04 -1.3469e-04 -1.3583e-04 -1.3702e-04 -1.3826e-04 -1.3956e-04 -1.4092e-04 -1.4234e-04 -1.4381e-04 -1.4534e-04 
+0000.00000 -1.4625e-04 -1.4467e-04 -1.4316e-04 -1.4170e-04 -1.4031e-04 -1.3897e-04 -1.3769e-04 -1.3646e-04 -1.3529e-04 -1.3418e-04 -1.3312e-04 -1.3212e-04 -1.3117e-04 -1.3027e-04 -1.2943e-04 -1.2863e-04 -1.2789e-04 -1.2721e-04 -1.2657e-04 -1.2598e-04 -1.2545e-04 -1.2497e-04 -1.2453e-04 -1.2415e-04 -1.2382e-04 -1.2353e-04 -1.2330e-04 -1.2312e-04 -1.2298e-04 -1.2289e-04 -1.2286e-04 -1.2287e-04 -1.2293e-04 -1.2304e-04 -1.2320e-04 -1.2341e-04 -1.2367e-04 -1.2398e-04 -1.2434e-04 -1.2475e-04 -1.2521e-04 -1.2571e-04 -1.2627e-04 -1.2688e-04 -1.2754e-04 -1.2825e-04 -1.2902e-04 -1.2983e-04 -1.3070e-04 -1.3162e-04 -1.3259e-04 -1.3361e-04 -1.3469e-04 -1.3583e-04 -1.3702e-04 -1.3826e-04 -1.3956e-04 -1.4092e-04 -1.4234e-04 -1.4381e-04 -1.4534e-04 
-0000.00050 -1.4625e-04 -1.4467e-04 -1.4316e-04 -1.4170e-04 -1.4031e-04 -1.3897e-04 -1.3769e-04 -1.3646e-04 -1.3529e-04 -1.3418e-04 -1.3312e-04 -1.3212e-04 -1.3117e-04 -1.3027e-04 -1.2943e-04 -1.2863e-04 -1.2789e-04 -1.2721e-04 -1.2657e-04 -1.2598e-04 -1.2545e-04 -1.2497e-04 -1.2453e-04 -1.2415e-04 -1.2382e-04 -1.2353e-04 -1.2330e-04 -1.2312e-04 -1.2298e-04 -1.2289e-04 -1.2286e-04 -1.2287e-04 -1.2293e-04 -1.2304e-04 -1.2320e-04 -1.2341e-04 -1.2367e-04 -1.2398e-04 -1.2434e-04 -1.2475e-04 -1.2521e-04 -1.2571e-04 -1.2627e-04 -1.2688e-04 -1.2754e-04 -1.2825e-04 -1.2902e-04 -1.2983e-04 -1.3070e-04 -1.3162e-04 -1.3259e-04 -1.3361e-04 -1.3469e-04 -1.3583e-04 -1.3702e-04 -1.3826e-04 -1.3956e-04 -1.4092e-04 -1.4234e-04 -1.4381e-04 -1.4534e-04 
-0000.00100 -1.4625e-04 -1.4467e-04 -1.4316e-04 -1.4170e-04 -1.4031e-04 -1.3897e-04 -1.3769e-04 -1.3646e-04 -1.3529e-04 -1.3418e-04 -1.3312e-04 -1.3212e-04 -1.3117e-04 -1.3027e-04 -1.2943e-04 -1.2863e-04 -1.2789e-04 -1.2721e-04 -1.2657e-04 -1.2598e-04 -1.2545e-04 -1.2497e-04 -1.2453e-04 -1.2415e-04 -1.2382e-04 -1.2353e-04 -1.2330e-04 -1.2312e-04 -1.2298e-04 -1.2289e-04 -1.2286e-04 -1.2287e-04 -1.2293e-04 -1.2304e-04 -1.2320e-04 -1.2341e-04 -1.2367e-04 -1.2398e-04 -1.2434e-04 -1.2475e-04 -1.2521e-04 -1.2571e-04 -1.2627e-04 -1.2688e-04 -1.2754e-04 -1.2825e-04 -1.2902e-04 -1.2983e-04 -1.3070e-04 -1.3162e-04 -1.3259e-04 -1.3361e-04 -1.3469e-04 -1.3583e-04 -1.3702e-04 -1.3826e-04 -1.3956e-04 -1.4092e-04 -1.4234e-04 -1.4381e-04 -1.4534e-04 
-0000.00150 -1.4625e-04 -1.4467e-04 -1.4316e-04 -1.4170e-04 -1.4031e-04 -1.3897e-04 -1.3769e-04 -1.3646e-04 -1.3529e-04 -1.3418e-04 -1.3312e-04 -1.3212e-04 -1.3117e-04 -1.3027e-04 -1.2943e-04 -1.2863e-04 -1.2789e-04 -1.2721e-04 -1.2657e-04 -1.2598e-04 -1.2545e-04 -1.2497e-04 -1.2453e-04 -1.2415e-04 -1.2382e-04 -1.2353e-04 -1.2330e-04 -1.2312e-04 -1.2298e-04 -1.2289e-04 -1.2286e-04 -1.2287e-04 -1.2293e-04 -1.2304e-04 -1.2320e-04 -1.2341e-04 -1.2367e-04 -1.2398e-04 -1.2434e-04 -1.2475e-04 -1.2521e-04 -1.2571e-04 -1.2627e-04 -1.2688e-04 -1.2754e-04 -1.2825e-04 -1.2902e-04 -1.2983e-04 -1.3070e-04 -1.3162e-04 -1.3259e-04 -1.3361e-04 -1.3469e-04 -1.3583e-04 -1.3702e-04 -1.3826e-04 -1.3956e-04 -1.4092e-04 -1.4234e-04 -1.4381e-04 -1.4534e-04 
-0000.00200 -1.4625e-04 -1.4467e-04 -1.4316e-04 -1.4170e-04 -1.4031e-04 -1.3897e-04 -1.3769e-04 -1.3646e-04 -1.3529e-04 -1.3418e-04 -1.3312e-04 -1.3212e-04 -1.3117e-04 -1.3027e-04 -1.2943e-04 -1.2863e-04 -1.2789e-04 -1.2721e-04 -1.2657e-04 -1.2598e-04 -1.2545e-04 -1.2497e-04 -1.2453e-04 -1.2415e-04 -1.2382e-04 -1.2353e-04 -1.2330e-04 -1.2312e-04 -1.2298e-04 -1.2289e-04 -1.2286e-04 -1.2287e-04 -1.2293e-04 -1.2304e-04 -1.2320e-04 -1.2341e-04 -1.2367e-04 -1.2398e-04 -1.2434e-04 -1.2475e-04 -1.2521e-04 -1.2571e-04 -1.2627e-04 -1.2688e-04 -1.2754e-04 -1.2825e-04 -1.2902e-04 -1.2983e-04 -1.3070e-04 -1.3162e-04 -1.3259e-04 -1.3361e-04 -1.3469e-04 -1.3583e-04 -1.3702e-04 -1.3826e-04 -1.3956e-04 -1.4092e-04 -1.4234e-04 -1.4381e-04 -1.4534e-04 
# Horizontal Final Position [m]
START
            -0000.01000 -0000.00967 -0000.00933 -0000.00900 -0000.00867 -0000.00833 -0000.00800 -0000.00767 -0000.00733 -0000.00700 -0000.00667 -0000.00633 -0000.00600 -0000.00567 -0000.00533 -0000.00500 -0000.00467 -0000.00433 -0000.00400 -0000.00367 -0000.00333 -0000.00300 -0000.00267 -0000.00233 -0000.00200 -0000.00167 -0000.00133 -0000.00100 -0000.00067 -0000.00033 +0000.00000 +0000.00033 +0000.00067 +0000.00100 +0000.00133 +0000.00167 +0000.00200 +0000.00233 +0000.00267 +0000.00300 +0000.00333 +0000.00367 +0000.00400 +0000.00433 +0000.00467 +0000.00500 +0000.00533 +0000.00567 +0000.00600 +0000.00633 +0000.00667 +0000.00700 +0000.00733 +0000.00767 +0000.00800 +0000.00833 +0000.00867 +0000.00900 +0000.00933 +0000.00967 +0000.01000 
+0000.00200 -1.0002e-02 -9.6692e-03 -9.3359e-03 -9.0026e-03 -8.6693e-03 -8.3360e-03 -8.0027e-03 -7.6694e-03 -7.3361e-03 -7.0028e-03 -6.6695e-03 -6.3362e-03 -6.0029e-03 -5.6695e-03 -5.3362e-03 -5.0029e-03 -4.6695e-03 -4.3362e-03 -4.0029e-03 -3.6696e-03 -3.3362e-03 -3.0029e-03 -2.6696e-03 -2.3362e-03 -2.0029e-03 -1.6695e-03 -1.3362e-03 -1.0029e-03 -6.6955e-04 -3.3621e-04 -2.8785e-06 +3.3046e-04 +6.6379e-04 +9.9712e-04 +1.3305e-03 +1.6638e-03 +1.9971e-03 +2.3305e-03 +2.6638e-03 +2.9971e-03 +3.3305e-03 +3.6638e-03 +3.9971e-03 +4.3305e-03 +4.6638e-03 +4.9971e-03 +5.3305e-03 +5.6638e-03 +5.9972e-03 +6.3305e-03 +6.6639e-03 +6.9972e-03 +7.3306e-03 +7.6639e-03 +7.9973e-03 +8.3307e-03 +8.6640e-03 +8.9974e-03 +9.3308e-03 +9.6642e-03 +9.9976e-03 
+0000.00150 -1.0002e-02 -9.6692e-03 -9.3359e-03 -9.0026e-03 -8.6693e-03 -8.3360e-03 -8.0027e-03 -7.6694e-03 -7.3361e-03 -7.0028e-03 -6.6695e-03 -6.3362e-03 -6.0029e-03 -5.6695e-03 -5.3362e-03 -5.0029e-03 -4.6695e-03 -4.3362e-03 -4.0029e-03 -3.6696e-03 -3.3362e-03 -3.0029e-03 -2.6696e-03 -2.3362e-03 -2.0029e-03 -1.6695e-03 -1.3362e-03 -1.0029e-03 -6.6955e-04 -3.3621e-04 -2.8786e-06 +3.3046e-04 +6.6379e-04 +9.9712e-04 +1.3305e-03 +1.6638e-03 +1.9971e-03 +2.3305e-03 +2.6638e-03 +2.9971e-03 +3.3305e-03 +3.6638e-03 +3.9971e-03 +4.3305e-03 +4.6638e-03 +4.9971e-03 +5.3305e-03 +5.6638e-03 +5.9972e-03 +6.3305e-03 +6.6639e-03 +6.9972e-03 +7.3306e-03 +7.6639e-03 +7.9973e-03 +8.3307e-03 +8.6640e-03 +8.9974e-03 +9.3308e-03 +9.6642e-03 +9.9976e-03 
+0000.00100 -1.0002e-02 -9.6692e-03 -9.3359e-03 -9.0026e-03 -8.6693e-03 -8.3360e-03 -8.0027e-03 -7.6694e-03 -7.3361e-03 -7.0028e-03 -6.6695e-03 -6.3362e-03 -6.0029e-03 -5.6695e-03 -5.3362e-03 -5.0029e-03 -4.6695e-03 -4.3362e-03 -4.0029e-03 -3.6696e-03 -3.3362e-03 -3.0029e-03 -2.6696e-03 -2.3362e-03 -2.0029e-03 -1.6695e-03 -1.3362e-03 -1.0029e-03 -6.6955e-04 -3.3621e-04 -2.8787e-06 +3.3046e-04 +6.6379e-04 +9.9712e-04 +1.3305e-03 +1.6638e-03 +1.9971e-03 +2.3305e-03 +2.6638e-03 +2.9971e-03 +3.3305e-03 +3.6638e-03 +3.9971e-03 +4.3305e-03 +4.6638e-03 +4.9971e-03 +5.3305e-03 +5.6638e-03 +5.9972e-03 +6.3305e-03 +6.6639e-03 +6.9972e-03 +7.3306e-03 +7.6639e-03 +7.9973e-03 +8.3307e-03 +8.6640e-03 +8.9974e-03 +9.3308e-03 +9.6642e-03 +9.9976e-03 
+0000.00050 -1.0002e-02 -9.6692e-03 -9.3359e-03 -9.0026e-03 -8.6693e-03 -8.3360e-03 -8.0027e-03 -7.6694e-03 -7.3361e-03 -7.0028e-03 -6.6695e-03 -6.3362e-03 -6.0029e-03 -5.6695e-03 -5.3362e-03 -5.0029e-03 -4.6695e-03 -4.3362e-03 -4.0029e-03 -3.6696e-03 -3.3362e-03 -3.0029e-03 -2.6696e-03 -2.3362e-03 -2.0029e-03 -1.6695e-03 -1.3362e-03 -1.0029e-03 -6.6955e-04 -3.3621e-04 -2.8787e-06 +3.3046e-04 +6.6379e-04 +9.9712e-04 +1.3305e-03 +1.6638e-03 +1.9971e-03 +2.3305e-03 +2.6638e-03 +2.9971e-03 +3.3305e-03 +3.6638e-03 +3.9971e-03 +4.3305e-03 +4.6638e-03 +4.9971e-03 +5.3305e-03 +5.6638e-03 +5.9972e-03 +6.3305e-03 +6.6639e-03 +6.9972e-03 +7.3306e-03 +7.6639e-03 +7.9973e-03 +8.3307e-03 +8.6640e-03 +8.9974e-03 +9.3308e-03 +9.6642e-03 +9.9976e-03 
+0000.00000 -1.0002e-02 -9.6692e-03 -9.3359e-03 -9.0026e-03 -8.6693e-03 -8.3360e-03 -8.0027e-03 -7.6694e-03 -7.3361e-03 -7.0028e-03 -6.6695e-03 -6.3362e-03 -6.0029e-03 -5.6695e-03 -5.3362e-03 -5.0029e-03 -4.6695e-03 -4.3362e-03 -4.0029e-03 -3.6696e-03 -3.3362e-03 -3.0029e-03 -2.6695e-03 -2.3362e-03 -2.0029e-03 -1.6695e-03 -1.3362e-03 -1.0029e-03 -6.6954e-04 -3.3621e-04 -2.8708e-06 +3.3046e-04 +6.6380e-04 +9.9713e-04 +1.3305e-03 +1.6638e-03 +1.9971e-03 +2.3305e-03 +2.6638e-03 +2.9971e-03 +3.3305e-03 +3.6638e-03 +3.9971e-03 +4.3305e-03 +4.6638e-03 +4.9972e-03 +5.3305e-03 +5.6638e-03 +5.9972e-03 +6.3305e-03 +6.6639e-03 +6.9972e-03 +7.3306e-03 +7.6639e-03 +7.9973e-03 +8.3307e-03 +8.6640e-03 +8.9974e-03 +9.3308e-03 +9.6642e-03 +9.9976e-03 
-0000.00050 -1.0002e-02 -9.6692e-03 -9.3359e-03 -9.0026e-03 -8.6693e-03 -8.3360e-03 -8.0027e-03 -7.6694e-03 -7.3361e-03 -7.0028e-03 -6.6695e-03 -6.3362e-03 -6.0029e-03 -5.6695e-03 -5.3362e-03 -5.0029e-03 -4.6695e-03 -4.3362e-03 -4.0029e-03 -3.6696e-03 -3.3362e-03 -3.0029e-03 -2.6696e-03 -2.3362e-03 -2.0029e-03 -1.6695e-03 -1.3362e-03 -1.0029e-03 -6.6955e-04 -3.3621e-04 -2.8787e-06 +3.3046e-04 +6.6379e-04 +9.9712e-04 +1.3305e-03 +1.6638e-03 +1.9971e-03 +2.3305e-03 +2.6638e-03 +2.9971e-03 +3.3305e-03 +3.6638e-03 +3.9971e-03 +4.3305e-03 +4.6638e-03 +4.9971e-03 +5.3305e-03 +5.6638e-03 +5.9972e-03 +6.3305e-03 +6.6639e-03 +6.9972e-03 +7.3306e-03 +7.6639e-03 +7.9973e-03 +8.3307e-03 +8.6640e-03 +8.9974e-03 +9.3308e-03 +9.6642e-03 +9.9976e-03 
-0000.00100 -1.0002e-02 -9.6692e-03 -9.3359e-03 -9.0026e-03 -8.6693e-03 -8.3360e-03 -8.0027e-03 -7.6694e-03 -7.3361e-03 -7.0028e-03 -6.6695e-03 -6.3362e-03 -6.0029e-03 -5.6695e-03 -5.3362e-03 -5.0029e-03 -4.6695e-03 -4.3362e-03 -4.0029e-03 -3.6696e-03 -3.3362e-03 -3.0029e-03 -2.6696e-03 -2.3362e-03 -2.0029e-03 -1.6695e-03 -1.3362e-03 -1.0029e-03 -6.6955e-04 -3.3621e-04 -2.8787e-06 +3.3046e-04 +6.6379e-04 +9.9712e-04 +1.3305e-03 +1.6638e-03 +1.9971e-03 +2.3305e-03 +2.6638e-03 +2.9971e-03 +3.3305e-03 +3.6638e-03 +3.9971e-03 +4.3305e-03 +4.6638e-03 +4.9971e-03 +5.3305e-03 +5.6638e-03 +5.9972e-03 +6.3305e-03 +6.6639e-03 +6.9972e-03 +7.3306e-03 +7.6639e-03 +7.9973e-03 +8.3307e-03 +8.6640e-03 +8.9974e-03 +9.3308e-03 +9.6642e-03 +9.9976e-03 
-0000.00150 -1.0002e-02 -9.6692e-03 -9.3359e-03 -9.0026e-03 -8.6693e-03 -8.3360e-03 -8.0027e-03 -7.6694e-03 -7.3361e-03 -7.0028e-03 -6.6695e-03 -6.3362e-03 -6.0029e-03 -5.6695e-03 -5.3362e-03 -5.0029e-03 -4.6695e-03 -4.3362e-03 -4.0029e-03 -3.6696e-03 -3.3362e-03 -3.0029e-03 -2.6696e-03 -2.3362e-03 -2.0029e-03 -1.6695e-03 -1.3362e-03 -1.0029e-03 -6.6955e-04 -3.3621e-04 -2.8786e-06 +3.3046e-04 +6.6379e-04 +9.9712e-04 +1.3305e-03 +1.6638e-03 +1.9971e-03 +2.3305e-03 +2.6638e-03 +2.9971e-03 +3.3305e-03 +3.6638e-03 +3.9971e-03 +4.3305e-03 +4.6638e-03 +4.9971e-03 +5.3305e-03 +5.6638e-03 +5.9972e-03 +6.3305e-03 +6.6639e-03 +6.9972e-03 +7.3306e-03 +7.6639e-03 +7.9973e-03 +8.3307e-03 +8.6640e-03 +8.9974e-03 +9.3308e-03 +9.6642e-03 +9.9976e-03 
-0000.00200 -1.0002e-02 -9.6692e-03 -9.3359e-03 -9.0026e-03 -8.6693e-03 -8.3360e-03 -8.0027e-03 -7.6694e-03 -7.3361e-03 -7.0028e-03 -6.6695e-03 -6.3362e-03 -6.0029e-03 -5.6695e-03 -5.3362e-03 -5.0029e-03 -4.6695e-03 -4.3362e-03 -4.0029e-03 -3.6696e-03 -3.3362e-03 -3.0029e-03 -2.6696e-03 -2.3362e-03 -2.0029e-03 -1.6695e-03 -1.3362e-03 -1.0029e-03 -6.6955e-04 -3.3621e-04 -2.8785e-06 +3.3046e-04 +6.6379e-04 +9.9712e-04 +1.3305e-03 +1.6638e-03 +1.9971e-03 +2.3305e-03 +2.6638e-03 +2.9971e-03 +3.3305e-03 +3.6638e-03 +3.9971e-03 +4.3305e-03 +4.6638e-03 +4.9971e-03 +5.3305e-03 +5.6638e-03 +5.9972e-03 +6.3305e-03 +6.6639e-03 +6.9972e-03 +7.3306e-03 +7.6639e-03 +7.9973e-03 +8.3307e-03 +8.6640e-03 +8.9974e-03 +9.3308e-03 +9.6642e-03 +9.9976e-03 
# Vertical Final Position [m]
START
            -0000.01000 -0000.00967 -0000.00933 -0000.00900 -0000.00867 -0000.00833 -0000.00800 -0000.00767 -0000.00733 -0000.00700 -0000.00667 -0000.00633 -0000.00600 -0000.00567 -0000.00533 -0000.00500 -0000.00467 -0000.00433 -0000.00400 -0000.00367 -0000.00333 -0000.00300 -0000.00267 -0000.00233 -0000.00200 -0000.00167 -0000.00133 -0000.00100 -0000.00067 -0000.00033 +0000.00000 +0000.00033 +0000.00067 +0000.00100 +0000.00133 +0000.00167 +0000.00200 +0000.00233 +0000.00267 +0000.00300 +0000.00333 +0000.00367 +0000.00400 +0000.00433 +0000.00467 +0000.00500 +0000.00533 +0000.00567 +0000.00600 +0000.00633 +0000.00667 +0000.00700 +0000.00733 +0000.00767 +0000.00800 +0000.00833 +0000.00867 +0000.00900 +0000.00933 +0000.00967 +0000.01000 
+0000.00200 +2.0001e-03 +2.0001e-03 +2.0001e-03 +2.0001e-03 +2.0001e-03 +2.0001e-03 +2.0001e-03 +2.0001e-03 +2.0001e-03 +2.0000e-03 +2.0000e-03 +2.0000e-03 +2.0000e-03 +2.0000e-03 +2.0000e-03 +2.0000e-03 +2.0000e-03 +2.0000e-03 +2.0000e-03 +2.0000e-03 +2.0000e-03 +2.0000e-03 +2.0000e-03 +2.0000e-03 +2.0000e-03 +1.9999e-03 +1.9999e-03 +1.9999e-03 +1.9999e-03 +1.9999e-03 +1.9999e-03 +1.9999e-03 +1.9999e-03 +1.9999e-03 +1.9999e-03 +1.9999e-03 +1.9999e-03 +1.9999e-03 +1.9999e-03 +1.9999e-03 +1.9999e-03 +1.9999e-03 +1.9999e-03 +1.9999e-03 +1.9999e-03 +1.9999e-03 +1.9999e-03 +1.9999e-03 +1.9999e-03 +1.9999e-03 +1.9999e-03 +1.9998e-03 +1.9998e-03 +1.9998e-03 +1.9998e-03 +1.9998e-03 +1.9998e-03 +1.9998e-03 +1.9998e-03 +1.9998e-03 +1.9998e-03 
+0000.00150 +1.5001e-03 +1.5001e-03 +1.5001e-03 +1.5001e-03 +1.5001e-03 +1.5000e-03 +1.5000e-03 +1.5000e-03 +1.5000e-03 +1.5000e-03 +1.5000e-03 +1.5000e-03 +1.5000e-03 +1.5000e-03 +1.5000e-03 +1.5000e-03 +1.5000e-03 +1.5000e-03 +1.5000e-03 +1.5000e-03 +1.5000e-03 +1.5000e-03 +1.5000e-03 +1.5000e-03 +1.5000e-03 +1.5000e-03 +1.5000e-03 +1.5000e-03 +1.5000e-03 +1.5000e-03 +1.5000e-03 +1.5000e-03 +1.5000e-03 +1.5000e-03 +1.5000e-03 +1.5000e-03 +1.4999e-03 +1.4999e-03 +1.4999e-03 +1.4999e-03 +1.4999e-03 +1.4999e-03 +1.4999e-03 +1.4999e-03 +1.4999e-03 +1.4999e-03 +1.4999e-03 +1.4999e-03 +1.4999e-03 +1.4999e-03 +1.4999e-03 +1.4999e-03 +1.4999e-03 +1.4999e-03 +1.4999e-03 +1.4999e-03 +1.4999e-03 +1.4999e-03 +1.4998e-03 +1.4998e-03 +1.4998e-03 
+0000.00100 +1.0000e-03 +1.0000e-03 +1.0000e-03 +1.0000e-03 +1.0000e-03 +1.0000e-03 +1.0000e-03 +1.0000e-03 +1.0000e-03 +1.0000e-03 +9.9999e-04 +9.9999e-04 +9.9999e-04 +9.9999e-04 +9.9999e-04 +9.9999e-04 +9.9999e-04 +9.9999e-04 +9.9999e-04 +9.9999e-04 +9.9999e-04 +9.9999e-04 +9.9999e-04 +9.9999e-04 +9.9998e-04 +9.9998e-04 +9.9998e-04 +9.9998e-04 +9.9998e-04 +9.9998e-04 +9.9998e-04 +9.9998e-04 +9.9998e-04 +9.9998e-04 +9.9997e-04 +9.9997e-04 +9.9997e-04 +9.9997e-04 +9.9997e-04 +9.9996e-04 +9.9996e-04 +9.9996e-04 +9.9996e-04 +9.9995e-04 +9.9995e-04 +9.9995e-04 +9.9994e-04 +9.9994e-04 +9.9994e-04 +9.9993e-04 +9.9993e-04 +9.9992e-04 +9.9992e-04 +9.9992e-04 +9.9991e-04 +9.9991e-04 +9.9991e-04 +9.9990e-04 +9.9990e-04 +9.9990e-04 +9.9990e-04 
+0000.00050 +5.0003e-04 +5.0002e-04 +5.0002e-04 +5.0002e-04 +5.0002e-04 +5.0002e-04 +5.0002e-04 +5.0001e-04 +5.0001e-04 +5.0001e-04 +5.0001e-04 +5.0001e-04 +5.0001e-04 +5.0001e-04 +5.0001e-04 +5.0000e-04 +5.0000e-04 +5.0000e-04 +5.0000e-04 +5.0000e-04 +5.0000e-04 +5.0000e-04 +5.0000e-04 +5.0000e-04 +4.9999e-04 +4.9999e-04 +4.9999e-04 +4.9999e-04 +4.9999e-04 +4.9999e-04 +4.9999e-04 +4.9999e-04 +4.9999e-04 +4.9999e-04 +4.9998e-04 +4.9998e-04 +4.9998e-04 +4.9998e-04 +4.9998e-04 +4.9998e-04 +4.9998e-04 +4.9998e-04 +4.9998e-04 +4.9997e-04 +4.9997e-04 +4.9997e-04 +4.9997e-04 +4.9997e-04 +4.9997e-04 +4.9997e-04 +4.9997e-04 +4.9997e-04 +4.9996e-04 +4.9996e-04 +4.9996e-04 +4.9996e-04 +4.9996e-04 +4.9996e-04 +4.9996e-04 +4.9995e-04 +4.9995e-04 
+0000.00000 -3.1888e-11 -3.2610e-11 -3.3334e-11 -3.4058e-11 -3.4778e-11 -3.5494e-11 -3.6201e-11 -3.6899e-11 -3.7584e-11 -3.8255e-11 -3.8909e-11 -3.9545e-11 -4.0160e-11 -4.0753e-11 -4.1323e-11 -4.1867e-11 -4.2384e-11 -4.2872e-11 -4.3331e-11 -4.3759e-11 -4.4155e-11 -4.4518e-11 -4.4847e-11 -4.5140e-11 -4.5398e-11 -4.5619e-11 -4.5803e-11 -4.5950e-11 -4.6058e-11 -4.6128e-11 -4.6160e-11 -4.6152e-11 -4.6105e-11 -4.6020e-11 -4.5896e-11 -4.5733e-11 -4.5532e-11 -4.5293e-11 -4.5016e-11 -4.4703e-11 -4.4353e-11 -4.3967e-11 -4.3547e-11 -4.3093e-11 -4.2606e-11 -4.2088e-11 -4.1539e-11 -4.0960e-11 -4.0354e-11 -3.9721e-11 -3.9063e-11 -3.8382e-11 -3.7680e-11 -3.6957e-11 -3.6217e-11 -3.5461e-11 -3.4691e-11 -3.3909e-11 -3.3118e-11 -3.2320e-11 -3.1517e-11 
-0000.00050 -5.0003e-04 -5.0002e-04 -5.0002e-04 -5.0002e-04 -5.0002e-04 -5.0002e-04 -5.0002e-04 -5.0001e-04 -5.0001e-04 -5.0001e-04 -5.0001e-04 -5.0001e-04 -5.0001e-04 -5.0001e-04 -5.0001e-04 -5.0000e-04 -5.0000e-04 -5.0000e-04 -5.0000e-04 -5.0000e-04 -5.0000e-04 -5.0000e-04 -5.0000e-04 -5.0000e-04 -4.9999e-04 -4.9999e-04 -4.9999e-04 -4.9999e-04 -4.9999e-04 -4.9999e-04 -4.9999e-04 -4.9999e-04 -4.9999e-04 -4.9999e-04 -4.9998e-04 -4.9998e-04 -4.9998e-04 -4.9998e-04 -4.9998e-04 -4.9998e-04 -4.9998e-04 -4.9998e-04 -4.9998e-04 -4.9997e-04 -4.9997e-04 -4.9997e-04 -4.9997e-04 -4.9997e-04 -4.9997e-04 -4.9997e-04 -4.9997e-04 -4.9997e-04 -4.9996e-04 -4.9996e-04 -4.9996e-04 -4.9996e-04 -4.9996e-04 -4.9996e-04 -4.9996e-04 -4.9995e-04 -4.9995e-04 
-0000.00100 -1.0000e-03 -1.0000e-03 -1.0000e-03 -1.0000e-03 -1.0000e-03 -1.0000e-03 -1.0000e-03 -1.0000e-03 -1.0000e-03 -1.0000e-03 -9.9999e-04 -9.9999e-04 -9.9999e-04 -9.9999e-04 -9.9999e-04 -9.9999e-04 -9.9999e-04 -9.9999e-04 -9.9999e-04 -9.9999e-04 -9.9999e-04 -9.9999e-04 -9.9999e-04 -9.9999e-04 -9.9998e-04 -9.9998e-04 -9.9998e-04 -9.9998e-04 -9.9998e-04 -9.9998e-04 -9.9998e-04 -9.9998e-04 -9.9998e-04 -9.9998e-04 -9.9997e-04 -9.9997e-04 -9.9997e-04 -9.9997e-04 -9.9997e-04 -9.9996e-04 -9.9996e-04 -9.9996e-04 -9.9996e-04 -9.9995e-04 -9.9995e-04 -9.9995e-04 -9.9994e-04 -9.9994e-04 -9.9994e-04 -9.9993e-04 -9.9993e-04 -9.9992e-04 -9.9992e-04 -9.9992e-04 -9.9991e-04 -9.9991e-04 -9.9991e-04 -9.9990e-04 -9.9990e-04 -9.9990e-04 -9.9990e-04 
-0000.00150 -1.5001e-03 -1.5001e-03 -1.5001e-03 -1.5001e-03 -1.5001e-03 -1.5000e-03 -1.5000e-03 -1.5000e-03 -1.5000e-03 -1.5000e-03 -1.5000e-03 -1.5000e-03 -1.5000e-03 -1.5000e-03 -1.5000e-03 -1.5000e-03 -1.5000e-03 -1.5000e-03 -1.5000e-03 -1.5000e-03 -1.5000e-03 -1.5000e-03 -1.5000e-03 -1.5000e-03 -1.5000e-03 -1.5000e-03 -1.5000e-03 -1.5000e-03 -1.5000e-03 -1.5000e-03 -1.5000e-03 -1.5000e-03 -1.5000e-03 -1.5000e-03 -1.5000e-03 -1.5000e-03 -1.4999e-03 -1.4999e-03 -1.4999e-03 -1.4999e-03 -1.4999e-03 -1.4999e-03 -1.4999e-03 -1.4999e-03 -1.4999e-03 -1.4999e-03 -1.4999e-03 -1.4999e-03 -1.4999e-03 -1.4999e-03 -1.4999e-03 -1.4999e-03 -1.4999e-03 -1.4999e-03 -1.4999e-03 -1.4999e-03 -1.4999e-03 -1.4999e-03 -1.4998e-03 -1.4998e-03 -1.4998e-03 
-0000.00200 -2.0001e-03 -2.0001e-03 -2.0001e-03 -2.0001e-03 -2.0001e-03 -2.0001e-03 -2.0001e-03 -2.0001e-03 -2.0001e-03 -2.0000e-03 -2.0000e-03 -2.0000e-03 -2.0000e-03 -2.0000e-03 -2.0000e-03 -2.0000e-03 -2.0000e-03 -2.0000e-03 -2.0000e-03 -2.0000e-03 -2.0000e-03 -2.0000e-03 -2.0000e-03 -2.0000e-03 -2.0000e-03 -1.9999e-03 -1.9999e-03 -1.9999e-03 -1.9999e-03 -1.9999e-03 -1.9999e-03 -1.9999e-03 -1.9999e-03 -1.9999e-03 -1.9999e-03 -1.9999e-03 -1.9999e-03 -1.9999e-03 -1.9999e-03 -1.9999e-03 -1.9999e-03 -1.9999e-03 -1.9999e-03 -1.9999e-03 -1.9999e-03 -1.9999e-03 -1.9999e-03 -1.9999e-03 -1.9999e-03 -1.9999e-03 -1.9999e-03 -1.9998e-03 -1.9998e-03 -1.9998e-03 -1.9998e-03 -1.9998e-03 -1.9998e-03 -1.9998e-03 -1.9998e-03 -1.9998e-03 -1.9998e-03 