# Author: FAC idanalysis.IDKickMap
# Termination_kicks [T2m2]: +0.0000e+00 +0.0000e+00 +0.0000e+00 +0.0000e+00 
# Total Length of Longitudinal Interval [m]
0.13
# Number of Horizontal Points
61
# Number of Vertical Points
9
# Total Horizontal 2nd Order Kick [T2m2]
START
            -0000.01000 -0000.00967 -0000.00933 -0000.00900 -0000.00867 -0000.00833 -0000.00800 -0000.00767 -0000.00733 -0000.00700 -0000.00667 -0000.00633 -0000.00600 -0000.00567 -0000.00533 -0000.00500 -0000.00467 -0000.00433 -0000.00400 -0000.00367 -0000.00333 -0000.00300 -0000.00267 -0000.00233 -0000.00200 -0000.00167 -0000.00133 -0000.00100 -0000.00067 -0000.00033 +0000.00000 +0000.00033 +0000.00067 +0000.00100 +0000.00133 +0000.00167 +0000.00200 +0000.00233 +0000.00267 +0000.00300 +0000.00333 +0000.00367 +0000.00400 +0000.00433 +0000.00467 +0000.00500 +0000.00533 +0000.00567 +0000.00600 +0000.00633 +0000.00667 +0000.00700 +0000.00733 +0000.00767 +0000.00800 +0000.00833 +0000.00867 +0000.00900 +0000.00933 +0000.00967 +0000.01000 
+0000.00200 -3.5940e-05 -3.5496e-05 -3.5066e-05 -3.4650e-05 -3.4247e-05 -3.3859e-05 -3.3484e-05 -3.3124e-05 -3.2778e-05 -3.2447e-05 -3.2130e-05 -3.1828e-05 -3.1540e-05 -3.1268e-05 -3.1010e-05 -3.0767e-05 -3.0539e-05 -3.0326e-05 -3.0128e-05 -2.9946e-05 -2.9778e-05 -2.9626e-05 -2.9490e-05 -2.9368e-05 -2.9262e-05 -2.9172e-05 -2.9097e-05 -2.9037e-05 -2.8993e-05 -2.8965e-05 -2.8952e-05 -2.8954e-05 -2.8972e-05 -2.9006e-05 -2.9055e-05 -2.9119e-05 -2.9199e-05 -2.9295e-05 -2.9406e-05 -2.9532e-05 -2.9674e-05 -2.9831e-05 -3.0003e-05 -3.0191e-05 -3.0393e-05 -3.0611e-05 -3.0844e-05 -3.1092e-05 -3.1355e-05 -3.1633e-05 -3.1926e-05 -3.2233e-05 -3.2555e-05 -3.2892e-05 -3.3243e-05 -3.3608e-05 -3.3988e-05 -3.4382e-05 -3.4790e-05 -3.5211e-05 -3.5647e-05 
+0000.00150 -3.6063e-05 -3.5623e-05 -3.5197e-05 -3.4784e-05 -3.4384e-05 -3.3998e-05 -3.3626e-05 -3.3268e-05 -3.2924e-05 -3.2594e-05 -3.2278e-05 -3.1977e-05 -3.1691e-05 -3.1419e-05 -3.1162e-05 -3.0919e-05 -3.0692e-05 -3.0479e-05 -3.0282e-05 -3.0099e-05 -2.9932e-05 -2.9780e-05 -2.9643e-05 -2.9522e-05 -2.9416e-05 -2.9326e-05 -2.9251e-05 -2.9191e-05 -2.9147e-05 -2.9118e-05 -2.9105e-05 -2.9108e-05 -2.9126e-05 -2.9159e-05 -2.9208e-05 -2.9273e-05 -2.9353e-05 -2.9448e-05 -2.9559e-05 -2.9685e-05 -2.9827e-05 -2.9984e-05 -3.0156e-05 -3.0344e-05 -3.0546e-05 -3.0764e-05 -3.0996e-05 -3.1244e-05 -3.1506e-05 -3.1783e-05 -3.2075e-05 -3.2382e-05 -3.2702e-05 -3.3038e-05 -3.3387e-05 -3.3750e-05 -3.4128e-05 -3.4519e-05 -3.4924e-05 -3.5343e-05 -3.5775e-05 
+0000.00100 -3.6151e-05 -3.5714e-05 -3.5290e-05 -3.4879e-05 -3.4481e-05 -3.4097e-05 -3.3727e-05 -3.3370e-05 -3.3027e-05 -3.2699e-05 -3.2384e-05 -3.2084e-05 -3.1798e-05 -3.1527e-05 -3.1270e-05 -3.1028e-05 -3.0801e-05 -3.0588e-05 -3.0391e-05 -3.0209e-05 -3.0042e-05 -2.9890e-05 -2.9753e-05 -2.9632e-05 -2.9526e-05 -2.9435e-05 -2.9360e-05 -2.9301e-05 -2.9256e-05 -2.9228e-05 -2.9215e-05 -2.9217e-05 -2.9235e-05 -2.9269e-05 -2.9318e-05 -2.9382e-05 -2.9462e-05 -2.9558e-05 -2.9669e-05 -2.9795e-05 -2.9937e-05 -3.0094e-05 -3.0266e-05 -3.0453e-05 -3.0655e-05 -3.0873e-05 -3.1105e-05 -3.1352e-05 -3.1614e-05 -3.1891e-05 -3.2182e-05 -3.2487e-05 -3.2807e-05 -3.3141e-05 -3.3489e-05 -3.3851e-05 -3.4227e-05 -3.4617e-05 -3.5020e-05 -3.5436e-05 -3.5866e-05 
+0000.00050 -3.6203e-05 -3.5767e-05 -3.5345e-05 -3.4936e-05 -3.4539e-05 -3.4156e-05 -3.3787e-05 -3.3431e-05 -3.3089e-05 -3.2761e-05 -3.2447e-05 -3.2147e-05 -3.1862e-05 -3.1591e-05 -3.1334e-05 -3.1093e-05 -3.0866e-05 -3.0654e-05 -3.0456e-05 -3.0274e-05 -3.0107e-05 -2.9955e-05 -2.9819e-05 -2.9698e-05 -2.9592e-05 -2.9501e-05 -2.9426e-05 -2.9366e-05 -2.9322e-05 -2.9294e-05 -2.9281e-05 -2.9283e-05 -2.9301e-05 -2.9335e-05 -2.9384e-05 -2.9448e-05 -2.9528e-05 -2.9624e-05 -2.9735e-05 -2.9861e-05 -3.0003e-05 -3.0159e-05 -3.0331e-05 -3.0519e-05 -3.0721e-05 -3.0938e-05 -3.1170e-05 -3.1417e-05 -3.1679e-05 -3.1955e-05 -3.2246e-05 -3.2551e-05 -3.2870e-05 -3.3204e-05 -3.3551e-05 -3.3912e-05 -3.4287e-05 -3.4676e-05 -3.5077e-05 -3.5492e-05 -3.5920e-05 
+0000.00000 -3.6220e-05 -3.5786e-05 -3.5364e-05 -3.4955e-05 -3.4559e-05 -3.4176e-05 -3.3807e-05 -3.3452e-05 -3.3110e-05 -3.2782e-05 -3.2468e-05 -3.2168e-05 -3.1883e-05 -3.1612e-05 -3.1356e-05 -3.1114e-05 -3.0887e-05 -3.0675e-05 -3.0478e-05 -3.0296e-05 -3.0129e-05 -2.9977e-05 -2.9841e-05 -2.9720e-05 -2.9614e-05 -2.9523e-05 -2.9448e-05 -2.9388e-05 -2.9344e-05 -2.9316e-05 -2.9303e-05 -2.9305e-05 -2.9323e-05 -2.9357e-05 -2.9406e-05 -2.9470e-05 -2.9550e-05 -2.9646e-05 -2.9757e-05 -2.9883e-05 -3.0024e-05 -3.0181e-05 -3.0353e-05 -3.0540e-05 -3.0743e-05 -3.0960e-05 -3.1192e-05 -3.1439e-05 -3.1700e-05 -3.1976e-05 -3.2267e-05 -3.2572e-05 -3.2891e-05 -3.3224e-05 -3.3571e-05 -3.3932e-05 -3.4307e-05 -3.4695e-05 -3.5096e-05 -3.5511e-05 -3.5938e-05 
-0000.00050 -3.6203e-05 -3.5768e-05 -3.5345e-05 -3.4936e-05 -3.4540e-05 -3.4157e-05 -3.3787e-05 -3.3431e-05 -3.3089e-05 -3.2761e-05 -3.2447e-05 -3.2147e-05 -3.1862e-05 -3.1591e-05 -3.1334e-05 -3.1093e-05 -3.0866e-05 -3.0653e-05 -3.0456e-05 -3.0274e-05 -3.0107e-05 -2.9955e-05 -2.9819e-05 -2.9698e-05 -2.9592e-05 -2.9501e-05 -2.9426e-05 -2.9366e-05 -2.9322e-05 -2.9294e-05 -2.9281e-05 -2.9283e-05 -2.9301e-05 -2.9335e-05 -2.9384e-05 -2.9448e-05 -2.9528e-05 -2.9624e-05 -2.9735e-05 -2.9861e-05 -3.0003e-05 -3.0160e-05 -3.0332e-05 -3.0519e-05 -3.0721e-05 -3.0938e-05 -3.1170e-05 -3.1417e-05 -3.1679e-05 -3.1955e-05 -3.2246e-05 -3.2551e-05 -3.2870e-05 -3.3204e-05 -3.3551e-05 -3.3912e-05 -3.4287e-05 -3.4676e-05 -3.5077e-05 -3.5492e-05 -3.5920e-05 
-0000.00100 -3.6151e-05 -3.5714e-05 -3.5290e-05 -3.4879e-05 -3.4481e-05 -3.4097e-05 -3.3727e-05 -3.3370e-05 -3.3027e-05 -3.2699e-05 -3.2384e-05 -3.2084e-05 -3.1798e-05 -3.1527e-05 -3.1270e-05 -3.1028e-05 -3.0801e-05 -3.0588e-05 -3.0391e-05 -3.0209e-05 -3.0042e-05 -2.9890e-05 -2.9753e-05 -2.9632e-05 -2.9526e-05 -2.9435e-05 -2.9360e-05 -2.9301e-05 -2.9257e-05 -2.9228e-05 -2.9215e-05 -2.9217e-05 -2.9235e-05 -2.9269e-05 -2.9318e-05 -2.9382e-05 -2.9462e-05 -2.9558e-05 -2.9669e-05 -2.9795e-05 -2.9937e-05 -3.0094e-05 -3.0266e-05 -3.0453e-05 -3.0655e-05 -3.0873e-05 -3.1105e-05 -3.1352e-05 -3.1614e-05 -3.1891e-05 -3.2182e-05 -3.2487e-05 -3.2807e-05 -3.3141e-05 -3.3490e-05 -3.3852e-05 -3.4228e-05 -3.4617e-05 -3.5020e-05 -3.5437e-05 -3.5866e-05 
-0000.00150 -3.6063e-05 -3.5623e-05 -3.5197e-05 -3.4784e-05 -3.4384e-05 -3.3998e-05 -3.3626e-05 -3.3268e-05 -3.2924e-05 -3.2594e-05 -3.2278e-05 -3.1977e-05 -3.1691e-05 -3.1419e-05 -3.1161e-05 -3.0919e-05 -3.0691e-05 -3.0479e-05 -3.0281e-05 -3.0099e-05 -2.9932e-05 -2.9780e-05 -2.9643e-05 -2.9522e-05 -2.9416e-05 -2.9325e-05 -2.9250e-05 -2.9191e-05 -2.9147e-05 -2.9118e-05 -2.9105e-05 -2.9108e-05 -2.9126e-05 -2.9159e-05 -2.9208e-05 -2.9273e-05 -2.9353e-05 -2.9448e-05 -2.9559e-05 -2.9685e-05 -2.9827e-05 -2.9984e-05 -3.0156e-05 -3.0344e-05 -3.0546e-05 -3.0764e-05 -3.0997e-05 -3.1244e-05 -3.1507e-05 -3.1784e-05 -3.2075e-05 -3.2382e-05 -3.2703e-05 -3.3038e-05 -3.3387e-05 -3.3751e-05 -3.4128e-05 -3.4520e-05 -3.4925e-05 -3.5343e-05 -3.5776e-05 
-0000.00200 -3.5939e-05 -3.5496e-05 -3.5066e-05 -3.4649e-05 -3.4247e-05 -3.3858e-05 -3.3484e-05 -3.3124e-05 -3.2778e-05 -3.2447e-05 -3.2130e-05 -3.1828e-05 -3.1540e-05 -3.1268e-05 -3.1010e-05 -3.0767e-05 -3.0539e-05 -3.0326e-05 -3.0128e-05 -2.9946e-05 -2.9778e-05 -2.9626e-05 -2.9490e-05 -2.9368e-05 -2.9262e-05 -2.9172e-05 -2.9097e-05 -2.9037e-05 -2.8993e-05 -2.8965e-05 -2.8951e-05 -2.8954e-05 -2.8972e-05 -2.9005e-05 -2.9055e-05 -2.9119e-05 -2.9199e-05 -2.9295e-05 -2.9406e-05 -2.9532e-05 -2.9674e-05 -2.9831e-05 -3.0003e-05 -3.0191e-05 -3.0393e-05 -3.0611e-05 -3.0844e-05 -3.1092e-05 -3.1355e-05 -3.1633e-05 -3.1926e-05 -3.2233e-05 -3.2555e-05 -3.2892e-05 -3.3243e-05 -3.3608e-05 -3.3988e-05 -3.4382e-05 -3.4790e-05 -3.5211e-05 -3.5647e-05 
# Total Vertical 2nd Order Kick [T2m2]
START
            -0000.01000 -0000.00967 -0000.00933 -0000.00900 -0000.00867 -0000.00833 -0000.00800 -0000.00767 -0000.00733 -0000.00700 -0000.00667 -0000.00633 -0000.00600 -0000.00567 -0000.00533 -0000.00500 -0000.00467 -0000.00433 -0000.00400 -0000.00367 -0000.00333 -0000.00300 -0000.00267 -0000.00233 -0000.00200 -0000.00167 -0000.00133 -0000.00100 -0000.00067 -0000.00033 +0000.00000 +0000.00033 +0000.00067 +0000.00100 +0000.00133 +0000.00167 +0000.00200 +0000.00233 +0000.00267 +0000.00300 +0000.00333 +0000.00367 +0000.00400 +0000.00433 +0000.00467 +0000.00500 +0000.00533 +0000.00567 +0000.00600 +0000.00633 +0000.00667 +0000.00700 +0000.00733 +0000.00767 +0000.00800 +0000.00833 +0000.00867 +0000.00900 +0000.00933 +0000.00967 +0000.01000 
+0000.00200 -3.5940e-05 -3.5496e-05 -3.5066e-05 -3.4650e-05 -3.4247e-05 -3.3859e-05 -3.3484e-05 -3.3124e-05 -3.2778e-05 -3.2447e-05 -3.2130e-05 -3.1828e-05 -3.1540e-05 -3.1268e-05 -3.1010e-05 -3.0767e-05 -3.0539e-05 -3.0326e-05 -3.0128e-05 -2.9946e-05 -2.9778e-05 -2.9626e-05 -2.9490e-05 -2.9368e-05 -2.9262e-05 -2.9172e-05 -2.9097e-05 -2.9037e-05 -2.8993e-05 -2.8965e-05 -2.8952e-05 -2.8954e-05 -2.8972e-05 -2.9006e-05 -2.9055e-05 -2.9119e-05 -2.9199e-05 -2.9295e-05 -2.9406e-05 -2.9532e-05 -2.9674e-05 -2.9831e-05 -3.0003e-05 -3.0191e-05 -3.0393e-05 -3.0611e-05 -3.0844e-05 -3.1092e-05 -3.1355e-05 -3.1633e-05 -3.1926e-05 -3.2233e-05 -3.2555e-05 -3.2892e-05 -3.3243e-05 -3.3608e-05 -3.3988e-05 -3.4382e-05 -3.4790e-05 -3.5211e-05 -3.5647e-05 
+0000.00150 -3.5940e-05 -3.5496e-05 -3.5066e-05 -3.4650e-05 -3.4247e-05 -3.3859e-05 -3.3484e-05 -3.3124e-05 -3.2778e-05 -3.2447e-05 -3.2130e-05 -3.1828e-05 -3.1540e-05 -3.1268e-05 -3.1010e-05 -3.0767e-05 -3.0539e-05 -3.0326e-05 -3.0128e-05 -2.9946e-05 -2.9778e-05 -2.9626e-05 -2.9490e-05 -2.9368e-05 -2.9262e-05 -2.9172e-05 -2.9097e-05 -2.9037e-05 -2.8993e-05 -2.8965e-05 -2.8952e-05 -2.8954e-05 -2.8972e-05 -2.9006e-05 -2.9055e-05 -2.9119e-05 -2.9199e-05 -2.9295e-05 -2.9406e-05 -2.9532e-05 -2.9674e-05 -2.9831e-05 -3.0003e-05 -3.0191e-05 -3.0393e-05 -3.0611e-05 -3.0844e-05 -3.1092e-05 -3.1355e-05 -3.1633e-05 -3.1926e-05 -3.2233e-05 -3.2555e-05 -3.2892e-05 -3.3243e-05 -3.3608e-05 -3.3988e-05 -3.4382e-05 -3.4790e-05 -3.5211e-05 -3.5647e-05 
+0000.00100 -3.5940e-05 -3.5496e-05 -3.5066e-05 -3.4650e-05 -3.4247e-05 -3.3859e-05 -3.3484e-05 -3.3124e-05 -3.2778e-05 -3.2447e-05 -3.2130e-05 -3.1828e-05 -3.1540e-05 -3.1268e-05 -3.1010e-05 -3.0767e-05 -3.0539e-05 -3.0326e-05 -3.0128e-05 -2.9946e-05 -2.9778e-05 -2.9626e-05 -2.9490e-05 -2.9368e-05 -2.9262e-05 -2.9172e-05 -2.9097e-05 -2.9037e-05 -2.8993e-05 -2.8965e-05 -2.8952e-05 -2.8954e-05 -2.8972e-05 -2.9006e-05 -2.9055e-05 -2.9119e-05 -2.9199e-05 -2.9295e-05 -2.9406e-05 -2.9532e-05 -2.9674e-05 -2.9831e-05 -3.0003e-05 -3.0191e-05 -3.0393e-05 -3.0611e-05 -3.0844e-05 -3.1092e-05 -3.1355e-05 -3.1633e-05 -3.1926e-05 -3.2233e-05 -3.2555e-05 -3.2892e-05 -3.3243e-05 -3.3608e-05 -3.3988e-05 -3.4382e-05 -3.4790e-05 -3.5211e-05 -3.5647e-05 
+0000.00050 -3.5940e-05 -3.5496e-05 -3.5066e-05 -3.4650e-05 -3.4247e-05 -3.3859e-05 -3.3484e-05 -3.3124e-05 -3.2778e-05 -3.2447e-05 -3.2130e-05 -3.1828e-05 -3.1540e-05 -3.1268e-05 -3.1010e-05 -3.0767e-05 -3.0539e-05 -3.0326e-05 -3.0128e-05 -2.9946e-05 -2.9778e-05 -2.9626e-05 -2.9490e-05 -2.9368e-05 -2.9262e-05 -2.9172e-05 -2.9097e-05 -2.9037e-05 -2.8993e-05 -2.8965e-05 -2.8952e-05 -2.8954e-05 -2.8972e-05 -2.9006e-05 -2.9055e-05 -2.9119e-05 -2.9199e-05 -2.9295e-05 -2.9406e-05 -2.9532e-05 -2.9674e-05 -2.9831e-05 -3.0003e-05 -3.0191e-05 -3.0393e-05 -3.0611e-05 -3.0844e-05 -3.1092e-05 -3.1355e-05 -3.1633e-05 -3.1926e-05 -3.2233e-05 -3.2555e-05 -3.2892e-05 -3.3243e-05 -3.3608e-05 -3.3988e-05 -3.4382e-05 -3.4790e-05 -3.5211e-05 -3.5647e-05 
+0000.00000 -3.5940e-05 -3.5496e-05 -3.5066e-05 -3.4650e-05 -3.4247e-05 -3.3859e-05 -3.3484e-05 -3.3124e-05 -3.2778e-05 -3.2447e-05 -3.2130e-05 -3.1828e-05 -3.1540e-05 -3.1268e-05 -3.1010e-05 -3.0767e-05 -3.0539e-05 -3.0326e-05 -3.0128e-05 -2.9946e-05 -2.9778e-05 -2.9626e-05 -2.9490e-05 -2.9368e-05 -2.9262e-05 -2.9172e-05 -2.9097e-05 -2.9037e-05 -2.8993e-05 -2.8965e-05 -2.8952e-05 -2.8954e-05 -2.8972e-05 -2.9006e-05 -2.9055e-05 -2.9119e-05 -2.9199e-05 -2.9295e-05 -2.9406e-05 -2.9532e-05 -2.9674e-05 -2.9831e-05 -3.0003e-05 -3.0191e-05 -3.0393e-05 -3.0611e-05 -3.0844e-05 -3.1092e-05 -3.1355e-05 -3.1633e-05 -3.1926e-05 -3.2233e-05 -3.2555e-05 -3.2892e-05 -3.3243e-05 -3.3608e-05 -3.3988e-05 -3.4382e-05 -3.4790e-05 -3.5211e-05 -3.5647e-05 
-0000.00050 -3.5940e-05 -3.5496e-05 -3.5066e-05 -3.4650e-05 -3.4247e-05 -3.3859e-05 -3.3484e-05 -3.3124e-05 -3.2778e-05 -3.2447e-05 -3.2130e-05 -3.1828e-05 -3.1540e-05 -3.1268e-05 -3.1010e-05 -3.0767e-05 -3.0539e-05 -3.0326e-05 -3.0128e-05 -2.9946e-05 -2.9778e-05 -2.9626e-05 -2.9490e-05 -2.9368e-05 -2.9262e-05 -2.9172e-05 -2.9097e-05 -2.9037e-05 -2.8993e-05 -2.8965e-05 -2.8952e-05 -2.8954e-05 -2.8972e-05 -2.9006e-05 -2.9055e-05 -2.9119e-05 -2.9199e-05 -2.9295e-05 -2.9406e-05 -2.9532e-05 -2.9674e-05 -2.9831e-05 -3.0003e-05 -3.0191e-05 -3.0393e-05 -3.0611e-05 -3.0844e-05 -3.1092e-05 -3.1355e-05 -3.1633e-05 -3.1926e-05 -3.2233e-05 -3.2555e-05 -3.2892e-05 -3.3243e-05 -3.3608e-05 -3.3988e-05 -3.4382e-05 -3.4790e-05 -3.5211e-05 -3.5647e-05 
-0000.00100 -3.5940e-05 -3.5496e-05 -3.5066e-05 -3.4650e-05 -3.4247e-05 -3.3859e-05 -3.3484e-05 -3.3124e-05 -3.2778e-05 -3.2447e-05 -3.2130e-05 -3.1828e-05 -3.1540e-05 -3.1268e-05 -3.1010e-05 -3.0767e-05 -3.0539e-05 -3.0326e-05 -3.0128e-05 -2.9946e-05 -2.9778e-05 -2.9626e-05 -2.9490e-05 -2.9368e-05 -2.9262e-05 -2.9172e-05 -2.9097e-05 -2.9037e-05 -2.8993e-05 -2.8965e-05 -2.8952e-05 -2.8954e-05 -2.8972e-05 -2.9006e-05 -2.9055e-05 -2.9119e-05 -2.9199e-05 -2.9295e-05 -2.9406e-05 -2.9532e-05 -2.9674e-05 -2.9831e-05 -3.0003e-05 -3.0191e-05 -3.0393e-05 -3.0611e-05 -3.0844e-05 -3.1092e-05 -3.1355e-05 -3.1633e-05 -3.1926e-05 -3.2233e-05 -3.2555e-05 -3.2892e-05 -3.3243e-05 -3.3608e-05 -3.3988e-05 -3.4382e-05 -3.4790e-05 -3.5211e-05 -3.5647e-05 
-0000.00150 -3.5940e-05 -3.5496e-05 -3.5066e-05 -3.4650e-05 -3.4247e-05 -3.3859e-05 -3.3484e-05 -3.3124e-05 -3.2778e-05 -3.2447e-05 -3.2130e-05 -3.1828e-05 -3.1540e-05 -3.1268e-05 -3.1010e-05 -3.0767e-05 -3.0539e-05 -3.0326e-05 -3.0128e-05 -2.9946e-05 -2.9778e-05 -2.9626e-05 -2.9490e-05 -2.9368e-05 -2.9262e-05 -2.9172e-05 -2.9097e-05 -2.9037e-05 -2.8993e-05 -2.8965e-05 -2.8952e-05 -2.8954e-05 -2.8972e-05 -2.9006e-05 -2.9055e-05 -2.9119e-05 -2.9199e-05 -2.9295e-05 -2.9406e-05 -2.9532e-05 -2.9674e-05 -2.9831e-05 -3.0003e-05 -3.0191e-05 -3.0393e-05 -3.0611e-05 -3.0844e-05 -3.1092e-05 -3.1355e-05 -3.1633e-05 -3.1926e-05 -3.2233e-05 -3.2555e-05 -3.2892e-05 -3.3243e-05 -3.3608e-05 -3.3988e-05 -3.4382e-05 -3.4790e-05 -3.5211e-05 -3.5647e-05 
-0000.00200 -3.5940e-05 -3.5496e-05 -3.5066e-05 -3.4650e-05 -3.4247e-05 -3.3859e-05 -3.3484e-05 -3.3124e-05 -3.2778e-05 -3.2447e-05 -3.2130e-05 -3.1828e-05 -3.1540e-05 -3.1268e-05 -3.1010e-05 -3.0767e-05 -3.0539e-05 -3.0326e-05 -3.0128e-05 -2.9946e-05 -2.9778e-05 -2.9626e-05 -2.9490e-05 -2.9368e-05 -2.9262e-05 -2.9172e-05 -2.9097e-05 -2.9037e-05 -2.8993e-05 -2.8965e-05 -2.8952e-05 -2.8954e-05 -2.8972e-05 -2.9006e-05 -2.9055e-05 -2.9119e-05 -2.9199e-05 -2.9295e-05 -2.9406e-05 -2.9532e-05 -2.9674e-05 -2.9831e-05 -3.0003e-05 -3.0191e-05 -3.0393e-05 -3.0611e-05 -3.0844e-05 -3.1092e-05 -3.1355e-05 -3.1633e-05 -3.1926e-05 -3.2233e-05 -3.2555e-05 -3.2892e-05 -3.3243e-05 -3.3608e-05 -3.3988e-05 -3.4382e-05 -3.4790e-05 -3.5211e-05 -3.5647e-05 
# Horizontal Final Position [m]
START
            -0000.01000 -0000.00967 -0000.00933 -0000.00900 -0000.00867 -0000.00833 -0000.00800 -0000.00767 -0000.00733 -0000.00700 -0000.00667 -0000.00633 -0000.00600 -0000.00567 -0000.00533 -0000.00500 -0000.00467 -0000.00433 -0000.00400 -0000.00367 -0000.00333 -0000.00300 -0000.00267 -0000.00233 -0000.00200 -0000.00167 -0000.00133 -0000.00100 -0000.00067 -0000.00033 +0000.00000 +0000.00033 +0000.00067 +0000.00100 +0000.00133 +0000.00167 +0000.00200 +0000.00233 +0000.00267 +0000.00300 +0000.00333 +0000.00367 +0000.00400 +0000.00433 +0000.00467 +0000.00500 +0000.00533 +0000.00567 +0000.00600 +0000.00633 +0000.00667 +0000.00700 +0000.00733 +0000.00767 +0000.00800 +0000.00833 +0000.00867 +0000.00900 +0000.00933 +0000.00967 +0000.01000 
+0000.00200 -1.0004e-02 -9.6704e-03 -9.3371e-03 -9.0038e-03 -8.6706e-03 -8.3373e-03 -8.0040e-03 -7.6707e-03 -7.3374e-03 -7.0041e-03 -6.6707e-03 -6.3374e-03 -6.0041e-03 -5.6708e-03 -5.3375e-03 -5.0041e-03 -4.6708e-03 -4.3375e-03 -4.0042e-03 -3.6708e-03 -3.3375e-03 -3.0042e-03 -2.6708e-03 -2.3375e-03 -2.0041e-03 -1.6708e-03 -1.3375e-03 -1.0041e-03 -6.7079e-04 -3.3745e-04 -4.1070e-06 +3.2923e-04 +6.6258e-04 +9.9592e-04 +1.3293e-03 +1.6626e-03 +1.9959e-03 +2.3293e-03 +2.6626e-03 +2.9960e-03 +3.3293e-03 +3.6626e-03 +3.9960e-03 +4.3293e-03 +4.6626e-03 +4.9960e-03 +5.3293e-03 +5.6626e-03 +5.9959e-03 +6.3293e-03 +6.6626e-03 +6.9959e-03 +7.3292e-03 +7.6625e-03 +7.9958e-03 +8.3292e-03 +8.6625e-03 +8.9958e-03 +9.3291e-03 +9.6624e-03 +9.9957e-03 
+0000.00150 -1.0004e-02 -9.6704e-03 -9.3371e-03 -9.0038e-03 -8.6706e-03 -8.3373e-03 -8.0040e-03 -7.6707e-03 -7.3374e-03 -7.0040e-03 -6.6707e-03 -6.3374e-03 -6.0041e-03 -5.6708e-03 -5.3375e-03 -5.0041e-03 -4.6708e-03 -4.3375e-03 -4.0042e-03 -3.6708e-03 -3.3375e-03 -3.0042e-03 -2.6708e-03 -2.3375e-03 -2.0042e-03 -1.6708e-03 -1.3375e-03 -1.0041e-03 -6.7079e-04 -3.3745e-04 -4.1127e-06 +3.2923e-04 +6.6257e-04 +9.9591e-04 +1.3293e-03 +1.6626e-03 +1.9959e-03 +2.3293e-03 +2.6626e-03 +2.9959e-03 +3.3293e-03 +3.6626e-03 +3.9960e-03 +4.3293e-03 +4.6626e-03 +4.9959e-03 +5.3293e-03 +5.6626e-03 +5.9959e-03 +6.3293e-03 +6.6626e-03 +6.9959e-03 +7.3292e-03 +7.6625e-03 +7.9958e-03 +8.3292e-03 +8.6625e-03 +8.9958e-03 +9.3291e-03 +9.6624e-03 +9.9957e-03 
+0000.00100 -1.0004e-02 -9.6704e-03 -9.3371e-03 -9.0038e-03 -8.6706e-03 -8.3373e-03 -8.0040e-03 -7.6707e-03 -7.3374e-03 -7.0040e-03 -6.6707e-03 -6.3374e-03 -6.0041e-03 -5.6708e-03 -5.3375e-03 -5.0041e-03 -4.6708e-03 -4.3375e-03 -4.0042e-03 -3.6708e-03 -3.3375e-03 -3.0042e-03 -2.6708e-03 -2.3375e-03 -2.0042e-03 -1.6708e-03 -1.3375e-03 -1.0041e-03 -6.7079e-04 -3.3745e-04 -4.1127e-06 +3.2923e-04 +6.6257e-04 +9.9591e-04 +1.3293e-03 +1.6626e-03 +1.9959e-03 +2.3293e-03 +2.6626e-03 +2.9959e-03 +3.3293e-03 +3.6626e-03 +3.9960e-03 +4.3293e-03 +4.6626e-03 +4.9959e-03 +5.3293e-03 +5.6626e-03 +5.9959e-03 +6.3293e-03 +6.6626e-03 +6.9959e-03 +7.3292e-03 +7.6625e-03 +7.9958e-03 +8.3292e-03 +8.6625e-03 +8.9958e-03 +9.3291e-03 +9.6624e-03 +9.9957e-03 
+0000.00050 -1.0004e-02 -9.6704e-03 -9.3371e-03 -9.0038e-03 -8.6706e-03 -8.3373e-03 -8.0040e-03 -7.6707e-03 -7.3374e-03 -7.0040e-03 -6.6707e-03 -6.3374e-03 -6.0041e-03 -5.6708e-03 -5.3375e-03 -5.0041e-03 -4.6708e-03 -4.3375e-03 -4.0042e-03 -3.6708e-03 -3.3375e-03 -3.0042e-03 -2.6708e-03 -2.3375e-03 -2.0042e-03 -1.6708e-03 -1.3375e-03 -1.0041e-03 -6.7079e-04 -3.3745e-04 -4.1128e-06 +3.2923e-04 +6.6257e-04 +9.9591e-04 +1.3293e-03 +1.6626e-03 +1.9959e-03 +2.3293e-03 +2.6626e-03 +2.9959e-03 +3.3293e-03 +3.6626e-03 +3.9960e-03 +4.3293e-03 +4.6626e-03 +4.9959e-03 +5.3293e-03 +5.6626e-03 +5.9959e-03 +6.3293e-03 +6.6626e-03 +6.9959e-03 +7.3292e-03 +7.6625e-03 +7.9958e-03 +8.3292e-03 +8.6625e-03 +8.9958e-03 +9.3291e-03 +9.6624e-03 +9.9957e-03 
+0000.00000 -1.0004e-02 -9.6704e-03 -9.3371e-03 -9.0038e-03 -8.6706e-03 -8.3373e-03 -8.0040e-03 -7.6707e-03 -7.3374e-03 -7.0040e-03 -6.6707e-03 -6.3374e-03 -6.0041e-03 -5.6708e-03 -5.3375e-03 -5.0041e-03 -4.6708e-03 -4.3375e-03 -4.0042e-03 -3.6708e-03 -3.3375e-03 -3.0042e-03 -2.6708e-03 -2.3375e-03 -2.0042e-03 -1.6708e-03 -1.3375e-03 -1.0041e-03 -6.7079e-04 -3.3745e-04 -4.1128e-06 +3.2923e-04 +6.6257e-04 +9.9591e-04 +1.3293e-03 +1.6626e-03 +1.9959e-03 +2.3293e-03 +2.6626e-03 +2.9959e-03 +3.3293e-03 +3.6626e-03 +3.9960e-03 +4.3293e-03 +4.6626e-03 +4.9959e-03 +5.3293e-03 +5.6626e-03 +5.9959e-03 +6.3293e-03 +6.6626e-03 +6.9959e-03 +7.3292e-03 +7.6625e-03 +7.9958e-03 +8.3292e-03 +8.6625e-03 +8.9958e-03 +9.3291e-03 +9.6624e-03 +9.9957e-03 
-0000.00050 -1.0004e-02 -9.6704e-03 -9.3371e-03 -9.0038e-03 -8.6706e-03 -8.3373e-03 -8.0040e-03 -7.6707e-03 -7.3374e-03 -7.0040e-03 -6.6707e-03 -6.3374e-03 -6.0041e-03 -5.6708e-03 -5.3375e-03 -5.0041e-03 -4.6708e-03 -4.3375e-03 -4.0042e-03 -3.6708e-03 -3.3375e-03 -3.0042e-03 -2.6708e-03 -2.3375e-03 -2.0042e-03 -1.6708e-03 -1.3375e-03 -1.0041e-03 -6.7079e-04 -3.3745e-04 -4.1128e-06 +3.2923e-04 +6.6257e-04 +9.9591e-04 +1.3293e-03 +1.6626e-03 +1.9959e-03 +2.3293e-03 +2.6626e-03 +2.9959e-03 +3.3293e-03 +3.6626e-03 +3.9960e-03 +4.3293e-03 +4.6626e-03 +4.9959e-03 +5.3293e-03 +5.6626e-03 +5.9959e-03 +6.3293e-03 +6.6626e-03 +6.9959e-03 +7.3292e-03 +7.6625e-03 +7.9958e-03 +8.3292e-03 +8.6625e-03 +8.9958e-03 +9.3291e-03 +9.6624e-03 +9.9957e-03 
-0000.00100 -1.0004e-02 -9.6704e-03 -9.3371e-03 -9.0038e-03 -8.6706e-03 -8.3373e-03 -8.0040e-03 -7.6707e-03 -7.3374e-03 -7.0040e-03 -6.6707e-03 -6.3374e-03 -6.0041e-03 -5.6708e-03 -5.3375e-03 -5.0041e-03 -4.6708e-03 -4.3375e-03 -4.0042e-03 -3.6708e-03 -3.3375e-03 -3.0042e-03 -2.6708e-03 -2.3375e-03 -2.0042e-03 -1.6708e-03 -1.3375e-03 -1.0041e-03 -6.7079e-04 -3.3745e-04 -4.1127e-06 +3.2923e-04 +6.6257e-04 +9.9591e-04 +1.3293e-03 +1.6626e-03 +1.9959e-03 +2.3293e-03 +2.6626e-03 +2.9959e-03 +3.3293e-03 +3.6626e-03 +3.9960e-03 +4.3293e-03 +4.6626e-03 +4.9959e-03 +5.3293e-03 +5.6626e-03 +5.9959e-03 +6.3293e-03 +6.6626e-03 +6.9959e-03 +7.3292e-03 +7.6625e-03 +7.9958e-03 +8.3292e-03 +8.6625e-03 +8.9958e-03 +9.3291e-03 +9.6624e-03 +9.9957e-03 
-0000.00150 -1.0004e-02 -9.6704e-03 -9.3371e-03 -9.0038e-03 -8.6706e-03 -8.3373e-03 -8.0040e-03 -7.6707e-03 -7.3374e-03 -7.0040e-03 -6.6707e-03 -6.3374e-03 -6.0041e-03 -5.6708e-03 -5.3375e-03 -5.0041e-03 -4.6708e-03 -4.3375e-03 -4.0042e-03 -3.6708e-03 -3.3375e-03 -3.0042e-03 -2.6708e-03 -2.3375e-03 -2.0042e-03 -1.6708e-03 -1.3375e-03 -1.0041e-03 -6.7079e-04 -3.3745e-04 -4.1127e-06 +3.2923e-04 +6.6257e-04 +9.9591e-04 +1.3293e-03 +1.6626e-03 +1.9959e-03 +2.3293e-03 +2.6626e-03 +2.9959e-03 +3.3293e-03 +3.6626e-03 +3.9960e-03 +4.3293e-03 +4.6626e-03 +4.9959e-03 +5.3293e-03 +5.6626e-03 +5.9959e-03 +6.3293e-03 +6.6626e-03 +6.9959e-03 +7.3292e-03 +7.6625e-03 +7.9958e-03 +8.3292e-03 +8.6625e-03 +8.9958e-03 +9.3291e-03 +9.6624e-03 +9.9957e-03 
-0000.00200 -1.0004e-02 -9.6704e-03 -9.3371e-03 -9.0038e-03 -8.6706e-03 -8.3373e-03 -8.0040e-03 -7.6707e-03 -7.3374e-03 -7.0041e-03 -6.6707e-03 -6.3374e-03 -6.0041e-03 -5.6708e-03 -5.3375e-03 -5.0041e-03 -4.6708e-03 -4.3375e-03 -4.0042e-03 -3.6708e-03 -3.3375e-03 -3.0042e-03 -2.6708e-03 -2.3375e-03 -2.0041e-03 -1.6708e-03 -1.3375e-03 -1.0041e-03 -6.7079e-04 -3.3745e-04 -4.1070e-06 +3.2923e-04 +6.6258e-04 +9.9592e-04 +1.3293e-03 +1.6626e-03 +1.9959e-03 +2.3293e-03 +2.6626e-03 +2.9960e-03 +3.3293e-03 +3.6626e-03 +3.9960e-03 +4.3293e-03 +4.6626e-03 +4.9960e-03 +5.3293e-03 +5.6626e-03 +5.9959e-03 +6.3293e-03 +6.6626e-03 +6.9959e-03 +7.3292e-03 +7.6625e-03 +7.9958e-03 +8.3292e-03 +8.6625e-03 +8.9958e-03 +9.3291e-03 +9.6624e-03 +9.9957e-03 
# Vertical Final Position [m]
START
            -0000.01000 -0000.00967 -0000.00933 -0000.00900 -0000.00867 -0000.00833 -0000.00800 -0000.00767 -0000.00733 -0000.00700 -0000.00667 -0000.00633 -0000.00600 -0000.00567 -0000.00533 -0000.00500 -0000.00467 -0000.00433 -0000.00400 -0000.00367 -0000.00333 -0000.00300 -0000.00267 -0000.00233 -0000.00200 -0000.00167 -0000.00133 -0000.00100 -0000.00067 -0000.00033 +0000.00000 +0000.00033 +0000.00067 +0000.00100 +0000.00133 +0000.00167 +0000.00200 +0000.00233 +0000.00267 +0000.00300 +0000.00333 +0000.00367 +0000.00400 +0000.00433 +0000.00467 +0000.00500 +0000.00533 +0000.00567 +0000.00600 +0000.00633 +0000.00667 +0000.00700 +0000.00733 +0000.00767 +0000.00800 +0000.00833 +0000.00867 +0000.00900 +0000.00933 +0000.00967 +0000.01000 
+0000.00200 +2.0000e-03 +2.0000e-03 +2.0000e-03 +2.0000e-03 +2.0000e-03 +2.0000e-03 +2.0000e-03 +2.0000e-03 +2.0000e-03 +2.0000e-03 +2.0000e-03 +2.0000e-03 +2.0000e-03 +2.0000e-03 +2.0000e-03 +2.0000e-03 +2.0000e-03 +2.0000e-03 +2.0000e-03 +2.0000e-03 +2.0000e-03 +2.0000e-03 +2.0000e-03 +2.0000e-03 +2.0000e-03 +2.0000e-03 +2.0000e-03 +2.0000e-03 +2.0000e-03 +2.0000e-03 +2.0000e-03 +2.0000e-03 +2.0000e-03 +2.0000e-03 +2.0000e-03 +2.0000e-03 +2.0000e-03 +2.0000e-03 +2.0000e-03 +2.0000e-03 +2.0000e-03 +2.0000e-03 +2.0000e-03 +2.0000e-03 +2.0000e-03 +2.0000e-03 +2.0000e-03 +2.0000e-03 +2.0000e-03 +2.0000e-03 +2.0000e-03 +2.0000e-03 +2.0000e-03 +2.0000e-03 +2.0000e-03 +2.0000e-03 +2.0000e-03 +2.0000e-03 +2.0000e-03 +2.0000e-03 +2.0000e-03 
+0000.00150 +1.5000e-03 +1.5000e-03 +1.5000e-03 +1.5000e-03 +1.5000e-03 +1.5000e-03 +1.5000e-03 +1.5000e-03 +1.5000e-03 +1.5000e-03 +1.5000e-03 +1.5000e-03 +1.5000e-03 +1.5000e-03 +1.5000e-03 +1.5000e-03 +1.5000e-03 +1.5000e-03 +1.5000e-03 +1.5000e-03 +1.5000e-03 +1.5000e-03 +1.5000e-03 +1.5000e-03 +1.5000e-03 +1.5000e-03 +1.5000e-03 +1.5000e-03 +1.5000e-03 +1.5000e-03 +1.5000e-03 +1.5000e-03 +1.5000e-03 +1.5000e-03 +1.5000e-03 +1.5000e-03 +1.5000e-03 +1.5000e-03 +1.5000e-03 +1.5000e-03 +1.5000e-03 +1.5000e-03 +1.5000e-03 +1.5000e-03 +1.5000e-03 +1.5000e-03 +1.5000e-03 +1.5000e-03 +1.5000e-03 +1.5000e-03 +1.5000e-03 +1.5000e-03 +1.5000e-03 +1.5000e-03 +1.5000e-03 +1.5000e-03 +1.5000e-03 +1.5000e-03 +1.5000e-03 +1.5000e-03 +1.5000e-03 
+0000.00100 +1.0000e-03 +1.0000e-03 +1.0000e-03 +1.0000e-03 +1.0000e-03 +1.0000e-03 +1.0000e-03 +1.0000e-03 +1.0000e-03 +1.0000e-03 +1.0000e-03 +1.0000e-03 +1.0000e-03 +1.0000e-03 +1.0000e-03 +1.0000e-03 +1.0000e-03 +1.0000e-03 +1.0000e-03 +1.0000e-03 +1.0000e-03 +1.0000e-03 +1.0000e-03 +1.0000e-03 +1.0000e-03 +1.0000e-03 +1.0000e-03 +1.0000e-03 +1.0000e-03 +1.0000e-03 +1.0000e-03 +1.0000e-03 +1.0000e-03 +1.0000e-03 +1.0000e-03 +1.0000e-03 +9.9999e-04 +9.9999e-04 +9.9999e-04 +9.9999e-04 +9.9999e-04 +9.9999e-04 +9.9999e-04 +9.9999e-04 +9.9999e-04 +9.9999e-04 +9.9999e-04 +9.9998e-04 +9.9998e-04 +9.9998e-04 +9.9998e-04 +9.9998e-04 +9.9998e-04 +9.9998e-04 +9.9998e-04 +9.9998e-04 +9.9998e-04 +9.9998e-04 +9.9998e-04 +9.9998e-04 +9.9998e-04 
+0000.00050 +5.0001e-04 +5.0001e-04 +5.0001e-04 +5.0001e-04 +5.0001e-04 +5.0001e-04 +5.0001e-04 +5.0001e-04 +5.0001e-04 +5.0001e-04 +5.0001e-04 +5.0001e-04 +5.0001e-04 +5.0001e-04 +5.0001e-04 +5.0001e-04 +5.0001e-04 +5.0001e-04 +5.0001e-04 +5.0001e-04 +5.0001e-04 +5.0000e-04 +5.0000e-04 +5.0000e-04 +5.0000e-04 +5.0000e-04 +5.0000e-04 +5.0000e-04 +5.0000e-04 +5.0000e-04 +5.0000e-04 +5.0000e-04 +5.0000e-04 +5.0000e-04 +5.0000e-04 +5.0000e-04 +5.0000e-04 +4.9999e-04 +4.9999e-04 +4.9999e-04 +4.9999e-04 +4.9999e-04 +4.9999e-04 +4.9999e-04 +4.9999e-04 +4.9999e-04 +4.9999e-04 +4.9999e-04 +4.9999e-04 +4.9999e-04 +4.9999e-04 +4.9999e-04 +4.9999e-04 +4.9999e-04 +4.9999e-04 +4.9999e-04 +4.9999e-04 +4.9999e-04 +4.9999e-04 +4.9999e-04 +4.9999e-04 
+0000.00000 -9.8892e-12 -1.0027e-11 -1.0158e-11 -1.0284e-11 -1.0404e-11 -1.0519e-11 -1.0628e-11 -1.0732e-11 -1.0831e-11 -1.0924e-11 -1.1013e-11 -1.1097e-11 -1.1176e-11 -1.1250e-11 -1.1320e-11 -1.1385e-11 -1.1446e-11 -1.1502e-11 -1.1554e-11 -1.1602e-11 -1.1646e-11 -1.1685e-11 -1.1720e-11 -1.1752e-11 -1.1779e-11 -1.1802e-11 -1.1822e-11 -1.1837e-11 -1.1848e-11 -1.1856e-11 -1.1859e-11 -1.1859e-11 -1.1854e-11 -1.1846e-11 -1.1834e-11 -1.1817e-11 -1.1797e-11 -1.1772e-11 -1.1744e-11 -1.1711e-11 -1.1674e-11 -1.1633e-11 -1.1588e-11 -1.1538e-11 -1.1483e-11 -1.1425e-11 -1.1361e-11 -1.1293e-11 -1.1220e-11 -1.1142e-11 -1.1060e-11 -1.0972e-11 -1.0879e-11 -1.0780e-11 -1.0677e-11 -1.0567e-11 -1.0452e-11 -1.0332e-11 -1.0205e-11 -1.0072e-11 -9.9330e-12 
-0000.00050 -5.0001e-04 -5.0001e-04 -5.0001e-04 -5.0001e-04 -5.0001e-04 -5.0001e-04 -5.0001e-04 -5.0001e-04 -5.0001e-04 -5.0001e-04 -5.0001e-04 -5.0001e-04 -5.0001e-04 -5.0001e-04 -5.0001e-04 -5.0001e-04 -5.0001e-04 -5.0001e-04 -5.0001e-04 -5.0001e-04 -5.0001e-04 -5.0000e-04 -5.0000e-04 -5.0000e-04 -5.0000e-04 -5.0000e-04 -5.0000e-04 -5.0000e-04 -5.0000e-04 -5.0000e-04 -5.0000e-04 -5.0000e-04 -5.0000e-04 -5.0000e-04 -5.0000e-04 -5.0000e-04 -5.0000e-04 -4.9999e-04 -4.9999e-04 -4.9999e-04 -4.9999e-04 -4.9999e-04 -4.9999e-04 -4.9999e-04 -4.9999e-04 -4.9999e-04 -4.9999e-04 -4.9999e-04 -4.9999e-04 -4.9999e-04 -4.9999e-04 -4.9999e-04 -4.9999e-04 -4.9999e-04 -4.9999e-04 -4.9999e-04 -4.9999e-04 -4.9999e-04 -4.9999e-04 -4.9999e-04 -4.9999e-04 
-0000.00100 -1.0000e-03 -1.0000e-03 -1.0000e-03 -1.0000e-03 -1.0000e-03 -1.0000e-03 -1.0000e-03 -1.0000e-03 -1.0000e-03 -1.0000e-03 -1.0000e-03 -1.0000e-03 -1.0000e-03 -1.0000e-03 -1.0000e-03 -1.0000e-03 -1.0000e-03 -1.0000e-03 -1.0000e-03 -1.0000e-03 -1.0000e-03 -1.0000e-03 -1.0000e-03 -1.0000e-03 -1.0000e-03 -1.0000e-03 -1.0000e-03 -1.0000e-03 -1.0000e-03 -1.0000e-03 -1.0000e-03 -1.0000e-03 -1.0000e-03 -1.0000e-03 -1.0000e-03 -1.0000e-03 -9.9999e-04 -9.9999e-04 -9.9999e-04 -9.9999e-04 -9.9999e-04 -9.9999e-04 -9.9999e-04 -9.9999e-04 -9.9999e-04 -9.9999e-04 -9.9999e-04 -9.9998e-04 -9.9998e-04 -9.9998e-04 -9.9998e-04 -9.9998e-04 -9.9998e-04 -9.9998e-04 -9.9998e-04 -9.9998e-04 -9.9998e-04 -9.9998e-04 -9.9998e-04 -9.9998e-04 -9.9998e-04 
-0000.00150 -1.5000e-03 -1.5000e-03 -1.5000e-03 -1.5000e-03 -1.5000e-03 -1.5000e-03 -1.5000e-03 -1.5000e-03 -1.5000e-03 -1.5000e-03 -1.5000e-03 -1.5000e-03 -1.5000e-03 -1.5000e-03 -1.5000e-03 -1.5000e-03 -1.5000e-03 -1.5000e-03 -1.5000e-03 -1.5000e-03 -1.5000e-03 -1.5000e-03 -1.5000e-03 -1.5000e-03 -1.5000e-03 -1.5000e-03 -1.5000e-03 -1.5000e-03 -1.5000e-03 -1.5000e-03 -1.5000e-03 -1.5000e-03 -1.5000e-03 -1.5000e-03 -1.5000e-03 -1.5000e-03 -1.5000e-03 -1.5000e-03 -1.5000e-03 -1.5000e-03 -1.5000e-03 -1.5000e-03 -1.5000e-03 -1.5000e-03 -1.5000e-03 -1.5000e-03 -1.5000e-03 -1.5000e-03 -1.5000e-03 -1.5000e-03 -1.5000e-03 -1.5000e-03 -1.5000e-03 -1.5000e-03 -1.5000e-03 -1.5000e-03 -1.5000e-03 -1.5000e-03 -1.5000e-03 -1.5000e-03 -1.5000e-03 
-0000.00200 -2.0000e-03 -2.0000e-03 -2.0000e-03 -2.0000e-03 -2.0000e-03 -2.0000e-03 -2.0000e-03 -2.0000e-03 -2.0000e-03 -2.0000e-03 -2.0000e-03 -2.0000e-03 -2.0000e-03 -2.0000e-03 -2.0000e-03 -2.0000e-03 -2.0000e-03 -2.0000e-03 -2.0000e-03 -2.0000e-03 -2.0000e-03 -2.0000e-03 -2.0000e-03 -2.0000e-03 -2.0000e-03 -2.0000e-03 -2.0000e-03 -2.0000e-03 -2.0000e-03 -2.0000e-03 -2.0000e-03 -2.0000e-03 -2.0000e-03 -2.0000e-03 -2.0000e-03 -2.0000e-03 -2.0000e-03 -2.0000e-03 -2.0000e-03 -2.0000e-03 -2.0000e-03 -2.0000e-03 -2.0000e-03 -2.0000e-03 -2.0000e-03 -2.0000e-03 -2.0000e-03 -2.0000e-03 -2.0000e-03 -2.0000e-03 -2.0000e-03 -2.0000e-03 -2.0000e-03 -2.0000e-03 -2.0000e-03 -2.0000e-03 -2.0000e-03 -2.0000e-03 -2.0000e-03 -2.0000e-03 -2.0000e-03 