# Author: FAC idanalysis.IDKickMap
# Termination_kicks [T2m2]: +0.0000e+00 +0.0000e+00 +0.0000e+00 +0.0000e+00 
# Total Length of Longitudinal Interval [m]
0.13
# Number of Horizontal Points
61
# Number of Vertical Points
9
# Total Horizontal 2nd Order Kick [T2m2]
START
            -0000.01000 -0000.00967 -0000.00933 -0000.00900 -0000.00867 -0000.00833 -0000.00800 -0000.00767 -0000.00733 -0000.00700 -0000.00667 -0000.00633 -0000.00600 -0000.00567 -0000.00533 -0000.00500 -0000.00467 -0000.00433 -0000.00400 -0000.00367 -0000.00333 -0000.00300 -0000.00267 -0000.00233 -0000.00200 -0000.00167 -0000.00133 -0000.00100 -0000.00067 -0000.00033 +0000.00000 +0000.00033 +0000.00067 +0000.00100 +0000.00133 +0000.00167 +0000.00200 +0000.00233 +0000.00267 +0000.00300 +0000.00333 +0000.00367 +0000.00400 +0000.00433 +0000.00467 +0000.00500 +0000.00533 +0000.00567 +0000.00600 +0000.00633 +0000.00667 +0000.00700 +0000.00733 +0000.00767 +0000.00800 +0000.00833 +0000.00867 +0000.00900 +0000.00933 +0000.00967 +0000.01000 
+0000.00200 +5.4773e-04 +5.4492e-04 +5.4178e-04 +5.3834e-04 +5.3466e-04 +5.3078e-04 +5.2673e-04 +5.2256e-04 +5.1830e-04 +5.1398e-04 +5.0964e-04 +5.0531e-04 +5.0102e-04 +4.9680e-04 +4.9268e-04 +4.8868e-04 +4.8482e-04 +4.8114e-04 +4.7764e-04 +4.7435e-04 +4.7129e-04 +4.6847e-04 +4.6591e-04 +4.6362e-04 +4.6161e-04 +4.5989e-04 +4.5847e-04 +4.5735e-04 +4.5655e-04 +4.5607e-04 +4.5590e-04 +4.5605e-04 +4.5651e-04 +4.5729e-04 +4.5838e-04 +4.5977e-04 +4.6146e-04 +4.6343e-04 +4.6568e-04 +4.6820e-04 +4.7096e-04 +4.7397e-04 +4.7719e-04 +4.8061e-04 +4.8421e-04 +4.8797e-04 +4.9186e-04 +4.9587e-04 +4.9996e-04 +5.0411e-04 +5.0829e-04 +5.1246e-04 +5.1659e-04 +5.2066e-04 +5.2462e-04 +5.2843e-04 +5.3207e-04 +5.3548e-04 +5.3863e-04 +5.4146e-04 +5.4395e-04 
+0000.00150 +4.7942e-04 +4.7758e-04 +4.7536e-04 +4.7279e-04 +4.6993e-04 +4.6681e-04 +4.6349e-04 +4.5999e-04 +4.5636e-04 +4.5264e-04 +4.4885e-04 +4.4504e-04 +4.4123e-04 +4.3746e-04 +4.3375e-04 +4.3013e-04 +4.2662e-04 +4.2326e-04 +4.2005e-04 +4.1703e-04 +4.1421e-04 +4.1161e-04 +4.0923e-04 +4.0711e-04 +4.0525e-04 +4.0365e-04 +4.0234e-04 +4.0131e-04 +4.0057e-04 +4.0013e-04 +4.0000e-04 +4.0016e-04 +4.0062e-04 +4.0138e-04 +4.0243e-04 +4.0377e-04 +4.0539e-04 +4.0728e-04 +4.0943e-04 +4.1184e-04 +4.1448e-04 +4.1734e-04 +4.2040e-04 +4.2366e-04 +4.2707e-04 +4.3063e-04 +4.3431e-04 +4.3808e-04 +4.4193e-04 +4.4581e-04 +4.4971e-04 +4.5358e-04 +4.5740e-04 +4.6113e-04 +4.6473e-04 +4.6818e-04 +4.7142e-04 +4.7441e-04 +4.7712e-04 +4.7950e-04 +4.8150e-04 
+0000.00100 +4.7307e-04 +4.7207e-04 +4.7063e-04 +4.6879e-04 +4.6660e-04 +4.6411e-04 +4.6136e-04 +4.5839e-04 +4.5524e-04 +4.5195e-04 +4.4856e-04 +4.4511e-04 +4.4162e-04 +4.3813e-04 +4.3468e-04 +4.3128e-04 +4.2796e-04 +4.2476e-04 +4.2169e-04 +4.1878e-04 +4.1605e-04 +4.1351e-04 +4.1119e-04 +4.0909e-04 +4.0724e-04 +4.0564e-04 +4.0431e-04 +4.0324e-04 +4.0246e-04 +4.0196e-04 +4.0175e-04 +4.0184e-04 +4.0221e-04 +4.0287e-04 +4.0382e-04 +4.0505e-04 +4.0656e-04 +4.0833e-04 +4.1036e-04 +4.1264e-04 +4.1515e-04 +4.1788e-04 +4.2081e-04 +4.2392e-04 +4.2720e-04 +4.3062e-04 +4.3416e-04 +4.3779e-04 +4.4149e-04 +4.4523e-04 +4.4898e-04 +4.5271e-04 +4.5639e-04 +4.5997e-04 +4.6343e-04 +4.6672e-04 +4.6981e-04 +4.7265e-04 +4.7520e-04 +4.7742e-04 +4.7926e-04 
+0000.00050 +4.6933e-04 +4.6888e-04 +4.6794e-04 +4.6656e-04 +4.6480e-04 +4.6269e-04 +4.6029e-04 +4.5763e-04 +4.5477e-04 +4.5174e-04 +4.4858e-04 +4.4532e-04 +4.4202e-04 +4.3868e-04 +4.3536e-04 +4.3208e-04 +4.2886e-04 +4.2574e-04 +4.2273e-04 +4.1987e-04 +4.1718e-04 +4.1466e-04 +4.1235e-04 +4.1026e-04 +4.0840e-04 +4.0679e-04 +4.0544e-04 +4.0435e-04 +4.0354e-04 +4.0300e-04 +4.0275e-04 +4.0279e-04 +4.0312e-04 +4.0373e-04 +4.0463e-04 +4.0581e-04 +4.0726e-04 +4.0898e-04 +4.1095e-04 +4.1317e-04 +4.1562e-04 +4.1829e-04 +4.2116e-04 +4.2421e-04 +4.2742e-04 +4.3077e-04 +4.3424e-04 +4.3781e-04 +4.4143e-04 +4.4510e-04 +4.4877e-04 +4.5241e-04 +4.5599e-04 +4.5948e-04 +4.6283e-04 +4.6601e-04 +4.6898e-04 +4.7169e-04 +4.7410e-04 +4.7617e-04 +4.7784e-04 
+0000.00000 +4.6809e-04 +4.6783e-04 +4.6705e-04 +4.6583e-04 +4.6420e-04 +4.6222e-04 +4.5993e-04 +4.5738e-04 +4.5461e-04 +4.5166e-04 +4.4858e-04 +4.4539e-04 +4.4214e-04 +4.3885e-04 +4.3557e-04 +4.3232e-04 +4.2914e-04 +4.2604e-04 +4.2306e-04 +4.2021e-04 +4.1753e-04 +4.1502e-04 +4.1272e-04 +4.1063e-04 +4.0877e-04 +4.0715e-04 +4.0579e-04 +4.0470e-04 +4.0388e-04 +4.0333e-04 +4.0307e-04 +4.0310e-04 +4.0341e-04 +4.0401e-04 +4.0490e-04 +4.0606e-04 +4.0750e-04 +4.0920e-04 +4.1116e-04 +4.1336e-04 +4.1580e-04 +4.1845e-04 +4.2130e-04 +4.2433e-04 +4.2753e-04 +4.3086e-04 +4.3431e-04 +4.3785e-04 +4.4145e-04 +4.4509e-04 +4.4873e-04 +4.5234e-04 +4.5589e-04 +4.5934e-04 +4.6266e-04 +4.6580e-04 +4.6872e-04 +4.7138e-04 +4.7374e-04 +4.7574e-04 +4.7735e-04 
-0000.00050 +4.6934e-04 +4.6888e-04 +4.6794e-04 +4.6655e-04 +4.6478e-04 +4.6267e-04 +4.6026e-04 +4.5760e-04 +4.5473e-04 +4.5170e-04 +4.4854e-04 +4.4528e-04 +4.4197e-04 +4.3864e-04 +4.3532e-04 +4.3203e-04 +4.2882e-04 +4.2569e-04 +4.2269e-04 +4.1983e-04 +4.1714e-04 +4.1463e-04 +4.1232e-04 +4.1024e-04 +4.0838e-04 +4.0677e-04 +4.0542e-04 +4.0434e-04 +4.0353e-04 +4.0300e-04 +4.0276e-04 +4.0280e-04 +4.0313e-04 +4.0375e-04 +4.0465e-04 +4.0583e-04 +4.0729e-04 +4.0901e-04 +4.1098e-04 +4.1321e-04 +4.1566e-04 +4.1833e-04 +4.2120e-04 +4.2425e-04 +4.2747e-04 +4.3082e-04 +4.3429e-04 +4.3785e-04 +4.4148e-04 +4.4514e-04 +4.4881e-04 +4.5245e-04 +4.5603e-04 +4.5951e-04 +4.6286e-04 +4.6603e-04 +4.6900e-04 +4.7170e-04 +4.7411e-04 +4.7617e-04 +4.7783e-04 
-0000.00100 +4.7310e-04 +4.7209e-04 +4.7063e-04 +4.6877e-04 +4.6657e-04 +4.6407e-04 +4.6131e-04 +4.5833e-04 +4.5517e-04 +4.5188e-04 +4.4849e-04 +4.4503e-04 +4.4154e-04 +4.3805e-04 +4.3459e-04 +4.3119e-04 +4.2788e-04 +4.2468e-04 +4.2162e-04 +4.1871e-04 +4.1598e-04 +4.1345e-04 +4.1113e-04 +4.0904e-04 +4.0720e-04 +4.0560e-04 +4.0428e-04 +4.0322e-04 +4.0245e-04 +4.0196e-04 +4.0175e-04 +4.0184e-04 +4.0223e-04 +4.0290e-04 +4.0385e-04 +4.0509e-04 +4.0660e-04 +4.0838e-04 +4.1042e-04 +4.1270e-04 +4.1522e-04 +4.1795e-04 +4.2089e-04 +4.2400e-04 +4.2728e-04 +4.3071e-04 +4.3424e-04 +4.3788e-04 +4.4158e-04 +4.4532e-04 +4.4906e-04 +4.5279e-04 +4.5645e-04 +4.6003e-04 +4.6348e-04 +4.6676e-04 +4.6984e-04 +4.7266e-04 +4.7520e-04 +4.7740e-04 +4.7922e-04 
-0000.00150 +4.7948e-04 +4.7761e-04 +4.7536e-04 +4.7277e-04 +4.6989e-04 +4.6676e-04 +4.6342e-04 +4.5991e-04 +4.5627e-04 +4.5253e-04 +4.4874e-04 +4.4492e-04 +4.4111e-04 +4.3733e-04 +4.3362e-04 +4.3000e-04 +4.2650e-04 +4.2314e-04 +4.1994e-04 +4.1692e-04 +4.1411e-04 +4.1151e-04 +4.0915e-04 +4.0703e-04 +4.0518e-04 +4.0360e-04 +4.0229e-04 +4.0127e-04 +4.0055e-04 +4.0012e-04 +4.0000e-04 +4.0017e-04 +4.0064e-04 +4.0141e-04 +4.0247e-04 +4.0382e-04 +4.0545e-04 +4.0736e-04 +4.0952e-04 +4.1193e-04 +4.1458e-04 +4.1745e-04 +4.2052e-04 +4.2377e-04 +4.2719e-04 +4.3075e-04 +4.3444e-04 +4.3821e-04 +4.4205e-04 +4.4593e-04 +4.4982e-04 +4.5368e-04 +4.5749e-04 +4.6121e-04 +4.6481e-04 +4.6823e-04 +4.7145e-04 +4.7443e-04 +4.7711e-04 +4.7947e-04 +4.8144e-04 
-0000.00200 +5.4784e-04 +5.4499e-04 +5.4182e-04 +5.3836e-04 +5.3465e-04 +5.3075e-04 +5.2668e-04 +5.2249e-04 +5.1821e-04 +5.1388e-04 +5.0953e-04 +5.0519e-04 +5.0090e-04 +4.9667e-04 +4.9255e-04 +4.8855e-04 +4.8469e-04 +4.8101e-04 +4.7752e-04 +4.7424e-04 +4.7118e-04 +4.6837e-04 +4.6582e-04 +4.6353e-04 +4.6153e-04 +4.5983e-04 +4.5842e-04 +4.5732e-04 +4.5653e-04 +4.5605e-04 +4.5590e-04 +4.5606e-04 +4.5654e-04 +4.5733e-04 +4.5843e-04 +4.5983e-04 +4.6153e-04 +4.6351e-04 +4.6577e-04 +4.6830e-04 +4.7107e-04 +4.7408e-04 +4.7731e-04 +4.8073e-04 +4.8434e-04 +4.8810e-04 +4.9199e-04 +4.9600e-04 +5.0008e-04 +5.0423e-04 +5.0839e-04 +5.1255e-04 +5.1668e-04 +5.2073e-04 +5.2467e-04 +5.2846e-04 +5.3208e-04 +5.3546e-04 +5.3858e-04 +5.4139e-04 +5.4384e-04 
# Total Vertical 2nd Order Kick [T2m2]
START
            -0000.01000 -0000.00967 -0000.00933 -0000.00900 -0000.00867 -0000.00833 -0000.00800 -0000.00767 -0000.00733 -0000.00700 -0000.00667 -0000.00633 -0000.00600 -0000.00567 -0000.00533 -0000.00500 -0000.00467 -0000.00433 -0000.00400 -0000.00367 -0000.00333 -0000.00300 -0000.00267 -0000.00233 -0000.00200 -0000.00167 -0000.00133 -0000.00100 -0000.00067 -0000.00033 +0000.00000 +0000.00033 +0000.00067 +0000.00100 +0000.00133 +0000.00167 +0000.00200 +0000.00233 +0000.00267 +0000.00300 +0000.00333 +0000.00367 +0000.00400 +0000.00433 +0000.00467 +0000.00500 +0000.00533 +0000.00567 +0000.00600 +0000.00633 +0000.00667 +0000.00700 +0000.00733 +0000.00767 +0000.00800 +0000.00833 +0000.00867 +0000.00900 +0000.00933 +0000.00967 +0000.01000 
+0000.00200 +5.4773e-04 +5.4492e-04 +5.4178e-04 +5.3834e-04 +5.3466e-04 +5.3078e-04 +5.2673e-04 +5.2256e-04 +5.1830e-04 +5.1398e-04 +5.0964e-04 +5.0531e-04 +5.0102e-04 +4.9680e-04 +4.9268e-04 +4.8868e-04 +4.8482e-04 +4.8114e-04 +4.7764e-04 +4.7435e-04 +4.7129e-04 +4.6847e-04 +4.6591e-04 +4.6362e-04 +4.6161e-04 +4.5989e-04 +4.5847e-04 +4.5735e-04 +4.5655e-04 +4.5607e-04 +4.5590e-04 +4.5605e-04 +4.5651e-04 +4.5729e-04 +4.5838e-04 +4.5977e-04 +4.6146e-04 +4.6343e-04 +4.6568e-04 +4.6820e-04 +4.7096e-04 +4.7397e-04 +4.7719e-04 +4.8061e-04 +4.8421e-04 +4.8797e-04 +4.9186e-04 +4.9587e-04 +4.9996e-04 +5.0411e-04 +5.0829e-04 +5.1246e-04 +5.1659e-04 +5.2066e-04 +5.2462e-04 +5.2843e-04 +5.3207e-04 +5.3548e-04 +5.3863e-04 +5.4146e-04 +5.4395e-04 
+0000.00150 +5.4773e-04 +5.4492e-04 +5.4178e-04 +5.3834e-04 +5.3466e-04 +5.3078e-04 +5.2673e-04 +5.2256e-04 +5.1830e-04 +5.1398e-04 +5.0964e-04 +5.0531e-04 +5.0102e-04 +4.9680e-04 +4.9268e-04 +4.8868e-04 +4.8482e-04 +4.8114e-04 +4.7764e-04 +4.7435e-04 +4.7129e-04 +4.6847e-04 +4.6591e-04 +4.6362e-04 +4.6161e-04 +4.5989e-04 +4.5847e-04 +4.5735e-04 +4.5655e-04 +4.5607e-04 +4.5590e-04 +4.5605e-04 +4.5651e-04 +4.5729e-04 +4.5838e-04 +4.5977e-04 +4.6146e-04 +4.6343e-04 +4.6568e-04 +4.6820e-04 +4.7096e-04 +4.7397e-04 +4.7719e-04 +4.8061e-04 +4.8421e-04 +4.8797e-04 +4.9186e-04 +4.9587e-04 +4.9996e-04 +5.0411e-04 +5.0829e-04 +5.1246e-04 +5.1659e-04 +5.2066e-04 +5.2462e-04 +5.2843e-04 +5.3207e-04 +5.3548e-04 +5.3863e-04 +5.4146e-04 +5.4395e-04 
+0000.00100 +5.4773e-04 +5.4492e-04 +5.4178e-04 +5.3834e-04 +5.3466e-04 +5.3078e-04 +5.2673e-04 +5.2256e-04 +5.1830e-04 +5.1398e-04 +5.0964e-04 +5.0531e-04 +5.0102e-04 +4.9680e-04 +4.9268e-04 +4.8868e-04 +4.8482e-04 +4.8114e-04 +4.7764e-04 +4.7435e-04 +4.7129e-04 +4.6847e-04 +4.6591e-04 +4.6362e-04 +4.6161e-04 +4.5989e-04 +4.5847e-04 +4.5735e-04 +4.5655e-04 +4.5607e-04 +4.5590e-04 +4.5605e-04 +4.5651e-04 +4.5729e-04 +4.5838e-04 +4.5977e-04 +4.6146e-04 +4.6343e-04 +4.6568e-04 +4.6820e-04 +4.7096e-04 +4.7397e-04 +4.7719e-04 +4.8061e-04 +4.8421e-04 +4.8797e-04 +4.9186e-04 +4.9587e-04 +4.9996e-04 +5.0411e-04 +5.0829e-04 +5.1246e-04 +5.1659e-04 +5.2066e-04 +5.2462e-04 +5.2843e-04 +5.3207e-04 +5.3548e-04 +5.3863e-04 +5.4146e-04 +5.4395e-04 
+0000.00050 +5.4773e-04 +5.4492e-04 +5.4178e-04 +5.3834e-04 +5.3466e-04 +5.3078e-04 +5.2673e-04 +5.2256e-04 +5.1830e-04 +5.1398e-04 +5.0964e-04 +5.0531e-04 +5.0102e-04 +4.9680e-04 +4.9268e-04 +4.8868e-04 +4.8482e-04 +4.8114e-04 +4.7764e-04 +4.7435e-04 +4.7129e-04 +4.6847e-04 +4.6591e-04 +4.6362e-04 +4.6161e-04 +4.5989e-04 +4.5847e-04 +4.5735e-04 +4.5655e-04 +4.5607e-04 +4.5590e-04 +4.5605e-04 +4.5651e-04 +4.5729e-04 +4.5838e-04 +4.5977e-04 +4.6146e-04 +4.6343e-04 +4.6568e-04 +4.6820e-04 +4.7096e-04 +4.7397e-04 +4.7719e-04 +4.8061e-04 +4.8421e-04 +4.8797e-04 +4.9186e-04 +4.9587e-04 +4.9996e-04 +5.0411e-04 +5.0829e-04 +5.1246e-04 +5.1659e-04 +5.2066e-04 +5.2462e-04 +5.2843e-04 +5.3207e-04 +5.3548e-04 +5.3863e-04 +5.4146e-04 +5.4395e-04 
+0000.00000 +5.4773e-04 +5.4492e-04 +5.4178e-04 +5.3834e-04 +5.3466e-04 +5.3078e-04 +5.2673e-04 +5.2256e-04 +5.1830e-04 +5.1398e-04 +5.0964e-04 +5.0531e-04 +5.0102e-04 +4.9680e-04 +4.9268e-04 +4.8868e-04 +4.8482e-04 +4.8114e-04 +4.7764e-04 +4.7435e-04 +4.7129e-04 +4.6847e-04 +4.6591e-04 +4.6362e-04 +4.6161e-04 +4.5989e-04 +4.5847e-04 +4.5735e-04 +4.5655e-04 +4.5607e-04 +4.5590e-04 +4.5605e-04 +4.5651e-04 +4.5729e-04 +4.5838e-04 +4.5977e-04 +4.6146e-04 +4.6343e-04 +4.6568e-04 +4.6820e-04 +4.7096e-04 +4.7397e-04 +4.7719e-04 +4.8061e-04 +4.8421e-04 +4.8797e-04 +4.9186e-04 +4.9587e-04 +4.9996e-04 +5.0411e-04 +5.0829e-04 +5.1246e-04 +5.1659e-04 +5.2066e-04 +5.2462e-04 +5.2843e-04 +5.3207e-04 +5.3548e-04 +5.3863e-04 +5.4146e-04 +5.4395e-04 
-0000.00050 +5.4773e-04 +5.4492e-04 +5.4178e-04 +5.3834e-04 +5.3466e-04 +5.3078e-04 +5.2673e-04 +5.2256e-04 +5.1830e-04 +5.1398e-04 +5.0964e-04 +5.0531e-04 +5.0102e-04 +4.9680e-04 +4.9268e-04 +4.8868e-04 +4.8482e-04 +4.8114e-04 +4.7764e-04 +4.7435e-04 +4.7129e-04 +4.6847e-04 +4.6591e-04 +4.6362e-04 +4.6161e-04 +4.5989e-04 +4.5847e-04 +4.5735e-04 +4.5655e-04 +4.5607e-04 +4.5590e-04 +4.5605e-04 +4.5651e-04 +4.5729e-04 +4.5838e-04 +4.5977e-04 +4.6146e-04 +4.6343e-04 +4.6568e-04 +4.6820e-04 +4.7096e-04 +4.7397e-04 +4.7719e-04 +4.8061e-04 +4.8421e-04 +4.8797e-04 +4.9186e-04 +4.9587e-04 +4.9996e-04 +5.0411e-04 +5.0829e-04 +5.1246e-04 +5.1659e-04 +5.2066e-04 +5.2462e-04 +5.2843e-04 +5.3207e-04 +5.3548e-04 +5.3863e-04 +5.4146e-04 +5.4395e-04 
-0000.00100 +5.4773e-04 +5.4492e-04 +5.4178e-04 +5.3834e-04 +5.3466e-04 +5.3078e-04 +5.2673e-04 +5.2256e-04 +5.1830e-04 +5.1398e-04 +5.0964e-04 +5.0531e-04 +5.0102e-04 +4.9680e-04 +4.9268e-04 +4.8868e-04 +4.8482e-04 +4.8114e-04 +4.7764e-04 +4.7435e-04 +4.7129e-04 +4.6847e-04 +4.6591e-04 +4.6362e-04 +4.6161e-04 +4.5989e-04 +4.5847e-04 +4.5735e-04 +4.5655e-04 +4.5607e-04 +4.5590e-04 +4.5605e-04 +4.5651e-04 +4.5729e-04 +4.5838e-04 +4.5977e-04 +4.6146e-04 +4.6343e-04 +4.6568e-04 +4.6820e-04 +4.7096e-04 +4.7397e-04 +4.7719e-04 +4.8061e-04 +4.8421e-04 +4.8797e-04 +4.9186e-04 +4.9587e-04 +4.9996e-04 +5.0411e-04 +5.0829e-04 +5.1246e-04 +5.1659e-04 +5.2066e-04 +5.2462e-04 +5.2843e-04 +5.3207e-04 +5.3548e-04 +5.3863e-04 +5.4146e-04 +5.4395e-04 
-0000.00150 +5.4773e-04 +5.4492e-04 +5.4178e-04 +5.3834e-04 +5.3466e-04 +5.3078e-04 +5.2673e-04 +5.2256e-04 +5.1830e-04 +5.1398e-04 +5.0964e-04 +5.0531e-04 +5.0102e-04 +4.9680e-04 +4.9268e-04 +4.8868e-04 +4.8482e-04 +4.8114e-04 +4.7764e-04 +4.7435e-04 +4.7129e-04 +4.6847e-04 +4.6591e-04 +4.6362e-04 +4.6161e-04 +4.5989e-04 +4.5847e-04 +4.5735e-04 +4.5655e-04 +4.5607e-04 +4.5590e-04 +4.5605e-04 +4.5651e-04 +4.5729e-04 +4.5838e-04 +4.5977e-04 +4.6146e-04 +4.6343e-04 +4.6568e-04 +4.6820e-04 +4.7096e-04 +4.7397e-04 +4.7719e-04 +4.8061e-04 +4.8421e-04 +4.8797e-04 +4.9186e-04 +4.9587e-04 +4.9996e-04 +5.0411e-04 +5.0829e-04 +5.1246e-04 +5.1659e-04 +5.2066e-04 +5.2462e-04 +5.2843e-04 +5.3207e-04 +5.3548e-04 +5.3863e-04 +5.4146e-04 +5.4395e-04 
-0000.00200 +5.4773e-04 +5.4492e-04 +5.4178e-04 +5.3834e-04 +5.3466e-04 +5.3078e-04 +5.2673e-04 +5.2256e-04 +5.1830e-04 +5.1398e-04 +5.0964e-04 +5.0531e-04 +5.0102e-04 +4.9680e-04 +4.9268e-04 +4.8868e-04 +4.8482e-04 +4.8114e-04 +4.7764e-04 +4.7435e-04 +4.7129e-04 +4.6847e-04 +4.6591e-04 +4.6362e-04 +4.6161e-04 +4.5989e-04 +4.5847e-04 +4.5735e-04 +4.5655e-04 +4.5607e-04 +4.5590e-04 +4.5605e-04 +4.5651e-04 +4.5729e-04 +4.5838e-04 +4.5977e-04 +4.6146e-04 +4.6343e-04 +4.6568e-04 +4.6820e-04 +4.7096e-04 +4.7397e-04 +4.7719e-04 +4.8061e-04 +4.8421e-04 +4.8797e-04 +4.9186e-04 +4.9587e-04 +4.9996e-04 +5.0411e-04 +5.0829e-04 +5.1246e-04 +5.1659e-04 +5.2066e-04 +5.2462e-04 +5.2843e-04 +5.3207e-04 +5.3548e-04 +5.3863e-04 +5.4146e-04 +5.4395e-04 
# Horizontal Final Position [m]
START
            -0000.01000 -0000.00967 -0000.00933 -0000.00900 -0000.00867 -0000.00833 -0000.00800 -0000.00767 -0000.00733 -0000.00700 -0000.00667 -0000.00633 -0000.00600 -0000.00567 -0000.00533 -0000.00500 -0000.00467 -0000.00433 -0000.00400 -0000.00367 -0000.00333 -0000.00300 -0000.00267 -0000.00233 -0000.00200 -0000.00167 -0000.00133 -0000.00100 -0000.00067 -0000.00033 +0000.00000 +0000.00033 +0000.00067 +0000.00100 +0000.00133 +0000.00167 +0000.00200 +0000.00233 +0000.00267 +0000.00300 +0000.00333 +0000.00367 +0000.00400 +0000.00433 +0000.00467 +0000.00500 +0000.00533 +0000.00567 +0000.00600 +0000.00633 +0000.00667 +0000.00700 +0000.00733 +0000.00767 +0000.00800 +0000.00833 +0000.00867 +0000.00900 +0000.00933 +0000.00967 +0000.01000 
+0000.00200 -9.9990e-03 -9.6658e-03 -9.3326e-03 -8.9993e-03 -8.6661e-03 -8.3328e-03 -7.9996e-03 -7.6663e-03 -7.3331e-03 -6.9998e-03 -6.6665e-03 -6.3333e-03 -6.0000e-03 -5.6667e-03 -5.3334e-03 -5.0001e-03 -4.6668e-03 -4.3335e-03 -4.0002e-03 -3.6669e-03 -3.3336e-03 -3.0003e-03 -2.6670e-03 -2.3337e-03 -2.0004e-03 -1.6671e-03 -1.3337e-03 -1.0004e-03 -6.6709e-04 -3.3376e-04 -4.2692e-07 +3.3291e-04 +6.6624e-04 +9.9958e-04 +1.3329e-03 +1.6663e-03 +1.9996e-03 +2.3330e-03 +2.6663e-03 +2.9997e-03 +3.3330e-03 +3.6664e-03 +3.9998e-03 +4.3331e-03 +4.6665e-03 +4.9999e-03 +5.3332e-03 +5.6666e-03 +6.0000e-03 +6.3334e-03 +6.6668e-03 +7.0002e-03 +7.3336e-03 +7.6670e-03 +8.0004e-03 +8.3338e-03 +8.6672e-03 +9.0007e-03 +9.3341e-03 +9.6675e-03 +1.0001e-02 
+0000.00150 -9.9991e-03 -9.6659e-03 -9.3327e-03 -8.9994e-03 -8.6662e-03 -8.3330e-03 -7.9997e-03 -7.6665e-03 -7.3332e-03 -6.9999e-03 -6.6667e-03 -6.3334e-03 -6.0001e-03 -5.6668e-03 -5.3335e-03 -5.0003e-03 -4.6670e-03 -4.3337e-03 -4.0004e-03 -3.6670e-03 -3.3337e-03 -3.0004e-03 -2.6671e-03 -2.3338e-03 -2.0005e-03 -1.6672e-03 -1.3338e-03 -1.0005e-03 -6.6718e-04 -3.3385e-04 -5.1480e-07 +3.3282e-04 +6.6616e-04 +9.9950e-04 +1.3328e-03 +1.6662e-03 +1.9995e-03 +2.3329e-03 +2.6662e-03 +2.9996e-03 +3.3329e-03 +3.6663e-03 +3.9997e-03 +4.3330e-03 +4.6664e-03 +4.9998e-03 +5.3331e-03 +5.6665e-03 +5.9999e-03 +6.3333e-03 +6.6667e-03 +7.0001e-03 +7.3335e-03 +7.6669e-03 +8.0003e-03 +8.3337e-03 +8.6671e-03 +9.0006e-03 +9.3340e-03 +9.6675e-03 +1.0001e-02 
+0000.00100 -9.9992e-03 -9.6660e-03 -9.3327e-03 -8.9994e-03 -8.6662e-03 -8.3329e-03 -7.9996e-03 -7.6663e-03 -7.3331e-03 -6.9998e-03 -6.6665e-03 -6.3333e-03 -6.0000e-03 -5.6667e-03 -5.3334e-03 -5.0002e-03 -4.6669e-03 -4.3336e-03 -4.0003e-03 -3.6670e-03 -3.3337e-03 -3.0004e-03 -2.6671e-03 -2.3338e-03 -2.0005e-03 -1.6672e-03 -1.3339e-03 -1.0006e-03 -6.6723e-04 -3.3390e-04 -5.7184e-07 +3.3276e-04 +6.6610e-04 +9.9945e-04 +1.3328e-03 +1.6661e-03 +1.9995e-03 +2.3329e-03 +2.6662e-03 +2.9996e-03 +3.3330e-03 +3.6663e-03 +3.9997e-03 +4.3331e-03 +4.6665e-03 +4.9999e-03 +5.3332e-03 +5.6666e-03 +6.0000e-03 +6.3334e-03 +6.6668e-03 +7.0002e-03 +7.3336e-03 +7.6670e-03 +8.0004e-03 +8.3338e-03 +8.6672e-03 +9.0006e-03 +9.3340e-03 +9.6674e-03 +1.0001e-02 
+0000.00050 -9.9992e-03 -9.6659e-03 -9.3327e-03 -8.9994e-03 -8.6661e-03 -8.3328e-03 -7.9996e-03 -7.6663e-03 -7.3330e-03 -6.9998e-03 -6.6665e-03 -6.3332e-03 -6.0000e-03 -5.6667e-03 -5.3334e-03 -5.0001e-03 -4.6669e-03 -4.3336e-03 -4.0003e-03 -3.6670e-03 -3.3337e-03 -3.0004e-03 -2.6671e-03 -2.3338e-03 -2.0005e-03 -1.6672e-03 -1.3339e-03 -1.0006e-03 -6.6723e-04 -3.3391e-04 -5.7492e-07 +3.3276e-04 +6.6610e-04 +9.9944e-04 +1.3328e-03 +1.6661e-03 +1.9995e-03 +2.3329e-03 +2.6662e-03 +2.9996e-03 +3.3330e-03 +3.6663e-03 +3.9997e-03 +4.3331e-03 +4.6665e-03 +4.9999e-03 +5.3333e-03 +5.6667e-03 +6.0000e-03 +6.3334e-03 +6.6668e-03 +7.0002e-03 +7.3336e-03 +7.6670e-03 +8.0004e-03 +8.3338e-03 +8.6672e-03 +9.0006e-03 +9.3340e-03 +9.6674e-03 +1.0001e-02 
+0000.00000 -9.9992e-03 -9.6659e-03 -9.3327e-03 -8.9994e-03 -8.6661e-03 -8.3328e-03 -7.9996e-03 -7.6663e-03 -7.3330e-03 -6.9998e-03 -6.6665e-03 -6.3332e-03 -6.0000e-03 -5.6667e-03 -5.3334e-03 -5.0001e-03 -4.6669e-03 -4.3336e-03 -4.0003e-03 -3.6670e-03 -3.3337e-03 -3.0004e-03 -2.6671e-03 -2.3338e-03 -2.0005e-03 -1.6672e-03 -1.3339e-03 -1.0006e-03 -6.6723e-04 -3.3391e-04 -5.7443e-07 +3.3276e-04 +6.6610e-04 +9.9944e-04 +1.3328e-03 +1.6661e-03 +1.9995e-03 +2.3329e-03 +2.6662e-03 +2.9996e-03 +3.3330e-03 +3.6663e-03 +3.9997e-03 +4.3331e-03 +4.6665e-03 +4.9999e-03 +5.3333e-03 +5.6667e-03 +6.0000e-03 +6.3334e-03 +6.6668e-03 +7.0002e-03 +7.3336e-03 +7.6670e-03 +8.0004e-03 +8.3338e-03 +8.6672e-03 +9.0006e-03 +9.3340e-03 +9.6674e-03 +1.0001e-02 
-0000.00050 -9.9992e-03 -9.6659e-03 -9.3327e-03 -8.9994e-03 -8.6661e-03 -8.3328e-03 -7.9996e-03 -7.6663e-03 -7.3330e-03 -6.9998e-03 -6.6665e-03 -6.3332e-03 -6.0000e-03 -5.6667e-03 -5.3334e-03 -5.0001e-03 -4.6669e-03 -4.3336e-03 -4.0003e-03 -3.6670e-03 -3.3337e-03 -3.0004e-03 -2.6671e-03 -2.3338e-03 -2.0005e-03 -1.6672e-03 -1.3339e-03 -1.0006e-03 -6.6723e-04 -3.3391e-04 -5.7492e-07 +3.3276e-04 +6.6610e-04 +9.9944e-04 +1.3328e-03 +1.6661e-03 +1.9995e-03 +2.3329e-03 +2.6662e-03 +2.9996e-03 +3.3330e-03 +3.6663e-03 +3.9997e-03 +4.3331e-03 +4.6665e-03 +4.9999e-03 +5.3333e-03 +5.6667e-03 +6.0000e-03 +6.3334e-03 +6.6668e-03 +7.0002e-03 +7.3336e-03 +7.6670e-03 +8.0004e-03 +8.3338e-03 +8.6672e-03 +9.0006e-03 +9.3340e-03 +9.6674e-03 +1.0001e-02 
-0000.00100 -9.9992e-03 -9.6660e-03 -9.3327e-03 -8.9994e-03 -8.6662e-03 -8.3329e-03 -7.9996e-03 -7.6663e-03 -7.3331e-03 -6.9998e-03 -6.6665e-03 -6.3333e-03 -6.0000e-03 -5.6667e-03 -5.3334e-03 -5.0002e-03 -4.6669e-03 -4.3336e-03 -4.0003e-03 -3.6670e-03 -3.3337e-03 -3.0004e-03 -2.6671e-03 -2.3338e-03 -2.0005e-03 -1.6672e-03 -1.3339e-03 -1.0006e-03 -6.6723e-04 -3.3390e-04 -5.7184e-07 +3.3276e-04 +6.6610e-04 +9.9945e-04 +1.3328e-03 +1.6661e-03 +1.9995e-03 +2.3329e-03 +2.6662e-03 +2.9996e-03 +3.3330e-03 +3.6663e-03 +3.9997e-03 +4.3331e-03 +4.6665e-03 +4.9999e-03 +5.3332e-03 +5.6666e-03 +6.0000e-03 +6.3334e-03 +6.6668e-03 +7.0002e-03 +7.3336e-03 +7.6670e-03 +8.0004e-03 +8.3338e-03 +8.6672e-03 +9.0006e-03 +9.3340e-03 +9.6674e-03 +1.0001e-02 
-0000.00150 -9.9991e-03 -9.6659e-03 -9.3327e-03 -8.9994e-03 -8.6662e-03 -8.3330e-03 -7.9997e-03 -7.6665e-03 -7.3332e-03 -6.9999e-03 -6.6667e-03 -6.3334e-03 -6.0001e-03 -5.6668e-03 -5.3335e-03 -5.0003e-03 -4.6670e-03 -4.3337e-03 -4.0004e-03 -3.6670e-03 -3.3337e-03 -3.0004e-03 -2.6671e-03 -2.3338e-03 -2.0005e-03 -1.6672e-03 -1.3338e-03 -1.0005e-03 -6.6718e-04 -3.3385e-04 -5.1480e-07 +3.3282e-04 +6.6616e-04 +9.9950e-04 +1.3328e-03 +1.6662e-03 +1.9995e-03 +2.3329e-03 +2.6662e-03 +2.9996e-03 +3.3329e-03 +3.6663e-03 +3.9997e-03 +4.3330e-03 +4.6664e-03 +4.9998e-03 +5.3331e-03 +5.6665e-03 +5.9999e-03 +6.3333e-03 +6.6667e-03 +7.0001e-03 +7.3335e-03 +7.6669e-03 +8.0003e-03 +8.3337e-03 +8.6671e-03 +9.0006e-03 +9.3340e-03 +9.6675e-03 +1.0001e-02 
-0000.00200 -9.9990e-03 -9.6658e-03 -9.3326e-03 -8.9993e-03 -8.6661e-03 -8.3328e-03 -7.9996e-03 -7.6663e-03 -7.3331e-03 -6.9998e-03 -6.6665e-03 -6.3333e-03 -6.0000e-03 -5.6667e-03 -5.3334e-03 -5.0001e-03 -4.6668e-03 -4.3335e-03 -4.0002e-03 -3.6669e-03 -3.3336e-03 -3.0003e-03 -2.6670e-03 -2.3337e-03 -2.0004e-03 -1.6671e-03 -1.3337e-03 -1.0004e-03 -6.6709e-04 -3.3376e-04 -4.2692e-07 +3.3291e-04 +6.6624e-04 +9.9958e-04 +1.3329e-03 +1.6663e-03 +1.9996e-03 +2.3330e-03 +2.6663e-03 +2.9997e-03 +3.3330e-03 +3.6664e-03 +3.9998e-03 +4.3331e-03 +4.6665e-03 +4.9999e-03 +5.3332e-03 +5.6666e-03 +6.0000e-03 +6.3334e-03 +6.6668e-03 +7.0002e-03 +7.3336e-03 +7.6670e-03 +8.0004e-03 +8.3338e-03 +8.6672e-03 +9.0007e-03 +9.3341e-03 +9.6675e-03 +1.0001e-02 
# Vertical Final Position [m]
START
            -0000.01000 -0000.00967 -0000.00933 -0000.00900 -0000.00867 -0000.00833 -0000.00800 -0000.00767 -0000.00733 -0000.00700 -0000.00667 -0000.00633 -0000.00600 -0000.00567 -0000.00533 -0000.00500 -0000.00467 -0000.00433 -0000.00400 -0000.00367 -0000.00333 -0000.00300 -0000.00267 -0000.00233 -0000.00200 -0000.00167 -0000.00133 -0000.00100 -0000.00067 -0000.00033 +0000.00000 +0000.00033 +0000.00067 +0000.00100 +0000.00133 +0000.00167 +0000.00200 +0000.00233 +0000.00267 +0000.00300 +0000.00333 +0000.00367 +0000.00400 +0000.00433 +0000.00467 +0000.00500 +0000.00533 +0000.00567 +0000.00600 +0000.00633 +0000.00667 +0000.00700 +0000.00733 +0000.00767 +0000.00800 +0000.00833 +0000.00867 +0000.00900 +0000.00933 +0000.00967 +0000.01000 
+0000.00200 +2.0002e-03 +2.0002e-03 +2.0003e-03 +2.0003e-03 +2.0003e-03 +2.0003e-03 +2.0003e-03 +2.0002e-03 +2.0002e-03 +2.0002e-03 +2.0002e-03 +2.0002e-03 +2.0002e-03 +2.0002e-03 +2.0002e-03 +2.0002e-03 +2.0001e-03 +2.0001e-03 +2.0001e-03 +2.0001e-03 +2.0001e-03 +2.0000e-03 +2.0000e-03 +2.0000e-03 +2.0000e-03 +1.9999e-03 +1.9999e-03 +1.9999e-03 +1.9999e-03 +1.9998e-03 +1.9998e-03 +1.9998e-03 +1.9998e-03 +1.9997e-03 +1.9997e-03 +1.9997e-03 +1.9997e-03 +1.9996e-03 +1.9996e-03 +1.9996e-03 +1.9996e-03 +1.9995e-03 +1.9995e-03 +1.9995e-03 +1.9995e-03 +1.9995e-03 +1.9994e-03 +1.9994e-03 +1.9994e-03 +1.9994e-03 +1.9994e-03 +1.9994e-03 +1.9994e-03 +1.9994e-03 +1.9994e-03 +1.9993e-03 +1.9993e-03 +1.9993e-03 +1.9993e-03 +1.9994e-03 +1.9994e-03 
+0000.00150 +1.5002e-03 +1.5002e-03 +1.5002e-03 +1.5002e-03 +1.5002e-03 +1.5002e-03 +1.5002e-03 +1.5002e-03 +1.5002e-03 +1.5002e-03 +1.5002e-03 +1.5002e-03 +1.5002e-03 +1.5002e-03 +1.5002e-03 +1.5002e-03 +1.5001e-03 +1.5001e-03 +1.5001e-03 +1.5001e-03 +1.5001e-03 +1.5001e-03 +1.5000e-03 +1.5000e-03 +1.5000e-03 +1.5000e-03 +1.5000e-03 +1.4999e-03 +1.4999e-03 +1.4999e-03 +1.4999e-03 +1.4999e-03 +1.4998e-03 +1.4998e-03 +1.4998e-03 +1.4998e-03 +1.4998e-03 +1.4997e-03 +1.4997e-03 +1.4997e-03 +1.4997e-03 +1.4997e-03 +1.4996e-03 +1.4996e-03 +1.4996e-03 +1.4996e-03 +1.4996e-03 +1.4996e-03 +1.4996e-03 +1.4996e-03 +1.4996e-03 +1.4996e-03 +1.4996e-03 +1.4996e-03 +1.4996e-03 +1.4996e-03 +1.4996e-03 +1.4996e-03 +1.4996e-03 +1.4996e-03 +1.4996e-03 
+0000.00100 +1.0001e-03 +1.0001e-03 +1.0001e-03 +1.0001e-03 +1.0001e-03 +1.0001e-03 +1.0001e-03 +1.0001e-03 +1.0001e-03 +1.0001e-03 +1.0001e-03 +1.0001e-03 +1.0001e-03 +1.0001e-03 +1.0001e-03 +1.0001e-03 +1.0001e-03 +1.0001e-03 +1.0001e-03 +1.0001e-03 +1.0001e-03 +1.0000e-03 +1.0000e-03 +1.0000e-03 +1.0000e-03 +9.9999e-04 +9.9998e-04 +9.9997e-04 +9.9995e-04 +9.9994e-04 +9.9992e-04 +9.9991e-04 +9.9989e-04 +9.9988e-04 +9.9986e-04 +9.9985e-04 +9.9984e-04 +9.9982e-04 +9.9981e-04 +9.9980e-04 +9.9979e-04 +9.9978e-04 +9.9977e-04 +9.9976e-04 +9.9975e-04 +9.9974e-04 +9.9973e-04 +9.9973e-04 +9.9972e-04 +9.9972e-04 +9.9971e-04 +9.9971e-04 +9.9971e-04 +9.9971e-04 +9.9971e-04 +9.9972e-04 +9.9972e-04 +9.9973e-04 +9.9974e-04 +9.9975e-04 +9.9976e-04 
+0000.00050 +5.0003e-04 +5.0004e-04 +5.0005e-04 +5.0005e-04 +5.0006e-04 +5.0006e-04 +5.0007e-04 +5.0007e-04 +5.0007e-04 +5.0007e-04 +5.0007e-04 +5.0007e-04 +5.0007e-04 +5.0007e-04 +5.0007e-04 +5.0006e-04 +5.0006e-04 +5.0005e-04 +5.0005e-04 +5.0004e-04 +5.0004e-04 +5.0003e-04 +5.0002e-04 +5.0002e-04 +5.0001e-04 +5.0000e-04 +5.0000e-04 +4.9999e-04 +4.9998e-04 +4.9997e-04 +4.9996e-04 +4.9996e-04 +4.9995e-04 +4.9994e-04 +4.9993e-04 +4.9993e-04 +4.9992e-04 +4.9991e-04 +4.9990e-04 +4.9990e-04 +4.9989e-04 +4.9989e-04 +4.9988e-04 +4.9988e-04 +4.9987e-04 +4.9987e-04 +4.9986e-04 +4.9986e-04 +4.9986e-04 +4.9986e-04 +4.9986e-04 +4.9986e-04 +4.9986e-04 +4.9986e-04 +4.9986e-04 +4.9987e-04 +4.9987e-04 +4.9987e-04 +4.9988e-04 +4.9989e-04 +4.9990e-04 
+0000.00000 -1.9433e-10 -2.2324e-10 -2.4213e-10 -2.5195e-10 -2.5360e-10 -2.4795e-10 -2.3582e-10 -2.1803e-10 -1.9535e-10 -1.6851e-10 -1.3821e-10 -1.0514e-10 -6.9920e-11 -3.3169e-11 +4.5432e-12 +4.2676e-11 +8.0721e-11 +1.1820e-10 +1.5468e-10 +1.8974e-10 +2.2301e-10 +2.5415e-10 +2.8283e-10 +3.0879e-10 +3.3178e-10 +3.5158e-10 +3.6802e-10 +3.8095e-10 +3.9024e-10 +3.9583e-10 +3.9766e-10 +3.9572e-10 +3.9001e-10 +3.8060e-10 +3.6756e-10 +3.5101e-10 +3.3110e-10 +3.0800e-10 +2.8193e-10 +2.5313e-10 +2.2189e-10 +1.8851e-10 +1.5335e-10 +1.1676e-10 +7.9181e-11 +4.1035e-11 +2.8049e-12 -3.5003e-11 -7.1847e-11 -1.0715e-10 -1.4032e-10 -1.7070e-10 -1.9762e-10 -2.2038e-10 -2.3825e-10 -2.5044e-10 -2.5617e-10 -2.5458e-10 -2.4482e-10 -2.2598e-10 -1.9713e-10 
-0000.00050 -5.0003e-04 -5.0004e-04 -5.0005e-04 -5.0005e-04 -5.0006e-04 -5.0006e-04 -5.0007e-04 -5.0007e-04 -5.0007e-04 -5.0007e-04 -5.0007e-04 -5.0007e-04 -5.0007e-04 -5.0007e-04 -5.0006e-04 -5.0006e-04 -5.0006e-04 -5.0005e-04 -5.0005e-04 -5.0004e-04 -5.0004e-04 -5.0003e-04 -5.0002e-04 -5.0002e-04 -5.0001e-04 -5.0000e-04 -4.9999e-04 -4.9999e-04 -4.9998e-04 -4.9997e-04 -4.9996e-04 -4.9996e-04 -4.9995e-04 -4.9994e-04 -4.9993e-04 -4.9992e-04 -4.9992e-04 -4.9991e-04 -4.9990e-04 -4.9990e-04 -4.9989e-04 -4.9989e-04 -4.9988e-04 -4.9987e-04 -4.9987e-04 -4.9987e-04 -4.9986e-04 -4.9986e-04 -4.9986e-04 -4.9986e-04 -4.9986e-04 -4.9986e-04 -4.9986e-04 -4.9986e-04 -4.9986e-04 -4.9987e-04 -4.9987e-04 -4.9988e-04 -4.9988e-04 -4.9989e-04 -4.9990e-04 
-0000.00100 -1.0001e-03 -1.0001e-03 -1.0001e-03 -1.0001e-03 -1.0001e-03 -1.0001e-03 -1.0001e-03 -1.0001e-03 -1.0001e-03 -1.0001e-03 -1.0001e-03 -1.0001e-03 -1.0001e-03 -1.0001e-03 -1.0001e-03 -1.0001e-03 -1.0001e-03 -1.0001e-03 -1.0001e-03 -1.0001e-03 -1.0001e-03 -1.0000e-03 -1.0000e-03 -1.0000e-03 -1.0000e-03 -9.9999e-04 -9.9998e-04 -9.9996e-04 -9.9995e-04 -9.9993e-04 -9.9992e-04 -9.9991e-04 -9.9989e-04 -9.9988e-04 -9.9986e-04 -9.9985e-04 -9.9984e-04 -9.9982e-04 -9.9981e-04 -9.9980e-04 -9.9979e-04 -9.9977e-04 -9.9976e-04 -9.9975e-04 -9.9975e-04 -9.9974e-04 -9.9973e-04 -9.9972e-04 -9.9972e-04 -9.9972e-04 -9.9971e-04 -9.9971e-04 -9.9971e-04 -9.9971e-04 -9.9972e-04 -9.9972e-04 -9.9973e-04 -9.9973e-04 -9.9974e-04 -9.9975e-04 -9.9976e-04 
-0000.00150 -1.5002e-03 -1.5002e-03 -1.5002e-03 -1.5002e-03 -1.5002e-03 -1.5002e-03 -1.5002e-03 -1.5002e-03 -1.5002e-03 -1.5002e-03 -1.5002e-03 -1.5002e-03 -1.5002e-03 -1.5002e-03 -1.5002e-03 -1.5002e-03 -1.5001e-03 -1.5001e-03 -1.5001e-03 -1.5001e-03 -1.5001e-03 -1.5001e-03 -1.5000e-03 -1.5000e-03 -1.5000e-03 -1.5000e-03 -1.5000e-03 -1.4999e-03 -1.4999e-03 -1.4999e-03 -1.4999e-03 -1.4999e-03 -1.4998e-03 -1.4998e-03 -1.4998e-03 -1.4998e-03 -1.4998e-03 -1.4997e-03 -1.4997e-03 -1.4997e-03 -1.4997e-03 -1.4997e-03 -1.4996e-03 -1.4996e-03 -1.4996e-03 -1.4996e-03 -1.4996e-03 -1.4996e-03 -1.4996e-03 -1.4996e-03 -1.4996e-03 -1.4996e-03 -1.4996e-03 -1.4996e-03 -1.4996e-03 -1.4996e-03 -1.4996e-03 -1.4996e-03 -1.4996e-03 -1.4996e-03 -1.4996e-03 
-0000.00200 -2.0002e-03 -2.0002e-03 -2.0003e-03 -2.0003e-03 -2.0003e-03 -2.0003e-03 -2.0003e-03 -2.0002e-03 -2.0002e-03 -2.0002e-03 -2.0002e-03 -2.0002e-03 -2.0002e-03 -2.0002e-03 -2.0002e-03 -2.0002e-03 -2.0001e-03 -2.0001e-03 -2.0001e-03 -2.0001e-03 -2.0001e-03 -2.0000e-03 -2.0000e-03 -2.0000e-03 -2.0000e-03 -1.9999e-03 -1.9999e-03 -1.9999e-03 -1.9999e-03 -1.9998e-03 -1.9998e-03 -1.9998e-03 -1.9998e-03 -1.9997e-03 -1.9997e-03 -1.9997e-03 -1.9997e-03 -1.9996e-03 -1.9996e-03 -1.9996e-03 -1.9996e-03 -1.9995e-03 -1.9995e-03 -1.9995e-03 -1.9995e-03 -1.9995e-03 -1.9994e-03 -1.9994e-03 -1.9994e-03 -1.9994e-03 -1.9994e-03 -1.9994e-03 -1.9994e-03 -1.9994e-03 -1.9994e-03 -1.9993e-03 -1.9993e-03 -1.9993e-03 -1.9993e-03 -1.9994e-03 -1.9994e-03 