# Author: FAC idanalysis.IDKickMap
# Termination_kicks [T2m2]: +0.0000e+00 +0.0000e+00 +0.0000e+00 +0.0000e+00 
# Total Length of Longitudinal Interval [m]
0.13
# Number of Horizontal Points
61
# Number of Vertical Points
9
# Total Horizontal 2nd Order Kick [T2m2]
START
            -0000.01000 -0000.00967 -0000.00933 -0000.00900 -0000.00867 -0000.00833 -0000.00800 -0000.00767 -0000.00733 -0000.00700 -0000.00667 -0000.00633 -0000.00600 -0000.00567 -0000.00533 -0000.00500 -0000.00467 -0000.00433 -0000.00400 -0000.00367 -0000.00333 -0000.00300 -0000.00267 -0000.00233 -0000.00200 -0000.00167 -0000.00133 -0000.00100 -0000.00067 -0000.00033 +0000.00000 +0000.00033 +0000.00067 +0000.00100 +0000.00133 +0000.00167 +0000.00200 +0000.00233 +0000.00267 +0000.00300 +0000.00333 +0000.00367 +0000.00400 +0000.00433 +0000.00467 +0000.00500 +0000.00533 +0000.00567 +0000.00600 +0000.00633 +0000.00667 +0000.00700 +0000.00733 +0000.00767 +0000.00800 +0000.00833 +0000.00867 +0000.00900 +0000.00933 +0000.00967 +0000.01000 
+0000.00200 -1.8550e-04 -1.8607e-04 -1.8653e-04 -1.8689e-04 -1.8716e-04 -1.8735e-04 -1.8747e-04 -1.8753e-04 -1.8753e-04 -1.8749e-04 -1.8740e-04 -1.8728e-04 -1.8713e-04 -1.8696e-04 -1.8677e-04 -1.8657e-04 -1.8636e-04 -1.8616e-04 -1.8595e-04 -1.8575e-04 -1.8557e-04 -1.8539e-04 -1.8523e-04 -1.8509e-04 -1.8497e-04 -1.8487e-04 -1.8480e-04 -1.8475e-04 -1.8472e-04 -1.8472e-04 -1.8474e-04 -1.8479e-04 -1.8486e-04 -1.8496e-04 -1.8507e-04 -1.8521e-04 -1.8536e-04 -1.8553e-04 -1.8571e-04 -1.8589e-04 -1.8608e-04 -1.8628e-04 -1.8646e-04 -1.8664e-04 -1.8680e-04 -1.8695e-04 -1.8707e-04 -1.8716e-04 -1.8721e-04 -1.8721e-04 -1.8716e-04 -1.8706e-04 -1.8688e-04 -1.8663e-04 -1.8630e-04 -1.8587e-04 -1.8533e-04 -1.8469e-04 -1.8392e-04 -1.8301e-04 -1.8196e-04 
+0000.00150 -1.1053e-04 -1.1097e-04 -1.1134e-04 -1.1163e-04 -1.1186e-04 -1.1203e-04 -1.1215e-04 -1.1223e-04 -1.1226e-04 -1.1226e-04 -1.1223e-04 -1.1218e-04 -1.1210e-04 -1.1200e-04 -1.1190e-04 -1.1178e-04 -1.1166e-04 -1.1154e-04 -1.1142e-04 -1.1130e-04 -1.1118e-04 -1.1108e-04 -1.1098e-04 -1.1090e-04 -1.1083e-04 -1.1077e-04 -1.1073e-04 -1.1071e-04 -1.1070e-04 -1.1071e-04 -1.1074e-04 -1.1078e-04 -1.1084e-04 -1.1092e-04 -1.1100e-04 -1.1110e-04 -1.1122e-04 -1.1134e-04 -1.1147e-04 -1.1160e-04 -1.1173e-04 -1.1187e-04 -1.1200e-04 -1.1213e-04 -1.1224e-04 -1.1234e-04 -1.1242e-04 -1.1248e-04 -1.1251e-04 -1.1251e-04 -1.1247e-04 -1.1239e-04 -1.1226e-04 -1.1208e-04 -1.1183e-04 -1.1152e-04 -1.1114e-04 -1.1067e-04 -1.1012e-04 -1.0948e-04 -1.0873e-04 
+0000.00100 -1.1035e-04 -1.1071e-04 -1.1101e-04 -1.1125e-04 -1.1144e-04 -1.1159e-04 -1.1169e-04 -1.1175e-04 -1.1179e-04 -1.1179e-04 -1.1177e-04 -1.1173e-04 -1.1167e-04 -1.1160e-04 -1.1151e-04 -1.1142e-04 -1.1133e-04 -1.1123e-04 -1.1114e-04 -1.1104e-04 -1.1095e-04 -1.1087e-04 -1.1079e-04 -1.1073e-04 -1.1067e-04 -1.1063e-04 -1.1060e-04 -1.1058e-04 -1.1057e-04 -1.1058e-04 -1.1060e-04 -1.1063e-04 -1.1068e-04 -1.1073e-04 -1.1080e-04 -1.1088e-04 -1.1097e-04 -1.1106e-04 -1.1116e-04 -1.1127e-04 -1.1137e-04 -1.1148e-04 -1.1158e-04 -1.1168e-04 -1.1177e-04 -1.1184e-04 -1.1191e-04 -1.1195e-04 -1.1197e-04 -1.1197e-04 -1.1193e-04 -1.1186e-04 -1.1176e-04 -1.1160e-04 -1.1140e-04 -1.1115e-04 -1.1084e-04 -1.1046e-04 -1.1002e-04 -1.0950e-04 -1.0889e-04 
+0000.00050 -1.1044e-04 -1.1075e-04 -1.1101e-04 -1.1121e-04 -1.1138e-04 -1.1150e-04 -1.1159e-04 -1.1165e-04 -1.1168e-04 -1.1168e-04 -1.1167e-04 -1.1163e-04 -1.1158e-04 -1.1152e-04 -1.1145e-04 -1.1138e-04 -1.1130e-04 -1.1122e-04 -1.1114e-04 -1.1106e-04 -1.1098e-04 -1.1091e-04 -1.1085e-04 -1.1079e-04 -1.1075e-04 -1.1071e-04 -1.1068e-04 -1.1066e-04 -1.1066e-04 -1.1067e-04 -1.1068e-04 -1.1071e-04 -1.1075e-04 -1.1080e-04 -1.1086e-04 -1.1092e-04 -1.1100e-04 -1.1108e-04 -1.1116e-04 -1.1125e-04 -1.1134e-04 -1.1142e-04 -1.1151e-04 -1.1159e-04 -1.1166e-04 -1.1173e-04 -1.1178e-04 -1.1181e-04 -1.1183e-04 -1.1182e-04 -1.1179e-04 -1.1172e-04 -1.1163e-04 -1.1150e-04 -1.1132e-04 -1.1110e-04 -1.1083e-04 -1.1051e-04 -1.1012e-04 -1.0967e-04 -1.0915e-04 
+0000.00000 -1.1047e-04 -1.1076e-04 -1.1100e-04 -1.1120e-04 -1.1135e-04 -1.1147e-04 -1.1156e-04 -1.1161e-04 -1.1164e-04 -1.1164e-04 -1.1163e-04 -1.1160e-04 -1.1155e-04 -1.1150e-04 -1.1143e-04 -1.1136e-04 -1.1129e-04 -1.1121e-04 -1.1114e-04 -1.1106e-04 -1.1099e-04 -1.1093e-04 -1.1087e-04 -1.1082e-04 -1.1077e-04 -1.1074e-04 -1.1071e-04 -1.1070e-04 -1.1069e-04 -1.1070e-04 -1.1071e-04 -1.1074e-04 -1.1078e-04 -1.1082e-04 -1.1088e-04 -1.1094e-04 -1.1101e-04 -1.1108e-04 -1.1116e-04 -1.1124e-04 -1.1132e-04 -1.1141e-04 -1.1149e-04 -1.1156e-04 -1.1163e-04 -1.1169e-04 -1.1173e-04 -1.1176e-04 -1.1178e-04 -1.1177e-04 -1.1174e-04 -1.1168e-04 -1.1158e-04 -1.1146e-04 -1.1129e-04 -1.1108e-04 -1.1083e-04 -1.1052e-04 -1.1015e-04 -1.0973e-04 -1.0923e-04 
-0000.00050 -1.1044e-04 -1.1075e-04 -1.1100e-04 -1.1121e-04 -1.1138e-04 -1.1150e-04 -1.1159e-04 -1.1165e-04 -1.1168e-04 -1.1168e-04 -1.1167e-04 -1.1163e-04 -1.1158e-04 -1.1152e-04 -1.1146e-04 -1.1138e-04 -1.1130e-04 -1.1122e-04 -1.1114e-04 -1.1106e-04 -1.1098e-04 -1.1091e-04 -1.1085e-04 -1.1079e-04 -1.1075e-04 -1.1071e-04 -1.1068e-04 -1.1067e-04 -1.1066e-04 -1.1067e-04 -1.1068e-04 -1.1071e-04 -1.1075e-04 -1.1080e-04 -1.1086e-04 -1.1092e-04 -1.1100e-04 -1.1107e-04 -1.1116e-04 -1.1125e-04 -1.1134e-04 -1.1142e-04 -1.1151e-04 -1.1159e-04 -1.1166e-04 -1.1173e-04 -1.1178e-04 -1.1181e-04 -1.1182e-04 -1.1182e-04 -1.1179e-04 -1.1172e-04 -1.1163e-04 -1.1150e-04 -1.1132e-04 -1.1110e-04 -1.1083e-04 -1.1051e-04 -1.1012e-04 -1.0967e-04 -1.0915e-04 
-0000.00100 -1.1035e-04 -1.1071e-04 -1.1101e-04 -1.1125e-04 -1.1144e-04 -1.1159e-04 -1.1169e-04 -1.1176e-04 -1.1179e-04 -1.1179e-04 -1.1177e-04 -1.1173e-04 -1.1167e-04 -1.1160e-04 -1.1151e-04 -1.1142e-04 -1.1133e-04 -1.1123e-04 -1.1114e-04 -1.1104e-04 -1.1095e-04 -1.1087e-04 -1.1079e-04 -1.1073e-04 -1.1067e-04 -1.1063e-04 -1.1059e-04 -1.1057e-04 -1.1057e-04 -1.1058e-04 -1.1060e-04 -1.1063e-04 -1.1067e-04 -1.1073e-04 -1.1080e-04 -1.1088e-04 -1.1097e-04 -1.1106e-04 -1.1116e-04 -1.1127e-04 -1.1137e-04 -1.1148e-04 -1.1158e-04 -1.1168e-04 -1.1177e-04 -1.1184e-04 -1.1190e-04 -1.1195e-04 -1.1197e-04 -1.1197e-04 -1.1193e-04 -1.1186e-04 -1.1175e-04 -1.1160e-04 -1.1140e-04 -1.1115e-04 -1.1084e-04 -1.1046e-04 -1.1002e-04 -1.0950e-04 -1.0889e-04 
-0000.00150 -1.1053e-04 -1.1097e-04 -1.1134e-04 -1.1163e-04 -1.1186e-04 -1.1203e-04 -1.1215e-04 -1.1223e-04 -1.1226e-04 -1.1226e-04 -1.1223e-04 -1.1218e-04 -1.1210e-04 -1.1200e-04 -1.1190e-04 -1.1178e-04 -1.1166e-04 -1.1154e-04 -1.1141e-04 -1.1130e-04 -1.1118e-04 -1.1108e-04 -1.1098e-04 -1.1090e-04 -1.1083e-04 -1.1077e-04 -1.1073e-04 -1.1071e-04 -1.1070e-04 -1.1071e-04 -1.1074e-04 -1.1078e-04 -1.1084e-04 -1.1091e-04 -1.1100e-04 -1.1110e-04 -1.1121e-04 -1.1133e-04 -1.1146e-04 -1.1160e-04 -1.1173e-04 -1.1187e-04 -1.1200e-04 -1.1212e-04 -1.1224e-04 -1.1234e-04 -1.1242e-04 -1.1248e-04 -1.1251e-04 -1.1251e-04 -1.1247e-04 -1.1239e-04 -1.1226e-04 -1.1208e-04 -1.1183e-04 -1.1152e-04 -1.1114e-04 -1.1068e-04 -1.1012e-04 -1.0948e-04 -1.0873e-04 
-0000.00200 -1.8550e-04 -1.8606e-04 -1.8652e-04 -1.8689e-04 -1.8716e-04 -1.8735e-04 -1.8747e-04 -1.8753e-04 -1.8753e-04 -1.8749e-04 -1.8740e-04 -1.8728e-04 -1.8713e-04 -1.8696e-04 -1.8677e-04 -1.8657e-04 -1.8636e-04 -1.8616e-04 -1.8595e-04 -1.8575e-04 -1.8557e-04 -1.8539e-04 -1.8523e-04 -1.8509e-04 -1.8497e-04 -1.8487e-04 -1.8479e-04 -1.8474e-04 -1.8472e-04 -1.8472e-04 -1.8474e-04 -1.8479e-04 -1.8486e-04 -1.8496e-04 -1.8507e-04 -1.8521e-04 -1.8536e-04 -1.8553e-04 -1.8571e-04 -1.8589e-04 -1.8608e-04 -1.8627e-04 -1.8646e-04 -1.8664e-04 -1.8680e-04 -1.8695e-04 -1.8707e-04 -1.8716e-04 -1.8721e-04 -1.8721e-04 -1.8716e-04 -1.8706e-04 -1.8688e-04 -1.8663e-04 -1.8630e-04 -1.8587e-04 -1.8533e-04 -1.8469e-04 -1.8392e-04 -1.8301e-04 -1.8197e-04 
# Total Vertical 2nd Order Kick [T2m2]
START
            -0000.01000 -0000.00967 -0000.00933 -0000.00900 -0000.00867 -0000.00833 -0000.00800 -0000.00767 -0000.00733 -0000.00700 -0000.00667 -0000.00633 -0000.00600 -0000.00567 -0000.00533 -0000.00500 -0000.00467 -0000.00433 -0000.00400 -0000.00367 -0000.00333 -0000.00300 -0000.00267 -0000.00233 -0000.00200 -0000.00167 -0000.00133 -0000.00100 -0000.00067 -0000.00033 +0000.00000 +0000.00033 +0000.00067 +0000.00100 +0000.00133 +0000.00167 +0000.00200 +0000.00233 +0000.00267 +0000.00300 +0000.00333 +0000.00367 +0000.00400 +0000.00433 +0000.00467 +0000.00500 +0000.00533 +0000.00567 +0000.00600 +0000.00633 +0000.00667 +0000.00700 +0000.00733 +0000.00767 +0000.00800 +0000.00833 +0000.00867 +0000.00900 +0000.00933 +0000.00967 +0000.01000 
+0000.00200 -2.2392e-04 -2.2382e-04 -2.2374e-04 -2.2369e-04 -2.2366e-04 -2.2365e-04 -2.2366e-04 -2.2368e-04 -2.2372e-04 -2.2377e-04 -2.2384e-04 -2.2391e-04 -2.2399e-04 -2.2407e-04 -2.2417e-04 -2.2426e-04 -2.2436e-04 -2.2446e-04 -2.2457e-04 -2.2467e-04 -2.2477e-04 -2.2487e-04 -2.2496e-04 -2.2505e-04 -2.2514e-04 -2.2522e-04 -2.2530e-04 -2.2538e-04 -2.2545e-04 -2.2551e-04 -2.2556e-04 -2.2561e-04 -2.2566e-04 -2.2570e-04 -2.2573e-04 -2.2576e-04 -2.2578e-04 -2.2580e-04 -2.2581e-04 -2.2583e-04 -2.2583e-04 -2.2584e-04 -2.2584e-04 -2.2585e-04 -2.2585e-04 -2.2585e-04 -2.2586e-04 -2.2587e-04 -2.2589e-04 -2.2591e-04 -2.2594e-04 -2.2598e-04 -2.2603e-04 -2.2609e-04 -2.2617e-04 -2.2626e-04 -2.2637e-04 -2.2650e-04 -2.2665e-04 -2.2682e-04 -2.2702e-04 
+0000.00150 -1.4630e-04 -1.4622e-04 -1.4615e-04 -1.4611e-04 -1.4607e-04 -1.4605e-04 -1.4605e-04 -1.4605e-04 -1.4606e-04 -1.4608e-04 -1.4611e-04 -1.4615e-04 -1.4619e-04 -1.4623e-04 -1.4628e-04 -1.4633e-04 -1.4638e-04 -1.4643e-04 -1.4649e-04 -1.4654e-04 -1.4659e-04 -1.4664e-04 -1.4669e-04 -1.4674e-04 -1.4679e-04 -1.4683e-04 -1.4687e-04 -1.4691e-04 -1.4694e-04 -1.4697e-04 -1.4700e-04 -1.4702e-04 -1.4704e-04 -1.4705e-04 -1.4706e-04 -1.4707e-04 -1.4708e-04 -1.4708e-04 -1.4708e-04 -1.4708e-04 -1.4707e-04 -1.4707e-04 -1.4706e-04 -1.4706e-04 -1.4705e-04 -1.4705e-04 -1.4705e-04 -1.4705e-04 -1.4706e-04 -1.4707e-04 -1.4708e-04 -1.4710e-04 -1.4713e-04 -1.4717e-04 -1.4722e-04 -1.4728e-04 -1.4735e-04 -1.4743e-04 -1.4753e-04 -1.4764e-04 -1.4777e-04 
+0000.00100 -8.8548e-05 -8.8488e-05 -8.8441e-05 -8.8405e-05 -8.8379e-05 -8.8363e-05 -8.8356e-05 -8.8356e-05 -8.8362e-05 -8.8375e-05 -8.8393e-05 -8.8415e-05 -8.8441e-05 -8.8470e-05 -8.8502e-05 -8.8535e-05 -8.8570e-05 -8.8606e-05 -8.8642e-05 -8.8677e-05 -8.8713e-05 -8.8747e-05 -8.8780e-05 -8.8812e-05 -8.8842e-05 -8.8870e-05 -8.8895e-05 -8.8919e-05 -8.8939e-05 -8.8958e-05 -8.8973e-05 -8.8986e-05 -8.8996e-05 -8.9004e-05 -8.9010e-05 -8.9013e-05 -8.9014e-05 -8.9013e-05 -8.9010e-05 -8.9006e-05 -8.9001e-05 -8.8995e-05 -8.8989e-05 -8.8982e-05 -8.8977e-05 -8.8972e-05 -8.8969e-05 -8.8968e-05 -8.8970e-05 -8.8975e-05 -8.8985e-05 -8.8999e-05 -8.9018e-05 -8.9044e-05 -8.9077e-05 -8.9118e-05 -8.9168e-05 -8.9227e-05 -8.9298e-05 -8.9380e-05 -8.9475e-05 
+0000.00050 -4.1791e-05 -4.1759e-05 -4.1734e-05 -4.1715e-05 -4.1701e-05 -4.1692e-05 -4.1688e-05 -4.1687e-05 -4.1690e-05 -4.1696e-05 -4.1705e-05 -4.1716e-05 -4.1729e-05 -4.1743e-05 -4.1759e-05 -4.1776e-05 -4.1793e-05 -4.1811e-05 -4.1829e-05 -4.1847e-05 -4.1865e-05 -4.1882e-05 -4.1899e-05 -4.1915e-05 -4.1930e-05 -4.1943e-05 -4.1956e-05 -4.1968e-05 -4.1978e-05 -4.1986e-05 -4.1994e-05 -4.2000e-05 -4.2005e-05 -4.2008e-05 -4.2010e-05 -4.2011e-05 -4.2011e-05 -4.2010e-05 -4.2008e-05 -4.2005e-05 -4.2002e-05 -4.1999e-05 -4.1995e-05 -4.1991e-05 -4.1987e-05 -4.1984e-05 -4.1982e-05 -4.1981e-05 -4.1981e-05 -4.1984e-05 -4.1988e-05 -4.1995e-05 -4.2004e-05 -4.2017e-05 -4.2033e-05 -4.2054e-05 -4.2079e-05 -4.2110e-05 -4.2146e-05 -4.2188e-05 -4.2237e-05 
+0000.00000 -1.5370e-08 -1.5588e-08 -1.5788e-08 -1.5972e-08 -1.6140e-08 -1.6294e-08 -1.6434e-08 -1.6562e-08 -1.6678e-08 -1.6784e-08 -1.6879e-08 -1.6966e-08 -1.7044e-08 -1.7114e-08 -1.7177e-08 -1.7234e-08 -1.7286e-08 -1.7332e-08 -1.7373e-08 -1.7410e-08 -1.7443e-08 -1.7473e-08 -1.7500e-08 -1.7524e-08 -1.7546e-08 -1.7566e-08 -1.7583e-08 -1.7599e-08 -1.7614e-08 -1.7627e-08 -1.7638e-08 -1.7649e-08 -1.7657e-08 -1.7664e-08 -1.7670e-08 -1.7674e-08 -1.7676e-08 -1.7676e-08 -1.7674e-08 -1.7669e-08 -1.7662e-08 -1.7651e-08 -1.7636e-08 -1.7618e-08 -1.7594e-08 -1.7566e-08 -1.7532e-08 -1.7492e-08 -1.7445e-08 -1.7391e-08 -1.7328e-08 -1.7257e-08 -1.7176e-08 -1.7084e-08 -1.6981e-08 -1.6866e-08 -1.6738e-08 -1.6595e-08 -1.6438e-08 -1.6264e-08 -1.6073e-08 
-0000.00050 +4.1760e-05 +4.1728e-05 +4.1703e-05 +4.1683e-05 +4.1669e-05 +4.1660e-05 +4.1655e-05 +4.1654e-05 +4.1657e-05 +4.1663e-05 +4.1671e-05 +4.1682e-05 +4.1695e-05 +4.1709e-05 +4.1725e-05 +4.1741e-05 +4.1759e-05 +4.1777e-05 +4.1794e-05 +4.1812e-05 +4.1830e-05 +4.1847e-05 +4.1864e-05 +4.1880e-05 +4.1894e-05 +4.1908e-05 +4.1921e-05 +4.1932e-05 +4.1942e-05 +4.1951e-05 +4.1959e-05 +4.1965e-05 +4.1969e-05 +4.1973e-05 +4.1975e-05 +4.1976e-05 +4.1976e-05 +4.1975e-05 +4.1973e-05 +4.1970e-05 +4.1967e-05 +4.1963e-05 +4.1959e-05 +4.1956e-05 +4.1952e-05 +4.1949e-05 +4.1947e-05 +4.1946e-05 +4.1947e-05 +4.1949e-05 +4.1953e-05 +4.1960e-05 +4.1970e-05 +4.1983e-05 +4.2000e-05 +4.2020e-05 +4.2046e-05 +4.2077e-05 +4.2113e-05 +4.2156e-05 +4.2205e-05 
-0000.00100 +8.8517e-05 +8.8457e-05 +8.8409e-05 +8.8373e-05 +8.8347e-05 +8.8331e-05 +8.8323e-05 +8.8322e-05 +8.8329e-05 +8.8341e-05 +8.8359e-05 +8.8381e-05 +8.8407e-05 +8.8436e-05 +8.8468e-05 +8.8501e-05 +8.8536e-05 +8.8571e-05 +8.8607e-05 +8.8643e-05 +8.8678e-05 +8.8713e-05 +8.8746e-05 +8.8777e-05 +8.8807e-05 +8.8835e-05 +8.8860e-05 +8.8884e-05 +8.8904e-05 +8.8923e-05 +8.8938e-05 +8.8951e-05 +8.8961e-05 +8.8969e-05 +8.8974e-05 +8.8977e-05 +8.8978e-05 +8.8977e-05 +8.8975e-05 +8.8971e-05 +8.8965e-05 +8.8959e-05 +8.8953e-05 +8.8947e-05 +8.8941e-05 +8.8937e-05 +8.8934e-05 +8.8933e-05 +8.8935e-05 +8.8940e-05 +8.8949e-05 +8.8963e-05 +8.8983e-05 +8.9009e-05 +8.9042e-05 +8.9083e-05 +8.9134e-05 +8.9193e-05 +8.9264e-05 +8.9347e-05 +8.9442e-05 
-0000.00150 +1.4626e-04 +1.4618e-04 +1.4612e-04 +1.4607e-04 +1.4604e-04 +1.4602e-04 +1.4601e-04 +1.4602e-04 +1.4603e-04 +1.4605e-04 +1.4608e-04 +1.4611e-04 +1.4615e-04 +1.4619e-04 +1.4624e-04 +1.4629e-04 +1.4634e-04 +1.4640e-04 +1.4645e-04 +1.4650e-04 +1.4656e-04 +1.4661e-04 +1.4666e-04 +1.4671e-04 +1.4675e-04 +1.4679e-04 +1.4683e-04 +1.4687e-04 +1.4690e-04 +1.4693e-04 +1.4696e-04 +1.4698e-04 +1.4700e-04 +1.4701e-04 +1.4702e-04 +1.4703e-04 +1.4704e-04 +1.4704e-04 +1.4704e-04 +1.4704e-04 +1.4704e-04 +1.4703e-04 +1.4703e-04 +1.4702e-04 +1.4702e-04 +1.4702e-04 +1.4701e-04 +1.4702e-04 +1.4702e-04 +1.4703e-04 +1.4705e-04 +1.4707e-04 +1.4710e-04 +1.4714e-04 +1.4719e-04 +1.4724e-04 +1.4732e-04 +1.4740e-04 +1.4750e-04 +1.4761e-04 +1.4774e-04 
-0000.00200 +2.2389e-04 +2.2379e-04 +2.2371e-04 +2.2366e-04 +2.2363e-04 +2.2362e-04 +2.2362e-04 +2.2365e-04 +2.2369e-04 +2.2374e-04 +2.2380e-04 +2.2387e-04 +2.2395e-04 +2.2404e-04 +2.2413e-04 +2.2423e-04 +2.2433e-04 +2.2443e-04 +2.2453e-04 +2.2463e-04 +2.2473e-04 +2.2483e-04 +2.2493e-04 +2.2502e-04 +2.2511e-04 +2.2519e-04 +2.2527e-04 +2.2534e-04 +2.2541e-04 +2.2547e-04 +2.2553e-04 +2.2558e-04 +2.2563e-04 +2.2566e-04 +2.2570e-04 +2.2573e-04 +2.2575e-04 +2.2577e-04 +2.2578e-04 +2.2579e-04 +2.2580e-04 +2.2580e-04 +2.2581e-04 +2.2581e-04 +2.2582e-04 +2.2582e-04 +2.2583e-04 +2.2584e-04 +2.2586e-04 +2.2588e-04 +2.2591e-04 +2.2595e-04 +2.2600e-04 +2.2606e-04 +2.2613e-04 +2.2623e-04 +2.2634e-04 +2.2646e-04 +2.2661e-04 +2.2679e-04 +2.2699e-04 
# Horizontal Final Position [m]
START
            -0000.01000 -0000.00967 -0000.00933 -0000.00900 -0000.00867 -0000.00833 -0000.00800 -0000.00767 -0000.00733 -0000.00700 -0000.00667 -0000.00633 -0000.00600 -0000.00567 -0000.00533 -0000.00500 -0000.00467 -0000.00433 -0000.00400 -0000.00367 -0000.00333 -0000.00300 -0000.00267 -0000.00233 -0000.00200 -0000.00167 -0000.00133 -0000.00100 -0000.00067 -0000.00033 +0000.00000 +0000.00033 +0000.00067 +0000.00100 +0000.00133 +0000.00167 +0000.00200 +0000.00233 +0000.00267 +0000.00300 +0000.00333 +0000.00367 +0000.00400 +0000.00433 +0000.00467 +0000.00500 +0000.00533 +0000.00567 +0000.00600 +0000.00633 +0000.00667 +0000.00700 +0000.00733 +0000.00767 +0000.00800 +0000.00833 +0000.00867 +0000.00900 +0000.00933 +0000.00967 +0000.01000 
+0000.00200 -9.9993e-03 -9.6661e-03 -9.3328e-03 -8.9995e-03 -8.6662e-03 -8.3328e-03 -7.9995e-03 -7.6662e-03 -7.3329e-03 -6.9996e-03 -6.6663e-03 -6.3329e-03 -5.9996e-03 -5.6663e-03 -5.3330e-03 -4.9996e-03 -4.6663e-03 -4.3330e-03 -3.9997e-03 -3.6663e-03 -3.3330e-03 -2.9997e-03 -2.6663e-03 -2.3330e-03 -1.9997e-03 -1.6663e-03 -1.3330e-03 -9.9966e-04 -6.6633e-04 -3.3300e-04 +3.3481e-07 +3.3367e-04 +6.6700e-04 +1.0003e-03 +1.3337e-03 +1.6670e-03 +2.0003e-03 +2.3337e-03 +2.6670e-03 +3.0003e-03 +3.3337e-03 +3.6670e-03 +4.0003e-03 +4.3337e-03 +4.6670e-03 +5.0003e-03 +5.3337e-03 +5.6670e-03 +6.0004e-03 +6.3337e-03 +6.6671e-03 +7.0004e-03 +7.3338e-03 +7.6672e-03 +8.0005e-03 +8.3339e-03 +8.6673e-03 +9.0006e-03 +9.3340e-03 +9.6674e-03 +1.0001e-02 
+0000.00150 -9.9999e-03 -9.6665e-03 -9.3332e-03 -8.9999e-03 -8.6665e-03 -8.3332e-03 -7.9999e-03 -7.6665e-03 -7.3332e-03 -6.9999e-03 -6.6665e-03 -6.3332e-03 -5.9999e-03 -5.6666e-03 -5.3332e-03 -4.9999e-03 -4.6666e-03 -4.3333e-03 -4.0000e-03 -3.6666e-03 -3.3333e-03 -3.0000e-03 -2.6667e-03 -2.3333e-03 -2.0000e-03 -1.6667e-03 -1.3333e-03 -1.0000e-03 -6.6668e-04 -3.3335e-04 -1.6983e-08 +3.3332e-04 +6.6665e-04 +9.9999e-04 +1.3333e-03 +1.6667e-03 +2.0000e-03 +2.3333e-03 +2.6667e-03 +3.0000e-03 +3.3334e-03 +3.6667e-03 +4.0000e-03 +4.3334e-03 +4.6667e-03 +5.0001e-03 +5.3334e-03 +5.6668e-03 +6.0001e-03 +6.3334e-03 +6.6668e-03 +7.0001e-03 +7.3335e-03 +7.6668e-03 +8.0001e-03 +8.3335e-03 +8.6668e-03 +9.0001e-03 +9.3334e-03 +9.6667e-03 +1.0000e-02 
+0000.00100 -9.9999e-03 -9.6665e-03 -9.3332e-03 -8.9999e-03 -8.6665e-03 -8.3332e-03 -7.9999e-03 -7.6665e-03 -7.3332e-03 -6.9999e-03 -6.6665e-03 -6.3332e-03 -5.9999e-03 -5.6666e-03 -5.3332e-03 -4.9999e-03 -4.6666e-03 -4.3333e-03 -4.0000e-03 -3.6666e-03 -3.3333e-03 -3.0000e-03 -2.6667e-03 -2.3333e-03 -2.0000e-03 -1.6667e-03 -1.3333e-03 -1.0000e-03 -6.6668e-04 -3.3335e-04 -1.7755e-08 +3.3332e-04 +6.6665e-04 +9.9999e-04 +1.3333e-03 +1.6667e-03 +2.0000e-03 +2.3333e-03 +2.6667e-03 +3.0000e-03 +3.3334e-03 +3.6667e-03 +4.0000e-03 +4.3334e-03 +4.6667e-03 +5.0001e-03 +5.3334e-03 +5.6668e-03 +6.0001e-03 +6.3334e-03 +6.6668e-03 +7.0001e-03 +7.3335e-03 +7.6668e-03 +8.0001e-03 +8.3335e-03 +8.6668e-03 +9.0001e-03 +9.3334e-03 +9.6667e-03 +1.0000e-02 
+0000.00050 -9.9999e-03 -9.6665e-03 -9.3332e-03 -8.9999e-03 -8.6665e-03 -8.3332e-03 -7.9999e-03 -7.6665e-03 -7.3332e-03 -6.9999e-03 -6.6665e-03 -6.3332e-03 -5.9999e-03 -5.6666e-03 -5.3333e-03 -4.9999e-03 -4.6666e-03 -4.3333e-03 -4.0000e-03 -3.6666e-03 -3.3333e-03 -3.0000e-03 -2.6667e-03 -2.3333e-03 -2.0000e-03 -1.6667e-03 -1.3333e-03 -1.0000e-03 -6.6668e-04 -3.3335e-04 -1.8107e-08 +3.3332e-04 +6.6665e-04 +9.9999e-04 +1.3333e-03 +1.6667e-03 +2.0000e-03 +2.3333e-03 +2.6667e-03 +3.0000e-03 +3.3334e-03 +3.6667e-03 +4.0000e-03 +4.3334e-03 +4.6667e-03 +5.0001e-03 +5.3334e-03 +5.6668e-03 +6.0001e-03 +6.3334e-03 +6.6668e-03 +7.0001e-03 +7.3335e-03 +7.6668e-03 +8.0001e-03 +8.3335e-03 +8.6668e-03 +9.0001e-03 +9.3334e-03 +9.6667e-03 +1.0000e-02 
+0000.00000 -9.9999e-03 -9.6665e-03 -9.3332e-03 -8.9999e-03 -8.6665e-03 -8.3332e-03 -7.9999e-03 -7.6665e-03 -7.3332e-03 -6.9999e-03 -6.6665e-03 -6.3332e-03 -5.9999e-03 -5.6666e-03 -5.3333e-03 -4.9999e-03 -4.6666e-03 -4.3333e-03 -4.0000e-03 -3.6666e-03 -3.3333e-03 -3.0000e-03 -2.6667e-03 -2.3333e-03 -2.0000e-03 -1.6667e-03 -1.3333e-03 -1.0000e-03 -6.6668e-04 -3.3335e-04 -1.8214e-08 +3.3332e-04 +6.6665e-04 +9.9999e-04 +1.3333e-03 +1.6667e-03 +2.0000e-03 +2.3333e-03 +2.6667e-03 +3.0000e-03 +3.3334e-03 +3.6667e-03 +4.0000e-03 +4.3334e-03 +4.6667e-03 +5.0001e-03 +5.3334e-03 +5.6668e-03 +6.0001e-03 +6.3334e-03 +6.6668e-03 +7.0001e-03 +7.3335e-03 +7.6668e-03 +8.0001e-03 +8.3335e-03 +8.6668e-03 +9.0001e-03 +9.3334e-03 +9.6667e-03 +1.0000e-02 
-0000.00050 -9.9999e-03 -9.6665e-03 -9.3332e-03 -8.9999e-03 -8.6665e-03 -8.3332e-03 -7.9999e-03 -7.6665e-03 -7.3332e-03 -6.9999e-03 -6.6665e-03 -6.3332e-03 -5.9999e-03 -5.6666e-03 -5.3333e-03 -4.9999e-03 -4.6666e-03 -4.3333e-03 -4.0000e-03 -3.6666e-03 -3.3333e-03 -3.0000e-03 -2.6667e-03 -2.3333e-03 -2.0000e-03 -1.6667e-03 -1.3333e-03 -1.0000e-03 -6.6668e-04 -3.3335e-04 -1.8107e-08 +3.3332e-04 +6.6665e-04 +9.9999e-04 +1.3333e-03 +1.6667e-03 +2.0000e-03 +2.3333e-03 +2.6667e-03 +3.0000e-03 +3.3334e-03 +3.6667e-03 +4.0000e-03 +4.3334e-03 +4.6667e-03 +5.0001e-03 +5.3334e-03 +5.6668e-03 +6.0001e-03 +6.3334e-03 +6.6668e-03 +7.0001e-03 +7.3335e-03 +7.6668e-03 +8.0001e-03 +8.3335e-03 +8.6668e-03 +9.0001e-03 +9.3334e-03 +9.6667e-03 +1.0000e-02 
-0000.00100 -9.9999e-03 -9.6665e-03 -9.3332e-03 -8.9999e-03 -8.6665e-03 -8.3332e-03 -7.9999e-03 -7.6665e-03 -7.3332e-03 -6.9999e-03 -6.6665e-03 -6.3332e-03 -5.9999e-03 -5.6666e-03 -5.3332e-03 -4.9999e-03 -4.6666e-03 -4.3333e-03 -4.0000e-03 -3.6666e-03 -3.3333e-03 -3.0000e-03 -2.6667e-03 -2.3333e-03 -2.0000e-03 -1.6667e-03 -1.3333e-03 -1.0000e-03 -6.6668e-04 -3.3335e-04 -1.7755e-08 +3.3332e-04 +6.6665e-04 +9.9999e-04 +1.3333e-03 +1.6667e-03 +2.0000e-03 +2.3333e-03 +2.6667e-03 +3.0000e-03 +3.3334e-03 +3.6667e-03 +4.0000e-03 +4.3334e-03 +4.6667e-03 +5.0001e-03 +5.3334e-03 +5.6668e-03 +6.0001e-03 +6.3334e-03 +6.6668e-03 +7.0001e-03 +7.3335e-03 +7.6668e-03 +8.0001e-03 +8.3335e-03 +8.6668e-03 +9.0001e-03 +9.3334e-03 +9.6667e-03 +1.0000e-02 
-0000.00150 -9.9999e-03 -9.6665e-03 -9.3332e-03 -8.9999e-03 -8.6665e-03 -8.3332e-03 -7.9999e-03 -7.6665e-03 -7.3332e-03 -6.9999e-03 -6.6665e-03 -6.3332e-03 -5.9999e-03 -5.6666e-03 -5.3332e-03 -4.9999e-03 -4.6666e-03 -4.3333e-03 -4.0000e-03 -3.6666e-03 -3.3333e-03 -3.0000e-03 -2.6667e-03 -2.3333e-03 -2.0000e-03 -1.6667e-03 -1.3333e-03 -1.0000e-03 -6.6668e-04 -3.3335e-04 -1.6983e-08 +3.3332e-04 +6.6665e-04 +9.9999e-04 +1.3333e-03 +1.6667e-03 +2.0000e-03 +2.3333e-03 +2.6667e-03 +3.0000e-03 +3.3334e-03 +3.6667e-03 +4.0000e-03 +4.3334e-03 +4.6667e-03 +5.0001e-03 +5.3334e-03 +5.6668e-03 +6.0001e-03 +6.3334e-03 +6.6668e-03 +7.0001e-03 +7.3335e-03 +7.6668e-03 +8.0001e-03 +8.3335e-03 +8.6668e-03 +9.0001e-03 +9.3334e-03 +9.6667e-03 +1.0000e-02 
-0000.00200 -9.9993e-03 -9.6661e-03 -9.3328e-03 -8.9995e-03 -8.6662e-03 -8.3328e-03 -7.9995e-03 -7.6662e-03 -7.3329e-03 -6.9996e-03 -6.6663e-03 -6.3329e-03 -5.9996e-03 -5.6663e-03 -5.3330e-03 -4.9996e-03 -4.6663e-03 -4.3330e-03 -3.9997e-03 -3.6663e-03 -3.3330e-03 -2.9997e-03 -2.6663e-03 -2.3330e-03 -1.9997e-03 -1.6663e-03 -1.3330e-03 -9.9966e-04 -6.6633e-04 -3.3300e-04 +3.3481e-07 +3.3367e-04 +6.6700e-04 +1.0003e-03 +1.3337e-03 +1.6670e-03 +2.0003e-03 +2.3337e-03 +2.6670e-03 +3.0003e-03 +3.3337e-03 +3.6670e-03 +4.0003e-03 +4.3337e-03 +4.6670e-03 +5.0003e-03 +5.3337e-03 +5.6670e-03 +6.0004e-03 +6.3337e-03 +6.6671e-03 +7.0004e-03 +7.3338e-03 +7.6672e-03 +8.0005e-03 +8.3339e-03 +8.6673e-03 +9.0006e-03 +9.3340e-03 +9.6674e-03 +1.0001e-02 
# Vertical Final Position [m]
START
            -0000.01000 -0000.00967 -0000.00933 -0000.00900 -0000.00867 -0000.00833 -0000.00800 -0000.00767 -0000.00733 -0000.00700 -0000.00667 -0000.00633 -0000.00600 -0000.00567 -0000.00533 -0000.00500 -0000.00467 -0000.00433 -0000.00400 -0000.00367 -0000.00333 -0000.00300 -0000.00267 -0000.00233 -0000.00200 -0000.00167 -0000.00133 -0000.00100 -0000.00067 -0000.00033 +0000.00000 +0000.00033 +0000.00067 +0000.00100 +0000.00133 +0000.00167 +0000.00200 +0000.00233 +0000.00267 +0000.00300 +0000.00333 +0000.00367 +0000.00400 +0000.00433 +0000.00467 +0000.00500 +0000.00533 +0000.00567 +0000.00600 +0000.00633 +0000.00667 +0000.00700 +0000.00733 +0000.00767 +0000.00800 +0000.00833 +0000.00867 +0000.00900 +0000.00933 +0000.00967 +0000.01000 
+0000.00200 +1.9999e-03 +1.9999e-03 +1.9999e-03 +1.9999e-03 +1.9999e-03 +1.9999e-03 +1.9999e-03 +1.9998e-03 +1.9998e-03 +1.9998e-03 +1.9998e-03 +1.9998e-03 +1.9998e-03 +1.9998e-03 +1.9998e-03 +1.9998e-03 +1.9998e-03 +1.9998e-03 +1.9998e-03 +1.9998e-03 +1.9998e-03 +1.9998e-03 +1.9998e-03 +1.9998e-03 +1.9998e-03 +1.9998e-03 +1.9998e-03 +1.9998e-03 +1.9998e-03 +1.9998e-03 +1.9998e-03 +1.9998e-03 +1.9998e-03 +1.9998e-03 +1.9998e-03 +1.9998e-03 +1.9998e-03 +1.9997e-03 +1.9997e-03 +1.9997e-03 +1.9997e-03 +1.9997e-03 +1.9997e-03 +1.9997e-03 +1.9997e-03 +1.9997e-03 +1.9997e-03 +1.9997e-03 +1.9997e-03 +1.9997e-03 +1.9997e-03 +1.9997e-03 +1.9997e-03 +1.9997e-03 +1.9997e-03 +1.9997e-03 +1.9997e-03 +1.9997e-03 +1.9997e-03 +1.9997e-03 +1.9997e-03 
+0000.00150 +1.4999e-03 +1.4999e-03 +1.4999e-03 +1.4999e-03 +1.4999e-03 +1.4999e-03 +1.4999e-03 +1.4999e-03 +1.4999e-03 +1.4999e-03 +1.4999e-03 +1.4999e-03 +1.4999e-03 +1.4999e-03 +1.4999e-03 +1.4999e-03 +1.4999e-03 +1.4999e-03 +1.4999e-03 +1.4999e-03 +1.4999e-03 +1.4999e-03 +1.4999e-03 +1.4999e-03 +1.4999e-03 +1.4999e-03 +1.4999e-03 +1.4999e-03 +1.4999e-03 +1.4999e-03 +1.4999e-03 +1.4999e-03 +1.4999e-03 +1.4999e-03 +1.4999e-03 +1.4999e-03 +1.4998e-03 +1.4998e-03 +1.4998e-03 +1.4998e-03 +1.4998e-03 +1.4998e-03 +1.4998e-03 +1.4998e-03 +1.4998e-03 +1.4998e-03 +1.4998e-03 +1.4998e-03 +1.4998e-03 +1.4998e-03 +1.4998e-03 +1.4998e-03 +1.4998e-03 +1.4998e-03 +1.4998e-03 +1.4998e-03 +1.4998e-03 +1.4998e-03 +1.4998e-03 +1.4998e-03 +1.4998e-03 
+0000.00100 +9.9995e-04 +9.9995e-04 +9.9995e-04 +9.9995e-04 +9.9995e-04 +9.9995e-04 +9.9995e-04 +9.9994e-04 +9.9994e-04 +9.9994e-04 +9.9994e-04 +9.9994e-04 +9.9994e-04 +9.9993e-04 +9.9993e-04 +9.9993e-04 +9.9993e-04 +9.9993e-04 +9.9993e-04 +9.9993e-04 +9.9992e-04 +9.9992e-04 +9.9992e-04 +9.9992e-04 +9.9992e-04 +9.9992e-04 +9.9992e-04 +9.9992e-04 +9.9991e-04 +9.9991e-04 +9.9991e-04 +9.9991e-04 +9.9991e-04 +9.9991e-04 +9.9991e-04 +9.9990e-04 +9.9990e-04 +9.9990e-04 +9.9990e-04 +9.9990e-04 +9.9990e-04 +9.9990e-04 +9.9990e-04 +9.9989e-04 +9.9989e-04 +9.9989e-04 +9.9989e-04 +9.9989e-04 +9.9989e-04 +9.9989e-04 +9.9988e-04 +9.9988e-04 +9.9988e-04 +9.9988e-04 +9.9988e-04 +9.9988e-04 +9.9987e-04 +9.9987e-04 +9.9987e-04 +9.9987e-04 +9.9987e-04 
+0000.00050 +4.9998e-04 +4.9998e-04 +4.9998e-04 +4.9998e-04 +4.9998e-04 +4.9998e-04 +4.9998e-04 +4.9998e-04 +4.9997e-04 +4.9997e-04 +4.9997e-04 +4.9997e-04 +4.9997e-04 +4.9997e-04 +4.9997e-04 +4.9997e-04 +4.9997e-04 +4.9997e-04 +4.9997e-04 +4.9997e-04 +4.9997e-04 +4.9996e-04 +4.9996e-04 +4.9996e-04 +4.9996e-04 +4.9996e-04 +4.9996e-04 +4.9996e-04 +4.9996e-04 +4.9996e-04 +4.9996e-04 +4.9996e-04 +4.9996e-04 +4.9996e-04 +4.9996e-04 +4.9996e-04 +4.9995e-04 +4.9995e-04 +4.9995e-04 +4.9995e-04 +4.9995e-04 +4.9995e-04 +4.9995e-04 +4.9995e-04 +4.9995e-04 +4.9995e-04 +4.9995e-04 +4.9995e-04 +4.9995e-04 +4.9995e-04 +4.9995e-04 +4.9994e-04 +4.9994e-04 +4.9994e-04 +4.9994e-04 +4.9994e-04 +4.9994e-04 +4.9994e-04 +4.9994e-04 +4.9994e-04 +4.9994e-04 
+0000.00000 -4.0093e-11 -4.0587e-11 -4.1057e-11 -4.1502e-11 -4.1925e-11 -4.2326e-11 -4.2705e-11 -4.3063e-11 -4.3402e-11 -4.3720e-11 -4.4020e-11 -4.4302e-11 -4.4566e-11 -4.4813e-11 -4.5043e-11 -4.5257e-11 -4.5455e-11 -4.5639e-11 -4.5807e-11 -4.5961e-11 -4.6101e-11 -4.6227e-11 -4.6339e-11 -4.6439e-11 -4.6525e-11 -4.6599e-11 -4.6661e-11 -4.6710e-11 -4.6746e-11 -4.6771e-11 -4.6784e-11 -4.6785e-11 -4.6774e-11 -4.6751e-11 -4.6717e-11 -4.6670e-11 -4.6612e-11 -4.6541e-11 -4.6459e-11 -4.6364e-11 -4.6256e-11 -4.6136e-11 -4.6003e-11 -4.5857e-11 -4.5698e-11 -4.5525e-11 -4.5338e-11 -4.5136e-11 -4.4920e-11 -4.4688e-11 -4.4441e-11 -4.4178e-11 -4.3898e-11 -4.3601e-11 -4.3287e-11 -4.2955e-11 -4.2603e-11 -4.2233e-11 -4.1842e-11 -4.1431e-11 -4.0998e-11 
-0000.00050 -4.9998e-04 -4.9998e-04 -4.9998e-04 -4.9998e-04 -4.9998e-04 -4.9998e-04 -4.9998e-04 -4.9998e-04 -4.9997e-04 -4.9997e-04 -4.9997e-04 -4.9997e-04 -4.9997e-04 -4.9997e-04 -4.9997e-04 -4.9997e-04 -4.9997e-04 -4.9997e-04 -4.9997e-04 -4.9997e-04 -4.9997e-04 -4.9996e-04 -4.9996e-04 -4.9996e-04 -4.9996e-04 -4.9996e-04 -4.9996e-04 -4.9996e-04 -4.9996e-04 -4.9996e-04 -4.9996e-04 -4.9996e-04 -4.9996e-04 -4.9996e-04 -4.9996e-04 -4.9996e-04 -4.9995e-04 -4.9995e-04 -4.9995e-04 -4.9995e-04 -4.9995e-04 -4.9995e-04 -4.9995e-04 -4.9995e-04 -4.9995e-04 -4.9995e-04 -4.9995e-04 -4.9995e-04 -4.9995e-04 -4.9995e-04 -4.9995e-04 -4.9994e-04 -4.9994e-04 -4.9994e-04 -4.9994e-04 -4.9994e-04 -4.9994e-04 -4.9994e-04 -4.9994e-04 -4.9994e-04 -4.9994e-04 
-0000.00100 -9.9995e-04 -9.9995e-04 -9.9995e-04 -9.9995e-04 -9.9995e-04 -9.9995e-04 -9.9995e-04 -9.9994e-04 -9.9994e-04 -9.9994e-04 -9.9994e-04 -9.9994e-04 -9.9994e-04 -9.9993e-04 -9.9993e-04 -9.9993e-04 -9.9993e-04 -9.9993e-04 -9.9993e-04 -9.9993e-04 -9.9992e-04 -9.9992e-04 -9.9992e-04 -9.9992e-04 -9.9992e-04 -9.9992e-04 -9.9992e-04 -9.9992e-04 -9.9991e-04 -9.9991e-04 -9.9991e-04 -9.9991e-04 -9.9991e-04 -9.9991e-04 -9.9991e-04 -9.9990e-04 -9.9990e-04 -9.9990e-04 -9.9990e-04 -9.9990e-04 -9.9990e-04 -9.9990e-04 -9.9990e-04 -9.9989e-04 -9.9989e-04 -9.9989e-04 -9.9989e-04 -9.9989e-04 -9.9989e-04 -9.9989e-04 -9.9988e-04 -9.9988e-04 -9.9988e-04 -9.9988e-04 -9.9988e-04 -9.9988e-04 -9.9987e-04 -9.9987e-04 -9.9987e-04 -9.9987e-04 -9.9987e-04 
-0000.00150 -1.4999e-03 -1.4999e-03 -1.4999e-03 -1.4999e-03 -1.4999e-03 -1.4999e-03 -1.4999e-03 -1.4999e-03 -1.4999e-03 -1.4999e-03 -1.4999e-03 -1.4999e-03 -1.4999e-03 -1.4999e-03 -1.4999e-03 -1.4999e-03 -1.4999e-03 -1.4999e-03 -1.4999e-03 -1.4999e-03 -1.4999e-03 -1.4999e-03 -1.4999e-03 -1.4999e-03 -1.4999e-03 -1.4999e-03 -1.4999e-03 -1.4999e-03 -1.4999e-03 -1.4999e-03 -1.4999e-03 -1.4999e-03 -1.4999e-03 -1.4999e-03 -1.4999e-03 -1.4999e-03 -1.4998e-03 -1.4998e-03 -1.4998e-03 -1.4998e-03 -1.4998e-03 -1.4998e-03 -1.4998e-03 -1.4998e-03 -1.4998e-03 -1.4998e-03 -1.4998e-03 -1.4998e-03 -1.4998e-03 -1.4998e-03 -1.4998e-03 -1.4998e-03 -1.4998e-03 -1.4998e-03 -1.4998e-03 -1.4998e-03 -1.4998e-03 -1.4998e-03 -1.4998e-03 -1.4998e-03 -1.4998e-03 
-0000.00200 -1.9999e-03 -1.9999e-03 -1.9999e-03 -1.9999e-03 -1.9999e-03 -1.9999e-03 -1.9999e-03 -1.9998e-03 -1.9998e-03 -1.9998e-03 -1.9998e-03 -1.9998e-03 -1.9998e-03 -1.9998e-03 -1.9998e-03 -1.9998e-03 -1.9998e-03 -1.9998e-03 -1.9998e-03 -1.9998e-03 -1.9998e-03 -1.9998e-03 -1.9998e-03 -1.9998e-03 -1.9998e-03 -1.9998e-03 -1.9998e-03 -1.9998e-03 -1.9998e-03 -1.9998e-03 -1.9998e-03 -1.9998e-03 -1.9998e-03 -1.9998e-03 -1.9998e-03 -1.9998e-03 -1.9998e-03 -1.9997e-03 -1.9997e-03 -1.9997e-03 -1.9997e-03 -1.9997e-03 -1.9997e-03 -1.9997e-03 -1.9997e-03 -1.9997e-03 -1.9997e-03 -1.9997e-03 -1.9997e-03 -1.9997e-03 -1.9997e-03 -1.9997e-03 -1.9997e-03 -1.9997e-03 -1.9997e-03 -1.9997e-03 -1.9997e-03 -1.9997e-03 -1.9997e-03 -1.9997e-03 -1.9997e-03 