# Author: FAC idanalysis.IDKickMap
# Termination_kicks [T2m2]: +0.0000e+00 +0.0000e+00 +0.0000e+00 +0.0000e+00 
# Total Length of Longitudinal Interval [m]
0.13
# Number of Horizontal Points
61
# Number of Vertical Points
9
# Total Horizontal 2nd Order Kick [T2m2]
START
            -0000.01000 -0000.00967 -0000.00933 -0000.00900 -0000.00867 -0000.00833 -0000.00800 -0000.00767 -0000.00733 -0000.00700 -0000.00667 -0000.00633 -0000.00600 -0000.00567 -0000.00533 -0000.00500 -0000.00467 -0000.00433 -0000.00400 -0000.00367 -0000.00333 -0000.00300 -0000.00267 -0000.00233 -0000.00200 -0000.00167 -0000.00133 -0000.00100 -0000.00067 -0000.00033 +0000.00000 +0000.00033 +0000.00067 +0000.00100 +0000.00133 +0000.00167 +0000.00200 +0000.00233 +0000.00267 +0000.00300 +0000.00333 +0000.00367 +0000.00400 +0000.00433 +0000.00467 +0000.00500 +0000.00533 +0000.00567 +0000.00600 +0000.00633 +0000.00667 +0000.00700 +0000.00733 +0000.00767 +0000.00800 +0000.00833 +0000.00867 +0000.00900 +0000.00933 +0000.00967 +0000.01000 
+0000.00200 -1.8550e-04 -1.8607e-04 -1.8653e-04 -1.8689e-04 -1.8716e-04 -1.8735e-04 -1.8747e-04 -1.8753e-04 -1.8753e-04 -1.8749e-04 -1.8740e-04 -1.8728e-04 -1.8713e-04 -1.8696e-04 -1.8677e-04 -1.8657e-04 -1.8636e-04 -1.8616e-04 -1.8595e-04 -1.8575e-04 -1.8557e-04 -1.8539e-04 -1.8523e-04 -1.8509e-04 -1.8497e-04 -1.8487e-04 -1.8480e-04 -1.8475e-04 -1.8472e-04 -1.8472e-04 -1.8474e-04 -1.8479e-04 -1.8486e-04 -1.8496e-04 -1.8507e-04 -1.8521e-04 -1.8536e-04 -1.8553e-04 -1.8571e-04 -1.8589e-04 -1.8608e-04 -1.8628e-04 -1.8646e-04 -1.8664e-04 -1.8680e-04 -1.8695e-04 -1.8707e-04 -1.8716e-04 -1.8721e-04 -1.8721e-04 -1.8716e-04 -1.8706e-04 -1.8688e-04 -1.8663e-04 -1.8630e-04 -1.8587e-04 -1.8533e-04 -1.8469e-04 -1.8392e-04 -1.8301e-04 -1.8196e-04 
+0000.00150 -1.1053e-04 -1.1097e-04 -1.1134e-04 -1.1163e-04 -1.1186e-04 -1.1203e-04 -1.1215e-04 -1.1223e-04 -1.1226e-04 -1.1226e-04 -1.1223e-04 -1.1218e-04 -1.1210e-04 -1.1200e-04 -1.1190e-04 -1.1178e-04 -1.1166e-04 -1.1154e-04 -1.1142e-04 -1.1130e-04 -1.1118e-04 -1.1108e-04 -1.1098e-04 -1.1090e-04 -1.1083e-04 -1.1077e-04 -1.1073e-04 -1.1071e-04 -1.1070e-04 -1.1071e-04 -1.1074e-04 -1.1078e-04 -1.1084e-04 -1.1092e-04 -1.1100e-04 -1.1110e-04 -1.1122e-04 -1.1134e-04 -1.1147e-04 -1.1160e-04 -1.1173e-04 -1.1187e-04 -1.1200e-04 -1.1213e-04 -1.1224e-04 -1.1234e-04 -1.1242e-04 -1.1248e-04 -1.1251e-04 -1.1251e-04 -1.1247e-04 -1.1239e-04 -1.1226e-04 -1.1208e-04 -1.1183e-04 -1.1152e-04 -1.1114e-04 -1.1067e-04 -1.1012e-04 -1.0948e-04 -1.0873e-04 
+0000.00100 -1.1035e-04 -1.1071e-04 -1.1101e-04 -1.1125e-04 -1.1144e-04 -1.1159e-04 -1.1169e-04 -1.1175e-04 -1.1179e-04 -1.1179e-04 -1.1177e-04 -1.1173e-04 -1.1167e-04 -1.1160e-04 -1.1151e-04 -1.1142e-04 -1.1133e-04 -1.1123e-04 -1.1114e-04 -1.1104e-04 -1.1095e-04 -1.1087e-04 -1.1079e-04 -1.1073e-04 -1.1067e-04 -1.1063e-04 -1.1060e-04 -1.1058e-04 -1.1057e-04 -1.1058e-04 -1.1060e-04 -1.1063e-04 -1.1068e-04 -1.1073e-04 -1.1080e-04 -1.1088e-04 -1.1097e-04 -1.1106e-04 -1.1116e-04 -1.1127e-04 -1.1137e-04 -1.1148e-04 -1.1158e-04 -1.1168e-04 -1.1177e-04 -1.1184e-04 -1.1191e-04 -1.1195e-04 -1.1197e-04 -1.1197e-04 -1.1193e-04 -1.1186e-04 -1.1176e-04 -1.1160e-04 -1.1140e-04 -1.1115e-04 -1.1084e-04 -1.1046e-04 -1.1002e-04 -1.0950e-04 -1.0889e-04 
+0000.00050 -1.1044e-04 -1.1075e-04 -1.1101e-04 -1.1121e-04 -1.1138e-04 -1.1150e-04 -1.1159e-04 -1.1165e-04 -1.1168e-04 -1.1168e-04 -1.1167e-04 -1.1163e-04 -1.1158e-04 -1.1152e-04 -1.1145e-04 -1.1138e-04 -1.1130e-04 -1.1122e-04 -1.1114e-04 -1.1106e-04 -1.1098e-04 -1.1091e-04 -1.1085e-04 -1.1079e-04 -1.1075e-04 -1.1071e-04 -1.1068e-04 -1.1066e-04 -1.1066e-04 -1.1067e-04 -1.1068e-04 -1.1071e-04 -1.1075e-04 -1.1080e-04 -1.1086e-04 -1.1092e-04 -1.1100e-04 -1.1108e-04 -1.1116e-04 -1.1125e-04 -1.1134e-04 -1.1142e-04 -1.1151e-04 -1.1159e-04 -1.1166e-04 -1.1173e-04 -1.1178e-04 -1.1181e-04 -1.1183e-04 -1.1182e-04 -1.1179e-04 -1.1172e-04 -1.1163e-04 -1.1150e-04 -1.1132e-04 -1.1110e-04 -1.1083e-04 -1.1051e-04 -1.1012e-04 -1.0967e-04 -1.0915e-04 
+0000.00000 -1.1047e-04 -1.1076e-04 -1.1100e-04 -1.1120e-04 -1.1135e-04 -1.1147e-04 -1.1156e-04 -1.1161e-04 -1.1164e-04 -1.1164e-04 -1.1163e-04 -1.1160e-04 -1.1155e-04 -1.1150e-04 -1.1143e-04 -1.1136e-04 -1.1129e-04 -1.1121e-04 -1.1114e-04 -1.1106e-04 -1.1099e-04 -1.1093e-04 -1.1087e-04 -1.1082e-04 -1.1077e-04 -1.1074e-04 -1.1071e-04 -1.1070e-04 -1.1069e-04 -1.1070e-04 -1.1071e-04 -1.1074e-04 -1.1078e-04 -1.1082e-04 -1.1088e-04 -1.1094e-04 -1.1101e-04 -1.1108e-04 -1.1116e-04 -1.1124e-04 -1.1132e-04 -1.1141e-04 -1.1149e-04 -1.1156e-04 -1.1163e-04 -1.1169e-04 -1.1173e-04 -1.1176e-04 -1.1178e-04 -1.1177e-04 -1.1174e-04 -1.1168e-04 -1.1158e-04 -1.1146e-04 -1.1129e-04 -1.1108e-04 -1.1083e-04 -1.1052e-04 -1.1015e-04 -1.0973e-04 -1.0923e-04 
-0000.00050 -1.1044e-04 -1.1075e-04 -1.1100e-04 -1.1121e-04 -1.1138e-04 -1.1150e-04 -1.1159e-04 -1.1165e-04 -1.1168e-04 -1.1168e-04 -1.1167e-04 -1.1163e-04 -1.1158e-04 -1.1152e-04 -1.1146e-04 -1.1138e-04 -1.1130e-04 -1.1122e-04 -1.1114e-04 -1.1106e-04 -1.1098e-04 -1.1091e-04 -1.1085e-04 -1.1079e-04 -1.1075e-04 -1.1071e-04 -1.1068e-04 -1.1067e-04 -1.1066e-04 -1.1067e-04 -1.1068e-04 -1.1071e-04 -1.1075e-04 -1.1080e-04 -1.1086e-04 -1.1092e-04 -1.1100e-04 -1.1107e-04 -1.1116e-04 -1.1125e-04 -1.1134e-04 -1.1142e-04 -1.1151e-04 -1.1159e-04 -1.1166e-04 -1.1173e-04 -1.1178e-04 -1.1181e-04 -1.1182e-04 -1.1182e-04 -1.1179e-04 -1.1172e-04 -1.1163e-04 -1.1150e-04 -1.1132e-04 -1.1110e-04 -1.1083e-04 -1.1051e-04 -1.1012e-04 -1.0967e-04 -1.0915e-04 
-0000.00100 -1.1035e-04 -1.1071e-04 -1.1101e-04 -1.1125e-04 -1.1144e-04 -1.1159e-04 -1.1169e-04 -1.1176e-04 -1.1179e-04 -1.1179e-04 -1.1177e-04 -1.1173e-04 -1.1167e-04 -1.1160e-04 -1.1151e-04 -1.1142e-04 -1.1133e-04 -1.1123e-04 -1.1114e-04 -1.1104e-04 -1.1095e-04 -1.1087e-04 -1.1079e-04 -1.1073e-04 -1.1067e-04 -1.1063e-04 -1.1059e-04 -1.1057e-04 -1.1057e-04 -1.1058e-04 -1.1060e-04 -1.1063e-04 -1.1067e-04 -1.1073e-04 -1.1080e-04 -1.1088e-04 -1.1097e-04 -1.1106e-04 -1.1116e-04 -1.1127e-04 -1.1137e-04 -1.1148e-04 -1.1158e-04 -1.1168e-04 -1.1177e-04 -1.1184e-04 -1.1190e-04 -1.1195e-04 -1.1197e-04 -1.1197e-04 -1.1193e-04 -1.1186e-04 -1.1175e-04 -1.1160e-04 -1.1140e-04 -1.1115e-04 -1.1084e-04 -1.1046e-04 -1.1002e-04 -1.0950e-04 -1.0889e-04 
-0000.00150 -1.1053e-04 -1.1097e-04 -1.1134e-04 -1.1163e-04 -1.1186e-04 -1.1203e-04 -1.1215e-04 -1.1223e-04 -1.1226e-04 -1.1226e-04 -1.1223e-04 -1.1218e-04 -1.1210e-04 -1.1200e-04 -1.1190e-04 -1.1178e-04 -1.1166e-04 -1.1154e-04 -1.1141e-04 -1.1130e-04 -1.1118e-04 -1.1108e-04 -1.1098e-04 -1.1090e-04 -1.1083e-04 -1.1077e-04 -1.1073e-04 -1.1071e-04 -1.1070e-04 -1.1071e-04 -1.1074e-04 -1.1078e-04 -1.1084e-04 -1.1091e-04 -1.1100e-04 -1.1110e-04 -1.1121e-04 -1.1133e-04 -1.1146e-04 -1.1160e-04 -1.1173e-04 -1.1187e-04 -1.1200e-04 -1.1212e-04 -1.1224e-04 -1.1234e-04 -1.1242e-04 -1.1248e-04 -1.1251e-04 -1.1251e-04 -1.1247e-04 -1.1239e-04 -1.1226e-04 -1.1208e-04 -1.1183e-04 -1.1152e-04 -1.1114e-04 -1.1068e-04 -1.1012e-04 -1.0948e-04 -1.0873e-04 
-0000.00200 -1.8550e-04 -1.8606e-04 -1.8652e-04 -1.8689e-04 -1.8716e-04 -1.8735e-04 -1.8747e-04 -1.8753e-04 -1.8753e-04 -1.8749e-04 -1.8740e-04 -1.8728e-04 -1.8713e-04 -1.8696e-04 -1.8677e-04 -1.8657e-04 -1.8636e-04 -1.8616e-04 -1.8595e-04 -1.8575e-04 -1.8557e-04 -1.8539e-04 -1.8523e-04 -1.8509e-04 -1.8497e-04 -1.8487e-04 -1.8479e-04 -1.8474e-04 -1.8472e-04 -1.8472e-04 -1.8474e-04 -1.8479e-04 -1.8486e-04 -1.8496e-04 -1.8507e-04 -1.8521e-04 -1.8536e-04 -1.8553e-04 -1.8571e-04 -1.8589e-04 -1.8608e-04 -1.8627e-04 -1.8646e-04 -1.8664e-04 -1.8680e-04 -1.8695e-04 -1.8707e-04 -1.8716e-04 -1.8721e-04 -1.8721e-04 -1.8716e-04 -1.8706e-04 -1.8688e-04 -1.8663e-04 -1.8630e-04 -1.8587e-04 -1.8533e-04 -1.8469e-04 -1.8392e-04 -1.8301e-04 -1.8197e-04 
# Total Vertical 2nd Order Kick [T2m2]
START
            -0000.01000 -0000.00967 -0000.00933 -0000.00900 -0000.00867 -0000.00833 -0000.00800 -0000.00767 -0000.00733 -0000.00700 -0000.00667 -0000.00633 -0000.00600 -0000.00567 -0000.00533 -0000.00500 -0000.00467 -0000.00433 -0000.00400 -0000.00367 -0000.00333 -0000.00300 -0000.00267 -0000.00233 -0000.00200 -0000.00167 -0000.00133 -0000.00100 -0000.00067 -0000.00033 +0000.00000 +0000.00033 +0000.00067 +0000.00100 +0000.00133 +0000.00167 +0000.00200 +0000.00233 +0000.00267 +0000.00300 +0000.00333 +0000.00367 +0000.00400 +0000.00433 +0000.00467 +0000.00500 +0000.00533 +0000.00567 +0000.00600 +0000.00633 +0000.00667 +0000.00700 +0000.00733 +0000.00767 +0000.00800 +0000.00833 +0000.00867 +0000.00900 +0000.00933 +0000.00967 +0000.01000 
+0000.00200 -1.8550e-04 -1.8607e-04 -1.8653e-04 -1.8689e-04 -1.8716e-04 -1.8735e-04 -1.8747e-04 -1.8753e-04 -1.8753e-04 -1.8749e-04 -1.8740e-04 -1.8728e-04 -1.8713e-04 -1.8696e-04 -1.8677e-04 -1.8657e-04 -1.8636e-04 -1.8616e-04 -1.8595e-04 -1.8575e-04 -1.8557e-04 -1.8539e-04 -1.8523e-04 -1.8509e-04 -1.8497e-04 -1.8487e-04 -1.8480e-04 -1.8475e-04 -1.8472e-04 -1.8472e-04 -1.8474e-04 -1.8479e-04 -1.8486e-04 -1.8496e-04 -1.8507e-04 -1.8521e-04 -1.8536e-04 -1.8553e-04 -1.8571e-04 -1.8589e-04 -1.8608e-04 -1.8628e-04 -1.8646e-04 -1.8664e-04 -1.8680e-04 -1.8695e-04 -1.8707e-04 -1.8716e-04 -1.8721e-04 -1.8721e-04 -1.8716e-04 -1.8706e-04 -1.8688e-04 -1.8663e-04 -1.8630e-04 -1.8587e-04 -1.8533e-04 -1.8469e-04 -1.8392e-04 -1.8301e-04 -1.8196e-04 
+0000.00150 -1.8550e-04 -1.8607e-04 -1.8653e-04 -1.8689e-04 -1.8716e-04 -1.8735e-04 -1.8747e-04 -1.8753e-04 -1.8753e-04 -1.8749e-04 -1.8740e-04 -1.8728e-04 -1.8713e-04 -1.8696e-04 -1.8677e-04 -1.8657e-04 -1.8636e-04 -1.8616e-04 -1.8595e-04 -1.8575e-04 -1.8557e-04 -1.8539e-04 -1.8523e-04 -1.8509e-04 -1.8497e-04 -1.8487e-04 -1.8480e-04 -1.8475e-04 -1.8472e-04 -1.8472e-04 -1.8474e-04 -1.8479e-04 -1.8486e-04 -1.8496e-04 -1.8507e-04 -1.8521e-04 -1.8536e-04 -1.8553e-04 -1.8571e-04 -1.8589e-04 -1.8608e-04 -1.8628e-04 -1.8646e-04 -1.8664e-04 -1.8680e-04 -1.8695e-04 -1.8707e-04 -1.8716e-04 -1.8721e-04 -1.8721e-04 -1.8716e-04 -1.8706e-04 -1.8688e-04 -1.8663e-04 -1.8630e-04 -1.8587e-04 -1.8533e-04 -1.8469e-04 -1.8392e-04 -1.8301e-04 -1.8196e-04 
+0000.00100 -1.8550e-04 -1.8607e-04 -1.8653e-04 -1.8689e-04 -1.8716e-04 -1.8735e-04 -1.8747e-04 -1.8753e-04 -1.8753e-04 -1.8749e-04 -1.8740e-04 -1.8728e-04 -1.8713e-04 -1.8696e-04 -1.8677e-04 -1.8657e-04 -1.8636e-04 -1.8616e-04 -1.8595e-04 -1.8575e-04 -1.8557e-04 -1.8539e-04 -1.8523e-04 -1.8509e-04 -1.8497e-04 -1.8487e-04 -1.8480e-04 -1.8475e-04 -1.8472e-04 -1.8472e-04 -1.8474e-04 -1.8479e-04 -1.8486e-04 -1.8496e-04 -1.8507e-04 -1.8521e-04 -1.8536e-04 -1.8553e-04 -1.8571e-04 -1.8589e-04 -1.8608e-04 -1.8628e-04 -1.8646e-04 -1.8664e-04 -1.8680e-04 -1.8695e-04 -1.8707e-04 -1.8716e-04 -1.8721e-04 -1.8721e-04 -1.8716e-04 -1.8706e-04 -1.8688e-04 -1.8663e-04 -1.8630e-04 -1.8587e-04 -1.8533e-04 -1.8469e-04 -1.8392e-04 -1.8301e-04 -1.8196e-04 
+0000.00050 -1.8550e-04 -1.8607e-04 -1.8653e-04 -1.8689e-04 -1.8716e-04 -1.8735e-04 -1.8747e-04 -1.8753e-04 -1.8753e-04 -1.8749e-04 -1.8740e-04 -1.8728e-04 -1.8713e-04 -1.8696e-04 -1.8677e-04 -1.8657e-04 -1.8636e-04 -1.8616e-04 -1.8595e-04 -1.8575e-04 -1.8557e-04 -1.8539e-04 -1.8523e-04 -1.8509e-04 -1.8497e-04 -1.8487e-04 -1.8480e-04 -1.8475e-04 -1.8472e-04 -1.8472e-04 -1.8474e-04 -1.8479e-04 -1.8486e-04 -1.8496e-04 -1.8507e-04 -1.8521e-04 -1.8536e-04 -1.8553e-04 -1.8571e-04 -1.8589e-04 -1.8608e-04 -1.8628e-04 -1.8646e-04 -1.8664e-04 -1.8680e-04 -1.8695e-04 -1.8707e-04 -1.8716e-04 -1.8721e-04 -1.8721e-04 -1.8716e-04 -1.8706e-04 -1.8688e-04 -1.8663e-04 -1.8630e-04 -1.8587e-04 -1.8533e-04 -1.8469e-04 -1.8392e-04 -1.8301e-04 -1.8196e-04 
+0000.00000 -1.8550e-04 -1.8607e-04 -1.8653e-04 -1.8689e-04 -1.8716e-04 -1.8735e-04 -1.8747e-04 -1.8753e-04 -1.8753e-04 -1.8749e-04 -1.8740e-04 -1.8728e-04 -1.8713e-04 -1.8696e-04 -1.8677e-04 -1.8657e-04 -1.8636e-04 -1.8616e-04 -1.8595e-04 -1.8575e-04 -1.8557e-04 -1.8539e-04 -1.8523e-04 -1.8509e-04 -1.8497e-04 -1.8487e-04 -1.8480e-04 -1.8475e-04 -1.8472e-04 -1.8472e-04 -1.8474e-04 -1.8479e-04 -1.8486e-04 -1.8496e-04 -1.8507e-04 -1.8521e-04 -1.8536e-04 -1.8553e-04 -1.8571e-04 -1.8589e-04 -1.8608e-04 -1.8628e-04 -1.8646e-04 -1.8664e-04 -1.8680e-04 -1.8695e-04 -1.8707e-04 -1.8716e-04 -1.8721e-04 -1.8721e-04 -1.8716e-04 -1.8706e-04 -1.8688e-04 -1.8663e-04 -1.8630e-04 -1.8587e-04 -1.8533e-04 -1.8469e-04 -1.8392e-04 -1.8301e-04 -1.8196e-04 
-0000.00050 -1.8550e-04 -1.8607e-04 -1.8653e-04 -1.8689e-04 -1.8716e-04 -1.8735e-04 -1.8747e-04 -1.8753e-04 -1.8753e-04 -1.8749e-04 -1.8740e-04 -1.8728e-04 -1.8713e-04 -1.8696e-04 -1.8677e-04 -1.8657e-04 -1.8636e-04 -1.8616e-04 -1.8595e-04 -1.8575e-04 -1.8557e-04 -1.8539e-04 -1.8523e-04 -1.8509e-04 -1.8497e-04 -1.8487e-04 -1.8480e-04 -1.8475e-04 -1.8472e-04 -1.8472e-04 -1.8474e-04 -1.8479e-04 -1.8486e-04 -1.8496e-04 -1.8507e-04 -1.8521e-04 -1.8536e-04 -1.8553e-04 -1.8571e-04 -1.8589e-04 -1.8608e-04 -1.8628e-04 -1.8646e-04 -1.8664e-04 -1.8680e-04 -1.8695e-04 -1.8707e-04 -1.8716e-04 -1.8721e-04 -1.8721e-04 -1.8716e-04 -1.8706e-04 -1.8688e-04 -1.8663e-04 -1.8630e-04 -1.8587e-04 -1.8533e-04 -1.8469e-04 -1.8392e-04 -1.8301e-04 -1.8196e-04 
-0000.00100 -1.8550e-04 -1.8607e-04 -1.8653e-04 -1.8689e-04 -1.8716e-04 -1.8735e-04 -1.8747e-04 -1.8753e-04 -1.8753e-04 -1.8749e-04 -1.8740e-04 -1.8728e-04 -1.8713e-04 -1.8696e-04 -1.8677e-04 -1.8657e-04 -1.8636e-04 -1.8616e-04 -1.8595e-04 -1.8575e-04 -1.8557e-04 -1.8539e-04 -1.8523e-04 -1.8509e-04 -1.8497e-04 -1.8487e-04 -1.8480e-04 -1.8475e-04 -1.8472e-04 -1.8472e-04 -1.8474e-04 -1.8479e-04 -1.8486e-04 -1.8496e-04 -1.8507e-04 -1.8521e-04 -1.8536e-04 -1.8553e-04 -1.8571e-04 -1.8589e-04 -1.8608e-04 -1.8628e-04 -1.8646e-04 -1.8664e-04 -1.8680e-04 -1.8695e-04 -1.8707e-04 -1.8716e-04 -1.8721e-04 -1.8721e-04 -1.8716e-04 -1.8706e-04 -1.8688e-04 -1.8663e-04 -1.8630e-04 -1.8587e-04 -1.8533e-04 -1.8469e-04 -1.8392e-04 -1.8301e-04 -1.8196e-04 
-0000.00150 -1.8550e-04 -1.8607e-04 -1.8653e-04 -1.8689e-04 -1.8716e-04 -1.8735e-04 -1.8747e-04 -1.8753e-04 -1.8753e-04 -1.8749e-04 -1.8740e-04 -1.8728e-04 -1.8713e-04 -1.8696e-04 -1.8677e-04 -1.8657e-04 -1.8636e-04 -1.8616e-04 -1.8595e-04 -1.8575e-04 -1.8557e-04 -1.8539e-04 -1.8523e-04 -1.8509e-04 -1.8497e-04 -1.8487e-04 -1.8480e-04 -1.8475e-04 -1.8472e-04 -1.8472e-04 -1.8474e-04 -1.8479e-04 -1.8486e-04 -1.8496e-04 -1.8507e-04 -1.8521e-04 -1.8536e-04 -1.8553e-04 -1.8571e-04 -1.8589e-04 -1.8608e-04 -1.8628e-04 -1.8646e-04 -1.8664e-04 -1.8680e-04 -1.8695e-04 -1.8707e-04 -1.8716e-04 -1.8721e-04 -1.8721e-04 -1.8716e-04 -1.8706e-04 -1.8688e-04 -1.8663e-04 -1.8630e-04 -1.8587e-04 -1.8533e-04 -1.8469e-04 -1.8392e-04 -1.8301e-04 -1.8196e-04 
-0000.00200 -1.8550e-04 -1.8607e-04 -1.8653e-04 -1.8689e-04 -1.8716e-04 -1.8735e-04 -1.8747e-04 -1.8753e-04 -1.8753e-04 -1.8749e-04 -1.8740e-04 -1.8728e-04 -1.8713e-04 -1.8696e-04 -1.8677e-04 -1.8657e-04 -1.8636e-04 -1.8616e-04 -1.8595e-04 -1.8575e-04 -1.8557e-04 -1.8539e-04 -1.8523e-04 -1.8509e-04 -1.8497e-04 -1.8487e-04 -1.8480e-04 -1.8475e-04 -1.8472e-04 -1.8472e-04 -1.8474e-04 -1.8479e-04 -1.8486e-04 -1.8496e-04 -1.8507e-04 -1.8521e-04 -1.8536e-04 -1.8553e-04 -1.8571e-04 -1.8589e-04 -1.8608e-04 -1.8628e-04 -1.8646e-04 -1.8664e-04 -1.8680e-04 -1.8695e-04 -1.8707e-04 -1.8716e-04 -1.8721e-04 -1.8721e-04 -1.8716e-04 -1.8706e-04 -1.8688e-04 -1.8663e-04 -1.8630e-04 -1.8587e-04 -1.8533e-04 -1.8469e-04 -1.8392e-04 -1.8301e-04 -1.8196e-04 
# Horizontal Final Position [m]
START
            -0000.01000 -0000.00967 -0000.00933 -0000.00900 -0000.00867 -0000.00833 -0000.00800 -0000.00767 -0000.00733 -0000.00700 -0000.00667 -0000.00633 -0000.00600 -0000.00567 -0000.00533 -0000.00500 -0000.00467 -0000.00433 -0000.00400 -0000.00367 -0000.00333 -0000.00300 -0000.00267 -0000.00233 -0000.00200 -0000.00167 -0000.00133 -0000.00100 -0000.00067 -0000.00033 +0000.00000 +0000.00033 +0000.00067 +0000.00100 +0000.00133 +0000.00167 +0000.00200 +0000.00233 +0000.00267 +0000.00300 +0000.00333 +0000.00367 +0000.00400 +0000.00433 +0000.00467 +0000.00500 +0000.00533 +0000.00567 +0000.00600 +0000.00633 +0000.00667 +0000.00700 +0000.00733 +0000.00767 +0000.00800 +0000.00833 +0000.00867 +0000.00900 +0000.00933 +0000.00967 +0000.01000 
+0000.00200 -9.9993e-03 -9.6661e-03 -9.3328e-03 -8.9995e-03 -8.6662e-03 -8.3328e-03 -7.9995e-03 -7.6662e-03 -7.3329e-03 -6.9996e-03 -6.6663e-03 -6.3329e-03 -5.9996e-03 -5.6663e-03 -5.3330e-03 -4.9996e-03 -4.6663e-03 -4.3330e-03 -3.9997e-03 -3.6663e-03 -3.3330e-03 -2.9997e-03 -2.6663e-03 -2.3330e-03 -1.9997e-03 -1.6663e-03 -1.3330e-03 -9.9966e-04 -6.6633e-04 -3.3300e-04 +3.3481e-07 +3.3367e-04 +6.6700e-04 +1.0003e-03 +1.3337e-03 +1.6670e-03 +2.0003e-03 +2.3337e-03 +2.6670e-03 +3.0003e-03 +3.3337e-03 +3.6670e-03 +4.0003e-03 +4.3337e-03 +4.6670e-03 +5.0003e-03 +5.3337e-03 +5.6670e-03 +6.0004e-03 +6.3337e-03 +6.6671e-03 +7.0004e-03 +7.3338e-03 +7.6672e-03 +8.0005e-03 +8.3339e-03 +8.6673e-03 +9.0006e-03 +9.3340e-03 +9.6674e-03 +1.0001e-02 
+0000.00150 -9.9999e-03 -9.6665e-03 -9.3332e-03 -8.9999e-03 -8.6665e-03 -8.3332e-03 -7.9999e-03 -7.6665e-03 -7.3332e-03 -6.9999e-03 -6.6665e-03 -6.3332e-03 -5.9999e-03 -5.6666e-03 -5.3332e-03 -4.9999e-03 -4.6666e-03 -4.3333e-03 -4.0000e-03 -3.6666e-03 -3.3333e-03 -3.0000e-03 -2.6667e-03 -2.3333e-03 -2.0000e-03 -1.6667e-03 -1.3333e-03 -1.0000e-03 -6.6668e-04 -3.3335e-04 -1.6983e-08 +3.3332e-04 +6.6665e-04 +9.9999e-04 +1.3333e-03 +1.6667e-03 +2.0000e-03 +2.3333e-03 +2.6667e-03 +3.0000e-03 +3.3334e-03 +3.6667e-03 +4.0000e-03 +4.3334e-03 +4.6667e-03 +5.0001e-03 +5.3334e-03 +5.6668e-03 +6.0001e-03 +6.3334e-03 +6.6668e-03 +7.0001e-03 +7.3335e-03 +7.6668e-03 +8.0001e-03 +8.3335e-03 +8.6668e-03 +9.0001e-03 +9.3334e-03 +9.6667e-03 +1.0000e-02 
+0000.00100 -9.9999e-03 -9.6665e-03 -9.3332e-03 -8.9999e-03 -8.6665e-03 -8.3332e-03 -7.9999e-03 -7.6665e-03 -7.3332e-03 -6.9999e-03 -6.6665e-03 -6.3332e-03 -5.9999e-03 -5.6666e-03 -5.3332e-03 -4.9999e-03 -4.6666e-03 -4.3333e-03 -4.0000e-03 -3.6666e-03 -3.3333e-03 -3.0000e-03 -2.6667e-03 -2.3333e-03 -2.0000e-03 -1.6667e-03 -1.3333e-03 -1.0000e-03 -6.6668e-04 -3.3335e-04 -1.7755e-08 +3.3332e-04 +6.6665e-04 +9.9999e-04 +1.3333e-03 +1.6667e-03 +2.0000e-03 +2.3333e-03 +2.6667e-03 +3.0000e-03 +3.3334e-03 +3.6667e-03 +4.0000e-03 +4.3334e-03 +4.6667e-03 +5.0001e-03 +5.3334e-03 +5.6668e-03 +6.0001e-03 +6.3334e-03 +6.6668e-03 +7.0001e-03 +7.3335e-03 +7.6668e-03 +8.0001e-03 +8.3335e-03 +8.6668e-03 +9.0001e-03 +9.3334e-03 +9.6667e-03 +1.0000e-02 
+0000.00050 -9.9999e-03 -9.6665e-03 -9.3332e-03 -8.9999e-03 -8.6665e-03 -8.3332e-03 -7.9999e-03 -7.6665e-03 -7.3332e-03 -6.9999e-03 -6.6665e-03 -6.3332e-03 -5.9999e-03 -5.6666e-03 -5.3333e-03 -4.9999e-03 -4.6666e-03 -4.3333e-03 -4.0000e-03 -3.6666e-03 -3.3333e-03 -3.0000e-03 -2.6667e-03 -2.3333e-03 -2.0000e-03 -1.6667e-03 -1.3333e-03 -1.0000e-03 -6.6668e-04 -3.3335e-04 -1.8107e-08 +3.3332e-04 +6.6665e-04 +9.9999e-04 +1.3333e-03 +1.6667e-03 +2.0000e-03 +2.3333e-03 +2.6667e-03 +3.0000e-03 +3.3334e-03 +3.6667e-03 +4.0000e-03 +4.3334e-03 +4.6667e-03 +5.0001e-03 +5.3334e-03 +5.6668e-03 +6.0001e-03 +6.3334e-03 +6.6668e-03 +7.0001e-03 +7.3335e-03 +7.6668e-03 +8.0001e-03 +8.3335e-03 +8.6668e-03 +9.0001e-03 +9.3334e-03 +9.6667e-03 +1.0000e-02 
+0000.00000 -9.9999e-03 -9.6665e-03 -9.3332e-03 -8.9999e-03 -8.6665e-03 -8.3332e-03 -7.9999e-03 -7.6665e-03 -7.3332e-03 -6.9999e-03 -6.6665e-03 -6.3332e-03 -5.9999e-03 -5.6666e-03 -5.3333e-03 -4.9999e-03 -4.6666e-03 -4.3333e-03 -4.0000e-03 -3.6666e-03 -3.3333e-03 -3.0000e-03 -2.6667e-03 -2.3333e-03 -2.0000e-03 -1.6667e-03 -1.3333e-03 -1.0000e-03 -6.6668e-04 -3.3335e-04 -1.8214e-08 +3.3332e-04 +6.6665e-04 +9.9999e-04 +1.3333e-03 +1.6667e-03 +2.0000e-03 +2.3333e-03 +2.6667e-03 +3.0000e-03 +3.3334e-03 +3.6667e-03 +4.0000e-03 +4.3334e-03 +4.6667e-03 +5.0001e-03 +5.3334e-03 +5.6668e-03 +6.0001e-03 +6.3334e-03 +6.6668e-03 +7.0001e-03 +7.3335e-03 +7.6668e-03 +8.0001e-03 +8.3335e-03 +8.6668e-03 +9.0001e-03 +9.3334e-03 +9.6667e-03 +1.0000e-02 
-0000.00050 -9.9999e-03 -9.6665e-03 -9.3332e-03 -8.9999e-03 -8.6665e-03 -8.3332e-03 -7.9999e-03 -7.6665e-03 -7.3332e-03 -6.9999e-03 -6.6665e-03 -6.3332e-03 -5.9999e-03 -5.6666e-03 -5.3333e-03 -4.9999e-03 -4.6666e-03 -4.3333e-03 -4.0000e-03 -3.6666e-03 -3.3333e-03 -3.0000e-03 -2.6667e-03 -2.3333e-03 -2.0000e-03 -1.6667e-03 -1.3333e-03 -1.0000e-03 -6.6668e-04 -3.3335e-04 -1.8107e-08 +3.3332e-04 +6.6665e-04 +9.9999e-04 +1.3333e-03 +1.6667e-03 +2.0000e-03 +2.3333e-03 +2.6667e-03 +3.0000e-03 +3.3334e-03 +3.6667e-03 +4.0000e-03 +4.3334e-03 +4.6667e-03 +5.0001e-03 +5.3334e-03 +5.6668e-03 +6.0001e-03 +6.3334e-03 +6.6668e-03 +7.0001e-03 +7.3335e-03 +7.6668e-03 +8.0001e-03 +8.3335e-03 +8.6668e-03 +9.0001e-03 +9.3334e-03 +9.6667e-03 +1.0000e-02 
-0000.00100 -9.9999e-03 -9.6665e-03 -9.3332e-03 -8.9999e-03 -8.6665e-03 -8.3332e-03 -7.9999e-03 -7.6665e-03 -7.3332e-03 -6.9999e-03 -6.6665e-03 -6.3332e-03 -5.9999e-03 -5.6666e-03 -5.3332e-03 -4.9999e-03 -4.6666e-03 -4.3333e-03 -4.0000e-03 -3.6666e-03 -3.3333e-03 -3.0000e-03 -2.6667e-03 -2.3333e-03 -2.0000e-03 -1.6667e-03 -1.3333e-03 -1.0000e-03 -6.6668e-04 -3.3335e-04 -1.7755e-08 +3.3332e-04 +6.6665e-04 +9.9999e-04 +1.3333e-03 +1.6667e-03 +2.0000e-03 +2.3333e-03 +2.6667e-03 +3.0000e-03 +3.3334e-03 +3.6667e-03 +4.0000e-03 +4.3334e-03 +4.6667e-03 +5.0001e-03 +5.3334e-03 +5.6668e-03 +6.0001e-03 +6.3334e-03 +6.6668e-03 +7.0001e-03 +7.3335e-03 +7.6668e-03 +8.0001e-03 +8.3335e-03 +8.6668e-03 +9.0001e-03 +9.3334e-03 +9.6667e-03 +1.0000e-02 
-0000.00150 -9.9999e-03 -9.6665e-03 -9.3332e-03 -8.9999e-03 -8.6665e-03 -8.3332e-03 -7.9999e-03 -7.6665e-03 -7.3332e-03 -6.9999e-03 -6.6665e-03 -6.3332e-03 -5.9999e-03 -5.6666e-03 -5.3332e-03 -4.9999e-03 -4.6666e-03 -4.3333e-03 -4.0000e-03 -3.6666e-03 -3.3333e-03 -3.0000e-03 -2.6667e-03 -2.3333e-03 -2.0000e-03 -1.6667e-03 -1.3333e-03 -1.0000e-03 -6.6668e-04 -3.3335e-04 -1.6983e-08 +3.3332e-04 +6.6665e-04 +9.9999e-04 +1.3333e-03 +1.6667e-03 +2.0000e-03 +2.3333e-03 +2.6667e-03 +3.0000e-03 +3.3334e-03 +3.6667e-03 +4.0000e-03 +4.3334e-03 +4.6667e-03 +5.0001e-03 +5.3334e-03 +5.6668e-03 +6.0001e-03 +6.3334e-03 +6.6668e-03 +7.0001e-03 +7.3335e-03 +7.6668e-03 +8.0001e-03 +8.3335e-03 +8.6668e-03 +9.0001e-03 +9.3334e-03 +9.6667e-03 +1.0000e-02 
-0000.00200 -9.9993e-03 -9.6661e-03 -9.3328e-03 -8.9995e-03 -8.6662e-03 -8.3328e-03 -7.9995e-03 -7.6662e-03 -7.3329e-03 -6.9996e-03 -6.6663e-03 -6.3329e-03 -5.9996e-03 -5.6663e-03 -5.3330e-03 -4.9996e-03 -4.6663e-03 -4.3330e-03 -3.9997e-03 -3.6663e-03 -3.3330e-03 -2.9997e-03 -2.6663e-03 -2.3330e-03 -1.9997e-03 -1.6663e-03 -1.3330e-03 -9.9966e-04 -6.6633e-04 -3.3300e-04 +3.3481e-07 +3.3367e-04 +6.6700e-04 +1.0003e-03 +1.3337e-03 +1.6670e-03 +2.0003e-03 +2.3337e-03 +2.6670e-03 +3.0003e-03 +3.3337e-03 +3.6670e-03 +4.0003e-03 +4.3337e-03 +4.6670e-03 +5.0003e-03 +5.3337e-03 +5.6670e-03 +6.0004e-03 +6.3337e-03 +6.6671e-03 +7.0004e-03 +7.3338e-03 +7.6672e-03 +8.0005e-03 +8.3339e-03 +8.6673e-03 +9.0006e-03 +9.3340e-03 +9.6674e-03 +1.0001e-02 
# Vertical Final Position [m]
START
            -0000.01000 -0000.00967 -0000.00933 -0000.00900 -0000.00867 -0000.00833 -0000.00800 -0000.00767 -0000.00733 -0000.00700 -0000.00667 -0000.00633 -0000.00600 -0000.00567 -0000.00533 -0000.00500 -0000.00467 -0000.00433 -0000.00400 -0000.00367 -0000.00333 -0000.00300 -0000.00267 -0000.00233 -0000.00200 -0000.00167 -0000.00133 -0000.00100 -0000.00067 -0000.00033 +0000.00000 +0000.00033 +0000.00067 +0000.00100 +0000.00133 +0000.00167 +0000.00200 +0000.00233 +0000.00267 +0000.00300 +0000.00333 +0000.00367 +0000.00400 +0000.00433 +0000.00467 +0000.00500 +0000.00533 +0000.00567 +0000.00600 +0000.00633 +0000.00667 +0000.00700 +0000.00733 +0000.00767 +0000.00800 +0000.00833 +0000.00867 +0000.00900 +0000.00933 +0000.00967 +0000.01000 
+0000.00200 +1.9999e-03 +1.9999e-03 +1.9999e-03 +1.9999e-03 +1.9999e-03 +1.9999e-03 +1.9999e-03 +1.9998e-03 +1.9998e-03 +1.9998e-03 +1.9998e-03 +1.9998e-03 +1.9998e-03 +1.9998e-03 +1.9998e-03 +1.9998e-03 +1.9998e-03 +1.9998e-03 +1.9998e-03 +1.9998e-03 +1.9998e-03 +1.9998e-03 +1.9998e-03 +1.9998e-03 +1.9998e-03 +1.9998e-03 +1.9998e-03 +1.9998e-03 +1.9998e-03 +1.9998e-03 +1.9998e-03 +1.9998e-03 +1.9998e-03 +1.9998e-03 +1.9998e-03 +1.9998e-03 +1.9998e-03 +1.9997e-03 +1.9997e-03 +1.9997e-03 +1.9997e-03 +1.9997e-03 +1.9997e-03 +1.9997e-03 +1.9997e-03 +1.9997e-03 +1.9997e-03 +1.9997e-03 +1.9997e-03 +1.9997e-03 +1.9997e-03 +1.9997e-03 +1.9997e-03 +1.9997e-03 +1.9997e-03 +1.9997e-03 +1.9997e-03 +1.9997e-03 +1.9997e-03 +1.9997e-03 +1.9997e-03 
+0000.00150 +1.4999e-03 +1.4999e-03 +1.4999e-03 +1.4999e-03 +1.4999e-03 +1.4999e-03 +1.4999e-03 +1.4999e-03 +1.4999e-03 +1.4999e-03 +1.4999e-03 +1.4999e-03 +1.4999e-03 +1.4999e-03 +1.4999e-03 +1.4999e-03 +1.4999e-03 +1.4999e-03 +1.4999e-03 +1.4999e-03 +1.4999e-03 +1.4999e-03 +1.4999e-03 +1.4999e-03 +1.4999e-03 +1.4999e-03 +1.4999e-03 +1.4999e-03 +1.4999e-03 +1.4999e-03 +1.4999e-03 +1.4999e-03 +1.4999e-03 +1.4999e-03 +1.4999e-03 +1.4999e-03 +1.4998e-03 +1.4998e-03 +1.4998e-03 +1.4998e-03 +1.4998e-03 +1.4998e-03 +1.4998e-03 +1.4998e-03 +1.4998e-03 +1.4998e-03 +1.4998e-03 +1.4998e-03 +1.4998e-03 +1.4998e-03 +1.4998e-03 +1.4998e-03 +1.4998e-03 +1.4998e-03 +1.4998e-03 +1.4998e-03 +1.4998e-03 +1.4998e-03 +1.4998e-03 +1.4998e-03 +1.4998e-03 
+0000.00100 +9.9995e-04 +9.9995e-04 +9.9995e-04 +9.9995e-04 +9.9995e-04 +9.9995e-04 +9.9995e-04 +9.9994e-04 +9.9994e-04 +9.9994e-04 +9.9994e-04 +9.9994e-04 +9.9994e-04 +9.9993e-04 +9.9993e-04 +9.9993e-04 +9.9993e-04 +9.9993e-04 +9.9993e-04 +9.9993e-04 +9.9992e-04 +9.9992e-04 +9.9992e-04 +9.9992e-04 +9.9992e-04 +9.9992e-04 +9.9992e-04 +9.9992e-04 +9.9991e-04 +9.9991e-04 +9.9991e-04 +9.9991e-04 +9.9991e-04 +9.9991e-04 +9.9991e-04 +9.9990e-04 +9.9990e-04 +9.9990e-04 +9.9990e-04 +9.9990e-04 +9.9990e-04 +9.9990e-04 +9.9990e-04 +9.9989e-04 +9.9989e-04 +9.9989e-04 +9.9989e-04 +9.9989e-04 +9.9989e-04 +9.9989e-04 +9.9988e-04 +9.9988e-04 +9.9988e-04 +9.9988e-04 +9.9988e-04 +9.9988e-04 +9.9987e-04 +9.9987e-04 +9.9987e-04 +9.9987e-04 +9.9987e-04 
+0000.00050 +4.9998e-04 +4.9998e-04 +4.9998e-04 +4.9998e-04 +4.9998e-04 +4.9998e-04 +4.9998e-04 +4.9998e-04 +4.9997e-04 +4.9997e-04 +4.9997e-04 +4.9997e-04 +4.9997e-04 +4.9997e-04 +4.9997e-04 +4.9997e-04 +4.9997e-04 +4.9997e-04 +4.9997e-04 +4.9997e-04 +4.9997e-04 +4.9996e-04 +4.9996e-04 +4.9996e-04 +4.9996e-04 +4.9996e-04 +4.9996e-04 +4.9996e-04 +4.9996e-04 +4.9996e-04 +4.9996e-04 +4.9996e-04 +4.9996e-04 +4.9996e-04 +4.9996e-04 +4.9996e-04 +4.9995e-04 +4.9995e-04 +4.9995e-04 +4.9995e-04 +4.9995e-04 +4.9995e-04 +4.9995e-04 +4.9995e-04 +4.9995e-04 +4.9995e-04 +4.9995e-04 +4.9995e-04 +4.9995e-04 +4.9995e-04 +4.9995e-04 +4.9994e-04 +4.9994e-04 +4.9994e-04 +4.9994e-04 +4.9994e-04 +4.9994e-04 +4.9994e-04 +4.9994e-04 +4.9994e-04 +4.9994e-04 
+0000.00000 -4.0093e-11 -4.0587e-11 -4.1057e-11 -4.1502e-11 -4.1925e-11 -4.2326e-11 -4.2705e-11 -4.3063e-11 -4.3402e-11 -4.3720e-11 -4.4020e-11 -4.4302e-11 -4.4566e-11 -4.4813e-11 -4.5043e-11 -4.5257e-11 -4.5455e-11 -4.5639e-11 -4.5807e-11 -4.5961e-11 -4.6101e-11 -4.6227e-11 -4.6339e-11 -4.6439e-11 -4.6525e-11 -4.6599e-11 -4.6661e-11 -4.6710e-11 -4.6746e-11 -4.6771e-11 -4.6784e-11 -4.6785e-11 -4.6774e-11 -4.6751e-11 -4.6717e-11 -4.6670e-11 -4.6612e-11 -4.6541e-11 -4.6459e-11 -4.6364e-11 -4.6256e-11 -4.6136e-11 -4.6003e-11 -4.5857e-11 -4.5698e-11 -4.5525e-11 -4.5338e-11 -4.5136e-11 -4.4920e-11 -4.4688e-11 -4.4441e-11 -4.4178e-11 -4.3898e-11 -4.3601e-11 -4.3287e-11 -4.2955e-11 -4.2603e-11 -4.2233e-11 -4.1842e-11 -4.1431e-11 -4.0998e-11 
-0000.00050 -4.9998e-04 -4.9998e-04 -4.9998e-04 -4.9998e-04 -4.9998e-04 -4.9998e-04 -4.9998e-04 -4.9998e-04 -4.9997e-04 -4.9997e-04 -4.9997e-04 -4.9997e-04 -4.9997e-04 -4.9997e-04 -4.9997e-04 -4.9997e-04 -4.9997e-04 -4.9997e-04 -4.9997e-04 -4.9997e-04 -4.9997e-04 -4.9996e-04 -4.9996e-04 -4.9996e-04 -4.9996e-04 -4.9996e-04 -4.9996e-04 -4.9996e-04 -4.9996e-04 -4.9996e-04 -4.9996e-04 -4.9996e-04 -4.9996e-04 -4.9996e-04 -4.9996e-04 -4.9996e-04 -4.9995e-04 -4.9995e-04 -4.9995e-04 -4.9995e-04 -4.9995e-04 -4.9995e-04 -4.9995e-04 -4.9995e-04 -4.9995e-04 -4.9995e-04 -4.9995e-04 -4.9995e-04 -4.9995e-04 -4.9995e-04 -4.9995e-04 -4.9994e-04 -4.9994e-04 -4.9994e-04 -4.9994e-04 -4.9994e-04 -4.9994e-04 -4.9994e-04 -4.9994e-04 -4.9994e-04 -4.9994e-04 
-0000.00100 -9.9995e-04 -9.9995e-04 -9.9995e-04 -9.9995e-04 -9.9995e-04 -9.9995e-04 -9.9995e-04 -9.9994e-04 -9.9994e-04 -9.9994e-04 -9.9994e-04 -9.9994e-04 -9.9994e-04 -9.9993e-04 -9.9993e-04 -9.9993e-04 -9.9993e-04 -9.9993e-04 -9.9993e-04 -9.9993e-04 -9.9992e-04 -9.9992e-04 -9.9992e-04 -9.9992e-04 -9.9992e-04 -9.9992e-04 -9.9992e-04 -9.9992e-04 -9.9991e-04 -9.9991e-04 -9.9991e-04 -9.9991e-04 -9.9991e-04 -9.9991e-04 -9.9991e-04 -9.9990e-04 -9.9990e-04 -9.9990e-04 -9.9990e-04 -9.9990e-04 -9.9990e-04 -9.9990e-04 -9.9990e-04 -9.9989e-04 -9.9989e-04 -9.9989e-04 -9.9989e-04 -9.9989e-04 -9.9989e-04 -9.9989e-04 -9.9988e-04 -9.9988e-04 -9.9988e-04 -9.9988e-04 -9.9988e-04 -9.9988e-04 -9.9987e-04 -9.9987e-04 -9.9987e-04 -9.9987e-04 -9.9987e-04 
-0000.00150 -1.4999e-03 -1.4999e-03 -1.4999e-03 -1.4999e-03 -1.4999e-03 -1.4999e-03 -1.4999e-03 -1.4999e-03 -1.4999e-03 -1.4999e-03 -1.4999e-03 -1.4999e-03 -1.4999e-03 -1.4999e-03 -1.4999e-03 -1.4999e-03 -1.4999e-03 -1.4999e-03 -1.4999e-03 -1.4999e-03 -1.4999e-03 -1.4999e-03 -1.4999e-03 -1.4999e-03 -1.4999e-03 -1.4999e-03 -1.4999e-03 -1.4999e-03 -1.4999e-03 -1.4999e-03 -1.4999e-03 -1.4999e-03 -1.4999e-03 -1.4999e-03 -1.4999e-03 -1.4999e-03 -1.4998e-03 -1.4998e-03 -1.4998e-03 -1.4998e-03 -1.4998e-03 -1.4998e-03 -1.4998e-03 -1.4998e-03 -1.4998e-03 -1.4998e-03 -1.4998e-03 -1.4998e-03 -1.4998e-03 -1.4998e-03 -1.4998e-03 -1.4998e-03 -1.4998e-03 -1.4998e-03 -1.4998e-03 -1.4998e-03 -1.4998e-03 -1.4998e-03 -1.4998e-03 -1.4998e-03 -1.4998e-03 
-0000.00200 -1.9999e-03 -1.9999e-03 -1.9999e-03 -1.9999e-03 -1.9999e-03 -1.9999e-03 -1.9999e-03 -1.9998e-03 -1.9998e-03 -1.9998e-03 -1.9998e-03 -1.9998e-03 -1.9998e-03 -1.9998e-03 -1.9998e-03 -1.9998e-03 -1.9998e-03 -1.9998e-03 -1.9998e-03 -1.9998e-03 -1.9998e-03 -1.9998e-03 -1.9998e-03 -1.9998e-03 -1.9998e-03 -1.9998e-03 -1.9998e-03 -1.9998e-03 -1.9998e-03 -1.9998e-03 -1.9998e-03 -1.9998e-03 -1.9998e-03 -1.9998e-03 -1.9998e-03 -1.9998e-03 -1.9998e-03 -1.9997e-03 -1.9997e-03 -1.9997e-03 -1.9997e-03 -1.9997e-03 -1.9997e-03 -1.9997e-03 -1.9997e-03 -1.9997e-03 -1.9997e-03 -1.9997e-03 -1.9997e-03 -1.9997e-03 -1.9997e-03 -1.9997e-03 -1.9997e-03 -1.9997e-03 -1.9997e-03 -1.9997e-03 -1.9997e-03 -1.9997e-03 -1.9997e-03 -1.9997e-03 -1.9997e-03 