# Author: FAC idanalysis.IDKickMap
#
# Total Length of Longitudinal Interval [m]
0.13
# Number of Horizontal Points
25
# Number of Vertical Points
9
# Total Horizontal 2nd Order Kick [T2m2]
START
            -0000.01200 -0000.01100 -0000.01000 -0000.00900 -0000.00800 -0000.00700 -0000.00600 -0000.00500 -0000.00400 -0000.00300 -0000.00200 -0000.00100 +0000.00000 +0000.00100 +0000.00200 +0000.00300 +0000.00400 +0000.00500 +0000.00600 +0000.00700 +0000.00800 +0000.00900 +0000.01000 +0000.01100 +0000.01200
+0000.00200 +1.1989e-04 +1.1639e-04 +1.1315e-04 +1.1011e-04 +1.0752e-04 +1.0544e-04 +1.0358e-04 +1.0185e-04 +1.0051e-04 +9.9730e-05 +9.9173e-05 +9.8677e-05 +9.8438e-05 +9.8714e-05 +9.9266e-05 +9.9883e-05 +1.0072e-04 +1.0211e-04 +1.0391e-04 +1.0584e-04 +1.0798e-04 +1.1061e-04 +1.1374e-04 +1.1709e-04 +1.2070e-04
+0000.00150 +1.2033e-04 +1.1674e-04 +1.1347e-04 +1.1049e-04 +1.0791e-04 +1.0574e-04 +1.0385e-04 +1.0220e-04 +1.0090e-04 +1.0001e-04 +9.9401e-05 +9.8959e-05 +9.8789e-05 +9.9002e-05 +9.9496e-05 +1.0017e-04 +1.0110e-04 +1.0246e-04 +1.0418e-04 +1.0614e-04 +1.0836e-04 +1.1100e-04 +1.1406e-04 +1.1743e-04 +1.2112e-04
+0000.00100 +1.2062e-04 +1.1699e-04 +1.1371e-04 +1.1075e-04 +1.0817e-04 +1.0596e-04 +1.0406e-04 +1.0244e-04 +1.0115e-04 +1.0022e-04 +9.9579e-05 +9.9163e-05 +9.9022e-05 +9.9208e-05 +9.9675e-05 +1.0037e-04 +1.0136e-04 +1.0270e-04 +1.0439e-04 +1.0636e-04 +1.0863e-04 +1.1127e-04 +1.1431e-04 +1.1768e-04 +1.2142e-04
+0000.00050 +1.2079e-04 +1.1714e-04 +1.1385e-04 +1.1091e-04 +1.0833e-04 +1.0610e-04 +1.0419e-04 +1.0258e-04 +1.0130e-04 +1.0035e-04 +9.9691e-05 +9.9285e-05 +9.9156e-05 +9.9332e-05 +9.9788e-05 +1.0050e-04 +1.0150e-04 +1.0284e-04 +1.0452e-04 +1.0649e-04 +1.0878e-04 +1.1143e-04 +1.1445e-04 +1.1783e-04 +1.2159e-04
+0000.00000 +1.2085e-04 +1.1719e-04 +1.1390e-04 +1.1096e-04 +1.0838e-04 +1.0615e-04 +1.0424e-04 +1.0263e-04 +1.0135e-04 +1.0039e-04 +9.9729e-05 +9.9326e-05 +9.9201e-05 +9.9373e-05 +9.9826e-05 +1.0054e-04 +1.0155e-04 +1.0289e-04 +1.0456e-04 +1.0654e-04 +1.0883e-04 +1.1148e-04 +1.1450e-04 +1.1789e-04 +1.2164e-04
-0000.00050 +1.2079e-04 +1.1714e-04 +1.1385e-04 +1.1091e-04 +1.0833e-04 +1.0610e-04 +1.0419e-04 +1.0258e-04 +1.0130e-04 +1.0035e-04 +9.9691e-05 +9.9285e-05 +9.9156e-05 +9.9332e-05 +9.9788e-05 +1.0050e-04 +1.0150e-04 +1.0284e-04 +1.0452e-04 +1.0649e-04 +1.0878e-04 +1.1143e-04 +1.1445e-04 +1.1783e-04 +1.2159e-04
-0000.00100 +1.2062e-04 +1.1699e-04 +1.1371e-04 +1.1075e-04 +1.0817e-04 +1.0597e-04 +1.0406e-04 +1.0244e-04 +1.0115e-04 +1.0022e-04 +9.9579e-05 +9.9163e-05 +9.9022e-05 +9.9208e-05 +9.9675e-05 +1.0037e-04 +1.0136e-04 +1.0270e-04 +1.0439e-04 +1.0636e-04 +1.0862e-04 +1.1127e-04 +1.1431e-04 +1.1768e-04 +1.2141e-04
-0000.00150 +1.2033e-04 +1.1674e-04 +1.1347e-04 +1.1049e-04 +1.0791e-04 +1.0574e-04 +1.0385e-04 +1.0220e-04 +1.0090e-04 +1.0002e-04 +9.9401e-05 +9.8959e-05 +9.8789e-05 +9.9002e-05 +9.9496e-05 +1.0017e-04 +1.0110e-04 +1.0246e-04 +1.0418e-04 +1.0614e-04 +1.0836e-04 +1.1100e-04 +1.1406e-04 +1.1743e-04 +1.2112e-04
-0000.00200 +1.1990e-04 +1.1639e-04 +1.1315e-04 +1.1011e-04 +1.0752e-04 +1.0544e-04 +1.0358e-04 +1.0185e-04 +1.0052e-04 +9.9730e-05 +9.9173e-05 +9.8677e-05 +9.8439e-05 +9.8714e-05 +9.9266e-05 +9.9883e-05 +1.0072e-04 +1.0211e-04 +1.0391e-04 +1.0584e-04 +1.0798e-04 +1.1061e-04 +1.1374e-04 +1.1709e-04 +1.2069e-04
# Total Vertical 2nd Order Kick [T2m2]
START
            -0000.01200 -0000.01100 -0000.01000 -0000.00900 -0000.00800 -0000.00700 -0000.00600 -0000.00500 -0000.00400 -0000.00300 -0000.00200 -0000.00100 +0000.00000 +0000.00100 +0000.00200 +0000.00300 +0000.00400 +0000.00500 +0000.00600 +0000.00700 +0000.00800 +0000.00900 +0000.01000 +0000.01100 +0000.01200
+0000.00200 -5.2252e-05 -5.3050e-05 -5.3666e-05 -5.4351e-05 -5.5187e-05 -5.5888e-05 -5.6401e-05 -5.6981e-05 -5.7768e-05 -5.8459e-05 -5.8897e-05 -5.9339e-05 -6.0000e-05 -6.0676e-05 -6.1127e-05 -6.1567e-05 -6.2248e-05 -6.3043e-05 -6.3625e-05 -6.4125e-05 -6.4798e-05 -6.5646e-05 -6.6354e-05 -6.6970e-05 -6.7745e-05
+0000.00150 -3.4252e-05 -3.4843e-05 -3.5342e-05 -3.5868e-05 -3.6454e-05 -3.6971e-05 -3.7395e-05 -3.7850e-05 -3.8395e-05 -3.8889e-05 -3.9257e-05 -3.9622e-05 -4.0087e-05 -4.0558e-05 -4.0929e-05 -4.1298e-05 -4.1789e-05 -4.2336e-05 -4.2791e-05 -4.3206e-05 -4.3712e-05 -4.4301e-05 -4.4838e-05 -4.5338e-05 -4.5920e-05
+0000.00100 -2.0649e-05 -2.1039e-05 -2.1385e-05 -2.1740e-05 -2.2116e-05 -2.2458e-05 -2.2755e-05 -2.3065e-05 -2.3412e-05 -2.3733e-05 -2.3992e-05 -2.4248e-05 -2.4547e-05 -2.4850e-05 -2.5108e-05 -2.5369e-05 -2.5688e-05 -2.6036e-05 -2.6345e-05 -2.6637e-05 -2.6973e-05 -2.7350e-05 -2.7710e-05 -2.8056e-05 -2.8443e-05
+0000.00050 -9.7034e-06 -9.8976e-06 -1.0074e-05 -1.0253e-05 -1.0438e-05 -1.0608e-05 -1.0760e-05 -1.0917e-05 -1.1087e-05 -1.1245e-05 -1.1378e-05 -1.1509e-05 -1.1656e-05 -1.1805e-05 -1.1937e-05 -1.2071e-05 -1.2228e-05 -1.2398e-05 -1.2554e-05 -1.2703e-05 -1.2871e-05 -1.3056e-05 -1.3235e-05 -1.3411e-05 -1.3604e-05
+0000.00000 -1.0580e-08 -1.1206e-08 -1.1773e-08 -1.2362e-08 -1.2977e-08 -1.3529e-08 -1.3949e-08 -1.4254e-08 -1.4481e-08 -1.4633e-08 -1.4711e-08 -1.4750e-08 -1.4798e-08 -1.4872e-08 -1.4932e-08 -1.4911e-08 -1.4774e-08 -1.4529e-08 -1.4192e-08 -1.3743e-08 -1.3179e-08 -1.2572e-08 -1.2004e-08 -1.1452e-08 -1.0813e-08
-0000.00050 +9.6823e-06 +9.8752e-06 +1.0051e-05 +1.0228e-05 +1.0412e-05 +1.0581e-05 +1.0733e-05 +1.0889e-05 +1.1058e-05 +1.1216e-05 +1.1349e-05 +1.1480e-05 +1.1627e-05 +1.1775e-05 +1.1907e-05 +1.2041e-05 +1.2199e-05 +1.2369e-05 +1.2525e-05 +1.2676e-05 +1.2845e-05 +1.3030e-05 +1.3211e-05 +1.3388e-05 +1.3582e-05
-0000.00100 +2.0627e-05 +2.1016e-05 +2.1362e-05 +2.1715e-05 +2.2090e-05 +2.2431e-05 +2.2727e-05 +2.3037e-05 +2.3383e-05 +2.3704e-05 +2.3963e-05 +2.4218e-05 +2.4518e-05 +2.4820e-05 +2.5078e-05 +2.5339e-05 +2.5659e-05 +2.6007e-05 +2.6317e-05 +2.6609e-05 +2.6947e-05 +2.7325e-05 +2.7686e-05 +2.8033e-05 +2.8421e-05
-0000.00150 +3.4230e-05 +3.4820e-05 +3.5319e-05 +3.5844e-05 +3.6427e-05 +3.6944e-05 +3.7367e-05 +3.7821e-05 +3.8366e-05 +3.8859e-05 +3.9227e-05 +3.9592e-05 +4.0058e-05 +4.0528e-05 +4.0899e-05 +4.1268e-05 +4.1759e-05 +4.2307e-05 +4.2763e-05 +4.3179e-05 +4.3685e-05 +4.4276e-05 +4.4814e-05 +4.5314e-05 +4.5898e-05
-0000.00200 +5.2230e-05 +5.3027e-05 +5.3643e-05 +5.4326e-05 +5.5161e-05 +5.5860e-05 +5.6372e-05 +5.6952e-05 +5.7739e-05 +5.8429e-05 +5.8867e-05 +5.9310e-05 +5.9971e-05 +6.0646e-05 +6.1097e-05 +6.1536e-05 +6.2218e-05 +6.3013e-05 +6.3596e-05 +6.4097e-05 +6.4771e-05 +6.5621e-05 +6.6331e-05 +6.6947e-05 +6.7722e-05
# Horizontal Final Position [m]
START
            -0000.01200 -0000.01100 -0000.01000 -0000.00900 -0000.00800 -0000.00700 -0000.00600 -0000.00500 -0000.00400 -0000.00300 -0000.00200 -0000.00100 +0000.00000 +0000.00100 +0000.00200 +0000.00300 +0000.00400 +0000.00500 +0000.00600 +0000.00700 +0000.00800 +0000.00900 +0000.01000 +0000.01100 +0000.01200
+0000.00200 -1.2003e-02 -1.1003e-02 -1.0003e-02 -9.0028e-03 -8.0028e-03 -7.0029e-03 -6.0029e-03 -5.0029e-03 -4.0030e-03 -3.0030e-03 -2.0030e-03 -1.0030e-03 -2.9972e-06 +9.9700e-04 +1.9970e-03 +2.9970e-03 +3.9970e-03 +4.9971e-03 +5.9971e-03 +6.9971e-03 +7.9972e-03 +8.9972e-03 +9.9973e-03 +1.0997e-02 +1.1997e-02
+0000.00150 -1.2003e-02 -1.1003e-02 -1.0003e-02 -9.0028e-03 -8.0028e-03 -7.0029e-03 -6.0029e-03 -5.0029e-03 -4.0030e-03 -3.0030e-03 -2.0030e-03 -1.0030e-03 -2.9972e-06 +9.9701e-04 +1.9970e-03 +2.9970e-03 +3.9970e-03 +4.9971e-03 +5.9971e-03 +6.9971e-03 +7.9972e-03 +8.9973e-03 +9.9973e-03 +1.0997e-02 +1.1997e-02
+0000.00100 -1.2003e-02 -1.1003e-02 -1.0003e-02 -9.0027e-03 -8.0028e-03 -7.0029e-03 -6.0029e-03 -5.0029e-03 -4.0030e-03 -3.0030e-03 -2.0030e-03 -1.0030e-03 -2.9971e-06 +9.9701e-04 +1.9970e-03 +2.9970e-03 +3.9970e-03 +4.9971e-03 +5.9971e-03 +6.9971e-03 +7.9972e-03 +8.9973e-03 +9.9973e-03 +1.0997e-02 +1.1997e-02
+0000.00050 -1.2003e-02 -1.1003e-02 -1.0003e-02 -9.0027e-03 -8.0028e-03 -7.0029e-03 -6.0029e-03 -5.0029e-03 -4.0030e-03 -3.0030e-03 -2.0030e-03 -1.0030e-03 -2.9969e-06 +9.9701e-04 +1.9970e-03 +2.9970e-03 +3.9970e-03 +4.9971e-03 +5.9971e-03 +6.9971e-03 +7.9972e-03 +8.9973e-03 +9.9973e-03 +1.0997e-02 +1.1997e-02
+0000.00000 -1.2003e-02 -1.1003e-02 -1.0003e-02 -9.0027e-03 -8.0028e-03 -7.0029e-03 -6.0029e-03 -5.0029e-03 -4.0030e-03 -3.0030e-03 -2.0030e-03 -1.0030e-03 -2.9969e-06 +9.9701e-04 +1.9970e-03 +2.9970e-03 +3.9970e-03 +4.9971e-03 +5.9971e-03 +6.9971e-03 +7.9972e-03 +8.9973e-03 +9.9973e-03 +1.0997e-02 +1.1997e-02
-0000.00050 -1.2003e-02 -1.1003e-02 -1.0003e-02 -9.0027e-03 -8.0028e-03 -7.0029e-03 -6.0029e-03 -5.0029e-03 -4.0030e-03 -3.0030e-03 -2.0030e-03 -1.0030e-03 -2.9969e-06 +9.9701e-04 +1.9970e-03 +2.9970e-03 +3.9970e-03 +4.9971e-03 +5.9971e-03 +6.9971e-03 +7.9972e-03 +8.9973e-03 +9.9973e-03 +1.0997e-02 +1.1997e-02
-0000.00100 -1.2003e-02 -1.1003e-02 -1.0003e-02 -9.0027e-03 -8.0028e-03 -7.0029e-03 -6.0029e-03 -5.0029e-03 -4.0030e-03 -3.0030e-03 -2.0030e-03 -1.0030e-03 -2.9971e-06 +9.9701e-04 +1.9970e-03 +2.9970e-03 +3.9970e-03 +4.9971e-03 +5.9971e-03 +6.9971e-03 +7.9972e-03 +8.9973e-03 +9.9973e-03 +1.0997e-02 +1.1997e-02
-0000.00150 -1.2003e-02 -1.1003e-02 -1.0003e-02 -9.0028e-03 -8.0028e-03 -7.0029e-03 -6.0029e-03 -5.0029e-03 -4.0030e-03 -3.0030e-03 -2.0030e-03 -1.0030e-03 -2.9972e-06 +9.9701e-04 +1.9970e-03 +2.9970e-03 +3.9970e-03 +4.9971e-03 +5.9971e-03 +6.9971e-03 +7.9972e-03 +8.9973e-03 +9.9973e-03 +1.0997e-02 +1.1997e-02
-0000.00200 -1.2003e-02 -1.1003e-02 -1.0003e-02 -9.0028e-03 -8.0028e-03 -7.0029e-03 -6.0029e-03 -5.0029e-03 -4.0030e-03 -3.0030e-03 -2.0030e-03 -1.0030e-03 -2.9972e-06 +9.9700e-04 +1.9970e-03 +2.9970e-03 +3.9970e-03 +4.9971e-03 +5.9971e-03 +6.9971e-03 +7.9972e-03 +8.9972e-03 +9.9973e-03 +1.0997e-02 +1.1997e-02
# Vertical Final Position [m]
START
            -0000.01200 -0000.01100 -0000.01000 -0000.00900 -0000.00800 -0000.00700 -0000.00600 -0000.00500 -0000.00400 -0000.00300 -0000.00200 -0000.00100 +0000.00000 +0000.00100 +0000.00200 +0000.00300 +0000.00400 +0000.00500 +0000.00600 +0000.00700 +0000.00800 +0000.00900 +0000.01000 +0000.01100 +0000.01200
+0000.00200 +2.0001e-03 +2.0001e-03 +2.0001e-03 +2.0001e-03 +2.0000e-03 +2.0000e-03 +2.0000e-03 +2.0000e-03 +2.0000e-03 +2.0000e-03 +2.0000e-03 +1.9999e-03 +1.9999e-03 +1.9999e-03 +1.9999e-03 +1.9999e-03 +1.9999e-03 +1.9999e-03 +1.9999e-03 +1.9999e-03 +1.9998e-03 +1.9998e-03 +1.9998e-03 +1.9998e-03 +1.9998e-03
+0000.00150 +1.5001e-03 +1.5001e-03 +1.5001e-03 +1.5000e-03 +1.5000e-03 +1.5000e-03 +1.5000e-03 +1.5000e-03 +1.5000e-03 +1.5000e-03 +1.5000e-03 +1.5000e-03 +1.5000e-03 +1.5000e-03 +1.4999e-03 +1.4999e-03 +1.4999e-03 +1.4999e-03 +1.4999e-03 +1.4999e-03 +1.4999e-03 +1.4999e-03 +1.4999e-03 +1.4998e-03 +1.4998e-03
+0000.00100 +1.0001e-03 +1.0001e-03 +1.0000e-03 +1.0000e-03 +1.0000e-03 +1.0000e-03 +1.0000e-03 +1.0000e-03 +1.0000e-03 +9.9999e-04 +9.9999e-04 +9.9998e-04 +9.9998e-04 +9.9997e-04 +9.9996e-04 +9.9996e-04 +9.9995e-04 +9.9995e-04 +9.9994e-04 +9.9993e-04 +9.9992e-04 +9.9992e-04 +9.9991e-04 +9.9990e-04 +9.9989e-04
+0000.00050 +5.0003e-04 +5.0003e-04 +5.0002e-04 +5.0002e-04 +5.0001e-04 +5.0001e-04 +5.0001e-04 +5.0000e-04 +5.0000e-04 +5.0000e-04 +4.9999e-04 +4.9999e-04 +4.9999e-04 +4.9999e-04 +4.9998e-04 +4.9998e-04 +4.9998e-04 +4.9997e-04 +4.9997e-04 +4.9997e-04 +4.9996e-04 +4.9996e-04 +4.9995e-04 +4.9995e-04 +4.9994e-04
+0000.00000 -3.1403e-11 -3.3548e-11 -3.5643e-11 -3.7621e-11 -3.9409e-11 -4.0984e-11 -4.2333e-11 -4.3421e-11 -4.4235e-11 -4.4822e-11 -4.5250e-11 -4.5544e-11 -4.5689e-11 -4.5665e-11 -4.5469e-11 -4.5101e-11 -4.4534e-11 -4.3713e-11 -4.2612e-11 -4.1261e-11 -3.9706e-11 -3.7959e-11 -3.6032e-11 -3.3973e-11 -3.1824e-11
-0000.00050 -5.0003e-04 -5.0003e-04 -5.0002e-04 -5.0002e-04 -5.0001e-04 -5.0001e-04 -5.0001e-04 -5.0000e-04 -5.0000e-04 -5.0000e-04 -4.9999e-04 -4.9999e-04 -4.9999e-04 -4.9999e-04 -4.9998e-04 -4.9998e-04 -4.9998e-04 -4.9997e-04 -4.9997e-04 -4.9997e-04 -4.9996e-04 -4.9996e-04 -4.9995e-04 -4.9995e-04 -4.9994e-04
-0000.00100 -1.0001e-03 -1.0001e-03 -1.0000e-03 -1.0000e-03 -1.0000e-03 -1.0000e-03 -1.0000e-03 -1.0000e-03 -1.0000e-03 -9.9999e-04 -9.9999e-04 -9.9998e-04 -9.9998e-04 -9.9997e-04 -9.9996e-04 -9.9996e-04 -9.9995e-04 -9.9995e-04 -9.9994e-04 -9.9993e-04 -9.9992e-04 -9.9992e-04 -9.9991e-04 -9.9990e-04 -9.9989e-04
-0000.00150 -1.5001e-03 -1.5001e-03 -1.5001e-03 -1.5000e-03 -1.5000e-03 -1.5000e-03 -1.5000e-03 -1.5000e-03 -1.5000e-03 -1.5000e-03 -1.5000e-03 -1.5000e-03 -1.5000e-03 -1.5000e-03 -1.4999e-03 -1.4999e-03 -1.4999e-03 -1.4999e-03 -1.4999e-03 -1.4999e-03 -1.4999e-03 -1.4999e-03 -1.4999e-03 -1.4998e-03 -1.4998e-03
-0000.00200 -2.0001e-03 -2.0001e-03 -2.0001e-03 -2.0001e-03 -2.0000e-03 -2.0000e-03 -2.0000e-03 -2.0000e-03 -2.0000e-03 -2.0000e-03 -2.0000e-03 -1.9999e-03 -1.9999e-03 -1.9999e-03 -1.9999e-03 -1.9999e-03 -1.9999e-03 -1.9999e-03 -1.9999e-03 -1.9999e-03 -1.9998e-03 -1.9998e-03 -1.9998e-03 -1.9998e-03 -1.9998e-03
