# Author: FAC idanalysis.IDKickMap
# Termination_kicks [T2m2]: +0.0000e+00 +0.0000e+00 +0.0000e+00 +0.0000e+00 
# Total Length of Longitudinal Interval [m]
0.13
# Number of Horizontal Points
61
# Number of Vertical Points
9
# Total Horizontal 2nd Order Kick [T2m2]
START
            -0000.01000 -0000.00967 -0000.00933 -0000.00900 -0000.00867 -0000.00833 -0000.00800 -0000.00767 -0000.00733 -0000.00700 -0000.00667 -0000.00633 -0000.00600 -0000.00567 -0000.00533 -0000.00500 -0000.00467 -0000.00433 -0000.00400 -0000.00367 -0000.00333 -0000.00300 -0000.00267 -0000.00233 -0000.00200 -0000.00167 -0000.00133 -0000.00100 -0000.00067 -0000.00033 +0000.00000 +0000.00033 +0000.00067 +0000.00100 +0000.00133 +0000.00167 +0000.00200 +0000.00233 +0000.00267 +0000.00300 +0000.00333 +0000.00367 +0000.00400 +0000.00433 +0000.00467 +0000.00500 +0000.00533 +0000.00567 +0000.00600 +0000.00633 +0000.00667 +0000.00700 +0000.00733 +0000.00767 +0000.00800 +0000.00833 +0000.00867 +0000.00900 +0000.00933 +0000.00967 +0000.01000 
+0000.00200 +1.5199e-04 +1.5101e-04 +1.5007e-04 +1.4915e-04 +1.4827e-04 +1.4741e-04 +1.4659e-04 +1.4580e-04 +1.4505e-04 +1.4432e-04 +1.4363e-04 +1.4297e-04 +1.4234e-04 +1.4175e-04 +1.4119e-04 +1.4067e-04 +1.4018e-04 +1.3972e-04 +1.3929e-04 +1.3891e-04 +1.3855e-04 +1.3823e-04 +1.3795e-04 +1.3769e-04 +1.3748e-04 +1.3730e-04 +1.3715e-04 +1.3704e-04 +1.3696e-04 +1.3692e-04 +1.3691e-04 +1.3694e-04 +1.3700e-04 +1.3709e-04 +1.3722e-04 +1.3739e-04 +1.3759e-04 +1.3782e-04 +1.3809e-04 +1.3839e-04 +1.3872e-04 +1.3909e-04 +1.3949e-04 +1.3993e-04 +1.4040e-04 +1.4090e-04 +1.4143e-04 +1.4200e-04 +1.4259e-04 +1.4322e-04 +1.4388e-04 +1.4458e-04 +1.4530e-04 +1.4605e-04 +1.4684e-04 +1.4765e-04 +1.4850e-04 +1.4937e-04 +1.5027e-04 +1.5120e-04 +1.5216e-04 
+0000.00150 +1.5107e-04 +1.5008e-04 +1.4913e-04 +1.4821e-04 +1.4733e-04 +1.4648e-04 +1.4567e-04 +1.4490e-04 +1.4416e-04 +1.4345e-04 +1.4278e-04 +1.4214e-04 +1.4154e-04 +1.4097e-04 +1.4043e-04 +1.3993e-04 +1.3946e-04 +1.3903e-04 +1.3862e-04 +1.3826e-04 +1.3792e-04 +1.3762e-04 +1.3735e-04 +1.3711e-04 +1.3691e-04 +1.3674e-04 +1.3660e-04 +1.3649e-04 +1.3642e-04 +1.3638e-04 +1.3637e-04 +1.3639e-04 +1.3645e-04 +1.3654e-04 +1.3666e-04 +1.3682e-04 +1.3700e-04 +1.3722e-04 +1.3747e-04 +1.3776e-04 +1.3807e-04 +1.3842e-04 +1.3880e-04 +1.3922e-04 +1.3967e-04 +1.4015e-04 +1.4066e-04 +1.4121e-04 +1.4179e-04 +1.4240e-04 +1.4305e-04 +1.4373e-04 +1.4444e-04 +1.4519e-04 +1.4597e-04 +1.4679e-04 +1.4764e-04 +1.4853e-04 +1.4945e-04 +1.5040e-04 +1.5139e-04 
+0000.00100 +1.5128e-04 +1.5027e-04 +1.4931e-04 +1.4838e-04 +1.4750e-04 +1.4665e-04 +1.4583e-04 +1.4506e-04 +1.4432e-04 +1.4362e-04 +1.4295e-04 +1.4232e-04 +1.4172e-04 +1.4116e-04 +1.4063e-04 +1.4013e-04 +1.3967e-04 +1.3924e-04 +1.3885e-04 +1.3849e-04 +1.3816e-04 +1.3786e-04 +1.3760e-04 +1.3737e-04 +1.3717e-04 +1.3700e-04 +1.3686e-04 +1.3676e-04 +1.3669e-04 +1.3665e-04 +1.3664e-04 +1.3666e-04 +1.3671e-04 +1.3680e-04 +1.3692e-04 +1.3707e-04 +1.3725e-04 +1.3746e-04 +1.3770e-04 +1.3798e-04 +1.3829e-04 +1.3863e-04 +1.3901e-04 +1.3941e-04 +1.3985e-04 +1.4033e-04 +1.4083e-04 +1.4138e-04 +1.4195e-04 +1.4256e-04 +1.4320e-04 +1.4388e-04 +1.4460e-04 +1.4535e-04 +1.4614e-04 +1.4696e-04 +1.4782e-04 +1.4872e-04 +1.4965e-04 +1.5063e-04 +1.5164e-04 
+0000.00050 +1.5142e-04 +1.5041e-04 +1.4944e-04 +1.4851e-04 +1.4761e-04 +1.4676e-04 +1.4595e-04 +1.4517e-04 +1.4443e-04 +1.4373e-04 +1.4306e-04 +1.4243e-04 +1.4184e-04 +1.4128e-04 +1.4075e-04 +1.4026e-04 +1.3980e-04 +1.3937e-04 +1.3898e-04 +1.3862e-04 +1.3830e-04 +1.3800e-04 +1.3774e-04 +1.3751e-04 +1.3731e-04 +1.3715e-04 +1.3701e-04 +1.3691e-04 +1.3684e-04 +1.3679e-04 +1.3678e-04 +1.3681e-04 +1.3686e-04 +1.3694e-04 +1.3706e-04 +1.3721e-04 +1.3738e-04 +1.3759e-04 +1.3784e-04 +1.3811e-04 +1.3842e-04 +1.3876e-04 +1.3913e-04 +1.3953e-04 +1.3997e-04 +1.4044e-04 +1.4094e-04 +1.4148e-04 +1.4206e-04 +1.4266e-04 +1.4331e-04 +1.4399e-04 +1.4470e-04 +1.4546e-04 +1.4625e-04 +1.4708e-04 +1.4794e-04 +1.4885e-04 +1.4979e-04 +1.5078e-04 +1.5180e-04 
+0000.00000 +1.5147e-04 +1.5046e-04 +1.4948e-04 +1.4855e-04 +1.4766e-04 +1.4680e-04 +1.4599e-04 +1.4521e-04 +1.4447e-04 +1.4377e-04 +1.4310e-04 +1.4247e-04 +1.4187e-04 +1.4131e-04 +1.4079e-04 +1.4030e-04 +1.3984e-04 +1.3941e-04 +1.3902e-04 +1.3866e-04 +1.3834e-04 +1.3805e-04 +1.3778e-04 +1.3756e-04 +1.3736e-04 +1.3719e-04 +1.3706e-04 +1.3695e-04 +1.3688e-04 +1.3684e-04 +1.3683e-04 +1.3685e-04 +1.3691e-04 +1.3699e-04 +1.3711e-04 +1.3725e-04 +1.3743e-04 +1.3764e-04 +1.3788e-04 +1.3815e-04 +1.3846e-04 +1.3880e-04 +1.3917e-04 +1.3957e-04 +1.4001e-04 +1.4048e-04 +1.4098e-04 +1.4152e-04 +1.4209e-04 +1.4270e-04 +1.4335e-04 +1.4403e-04 +1.4474e-04 +1.4550e-04 +1.4629e-04 +1.4712e-04 +1.4798e-04 +1.4889e-04 +1.4984e-04 +1.5083e-04 +1.5186e-04 
-0000.00050 +1.5142e-04 +1.5041e-04 +1.4943e-04 +1.4850e-04 +1.4761e-04 +1.4676e-04 +1.4595e-04 +1.4517e-04 +1.4443e-04 +1.4373e-04 +1.4306e-04 +1.4243e-04 +1.4183e-04 +1.4127e-04 +1.4075e-04 +1.4026e-04 +1.3980e-04 +1.3937e-04 +1.3898e-04 +1.3862e-04 +1.3830e-04 +1.3800e-04 +1.3774e-04 +1.3751e-04 +1.3731e-04 +1.3715e-04 +1.3701e-04 +1.3691e-04 +1.3683e-04 +1.3679e-04 +1.3678e-04 +1.3681e-04 +1.3686e-04 +1.3694e-04 +1.3706e-04 +1.3721e-04 +1.3738e-04 +1.3759e-04 +1.3784e-04 +1.3811e-04 +1.3842e-04 +1.3876e-04 +1.3913e-04 +1.3953e-04 +1.3997e-04 +1.4044e-04 +1.4094e-04 +1.4148e-04 +1.4206e-04 +1.4267e-04 +1.4331e-04 +1.4399e-04 +1.4470e-04 +1.4546e-04 +1.4625e-04 +1.4708e-04 +1.4794e-04 +1.4885e-04 +1.4979e-04 +1.5078e-04 +1.5180e-04 
-0000.00100 +1.5127e-04 +1.5027e-04 +1.4931e-04 +1.4838e-04 +1.4749e-04 +1.4665e-04 +1.4583e-04 +1.4506e-04 +1.4432e-04 +1.4361e-04 +1.4295e-04 +1.4231e-04 +1.4172e-04 +1.4115e-04 +1.4063e-04 +1.4013e-04 +1.3967e-04 +1.3924e-04 +1.3885e-04 +1.3849e-04 +1.3816e-04 +1.3786e-04 +1.3760e-04 +1.3736e-04 +1.3717e-04 +1.3700e-04 +1.3686e-04 +1.3676e-04 +1.3669e-04 +1.3664e-04 +1.3664e-04 +1.3666e-04 +1.3671e-04 +1.3680e-04 +1.3692e-04 +1.3707e-04 +1.3725e-04 +1.3746e-04 +1.3770e-04 +1.3798e-04 +1.3829e-04 +1.3863e-04 +1.3901e-04 +1.3942e-04 +1.3986e-04 +1.4033e-04 +1.4084e-04 +1.4138e-04 +1.4195e-04 +1.4256e-04 +1.4321e-04 +1.4389e-04 +1.4460e-04 +1.4535e-04 +1.4614e-04 +1.4696e-04 +1.4782e-04 +1.4872e-04 +1.4966e-04 +1.5063e-04 +1.5164e-04 
-0000.00150 +1.5106e-04 +1.5008e-04 +1.4912e-04 +1.4821e-04 +1.4732e-04 +1.4648e-04 +1.4567e-04 +1.4489e-04 +1.4415e-04 +1.4345e-04 +1.4277e-04 +1.4214e-04 +1.4153e-04 +1.4096e-04 +1.4043e-04 +1.3993e-04 +1.3946e-04 +1.3902e-04 +1.3862e-04 +1.3825e-04 +1.3792e-04 +1.3762e-04 +1.3735e-04 +1.3711e-04 +1.3691e-04 +1.3674e-04 +1.3660e-04 +1.3649e-04 +1.3642e-04 +1.3638e-04 +1.3637e-04 +1.3640e-04 +1.3645e-04 +1.3654e-04 +1.3666e-04 +1.3682e-04 +1.3701e-04 +1.3722e-04 +1.3748e-04 +1.3776e-04 +1.3808e-04 +1.3843e-04 +1.3881e-04 +1.3922e-04 +1.3967e-04 +1.4015e-04 +1.4067e-04 +1.4121e-04 +1.4179e-04 +1.4241e-04 +1.4305e-04 +1.4373e-04 +1.4445e-04 +1.4520e-04 +1.4598e-04 +1.4679e-04 +1.4764e-04 +1.4853e-04 +1.4945e-04 +1.5040e-04 +1.5139e-04 
-0000.00200 +1.5199e-04 +1.5101e-04 +1.5006e-04 +1.4914e-04 +1.4826e-04 +1.4741e-04 +1.4658e-04 +1.4579e-04 +1.4504e-04 +1.4431e-04 +1.4362e-04 +1.4296e-04 +1.4234e-04 +1.4174e-04 +1.4118e-04 +1.4066e-04 +1.4017e-04 +1.3971e-04 +1.3929e-04 +1.3890e-04 +1.3855e-04 +1.3823e-04 +1.3794e-04 +1.3769e-04 +1.3748e-04 +1.3729e-04 +1.3715e-04 +1.3704e-04 +1.3696e-04 +1.3692e-04 +1.3691e-04 +1.3694e-04 +1.3700e-04 +1.3710e-04 +1.3723e-04 +1.3739e-04 +1.3759e-04 +1.3782e-04 +1.3809e-04 +1.3839e-04 +1.3873e-04 +1.3910e-04 +1.3950e-04 +1.3993e-04 +1.4040e-04 +1.4090e-04 +1.4144e-04 +1.4200e-04 +1.4260e-04 +1.4323e-04 +1.4389e-04 +1.4458e-04 +1.4531e-04 +1.4606e-04 +1.4684e-04 +1.4766e-04 +1.4850e-04 +1.4937e-04 +1.5028e-04 +1.5121e-04 +1.5216e-04 
# Total Vertical 2nd Order Kick [T2m2]
START
            -0000.01000 -0000.00967 -0000.00933 -0000.00900 -0000.00867 -0000.00833 -0000.00800 -0000.00767 -0000.00733 -0000.00700 -0000.00667 -0000.00633 -0000.00600 -0000.00567 -0000.00533 -0000.00500 -0000.00467 -0000.00433 -0000.00400 -0000.00367 -0000.00333 -0000.00300 -0000.00267 -0000.00233 -0000.00200 -0000.00167 -0000.00133 -0000.00100 -0000.00067 -0000.00033 +0000.00000 +0000.00033 +0000.00067 +0000.00100 +0000.00133 +0000.00167 +0000.00200 +0000.00233 +0000.00267 +0000.00300 +0000.00333 +0000.00367 +0000.00400 +0000.00433 +0000.00467 +0000.00500 +0000.00533 +0000.00567 +0000.00600 +0000.00633 +0000.00667 +0000.00700 +0000.00733 +0000.00767 +0000.00800 +0000.00833 +0000.00867 +0000.00900 +0000.00933 +0000.00967 +0000.01000 
+0000.00200 -1.5157e-04 -1.5164e-04 -1.5172e-04 -1.5181e-04 -1.5192e-04 -1.5203e-04 -1.5216e-04 -1.5229e-04 -1.5243e-04 -1.5259e-04 -1.5275e-04 -1.5292e-04 -1.5310e-04 -1.5328e-04 -1.5347e-04 -1.5367e-04 -1.5387e-04 -1.5407e-04 -1.5429e-04 -1.5450e-04 -1.5472e-04 -1.5495e-04 -1.5517e-04 -1.5540e-04 -1.5563e-04 -1.5586e-04 -1.5610e-04 -1.5633e-04 -1.5657e-04 -1.5680e-04 -1.5704e-04 -1.5727e-04 -1.5751e-04 -1.5774e-04 -1.5797e-04 -1.5819e-04 -1.5842e-04 -1.5864e-04 -1.5886e-04 -1.5908e-04 -1.5929e-04 -1.5950e-04 -1.5970e-04 -1.5990e-04 -1.6009e-04 -1.6028e-04 -1.6046e-04 -1.6063e-04 -1.6080e-04 -1.6096e-04 -1.6112e-04 -1.6126e-04 -1.6140e-04 -1.6153e-04 -1.6166e-04 -1.6177e-04 -1.6188e-04 -1.6197e-04 -1.6206e-04 -1.6214e-04 -1.6220e-04 
+0000.00150 -9.9271e-05 -9.9382e-05 -9.9497e-05 -9.9615e-05 -9.9737e-05 -9.9863e-05 -9.9991e-05 -1.0012e-04 -1.0026e-04 -1.0039e-04 -1.0053e-04 -1.0067e-04 -1.0082e-04 -1.0096e-04 -1.0111e-04 -1.0126e-04 -1.0141e-04 -1.0157e-04 -1.0172e-04 -1.0188e-04 -1.0204e-04 -1.0219e-04 -1.0235e-04 -1.0251e-04 -1.0267e-04 -1.0283e-04 -1.0300e-04 -1.0316e-04 -1.0332e-04 -1.0348e-04 -1.0364e-04 -1.0380e-04 -1.0397e-04 -1.0413e-04 -1.0429e-04 -1.0445e-04 -1.0461e-04 -1.0476e-04 -1.0492e-04 -1.0508e-04 -1.0523e-04 -1.0539e-04 -1.0554e-04 -1.0569e-04 -1.0584e-04 -1.0599e-04 -1.0613e-04 -1.0628e-04 -1.0642e-04 -1.0656e-04 -1.0670e-04 -1.0684e-04 -1.0697e-04 -1.0710e-04 -1.0723e-04 -1.0736e-04 -1.0748e-04 -1.0760e-04 -1.0772e-04 -1.0783e-04 -1.0795e-04 
+0000.00100 -6.0048e-05 -6.0143e-05 -6.0238e-05 -6.0335e-05 -6.0431e-05 -6.0528e-05 -6.0626e-05 -6.0724e-05 -6.0823e-05 -6.0922e-05 -6.1021e-05 -6.1121e-05 -6.1221e-05 -6.1321e-05 -6.1422e-05 -6.1523e-05 -6.1624e-05 -6.1726e-05 -6.1827e-05 -6.1929e-05 -6.2031e-05 -6.2133e-05 -6.2235e-05 -6.2337e-05 -6.2439e-05 -6.2541e-05 -6.2643e-05 -6.2746e-05 -6.2848e-05 -6.2950e-05 -6.3052e-05 -6.3154e-05 -6.3256e-05 -6.3358e-05 -6.3460e-05 -6.3562e-05 -6.3663e-05 -6.3765e-05 -6.3866e-05 -6.3967e-05 -6.4068e-05 -6.4168e-05 -6.4269e-05 -6.4369e-05 -6.4469e-05 -6.4569e-05 -6.4669e-05 -6.4768e-05 -6.4867e-05 -6.4966e-05 -6.5065e-05 -6.5163e-05 -6.5261e-05 -6.5359e-05 -6.5457e-05 -6.5554e-05 -6.5651e-05 -6.5748e-05 -6.5844e-05 -6.5941e-05 -6.6037e-05 
+0000.00050 -2.8315e-05 -2.8367e-05 -2.8419e-05 -2.8471e-05 -2.8523e-05 -2.8574e-05 -2.8626e-05 -2.8677e-05 -2.8728e-05 -2.8779e-05 -2.8830e-05 -2.8881e-05 -2.8932e-05 -2.8983e-05 -2.9033e-05 -2.9084e-05 -2.9134e-05 -2.9185e-05 -2.9235e-05 -2.9285e-05 -2.9335e-05 -2.9385e-05 -2.9435e-05 -2.9485e-05 -2.9535e-05 -2.9585e-05 -2.9635e-05 -2.9685e-05 -2.9734e-05 -2.9784e-05 -2.9834e-05 -2.9884e-05 -2.9933e-05 -2.9983e-05 -3.0033e-05 -3.0083e-05 -3.0132e-05 -3.0182e-05 -3.0232e-05 -3.0282e-05 -3.0332e-05 -3.0382e-05 -3.0432e-05 -3.0482e-05 -3.0533e-05 -3.0583e-05 -3.0633e-05 -3.0684e-05 -3.0735e-05 -3.0786e-05 -3.0837e-05 -3.0888e-05 -3.0939e-05 -3.0991e-05 -3.1042e-05 -3.1094e-05 -3.1146e-05 -3.1199e-05 -3.1251e-05 -3.1304e-05 -3.1357e-05 
+0000.00000 -3.6440e-08 -3.5821e-08 -3.5212e-08 -3.4611e-08 -3.4023e-08 -3.3446e-08 -3.2884e-08 -3.2337e-08 -3.1805e-08 -3.1291e-08 -3.0796e-08 -3.0319e-08 -2.9863e-08 -2.9428e-08 -2.9015e-08 -2.8625e-08 -2.8259e-08 -2.7917e-08 -2.7599e-08 -2.7308e-08 -2.7043e-08 -2.6804e-08 -2.6592e-08 -2.6408e-08 -2.6252e-08 -2.6125e-08 -2.6025e-08 -2.5955e-08 -2.5914e-08 -2.5901e-08 -2.5918e-08 -2.5964e-08 -2.6039e-08 -2.6143e-08 -2.6276e-08 -2.6438e-08 -2.6629e-08 -2.6848e-08 -2.7095e-08 -2.7370e-08 -2.7672e-08 -2.8000e-08 -2.8356e-08 -2.8736e-08 -2.9142e-08 -2.9573e-08 -3.0027e-08 -3.0505e-08 -3.1005e-08 -3.1526e-08 -3.2067e-08 -3.2629e-08 -3.3208e-08 -3.3806e-08 -3.4420e-08 -3.5049e-08 -3.5692e-08 -3.6349e-08 -3.7017e-08 -3.7695e-08 -3.8382e-08 
-0000.00050 +2.8242e-05 +2.8296e-05 +2.8349e-05 +2.8402e-05 +2.8455e-05 +2.8507e-05 +2.8560e-05 +2.8612e-05 +2.8665e-05 +2.8717e-05 +2.8769e-05 +2.8820e-05 +2.8872e-05 +2.8924e-05 +2.8975e-05 +2.9026e-05 +2.9078e-05 +2.9129e-05 +2.9180e-05 +2.9230e-05 +2.9281e-05 +2.9332e-05 +2.9382e-05 +2.9432e-05 +2.9483e-05 +2.9533e-05 +2.9583e-05 +2.9633e-05 +2.9683e-05 +2.9732e-05 +2.9782e-05 +2.9832e-05 +2.9881e-05 +2.9931e-05 +2.9980e-05 +3.0030e-05 +3.0079e-05 +3.0129e-05 +3.0178e-05 +3.0227e-05 +3.0277e-05 +3.0326e-05 +3.0376e-05 +3.0425e-05 +3.0475e-05 +3.0524e-05 +3.0574e-05 +3.0623e-05 +3.0673e-05 +3.0723e-05 +3.0773e-05 +3.0823e-05 +3.0873e-05 +3.0923e-05 +3.0974e-05 +3.1024e-05 +3.1075e-05 +3.1126e-05 +3.1177e-05 +3.1229e-05 +3.1280e-05 
-0000.00100 +5.9975e-05 +6.0071e-05 +6.0168e-05 +6.0265e-05 +6.0363e-05 +6.0462e-05 +6.0561e-05 +6.0660e-05 +6.0760e-05 +6.0860e-05 +6.0960e-05 +6.1061e-05 +6.1162e-05 +6.1263e-05 +6.1364e-05 +6.1466e-05 +6.1568e-05 +6.1670e-05 +6.1772e-05 +6.1874e-05 +6.1977e-05 +6.2079e-05 +6.2181e-05 +6.2284e-05 +6.2386e-05 +6.2489e-05 +6.2591e-05 +6.2694e-05 +6.2796e-05 +6.2898e-05 +6.3000e-05 +6.3102e-05 +6.3204e-05 +6.3306e-05 +6.3407e-05 +6.3509e-05 +6.3610e-05 +6.3711e-05 +6.3812e-05 +6.3912e-05 +6.4012e-05 +6.4113e-05 +6.4212e-05 +6.4312e-05 +6.4411e-05 +6.4510e-05 +6.4609e-05 +6.4707e-05 +6.4806e-05 +6.4903e-05 +6.5001e-05 +6.5098e-05 +6.5195e-05 +6.5292e-05 +6.5388e-05 +6.5484e-05 +6.5580e-05 +6.5675e-05 +6.5770e-05 +6.5865e-05 +6.5959e-05 
-0000.00150 +9.9197e-05 +9.9310e-05 +9.9426e-05 +9.9546e-05 +9.9670e-05 +9.9796e-05 +9.9926e-05 +1.0006e-04 +1.0019e-04 +1.0033e-04 +1.0047e-04 +1.0061e-04 +1.0076e-04 +1.0091e-04 +1.0106e-04 +1.0121e-04 +1.0136e-04 +1.0151e-04 +1.0167e-04 +1.0182e-04 +1.0198e-04 +1.0214e-04 +1.0230e-04 +1.0246e-04 +1.0262e-04 +1.0278e-04 +1.0294e-04 +1.0310e-04 +1.0327e-04 +1.0343e-04 +1.0359e-04 +1.0375e-04 +1.0391e-04 +1.0407e-04 +1.0423e-04 +1.0439e-04 +1.0455e-04 +1.0471e-04 +1.0487e-04 +1.0502e-04 +1.0518e-04 +1.0533e-04 +1.0548e-04 +1.0563e-04 +1.0578e-04 +1.0593e-04 +1.0607e-04 +1.0622e-04 +1.0636e-04 +1.0650e-04 +1.0664e-04 +1.0677e-04 +1.0690e-04 +1.0703e-04 +1.0716e-04 +1.0729e-04 +1.0741e-04 +1.0753e-04 +1.0764e-04 +1.0776e-04 +1.0787e-04 
-0000.00200 +1.5150e-04 +1.5157e-04 +1.5165e-04 +1.5174e-04 +1.5185e-04 +1.5197e-04 +1.5209e-04 +1.5223e-04 +1.5237e-04 +1.5253e-04 +1.5269e-04 +1.5286e-04 +1.5304e-04 +1.5322e-04 +1.5341e-04 +1.5361e-04 +1.5381e-04 +1.5402e-04 +1.5423e-04 +1.5445e-04 +1.5467e-04 +1.5489e-04 +1.5512e-04 +1.5535e-04 +1.5558e-04 +1.5581e-04 +1.5605e-04 +1.5628e-04 +1.5652e-04 +1.5675e-04 +1.5699e-04 +1.5722e-04 +1.5745e-04 +1.5768e-04 +1.5791e-04 +1.5814e-04 +1.5837e-04 +1.5859e-04 +1.5881e-04 +1.5902e-04 +1.5923e-04 +1.5944e-04 +1.5964e-04 +1.5984e-04 +1.6003e-04 +1.6022e-04 +1.6040e-04 +1.6057e-04 +1.6074e-04 +1.6090e-04 +1.6105e-04 +1.6120e-04 +1.6134e-04 +1.6147e-04 +1.6159e-04 +1.6170e-04 +1.6180e-04 +1.6190e-04 +1.6198e-04 +1.6206e-04 +1.6212e-04 
# Horizontal Final Position [m]
START
            -0000.01000 -0000.00967 -0000.00933 -0000.00900 -0000.00867 -0000.00833 -0000.00800 -0000.00767 -0000.00733 -0000.00700 -0000.00667 -0000.00633 -0000.00600 -0000.00567 -0000.00533 -0000.00500 -0000.00467 -0000.00433 -0000.00400 -0000.00367 -0000.00333 -0000.00300 -0000.00267 -0000.00233 -0000.00200 -0000.00167 -0000.00133 -0000.00100 -0000.00067 -0000.00033 +0000.00000 +0000.00033 +0000.00067 +0000.00100 +0000.00133 +0000.00167 +0000.00200 +0000.00233 +0000.00267 +0000.00300 +0000.00333 +0000.00367 +0000.00400 +0000.00433 +0000.00467 +0000.00500 +0000.00533 +0000.00567 +0000.00600 +0000.00633 +0000.00667 +0000.00700 +0000.00733 +0000.00767 +0000.00800 +0000.00833 +0000.00867 +0000.00900 +0000.00933 +0000.00967 +0000.01000 
+0000.00200 -1.0001e-02 -9.6676e-03 -9.3342e-03 -9.0009e-03 -8.6676e-03 -8.3342e-03 -8.0009e-03 -7.6676e-03 -7.3342e-03 -7.0009e-03 -6.6676e-03 -6.3343e-03 -6.0009e-03 -5.6676e-03 -5.3343e-03 -5.0010e-03 -4.6677e-03 -4.3343e-03 -4.0010e-03 -3.6677e-03 -3.3344e-03 -3.0011e-03 -2.6677e-03 -2.3344e-03 -2.0011e-03 -1.6677e-03 -1.3344e-03 -1.0011e-03 -6.6776e-04 -3.3443e-04 -1.0923e-06 +3.3224e-04 +6.6558e-04 +9.9891e-04 +1.3323e-03 +1.6656e-03 +1.9989e-03 +2.3323e-03 +2.6656e-03 +2.9990e-03 +3.3323e-03 +3.6656e-03 +3.9990e-03 +4.3323e-03 +4.6657e-03 +4.9990e-03 +5.3324e-03 +5.6657e-03 +5.9991e-03 +6.3324e-03 +6.6658e-03 +6.9991e-03 +7.3325e-03 +7.6658e-03 +7.9991e-03 +8.3325e-03 +8.6658e-03 +8.9991e-03 +9.3325e-03 +9.6658e-03 +9.9991e-03 
+0000.00150 -1.0001e-02 -9.6676e-03 -9.3342e-03 -9.0009e-03 -8.6676e-03 -8.3342e-03 -8.0009e-03 -7.6676e-03 -7.3342e-03 -7.0009e-03 -6.6676e-03 -6.3343e-03 -6.0009e-03 -5.6676e-03 -5.3343e-03 -5.0010e-03 -4.6677e-03 -4.3343e-03 -4.0010e-03 -3.6677e-03 -3.3344e-03 -3.0011e-03 -2.6677e-03 -2.3344e-03 -2.0011e-03 -1.6677e-03 -1.3344e-03 -1.0011e-03 -6.6776e-04 -3.3443e-04 -1.0938e-06 +3.3224e-04 +6.6558e-04 +9.9891e-04 +1.3323e-03 +1.6656e-03 +1.9989e-03 +2.3323e-03 +2.6656e-03 +2.9990e-03 +3.3323e-03 +3.6656e-03 +3.9990e-03 +4.3323e-03 +4.6657e-03 +4.9990e-03 +5.3324e-03 +5.6657e-03 +5.9991e-03 +6.3324e-03 +6.6658e-03 +6.9991e-03 +7.3325e-03 +7.6658e-03 +7.9991e-03 +8.3325e-03 +8.6658e-03 +8.9991e-03 +9.3325e-03 +9.6658e-03 +9.9991e-03 
+0000.00100 -1.0001e-02 -9.6676e-03 -9.3342e-03 -9.0009e-03 -8.6676e-03 -8.3342e-03 -8.0009e-03 -7.6676e-03 -7.3342e-03 -7.0009e-03 -6.6676e-03 -6.3343e-03 -6.0009e-03 -5.6676e-03 -5.3343e-03 -5.0010e-03 -4.6677e-03 -4.3343e-03 -4.0010e-03 -3.6677e-03 -3.3344e-03 -3.0011e-03 -2.6677e-03 -2.3344e-03 -2.0011e-03 -1.6677e-03 -1.3344e-03 -1.0011e-03 -6.6776e-04 -3.3443e-04 -1.0938e-06 +3.3224e-04 +6.6558e-04 +9.9891e-04 +1.3323e-03 +1.6656e-03 +1.9989e-03 +2.3323e-03 +2.6656e-03 +2.9990e-03 +3.3323e-03 +3.6656e-03 +3.9990e-03 +4.3323e-03 +4.6657e-03 +4.9990e-03 +5.3324e-03 +5.6657e-03 +5.9991e-03 +6.3324e-03 +6.6658e-03 +6.9991e-03 +7.3325e-03 +7.6658e-03 +7.9991e-03 +8.3325e-03 +8.6658e-03 +8.9991e-03 +9.3325e-03 +9.6658e-03 +9.9991e-03 
+0000.00050 -1.0001e-02 -9.6676e-03 -9.3342e-03 -9.0009e-03 -8.6676e-03 -8.3342e-03 -8.0009e-03 -7.6676e-03 -7.3342e-03 -7.0009e-03 -6.6676e-03 -6.3343e-03 -6.0009e-03 -5.6676e-03 -5.3343e-03 -5.0010e-03 -4.6677e-03 -4.3343e-03 -4.0010e-03 -3.6677e-03 -3.3344e-03 -3.0011e-03 -2.6677e-03 -2.3344e-03 -2.0011e-03 -1.6677e-03 -1.3344e-03 -1.0011e-03 -6.6776e-04 -3.3443e-04 -1.0938e-06 +3.3224e-04 +6.6558e-04 +9.9891e-04 +1.3323e-03 +1.6656e-03 +1.9989e-03 +2.3323e-03 +2.6656e-03 +2.9990e-03 +3.3323e-03 +3.6656e-03 +3.9990e-03 +4.3323e-03 +4.6657e-03 +4.9990e-03 +5.3324e-03 +5.6657e-03 +5.9991e-03 +6.3324e-03 +6.6658e-03 +6.9991e-03 +7.3325e-03 +7.6658e-03 +7.9991e-03 +8.3325e-03 +8.6658e-03 +8.9991e-03 +9.3325e-03 +9.6658e-03 +9.9991e-03 
+0000.00000 -1.0001e-02 -9.6676e-03 -9.3342e-03 -9.0009e-03 -8.6676e-03 -8.3342e-03 -8.0009e-03 -7.6676e-03 -7.3342e-03 -7.0009e-03 -6.6676e-03 -6.3343e-03 -6.0009e-03 -5.6676e-03 -5.3343e-03 -5.0010e-03 -4.6677e-03 -4.3343e-03 -4.0010e-03 -3.6677e-03 -3.3344e-03 -3.0011e-03 -2.6677e-03 -2.3344e-03 -2.0011e-03 -1.6677e-03 -1.3344e-03 -1.0011e-03 -6.6776e-04 -3.3443e-04 -1.0938e-06 +3.3224e-04 +6.6558e-04 +9.9891e-04 +1.3323e-03 +1.6656e-03 +1.9989e-03 +2.3323e-03 +2.6656e-03 +2.9990e-03 +3.3323e-03 +3.6656e-03 +3.9990e-03 +4.3323e-03 +4.6657e-03 +4.9990e-03 +5.3324e-03 +5.6657e-03 +5.9991e-03 +6.3324e-03 +6.6658e-03 +6.9991e-03 +7.3325e-03 +7.6658e-03 +7.9991e-03 +8.3325e-03 +8.6658e-03 +8.9991e-03 +9.3325e-03 +9.6658e-03 +9.9991e-03 
-0000.00050 -1.0001e-02 -9.6676e-03 -9.3342e-03 -9.0009e-03 -8.6676e-03 -8.3342e-03 -8.0009e-03 -7.6676e-03 -7.3342e-03 -7.0009e-03 -6.6676e-03 -6.3343e-03 -6.0009e-03 -5.6676e-03 -5.3343e-03 -5.0010e-03 -4.6677e-03 -4.3343e-03 -4.0010e-03 -3.6677e-03 -3.3344e-03 -3.0011e-03 -2.6677e-03 -2.3344e-03 -2.0011e-03 -1.6677e-03 -1.3344e-03 -1.0011e-03 -6.6776e-04 -3.3443e-04 -1.0938e-06 +3.3224e-04 +6.6558e-04 +9.9891e-04 +1.3323e-03 +1.6656e-03 +1.9989e-03 +2.3323e-03 +2.6656e-03 +2.9990e-03 +3.3323e-03 +3.6656e-03 +3.9990e-03 +4.3323e-03 +4.6657e-03 +4.9990e-03 +5.3324e-03 +5.6657e-03 +5.9991e-03 +6.3324e-03 +6.6658e-03 +6.9991e-03 +7.3325e-03 +7.6658e-03 +7.9991e-03 +8.3325e-03 +8.6658e-03 +8.9991e-03 +9.3325e-03 +9.6658e-03 +9.9991e-03 
-0000.00100 -1.0001e-02 -9.6676e-03 -9.3342e-03 -9.0009e-03 -8.6676e-03 -8.3342e-03 -8.0009e-03 -7.6676e-03 -7.3342e-03 -7.0009e-03 -6.6676e-03 -6.3343e-03 -6.0009e-03 -5.6676e-03 -5.3343e-03 -5.0010e-03 -4.6677e-03 -4.3343e-03 -4.0010e-03 -3.6677e-03 -3.3344e-03 -3.0011e-03 -2.6677e-03 -2.3344e-03 -2.0011e-03 -1.6677e-03 -1.3344e-03 -1.0011e-03 -6.6776e-04 -3.3443e-04 -1.0938e-06 +3.3224e-04 +6.6558e-04 +9.9891e-04 +1.3323e-03 +1.6656e-03 +1.9989e-03 +2.3323e-03 +2.6656e-03 +2.9990e-03 +3.3323e-03 +3.6656e-03 +3.9990e-03 +4.3323e-03 +4.6657e-03 +4.9990e-03 +5.3324e-03 +5.6657e-03 +5.9991e-03 +6.3324e-03 +6.6658e-03 +6.9991e-03 +7.3325e-03 +7.6658e-03 +7.9991e-03 +8.3325e-03 +8.6658e-03 +8.9991e-03 +9.3325e-03 +9.6658e-03 +9.9991e-03 
-0000.00150 -1.0001e-02 -9.6676e-03 -9.3342e-03 -9.0009e-03 -8.6676e-03 -8.3342e-03 -8.0009e-03 -7.6676e-03 -7.3342e-03 -7.0009e-03 -6.6676e-03 -6.3343e-03 -6.0009e-03 -5.6676e-03 -5.3343e-03 -5.0010e-03 -4.6677e-03 -4.3343e-03 -4.0010e-03 -3.6677e-03 -3.3344e-03 -3.0011e-03 -2.6677e-03 -2.3344e-03 -2.0011e-03 -1.6677e-03 -1.3344e-03 -1.0011e-03 -6.6776e-04 -3.3443e-04 -1.0938e-06 +3.3224e-04 +6.6558e-04 +9.9891e-04 +1.3323e-03 +1.6656e-03 +1.9989e-03 +2.3323e-03 +2.6656e-03 +2.9990e-03 +3.3323e-03 +3.6656e-03 +3.9990e-03 +4.3323e-03 +4.6657e-03 +4.9990e-03 +5.3324e-03 +5.6657e-03 +5.9991e-03 +6.3324e-03 +6.6658e-03 +6.9991e-03 +7.3325e-03 +7.6658e-03 +7.9991e-03 +8.3325e-03 +8.6658e-03 +8.9991e-03 +9.3325e-03 +9.6658e-03 +9.9991e-03 
-0000.00200 -1.0001e-02 -9.6676e-03 -9.3342e-03 -9.0009e-03 -8.6676e-03 -8.3342e-03 -8.0009e-03 -7.6676e-03 -7.3342e-03 -7.0009e-03 -6.6676e-03 -6.3343e-03 -6.0009e-03 -5.6676e-03 -5.3343e-03 -5.0010e-03 -4.6677e-03 -4.3343e-03 -4.0010e-03 -3.6677e-03 -3.3344e-03 -3.0011e-03 -2.6677e-03 -2.3344e-03 -2.0011e-03 -1.6677e-03 -1.3344e-03 -1.0011e-03 -6.6776e-04 -3.3443e-04 -1.0923e-06 +3.3224e-04 +6.6558e-04 +9.9891e-04 +1.3323e-03 +1.6656e-03 +1.9989e-03 +2.3323e-03 +2.6656e-03 +2.9990e-03 +3.3323e-03 +3.6656e-03 +3.9990e-03 +4.3323e-03 +4.6657e-03 +4.9990e-03 +5.3324e-03 +5.6657e-03 +5.9991e-03 +6.3324e-03 +6.6658e-03 +6.9991e-03 +7.3325e-03 +7.6658e-03 +7.9991e-03 +8.3325e-03 +8.6658e-03 +8.9991e-03 +9.3325e-03 +9.6658e-03 +9.9991e-03 
# Vertical Final Position [m]
START
            -0000.01000 -0000.00967 -0000.00933 -0000.00900 -0000.00867 -0000.00833 -0000.00800 -0000.00767 -0000.00733 -0000.00700 -0000.00667 -0000.00633 -0000.00600 -0000.00567 -0000.00533 -0000.00500 -0000.00467 -0000.00433 -0000.00400 -0000.00367 -0000.00333 -0000.00300 -0000.00267 -0000.00233 -0000.00200 -0000.00167 -0000.00133 -0000.00100 -0000.00067 -0000.00033 +0000.00000 +0000.00033 +0000.00067 +0000.00100 +0000.00133 +0000.00167 +0000.00200 +0000.00233 +0000.00267 +0000.00300 +0000.00333 +0000.00367 +0000.00400 +0000.00433 +0000.00467 +0000.00500 +0000.00533 +0000.00567 +0000.00600 +0000.00633 +0000.00667 +0000.00700 +0000.00733 +0000.00767 +0000.00800 +0000.00833 +0000.00867 +0000.00900 +0000.00933 +0000.00967 +0000.01000 
+0000.00200 +2.0000e-03 +2.0000e-03 +2.0000e-03 +2.0000e-03 +2.0000e-03 +2.0000e-03 +2.0000e-03 +2.0000e-03 +1.9999e-03 +1.9999e-03 +1.9999e-03 +1.9999e-03 +1.9999e-03 +1.9999e-03 +1.9999e-03 +1.9999e-03 +1.9999e-03 +1.9999e-03 +1.9999e-03 +1.9999e-03 +1.9999e-03 +1.9999e-03 +1.9999e-03 +1.9999e-03 +1.9999e-03 +1.9999e-03 +1.9999e-03 +1.9999e-03 +1.9999e-03 +1.9998e-03 +1.9998e-03 +1.9998e-03 +1.9998e-03 +1.9998e-03 +1.9998e-03 +1.9998e-03 +1.9998e-03 +1.9998e-03 +1.9998e-03 +1.9998e-03 +1.9998e-03 +1.9998e-03 +1.9998e-03 +1.9998e-03 +1.9998e-03 +1.9998e-03 +1.9998e-03 +1.9998e-03 +1.9998e-03 +1.9997e-03 +1.9997e-03 +1.9997e-03 +1.9997e-03 +1.9997e-03 +1.9997e-03 +1.9997e-03 +1.9997e-03 +1.9997e-03 +1.9997e-03 +1.9997e-03 +1.9997e-03 
+0000.00150 +1.5000e-03 +1.5000e-03 +1.5000e-03 +1.5000e-03 +1.5000e-03 +1.5000e-03 +1.5000e-03 +1.5000e-03 +1.5000e-03 +1.5000e-03 +1.5000e-03 +1.5000e-03 +1.5000e-03 +1.5000e-03 +1.5000e-03 +1.5000e-03 +1.4999e-03 +1.4999e-03 +1.4999e-03 +1.4999e-03 +1.4999e-03 +1.4999e-03 +1.4999e-03 +1.4999e-03 +1.4999e-03 +1.4999e-03 +1.4999e-03 +1.4999e-03 +1.4999e-03 +1.4999e-03 +1.4999e-03 +1.4999e-03 +1.4999e-03 +1.4999e-03 +1.4999e-03 +1.4999e-03 +1.4999e-03 +1.4999e-03 +1.4999e-03 +1.4999e-03 +1.4999e-03 +1.4999e-03 +1.4998e-03 +1.4998e-03 +1.4998e-03 +1.4998e-03 +1.4998e-03 +1.4998e-03 +1.4998e-03 +1.4998e-03 +1.4998e-03 +1.4998e-03 +1.4998e-03 +1.4998e-03 +1.4998e-03 +1.4998e-03 +1.4998e-03 +1.4998e-03 +1.4998e-03 +1.4998e-03 +1.4998e-03 
+0000.00100 +1.0000e-03 +1.0000e-03 +1.0000e-03 +1.0000e-03 +9.9999e-04 +9.9999e-04 +9.9999e-04 +9.9999e-04 +9.9999e-04 +9.9998e-04 +9.9998e-04 +9.9998e-04 +9.9998e-04 +9.9998e-04 +9.9997e-04 +9.9997e-04 +9.9997e-04 +9.9997e-04 +9.9996e-04 +9.9996e-04 +9.9996e-04 +9.9996e-04 +9.9996e-04 +9.9995e-04 +9.9995e-04 +9.9995e-04 +9.9995e-04 +9.9994e-04 +9.9994e-04 +9.9994e-04 +9.9994e-04 +9.9993e-04 +9.9993e-04 +9.9993e-04 +9.9993e-04 +9.9993e-04 +9.9992e-04 +9.9992e-04 +9.9992e-04 +9.9992e-04 +9.9991e-04 +9.9991e-04 +9.9991e-04 +9.9991e-04 +9.9991e-04 +9.9990e-04 +9.9990e-04 +9.9990e-04 +9.9990e-04 +9.9989e-04 +9.9989e-04 +9.9989e-04 +9.9989e-04 +9.9988e-04 +9.9988e-04 +9.9988e-04 +9.9988e-04 +9.9987e-04 +9.9987e-04 +9.9987e-04 +9.9986e-04 
+0000.00050 +5.0001e-04 +5.0001e-04 +5.0000e-04 +5.0000e-04 +5.0000e-04 +5.0000e-04 +5.0000e-04 +5.0000e-04 +5.0000e-04 +4.9999e-04 +4.9999e-04 +4.9999e-04 +4.9999e-04 +4.9999e-04 +4.9999e-04 +4.9999e-04 +4.9998e-04 +4.9998e-04 +4.9998e-04 +4.9998e-04 +4.9998e-04 +4.9998e-04 +4.9998e-04 +4.9998e-04 +4.9998e-04 +4.9998e-04 +4.9997e-04 +4.9997e-04 +4.9997e-04 +4.9997e-04 +4.9997e-04 +4.9997e-04 +4.9997e-04 +4.9997e-04 +4.9997e-04 +4.9996e-04 +4.9996e-04 +4.9996e-04 +4.9996e-04 +4.9996e-04 +4.9996e-04 +4.9996e-04 +4.9996e-04 +4.9996e-04 +4.9996e-04 +4.9995e-04 +4.9995e-04 +4.9995e-04 +4.9995e-04 +4.9995e-04 +4.9995e-04 +4.9995e-04 +4.9994e-04 +4.9994e-04 +4.9994e-04 +4.9994e-04 +4.9994e-04 +4.9994e-04 +4.9994e-04 +4.9993e-04 +4.9993e-04 
+0000.00000 -5.5098e-11 -5.4838e-11 -5.4580e-11 -5.4325e-11 -5.4073e-11 -5.3826e-11 -5.3584e-11 -5.3347e-11 -5.3117e-11 -5.2894e-11 -5.2678e-11 -5.2470e-11 -5.2271e-11 -5.2082e-11 -5.1901e-11 -5.1732e-11 -5.1572e-11 -5.1424e-11 -5.1287e-11 -5.1162e-11 -5.1050e-11 -5.0949e-11 -5.0862e-11 -5.0787e-11 -5.0725e-11 -5.0677e-11 -5.0643e-11 -5.0622e-11 -5.0616e-11 -5.0623e-11 -5.0644e-11 -5.0679e-11 -5.0729e-11 -5.0793e-11 -5.0870e-11 -5.0962e-11 -5.1068e-11 -5.1187e-11 -5.1321e-11 -5.1468e-11 -5.1628e-11 -5.1801e-11 -5.1987e-11 -5.2186e-11 -5.2397e-11 -5.2620e-11 -5.2855e-11 -5.3101e-11 -5.3358e-11 -5.3626e-11 -5.3903e-11 -5.4190e-11 -5.4486e-11 -5.4791e-11 -5.5103e-11 -5.5423e-11 -5.5750e-11 -5.6082e-11 -5.6420e-11 -5.6763e-11 -5.7110e-11 
-0000.00050 -5.0001e-04 -5.0001e-04 -5.0000e-04 -5.0000e-04 -5.0000e-04 -5.0000e-04 -5.0000e-04 -5.0000e-04 -5.0000e-04 -4.9999e-04 -4.9999e-04 -4.9999e-04 -4.9999e-04 -4.9999e-04 -4.9999e-04 -4.9999e-04 -4.9998e-04 -4.9998e-04 -4.9998e-04 -4.9998e-04 -4.9998e-04 -4.9998e-04 -4.9998e-04 -4.9998e-04 -4.9998e-04 -4.9998e-04 -4.9997e-04 -4.9997e-04 -4.9997e-04 -4.9997e-04 -4.9997e-04 -4.9997e-04 -4.9997e-04 -4.9997e-04 -4.9997e-04 -4.9996e-04 -4.9996e-04 -4.9996e-04 -4.9996e-04 -4.9996e-04 -4.9996e-04 -4.9996e-04 -4.9996e-04 -4.9996e-04 -4.9996e-04 -4.9995e-04 -4.9995e-04 -4.9995e-04 -4.9995e-04 -4.9995e-04 -4.9995e-04 -4.9995e-04 -4.9994e-04 -4.9994e-04 -4.9994e-04 -4.9994e-04 -4.9994e-04 -4.9994e-04 -4.9994e-04 -4.9993e-04 -4.9993e-04 
-0000.00100 -1.0000e-03 -1.0000e-03 -1.0000e-03 -1.0000e-03 -9.9999e-04 -9.9999e-04 -9.9999e-04 -9.9999e-04 -9.9999e-04 -9.9998e-04 -9.9998e-04 -9.9998e-04 -9.9998e-04 -9.9998e-04 -9.9997e-04 -9.9997e-04 -9.9997e-04 -9.9997e-04 -9.9996e-04 -9.9996e-04 -9.9996e-04 -9.9996e-04 -9.9996e-04 -9.9995e-04 -9.9995e-04 -9.9995e-04 -9.9995e-04 -9.9994e-04 -9.9994e-04 -9.9994e-04 -9.9994e-04 -9.9993e-04 -9.9993e-04 -9.9993e-04 -9.9993e-04 -9.9993e-04 -9.9992e-04 -9.9992e-04 -9.9992e-04 -9.9992e-04 -9.9991e-04 -9.9991e-04 -9.9991e-04 -9.9991e-04 -9.9991e-04 -9.9990e-04 -9.9990e-04 -9.9990e-04 -9.9990e-04 -9.9989e-04 -9.9989e-04 -9.9989e-04 -9.9989e-04 -9.9988e-04 -9.9988e-04 -9.9988e-04 -9.9988e-04 -9.9987e-04 -9.9987e-04 -9.9987e-04 -9.9986e-04 
-0000.00150 -1.5000e-03 -1.5000e-03 -1.5000e-03 -1.5000e-03 -1.5000e-03 -1.5000e-03 -1.5000e-03 -1.5000e-03 -1.5000e-03 -1.5000e-03 -1.5000e-03 -1.5000e-03 -1.5000e-03 -1.5000e-03 -1.5000e-03 -1.5000e-03 -1.4999e-03 -1.4999e-03 -1.4999e-03 -1.4999e-03 -1.4999e-03 -1.4999e-03 -1.4999e-03 -1.4999e-03 -1.4999e-03 -1.4999e-03 -1.4999e-03 -1.4999e-03 -1.4999e-03 -1.4999e-03 -1.4999e-03 -1.4999e-03 -1.4999e-03 -1.4999e-03 -1.4999e-03 -1.4999e-03 -1.4999e-03 -1.4999e-03 -1.4999e-03 -1.4999e-03 -1.4999e-03 -1.4999e-03 -1.4998e-03 -1.4998e-03 -1.4998e-03 -1.4998e-03 -1.4998e-03 -1.4998e-03 -1.4998e-03 -1.4998e-03 -1.4998e-03 -1.4998e-03 -1.4998e-03 -1.4998e-03 -1.4998e-03 -1.4998e-03 -1.4998e-03 -1.4998e-03 -1.4998e-03 -1.4998e-03 -1.4998e-03 
-0000.00200 -2.0000e-03 -2.0000e-03 -2.0000e-03 -2.0000e-03 -2.0000e-03 -2.0000e-03 -2.0000e-03 -2.0000e-03 -1.9999e-03 -1.9999e-03 -1.9999e-03 -1.9999e-03 -1.9999e-03 -1.9999e-03 -1.9999e-03 -1.9999e-03 -1.9999e-03 -1.9999e-03 -1.9999e-03 -1.9999e-03 -1.9999e-03 -1.9999e-03 -1.9999e-03 -1.9999e-03 -1.9999e-03 -1.9999e-03 -1.9999e-03 -1.9999e-03 -1.9999e-03 -1.9998e-03 -1.9998e-03 -1.9998e-03 -1.9998e-03 -1.9998e-03 -1.9998e-03 -1.9998e-03 -1.9998e-03 -1.9998e-03 -1.9998e-03 -1.9998e-03 -1.9998e-03 -1.9998e-03 -1.9998e-03 -1.9998e-03 -1.9998e-03 -1.9998e-03 -1.9998e-03 -1.9998e-03 -1.9998e-03 -1.9997e-03 -1.9997e-03 -1.9997e-03 -1.9997e-03 -1.9997e-03 -1.9997e-03 -1.9997e-03 -1.9997e-03 -1.9997e-03 -1.9997e-03 -1.9997e-03 -1.9997e-03 