# Author: FAC idanalysis.IDKickMap
#
# Total Length of Longitudinal Interval [m]
0.13
# Number of Horizontal Points
21
# Number of Vertical Points
7
# Total Horizontal 2nd Order Kick [T2m2]
START
            -0000.01000 -0000.00900 -0000.00800 -0000.00700 -0000.00600 -0000.00500 -0000.00400 -0000.00300 -0000.00200 -0000.00100 +0000.00000 +0000.00100 +0000.00200 +0000.00300 +0000.00400 +0000.00500 +0000.00600 +0000.00700 +0000.00800 +0000.00900 +0000.01000
+0000.00205 +7.0352e-05 +6.7160e-05 +5.8195e-05 +5.6322e-05 +5.8484e-05 +6.6219e-05 +6.7033e-05 +6.1050e-05 +6.0024e-05 +6.3625e-05 +8.0659e-05 +6.4470e-05 +6.0500e-05 +6.0984e-05 +6.6974e-05 +6.7833e-05 +6.0145e-05 +5.7482e-05 +5.9142e-05 +7.0199e-05 +7.3161e-05
+0000.00137 -1.0649e-04 -1.0874e-04 -1.1359e-04 -1.1526e-04 -1.1386e-04 -1.0984e-04 -1.0921e-04 -1.1199e-04 -1.1255e-04 -1.1032e-04 -1.0725e-04 -1.0996e-04 -1.1240e-04 -1.1218e-04 -1.0937e-04 -1.0950e-04 -1.1346e-04 -1.1516e-04 -1.1363e-04 -1.0849e-04 -1.0598e-04
+0000.00068 -1.0781e-04 -1.0958e-04 -1.1240e-04 -1.1371e-04 -1.1289e-04 -1.1090e-04 -1.1034e-04 -1.1131e-04 -1.1147e-04 -1.1022e-04 -1.0910e-04 -1.1007e-04 -1.1138e-04 -1.1135e-04 -1.1035e-04 -1.1071e-04 -1.1264e-04 -1.1356e-04 -1.1229e-04 -1.0935e-04 -1.0744e-04
+0000.00000 -1.0821e-04 -1.0980e-04 -1.1209e-04 -1.1326e-04 -1.1265e-04 -1.1119e-04 -1.1066e-04 -1.1116e-04 -1.1119e-04 -1.1026e-04 -1.0952e-04 -1.1015e-04 -1.1112e-04 -1.1117e-04 -1.1063e-04 -1.1103e-04 -1.1244e-04 -1.1310e-04 -1.1195e-04 -1.0957e-04 -1.0788e-04
-0000.00068 -1.0781e-04 -1.0958e-04 -1.1240e-04 -1.1371e-04 -1.1289e-04 -1.1090e-04 -1.1035e-04 -1.1131e-04 -1.1146e-04 -1.1022e-04 -1.0910e-04 -1.1007e-04 -1.1138e-04 -1.1135e-04 -1.1034e-04 -1.1071e-04 -1.1264e-04 -1.1356e-04 -1.1229e-04 -1.0935e-04 -1.0744e-04
-0000.00137 -1.0649e-04 -1.0874e-04 -1.1359e-04 -1.1525e-04 -1.1386e-04 -1.0985e-04 -1.0921e-04 -1.1199e-04 -1.1254e-04 -1.1032e-04 -1.0725e-04 -1.0996e-04 -1.1240e-04 -1.1218e-04 -1.0937e-04 -1.0950e-04 -1.1346e-04 -1.1516e-04 -1.1363e-04 -1.0848e-04 -1.0598e-04
-0000.00205 +7.0360e-05 +6.7126e-05 +5.8196e-05 +5.6326e-05 +5.8487e-05 +6.6214e-05 +6.7030e-05 +6.1053e-05 +6.0028e-05 +6.3628e-05 +8.0656e-05 +6.4465e-05 +6.0495e-05 +6.0980e-05 +6.6976e-05 +6.7837e-05 +6.0140e-05 +5.7476e-05 +5.9140e-05 +7.0224e-05 +7.3153e-05
# Total Vertical 2nd Order Kick [T2m2]
START
            -0000.01000 -0000.00900 -0000.00800 -0000.00700 -0000.00600 -0000.00500 -0000.00400 -0000.00300 -0000.00200 -0000.00100 +0000.00000 +0000.00100 +0000.00200 +0000.00300 +0000.00400 +0000.00500 +0000.00600 +0000.00700 +0000.00800 +0000.00900 +0000.01000
+0000.00205 -2.3520e-04 -2.1952e-04 -2.2891e-04 -2.3411e-04 -2.3957e-04 -2.4341e-04 -2.2901e-04 -2.3148e-04 -2.3605e-04 -2.4056e-04 -2.3723e-04 -2.2879e-04 -2.3236e-04 -2.3726e-04 -2.4099e-04 -2.2662e-04 -2.2920e-04 -2.3430e-04 -2.4051e-04 -2.5041e-04 -2.3424e-04
+0000.00137 -1.2909e-04 -1.2556e-04 -1.2651e-04 -1.2950e-04 -1.3234e-04 -1.3269e-04 -1.2860e-04 -1.2852e-04 -1.3068e-04 -1.3239e-04 -1.3008e-04 -1.2736e-04 -1.2872e-04 -1.3100e-04 -1.3137e-04 -1.2730e-04 -1.2719e-04 -1.2990e-04 -1.3321e-04 -1.3434e-04 -1.3061e-04
+0000.00068 -5.7728e-05 -5.6591e-05 -5.6820e-05 -5.8080e-05 -5.9241e-05 -5.9229e-05 -5.8033e-05 -5.7846e-05 -5.8635e-05 -5.9152e-05 -5.8331e-05 -5.7408e-05 -5.7810e-05 -5.8637e-05 -5.8583e-05 -5.7390e-05 -5.7247e-05 -5.8361e-05 -5.9708e-05 -5.9995e-05 -5.8793e-05
+0000.00000 -1.7855e-08 -1.7772e-08 -1.7126e-08 -1.7241e-08 -1.7665e-08 -1.7528e-08 -1.6927e-08 -1.6872e-08 -1.7468e-08 -1.8139e-08 -1.8336e-08 -1.7875e-08 -1.7109e-08 -1.6537e-08 -1.6661e-08 -1.7327e-08 -1.7453e-08 -1.6925e-08 -1.6670e-08 -1.7249e-08 -1.7416e-08
-0000.00068 +5.7691e-05 +5.6555e-05 +5.6786e-05 +5.8046e-05 +5.9205e-05 +5.9194e-05 +5.7999e-05 +5.7813e-05 +5.8600e-05 +5.9116e-05 +5.8294e-05 +5.7372e-05 +5.7776e-05 +5.8604e-05 +5.8550e-05 +5.7355e-05 +5.7212e-05 +5.8327e-05 +5.9676e-05 +5.9960e-05 +5.8757e-05
-0000.00137 +1.2905e-04 +1.2553e-04 +1.2648e-04 +1.2947e-04 +1.3230e-04 +1.3265e-04 +1.2857e-04 +1.2849e-04 +1.3065e-04 +1.3235e-04 +1.3004e-04 +1.2733e-04 +1.2868e-04 +1.3097e-04 +1.3134e-04 +1.2726e-04 +1.2716e-04 +1.2987e-04 +1.3318e-04 +1.3430e-04 +1.3057e-04
-0000.00205 +2.3515e-04 +2.1949e-04 +2.2888e-04 +2.3407e-04 +2.3953e-04 +2.4337e-04 +2.2899e-04 +2.3145e-04 +2.3601e-04 +2.4052e-04 +2.3719e-04 +2.2875e-04 +2.3232e-04 +2.3723e-04 +2.4097e-04 +2.2658e-04 +2.2916e-04 +2.3427e-04 +2.4048e-04 +2.5039e-04 +2.3419e-04
# Horizontal Final Position [m]
START
            -0000.01000 -0000.00900 -0000.00800 -0000.00700 -0000.00600 -0000.00500 -0000.00400 -0000.00300 -0000.00200 -0000.00100 +0000.00000 +0000.00100 +0000.00200 +0000.00300 +0000.00400 +0000.00500 +0000.00600 +0000.00700 +0000.00800 +0000.00900 +0000.01000
+0000.00205 -9.9987e-03 -8.9988e-03 -7.9988e-03 -6.9988e-03 -5.9989e-03 -4.9989e-03 -3.9989e-03 -2.9989e-03 -1.9989e-03 -9.9891e-04 +1.1040e-06 +1.0011e-03 +2.0011e-03 +3.0011e-03 +4.0011e-03 +5.0011e-03 +6.0011e-03 +7.0012e-03 +8.0012e-03 +9.0012e-03 +1.0001e-02
+0000.00137 -9.9998e-03 -8.9998e-03 -7.9999e-03 -6.9999e-03 -5.9999e-03 -4.9999e-03 -4.0000e-03 -3.0000e-03 -2.0000e-03 -9.9998e-04 +2.3608e-08 +1.0000e-03 +2.0000e-03 +3.0000e-03 +4.0000e-03 +5.0001e-03 +6.0001e-03 +7.0001e-03 +8.0001e-03 +9.0002e-03 +1.0000e-02
+0000.00068 -9.9998e-03 -8.9998e-03 -7.9999e-03 -6.9999e-03 -5.9999e-03 -4.9999e-03 -4.0000e-03 -3.0000e-03 -2.0000e-03 -9.9998e-04 +1.8516e-08 +1.0000e-03 +2.0000e-03 +3.0000e-03 +4.0000e-03 +5.0001e-03 +6.0001e-03 +7.0001e-03 +8.0001e-03 +9.0002e-03 +1.0000e-02
+0000.00000 -9.9998e-03 -8.9998e-03 -7.9999e-03 -6.9999e-03 -5.9999e-03 -4.9999e-03 -4.0000e-03 -3.0000e-03 -2.0000e-03 -9.9998e-04 +1.7131e-08 +1.0000e-03 +2.0000e-03 +3.0000e-03 +4.0000e-03 +5.0001e-03 +6.0001e-03 +7.0001e-03 +8.0001e-03 +9.0002e-03 +1.0000e-02
-0000.00068 -9.9998e-03 -8.9998e-03 -7.9999e-03 -6.9999e-03 -5.9999e-03 -4.9999e-03 -4.0000e-03 -3.0000e-03 -2.0000e-03 -9.9998e-04 +1.8516e-08 +1.0000e-03 +2.0000e-03 +3.0000e-03 +4.0000e-03 +5.0001e-03 +6.0001e-03 +7.0001e-03 +8.0001e-03 +9.0002e-03 +1.0000e-02
-0000.00137 -9.9998e-03 -8.9998e-03 -7.9999e-03 -6.9999e-03 -5.9999e-03 -4.9999e-03 -4.0000e-03 -3.0000e-03 -2.0000e-03 -9.9998e-04 +2.3607e-08 +1.0000e-03 +2.0000e-03 +3.0000e-03 +4.0000e-03 +5.0001e-03 +6.0001e-03 +7.0001e-03 +8.0001e-03 +9.0002e-03 +1.0000e-02
-0000.00205 -9.9987e-03 -8.9988e-03 -7.9988e-03 -6.9988e-03 -5.9989e-03 -4.9989e-03 -3.9989e-03 -2.9989e-03 -1.9989e-03 -9.9891e-04 +1.1040e-06 +1.0011e-03 +2.0011e-03 +3.0011e-03 +4.0011e-03 +5.0011e-03 +6.0011e-03 +7.0012e-03 +8.0012e-03 +9.0012e-03 +1.0001e-02
# Vertical Final Position [m]
START
            -0000.01000 -0000.00900 -0000.00800 -0000.00700 -0000.00600 -0000.00500 -0000.00400 -0000.00300 -0000.00200 -0000.00100 +0000.00000 +0000.00100 +0000.00200 +0000.00300 +0000.00400 +0000.00500 +0000.00600 +0000.00700 +0000.00800 +0000.00900 +0000.01000
+0000.00205 +2.0499e-03 +2.0498e-03 +2.0498e-03 +2.0498e-03 +2.0498e-03 +2.0498e-03 +2.0498e-03 +2.0498e-03 +2.0498e-03 +2.0498e-03 +2.0498e-03 +2.0498e-03 +2.0498e-03 +2.0497e-03 +2.0497e-03 +2.0497e-03 +2.0497e-03 +2.0497e-03 +2.0497e-03 +2.0497e-03 +2.0497e-03
+0000.00137 +1.3666e-03 +1.3666e-03 +1.3666e-03 +1.3666e-03 +1.3666e-03 +1.3666e-03 +1.3666e-03 +1.3666e-03 +1.3665e-03 +1.3665e-03 +1.3665e-03 +1.3665e-03 +1.3665e-03 +1.3665e-03 +1.3665e-03 +1.3665e-03 +1.3665e-03 +1.3665e-03 +1.3665e-03 +1.3665e-03 +1.3665e-03
+0000.00068 +6.8331e-04 +6.8330e-04 +6.8330e-04 +6.8330e-04 +6.8329e-04 +6.8329e-04 +6.8329e-04 +6.8328e-04 +6.8328e-04 +6.8328e-04 +6.8328e-04 +6.8327e-04 +6.8327e-04 +6.8327e-04 +6.8326e-04 +6.8326e-04 +6.8326e-04 +6.8325e-04 +6.8325e-04 +6.8325e-04 +6.8324e-04
+0000.00000 -4.3047e-11 -4.3457e-11 -4.3098e-11 -4.3936e-11 -4.5298e-11 -4.5813e-11 -4.5431e-11 -4.5564e-11 -4.6507e-11 -4.7535e-11 -4.7887e-11 -4.7263e-11 -4.6115e-11 -4.5157e-11 -4.5051e-11 -4.5486e-11 -4.5003e-11 -4.3617e-11 -4.2722e-11 -4.3077e-11 -4.2789e-11
-0000.00068 -6.8331e-04 -6.8330e-04 -6.8330e-04 -6.8330e-04 -6.8329e-04 -6.8329e-04 -6.8329e-04 -6.8328e-04 -6.8328e-04 -6.8328e-04 -6.8328e-04 -6.8327e-04 -6.8327e-04 -6.8327e-04 -6.8326e-04 -6.8326e-04 -6.8326e-04 -6.8326e-04 -6.8325e-04 -6.8325e-04 -6.8324e-04
-0000.00137 -1.3666e-03 -1.3666e-03 -1.3666e-03 -1.3666e-03 -1.3666e-03 -1.3666e-03 -1.3666e-03 -1.3666e-03 -1.3665e-03 -1.3665e-03 -1.3665e-03 -1.3665e-03 -1.3665e-03 -1.3665e-03 -1.3665e-03 -1.3665e-03 -1.3665e-03 -1.3665e-03 -1.3665e-03 -1.3665e-03 -1.3665e-03
-0000.00205 -2.0499e-03 -2.0498e-03 -2.0498e-03 -2.0498e-03 -2.0498e-03 -2.0498e-03 -2.0498e-03 -2.0498e-03 -2.0498e-03 -2.0498e-03 -2.0498e-03 -2.0498e-03 -2.0498e-03 -2.0497e-03 -2.0497e-03 -2.0497e-03 -2.0497e-03 -2.0497e-03 -2.0497e-03 -2.0497e-03 -2.0497e-03
