# Author: FAC idanalysis.IDKickMap
# Termination_kicks [T2m2]: +0.0000e+00 +0.0000e+00 +0.0000e+00 +0.0000e+00 
# Total Length of Longitudinal Interval [m]
0.13
# Number of Horizontal Points
61
# Number of Vertical Points
9
# Total Horizontal 2nd Order Kick [T2m2]
START
            -0000.01000 -0000.00967 -0000.00933 -0000.00900 -0000.00867 -0000.00833 -0000.00800 -0000.00767 -0000.00733 -0000.00700 -0000.00667 -0000.00633 -0000.00600 -0000.00567 -0000.00533 -0000.00500 -0000.00467 -0000.00433 -0000.00400 -0000.00367 -0000.00333 -0000.00300 -0000.00267 -0000.00233 -0000.00200 -0000.00167 -0000.00133 -0000.00100 -0000.00067 -0000.00033 +0000.00000 +0000.00033 +0000.00067 +0000.00100 +0000.00133 +0000.00167 +0000.00200 +0000.00233 +0000.00267 +0000.00300 +0000.00333 +0000.00367 +0000.00400 +0000.00433 +0000.00467 +0000.00500 +0000.00533 +0000.00567 +0000.00600 +0000.00633 +0000.00667 +0000.00700 +0000.00733 +0000.00767 +0000.00800 +0000.00833 +0000.00867 +0000.00900 +0000.00933 +0000.00967 +0000.01000 
+0000.00200 -2.2120e-04 -2.1826e-04 -2.1540e-04 -2.1264e-04 -2.0997e-04 -2.0740e-04 -2.0492e-04 -2.0254e-04 -2.0025e-04 -1.9806e-04 -1.9597e-04 -1.9398e-04 -1.9208e-04 -1.9028e-04 -1.8859e-04 -1.8699e-04 -1.8549e-04 -1.8409e-04 -1.8280e-04 -1.8160e-04 -1.8051e-04 -1.7951e-04 -1.7862e-04 -1.7783e-04 -1.7714e-04 -1.7656e-04 -1.7607e-04 -1.7569e-04 -1.7541e-04 -1.7524e-04 -1.7516e-04 -1.7519e-04 -1.7532e-04 -1.7556e-04 -1.7590e-04 -1.7634e-04 -1.7688e-04 -1.7752e-04 -1.7827e-04 -1.7912e-04 -1.8007e-04 -1.8112e-04 -1.8228e-04 -1.8353e-04 -1.8489e-04 -1.8635e-04 -1.8790e-04 -1.8956e-04 -1.9132e-04 -1.9317e-04 -1.9513e-04 -1.9718e-04 -1.9933e-04 -2.0158e-04 -2.0393e-04 -2.0637e-04 -2.0891e-04 -2.1154e-04 -2.1427e-04 -2.1710e-04 -2.2001e-04 
+0000.00150 -2.2152e-04 -2.1868e-04 -2.1592e-04 -2.1323e-04 -2.1064e-04 -2.0812e-04 -2.0569e-04 -2.0335e-04 -2.0110e-04 -1.9894e-04 -1.9687e-04 -1.9489e-04 -1.9301e-04 -1.9122e-04 -1.8952e-04 -1.8792e-04 -1.8642e-04 -1.8502e-04 -1.8372e-04 -1.8251e-04 -1.8141e-04 -1.8041e-04 -1.7951e-04 -1.7871e-04 -1.7801e-04 -1.7742e-04 -1.7693e-04 -1.7654e-04 -1.7626e-04 -1.7608e-04 -1.7600e-04 -1.7603e-04 -1.7616e-04 -1.7640e-04 -1.7674e-04 -1.7719e-04 -1.7773e-04 -1.7838e-04 -1.7914e-04 -1.7999e-04 -1.8095e-04 -1.8201e-04 -1.8317e-04 -1.8444e-04 -1.8580e-04 -1.8726e-04 -1.8881e-04 -1.9047e-04 -1.9222e-04 -1.9407e-04 -1.9601e-04 -1.9805e-04 -2.0018e-04 -2.0240e-04 -2.0471e-04 -2.0710e-04 -2.0959e-04 -2.1216e-04 -2.1482e-04 -2.1756e-04 -2.2038e-04 
+0000.00100 -2.2173e-04 -2.1896e-04 -2.1626e-04 -2.1364e-04 -2.1109e-04 -2.0862e-04 -2.0623e-04 -2.0392e-04 -2.0169e-04 -1.9955e-04 -1.9750e-04 -1.9553e-04 -1.9365e-04 -1.9187e-04 -1.9018e-04 -1.8858e-04 -1.8708e-04 -1.8567e-04 -1.8437e-04 -1.8316e-04 -1.8205e-04 -1.8104e-04 -1.8014e-04 -1.7933e-04 -1.7863e-04 -1.7803e-04 -1.7754e-04 -1.7715e-04 -1.7686e-04 -1.7668e-04 -1.7660e-04 -1.7663e-04 -1.7677e-04 -1.7701e-04 -1.7735e-04 -1.7780e-04 -1.7835e-04 -1.7900e-04 -1.7976e-04 -1.8062e-04 -1.8159e-04 -1.8265e-04 -1.8381e-04 -1.8508e-04 -1.8644e-04 -1.8790e-04 -1.8946e-04 -1.9112e-04 -1.9286e-04 -1.9470e-04 -1.9664e-04 -1.9866e-04 -2.0077e-04 -2.0296e-04 -2.0525e-04 -2.0761e-04 -2.1006e-04 -2.1258e-04 -2.1519e-04 -2.1786e-04 -2.2062e-04 
+0000.00050 -2.2184e-04 -2.1912e-04 -2.1646e-04 -2.1388e-04 -2.1136e-04 -2.0892e-04 -2.0655e-04 -2.0426e-04 -2.0205e-04 -1.9992e-04 -1.9787e-04 -1.9591e-04 -1.9404e-04 -1.9226e-04 -1.9057e-04 -1.8898e-04 -1.8747e-04 -1.8607e-04 -1.8476e-04 -1.8355e-04 -1.8244e-04 -1.8142e-04 -1.8051e-04 -1.7971e-04 -1.7900e-04 -1.7840e-04 -1.7790e-04 -1.7751e-04 -1.7722e-04 -1.7704e-04 -1.7696e-04 -1.7699e-04 -1.7712e-04 -1.7736e-04 -1.7771e-04 -1.7816e-04 -1.7871e-04 -1.7937e-04 -1.8013e-04 -1.8099e-04 -1.8196e-04 -1.8303e-04 -1.8420e-04 -1.8546e-04 -1.8683e-04 -1.8829e-04 -1.8985e-04 -1.9150e-04 -1.9325e-04 -1.9508e-04 -1.9701e-04 -1.9902e-04 -2.0112e-04 -2.0330e-04 -2.0557e-04 -2.0791e-04 -2.1033e-04 -2.1283e-04 -2.1540e-04 -2.1804e-04 -2.2074e-04 
+0000.00000 -2.2187e-04 -2.1917e-04 -2.1653e-04 -2.1395e-04 -2.1145e-04 -2.0901e-04 -2.0665e-04 -2.0437e-04 -2.0216e-04 -2.0004e-04 -1.9800e-04 -1.9604e-04 -1.9417e-04 -1.9239e-04 -1.9070e-04 -1.8911e-04 -1.8761e-04 -1.8620e-04 -1.8489e-04 -1.8368e-04 -1.8257e-04 -1.8155e-04 -1.8064e-04 -1.7983e-04 -1.7913e-04 -1.7853e-04 -1.7803e-04 -1.7763e-04 -1.7735e-04 -1.7716e-04 -1.7709e-04 -1.7711e-04 -1.7725e-04 -1.7749e-04 -1.7783e-04 -1.7828e-04 -1.7884e-04 -1.7950e-04 -1.8026e-04 -1.8112e-04 -1.8209e-04 -1.8316e-04 -1.8433e-04 -1.8559e-04 -1.8696e-04 -1.8842e-04 -1.8998e-04 -1.9163e-04 -1.9337e-04 -1.9521e-04 -1.9713e-04 -1.9914e-04 -2.0123e-04 -2.0341e-04 -2.0567e-04 -2.0801e-04 -2.1042e-04 -2.1291e-04 -2.1547e-04 -2.1809e-04 -2.2078e-04 
-0000.00050 -2.2184e-04 -2.1912e-04 -2.1646e-04 -2.1388e-04 -2.1136e-04 -2.0892e-04 -2.0655e-04 -2.0426e-04 -2.0205e-04 -1.9992e-04 -1.9788e-04 -1.9592e-04 -1.9405e-04 -1.9227e-04 -1.9058e-04 -1.8898e-04 -1.8748e-04 -1.8607e-04 -1.8476e-04 -1.8355e-04 -1.8244e-04 -1.8143e-04 -1.8052e-04 -1.7971e-04 -1.7901e-04 -1.7840e-04 -1.7791e-04 -1.7751e-04 -1.7723e-04 -1.7704e-04 -1.7697e-04 -1.7699e-04 -1.7713e-04 -1.7737e-04 -1.7771e-04 -1.7816e-04 -1.7871e-04 -1.7937e-04 -1.8013e-04 -1.8099e-04 -1.8196e-04 -1.8303e-04 -1.8420e-04 -1.8546e-04 -1.8683e-04 -1.8829e-04 -1.8985e-04 -1.9150e-04 -1.9324e-04 -1.9508e-04 -1.9701e-04 -1.9902e-04 -2.0112e-04 -2.0330e-04 -2.0557e-04 -2.0791e-04 -2.1033e-04 -2.1283e-04 -2.1540e-04 -2.1804e-04 -2.2075e-04 
-0000.00100 -2.2172e-04 -2.1895e-04 -2.1626e-04 -2.1364e-04 -2.1109e-04 -2.0862e-04 -2.0623e-04 -2.0392e-04 -2.0169e-04 -1.9955e-04 -1.9750e-04 -1.9553e-04 -1.9366e-04 -1.9187e-04 -1.9018e-04 -1.8858e-04 -1.8708e-04 -1.8568e-04 -1.8437e-04 -1.8316e-04 -1.8205e-04 -1.8104e-04 -1.8014e-04 -1.7933e-04 -1.7863e-04 -1.7803e-04 -1.7754e-04 -1.7715e-04 -1.7686e-04 -1.7668e-04 -1.7660e-04 -1.7663e-04 -1.7676e-04 -1.7700e-04 -1.7734e-04 -1.7779e-04 -1.7834e-04 -1.7899e-04 -1.7975e-04 -1.8061e-04 -1.8157e-04 -1.8264e-04 -1.8380e-04 -1.8507e-04 -1.8643e-04 -1.8789e-04 -1.8945e-04 -1.9110e-04 -1.9285e-04 -1.9469e-04 -1.9663e-04 -1.9865e-04 -2.0076e-04 -2.0296e-04 -2.0524e-04 -2.0761e-04 -2.1006e-04 -2.1259e-04 -2.1519e-04 -2.1787e-04 -2.2063e-04 
-0000.00150 -2.2151e-04 -2.1867e-04 -2.1591e-04 -2.1323e-04 -2.1063e-04 -2.0812e-04 -2.0569e-04 -2.0335e-04 -2.0110e-04 -1.9894e-04 -1.9687e-04 -1.9489e-04 -1.9301e-04 -1.9122e-04 -1.8953e-04 -1.8793e-04 -1.8643e-04 -1.8503e-04 -1.8372e-04 -1.8252e-04 -1.8142e-04 -1.8041e-04 -1.7951e-04 -1.7871e-04 -1.7802e-04 -1.7742e-04 -1.7693e-04 -1.7654e-04 -1.7626e-04 -1.7608e-04 -1.7600e-04 -1.7603e-04 -1.7616e-04 -1.7640e-04 -1.7674e-04 -1.7718e-04 -1.7773e-04 -1.7838e-04 -1.7913e-04 -1.7999e-04 -1.8095e-04 -1.8201e-04 -1.8317e-04 -1.8443e-04 -1.8579e-04 -1.8725e-04 -1.8881e-04 -1.9046e-04 -1.9222e-04 -1.9407e-04 -1.9601e-04 -1.9805e-04 -2.0017e-04 -2.0240e-04 -2.0471e-04 -2.0711e-04 -2.0960e-04 -2.1217e-04 -2.1483e-04 -2.1757e-04 -2.2040e-04 
-0000.00200 -2.2118e-04 -2.1824e-04 -2.1539e-04 -2.1263e-04 -2.0996e-04 -2.0739e-04 -2.0492e-04 -2.0254e-04 -2.0025e-04 -1.9807e-04 -1.9598e-04 -1.9398e-04 -1.9209e-04 -1.9029e-04 -1.8860e-04 -1.8700e-04 -1.8550e-04 -1.8411e-04 -1.8281e-04 -1.8161e-04 -1.8052e-04 -1.7952e-04 -1.7863e-04 -1.7784e-04 -1.7715e-04 -1.7656e-04 -1.7608e-04 -1.7570e-04 -1.7542e-04 -1.7524e-04 -1.7516e-04 -1.7519e-04 -1.7532e-04 -1.7556e-04 -1.7589e-04 -1.7633e-04 -1.7687e-04 -1.7751e-04 -1.7826e-04 -1.7911e-04 -1.8006e-04 -1.8111e-04 -1.8226e-04 -1.8352e-04 -1.8487e-04 -1.8633e-04 -1.8789e-04 -1.8955e-04 -1.9130e-04 -1.9316e-04 -1.9512e-04 -1.9717e-04 -1.9933e-04 -2.0158e-04 -2.0393e-04 -2.0638e-04 -2.0892e-04 -2.1156e-04 -2.1429e-04 -2.1712e-04 -2.2004e-04 
# Total Vertical 2nd Order Kick [T2m2]
START
            -0000.01000 -0000.00967 -0000.00933 -0000.00900 -0000.00867 -0000.00833 -0000.00800 -0000.00767 -0000.00733 -0000.00700 -0000.00667 -0000.00633 -0000.00600 -0000.00567 -0000.00533 -0000.00500 -0000.00467 -0000.00433 -0000.00400 -0000.00367 -0000.00333 -0000.00300 -0000.00267 -0000.00233 -0000.00200 -0000.00167 -0000.00133 -0000.00100 -0000.00067 -0000.00033 +0000.00000 +0000.00033 +0000.00067 +0000.00100 +0000.00133 +0000.00167 +0000.00200 +0000.00233 +0000.00267 +0000.00300 +0000.00333 +0000.00367 +0000.00400 +0000.00433 +0000.00467 +0000.00500 +0000.00533 +0000.00567 +0000.00600 +0000.00633 +0000.00667 +0000.00700 +0000.00733 +0000.00767 +0000.00800 +0000.00833 +0000.00867 +0000.00900 +0000.00933 +0000.00967 +0000.01000 
+0000.00200 -4.1522e-05 -4.1249e-05 -4.0942e-05 -4.0604e-05 -4.0236e-05 -3.9840e-05 -3.9417e-05 -3.8970e-05 -3.8500e-05 -3.8009e-05 -3.7497e-05 -3.6967e-05 -3.6420e-05 -3.5857e-05 -3.5280e-05 -3.4690e-05 -3.4089e-05 -3.3477e-05 -3.2855e-05 -3.2226e-05 -3.1590e-05 -3.0948e-05 -3.0301e-05 -2.9650e-05 -2.8997e-05 -2.8342e-05 -2.7686e-05 -2.7030e-05 -2.6374e-05 -2.5720e-05 -2.5068e-05 -2.4419e-05 -2.3774e-05 -2.3132e-05 -2.2496e-05 -2.1865e-05 -2.1239e-05 -2.0620e-05 -2.0007e-05 -1.9402e-05 -1.8804e-05 -1.8213e-05 -1.7631e-05 -1.7056e-05 -1.6490e-05 -1.5932e-05 -1.5383e-05 -1.4843e-05 -1.4311e-05 -1.3788e-05 -1.3273e-05 -1.2767e-05 -1.2269e-05 -1.1779e-05 -1.1297e-05 -1.0823e-05 -1.0357e-05 -9.8968e-06 -9.4438e-06 -8.9970e-06 -8.5560e-06 
+0000.00150 -2.8977e-05 -2.8797e-05 -2.8590e-05 -2.8358e-05 -2.8101e-05 -2.7821e-05 -2.7520e-05 -2.7199e-05 -2.6859e-05 -2.6501e-05 -2.6126e-05 -2.5737e-05 -2.5333e-05 -2.4917e-05 -2.4489e-05 -2.4050e-05 -2.3601e-05 -2.3144e-05 -2.2679e-05 -2.2208e-05 -2.1730e-05 -2.1248e-05 -2.0762e-05 -2.0272e-05 -1.9780e-05 -1.9287e-05 -1.8792e-05 -1.8297e-05 -1.7803e-05 -1.7310e-05 -1.6818e-05 -1.6329e-05 -1.5843e-05 -1.5360e-05 -1.4881e-05 -1.4406e-05 -1.3935e-05 -1.3470e-05 -1.3011e-05 -1.2557e-05 -1.2109e-05 -1.1667e-05 -1.1232e-05 -1.0804e-05 -1.0383e-05 -9.9685e-06 -9.5615e-06 -9.1617e-06 -8.7693e-06 -8.3842e-06 -8.0065e-06 -7.6359e-06 -7.2726e-06 -6.9164e-06 -6.5671e-06 -6.2246e-06 -5.8886e-06 -5.5590e-06 -5.2354e-06 -4.9176e-06 -4.6052e-06 
+0000.00100 -1.8352e-05 -1.8244e-05 -1.8118e-05 -1.7973e-05 -1.7811e-05 -1.7633e-05 -1.7440e-05 -1.7232e-05 -1.7011e-05 -1.6777e-05 -1.6532e-05 -1.6276e-05 -1.6010e-05 -1.5735e-05 -1.5451e-05 -1.5160e-05 -1.4862e-05 -1.4558e-05 -1.4248e-05 -1.3933e-05 -1.3615e-05 -1.3293e-05 -1.2968e-05 -1.2641e-05 -1.2312e-05 -1.1981e-05 -1.1650e-05 -1.1319e-05 -1.0989e-05 -1.0659e-05 -1.0330e-05 -1.0003e-05 -9.6775e-06 -9.3547e-06 -9.0345e-06 -8.7174e-06 -8.4037e-06 -8.0935e-06 -7.7872e-06 -7.4851e-06 -7.1872e-06 -6.8939e-06 -6.6052e-06 -6.3214e-06 -6.0425e-06 -5.7687e-06 -5.5000e-06 -5.2365e-06 -4.9783e-06 -4.7253e-06 -4.4776e-06 -4.2351e-06 -3.9978e-06 -3.7656e-06 -3.5384e-06 -3.3161e-06 -3.0985e-06 -2.8855e-06 -2.6770e-06 -2.4727e-06 -2.2724e-06 
+0000.00050 -8.9080e-06 -8.8592e-06 -8.8002e-06 -8.7316e-06 -8.6538e-06 -8.5674e-06 -8.4729e-06 -8.3708e-06 -8.2617e-06 -8.1459e-06 -8.0240e-06 -7.8965e-06 -7.7637e-06 -7.6261e-06 -7.4842e-06 -7.3383e-06 -7.1888e-06 -7.0361e-06 -6.8806e-06 -6.7227e-06 -6.5627e-06 -6.4009e-06 -6.2376e-06 -6.0732e-06 -5.9080e-06 -5.7422e-06 -5.5762e-06 -5.4101e-06 -5.2443e-06 -5.0790e-06 -4.9143e-06 -4.7506e-06 -4.5879e-06 -4.4266e-06 -4.2668e-06 -4.1086e-06 -3.9522e-06 -3.7977e-06 -3.6453e-06 -3.4950e-06 -3.3471e-06 -3.2015e-06 -3.0584e-06 -2.9177e-06 -2.7797e-06 -2.6443e-06 -2.5115e-06 -2.3813e-06 -2.2539e-06 -2.1290e-06 -2.0069e-06 -1.8873e-06 -1.7703e-06 -1.6558e-06 -1.5438e-06 -1.4341e-06 -1.3266e-06 -1.2214e-06 -1.1182e-06 -1.0169e-06 -9.1733e-07 
+0000.00000 -2.7213e-08 -3.0058e-08 -3.2215e-08 -3.3745e-08 -3.4710e-08 -3.5169e-08 -3.5179e-08 -3.4793e-08 -3.4064e-08 -3.3040e-08 -3.1770e-08 -3.0298e-08 -2.8666e-08 -2.6916e-08 -2.5085e-08 -2.3209e-08 -2.1321e-08 -1.9453e-08 -1.7632e-08 -1.5887e-08 -1.4241e-08 -1.2715e-08 -1.1330e-08 -1.0102e-08 -9.0470e-09 -8.1774e-09 -7.5034e-09 -7.0331e-09 -6.7724e-09 -6.7245e-09 -6.8906e-09 -7.2696e-09 -7.8580e-09 -8.6500e-09 -9.6375e-09 -1.0810e-08 -1.2155e-08 -1.3657e-08 -1.5300e-08 -1.7063e-08 -1.8924e-08 -2.0860e-08 -2.2843e-08 -2.4846e-08 -2.6836e-08 -2.8780e-08 -3.0643e-08 -3.2386e-08 -3.3970e-08 -3.5351e-08 -3.6484e-08 -3.7322e-08 -3.7816e-08 -3.7913e-08 -3.7560e-08 -3.6699e-08 -3.5273e-08 -3.3219e-08 -3.0475e-08 -2.6975e-08 -2.2650e-08 
-0000.00050 +8.8531e-06 +8.7985e-06 +8.7351e-06 +8.6634e-06 +8.5836e-06 +8.4963e-06 +8.4018e-06 +8.3005e-06 +8.1928e-06 +8.0792e-06 +7.9599e-06 +7.8354e-06 +7.7059e-06 +7.5719e-06 +7.4337e-06 +7.2917e-06 +7.1460e-06 +6.9972e-06 +6.8454e-06 +6.6911e-06 +6.5344e-06 +6.3757e-06 +6.2153e-06 +6.0534e-06 +5.8904e-06 +5.7264e-06 +5.5617e-06 +5.3966e-06 +5.2313e-06 +5.0661e-06 +4.9011e-06 +4.7365e-06 +4.5727e-06 +4.4098e-06 +4.2479e-06 +4.0873e-06 +3.9281e-06 +3.7706e-06 +3.6148e-06 +3.4610e-06 +3.3092e-06 +3.1597e-06 +3.0125e-06 +2.8678e-06 +2.7257e-06 +2.5863e-06 +2.4497e-06 +2.3160e-06 +2.1853e-06 +2.0576e-06 +1.9332e-06 +1.8119e-06 +1.6939e-06 +1.5792e-06 +1.4679e-06 +1.3600e-06 +1.2555e-06 +1.1544e-06 +1.0568e-06 +9.6268e-07 +8.7201e-07 
-0000.00100 +1.8296e-05 +1.8182e-05 +1.8051e-05 +1.7903e-05 +1.7739e-05 +1.7560e-05 +1.7366e-05 +1.7159e-05 +1.6940e-05 +1.6708e-05 +1.6466e-05 +1.6213e-05 +1.5950e-05 +1.5679e-05 +1.5399e-05 +1.5112e-05 +1.4818e-05 +1.4518e-05 +1.4212e-05 +1.3902e-05 +1.3587e-05 +1.3268e-05 +1.2946e-05 +1.2622e-05 +1.2295e-05 +1.1967e-05 +1.1637e-05 +1.1307e-05 +1.0977e-05 +1.0647e-05 +1.0318e-05 +9.9901e-06 +9.6636e-06 +9.3391e-06 +9.0168e-06 +8.6972e-06 +8.3805e-06 +8.0671e-06 +7.7572e-06 +7.4512e-06 +7.1493e-06 +6.8518e-06 +6.5588e-06 +6.2706e-06 +5.9874e-06 +5.7094e-06 +5.4367e-06 +5.1694e-06 +4.9077e-06 +4.6518e-06 +4.4016e-06 +4.1573e-06 +3.9189e-06 +3.6865e-06 +3.4601e-06 +3.2397e-06 +3.0253e-06 +2.8169e-06 +2.6144e-06 +2.4178e-06 +2.2269e-06 
-0000.00150 +2.8919e-05 +2.8732e-05 +2.8520e-05 +2.8284e-05 +2.8025e-05 +2.7744e-05 +2.7443e-05 +2.7122e-05 +2.6784e-05 +2.6428e-05 +2.6057e-05 +2.5671e-05 +2.5272e-05 +2.4860e-05 +2.4436e-05 +2.4002e-05 +2.3558e-05 +2.3105e-05 +2.2645e-05 +2.2177e-05 +2.1704e-05 +2.1225e-05 +2.0743e-05 +2.0256e-05 +1.9767e-05 +1.9275e-05 +1.8782e-05 +1.8289e-05 +1.7795e-05 +1.7302e-05 +1.6810e-05 +1.6320e-05 +1.5832e-05 +1.5347e-05 +1.4866e-05 +1.4388e-05 +1.3914e-05 +1.3445e-05 +1.2982e-05 +1.2523e-05 +1.2071e-05 +1.1625e-05 +1.1185e-05 +1.0752e-05 +1.0326e-05 +9.9068e-06 +9.4953e-06 +9.0914e-06 +8.6951e-06 +8.3067e-06 +7.9263e-06 +7.5538e-06 +7.1893e-06 +6.8329e-06 +6.4846e-06 +6.1442e-06 +5.8119e-06 +5.4874e-06 +5.1706e-06 +4.8615e-06 +4.5598e-06 
-0000.00200 +4.1461e-05 +4.1179e-05 +4.0867e-05 +4.0524e-05 +4.0153e-05 +3.9756e-05 +3.9334e-05 +3.8888e-05 +3.8420e-05 +3.7931e-05 +3.7423e-05 +3.6897e-05 +3.6355e-05 +3.5797e-05 +3.5225e-05 +3.4640e-05 +3.4044e-05 +3.3437e-05 +3.2821e-05 +3.2196e-05 +3.1565e-05 +3.0927e-05 +3.0284e-05 +2.9637e-05 +2.8987e-05 +2.8334e-05 +2.7680e-05 +2.7025e-05 +2.6370e-05 +2.5716e-05 +2.5064e-05 +2.4414e-05 +2.3767e-05 +2.3123e-05 +2.2484e-05 +2.1849e-05 +2.1220e-05 +2.0597e-05 +1.9980e-05 +1.9369e-05 +1.8766e-05 +1.8170e-05 +1.7582e-05 +1.7002e-05 +1.6431e-05 +1.5868e-05 +1.5313e-05 +1.4768e-05 +1.4232e-05 +1.3705e-05 +1.3187e-05 +1.2679e-05 +1.2180e-05 +1.1690e-05 +1.1209e-05 +1.0738e-05 +1.0275e-05 +9.8213e-06 +9.3762e-06 +8.9394e-06 +8.5108e-06 
# Horizontal Final Position [m]
START
            -0000.01000 -0000.00967 -0000.00933 -0000.00900 -0000.00867 -0000.00833 -0000.00800 -0000.00767 -0000.00733 -0000.00700 -0000.00667 -0000.00633 -0000.00600 -0000.00567 -0000.00533 -0000.00500 -0000.00467 -0000.00433 -0000.00400 -0000.00367 -0000.00333 -0000.00300 -0000.00267 -0000.00233 -0000.00200 -0000.00167 -0000.00133 -0000.00100 -0000.00067 -0000.00033 +0000.00000 +0000.00033 +0000.00067 +0000.00100 +0000.00133 +0000.00167 +0000.00200 +0000.00233 +0000.00267 +0000.00300 +0000.00333 +0000.00367 +0000.00400 +0000.00433 +0000.00467 +0000.00500 +0000.00533 +0000.00567 +0000.00600 +0000.00633 +0000.00667 +0000.00700 +0000.00733 +0000.00767 +0000.00800 +0000.00833 +0000.00867 +0000.00900 +0000.00933 +0000.00967 +0000.01000 
+0000.00200 -1.0003e-02 -9.6694e-03 -9.3361e-03 -9.0029e-03 -8.6697e-03 -8.3364e-03 -8.0032e-03 -7.6699e-03 -7.3367e-03 -7.0034e-03 -6.6701e-03 -6.3368e-03 -6.0035e-03 -5.6702e-03 -5.3369e-03 -5.0036e-03 -4.6703e-03 -4.3370e-03 -4.0037e-03 -3.6704e-03 -3.3370e-03 -3.0037e-03 -2.6704e-03 -2.3370e-03 -2.0037e-03 -1.6704e-03 -1.3370e-03 -1.0037e-03 -6.7034e-04 -3.3699e-04 -3.6458e-06 +3.2970e-04 +6.6305e-04 +9.9640e-04 +1.3297e-03 +1.6631e-03 +1.9964e-03 +2.3298e-03 +2.6631e-03 +2.9965e-03 +3.3298e-03 +3.6632e-03 +3.9965e-03 +4.3299e-03 +4.6632e-03 +4.9965e-03 +5.3299e-03 +5.6632e-03 +5.9965e-03 +6.3298e-03 +6.6632e-03 +6.9965e-03 +7.3298e-03 +7.6631e-03 +7.9964e-03 +8.3297e-03 +8.6630e-03 +8.9963e-03 +9.3296e-03 +9.6629e-03 +9.9962e-03 
+0000.00150 -1.0003e-02 -9.6694e-03 -9.3361e-03 -9.0029e-03 -8.6697e-03 -8.3364e-03 -8.0032e-03 -7.6699e-03 -7.3366e-03 -7.0034e-03 -6.6701e-03 -6.3368e-03 -6.0035e-03 -5.6702e-03 -5.3369e-03 -5.0036e-03 -4.6703e-03 -4.3370e-03 -4.0037e-03 -3.6704e-03 -3.3370e-03 -3.0037e-03 -2.6704e-03 -2.3370e-03 -2.0037e-03 -1.6704e-03 -1.3370e-03 -1.0037e-03 -6.7034e-04 -3.3700e-04 -3.6486e-06 +3.2970e-04 +6.6305e-04 +9.9640e-04 +1.3297e-03 +1.6631e-03 +1.9964e-03 +2.3298e-03 +2.6631e-03 +2.9965e-03 +3.3298e-03 +3.6632e-03 +3.9965e-03 +4.3299e-03 +4.6632e-03 +4.9966e-03 +5.3299e-03 +5.6632e-03 +5.9965e-03 +6.3299e-03 +6.6632e-03 +6.9965e-03 +7.3298e-03 +7.6631e-03 +7.9964e-03 +8.3298e-03 +8.6630e-03 +8.9963e-03 +9.3296e-03 +9.6629e-03 +9.9962e-03 
+0000.00100 -1.0003e-02 -9.6693e-03 -9.3361e-03 -9.0029e-03 -8.6697e-03 -8.3364e-03 -8.0032e-03 -7.6699e-03 -7.3366e-03 -7.0034e-03 -6.6701e-03 -6.3368e-03 -6.0035e-03 -5.6702e-03 -5.3369e-03 -5.0036e-03 -4.6703e-03 -4.3370e-03 -4.0037e-03 -3.6704e-03 -3.3370e-03 -3.0037e-03 -2.6704e-03 -2.3370e-03 -2.0037e-03 -1.6704e-03 -1.3370e-03 -1.0037e-03 -6.7034e-04 -3.3699e-04 -3.6430e-06 +3.2971e-04 +6.6306e-04 +9.9641e-04 +1.3298e-03 +1.6631e-03 +1.9965e-03 +2.3298e-03 +2.6632e-03 +2.9965e-03 +3.3299e-03 +3.6632e-03 +3.9965e-03 +4.3299e-03 +4.6632e-03 +4.9966e-03 +5.3299e-03 +5.6632e-03 +5.9966e-03 +6.3299e-03 +6.6632e-03 +6.9965e-03 +7.3298e-03 +7.6631e-03 +7.9965e-03 +8.3298e-03 +8.6630e-03 +8.9963e-03 +9.3296e-03 +9.6629e-03 +9.9962e-03 
+0000.00050 -1.0003e-02 -9.6693e-03 -9.3361e-03 -9.0029e-03 -8.6697e-03 -8.3364e-03 -8.0032e-03 -7.6699e-03 -7.3366e-03 -7.0034e-03 -6.6701e-03 -6.3368e-03 -6.0035e-03 -5.6702e-03 -5.3369e-03 -5.0036e-03 -4.6703e-03 -4.3370e-03 -4.0037e-03 -3.6704e-03 -3.3370e-03 -3.0037e-03 -2.6704e-03 -2.3370e-03 -2.0037e-03 -1.6704e-03 -1.3370e-03 -1.0037e-03 -6.7034e-04 -3.3699e-04 -3.6424e-06 +3.2971e-04 +6.6306e-04 +9.9641e-04 +1.3298e-03 +1.6631e-03 +1.9965e-03 +2.3298e-03 +2.6632e-03 +2.9965e-03 +3.3299e-03 +3.6632e-03 +3.9965e-03 +4.3299e-03 +4.6632e-03 +4.9966e-03 +5.3299e-03 +5.6632e-03 +5.9966e-03 +6.3299e-03 +6.6632e-03 +6.9965e-03 +7.3298e-03 +7.6631e-03 +7.9965e-03 +8.3298e-03 +8.6630e-03 +8.9963e-03 +9.3296e-03 +9.6629e-03 +9.9962e-03 
+0000.00000 -1.0003e-02 -9.6693e-03 -9.3361e-03 -9.0029e-03 -8.6697e-03 -8.3364e-03 -8.0032e-03 -7.6699e-03 -7.3366e-03 -7.0034e-03 -6.6701e-03 -6.3368e-03 -6.0035e-03 -5.6702e-03 -5.3369e-03 -5.0036e-03 -4.6703e-03 -4.3370e-03 -4.0037e-03 -3.6704e-03 -3.3370e-03 -3.0037e-03 -2.6704e-03 -2.3370e-03 -2.0037e-03 -1.6704e-03 -1.3370e-03 -1.0037e-03 -6.7034e-04 -3.3699e-04 -3.6424e-06 +3.2971e-04 +6.6306e-04 +9.9641e-04 +1.3298e-03 +1.6631e-03 +1.9965e-03 +2.3298e-03 +2.6632e-03 +2.9965e-03 +3.3299e-03 +3.6632e-03 +3.9965e-03 +4.3299e-03 +4.6632e-03 +4.9966e-03 +5.3299e-03 +5.6632e-03 +5.9966e-03 +6.3299e-03 +6.6632e-03 +6.9965e-03 +7.3298e-03 +7.6631e-03 +7.9965e-03 +8.3298e-03 +8.6630e-03 +8.9963e-03 +9.3296e-03 +9.6629e-03 +9.9962e-03 
-0000.00050 -1.0003e-02 -9.6693e-03 -9.3361e-03 -9.0029e-03 -8.6697e-03 -8.3364e-03 -8.0032e-03 -7.6699e-03 -7.3366e-03 -7.0034e-03 -6.6701e-03 -6.3368e-03 -6.0035e-03 -5.6702e-03 -5.3369e-03 -5.0036e-03 -4.6703e-03 -4.3370e-03 -4.0037e-03 -3.6704e-03 -3.3370e-03 -3.0037e-03 -2.6704e-03 -2.3370e-03 -2.0037e-03 -1.6704e-03 -1.3370e-03 -1.0037e-03 -6.7034e-04 -3.3699e-04 -3.6424e-06 +3.2971e-04 +6.6306e-04 +9.9641e-04 +1.3298e-03 +1.6631e-03 +1.9965e-03 +2.3298e-03 +2.6632e-03 +2.9965e-03 +3.3299e-03 +3.6632e-03 +3.9965e-03 +4.3299e-03 +4.6632e-03 +4.9966e-03 +5.3299e-03 +5.6632e-03 +5.9966e-03 +6.3299e-03 +6.6632e-03 +6.9965e-03 +7.3298e-03 +7.6631e-03 +7.9965e-03 +8.3298e-03 +8.6630e-03 +8.9963e-03 +9.3296e-03 +9.6629e-03 +9.9962e-03 
-0000.00100 -1.0003e-02 -9.6693e-03 -9.3361e-03 -9.0029e-03 -8.6697e-03 -8.3364e-03 -8.0032e-03 -7.6699e-03 -7.3366e-03 -7.0034e-03 -6.6701e-03 -6.3368e-03 -6.0035e-03 -5.6702e-03 -5.3369e-03 -5.0036e-03 -4.6703e-03 -4.3370e-03 -4.0037e-03 -3.6704e-03 -3.3370e-03 -3.0037e-03 -2.6704e-03 -2.3370e-03 -2.0037e-03 -1.6704e-03 -1.3370e-03 -1.0037e-03 -6.7034e-04 -3.3699e-04 -3.6430e-06 +3.2971e-04 +6.6306e-04 +9.9641e-04 +1.3298e-03 +1.6631e-03 +1.9965e-03 +2.3298e-03 +2.6632e-03 +2.9965e-03 +3.3299e-03 +3.6632e-03 +3.9965e-03 +4.3299e-03 +4.6632e-03 +4.9966e-03 +5.3299e-03 +5.6632e-03 +5.9966e-03 +6.3299e-03 +6.6632e-03 +6.9965e-03 +7.3298e-03 +7.6631e-03 +7.9965e-03 +8.3298e-03 +8.6630e-03 +8.9963e-03 +9.3296e-03 +9.6629e-03 +9.9962e-03 
-0000.00150 -1.0003e-02 -9.6694e-03 -9.3361e-03 -9.0029e-03 -8.6697e-03 -8.3364e-03 -8.0032e-03 -7.6699e-03 -7.3366e-03 -7.0034e-03 -6.6701e-03 -6.3368e-03 -6.0035e-03 -5.6702e-03 -5.3369e-03 -5.0036e-03 -4.6703e-03 -4.3370e-03 -4.0037e-03 -3.6704e-03 -3.3370e-03 -3.0037e-03 -2.6704e-03 -2.3370e-03 -2.0037e-03 -1.6704e-03 -1.3370e-03 -1.0037e-03 -6.7034e-04 -3.3700e-04 -3.6486e-06 +3.2970e-04 +6.6305e-04 +9.9640e-04 +1.3297e-03 +1.6631e-03 +1.9964e-03 +2.3298e-03 +2.6631e-03 +2.9965e-03 +3.3298e-03 +3.6632e-03 +3.9965e-03 +4.3299e-03 +4.6632e-03 +4.9966e-03 +5.3299e-03 +5.6632e-03 +5.9965e-03 +6.3299e-03 +6.6632e-03 +6.9965e-03 +7.3298e-03 +7.6631e-03 +7.9964e-03 +8.3298e-03 +8.6630e-03 +8.9963e-03 +9.3296e-03 +9.6629e-03 +9.9962e-03 
-0000.00200 -1.0003e-02 -9.6694e-03 -9.3361e-03 -9.0029e-03 -8.6697e-03 -8.3364e-03 -8.0032e-03 -7.6699e-03 -7.3367e-03 -7.0034e-03 -6.6701e-03 -6.3368e-03 -6.0035e-03 -5.6702e-03 -5.3369e-03 -5.0036e-03 -4.6703e-03 -4.3370e-03 -4.0037e-03 -3.6704e-03 -3.3370e-03 -3.0037e-03 -2.6704e-03 -2.3370e-03 -2.0037e-03 -1.6704e-03 -1.3370e-03 -1.0037e-03 -6.7034e-04 -3.3699e-04 -3.6458e-06 +3.2970e-04 +6.6305e-04 +9.9640e-04 +1.3297e-03 +1.6631e-03 +1.9964e-03 +2.3298e-03 +2.6631e-03 +2.9965e-03 +3.3298e-03 +3.6632e-03 +3.9965e-03 +4.3299e-03 +4.6632e-03 +4.9965e-03 +5.3299e-03 +5.6632e-03 +5.9965e-03 +6.3298e-03 +6.6632e-03 +6.9965e-03 +7.3298e-03 +7.6631e-03 +7.9964e-03 +8.3297e-03 +8.6630e-03 +8.9963e-03 +9.3296e-03 +9.6629e-03 +9.9962e-03 
# Vertical Final Position [m]
START
            -0000.01000 -0000.00967 -0000.00933 -0000.00900 -0000.00867 -0000.00833 -0000.00800 -0000.00767 -0000.00733 -0000.00700 -0000.00667 -0000.00633 -0000.00600 -0000.00567 -0000.00533 -0000.00500 -0000.00467 -0000.00433 -0000.00400 -0000.00367 -0000.00333 -0000.00300 -0000.00267 -0000.00233 -0000.00200 -0000.00167 -0000.00133 -0000.00100 -0000.00067 -0000.00033 +0000.00000 +0000.00033 +0000.00067 +0000.00100 +0000.00133 +0000.00167 +0000.00200 +0000.00233 +0000.00267 +0000.00300 +0000.00333 +0000.00367 +0000.00400 +0000.00433 +0000.00467 +0000.00500 +0000.00533 +0000.00567 +0000.00600 +0000.00633 +0000.00667 +0000.00700 +0000.00733 +0000.00767 +0000.00800 +0000.00833 +0000.00867 +0000.00900 +0000.00933 +0000.00967 +0000.01000 
+0000.00200 +2.0001e-03 +2.0001e-03 +2.0001e-03 +2.0001e-03 +2.0001e-03 +2.0001e-03 +2.0001e-03 +2.0001e-03 +2.0001e-03 +2.0001e-03 +2.0001e-03 +2.0001e-03 +2.0001e-03 +2.0001e-03 +2.0001e-03 +2.0001e-03 +2.0001e-03 +2.0001e-03 +2.0000e-03 +2.0000e-03 +2.0000e-03 +2.0000e-03 +2.0000e-03 +2.0000e-03 +2.0000e-03 +2.0000e-03 +2.0000e-03 +2.0000e-03 +2.0000e-03 +2.0000e-03 +2.0000e-03 +2.0000e-03 +2.0000e-03 +2.0000e-03 +1.9999e-03 +1.9999e-03 +1.9999e-03 +1.9999e-03 +1.9999e-03 +1.9999e-03 +1.9999e-03 +1.9999e-03 +1.9999e-03 +1.9999e-03 +1.9999e-03 +1.9999e-03 +1.9999e-03 +1.9999e-03 +1.9999e-03 +1.9999e-03 +1.9999e-03 +1.9999e-03 +1.9998e-03 +1.9998e-03 +1.9998e-03 +1.9998e-03 +1.9998e-03 +1.9998e-03 +1.9998e-03 +1.9998e-03 +1.9998e-03 
+0000.00150 +1.5001e-03 +1.5001e-03 +1.5001e-03 +1.5001e-03 +1.5001e-03 +1.5001e-03 +1.5001e-03 +1.5001e-03 +1.5001e-03 +1.5001e-03 +1.5001e-03 +1.5001e-03 +1.5001e-03 +1.5001e-03 +1.5001e-03 +1.5001e-03 +1.5001e-03 +1.5000e-03 +1.5000e-03 +1.5000e-03 +1.5000e-03 +1.5000e-03 +1.5000e-03 +1.5000e-03 +1.5000e-03 +1.5000e-03 +1.5000e-03 +1.5000e-03 +1.5000e-03 +1.5000e-03 +1.5000e-03 +1.5000e-03 +1.5000e-03 +1.5000e-03 +1.5000e-03 +1.4999e-03 +1.4999e-03 +1.4999e-03 +1.4999e-03 +1.4999e-03 +1.4999e-03 +1.4999e-03 +1.4999e-03 +1.4999e-03 +1.4999e-03 +1.4999e-03 +1.4999e-03 +1.4999e-03 +1.4999e-03 +1.4999e-03 +1.4999e-03 +1.4999e-03 +1.4999e-03 +1.4999e-03 +1.4999e-03 +1.4999e-03 +1.4999e-03 +1.4999e-03 +1.4999e-03 +1.4999e-03 +1.4999e-03 
+0000.00100 +1.0001e-03 +1.0001e-03 +1.0001e-03 +1.0001e-03 +1.0001e-03 +1.0001e-03 +1.0001e-03 +1.0001e-03 +1.0001e-03 +1.0001e-03 +1.0001e-03 +1.0001e-03 +1.0000e-03 +1.0000e-03 +1.0000e-03 +1.0000e-03 +1.0000e-03 +1.0000e-03 +1.0000e-03 +1.0000e-03 +1.0000e-03 +1.0000e-03 +9.9999e-04 +9.9999e-04 +9.9999e-04 +9.9998e-04 +9.9998e-04 +9.9998e-04 +9.9997e-04 +9.9997e-04 +9.9997e-04 +9.9997e-04 +9.9996e-04 +9.9996e-04 +9.9996e-04 +9.9996e-04 +9.9996e-04 +9.9996e-04 +9.9996e-04 +9.9996e-04 +9.9996e-04 +9.9996e-04 +9.9996e-04 +9.9996e-04 +9.9995e-04 +9.9995e-04 +9.9995e-04 +9.9995e-04 +9.9995e-04 +9.9995e-04 +9.9995e-04 +9.9994e-04 +9.9994e-04 +9.9994e-04 +9.9993e-04 +9.9993e-04 +9.9992e-04 +9.9992e-04 +9.9991e-04 +9.9990e-04 +9.9989e-04 
+0000.00050 +5.0003e-04 +5.0003e-04 +5.0003e-04 +5.0003e-04 +5.0003e-04 +5.0003e-04 +5.0003e-04 +5.0003e-04 +5.0003e-04 +5.0003e-04 +5.0003e-04 +5.0002e-04 +5.0002e-04 +5.0002e-04 +5.0002e-04 +5.0002e-04 +5.0002e-04 +5.0002e-04 +5.0001e-04 +5.0001e-04 +5.0001e-04 +5.0001e-04 +5.0001e-04 +5.0001e-04 +5.0000e-04 +5.0000e-04 +5.0000e-04 +5.0000e-04 +5.0000e-04 +5.0000e-04 +4.9999e-04 +4.9999e-04 +4.9999e-04 +4.9999e-04 +4.9999e-04 +4.9999e-04 +4.9999e-04 +4.9998e-04 +4.9998e-04 +4.9998e-04 +4.9998e-04 +4.9998e-04 +4.9998e-04 +4.9998e-04 +4.9997e-04 +4.9997e-04 +4.9997e-04 +4.9997e-04 +4.9997e-04 +4.9997e-04 +4.9997e-04 +4.9997e-04 +4.9996e-04 +4.9996e-04 +4.9996e-04 +4.9996e-04 +4.9996e-04 +4.9996e-04 +4.9995e-04 +4.9995e-04 +4.9995e-04 
+0000.00000 -3.7792e-11 -4.1789e-11 -4.4814e-11 -4.6957e-11 -4.8305e-11 -4.8939e-11 -4.8940e-11 -4.8385e-11 -4.7345e-11 -4.5892e-11 -4.4091e-11 -4.2006e-11 -3.9697e-11 -3.7221e-11 -3.4632e-11 -3.1980e-11 -2.9312e-11 -2.6671e-11 -2.4100e-11 -2.1634e-11 -1.9308e-11 -1.7153e-11 -1.5196e-11 -1.3462e-11 -1.1972e-11 -1.0743e-11 -9.7913e-12 -9.1268e-12 -8.7581e-12 -8.6899e-12 -8.9239e-12 -9.4585e-12 -1.0289e-11 -1.1406e-11 -1.2800e-11 -1.4454e-11 -1.6353e-11 -1.8473e-11 -2.0792e-11 -2.3280e-11 -2.5908e-11 -2.8641e-11 -3.1442e-11 -3.4269e-11 -3.7080e-11 -3.9826e-11 -4.2458e-11 -4.4922e-11 -4.7160e-11 -4.9113e-11 -5.0717e-11 -5.1906e-11 -5.2610e-11 -5.2755e-11 -5.2264e-11 -5.1059e-11 -4.9057e-11 -4.6170e-11 -4.2311e-11 -3.7385e-11 -3.1297e-11 
-0000.00050 -5.0003e-04 -5.0003e-04 -5.0003e-04 -5.0003e-04 -5.0003e-04 -5.0003e-04 -5.0003e-04 -5.0003e-04 -5.0003e-04 -5.0003e-04 -5.0003e-04 -5.0002e-04 -5.0002e-04 -5.0002e-04 -5.0002e-04 -5.0002e-04 -5.0002e-04 -5.0002e-04 -5.0001e-04 -5.0001e-04 -5.0001e-04 -5.0001e-04 -5.0001e-04 -5.0001e-04 -5.0000e-04 -5.0000e-04 -5.0000e-04 -5.0000e-04 -5.0000e-04 -5.0000e-04 -4.9999e-04 -4.9999e-04 -4.9999e-04 -4.9999e-04 -4.9999e-04 -4.9999e-04 -4.9999e-04 -4.9998e-04 -4.9998e-04 -4.9998e-04 -4.9998e-04 -4.9998e-04 -4.9998e-04 -4.9998e-04 -4.9997e-04 -4.9997e-04 -4.9997e-04 -4.9997e-04 -4.9997e-04 -4.9997e-04 -4.9997e-04 -4.9997e-04 -4.9996e-04 -4.9996e-04 -4.9996e-04 -4.9996e-04 -4.9996e-04 -4.9996e-04 -4.9995e-04 -4.9995e-04 -4.9995e-04 
-0000.00100 -1.0001e-03 -1.0001e-03 -1.0001e-03 -1.0001e-03 -1.0001e-03 -1.0001e-03 -1.0001e-03 -1.0001e-03 -1.0001e-03 -1.0001e-03 -1.0001e-03 -1.0001e-03 -1.0000e-03 -1.0000e-03 -1.0000e-03 -1.0000e-03 -1.0000e-03 -1.0000e-03 -1.0000e-03 -1.0000e-03 -1.0000e-03 -1.0000e-03 -9.9999e-04 -9.9999e-04 -9.9999e-04 -9.9998e-04 -9.9998e-04 -9.9998e-04 -9.9997e-04 -9.9997e-04 -9.9997e-04 -9.9997e-04 -9.9996e-04 -9.9996e-04 -9.9996e-04 -9.9996e-04 -9.9996e-04 -9.9996e-04 -9.9996e-04 -9.9996e-04 -9.9996e-04 -9.9996e-04 -9.9996e-04 -9.9996e-04 -9.9995e-04 -9.9995e-04 -9.9995e-04 -9.9995e-04 -9.9995e-04 -9.9995e-04 -9.9995e-04 -9.9994e-04 -9.9994e-04 -9.9994e-04 -9.9993e-04 -9.9993e-04 -9.9992e-04 -9.9992e-04 -9.9991e-04 -9.9990e-04 -9.9989e-04 
-0000.00150 -1.5001e-03 -1.5001e-03 -1.5001e-03 -1.5001e-03 -1.5001e-03 -1.5001e-03 -1.5001e-03 -1.5001e-03 -1.5001e-03 -1.5001e-03 -1.5001e-03 -1.5001e-03 -1.5001e-03 -1.5001e-03 -1.5001e-03 -1.5001e-03 -1.5001e-03 -1.5000e-03 -1.5000e-03 -1.5000e-03 -1.5000e-03 -1.5000e-03 -1.5000e-03 -1.5000e-03 -1.5000e-03 -1.5000e-03 -1.5000e-03 -1.5000e-03 -1.5000e-03 -1.5000e-03 -1.5000e-03 -1.5000e-03 -1.5000e-03 -1.5000e-03 -1.5000e-03 -1.4999e-03 -1.4999e-03 -1.4999e-03 -1.4999e-03 -1.4999e-03 -1.4999e-03 -1.4999e-03 -1.4999e-03 -1.4999e-03 -1.4999e-03 -1.4999e-03 -1.4999e-03 -1.4999e-03 -1.4999e-03 -1.4999e-03 -1.4999e-03 -1.4999e-03 -1.4999e-03 -1.4999e-03 -1.4999e-03 -1.4999e-03 -1.4999e-03 -1.4999e-03 -1.4999e-03 -1.4999e-03 -1.4999e-03 
-0000.00200 -2.0001e-03 -2.0001e-03 -2.0001e-03 -2.0001e-03 -2.0001e-03 -2.0001e-03 -2.0001e-03 -2.0001e-03 -2.0001e-03 -2.0001e-03 -2.0001e-03 -2.0001e-03 -2.0001e-03 -2.0001e-03 -2.0001e-03 -2.0001e-03 -2.0001e-03 -2.0001e-03 -2.0000e-03 -2.0000e-03 -2.0000e-03 -2.0000e-03 -2.0000e-03 -2.0000e-03 -2.0000e-03 -2.0000e-03 -2.0000e-03 -2.0000e-03 -2.0000e-03 -2.0000e-03 -2.0000e-03 -2.0000e-03 -2.0000e-03 -2.0000e-03 -1.9999e-03 -1.9999e-03 -1.9999e-03 -1.9999e-03 -1.9999e-03 -1.9999e-03 -1.9999e-03 -1.9999e-03 -1.9999e-03 -1.9999e-03 -1.9999e-03 -1.9999e-03 -1.9999e-03 -1.9999e-03 -1.9999e-03 -1.9999e-03 -1.9999e-03 -1.9999e-03 -1.9998e-03 -1.9998e-03 -1.9998e-03 -1.9998e-03 -1.9998e-03 -1.9998e-03 -1.9998e-03 -1.9998e-03 -1.9998e-03 