# Author: FAC idanalysis.IDKickMap
# Termination_kicks [T2m2]: +0.0000e+00 +0.0000e+00 +0.0000e+00 +0.0000e+00 
# Total Length of Longitudinal Interval [m]
0.13
# Number of Horizontal Points
61
# Number of Vertical Points
9
# Total Horizontal 2nd Order Kick [T2m2]
START
            -0000.01000 -0000.00967 -0000.00933 -0000.00900 -0000.00867 -0000.00833 -0000.00800 -0000.00767 -0000.00733 -0000.00700 -0000.00667 -0000.00633 -0000.00600 -0000.00567 -0000.00533 -0000.00500 -0000.00467 -0000.00433 -0000.00400 -0000.00367 -0000.00333 -0000.00300 -0000.00267 -0000.00233 -0000.00200 -0000.00167 -0000.00133 -0000.00100 -0000.00067 -0000.00033 +0000.00000 +0000.00033 +0000.00067 +0000.00100 +0000.00133 +0000.00167 +0000.00200 +0000.00233 +0000.00267 +0000.00300 +0000.00333 +0000.00367 +0000.00400 +0000.00433 +0000.00467 +0000.00500 +0000.00533 +0000.00567 +0000.00600 +0000.00633 +0000.00667 +0000.00700 +0000.00733 +0000.00767 +0000.00800 +0000.00833 +0000.00867 +0000.00900 +0000.00933 +0000.00967 +0000.01000 
+0000.00200 +2.7174e-04 +2.6891e-04 +2.6603e-04 +2.6309e-04 +2.6012e-04 +2.5713e-04 +2.5414e-04 +2.5116e-04 +2.4820e-04 +2.4528e-04 +2.4240e-04 +2.3960e-04 +2.3686e-04 +2.3421e-04 +2.3165e-04 +2.2920e-04 +2.2686e-04 +2.2464e-04 +2.2256e-04 +2.2061e-04 +2.1881e-04 +2.1716e-04 +2.1566e-04 +2.1433e-04 +2.1317e-04 +2.1217e-04 +2.1136e-04 +2.1072e-04 +2.1026e-04 +2.0998e-04 +2.0989e-04 +2.0999e-04 +2.1027e-04 +2.1073e-04 +2.1138e-04 +2.1221e-04 +2.1322e-04 +2.1441e-04 +2.1578e-04 +2.1732e-04 +2.1903e-04 +2.2089e-04 +2.2292e-04 +2.2510e-04 +2.2742e-04 +2.2988e-04 +2.3248e-04 +2.3519e-04 +2.3802e-04 +2.4096e-04 +2.4399e-04 +2.4710e-04 +2.5029e-04 +2.5354e-04 +2.5684e-04 +2.6018e-04 +2.6355e-04 +2.6693e-04 +2.7030e-04 +2.7366e-04 +2.7698e-04 
+0000.00150 +2.6948e-04 +2.6714e-04 +2.6468e-04 +2.6213e-04 +2.5950e-04 +2.5682e-04 +2.5409e-04 +2.5134e-04 +2.4858e-04 +2.4584e-04 +2.4311e-04 +2.4043e-04 +2.3780e-04 +2.3523e-04 +2.3275e-04 +2.3035e-04 +2.2806e-04 +2.2588e-04 +2.2381e-04 +2.2188e-04 +2.2009e-04 +2.1845e-04 +2.1696e-04 +2.1563e-04 +2.1446e-04 +2.1347e-04 +2.1265e-04 +2.1201e-04 +2.1155e-04 +2.1127e-04 +2.1118e-04 +2.1128e-04 +2.1156e-04 +2.1203e-04 +2.1269e-04 +2.1352e-04 +2.1454e-04 +2.1574e-04 +2.1710e-04 +2.1864e-04 +2.2034e-04 +2.2220e-04 +2.2422e-04 +2.2637e-04 +2.2866e-04 +2.3108e-04 +2.3362e-04 +2.3626e-04 +2.3900e-04 +2.4183e-04 +2.4473e-04 +2.4770e-04 +2.5071e-04 +2.5376e-04 +2.5682e-04 +2.5989e-04 +2.6295e-04 +2.6597e-04 +2.6895e-04 +2.7187e-04 +2.7470e-04 
+0000.00100 +2.6785e-04 +2.6585e-04 +2.6369e-04 +2.6140e-04 +2.5902e-04 +2.5654e-04 +2.5400e-04 +2.5142e-04 +2.4880e-04 +2.4618e-04 +2.4357e-04 +2.4097e-04 +2.3842e-04 +2.3592e-04 +2.3349e-04 +2.3114e-04 +2.2888e-04 +2.2673e-04 +2.2469e-04 +2.2277e-04 +2.2100e-04 +2.1936e-04 +2.1788e-04 +2.1655e-04 +2.1539e-04 +2.1440e-04 +2.1358e-04 +2.1294e-04 +2.1248e-04 +2.1221e-04 +2.1212e-04 +2.1222e-04 +2.1251e-04 +2.1298e-04 +2.1364e-04 +2.1448e-04 +2.1550e-04 +2.1669e-04 +2.1806e-04 +2.1959e-04 +2.2129e-04 +2.2314e-04 +2.2513e-04 +2.2727e-04 +2.2953e-04 +2.3191e-04 +2.3440e-04 +2.3699e-04 +2.3966e-04 +2.4241e-04 +2.4522e-04 +2.4807e-04 +2.5095e-04 +2.5384e-04 +2.5673e-04 +2.5960e-04 +2.6243e-04 +2.6521e-04 +2.6791e-04 +2.7051e-04 +2.7299e-04 
+0000.00050 +2.6687e-04 +2.6506e-04 +2.6308e-04 +2.6095e-04 +2.5870e-04 +2.5635e-04 +2.5392e-04 +2.5144e-04 +2.4891e-04 +2.4636e-04 +2.4381e-04 +2.4128e-04 +2.3877e-04 +2.3632e-04 +2.3392e-04 +2.3160e-04 +2.2936e-04 +2.2723e-04 +2.2520e-04 +2.2330e-04 +2.2153e-04 +2.1991e-04 +2.1843e-04 +2.1711e-04 +2.1595e-04 +2.1496e-04 +2.1414e-04 +2.1350e-04 +2.1305e-04 +2.1278e-04 +2.1269e-04 +2.1279e-04 +2.1308e-04 +2.1355e-04 +2.1421e-04 +2.1505e-04 +2.1607e-04 +2.1727e-04 +2.1863e-04 +2.2016e-04 +2.2185e-04 +2.2369e-04 +2.2567e-04 +2.2779e-04 +2.3004e-04 +2.3239e-04 +2.3485e-04 +2.3741e-04 +2.4004e-04 +2.4273e-04 +2.4548e-04 +2.4826e-04 +2.5106e-04 +2.5386e-04 +2.5664e-04 +2.5940e-04 +2.6209e-04 +2.6472e-04 +2.6725e-04 +2.6966e-04 +2.7193e-04 
+0000.00000 +2.6654e-04 +2.6479e-04 +2.6287e-04 +2.6080e-04 +2.5860e-04 +2.5629e-04 +2.5390e-04 +2.5145e-04 +2.4895e-04 +2.4643e-04 +2.4390e-04 +2.4138e-04 +2.3889e-04 +2.3645e-04 +2.3406e-04 +2.3175e-04 +2.2952e-04 +2.2739e-04 +2.2538e-04 +2.2348e-04 +2.2171e-04 +2.2009e-04 +2.1861e-04 +2.1729e-04 +2.1613e-04 +2.1514e-04 +2.1433e-04 +2.1369e-04 +2.1324e-04 +2.1296e-04 +2.1288e-04 +2.1298e-04 +2.1327e-04 +2.1374e-04 +2.1440e-04 +2.1524e-04 +2.1626e-04 +2.1746e-04 +2.1882e-04 +2.2035e-04 +2.2204e-04 +2.2387e-04 +2.2585e-04 +2.2797e-04 +2.3020e-04 +2.3255e-04 +2.3500e-04 +2.3754e-04 +2.4016e-04 +2.4284e-04 +2.4556e-04 +2.4832e-04 +2.5109e-04 +2.5386e-04 +2.5661e-04 +2.5932e-04 +2.6197e-04 +2.6455e-04 +2.6702e-04 +2.6937e-04 +2.7157e-04 
-0000.00050 +2.6687e-04 +2.6506e-04 +2.6308e-04 +2.6095e-04 +2.5870e-04 +2.5635e-04 +2.5392e-04 +2.5144e-04 +2.4891e-04 +2.4636e-04 +2.4381e-04 +2.4128e-04 +2.3877e-04 +2.3632e-04 +2.3392e-04 +2.3160e-04 +2.2936e-04 +2.2723e-04 +2.2520e-04 +2.2330e-04 +2.2153e-04 +2.1991e-04 +2.1843e-04 +2.1711e-04 +2.1595e-04 +2.1496e-04 +2.1414e-04 +2.1350e-04 +2.1305e-04 +2.1278e-04 +2.1269e-04 +2.1279e-04 +2.1308e-04 +2.1355e-04 +2.1421e-04 +2.1505e-04 +2.1607e-04 +2.1727e-04 +2.1863e-04 +2.2016e-04 +2.2185e-04 +2.2369e-04 +2.2567e-04 +2.2779e-04 +2.3003e-04 +2.3239e-04 +2.3485e-04 +2.3740e-04 +2.4004e-04 +2.4273e-04 +2.4548e-04 +2.4826e-04 +2.5106e-04 +2.5386e-04 +2.5664e-04 +2.5940e-04 +2.6209e-04 +2.6472e-04 +2.6725e-04 +2.6966e-04 +2.7194e-04 
-0000.00100 +2.6785e-04 +2.6584e-04 +2.6368e-04 +2.6140e-04 +2.5901e-04 +2.5654e-04 +2.5400e-04 +2.5142e-04 +2.4880e-04 +2.4618e-04 +2.4357e-04 +2.4098e-04 +2.3842e-04 +2.3592e-04 +2.3349e-04 +2.3114e-04 +2.2888e-04 +2.2673e-04 +2.2469e-04 +2.2278e-04 +2.2100e-04 +2.1936e-04 +2.1788e-04 +2.1655e-04 +2.1539e-04 +2.1440e-04 +2.1358e-04 +2.1294e-04 +2.1248e-04 +2.1221e-04 +2.1212e-04 +2.1222e-04 +2.1251e-04 +2.1298e-04 +2.1363e-04 +2.1447e-04 +2.1549e-04 +2.1669e-04 +2.1806e-04 +2.1959e-04 +2.2129e-04 +2.2313e-04 +2.2513e-04 +2.2726e-04 +2.2952e-04 +2.3191e-04 +2.3440e-04 +2.3699e-04 +2.3966e-04 +2.4241e-04 +2.4521e-04 +2.4806e-04 +2.5094e-04 +2.5384e-04 +2.5673e-04 +2.5960e-04 +2.6243e-04 +2.6521e-04 +2.6791e-04 +2.7051e-04 +2.7299e-04 
-0000.00150 +2.6947e-04 +2.6713e-04 +2.6468e-04 +2.6213e-04 +2.5950e-04 +2.5682e-04 +2.5409e-04 +2.5134e-04 +2.4859e-04 +2.4584e-04 +2.4312e-04 +2.4043e-04 +2.3780e-04 +2.3524e-04 +2.3275e-04 +2.3036e-04 +2.2806e-04 +2.2588e-04 +2.2382e-04 +2.2189e-04 +2.2010e-04 +2.1845e-04 +2.1696e-04 +2.1563e-04 +2.1446e-04 +2.1347e-04 +2.1265e-04 +2.1201e-04 +2.1155e-04 +2.1127e-04 +2.1118e-04 +2.1128e-04 +2.1156e-04 +2.1203e-04 +2.1268e-04 +2.1352e-04 +2.1454e-04 +2.1573e-04 +2.1710e-04 +2.1864e-04 +2.2034e-04 +2.2220e-04 +2.2421e-04 +2.2637e-04 +2.2866e-04 +2.3108e-04 +2.3361e-04 +2.3626e-04 +2.3900e-04 +2.4183e-04 +2.4473e-04 +2.4770e-04 +2.5071e-04 +2.5376e-04 +2.5682e-04 +2.5989e-04 +2.6295e-04 +2.6597e-04 +2.6895e-04 +2.7187e-04 +2.7470e-04 
-0000.00200 +2.7173e-04 +2.6891e-04 +2.6602e-04 +2.6309e-04 +2.6012e-04 +2.5713e-04 +2.5414e-04 +2.5116e-04 +2.4820e-04 +2.4528e-04 +2.4241e-04 +2.3960e-04 +2.3686e-04 +2.3421e-04 +2.3166e-04 +2.2920e-04 +2.2686e-04 +2.2465e-04 +2.2256e-04 +2.2061e-04 +2.1881e-04 +2.1716e-04 +2.1566e-04 +2.1433e-04 +2.1317e-04 +2.1217e-04 +2.1136e-04 +2.1072e-04 +2.1026e-04 +2.0998e-04 +2.0989e-04 +2.0998e-04 +2.1026e-04 +2.1073e-04 +2.1138e-04 +2.1221e-04 +2.1322e-04 +2.1441e-04 +2.1578e-04 +2.1732e-04 +2.1902e-04 +2.2089e-04 +2.2292e-04 +2.2509e-04 +2.2742e-04 +2.2988e-04 +2.3247e-04 +2.3519e-04 +2.3802e-04 +2.4095e-04 +2.4398e-04 +2.4710e-04 +2.5029e-04 +2.5354e-04 +2.5684e-04 +2.6018e-04 +2.6355e-04 +2.6692e-04 +2.7030e-04 +2.7365e-04 +2.7698e-04 
# Total Vertical 2nd Order Kick [T2m2]
START
            -0000.01000 -0000.00967 -0000.00933 -0000.00900 -0000.00867 -0000.00833 -0000.00800 -0000.00767 -0000.00733 -0000.00700 -0000.00667 -0000.00633 -0000.00600 -0000.00567 -0000.00533 -0000.00500 -0000.00467 -0000.00433 -0000.00400 -0000.00367 -0000.00333 -0000.00300 -0000.00267 -0000.00233 -0000.00200 -0000.00167 -0000.00133 -0000.00100 -0000.00067 -0000.00033 +0000.00000 +0000.00033 +0000.00067 +0000.00100 +0000.00133 +0000.00167 +0000.00200 +0000.00233 +0000.00267 +0000.00300 +0000.00333 +0000.00367 +0000.00400 +0000.00433 +0000.00467 +0000.00500 +0000.00533 +0000.00567 +0000.00600 +0000.00633 +0000.00667 +0000.00700 +0000.00733 +0000.00767 +0000.00800 +0000.00833 +0000.00867 +0000.00900 +0000.00933 +0000.00967 +0000.01000 
+0000.00200 -1.3839e-05 -1.2332e-05 -1.1037e-05 -9.9460e-06 -9.0481e-06 -8.3339e-06 -7.7941e-06 -7.4192e-06 -7.2002e-06 -7.1280e-06 -7.1939e-06 -7.3891e-06 -7.7052e-06 -8.1338e-06 -8.6667e-06 -9.2959e-06 -1.0013e-05 -1.0812e-05 -1.1683e-05 -1.2620e-05 -1.3616e-05 -1.4662e-05 -1.5754e-05 -1.6883e-05 -1.8043e-05 -1.9228e-05 -2.0431e-05 -2.1646e-05 -2.2868e-05 -2.4090e-05 -2.5307e-05 -2.6513e-05 -2.7703e-05 -2.8871e-05 -3.0014e-05 -3.1125e-05 -3.2200e-05 -3.3235e-05 -3.4226e-05 -3.5167e-05 -3.6055e-05 -3.6886e-05 -3.7656e-05 -3.8362e-05 -3.9000e-05 -3.9567e-05 -4.0060e-05 -4.0476e-05 -4.0812e-05 -4.1065e-05 -4.1233e-05 -4.1313e-05 -4.1304e-05 -4.1204e-05 -4.1009e-05 -4.0720e-05 -4.0334e-05 -3.9850e-05 -3.9267e-05 -3.8583e-05 -3.7798e-05 
+0000.00150 -9.0113e-06 -7.8488e-06 -6.8455e-06 -5.9943e-06 -5.2881e-06 -4.7198e-06 -4.2826e-06 -3.9697e-06 -3.7743e-06 -3.6900e-06 -3.7101e-06 -3.8284e-06 -4.0385e-06 -4.3343e-06 -4.7098e-06 -5.1589e-06 -5.6759e-06 -6.2549e-06 -6.8904e-06 -7.5768e-06 -8.3086e-06 -9.0806e-06 -9.8876e-06 -1.0724e-05 -1.1586e-05 -1.2467e-05 -1.3364e-05 -1.4271e-05 -1.5184e-05 -1.6098e-05 -1.7009e-05 -1.7913e-05 -1.8806e-05 -1.9682e-05 -2.0540e-05 -2.1374e-05 -2.2181e-05 -2.2957e-05 -2.3699e-05 -2.4403e-05 -2.5067e-05 -2.5686e-05 -2.6257e-05 -2.6779e-05 -2.7247e-05 -2.7659e-05 -2.8012e-05 -2.8304e-05 -2.8532e-05 -2.8694e-05 -2.8787e-05 -2.8810e-05 -2.8760e-05 -2.8635e-05 -2.8434e-05 -2.8154e-05 -2.7795e-05 -2.7354e-05 -2.6831e-05 -2.6223e-05 -2.5529e-05 
+0000.00100 -5.4050e-06 -4.6155e-06 -3.9319e-06 -3.3496e-06 -2.8639e-06 -2.4702e-06 -2.1641e-06 -1.9410e-06 -1.7966e-06 -1.7265e-06 -1.7265e-06 -1.7925e-06 -1.9202e-06 -2.1056e-06 -2.3448e-06 -2.6337e-06 -2.9685e-06 -3.3453e-06 -3.7605e-06 -4.2104e-06 -4.6913e-06 -5.1997e-06 -5.7321e-06 -6.2851e-06 -6.8552e-06 -7.4393e-06 -8.0340e-06 -8.6363e-06 -9.2429e-06 -9.8509e-06 -1.0457e-05 -1.1059e-05 -1.1654e-05 -1.2238e-05 -1.2809e-05 -1.3365e-05 -1.3903e-05 -1.4420e-05 -1.4913e-05 -1.5382e-05 -1.5822e-05 -1.6232e-05 -1.6610e-05 -1.6954e-05 -1.7260e-05 -1.7528e-05 -1.7756e-05 -1.7941e-05 -1.8082e-05 -1.8176e-05 -1.8223e-05 -1.8221e-05 -1.8168e-05 -1.8062e-05 -1.7902e-05 -1.7687e-05 -1.7415e-05 -1.7086e-05 -1.6697e-05 -1.6249e-05 -1.5739e-05 
+0000.00050 -2.5248e-06 -2.1257e-06 -1.7796e-06 -1.4841e-06 -1.2369e-06 -1.0357e-06 -8.7840e-07 -7.6268e-07 -6.8639e-07 -6.4741e-07 -6.4360e-07 -6.7289e-07 -7.3323e-07 -8.2260e-07 -9.3900e-07 -1.0805e-06 -1.2451e-06 -1.4309e-06 -1.6362e-06 -1.8589e-06 -2.0974e-06 -2.3498e-06 -2.6144e-06 -2.8895e-06 -3.1733e-06 -3.4643e-06 -3.7608e-06 -4.0612e-06 -4.3639e-06 -4.6674e-06 -4.9702e-06 -5.2708e-06 -5.5678e-06 -5.8597e-06 -6.1452e-06 -6.4229e-06 -6.6915e-06 -6.9496e-06 -7.1961e-06 -7.4297e-06 -7.6492e-06 -7.8534e-06 -8.0412e-06 -8.2114e-06 -8.3631e-06 -8.4950e-06 -8.6063e-06 -8.6958e-06 -8.7627e-06 -8.8061e-06 -8.8249e-06 -8.8184e-06 -8.7858e-06 -8.7261e-06 -8.6386e-06 -8.5227e-06 -8.3775e-06 -8.2023e-06 -7.9966e-06 -7.7596e-06 -7.4909e-06 
+0000.00000 +1.7667e-08 +1.7999e-08 +1.8231e-08 +1.8372e-08 +1.8430e-08 +1.8414e-08 +1.8332e-08 +1.8192e-08 +1.8001e-08 +1.7767e-08 +1.7497e-08 +1.7197e-08 +1.6873e-08 +1.6531e-08 +1.6177e-08 +1.5817e-08 +1.5454e-08 +1.5095e-08 +1.4743e-08 +1.4402e-08 +1.4075e-08 +1.3768e-08 +1.3482e-08 +1.3220e-08 +1.2985e-08 +1.2779e-08 +1.2603e-08 +1.2460e-08 +1.2351e-08 +1.2276e-08 +1.2236e-08 +1.2231e-08 +1.2261e-08 +1.2327e-08 +1.2426e-08 +1.2559e-08 +1.2724e-08 +1.2919e-08 +1.3142e-08 +1.3391e-08 +1.3664e-08 +1.3958e-08 +1.4269e-08 +1.4594e-08 +1.4929e-08 +1.5270e-08 +1.5613e-08 +1.5952e-08 +1.6284e-08 +1.6601e-08 +1.6899e-08 +1.7172e-08 +1.7413e-08 +1.7616e-08 +1.7773e-08 +1.7878e-08 +1.7922e-08 +1.7899e-08 +1.7798e-08 +1.7613e-08 +1.7334e-08 
-0000.00050 +2.5604e-06 +2.1620e-06 +1.8163e-06 +1.5210e-06 +1.2739e-06 +1.0727e-06 +9.1520e-07 +7.9918e-07 +7.2250e-07 +6.8303e-07 +6.7866e-07 +7.0734e-07 +7.6702e-07 +8.5569e-07 +9.7137e-07 +1.1121e-06 +1.2760e-06 +1.4611e-06 +1.6656e-06 +1.8877e-06 +2.1255e-06 +2.3773e-06 +2.6413e-06 +2.9159e-06 +3.1992e-06 +3.4898e-06 +3.7859e-06 +4.0860e-06 +4.3885e-06 +4.6919e-06 +4.9946e-06 +5.2952e-06 +5.5922e-06 +5.8843e-06 +6.1700e-06 +6.4479e-06 +6.7169e-06 +6.9754e-06 +7.2224e-06 +7.4565e-06 +7.6765e-06 +7.8813e-06 +8.0697e-06 +8.2406e-06 +8.3929e-06 +8.5256e-06 +8.6375e-06 +8.7278e-06 +8.7954e-06 +8.8394e-06 +8.8588e-06 +8.8529e-06 +8.8207e-06 +8.7615e-06 +8.6744e-06 +8.5586e-06 +8.4135e-06 +8.2383e-06 +8.0324e-06 +7.7951e-06 +7.5258e-06 
-0000.00100 +5.4413e-06 +4.6524e-06 +3.9692e-06 +3.3871e-06 +2.9014e-06 +2.5076e-06 +2.2013e-06 +1.9778e-06 +1.8329e-06 +1.7624e-06 +1.7618e-06 +1.8271e-06 +1.9541e-06 +2.1388e-06 +2.3772e-06 +2.6653e-06 +2.9993e-06 +3.3755e-06 +3.7899e-06 +4.2391e-06 +4.7193e-06 +5.2271e-06 +5.7589e-06 +6.3113e-06 +6.8810e-06 +7.4646e-06 +8.0590e-06 +8.6609e-06 +9.2673e-06 +9.8751e-06 +1.0481e-05 +1.1083e-05 +1.1678e-05 +1.2262e-05 +1.2834e-05 +1.3390e-05 +1.3928e-05 +1.4445e-05 +1.4939e-05 +1.5408e-05 +1.5849e-05 +1.6260e-05 +1.6639e-05 +1.6983e-05 +1.7290e-05 +1.7559e-05 +1.7787e-05 +1.7973e-05 +1.8114e-05 +1.8210e-05 +1.8257e-05 +1.8256e-05 +1.8203e-05 +1.8097e-05 +1.7938e-05 +1.7723e-05 +1.7452e-05 +1.7122e-05 +1.6734e-05 +1.6285e-05 +1.5774e-05 
-0000.00150 +9.0493e-06 +7.8871e-06 +6.8840e-06 +6.0328e-06 +5.3265e-06 +4.7580e-06 +4.3204e-06 +4.0071e-06 +3.8112e-06 +3.7262e-06 +3.7456e-06 +3.8632e-06 +4.0726e-06 +4.3676e-06 +4.7422e-06 +5.1906e-06 +5.7067e-06 +6.2850e-06 +6.9197e-06 +7.6053e-06 +8.3365e-06 +9.1078e-06 +9.9142e-06 +1.0750e-05 +1.1611e-05 +1.2492e-05 +1.3389e-05 +1.4295e-05 +1.5208e-05 +1.6122e-05 +1.7033e-05 +1.7937e-05 +1.8829e-05 +1.9706e-05 +2.0564e-05 +2.1398e-05 +2.2206e-05 +2.2982e-05 +2.3725e-05 +2.4429e-05 +2.5093e-05 +2.5713e-05 +2.6285e-05 +2.6807e-05 +2.7276e-05 +2.7689e-05 +2.8043e-05 +2.8335e-05 +2.8564e-05 +2.8727e-05 +2.8821e-05 +2.8844e-05 +2.8795e-05 +2.8671e-05 +2.8470e-05 +2.8191e-05 +2.7832e-05 +2.7392e-05 +2.6868e-05 +2.6260e-05 +2.5567e-05 
-0000.00200 +1.3879e-05 +1.2372e-05 +1.1077e-05 +9.9859e-06 +9.0877e-06 +8.3731e-06 +7.8328e-06 +7.4573e-06 +7.2376e-06 +7.1647e-06 +7.2298e-06 +7.4242e-06 +7.7394e-06 +8.1672e-06 +8.6992e-06 +9.3274e-06 +1.0044e-05 +1.0842e-05 +1.1712e-05 +1.2648e-05 +1.3643e-05 +1.4689e-05 +1.5780e-05 +1.6908e-05 +1.8068e-05 +1.9252e-05 +2.0455e-05 +2.1670e-05 +2.2892e-05 +2.4113e-05 +2.5330e-05 +2.6536e-05 +2.7726e-05 +2.8895e-05 +3.0037e-05 +3.1149e-05 +3.2225e-05 +3.3260e-05 +3.4251e-05 +3.5193e-05 +3.6081e-05 +3.6913e-05 +3.7684e-05 +3.8391e-05 +3.9030e-05 +3.9597e-05 +4.0091e-05 +4.0508e-05 +4.0844e-05 +4.1098e-05 +4.1267e-05 +4.1348e-05 +4.1340e-05 +4.1240e-05 +4.1047e-05 +4.0758e-05 +4.0373e-05 +3.9889e-05 +3.9306e-05 +3.8622e-05 +3.7837e-05 
# Horizontal Final Position [m]
START
            -0000.01000 -0000.00967 -0000.00933 -0000.00900 -0000.00867 -0000.00833 -0000.00800 -0000.00767 -0000.00733 -0000.00700 -0000.00667 -0000.00633 -0000.00600 -0000.00567 -0000.00533 -0000.00500 -0000.00467 -0000.00433 -0000.00400 -0000.00367 -0000.00333 -0000.00300 -0000.00267 -0000.00233 -0000.00200 -0000.00167 -0000.00133 -0000.00100 -0000.00067 -0000.00033 +0000.00000 +0000.00033 +0000.00067 +0000.00100 +0000.00133 +0000.00167 +0000.00200 +0000.00233 +0000.00267 +0000.00300 +0000.00333 +0000.00367 +0000.00400 +0000.00433 +0000.00467 +0000.00500 +0000.00533 +0000.00567 +0000.00600 +0000.00633 +0000.00667 +0000.00700 +0000.00733 +0000.00767 +0000.00800 +0000.00833 +0000.00867 +0000.00900 +0000.00933 +0000.00967 +0000.01000 
+0000.00200 -1.0003e-02 -9.6695e-03 -9.3363e-03 -9.0030e-03 -8.6698e-03 -8.3366e-03 -8.0033e-03 -7.6701e-03 -7.3368e-03 -7.0035e-03 -6.6703e-03 -6.3370e-03 -6.0037e-03 -5.6705e-03 -5.3372e-03 -5.0039e-03 -4.6706e-03 -4.3373e-03 -4.0041e-03 -3.6708e-03 -3.3375e-03 -3.0042e-03 -2.6708e-03 -2.3375e-03 -2.0042e-03 -1.6709e-03 -1.3376e-03 -1.0042e-03 -6.7090e-04 -3.3757e-04 -4.2285e-06 +3.2911e-04 +6.6246e-04 +9.9581e-04 +1.3292e-03 +1.6625e-03 +1.9959e-03 +2.3292e-03 +2.6626e-03 +2.9960e-03 +3.3293e-03 +3.6627e-03 +3.9961e-03 +4.3294e-03 +4.6628e-03 +4.9962e-03 +5.3296e-03 +5.6629e-03 +5.9963e-03 +6.3297e-03 +6.6630e-03 +6.9964e-03 +7.3298e-03 +7.6631e-03 +7.9965e-03 +8.3299e-03 +8.6632e-03 +8.9966e-03 +9.3299e-03 +9.6632e-03 +9.9966e-03 
+0000.00150 -1.0003e-02 -9.6695e-03 -9.3363e-03 -9.0031e-03 -8.6698e-03 -8.3366e-03 -8.0033e-03 -7.6701e-03 -7.3368e-03 -7.0036e-03 -6.6703e-03 -6.3370e-03 -6.0038e-03 -5.6705e-03 -5.3372e-03 -5.0039e-03 -4.6706e-03 -4.3374e-03 -4.0041e-03 -3.6708e-03 -3.3375e-03 -3.0042e-03 -2.6708e-03 -2.3375e-03 -2.0042e-03 -1.6709e-03 -1.3376e-03 -1.0042e-03 -6.7090e-04 -3.3756e-04 -4.2194e-06 +3.2912e-04 +6.6247e-04 +9.9582e-04 +1.3292e-03 +1.6625e-03 +1.9959e-03 +2.3292e-03 +2.6626e-03 +2.9960e-03 +3.3293e-03 +3.6627e-03 +3.9961e-03 +4.3294e-03 +4.6628e-03 +4.9962e-03 +5.3296e-03 +5.6629e-03 +5.9963e-03 +6.3297e-03 +6.6630e-03 +6.9964e-03 +7.3298e-03 +7.6631e-03 +7.9965e-03 +8.3298e-03 +8.6632e-03 +8.9965e-03 +9.3299e-03 +9.6632e-03 +9.9966e-03 
+0000.00100 -1.0003e-02 -9.6695e-03 -9.3363e-03 -9.0031e-03 -8.6698e-03 -8.3366e-03 -8.0033e-03 -7.6701e-03 -7.3368e-03 -7.0035e-03 -6.6703e-03 -6.3370e-03 -6.0037e-03 -5.6705e-03 -5.3372e-03 -5.0039e-03 -4.6706e-03 -4.3373e-03 -4.0040e-03 -3.6707e-03 -3.3374e-03 -3.0041e-03 -2.6708e-03 -2.3375e-03 -2.0042e-03 -1.6709e-03 -1.3375e-03 -1.0042e-03 -6.7088e-04 -3.3754e-04 -4.1984e-06 +3.2914e-04 +6.6249e-04 +9.9584e-04 +1.3292e-03 +1.6625e-03 +1.9959e-03 +2.3293e-03 +2.6626e-03 +2.9960e-03 +3.3294e-03 +3.6627e-03 +3.9961e-03 +4.3295e-03 +4.6628e-03 +4.9962e-03 +5.3296e-03 +5.6629e-03 +5.9963e-03 +6.3297e-03 +6.6630e-03 +6.9964e-03 +7.3298e-03 +7.6631e-03 +7.9965e-03 +8.3298e-03 +8.6632e-03 +8.9965e-03 +9.3299e-03 +9.6632e-03 +9.9966e-03 
+0000.00050 -1.0003e-02 -9.6695e-03 -9.3363e-03 -9.0031e-03 -8.6698e-03 -8.3366e-03 -8.0033e-03 -7.6701e-03 -7.3368e-03 -7.0035e-03 -6.6703e-03 -6.3370e-03 -6.0037e-03 -5.6705e-03 -5.3372e-03 -5.0039e-03 -4.6706e-03 -4.3373e-03 -4.0040e-03 -3.6707e-03 -3.3374e-03 -3.0041e-03 -2.6708e-03 -2.3375e-03 -2.0042e-03 -1.6708e-03 -1.3375e-03 -1.0042e-03 -6.7086e-04 -3.3752e-04 -4.1838e-06 +3.2916e-04 +6.6250e-04 +9.9585e-04 +1.3292e-03 +1.6626e-03 +1.9959e-03 +2.3293e-03 +2.6626e-03 +2.9960e-03 +3.3294e-03 +3.6627e-03 +3.9961e-03 +4.3295e-03 +4.6628e-03 +4.9962e-03 +5.3296e-03 +5.6629e-03 +5.9963e-03 +6.3297e-03 +6.6630e-03 +6.9964e-03 +7.3298e-03 +7.6631e-03 +7.9965e-03 +8.3298e-03 +8.6632e-03 +8.9965e-03 +9.3299e-03 +9.6632e-03 +9.9966e-03 
+0000.00000 -1.0003e-02 -9.6695e-03 -9.3363e-03 -9.0031e-03 -8.6698e-03 -8.3366e-03 -8.0033e-03 -7.6701e-03 -7.3368e-03 -7.0035e-03 -6.6703e-03 -6.3370e-03 -6.0037e-03 -5.6705e-03 -5.3372e-03 -5.0039e-03 -4.6706e-03 -4.3373e-03 -4.0040e-03 -3.6707e-03 -3.3374e-03 -3.0041e-03 -2.6708e-03 -2.3375e-03 -2.0042e-03 -1.6708e-03 -1.3375e-03 -1.0042e-03 -6.7086e-04 -3.3752e-04 -4.1838e-06 +3.2916e-04 +6.6250e-04 +9.9585e-04 +1.3292e-03 +1.6626e-03 +1.9959e-03 +2.3293e-03 +2.6626e-03 +2.9960e-03 +3.3294e-03 +3.6627e-03 +3.9961e-03 +4.3295e-03 +4.6628e-03 +4.9962e-03 +5.3296e-03 +5.6629e-03 +5.9963e-03 +6.3297e-03 +6.6630e-03 +6.9964e-03 +7.3298e-03 +7.6631e-03 +7.9965e-03 +8.3298e-03 +8.6632e-03 +8.9965e-03 +9.3299e-03 +9.6632e-03 +9.9966e-03 
-0000.00050 -1.0003e-02 -9.6695e-03 -9.3363e-03 -9.0031e-03 -8.6698e-03 -8.3366e-03 -8.0033e-03 -7.6701e-03 -7.3368e-03 -7.0035e-03 -6.6703e-03 -6.3370e-03 -6.0037e-03 -5.6705e-03 -5.3372e-03 -5.0039e-03 -4.6706e-03 -4.3373e-03 -4.0040e-03 -3.6707e-03 -3.3374e-03 -3.0041e-03 -2.6708e-03 -2.3375e-03 -2.0042e-03 -1.6708e-03 -1.3375e-03 -1.0042e-03 -6.7086e-04 -3.3752e-04 -4.1838e-06 +3.2916e-04 +6.6250e-04 +9.9585e-04 +1.3292e-03 +1.6626e-03 +1.9959e-03 +2.3293e-03 +2.6626e-03 +2.9960e-03 +3.3294e-03 +3.6627e-03 +3.9961e-03 +4.3295e-03 +4.6628e-03 +4.9962e-03 +5.3296e-03 +5.6629e-03 +5.9963e-03 +6.3297e-03 +6.6630e-03 +6.9964e-03 +7.3298e-03 +7.6631e-03 +7.9965e-03 +8.3298e-03 +8.6632e-03 +8.9965e-03 +9.3299e-03 +9.6632e-03 +9.9966e-03 
-0000.00100 -1.0003e-02 -9.6695e-03 -9.3363e-03 -9.0031e-03 -8.6698e-03 -8.3366e-03 -8.0033e-03 -7.6701e-03 -7.3368e-03 -7.0035e-03 -6.6703e-03 -6.3370e-03 -6.0037e-03 -5.6705e-03 -5.3372e-03 -5.0039e-03 -4.6706e-03 -4.3373e-03 -4.0040e-03 -3.6707e-03 -3.3374e-03 -3.0041e-03 -2.6708e-03 -2.3375e-03 -2.0042e-03 -1.6709e-03 -1.3375e-03 -1.0042e-03 -6.7088e-04 -3.3754e-04 -4.1984e-06 +3.2914e-04 +6.6249e-04 +9.9584e-04 +1.3292e-03 +1.6625e-03 +1.9959e-03 +2.3293e-03 +2.6626e-03 +2.9960e-03 +3.3294e-03 +3.6627e-03 +3.9961e-03 +4.3295e-03 +4.6628e-03 +4.9962e-03 +5.3296e-03 +5.6629e-03 +5.9963e-03 +6.3297e-03 +6.6630e-03 +6.9964e-03 +7.3298e-03 +7.6631e-03 +7.9965e-03 +8.3298e-03 +8.6632e-03 +8.9965e-03 +9.3299e-03 +9.6632e-03 +9.9966e-03 
-0000.00150 -1.0003e-02 -9.6695e-03 -9.3363e-03 -9.0031e-03 -8.6698e-03 -8.3366e-03 -8.0033e-03 -7.6701e-03 -7.3368e-03 -7.0036e-03 -6.6703e-03 -6.3370e-03 -6.0038e-03 -5.6705e-03 -5.3372e-03 -5.0039e-03 -4.6706e-03 -4.3374e-03 -4.0041e-03 -3.6708e-03 -3.3375e-03 -3.0042e-03 -2.6708e-03 -2.3375e-03 -2.0042e-03 -1.6709e-03 -1.3376e-03 -1.0042e-03 -6.7090e-04 -3.3756e-04 -4.2194e-06 +3.2912e-04 +6.6247e-04 +9.9582e-04 +1.3292e-03 +1.6625e-03 +1.9959e-03 +2.3292e-03 +2.6626e-03 +2.9960e-03 +3.3293e-03 +3.6627e-03 +3.9961e-03 +4.3294e-03 +4.6628e-03 +4.9962e-03 +5.3296e-03 +5.6629e-03 +5.9963e-03 +6.3297e-03 +6.6630e-03 +6.9964e-03 +7.3298e-03 +7.6631e-03 +7.9965e-03 +8.3298e-03 +8.6632e-03 +8.9965e-03 +9.3299e-03 +9.6632e-03 +9.9966e-03 
-0000.00200 -1.0003e-02 -9.6695e-03 -9.3363e-03 -9.0030e-03 -8.6698e-03 -8.3366e-03 -8.0033e-03 -7.6701e-03 -7.3368e-03 -7.0035e-03 -6.6703e-03 -6.3370e-03 -6.0037e-03 -5.6705e-03 -5.3372e-03 -5.0039e-03 -4.6706e-03 -4.3373e-03 -4.0041e-03 -3.6708e-03 -3.3375e-03 -3.0042e-03 -2.6708e-03 -2.3375e-03 -2.0042e-03 -1.6709e-03 -1.3376e-03 -1.0042e-03 -6.7090e-04 -3.3757e-04 -4.2285e-06 +3.2911e-04 +6.6246e-04 +9.9581e-04 +1.3292e-03 +1.6625e-03 +1.9959e-03 +2.3292e-03 +2.6626e-03 +2.9960e-03 +3.3293e-03 +3.6627e-03 +3.9961e-03 +4.3294e-03 +4.6628e-03 +4.9962e-03 +5.3296e-03 +5.6629e-03 +5.9963e-03 +6.3297e-03 +6.6630e-03 +6.9964e-03 +7.3298e-03 +7.6631e-03 +7.9965e-03 +8.3299e-03 +8.6632e-03 +8.9966e-03 +9.3299e-03 +9.6632e-03 +9.9966e-03 
# Vertical Final Position [m]
START
            -0000.01000 -0000.00967 -0000.00933 -0000.00900 -0000.00867 -0000.00833 -0000.00800 -0000.00767 -0000.00733 -0000.00700 -0000.00667 -0000.00633 -0000.00600 -0000.00567 -0000.00533 -0000.00500 -0000.00467 -0000.00433 -0000.00400 -0000.00367 -0000.00333 -0000.00300 -0000.00267 -0000.00233 -0000.00200 -0000.00167 -0000.00133 -0000.00100 -0000.00067 -0000.00033 +0000.00000 +0000.00033 +0000.00067 +0000.00100 +0000.00133 +0000.00167 +0000.00200 +0000.00233 +0000.00267 +0000.00300 +0000.00333 +0000.00367 +0000.00400 +0000.00433 +0000.00467 +0000.00500 +0000.00533 +0000.00567 +0000.00600 +0000.00633 +0000.00667 +0000.00700 +0000.00733 +0000.00767 +0000.00800 +0000.00833 +0000.00867 +0000.00900 +0000.00933 +0000.00967 +0000.01000 
+0000.00200 +2.0002e-03 +2.0002e-03 +2.0002e-03 +2.0003e-03 +2.0003e-03 +2.0003e-03 +2.0003e-03 +2.0003e-03 +2.0003e-03 +2.0003e-03 +2.0003e-03 +2.0003e-03 +2.0003e-03 +2.0003e-03 +2.0003e-03 +2.0003e-03 +2.0003e-03 +2.0002e-03 +2.0002e-03 +2.0002e-03 +2.0002e-03 +2.0002e-03 +2.0001e-03 +2.0001e-03 +2.0001e-03 +2.0001e-03 +2.0000e-03 +2.0000e-03 +2.0000e-03 +2.0000e-03 +2.0000e-03 +1.9999e-03 +1.9999e-03 +1.9999e-03 +1.9999e-03 +1.9999e-03 +1.9998e-03 +1.9998e-03 +1.9998e-03 +1.9998e-03 +1.9998e-03 +1.9998e-03 +1.9997e-03 +1.9997e-03 +1.9997e-03 +1.9997e-03 +1.9997e-03 +1.9997e-03 +1.9997e-03 +1.9997e-03 +1.9997e-03 +1.9997e-03 +1.9997e-03 +1.9997e-03 +1.9997e-03 +1.9997e-03 +1.9997e-03 +1.9997e-03 +1.9997e-03 +1.9997e-03 +1.9997e-03 
+0000.00150 +1.5002e-03 +1.5002e-03 +1.5002e-03 +1.5002e-03 +1.5002e-03 +1.5002e-03 +1.5002e-03 +1.5002e-03 +1.5002e-03 +1.5002e-03 +1.5002e-03 +1.5002e-03 +1.5002e-03 +1.5002e-03 +1.5002e-03 +1.5002e-03 +1.5002e-03 +1.5002e-03 +1.5002e-03 +1.5001e-03 +1.5001e-03 +1.5001e-03 +1.5001e-03 +1.5001e-03 +1.5001e-03 +1.5001e-03 +1.5000e-03 +1.5000e-03 +1.5000e-03 +1.5000e-03 +1.5000e-03 +1.5000e-03 +1.4999e-03 +1.4999e-03 +1.4999e-03 +1.4999e-03 +1.4999e-03 +1.4999e-03 +1.4999e-03 +1.4998e-03 +1.4998e-03 +1.4998e-03 +1.4998e-03 +1.4998e-03 +1.4998e-03 +1.4998e-03 +1.4998e-03 +1.4998e-03 +1.4997e-03 +1.4997e-03 +1.4997e-03 +1.4997e-03 +1.4997e-03 +1.4997e-03 +1.4997e-03 +1.4997e-03 +1.4998e-03 +1.4998e-03 +1.4998e-03 +1.4998e-03 +1.4998e-03 
+0000.00100 +1.0001e-03 +1.0001e-03 +1.0001e-03 +1.0001e-03 +1.0001e-03 +1.0001e-03 +1.0001e-03 +1.0001e-03 +1.0001e-03 +1.0001e-03 +1.0001e-03 +1.0001e-03 +1.0001e-03 +1.0001e-03 +1.0001e-03 +1.0001e-03 +1.0001e-03 +1.0001e-03 +1.0001e-03 +1.0001e-03 +1.0001e-03 +1.0001e-03 +1.0001e-03 +1.0001e-03 +1.0000e-03 +1.0000e-03 +1.0000e-03 +1.0000e-03 +1.0000e-03 +9.9999e-04 +9.9998e-04 +9.9997e-04 +9.9996e-04 +9.9995e-04 +9.9994e-04 +9.9993e-04 +9.9992e-04 +9.9991e-04 +9.9991e-04 +9.9990e-04 +9.9989e-04 +9.9988e-04 +9.9988e-04 +9.9987e-04 +9.9987e-04 +9.9986e-04 +9.9986e-04 +9.9985e-04 +9.9985e-04 +9.9985e-04 +9.9985e-04 +9.9985e-04 +9.9985e-04 +9.9985e-04 +9.9985e-04 +9.9985e-04 +9.9985e-04 +9.9986e-04 +9.9986e-04 +9.9987e-04 +9.9987e-04 
+0000.00050 +5.0004e-04 +5.0005e-04 +5.0006e-04 +5.0006e-04 +5.0006e-04 +5.0007e-04 +5.0007e-04 +5.0007e-04 +5.0007e-04 +5.0007e-04 +5.0007e-04 +5.0007e-04 +5.0007e-04 +5.0007e-04 +5.0006e-04 +5.0006e-04 +5.0006e-04 +5.0005e-04 +5.0005e-04 +5.0005e-04 +5.0004e-04 +5.0004e-04 +5.0003e-04 +5.0003e-04 +5.0002e-04 +5.0002e-04 +5.0001e-04 +5.0001e-04 +5.0000e-04 +5.0000e-04 +4.9999e-04 +4.9999e-04 +4.9998e-04 +4.9998e-04 +4.9997e-04 +4.9997e-04 +4.9996e-04 +4.9996e-04 +4.9996e-04 +4.9995e-04 +4.9995e-04 +4.9994e-04 +4.9994e-04 +4.9994e-04 +4.9994e-04 +4.9993e-04 +4.9993e-04 +4.9993e-04 +4.9993e-04 +4.9993e-04 +4.9993e-04 +4.9993e-04 +4.9993e-04 +4.9993e-04 +4.9993e-04 +4.9993e-04 +4.9993e-04 +4.9993e-04 +4.9993e-04 +4.9994e-04 +4.9994e-04 
+0000.00000 -1.1961e-11 -1.2227e-11 -1.2551e-11 -1.2925e-11 -1.3343e-11 -1.3798e-11 -1.4284e-11 -1.4796e-11 -1.5328e-11 -1.5874e-11 -1.6430e-11 -1.6991e-11 -1.7551e-11 -1.8107e-11 -1.8654e-11 -1.9189e-11 -1.9707e-11 -2.0206e-11 -2.0682e-11 -2.1131e-11 -2.1552e-11 -2.1942e-11 -2.2298e-11 -2.2619e-11 -2.2902e-11 -2.3146e-11 -2.3350e-11 -2.3513e-11 -2.3633e-11 -2.3710e-11 -2.3744e-11 -2.3735e-11 -2.3682e-11 -2.3586e-11 -2.3447e-11 -2.3267e-11 -2.3046e-11 -2.2785e-11 -2.2486e-11 -2.2152e-11 -2.1782e-11 -2.1381e-11 -2.0950e-11 -2.0492e-11 -2.0010e-11 -1.9507e-11 -1.8986e-11 -1.8452e-11 -1.7907e-11 -1.7356e-11 -1.6804e-11 -1.6254e-11 -1.5712e-11 -1.5183e-11 -1.4672e-11 -1.4184e-11 -1.3725e-11 -1.3301e-11 -1.2919e-11 -1.2585e-11 -1.2305e-11 
-0000.00050 -5.0004e-04 -5.0005e-04 -5.0006e-04 -5.0006e-04 -5.0006e-04 -5.0007e-04 -5.0007e-04 -5.0007e-04 -5.0007e-04 -5.0007e-04 -5.0007e-04 -5.0007e-04 -5.0007e-04 -5.0007e-04 -5.0006e-04 -5.0006e-04 -5.0006e-04 -5.0005e-04 -5.0005e-04 -5.0005e-04 -5.0004e-04 -5.0004e-04 -5.0003e-04 -5.0003e-04 -5.0002e-04 -5.0002e-04 -5.0001e-04 -5.0001e-04 -5.0000e-04 -5.0000e-04 -4.9999e-04 -4.9999e-04 -4.9998e-04 -4.9998e-04 -4.9997e-04 -4.9997e-04 -4.9996e-04 -4.9996e-04 -4.9996e-04 -4.9995e-04 -4.9995e-04 -4.9994e-04 -4.9994e-04 -4.9994e-04 -4.9994e-04 -4.9993e-04 -4.9993e-04 -4.9993e-04 -4.9993e-04 -4.9993e-04 -4.9993e-04 -4.9993e-04 -4.9993e-04 -4.9993e-04 -4.9993e-04 -4.9993e-04 -4.9993e-04 -4.9993e-04 -4.9993e-04 -4.9994e-04 -4.9994e-04 
-0000.00100 -1.0001e-03 -1.0001e-03 -1.0001e-03 -1.0001e-03 -1.0001e-03 -1.0001e-03 -1.0001e-03 -1.0001e-03 -1.0001e-03 -1.0001e-03 -1.0001e-03 -1.0001e-03 -1.0001e-03 -1.0001e-03 -1.0001e-03 -1.0001e-03 -1.0001e-03 -1.0001e-03 -1.0001e-03 -1.0001e-03 -1.0001e-03 -1.0001e-03 -1.0001e-03 -1.0001e-03 -1.0000e-03 -1.0000e-03 -1.0000e-03 -1.0000e-03 -1.0000e-03 -9.9999e-04 -9.9998e-04 -9.9997e-04 -9.9996e-04 -9.9995e-04 -9.9994e-04 -9.9993e-04 -9.9992e-04 -9.9991e-04 -9.9991e-04 -9.9990e-04 -9.9989e-04 -9.9988e-04 -9.9988e-04 -9.9987e-04 -9.9987e-04 -9.9986e-04 -9.9986e-04 -9.9985e-04 -9.9985e-04 -9.9985e-04 -9.9985e-04 -9.9985e-04 -9.9985e-04 -9.9985e-04 -9.9985e-04 -9.9985e-04 -9.9985e-04 -9.9986e-04 -9.9986e-04 -9.9987e-04 -9.9987e-04 
-0000.00150 -1.5002e-03 -1.5002e-03 -1.5002e-03 -1.5002e-03 -1.5002e-03 -1.5002e-03 -1.5002e-03 -1.5002e-03 -1.5002e-03 -1.5002e-03 -1.5002e-03 -1.5002e-03 -1.5002e-03 -1.5002e-03 -1.5002e-03 -1.5002e-03 -1.5002e-03 -1.5002e-03 -1.5002e-03 -1.5001e-03 -1.5001e-03 -1.5001e-03 -1.5001e-03 -1.5001e-03 -1.5001e-03 -1.5001e-03 -1.5000e-03 -1.5000e-03 -1.5000e-03 -1.5000e-03 -1.5000e-03 -1.5000e-03 -1.4999e-03 -1.4999e-03 -1.4999e-03 -1.4999e-03 -1.4999e-03 -1.4999e-03 -1.4999e-03 -1.4998e-03 -1.4998e-03 -1.4998e-03 -1.4998e-03 -1.4998e-03 -1.4998e-03 -1.4998e-03 -1.4998e-03 -1.4998e-03 -1.4997e-03 -1.4997e-03 -1.4997e-03 -1.4997e-03 -1.4997e-03 -1.4997e-03 -1.4997e-03 -1.4997e-03 -1.4998e-03 -1.4998e-03 -1.4998e-03 -1.4998e-03 -1.4998e-03 
-0000.00200 -2.0002e-03 -2.0002e-03 -2.0002e-03 -2.0003e-03 -2.0003e-03 -2.0003e-03 -2.0003e-03 -2.0003e-03 -2.0003e-03 -2.0003e-03 -2.0003e-03 -2.0003e-03 -2.0003e-03 -2.0003e-03 -2.0003e-03 -2.0003e-03 -2.0003e-03 -2.0002e-03 -2.0002e-03 -2.0002e-03 -2.0002e-03 -2.0002e-03 -2.0001e-03 -2.0001e-03 -2.0001e-03 -2.0001e-03 -2.0000e-03 -2.0000e-03 -2.0000e-03 -2.0000e-03 -2.0000e-03 -1.9999e-03 -1.9999e-03 -1.9999e-03 -1.9999e-03 -1.9999e-03 -1.9998e-03 -1.9998e-03 -1.9998e-03 -1.9998e-03 -1.9998e-03 -1.9998e-03 -1.9997e-03 -1.9997e-03 -1.9997e-03 -1.9997e-03 -1.9997e-03 -1.9997e-03 -1.9997e-03 -1.9997e-03 -1.9997e-03 -1.9997e-03 -1.9997e-03 -1.9997e-03 -1.9997e-03 -1.9997e-03 -1.9997e-03 -1.9997e-03 -1.9997e-03 -1.9997e-03 -1.9997e-03 