# Author: FAC idanalysis.IDKickMap
#
# Total Length of Longitudinal Interval [m]
0.13
# Number of Horizontal Points
25
# Number of Vertical Points
9
# Total Horizontal 2nd Order Kick [T2m2]
START
            -0000.01200 -0000.01100 -0000.01000 -0000.00900 -0000.00800 -0000.00700 -0000.00600 -0000.00500 -0000.00400 -0000.00300 -0000.00200 -0000.00100 +0000.00000 +0000.00100 +0000.00200 +0000.00300 +0000.00400 +0000.00500 +0000.00600 +0000.00700 +0000.00800 +0000.00900 +0000.01000 +0000.01100 +0000.01200
+0000.00200 -8.2800e-05 -8.0647e-05 -7.8565e-05 -7.6790e-05 -7.5440e-05 -7.4232e-05 -7.3024e-05 -7.1922e-05 -7.1226e-05 -7.0829e-05 -7.0452e-05 -7.0051e-05 -6.9866e-05 -7.0070e-05 -7.0397e-05 -7.0687e-05 -7.1038e-05 -7.1769e-05 -7.2822e-05 -7.3927e-05 -7.5044e-05 -7.6401e-05 -7.8183e-05 -8.0153e-05 -8.2165e-05
+0000.00150 -8.2996e-05 -8.0829e-05 -7.8814e-05 -7.7064e-05 -7.5627e-05 -7.4368e-05 -7.3198e-05 -7.2178e-05 -7.1448e-05 -7.0961e-05 -7.0569e-05 -7.0241e-05 -7.0102e-05 -7.0231e-05 -7.0507e-05 -7.0837e-05 -7.1284e-05 -7.2003e-05 -7.2977e-05 -7.4073e-05 -7.5266e-05 -7.6678e-05 -7.8398e-05 -8.0328e-05 -8.2387e-05
+0000.00100 -8.3146e-05 -8.0970e-05 -7.8985e-05 -7.7244e-05 -7.5765e-05 -7.4478e-05 -7.3326e-05 -7.2345e-05 -7.1600e-05 -7.1067e-05 -7.0664e-05 -7.0373e-05 -7.0255e-05 -7.0350e-05 -7.0599e-05 -7.0951e-05 -7.1445e-05 -7.2161e-05 -7.3099e-05 -7.4189e-05 -7.5421e-05 -7.6860e-05 -7.8556e-05 -8.0467e-05 -8.2551e-05
+0000.00050 -8.3239e-05 -8.1057e-05 -7.9085e-05 -7.7347e-05 -7.5850e-05 -7.4548e-05 -7.3405e-05 -7.2440e-05 -7.1688e-05 -7.1133e-05 -7.0726e-05 -7.0450e-05 -7.0341e-05 -7.0422e-05 -7.0659e-05 -7.1022e-05 -7.1537e-05 -7.2253e-05 -7.3175e-05 -7.4263e-05 -7.5513e-05 -7.6965e-05 -7.8652e-05 -8.0554e-05 -8.2652e-05
+0000.00000 -8.3269e-05 -8.1086e-05 -7.9117e-05 -7.7381e-05 -7.5878e-05 -7.4571e-05 -7.3431e-05 -7.2470e-05 -7.1716e-05 -7.1156e-05 -7.0747e-05 -7.0475e-05 -7.0370e-05 -7.0446e-05 -7.0679e-05 -7.1046e-05 -7.1567e-05 -7.2284e-05 -7.3201e-05 -7.4289e-05 -7.5543e-05 -7.7000e-05 -7.8685e-05 -8.0585e-05 -8.2687e-05
-0000.00050 -8.3235e-05 -8.1054e-05 -7.9083e-05 -7.7346e-05 -7.5848e-05 -7.4546e-05 -7.3404e-05 -7.2439e-05 -7.1687e-05 -7.1133e-05 -7.0725e-05 -7.0449e-05 -7.0341e-05 -7.0422e-05 -7.0659e-05 -7.1023e-05 -7.1537e-05 -7.2254e-05 -7.3176e-05 -7.4264e-05 -7.5514e-05 -7.6967e-05 -7.8654e-05 -8.0557e-05 -8.2656e-05
-0000.00100 -8.3139e-05 -8.0964e-05 -7.8981e-05 -7.7241e-05 -7.5763e-05 -7.4475e-05 -7.3324e-05 -7.2343e-05 -7.1598e-05 -7.1065e-05 -7.0663e-05 -7.0372e-05 -7.0255e-05 -7.0350e-05 -7.0600e-05 -7.0953e-05 -7.1446e-05 -7.2163e-05 -7.3101e-05 -7.4192e-05 -7.5423e-05 -7.6863e-05 -7.8561e-05 -8.0473e-05 -8.2559e-05
-0000.00150 -8.2985e-05 -8.0820e-05 -7.8808e-05 -7.7059e-05 -7.5623e-05 -7.4364e-05 -7.3194e-05 -7.2176e-05 -7.1446e-05 -7.0959e-05 -7.0567e-05 -7.0240e-05 -7.0102e-05 -7.0232e-05 -7.0509e-05 -7.0839e-05 -7.1286e-05 -7.2005e-05 -7.2980e-05 -7.4077e-05 -7.5270e-05 -7.6682e-05 -7.8405e-05 -8.0338e-05 -8.2398e-05
-0000.00200 -8.2785e-05 -8.0634e-05 -7.8556e-05 -7.6784e-05 -7.5435e-05 -7.4226e-05 -7.3020e-05 -7.1919e-05 -7.1224e-05 -7.0826e-05 -7.0449e-05 -7.0049e-05 -6.9866e-05 -7.0072e-05 -7.0400e-05 -7.0689e-05 -7.1040e-05 -7.1772e-05 -7.2826e-05 -7.3932e-05 -7.5049e-05 -7.6406e-05 -7.8192e-05 -8.0165e-05 -8.2180e-05
# Total Vertical 2nd Order Kick [T2m2]
START
            -0000.01200 -0000.01100 -0000.01000 -0000.00900 -0000.00800 -0000.00700 -0000.00600 -0000.00500 -0000.00400 -0000.00300 -0000.00200 -0000.00100 +0000.00000 +0000.00100 +0000.00200 +0000.00300 +0000.00400 +0000.00500 +0000.00600 +0000.00700 +0000.00800 +0000.00900 +0000.01000 +0000.01100 +0000.01200
+0000.00200 -6.4725e-05 -6.4403e-05 -6.3998e-05 -6.3409e-05 -6.2940e-05 -6.2682e-05 -6.2441e-05 -6.2003e-05 -6.1465e-05 -6.1150e-05 -6.0984e-05 -6.0732e-05 -6.0260e-05 -5.9855e-05 -5.9658e-05 -5.9477e-05 -5.9084e-05 -5.8543e-05 -5.8184e-05 -5.7955e-05 -5.7630e-05 -5.7079e-05 -5.6564e-05 -5.6224e-05 -5.5879e-05
+0000.00150 -4.3631e-05 -4.3354e-05 -4.3039e-05 -4.2646e-05 -4.2307e-05 -4.2081e-05 -4.1867e-05 -4.1557e-05 -4.1204e-05 -4.0955e-05 -4.0791e-05 -4.0585e-05 -4.0276e-05 -3.9993e-05 -3.9812e-05 -3.9641e-05 -3.9360e-05 -3.9004e-05 -3.8726e-05 -3.8516e-05 -3.8256e-05 -3.7884e-05 -3.7517e-05 -3.7230e-05 -3.6939e-05
+0000.00100 -2.6908e-05 -2.6710e-05 -2.6497e-05 -2.6252e-05 -2.6033e-05 -2.5870e-05 -2.5715e-05 -2.5516e-05 -2.5298e-05 -2.5129e-05 -2.5005e-05 -2.4861e-05 -2.4671e-05 -2.4490e-05 -2.4358e-05 -2.4230e-05 -2.4047e-05 -2.3828e-05 -2.3640e-05 -2.3486e-05 -2.3305e-05 -2.3071e-05 -2.2834e-05 -2.2631e-05 -2.2423e-05
+0000.00050 -1.2832e-05 -1.2731e-05 -1.2625e-05 -1.2507e-05 -1.2400e-05 -1.2316e-05 -1.2236e-05 -1.2139e-05 -1.2034e-05 -1.1949e-05 -1.1884e-05 -1.1810e-05 -1.1719e-05 -1.1631e-05 -1.1562e-05 -1.1494e-05 -1.1404e-05 -1.1298e-05 -1.1203e-05 -1.1122e-05 -1.1030e-05 -1.0915e-05 -1.0798e-05 -1.0692e-05 -1.0584e-05
+0000.00000 -4.5087e-09 -7.9110e-09 -1.0569e-08 -1.2539e-08 -1.4083e-08 -1.5424e-08 -1.6571e-08 -1.7475e-08 -1.8203e-08 -1.8870e-08 -1.9484e-08 -1.9942e-08 -2.0129e-08 -1.9999e-08 -1.9600e-08 -1.9044e-08 -1.8434e-08 -1.7755e-08 -1.6884e-08 -1.5759e-08 -1.4435e-08 -1.2912e-08 -1.0967e-08 -8.3282e-09 -4.9277e-09
-0000.00050 +1.2822e-05 +1.2715e-05 +1.2604e-05 +1.2482e-05 +1.2372e-05 +1.2285e-05 +1.2203e-05 +1.2104e-05 +1.1998e-05 +1.1912e-05 +1.1845e-05 +1.1771e-05 +1.1679e-05 +1.1591e-05 +1.1523e-05 +1.1456e-05 +1.1367e-05 +1.1262e-05 +1.1169e-05 +1.1090e-05 +1.1001e-05 +1.0889e-05 +1.0775e-05 +1.0675e-05 +1.0574e-05
-0000.00100 +2.6898e-05 +2.6694e-05 +2.6476e-05 +2.6227e-05 +2.6004e-05 +2.5838e-05 +2.5682e-05 +2.5481e-05 +2.5261e-05 +2.5091e-05 +2.4966e-05 +2.4821e-05 +2.4630e-05 +2.4450e-05 +2.4319e-05 +2.4192e-05 +2.4010e-05 +2.3792e-05 +2.3606e-05 +2.3454e-05 +2.3276e-05 +2.3045e-05 +2.2811e-05 +2.2614e-05 +2.2413e-05
-0000.00150 +4.3621e-05 +4.3337e-05 +4.3016e-05 +4.2620e-05 +4.2279e-05 +4.2049e-05 +4.1833e-05 +4.1522e-05 +4.1167e-05 +4.0917e-05 +4.0752e-05 +4.0544e-05 +4.0235e-05 +3.9952e-05 +3.9773e-05 +3.9603e-05 +3.9323e-05 +3.8968e-05 +3.8691e-05 +3.8484e-05 +3.8226e-05 +3.7857e-05 +3.7493e-05 +3.7212e-05 +3.6927e-05
-0000.00200 +6.4714e-05 +6.4384e-05 +6.3974e-05 +6.3382e-05 +6.2912e-05 +6.2650e-05 +6.2406e-05 +6.1967e-05 +6.1428e-05 +6.1112e-05 +6.0945e-05 +6.0691e-05 +6.0218e-05 +5.9814e-05 +5.9618e-05 +5.9439e-05 +5.9048e-05 +5.8506e-05 +5.8149e-05 +5.7922e-05 +5.7601e-05 +5.7052e-05 +5.6538e-05 +5.6204e-05 +5.5867e-05
# Horizontal Final Position [m]
START
            -0000.01200 -0000.01100 -0000.01000 -0000.00900 -0000.00800 -0000.00700 -0000.00600 -0000.00500 -0000.00400 -0000.00300 -0000.00200 -0000.00100 +0000.00000 +0000.00100 +0000.00200 +0000.00300 +0000.00400 +0000.00500 +0000.00600 +0000.00700 +0000.00800 +0000.00900 +0000.01000 +0000.01100 +0000.01200
+0000.00200 -1.2003e-02 -1.1003e-02 -1.0003e-02 -9.0027e-03 -8.0027e-03 -7.0027e-03 -6.0028e-03 -5.0028e-03 -4.0028e-03 -3.0028e-03 -2.0028e-03 -1.0028e-03 -2.8254e-06 +9.9718e-04 +1.9972e-03 +2.9972e-03 +3.9972e-03 +4.9972e-03 +5.9972e-03 +6.9973e-03 +7.9973e-03 +8.9973e-03 +9.9973e-03 +1.0997e-02 +1.1997e-02
+0000.00150 -1.2003e-02 -1.1003e-02 -1.0003e-02 -9.0027e-03 -8.0027e-03 -7.0027e-03 -6.0028e-03 -5.0028e-03 -4.0028e-03 -3.0028e-03 -2.0028e-03 -1.0028e-03 -2.8279e-06 +9.9717e-04 +1.9972e-03 +2.9972e-03 +3.9972e-03 +4.9972e-03 +5.9972e-03 +6.9973e-03 +7.9973e-03 +8.9973e-03 +9.9973e-03 +1.0997e-02 +1.1997e-02
+0000.00100 -1.2003e-02 -1.1003e-02 -1.0003e-02 -9.0027e-03 -8.0027e-03 -7.0028e-03 -6.0028e-03 -5.0028e-03 -4.0028e-03 -3.0028e-03 -2.0028e-03 -1.0028e-03 -2.8297e-06 +9.9717e-04 +1.9972e-03 +2.9972e-03 +3.9972e-03 +4.9972e-03 +5.9972e-03 +6.9973e-03 +7.9973e-03 +8.9973e-03 +9.9973e-03 +1.0997e-02 +1.1997e-02
+0000.00050 -1.2003e-02 -1.1003e-02 -1.0003e-02 -9.0027e-03 -8.0027e-03 -7.0028e-03 -6.0028e-03 -5.0028e-03 -4.0028e-03 -3.0028e-03 -2.0028e-03 -1.0028e-03 -2.8308e-06 +9.9717e-04 +1.9972e-03 +2.9972e-03 +3.9972e-03 +4.9972e-03 +5.9972e-03 +6.9972e-03 +7.9973e-03 +8.9973e-03 +9.9973e-03 +1.0997e-02 +1.1997e-02
+0000.00000 -1.2003e-02 -1.1003e-02 -1.0003e-02 -9.0027e-03 -8.0027e-03 -7.0028e-03 -6.0028e-03 -5.0028e-03 -4.0028e-03 -3.0028e-03 -2.0028e-03 -1.0028e-03 -2.8311e-06 +9.9717e-04 +1.9972e-03 +2.9972e-03 +3.9972e-03 +4.9972e-03 +5.9972e-03 +6.9972e-03 +7.9973e-03 +8.9973e-03 +9.9973e-03 +1.0997e-02 +1.1997e-02
-0000.00050 -1.2003e-02 -1.1003e-02 -1.0003e-02 -9.0027e-03 -8.0027e-03 -7.0028e-03 -6.0028e-03 -5.0028e-03 -4.0028e-03 -3.0028e-03 -2.0028e-03 -1.0028e-03 -2.8308e-06 +9.9717e-04 +1.9972e-03 +2.9972e-03 +3.9972e-03 +4.9972e-03 +5.9972e-03 +6.9972e-03 +7.9973e-03 +8.9973e-03 +9.9973e-03 +1.0997e-02 +1.1997e-02
-0000.00100 -1.2003e-02 -1.1003e-02 -1.0003e-02 -9.0027e-03 -8.0027e-03 -7.0028e-03 -6.0028e-03 -5.0028e-03 -4.0028e-03 -3.0028e-03 -2.0028e-03 -1.0028e-03 -2.8297e-06 +9.9717e-04 +1.9972e-03 +2.9972e-03 +3.9972e-03 +4.9972e-03 +5.9972e-03 +6.9973e-03 +7.9973e-03 +8.9973e-03 +9.9973e-03 +1.0997e-02 +1.1997e-02
-0000.00150 -1.2003e-02 -1.1003e-02 -1.0003e-02 -9.0027e-03 -8.0027e-03 -7.0027e-03 -6.0028e-03 -5.0028e-03 -4.0028e-03 -3.0028e-03 -2.0028e-03 -1.0028e-03 -2.8279e-06 +9.9717e-04 +1.9972e-03 +2.9972e-03 +3.9972e-03 +4.9972e-03 +5.9972e-03 +6.9973e-03 +7.9973e-03 +8.9973e-03 +9.9973e-03 +1.0997e-02 +1.1997e-02
-0000.00200 -1.2003e-02 -1.1003e-02 -1.0003e-02 -9.0027e-03 -8.0027e-03 -7.0027e-03 -6.0028e-03 -5.0028e-03 -4.0028e-03 -3.0028e-03 -2.0028e-03 -1.0028e-03 -2.8254e-06 +9.9718e-04 +1.9972e-03 +2.9972e-03 +3.9972e-03 +4.9972e-03 +5.9972e-03 +6.9973e-03 +7.9973e-03 +8.9973e-03 +9.9973e-03 +1.0997e-02 +1.1997e-02
# Vertical Final Position [m]
START
            -0000.01200 -0000.01100 -0000.01000 -0000.00900 -0000.00800 -0000.00700 -0000.00600 -0000.00500 -0000.00400 -0000.00300 -0000.00200 -0000.00100 +0000.00000 +0000.00100 +0000.00200 +0000.00300 +0000.00400 +0000.00500 +0000.00600 +0000.00700 +0000.00800 +0000.00900 +0000.01000 +0000.01100 +0000.01200
+0000.00200 +2.0000e-03 +2.0000e-03 +2.0000e-03 +2.0000e-03 +2.0000e-03 +2.0000e-03 +2.0000e-03 +2.0000e-03 +2.0000e-03 +2.0000e-03 +2.0000e-03 +1.9999e-03 +1.9999e-03 +1.9999e-03 +1.9999e-03 +1.9999e-03 +1.9999e-03 +1.9999e-03 +1.9999e-03 +1.9999e-03 +1.9999e-03 +1.9999e-03 +1.9999e-03 +1.9999e-03 +1.9998e-03
+0000.00150 +1.5000e-03 +1.5000e-03 +1.5000e-03 +1.5000e-03 +1.5000e-03 +1.5000e-03 +1.5000e-03 +1.5000e-03 +1.5000e-03 +1.5000e-03 +1.5000e-03 +1.5000e-03 +1.5000e-03 +1.5000e-03 +1.5000e-03 +1.4999e-03 +1.4999e-03 +1.4999e-03 +1.4999e-03 +1.4999e-03 +1.4999e-03 +1.4999e-03 +1.4999e-03 +1.4999e-03 +1.4999e-03
+0000.00100 +1.0000e-03 +1.0000e-03 +1.0000e-03 +1.0000e-03 +1.0000e-03 +1.0000e-03 +1.0000e-03 +9.9999e-04 +9.9999e-04 +9.9998e-04 +9.9998e-04 +9.9998e-04 +9.9998e-04 +9.9997e-04 +9.9997e-04 +9.9997e-04 +9.9996e-04 +9.9996e-04 +9.9995e-04 +9.9995e-04 +9.9995e-04 +9.9994e-04 +9.9994e-04 +9.9993e-04 +9.9993e-04
+0000.00050 +5.0001e-04 +5.0001e-04 +5.0001e-04 +5.0001e-04 +5.0000e-04 +5.0000e-04 +5.0000e-04 +5.0000e-04 +4.9999e-04 +4.9999e-04 +4.9999e-04 +4.9999e-04 +4.9999e-04 +4.9999e-04 +4.9999e-04 +4.9998e-04 +4.9998e-04 +4.9998e-04 +4.9998e-04 +4.9998e-04 +4.9997e-04 +4.9997e-04 +4.9997e-04 +4.9997e-04 +4.9996e-04
+0000.00000 -1.9492e-11 -2.5145e-11 -2.9714e-11 -3.3266e-11 -3.6167e-11 -3.8728e-11 -4.0927e-11 -4.2639e-11 -4.3924e-11 -4.4974e-11 -4.5864e-11 -4.6503e-11 -4.6757e-11 -4.6567e-11 -4.5989e-11 -4.5158e-11 -4.4163e-11 -4.2924e-11 -4.1246e-11 -3.9072e-11 -3.6533e-11 -3.3657e-11 -3.0134e-11 -2.5589e-11 -1.9940e-11
-0000.00050 -5.0001e-04 -5.0001e-04 -5.0001e-04 -5.0001e-04 -5.0000e-04 -5.0000e-04 -5.0000e-04 -5.0000e-04 -4.9999e-04 -4.9999e-04 -4.9999e-04 -4.9999e-04 -4.9999e-04 -4.9999e-04 -4.9999e-04 -4.9998e-04 -4.9998e-04 -4.9998e-04 -4.9998e-04 -4.9998e-04 -4.9997e-04 -4.9997e-04 -4.9997e-04 -4.9997e-04 -4.9996e-04
-0000.00100 -1.0000e-03 -1.0000e-03 -1.0000e-03 -1.0000e-03 -1.0000e-03 -1.0000e-03 -1.0000e-03 -9.9999e-04 -9.9999e-04 -9.9998e-04 -9.9998e-04 -9.9998e-04 -9.9998e-04 -9.9997e-04 -9.9997e-04 -9.9997e-04 -9.9996e-04 -9.9996e-04 -9.9995e-04 -9.9995e-04 -9.9995e-04 -9.9994e-04 -9.9994e-04 -9.9993e-04 -9.9993e-04
-0000.00150 -1.5000e-03 -1.5000e-03 -1.5000e-03 -1.5000e-03 -1.5000e-03 -1.5000e-03 -1.5000e-03 -1.5000e-03 -1.5000e-03 -1.5000e-03 -1.5000e-03 -1.5000e-03 -1.5000e-03 -1.5000e-03 -1.5000e-03 -1.4999e-03 -1.4999e-03 -1.4999e-03 -1.4999e-03 -1.4999e-03 -1.4999e-03 -1.4999e-03 -1.4999e-03 -1.4999e-03 -1.4999e-03
-0000.00200 -2.0000e-03 -2.0000e-03 -2.0000e-03 -2.0000e-03 -2.0000e-03 -2.0000e-03 -2.0000e-03 -2.0000e-03 -2.0000e-03 -2.0000e-03 -2.0000e-03 -1.9999e-03 -1.9999e-03 -1.9999e-03 -1.9999e-03 -1.9999e-03 -1.9999e-03 -1.9999e-03 -1.9999e-03 -1.9999e-03 -1.9999e-03 -1.9999e-03 -1.9999e-03 -1.9999e-03 -1.9998e-03
