# Author: FAC idanalysis.IDKickMap
# Termination_kicks [T2m2]: +4.4086e-04 +1.6696e-08 -8.0643e-04 -2.7996e-08 
# Total Length of Longitudinal Interval [m]
0.116
# Number of Horizontal Points
21
# Number of Vertical Points
5
# Total Horizontal 2nd Order Kick [T2m2]
START
            -0000.01000 -0000.00900 -0000.00800 -0000.00700 -0000.00600 -0000.00500 -0000.00400 -0000.00300 -0000.00200 -0000.00100 +0000.00000 +0000.00100 +0000.00200 +0000.00300 +0000.00400 +0000.00500 +0000.00600 +0000.00700 +0000.00800 +0000.00900 +0000.01000 
+0000.00600 +3.6482e-04 +3.6795e-04 +3.5693e-04 +3.6539e-04 +3.6914e-04 +3.6149e-04 +3.6563e-04 +3.7217e-04 +3.6351e-04 +3.6657e-04 +3.6579e-04 +3.6452e-04 +3.6757e-04 +3.5854e-04 +3.6510e-04 +3.6924e-04 +3.6219e-04 +3.6593e-04 +3.7442e-04 +3.6335e-04 +3.6649e-04 
+0000.00300 +3.6650e-04 +3.6777e-04 +3.6611e-04 +3.6569e-04 +3.6736e-04 +3.6482e-04 +3.6578e-04 +3.6658e-04 +3.6467e-04 +3.6627e-04 +3.6562e-04 +3.6482e-04 +3.6642e-04 +3.6434e-04 +3.6513e-04 +3.6609e-04 +3.6387e-04 +3.6552e-04 +3.6509e-04 +3.6342e-04 +3.6469e-04 
+0000.00000 +3.6065e-04 +3.6326e-04 +3.6395e-04 +3.6437e-04 +3.6479e-04 +3.6471e-04 +3.6500e-04 +3.6520e-04 +3.6515e-04 +3.6551e-04 +3.6554e-04 +3.6557e-04 +3.6592e-04 +3.6586e-04 +3.6606e-04 +3.6636e-04 +3.6631e-04 +3.6675e-04 +3.6718e-04 +3.6787e-04 +3.7047e-04 
-0000.00300 +3.6650e-04 +3.6777e-04 +3.6611e-04 +3.6569e-04 +3.6736e-04 +3.6484e-04 +3.6581e-04 +3.6661e-04 +3.6467e-04 +3.6627e-04 +3.6547e-04 +3.6482e-04 +3.6642e-04 +3.6431e-04 +3.6510e-04 +3.6605e-04 +3.6387e-04 +3.6552e-04 +3.6509e-04 +3.6342e-04 +3.6469e-04 
-0000.00600 +3.6483e-04 +3.6795e-04 +3.5688e-04 +3.6540e-04 +3.6914e-04 +3.6154e-04 +3.6571e-04 +3.7222e-04 +3.6350e-04 +3.6656e-04 +3.6570e-04 +3.6451e-04 +3.6757e-04 +3.5848e-04 +3.6502e-04 +3.6918e-04 +3.6219e-04 +3.6592e-04 +3.7447e-04 +3.6334e-04 +3.6647e-04 
# Total Vertical 2nd Order Kick [T2m2]
START
            -0000.01000 -0000.00900 -0000.00800 -0000.00700 -0000.00600 -0000.00500 -0000.00400 -0000.00300 -0000.00200 -0000.00100 +0000.00000 +0000.00100 +0000.00200 +0000.00300 +0000.00400 +0000.00500 +0000.00600 +0000.00700 +0000.00800 +0000.00900 +0000.01000 
+0000.00600 +4.3327e-05 +4.3486e-05 +4.7106e-05 +4.3461e-05 +4.4129e-05 +4.4278e-05 +4.3728e-05 +4.6152e-05 +4.3967e-05 +4.3873e-05 +6.1178e-05 +4.3876e-05 +4.3967e-05 +4.6180e-05 +4.3664e-05 +4.4161e-05 +4.4047e-05 +4.3371e-05 +4.6992e-05 +4.3474e-05 +4.3314e-05 
+0000.00300 +5.9166e-05 +5.9373e-05 +5.6970e-05 +6.1104e-05 +5.9668e-05 +5.9353e-05 +6.1845e-05 +5.8997e-05 +6.0827e-05 +6.1656e-05 +5.1779e-05 +6.1663e-05 +6.0846e-05 +5.8978e-05 +6.1769e-05 +5.9226e-05 +5.9530e-05 +6.1025e-05 +5.6981e-05 +5.9456e-05 +5.9315e-05 
+0000.00000 +1.4581e-09 +2.3513e-09 +3.5780e-09 +4.6060e-09 +5.1430e-09 +4.6296e-09 +2.9297e-09 +1.3716e-09 +1.0028e-09 +1.2758e-09 +1.4446e-09 +1.3188e-09 +1.0954e-09 +1.5523e-09 +3.2944e-09 +5.1755e-09 +5.7436e-09 +5.0631e-09 +3.8235e-09 +2.6480e-09 +1.9771e-09 
-0000.00300 -5.9614e-05 -5.9823e-05 -5.7428e-05 -6.1565e-05 -6.0132e-05 -5.9833e-05 -6.2339e-05 -5.9506e-05 -6.1345e-05 -6.2175e-05 -5.2298e-05 -6.2180e-05 -6.1360e-05 -5.9479e-05 -6.2252e-05 -5.9692e-05 -5.9981e-05 -6.1473e-05 -5.7424e-05 -5.9890e-05 -5.9746e-05 
-0000.00600 -4.3519e-05 -4.3706e-05 -4.7248e-05 -4.3617e-05 -4.4311e-05 -4.4404e-05 -4.3878e-05 -4.6331e-05 -4.4115e-05 -4.4022e-05 -6.1339e-05 -4.4022e-05 -4.4108e-05 -4.6350e-05 -4.3809e-05 -4.4283e-05 -4.4229e-05 -4.3524e-05 -4.7126e-05 -4.3692e-05 -4.3500e-05 
# Horizontal Final Position [m]
START
            -0000.01000 -0000.00900 -0000.00800 -0000.00700 -0000.00600 -0000.00500 -0000.00400 -0000.00300 -0000.00200 -0000.00100 +0000.00000 +0000.00100 +0000.00200 +0000.00300 +0000.00400 +0000.00500 +0000.00600 +0000.00700 +0000.00800 +0000.00900 +0000.01000 
+0000.00600 -1.0000e-02 -9.0003e-03 -8.0007e-03 -7.0007e-03 -6.0009e-03 -5.0011e-03 -4.0011e-03 -3.0013e-03 -2.0013e-03 -1.0013e-03 -1.5634e-06 +9.9868e-04 +1.9987e-03 +2.9987e-03 +3.9989e-03 +4.9989e-03 +5.9991e-03 +6.9993e-03 +7.9993e-03 +8.9997e-03 +1.0000e-02 
+0000.00300 -1.0000e-02 -9.0006e-03 -8.0009e-03 -7.0011e-03 -6.0013e-03 -5.0015e-03 -4.0016e-03 -3.0017e-03 -2.0017e-03 -1.0018e-03 -1.7811e-06 +9.9824e-04 +1.9983e-03 +2.9983e-03 +3.9984e-03 +4.9985e-03 +5.9987e-03 +6.9989e-03 +7.9991e-03 +8.9994e-03 +9.9998e-03 
+0000.00000 -1.0001e-02 -9.0009e-03 -8.0011e-03 -7.0013e-03 -6.0015e-03 -5.0017e-03 -4.0018e-03 -3.0019e-03 -2.0020e-03 -1.0020e-03 -2.0045e-06 +9.9801e-04 +1.9980e-03 +2.9981e-03 +3.9982e-03 +4.9983e-03 +5.9985e-03 +6.9987e-03 +7.9989e-03 +8.9991e-03 +9.9993e-03 
-0000.00300 -1.0000e-02 -9.0006e-03 -8.0009e-03 -7.0011e-03 -6.0013e-03 -5.0015e-03 -4.0016e-03 -3.0017e-03 -2.0017e-03 -1.0018e-03 -1.7813e-06 +9.9824e-04 +1.9983e-03 +2.9983e-03 +3.9984e-03 +4.9985e-03 +5.9987e-03 +6.9989e-03 +7.9991e-03 +8.9994e-03 +9.9998e-03 
-0000.00600 -1.0000e-02 -9.0003e-03 -8.0007e-03 -7.0007e-03 -6.0009e-03 -5.0011e-03 -4.0011e-03 -3.0013e-03 -2.0013e-03 -1.0013e-03 -1.5635e-06 +9.9868e-04 +1.9987e-03 +2.9987e-03 +3.9989e-03 +4.9989e-03 +5.9991e-03 +6.9993e-03 +7.9993e-03 +8.9997e-03 +1.0000e-02 
# Vertical Final Position [m]
START
            -0000.01000 -0000.00900 -0000.00800 -0000.00700 -0000.00600 -0000.00500 -0000.00400 -0000.00300 -0000.00200 -0000.00100 +0000.00000 +0000.00100 +0000.00200 +0000.00300 +0000.00400 +0000.00500 +0000.00600 +0000.00700 +0000.00800 +0000.00900 +0000.01000 
+0000.00600 +6.0002e-03 +6.0002e-03 +6.0000e-03 +6.0001e-03 +6.0001e-03 +5.9999e-03 +6.0000e-03 +6.0001e-03 +6.0000e-03 +6.0001e-03 +6.0001e-03 +6.0000e-03 +6.0001e-03 +6.0000e-03 +6.0000e-03 +6.0001e-03 +5.9999e-03 +6.0000e-03 +6.0001e-03 +5.9998e-03 +5.9999e-03 
+0000.00300 +2.9982e-03 +2.9984e-03 +2.9986e-03 +2.9988e-03 +2.9990e-03 +2.9992e-03 +2.9993e-03 +2.9995e-03 +2.9997e-03 +2.9999e-03 +3.0001e-03 +3.0003e-03 +3.0004e-03 +3.0006e-03 +3.0008e-03 +3.0009e-03 +3.0012e-03 +3.0013e-03 +3.0015e-03 +3.0018e-03 +3.0019e-03 
+0000.00000 -1.4020e-12 -3.2892e-12 -7.0679e-12 -1.3627e-11 -1.9667e-11 -1.7814e-11 -7.5020e-12 +2.0227e-12 +4.1404e-12 +2.0054e-12 +6.7829e-13 +1.9594e-12 +4.1274e-12 +2.3400e-12 -6.3432e-12 -1.5766e-11 -1.7330e-11 -1.1632e-11 -5.5433e-12 -1.8685e-12 +1.9846e-13 
-0000.00300 -2.9982e-03 -2.9984e-03 -2.9986e-03 -2.9988e-03 -2.9990e-03 -2.9992e-03 -2.9993e-03 -2.9995e-03 -2.9997e-03 -2.9999e-03 -3.0001e-03 -3.0003e-03 -3.0004e-03 -3.0006e-03 -3.0008e-03 -3.0009e-03 -3.0012e-03 -3.0013e-03 -3.0015e-03 -3.0018e-03 -3.0019e-03 
-0000.00600 -6.0002e-03 -6.0002e-03 -6.0000e-03 -6.0001e-03 -6.0001e-03 -5.9999e-03 -6.0000e-03 -6.0001e-03 -6.0000e-03 -6.0001e-03 -6.0001e-03 -6.0000e-03 -6.0001e-03 -6.0000e-03 -6.0000e-03 -6.0001e-03 -5.9999e-03 -6.0000e-03 -6.0001e-03 -5.9998e-03 -5.9999e-03 