# Author: FAC idanalysis.IDKickMap
# Termination_kicks [T2m2]: +0.0000e+00 +0.0000e+00 +0.0000e+00 +0.0000e+00 
# Total Length of Longitudinal Interval [m]
0.13
# Number of Horizontal Points
61
# Number of Vertical Points
9
# Total Horizontal 2nd Order Kick [T2m2]
START
            -0000.01000 -0000.00967 -0000.00933 -0000.00900 -0000.00867 -0000.00833 -0000.00800 -0000.00767 -0000.00733 -0000.00700 -0000.00667 -0000.00633 -0000.00600 -0000.00567 -0000.00533 -0000.00500 -0000.00467 -0000.00433 -0000.00400 -0000.00367 -0000.00333 -0000.00300 -0000.00267 -0000.00233 -0000.00200 -0000.00167 -0000.00133 -0000.00100 -0000.00067 -0000.00033 +0000.00000 +0000.00033 +0000.00067 +0000.00100 +0000.00133 +0000.00167 +0000.00200 +0000.00233 +0000.00267 +0000.00300 +0000.00333 +0000.00367 +0000.00400 +0000.00433 +0000.00467 +0000.00500 +0000.00533 +0000.00567 +0000.00600 +0000.00633 +0000.00667 +0000.00700 +0000.00733 +0000.00767 +0000.00800 +0000.00833 +0000.00867 +0000.00900 +0000.00933 +0000.00967 +0000.01000 
+0000.00200 -1.1713e-04 -1.1559e-04 -1.1407e-04 -1.1255e-04 -1.1105e-04 -1.0957e-04 -1.0811e-04 -1.0668e-04 -1.0528e-04 -1.0392e-04 -1.0259e-04 -1.0131e-04 -1.0007e-04 -9.8887e-05 -9.7751e-05 -9.6669e-05 -9.5644e-05 -9.4678e-05 -9.3774e-05 -9.2933e-05 -9.2157e-05 -9.1449e-05 -9.0810e-05 -9.0240e-05 -8.9742e-05 -8.9317e-05 -8.8965e-05 -8.8687e-05 -8.8484e-05 -8.8357e-05 -8.8305e-05 -8.8328e-05 -8.8427e-05 -8.8602e-05 -8.8852e-05 -8.9176e-05 -8.9573e-05 -9.0044e-05 -9.0587e-05 -9.1200e-05 -9.1882e-05 -9.2633e-05 -9.3449e-05 -9.4330e-05 -9.5272e-05 -9.6275e-05 -9.7336e-05 -9.8452e-05 -9.9620e-05 -1.0084e-04 -1.0210e-04 -1.0341e-04 -1.0476e-04 -1.0614e-04 -1.0756e-04 -1.0901e-04 -1.1048e-04 -1.1198e-04 -1.1349e-04 -1.1501e-04 -1.1654e-04 
+0000.00150 -1.1710e-04 -1.1562e-04 -1.1415e-04 -1.1269e-04 -1.1123e-04 -1.0979e-04 -1.0838e-04 -1.0698e-04 -1.0562e-04 -1.0429e-04 -1.0300e-04 -1.0174e-04 -1.0053e-04 -9.9370e-05 -9.8256e-05 -9.7194e-05 -9.6187e-05 -9.5238e-05 -9.4349e-05 -9.3521e-05 -9.2758e-05 -9.2061e-05 -9.1431e-05 -9.0870e-05 -9.0379e-05 -8.9960e-05 -8.9613e-05 -8.9339e-05 -8.9139e-05 -8.9013e-05 -8.8962e-05 -8.8985e-05 -8.9083e-05 -8.9256e-05 -8.9502e-05 -8.9822e-05 -9.0214e-05 -9.0678e-05 -9.1213e-05 -9.1817e-05 -9.2490e-05 -9.3228e-05 -9.4032e-05 -9.4898e-05 -9.5825e-05 -9.6811e-05 -9.7852e-05 -9.8947e-05 -1.0009e-04 -1.0129e-04 -1.0252e-04 -1.0380e-04 -1.0512e-04 -1.0647e-04 -1.0785e-04 -1.0926e-04 -1.1069e-04 -1.1214e-04 -1.1360e-04 -1.1507e-04 -1.1655e-04 
+0000.00100 -1.1708e-04 -1.1564e-04 -1.1421e-04 -1.1278e-04 -1.1136e-04 -1.0995e-04 -1.0856e-04 -1.0720e-04 -1.0586e-04 -1.0455e-04 -1.0328e-04 -1.0205e-04 -1.0086e-04 -9.9710e-05 -9.8612e-05 -9.7565e-05 -9.6571e-05 -9.5634e-05 -9.4756e-05 -9.3939e-05 -9.3184e-05 -9.2495e-05 -9.1872e-05 -9.1317e-05 -9.0832e-05 -9.0417e-05 -9.0074e-05 -8.9803e-05 -8.9605e-05 -8.9481e-05 -8.9430e-05 -8.9453e-05 -8.9551e-05 -8.9721e-05 -8.9965e-05 -9.0282e-05 -9.0670e-05 -9.1130e-05 -9.1659e-05 -9.2257e-05 -9.2922e-05 -9.3652e-05 -9.4446e-05 -9.5302e-05 -9.6218e-05 -9.7190e-05 -9.8218e-05 -9.9297e-05 -1.0043e-04 -1.0160e-04 -1.0282e-04 -1.0408e-04 -1.0537e-04 -1.0670e-04 -1.0805e-04 -1.0943e-04 -1.1083e-04 -1.1225e-04 -1.1367e-04 -1.1511e-04 -1.1654e-04 
+0000.00050 -1.1706e-04 -1.1565e-04 -1.1424e-04 -1.1283e-04 -1.1143e-04 -1.1004e-04 -1.0867e-04 -1.0732e-04 -1.0600e-04 -1.0471e-04 -1.0345e-04 -1.0223e-04 -1.0105e-04 -9.9913e-05 -9.8824e-05 -9.7786e-05 -9.6801e-05 -9.5871e-05 -9.4999e-05 -9.4188e-05 -9.3439e-05 -9.2755e-05 -9.2136e-05 -9.1585e-05 -9.1103e-05 -9.0691e-05 -9.0350e-05 -9.0081e-05 -8.9884e-05 -8.9761e-05 -8.9710e-05 -8.9734e-05 -8.9830e-05 -9.0000e-05 -9.0243e-05 -9.0557e-05 -9.0943e-05 -9.1400e-05 -9.1926e-05 -9.2520e-05 -9.3180e-05 -9.3906e-05 -9.4694e-05 -9.5544e-05 -9.6452e-05 -9.7417e-05 -9.8437e-05 -9.9507e-05 -1.0063e-04 -1.0179e-04 -1.0300e-04 -1.0424e-04 -1.0552e-04 -1.0683e-04 -1.0817e-04 -1.0954e-04 -1.1092e-04 -1.1231e-04 -1.1372e-04 -1.1513e-04 -1.1654e-04 
+0000.00000 -1.1706e-04 -1.1565e-04 -1.1425e-04 -1.1285e-04 -1.1145e-04 -1.1007e-04 -1.0871e-04 -1.0736e-04 -1.0605e-04 -1.0476e-04 -1.0350e-04 -1.0229e-04 -1.0111e-04 -9.9979e-05 -9.8893e-05 -9.7858e-05 -9.6876e-05 -9.5949e-05 -9.5080e-05 -9.4271e-05 -9.3524e-05 -9.2841e-05 -9.2224e-05 -9.1674e-05 -9.1193e-05 -9.0782e-05 -9.0442e-05 -9.0174e-05 -8.9978e-05 -8.9854e-05 -8.9804e-05 -8.9827e-05 -8.9924e-05 -9.0093e-05 -9.0335e-05 -9.0649e-05 -9.1034e-05 -9.1490e-05 -9.2014e-05 -9.2607e-05 -9.3265e-05 -9.3989e-05 -9.4775e-05 -9.5623e-05 -9.6529e-05 -9.7491e-05 -9.8508e-05 -9.9575e-05 -1.0069e-04 -1.0185e-04 -1.0305e-04 -1.0430e-04 -1.0557e-04 -1.0688e-04 -1.0821e-04 -1.0957e-04 -1.1095e-04 -1.1234e-04 -1.1374e-04 -1.1514e-04 -1.1655e-04 
-0000.00050 -1.1706e-04 -1.1565e-04 -1.1423e-04 -1.1283e-04 -1.1143e-04 -1.1004e-04 -1.0867e-04 -1.0732e-04 -1.0600e-04 -1.0470e-04 -1.0345e-04 -1.0222e-04 -1.0104e-04 -9.9909e-05 -9.8820e-05 -9.7782e-05 -9.6797e-05 -9.5868e-05 -9.4997e-05 -9.4186e-05 -9.3437e-05 -9.2753e-05 -9.2135e-05 -9.1584e-05 -9.1102e-05 -9.0690e-05 -9.0350e-05 -9.0081e-05 -8.9884e-05 -8.9761e-05 -8.9711e-05 -8.9734e-05 -8.9831e-05 -9.0001e-05 -9.0243e-05 -9.0558e-05 -9.0944e-05 -9.1401e-05 -9.1927e-05 -9.2521e-05 -9.3181e-05 -9.3906e-05 -9.4695e-05 -9.5545e-05 -9.6453e-05 -9.7418e-05 -9.8438e-05 -9.9508e-05 -1.0063e-04 -1.0179e-04 -1.0300e-04 -1.0424e-04 -1.0552e-04 -1.0684e-04 -1.0818e-04 -1.0954e-04 -1.1092e-04 -1.1232e-04 -1.1373e-04 -1.1514e-04 -1.1655e-04 
-0000.00100 -1.1707e-04 -1.1563e-04 -1.1420e-04 -1.1277e-04 -1.1135e-04 -1.0994e-04 -1.0855e-04 -1.0719e-04 -1.0585e-04 -1.0454e-04 -1.0327e-04 -1.0204e-04 -1.0085e-04 -9.9703e-05 -9.8605e-05 -9.7558e-05 -9.6565e-05 -9.5629e-05 -9.4751e-05 -9.3934e-05 -9.3181e-05 -9.2492e-05 -9.1869e-05 -9.1315e-05 -9.0830e-05 -9.0416e-05 -9.0073e-05 -8.9802e-05 -8.9605e-05 -8.9481e-05 -8.9430e-05 -8.9454e-05 -8.9551e-05 -8.9722e-05 -8.9967e-05 -9.0283e-05 -9.0672e-05 -9.1132e-05 -9.1661e-05 -9.2259e-05 -9.2925e-05 -9.3655e-05 -9.4450e-05 -9.5306e-05 -9.6222e-05 -9.7195e-05 -9.8222e-05 -9.9302e-05 -1.0043e-04 -1.0161e-04 -1.0283e-04 -1.0408e-04 -1.0538e-04 -1.0671e-04 -1.0806e-04 -1.0944e-04 -1.1084e-04 -1.1226e-04 -1.1369e-04 -1.1512e-04 -1.1656e-04 
-0000.00150 -1.1707e-04 -1.1560e-04 -1.1413e-04 -1.1266e-04 -1.1121e-04 -1.0977e-04 -1.0836e-04 -1.0697e-04 -1.0560e-04 -1.0428e-04 -1.0298e-04 -1.0173e-04 -1.0052e-04 -9.9358e-05 -9.8245e-05 -9.7184e-05 -9.6178e-05 -9.5230e-05 -9.4341e-05 -9.3515e-05 -9.2752e-05 -9.2056e-05 -9.1426e-05 -9.0866e-05 -9.0376e-05 -8.9957e-05 -8.9611e-05 -8.9338e-05 -8.9138e-05 -8.9013e-05 -8.8962e-05 -8.8986e-05 -8.9085e-05 -8.9257e-05 -8.9504e-05 -8.9824e-05 -9.0217e-05 -9.0682e-05 -9.1217e-05 -9.1822e-05 -9.2495e-05 -9.3234e-05 -9.4038e-05 -9.4905e-05 -9.5832e-05 -9.6818e-05 -9.7860e-05 -9.8956e-05 -1.0010e-04 -1.0130e-04 -1.0253e-04 -1.0381e-04 -1.0513e-04 -1.0648e-04 -1.0787e-04 -1.0928e-04 -1.1071e-04 -1.1216e-04 -1.1362e-04 -1.1509e-04 -1.1657e-04 
-0000.00200 -1.1709e-04 -1.1556e-04 -1.1403e-04 -1.1252e-04 -1.1102e-04 -1.0954e-04 -1.0809e-04 -1.0666e-04 -1.0526e-04 -1.0390e-04 -1.0258e-04 -1.0130e-04 -1.0006e-04 -9.8875e-05 -9.7740e-05 -9.6659e-05 -9.5635e-05 -9.4670e-05 -9.3767e-05 -9.2927e-05 -9.2152e-05 -9.1444e-05 -9.0805e-05 -9.0237e-05 -8.9739e-05 -8.9314e-05 -8.8963e-05 -8.8686e-05 -8.8484e-05 -8.8356e-05 -8.8305e-05 -8.8329e-05 -8.8429e-05 -8.8604e-05 -8.8854e-05 -8.9179e-05 -8.9577e-05 -9.0048e-05 -9.0591e-05 -9.1205e-05 -9.1889e-05 -9.2640e-05 -9.3457e-05 -9.4338e-05 -9.5282e-05 -9.6286e-05 -9.7347e-05 -9.8464e-05 -9.9634e-05 -1.0085e-04 -1.0212e-04 -1.0343e-04 -1.0478e-04 -1.0616e-04 -1.0758e-04 -1.0903e-04 -1.1051e-04 -1.1200e-04 -1.1352e-04 -1.1504e-04 -1.1657e-04 
# Total Vertical 2nd Order Kick [T2m2]
START
            -0000.01000 -0000.00967 -0000.00933 -0000.00900 -0000.00867 -0000.00833 -0000.00800 -0000.00767 -0000.00733 -0000.00700 -0000.00667 -0000.00633 -0000.00600 -0000.00567 -0000.00533 -0000.00500 -0000.00467 -0000.00433 -0000.00400 -0000.00367 -0000.00333 -0000.00300 -0000.00267 -0000.00233 -0000.00200 -0000.00167 -0000.00133 -0000.00100 -0000.00067 -0000.00033 +0000.00000 +0000.00033 +0000.00067 +0000.00100 +0000.00133 +0000.00167 +0000.00200 +0000.00233 +0000.00267 +0000.00300 +0000.00333 +0000.00367 +0000.00400 +0000.00433 +0000.00467 +0000.00500 +0000.00533 +0000.00567 +0000.00600 +0000.00633 +0000.00667 +0000.00700 +0000.00733 +0000.00767 +0000.00800 +0000.00833 +0000.00867 +0000.00900 +0000.00933 +0000.00967 +0000.01000 
+0000.00200 -1.1713e-04 -1.1559e-04 -1.1407e-04 -1.1255e-04 -1.1105e-04 -1.0957e-04 -1.0811e-04 -1.0668e-04 -1.0528e-04 -1.0392e-04 -1.0259e-04 -1.0131e-04 -1.0007e-04 -9.8887e-05 -9.7751e-05 -9.6669e-05 -9.5644e-05 -9.4678e-05 -9.3774e-05 -9.2933e-05 -9.2157e-05 -9.1449e-05 -9.0810e-05 -9.0240e-05 -8.9742e-05 -8.9317e-05 -8.8965e-05 -8.8687e-05 -8.8484e-05 -8.8357e-05 -8.8305e-05 -8.8328e-05 -8.8427e-05 -8.8602e-05 -8.8852e-05 -8.9176e-05 -8.9573e-05 -9.0044e-05 -9.0587e-05 -9.1200e-05 -9.1882e-05 -9.2633e-05 -9.3449e-05 -9.4330e-05 -9.5272e-05 -9.6275e-05 -9.7336e-05 -9.8452e-05 -9.9620e-05 -1.0084e-04 -1.0210e-04 -1.0341e-04 -1.0476e-04 -1.0614e-04 -1.0756e-04 -1.0901e-04 -1.1048e-04 -1.1198e-04 -1.1349e-04 -1.1501e-04 -1.1654e-04 
+0000.00150 -1.1713e-04 -1.1559e-04 -1.1407e-04 -1.1255e-04 -1.1105e-04 -1.0957e-04 -1.0811e-04 -1.0668e-04 -1.0528e-04 -1.0392e-04 -1.0259e-04 -1.0131e-04 -1.0007e-04 -9.8887e-05 -9.7751e-05 -9.6669e-05 -9.5644e-05 -9.4678e-05 -9.3774e-05 -9.2933e-05 -9.2157e-05 -9.1449e-05 -9.0810e-05 -9.0240e-05 -8.9742e-05 -8.9317e-05 -8.8965e-05 -8.8687e-05 -8.8484e-05 -8.8357e-05 -8.8305e-05 -8.8328e-05 -8.8427e-05 -8.8602e-05 -8.8852e-05 -8.9176e-05 -8.9573e-05 -9.0044e-05 -9.0587e-05 -9.1200e-05 -9.1882e-05 -9.2633e-05 -9.3449e-05 -9.4330e-05 -9.5272e-05 -9.6275e-05 -9.7336e-05 -9.8452e-05 -9.9620e-05 -1.0084e-04 -1.0210e-04 -1.0341e-04 -1.0476e-04 -1.0614e-04 -1.0756e-04 -1.0901e-04 -1.1048e-04 -1.1198e-04 -1.1349e-04 -1.1501e-04 -1.1654e-04 
+0000.00100 -1.1713e-04 -1.1559e-04 -1.1407e-04 -1.1255e-04 -1.1105e-04 -1.0957e-04 -1.0811e-04 -1.0668e-04 -1.0528e-04 -1.0392e-04 -1.0259e-04 -1.0131e-04 -1.0007e-04 -9.8887e-05 -9.7751e-05 -9.6669e-05 -9.5644e-05 -9.4678e-05 -9.3774e-05 -9.2933e-05 -9.2157e-05 -9.1449e-05 -9.0810e-05 -9.0240e-05 -8.9742e-05 -8.9317e-05 -8.8965e-05 -8.8687e-05 -8.8484e-05 -8.8357e-05 -8.8305e-05 -8.8328e-05 -8.8427e-05 -8.8602e-05 -8.8852e-05 -8.9176e-05 -8.9573e-05 -9.0044e-05 -9.0587e-05 -9.1200e-05 -9.1882e-05 -9.2633e-05 -9.3449e-05 -9.4330e-05 -9.5272e-05 -9.6275e-05 -9.7336e-05 -9.8452e-05 -9.9620e-05 -1.0084e-04 -1.0210e-04 -1.0341e-04 -1.0476e-04 -1.0614e-04 -1.0756e-04 -1.0901e-04 -1.1048e-04 -1.1198e-04 -1.1349e-04 -1.1501e-04 -1.1654e-04 
+0000.00050 -1.1713e-04 -1.1559e-04 -1.1407e-04 -1.1255e-04 -1.1105e-04 -1.0957e-04 -1.0811e-04 -1.0668e-04 -1.0528e-04 -1.0392e-04 -1.0259e-04 -1.0131e-04 -1.0007e-04 -9.8887e-05 -9.7751e-05 -9.6669e-05 -9.5644e-05 -9.4678e-05 -9.3774e-05 -9.2933e-05 -9.2157e-05 -9.1449e-05 -9.0810e-05 -9.0240e-05 -8.9742e-05 -8.9317e-05 -8.8965e-05 -8.8687e-05 -8.8484e-05 -8.8357e-05 -8.8305e-05 -8.8328e-05 -8.8427e-05 -8.8602e-05 -8.8852e-05 -8.9176e-05 -8.9573e-05 -9.0044e-05 -9.0587e-05 -9.1200e-05 -9.1882e-05 -9.2633e-05 -9.3449e-05 -9.4330e-05 -9.5272e-05 -9.6275e-05 -9.7336e-05 -9.8452e-05 -9.9620e-05 -1.0084e-04 -1.0210e-04 -1.0341e-04 -1.0476e-04 -1.0614e-04 -1.0756e-04 -1.0901e-04 -1.1048e-04 -1.1198e-04 -1.1349e-04 -1.1501e-04 -1.1654e-04 
+0000.00000 -1.1713e-04 -1.1559e-04 -1.1407e-04 -1.1255e-04 -1.1105e-04 -1.0957e-04 -1.0811e-04 -1.0668e-04 -1.0528e-04 -1.0392e-04 -1.0259e-04 -1.0131e-04 -1.0007e-04 -9.8887e-05 -9.7751e-05 -9.6669e-05 -9.5644e-05 -9.4678e-05 -9.3774e-05 -9.2933e-05 -9.2157e-05 -9.1449e-05 -9.0810e-05 -9.0240e-05 -8.9742e-05 -8.9317e-05 -8.8965e-05 -8.8687e-05 -8.8484e-05 -8.8357e-05 -8.8305e-05 -8.8328e-05 -8.8427e-05 -8.8602e-05 -8.8852e-05 -8.9176e-05 -8.9573e-05 -9.0044e-05 -9.0587e-05 -9.1200e-05 -9.1882e-05 -9.2633e-05 -9.3449e-05 -9.4330e-05 -9.5272e-05 -9.6275e-05 -9.7336e-05 -9.8452e-05 -9.9620e-05 -1.0084e-04 -1.0210e-04 -1.0341e-04 -1.0476e-04 -1.0614e-04 -1.0756e-04 -1.0901e-04 -1.1048e-04 -1.1198e-04 -1.1349e-04 -1.1501e-04 -1.1654e-04 
-0000.00050 -1.1713e-04 -1.1559e-04 -1.1407e-04 -1.1255e-04 -1.1105e-04 -1.0957e-04 -1.0811e-04 -1.0668e-04 -1.0528e-04 -1.0392e-04 -1.0259e-04 -1.0131e-04 -1.0007e-04 -9.8887e-05 -9.7751e-05 -9.6669e-05 -9.5644e-05 -9.4678e-05 -9.3774e-05 -9.2933e-05 -9.2157e-05 -9.1449e-05 -9.0810e-05 -9.0240e-05 -8.9742e-05 -8.9317e-05 -8.8965e-05 -8.8687e-05 -8.8484e-05 -8.8357e-05 -8.8305e-05 -8.8328e-05 -8.8427e-05 -8.8602e-05 -8.8852e-05 -8.9176e-05 -8.9573e-05 -9.0044e-05 -9.0587e-05 -9.1200e-05 -9.1882e-05 -9.2633e-05 -9.3449e-05 -9.4330e-05 -9.5272e-05 -9.6275e-05 -9.7336e-05 -9.8452e-05 -9.9620e-05 -1.0084e-04 -1.0210e-04 -1.0341e-04 -1.0476e-04 -1.0614e-04 -1.0756e-04 -1.0901e-04 -1.1048e-04 -1.1198e-04 -1.1349e-04 -1.1501e-04 -1.1654e-04 
-0000.00100 -1.1713e-04 -1.1559e-04 -1.1407e-04 -1.1255e-04 -1.1105e-04 -1.0957e-04 -1.0811e-04 -1.0668e-04 -1.0528e-04 -1.0392e-04 -1.0259e-04 -1.0131e-04 -1.0007e-04 -9.8887e-05 -9.7751e-05 -9.6669e-05 -9.5644e-05 -9.4678e-05 -9.3774e-05 -9.2933e-05 -9.2157e-05 -9.1449e-05 -9.0810e-05 -9.0240e-05 -8.9742e-05 -8.9317e-05 -8.8965e-05 -8.8687e-05 -8.8484e-05 -8.8357e-05 -8.8305e-05 -8.8328e-05 -8.8427e-05 -8.8602e-05 -8.8852e-05 -8.9176e-05 -8.9573e-05 -9.0044e-05 -9.0587e-05 -9.1200e-05 -9.1882e-05 -9.2633e-05 -9.3449e-05 -9.4330e-05 -9.5272e-05 -9.6275e-05 -9.7336e-05 -9.8452e-05 -9.9620e-05 -1.0084e-04 -1.0210e-04 -1.0341e-04 -1.0476e-04 -1.0614e-04 -1.0756e-04 -1.0901e-04 -1.1048e-04 -1.1198e-04 -1.1349e-04 -1.1501e-04 -1.1654e-04 
-0000.00150 -1.1713e-04 -1.1559e-04 -1.1407e-04 -1.1255e-04 -1.1105e-04 -1.0957e-04 -1.0811e-04 -1.0668e-04 -1.0528e-04 -1.0392e-04 -1.0259e-04 -1.0131e-04 -1.0007e-04 -9.8887e-05 -9.7751e-05 -9.6669e-05 -9.5644e-05 -9.4678e-05 -9.3774e-05 -9.2933e-05 -9.2157e-05 -9.1449e-05 -9.0810e-05 -9.0240e-05 -8.9742e-05 -8.9317e-05 -8.8965e-05 -8.8687e-05 -8.8484e-05 -8.8357e-05 -8.8305e-05 -8.8328e-05 -8.8427e-05 -8.8602e-05 -8.8852e-05 -8.9176e-05 -8.9573e-05 -9.0044e-05 -9.0587e-05 -9.1200e-05 -9.1882e-05 -9.2633e-05 -9.3449e-05 -9.4330e-05 -9.5272e-05 -9.6275e-05 -9.7336e-05 -9.8452e-05 -9.9620e-05 -1.0084e-04 -1.0210e-04 -1.0341e-04 -1.0476e-04 -1.0614e-04 -1.0756e-04 -1.0901e-04 -1.1048e-04 -1.1198e-04 -1.1349e-04 -1.1501e-04 -1.1654e-04 
-0000.00200 -1.1713e-04 -1.1559e-04 -1.1407e-04 -1.1255e-04 -1.1105e-04 -1.0957e-04 -1.0811e-04 -1.0668e-04 -1.0528e-04 -1.0392e-04 -1.0259e-04 -1.0131e-04 -1.0007e-04 -9.8887e-05 -9.7751e-05 -9.6669e-05 -9.5644e-05 -9.4678e-05 -9.3774e-05 -9.2933e-05 -9.2157e-05 -9.1449e-05 -9.0810e-05 -9.0240e-05 -8.9742e-05 -8.9317e-05 -8.8965e-05 -8.8687e-05 -8.8484e-05 -8.8357e-05 -8.8305e-05 -8.8328e-05 -8.8427e-05 -8.8602e-05 -8.8852e-05 -8.9176e-05 -8.9573e-05 -9.0044e-05 -9.0587e-05 -9.1200e-05 -9.1882e-05 -9.2633e-05 -9.3449e-05 -9.4330e-05 -9.5272e-05 -9.6275e-05 -9.7336e-05 -9.8452e-05 -9.9620e-05 -1.0084e-04 -1.0210e-04 -1.0341e-04 -1.0476e-04 -1.0614e-04 -1.0756e-04 -1.0901e-04 -1.1048e-04 -1.1198e-04 -1.1349e-04 -1.1501e-04 -1.1654e-04 
# Horizontal Final Position [m]
START
            -0000.01000 -0000.00967 -0000.00933 -0000.00900 -0000.00867 -0000.00833 -0000.00800 -0000.00767 -0000.00733 -0000.00700 -0000.00667 -0000.00633 -0000.00600 -0000.00567 -0000.00533 -0000.00500 -0000.00467 -0000.00433 -0000.00400 -0000.00367 -0000.00333 -0000.00300 -0000.00267 -0000.00233 -0000.00200 -0000.00167 -0000.00133 -0000.00100 -0000.00067 -0000.00033 +0000.00000 +0000.00033 +0000.00067 +0000.00100 +0000.00133 +0000.00167 +0000.00200 +0000.00233 +0000.00267 +0000.00300 +0000.00333 +0000.00367 +0000.00400 +0000.00433 +0000.00467 +0000.00500 +0000.00533 +0000.00567 +0000.00600 +0000.00633 +0000.00667 +0000.00700 +0000.00733 +0000.00767 +0000.00800 +0000.00833 +0000.00867 +0000.00900 +0000.00933 +0000.00967 +0000.01000 
+0000.00200 -1.0004e-02 -9.6702e-03 -9.3369e-03 -9.0036e-03 -8.6703e-03 -8.3370e-03 -8.0037e-03 -7.6704e-03 -7.3371e-03 -7.0037e-03 -6.6704e-03 -6.3371e-03 -6.0038e-03 -5.6705e-03 -5.3372e-03 -5.0039e-03 -4.6706e-03 -4.3372e-03 -4.0039e-03 -3.6706e-03 -3.3373e-03 -3.0039e-03 -2.6706e-03 -2.3373e-03 -2.0040e-03 -1.6706e-03 -1.3373e-03 -1.0040e-03 -6.7062e-04 -3.3728e-04 -3.9365e-06 +3.2941e-04 +6.6275e-04 +9.9609e-04 +1.3294e-03 +1.6628e-03 +1.9961e-03 +2.3295e-03 +2.6628e-03 +2.9962e-03 +3.3295e-03 +3.6629e-03 +3.9962e-03 +4.3296e-03 +4.6629e-03 +4.9962e-03 +5.3296e-03 +5.6629e-03 +5.9963e-03 +6.3296e-03 +6.6629e-03 +6.9962e-03 +7.3296e-03 +7.6629e-03 +7.9962e-03 +8.3295e-03 +8.6628e-03 +8.9961e-03 +9.3293e-03 +9.6626e-03 +9.9959e-03 
+0000.00150 -1.0004e-02 -9.6702e-03 -9.3369e-03 -9.0036e-03 -8.6703e-03 -8.3370e-03 -8.0037e-03 -7.6704e-03 -7.3371e-03 -7.0037e-03 -6.6704e-03 -6.3371e-03 -6.0038e-03 -5.6705e-03 -5.3372e-03 -5.0039e-03 -4.6706e-03 -4.3372e-03 -4.0039e-03 -3.6706e-03 -3.3373e-03 -3.0039e-03 -2.6706e-03 -2.3373e-03 -2.0040e-03 -1.6706e-03 -1.3373e-03 -1.0040e-03 -6.7062e-04 -3.3728e-04 -3.9365e-06 +3.2941e-04 +6.6275e-04 +9.9609e-04 +1.3294e-03 +1.6628e-03 +1.9961e-03 +2.3295e-03 +2.6628e-03 +2.9962e-03 +3.3295e-03 +3.6629e-03 +3.9962e-03 +4.3296e-03 +4.6629e-03 +4.9962e-03 +5.3296e-03 +5.6629e-03 +5.9963e-03 +6.3296e-03 +6.6629e-03 +6.9962e-03 +7.3296e-03 +7.6629e-03 +7.9962e-03 +8.3295e-03 +8.6628e-03 +8.9961e-03 +9.3293e-03 +9.6626e-03 +9.9959e-03 
+0000.00100 -1.0004e-02 -9.6702e-03 -9.3369e-03 -9.0036e-03 -8.6703e-03 -8.3370e-03 -8.0037e-03 -7.6704e-03 -7.3371e-03 -7.0037e-03 -6.6704e-03 -6.3371e-03 -6.0038e-03 -5.6705e-03 -5.3372e-03 -5.0039e-03 -4.6706e-03 -4.3372e-03 -4.0039e-03 -3.6706e-03 -3.3373e-03 -3.0039e-03 -2.6706e-03 -2.3373e-03 -2.0040e-03 -1.6706e-03 -1.3373e-03 -1.0040e-03 -6.7062e-04 -3.3728e-04 -3.9365e-06 +3.2941e-04 +6.6275e-04 +9.9609e-04 +1.3294e-03 +1.6628e-03 +1.9961e-03 +2.3295e-03 +2.6628e-03 +2.9962e-03 +3.3295e-03 +3.6629e-03 +3.9962e-03 +4.3296e-03 +4.6629e-03 +4.9962e-03 +5.3296e-03 +5.6629e-03 +5.9963e-03 +6.3296e-03 +6.6629e-03 +6.9962e-03 +7.3296e-03 +7.6629e-03 +7.9962e-03 +8.3295e-03 +8.6628e-03 +8.9961e-03 +9.3293e-03 +9.6626e-03 +9.9959e-03 
+0000.00050 -1.0004e-02 -9.6702e-03 -9.3369e-03 -9.0036e-03 -8.6703e-03 -8.3370e-03 -8.0037e-03 -7.6704e-03 -7.3371e-03 -7.0037e-03 -6.6704e-03 -6.3371e-03 -6.0038e-03 -5.6705e-03 -5.3372e-03 -5.0039e-03 -4.6706e-03 -4.3372e-03 -4.0039e-03 -3.6706e-03 -3.3373e-03 -3.0039e-03 -2.6706e-03 -2.3373e-03 -2.0040e-03 -1.6706e-03 -1.3373e-03 -1.0040e-03 -6.7062e-04 -3.3728e-04 -3.9365e-06 +3.2941e-04 +6.6275e-04 +9.9609e-04 +1.3294e-03 +1.6628e-03 +1.9961e-03 +2.3295e-03 +2.6628e-03 +2.9962e-03 +3.3295e-03 +3.6629e-03 +3.9962e-03 +4.3296e-03 +4.6629e-03 +4.9962e-03 +5.3296e-03 +5.6629e-03 +5.9963e-03 +6.3296e-03 +6.6629e-03 +6.9962e-03 +7.3296e-03 +7.6629e-03 +7.9962e-03 +8.3295e-03 +8.6628e-03 +8.9961e-03 +9.3293e-03 +9.6626e-03 +9.9959e-03 
+0000.00000 -1.0004e-02 -9.6702e-03 -9.3369e-03 -9.0036e-03 -8.6703e-03 -8.3370e-03 -8.0037e-03 -7.6704e-03 -7.3371e-03 -7.0037e-03 -6.6704e-03 -6.3371e-03 -6.0038e-03 -5.6705e-03 -5.3372e-03 -5.0039e-03 -4.6706e-03 -4.3372e-03 -4.0039e-03 -3.6706e-03 -3.3373e-03 -3.0039e-03 -2.6706e-03 -2.3373e-03 -2.0040e-03 -1.6706e-03 -1.3373e-03 -1.0040e-03 -6.7062e-04 -3.3728e-04 -3.9365e-06 +3.2941e-04 +6.6275e-04 +9.9609e-04 +1.3294e-03 +1.6628e-03 +1.9961e-03 +2.3295e-03 +2.6628e-03 +2.9962e-03 +3.3295e-03 +3.6629e-03 +3.9962e-03 +4.3296e-03 +4.6629e-03 +4.9962e-03 +5.3296e-03 +5.6629e-03 +5.9963e-03 +6.3296e-03 +6.6629e-03 +6.9962e-03 +7.3296e-03 +7.6629e-03 +7.9962e-03 +8.3295e-03 +8.6628e-03 +8.9961e-03 +9.3293e-03 +9.6626e-03 +9.9959e-03 
-0000.00050 -1.0004e-02 -9.6702e-03 -9.3369e-03 -9.0036e-03 -8.6703e-03 -8.3370e-03 -8.0037e-03 -7.6704e-03 -7.3371e-03 -7.0037e-03 -6.6704e-03 -6.3371e-03 -6.0038e-03 -5.6705e-03 -5.3372e-03 -5.0039e-03 -4.6706e-03 -4.3372e-03 -4.0039e-03 -3.6706e-03 -3.3373e-03 -3.0039e-03 -2.6706e-03 -2.3373e-03 -2.0040e-03 -1.6706e-03 -1.3373e-03 -1.0040e-03 -6.7062e-04 -3.3728e-04 -3.9365e-06 +3.2941e-04 +6.6275e-04 +9.9609e-04 +1.3294e-03 +1.6628e-03 +1.9961e-03 +2.3295e-03 +2.6628e-03 +2.9962e-03 +3.3295e-03 +3.6629e-03 +3.9962e-03 +4.3296e-03 +4.6629e-03 +4.9962e-03 +5.3296e-03 +5.6629e-03 +5.9963e-03 +6.3296e-03 +6.6629e-03 +6.9962e-03 +7.3296e-03 +7.6629e-03 +7.9962e-03 +8.3295e-03 +8.6628e-03 +8.9961e-03 +9.3293e-03 +9.6626e-03 +9.9959e-03 
-0000.00100 -1.0004e-02 -9.6702e-03 -9.3369e-03 -9.0036e-03 -8.6703e-03 -8.3370e-03 -8.0037e-03 -7.6704e-03 -7.3371e-03 -7.0037e-03 -6.6704e-03 -6.3371e-03 -6.0038e-03 -5.6705e-03 -5.3372e-03 -5.0039e-03 -4.6706e-03 -4.3372e-03 -4.0039e-03 -3.6706e-03 -3.3373e-03 -3.0039e-03 -2.6706e-03 -2.3373e-03 -2.0040e-03 -1.6706e-03 -1.3373e-03 -1.0040e-03 -6.7062e-04 -3.3728e-04 -3.9365e-06 +3.2941e-04 +6.6275e-04 +9.9609e-04 +1.3294e-03 +1.6628e-03 +1.9961e-03 +2.3295e-03 +2.6628e-03 +2.9962e-03 +3.3295e-03 +3.6629e-03 +3.9962e-03 +4.3296e-03 +4.6629e-03 +4.9962e-03 +5.3296e-03 +5.6629e-03 +5.9963e-03 +6.3296e-03 +6.6629e-03 +6.9962e-03 +7.3296e-03 +7.6629e-03 +7.9962e-03 +8.3295e-03 +8.6628e-03 +8.9961e-03 +9.3293e-03 +9.6626e-03 +9.9959e-03 
-0000.00150 -1.0004e-02 -9.6702e-03 -9.3369e-03 -9.0036e-03 -8.6703e-03 -8.3370e-03 -8.0037e-03 -7.6704e-03 -7.3371e-03 -7.0037e-03 -6.6704e-03 -6.3371e-03 -6.0038e-03 -5.6705e-03 -5.3372e-03 -5.0039e-03 -4.6706e-03 -4.3372e-03 -4.0039e-03 -3.6706e-03 -3.3373e-03 -3.0039e-03 -2.6706e-03 -2.3373e-03 -2.0040e-03 -1.6706e-03 -1.3373e-03 -1.0040e-03 -6.7062e-04 -3.3728e-04 -3.9365e-06 +3.2941e-04 +6.6275e-04 +9.9609e-04 +1.3294e-03 +1.6628e-03 +1.9961e-03 +2.3295e-03 +2.6628e-03 +2.9962e-03 +3.3295e-03 +3.6629e-03 +3.9962e-03 +4.3296e-03 +4.6629e-03 +4.9962e-03 +5.3296e-03 +5.6629e-03 +5.9963e-03 +6.3296e-03 +6.6629e-03 +6.9962e-03 +7.3296e-03 +7.6629e-03 +7.9962e-03 +8.3295e-03 +8.6628e-03 +8.9961e-03 +9.3293e-03 +9.6626e-03 +9.9959e-03 
-0000.00200 -1.0004e-02 -9.6702e-03 -9.3369e-03 -9.0036e-03 -8.6703e-03 -8.3370e-03 -8.0037e-03 -7.6704e-03 -7.3371e-03 -7.0037e-03 -6.6704e-03 -6.3371e-03 -6.0038e-03 -5.6705e-03 -5.3372e-03 -5.0039e-03 -4.6706e-03 -4.3372e-03 -4.0039e-03 -3.6706e-03 -3.3373e-03 -3.0039e-03 -2.6706e-03 -2.3373e-03 -2.0040e-03 -1.6706e-03 -1.3373e-03 -1.0040e-03 -6.7062e-04 -3.3728e-04 -3.9365e-06 +3.2941e-04 +6.6275e-04 +9.9609e-04 +1.3294e-03 +1.6628e-03 +1.9961e-03 +2.3295e-03 +2.6628e-03 +2.9962e-03 +3.3295e-03 +3.6629e-03 +3.9962e-03 +4.3296e-03 +4.6629e-03 +4.9962e-03 +5.3296e-03 +5.6629e-03 +5.9963e-03 +6.3296e-03 +6.6629e-03 +6.9962e-03 +7.3296e-03 +7.6629e-03 +7.9962e-03 +8.3295e-03 +8.6628e-03 +8.9961e-03 +9.3293e-03 +9.6626e-03 +9.9959e-03 
# Vertical Final Position [m]
START
            -0000.01000 -0000.00967 -0000.00933 -0000.00900 -0000.00867 -0000.00833 -0000.00800 -0000.00767 -0000.00733 -0000.00700 -0000.00667 -0000.00633 -0000.00600 -0000.00567 -0000.00533 -0000.00500 -0000.00467 -0000.00433 -0000.00400 -0000.00367 -0000.00333 -0000.00300 -0000.00267 -0000.00233 -0000.00200 -0000.00167 -0000.00133 -0000.00100 -0000.00067 -0000.00033 +0000.00000 +0000.00033 +0000.00067 +0000.00100 +0000.00133 +0000.00167 +0000.00200 +0000.00233 +0000.00267 +0000.00300 +0000.00333 +0000.00367 +0000.00400 +0000.00433 +0000.00467 +0000.00500 +0000.00533 +0000.00567 +0000.00600 +0000.00633 +0000.00667 +0000.00700 +0000.00733 +0000.00767 +0000.00800 +0000.00833 +0000.00867 +0000.00900 +0000.00933 +0000.00967 +0000.01000 
+0000.00200 +2.0001e-03 +2.0001e-03 +2.0001e-03 +2.0001e-03 +2.0001e-03 +2.0001e-03 +2.0001e-03 +2.0001e-03 +2.0001e-03 +2.0001e-03 +2.0001e-03 +2.0001e-03 +2.0001e-03 +2.0001e-03 +2.0001e-03 +2.0001e-03 +2.0001e-03 +2.0001e-03 +2.0001e-03 +2.0001e-03 +2.0001e-03 +2.0000e-03 +2.0000e-03 +2.0000e-03 +2.0000e-03 +2.0000e-03 +2.0000e-03 +2.0000e-03 +2.0000e-03 +2.0000e-03 +2.0000e-03 +2.0000e-03 +2.0000e-03 +2.0000e-03 +2.0000e-03 +2.0000e-03 +2.0000e-03 +2.0000e-03 +2.0000e-03 +2.0000e-03 +1.9999e-03 +1.9999e-03 +1.9999e-03 +1.9999e-03 +1.9999e-03 +1.9999e-03 +1.9999e-03 +1.9999e-03 +1.9999e-03 +1.9999e-03 +1.9999e-03 +1.9999e-03 +1.9999e-03 +1.9999e-03 +1.9999e-03 +1.9999e-03 +1.9999e-03 +1.9999e-03 +1.9999e-03 +1.9999e-03 +1.9999e-03 
+0000.00150 +1.5001e-03 +1.5001e-03 +1.5001e-03 +1.5001e-03 +1.5001e-03 +1.5001e-03 +1.5001e-03 +1.5001e-03 +1.5001e-03 +1.5001e-03 +1.5001e-03 +1.5001e-03 +1.5001e-03 +1.5000e-03 +1.5000e-03 +1.5000e-03 +1.5000e-03 +1.5000e-03 +1.5000e-03 +1.5000e-03 +1.5000e-03 +1.5000e-03 +1.5000e-03 +1.5000e-03 +1.5000e-03 +1.5000e-03 +1.5000e-03 +1.5000e-03 +1.5000e-03 +1.5000e-03 +1.5000e-03 +1.5000e-03 +1.5000e-03 +1.5000e-03 +1.5000e-03 +1.5000e-03 +1.5000e-03 +1.5000e-03 +1.5000e-03 +1.5000e-03 +1.5000e-03 +1.5000e-03 +1.5000e-03 +1.5000e-03 +1.5000e-03 +1.5000e-03 +1.5000e-03 +1.5000e-03 +1.5000e-03 +1.5000e-03 +1.5000e-03 +1.5000e-03 +1.5000e-03 +1.5000e-03 +1.5000e-03 +1.4999e-03 +1.4999e-03 +1.4999e-03 +1.4999e-03 +1.4999e-03 +1.4999e-03 
+0000.00100 +1.0000e-03 +1.0000e-03 +1.0000e-03 +1.0000e-03 +1.0000e-03 +1.0000e-03 +1.0000e-03 +1.0000e-03 +1.0000e-03 +1.0000e-03 +1.0000e-03 +1.0000e-03 +1.0000e-03 +1.0000e-03 +1.0000e-03 +1.0000e-03 +1.0000e-03 +1.0000e-03 +1.0000e-03 +1.0000e-03 +1.0000e-03 +1.0000e-03 +1.0000e-03 +1.0000e-03 +1.0000e-03 +1.0000e-03 +1.0000e-03 +1.0000e-03 +1.0000e-03 +1.0000e-03 +1.0000e-03 +9.9999e-04 +9.9999e-04 +9.9999e-04 +9.9999e-04 +9.9999e-04 +9.9999e-04 +9.9999e-04 +9.9998e-04 +9.9998e-04 +9.9998e-04 +9.9998e-04 +9.9998e-04 +9.9998e-04 +9.9997e-04 +9.9997e-04 +9.9997e-04 +9.9997e-04 +9.9997e-04 +9.9997e-04 +9.9996e-04 +9.9996e-04 +9.9996e-04 +9.9996e-04 +9.9996e-04 +9.9996e-04 +9.9996e-04 +9.9996e-04 +9.9996e-04 +9.9996e-04 +9.9996e-04 
+0000.00050 +5.0002e-04 +5.0002e-04 +5.0002e-04 +5.0002e-04 +5.0002e-04 +5.0002e-04 +5.0002e-04 +5.0002e-04 +5.0002e-04 +5.0002e-04 +5.0002e-04 +5.0002e-04 +5.0002e-04 +5.0002e-04 +5.0002e-04 +5.0002e-04 +5.0002e-04 +5.0001e-04 +5.0001e-04 +5.0001e-04 +5.0001e-04 +5.0001e-04 +5.0001e-04 +5.0001e-04 +5.0001e-04 +5.0001e-04 +5.0000e-04 +5.0000e-04 +5.0000e-04 +5.0000e-04 +5.0000e-04 +5.0000e-04 +5.0000e-04 +5.0000e-04 +5.0000e-04 +4.9999e-04 +4.9999e-04 +4.9999e-04 +4.9999e-04 +4.9999e-04 +4.9999e-04 +4.9999e-04 +4.9999e-04 +4.9999e-04 +4.9999e-04 +4.9998e-04 +4.9998e-04 +4.9998e-04 +4.9998e-04 +4.9998e-04 +4.9998e-04 +4.9998e-04 +4.9998e-04 +4.9998e-04 +4.9998e-04 +4.9998e-04 +4.9998e-04 +4.9998e-04 +4.9998e-04 +4.9998e-04 +4.9998e-04 
+0000.00000 -5.4057e-11 -5.6767e-11 -5.9368e-11 -6.1862e-11 -6.4250e-11 -6.6535e-11 -6.8718e-11 -7.0800e-11 -7.2784e-11 -7.4669e-11 -7.6459e-11 -7.8153e-11 -7.9754e-11 -8.1262e-11 -8.2678e-11 -8.4004e-11 -8.5240e-11 -8.6387e-11 -8.7447e-11 -8.8419e-11 -8.9305e-11 -9.0105e-11 -9.0820e-11 -9.1451e-11 -9.1996e-11 -9.2458e-11 -9.2836e-11 -9.3131e-11 -9.3343e-11 -9.3471e-11 -9.3516e-11 -9.3479e-11 -9.3358e-11 -9.3153e-11 -9.2866e-11 -9.2494e-11 -9.2038e-11 -9.1498e-11 -9.0872e-11 -9.0161e-11 -8.9364e-11 -8.8480e-11 -8.7509e-11 -8.6449e-11 -8.5299e-11 -8.4060e-11 -8.2730e-11 -8.1307e-11 -7.9791e-11 -7.8180e-11 -7.6474e-11 -7.4671e-11 -7.2769e-11 -7.0767e-11 -6.8664e-11 -6.6458e-11 -6.4147e-11 -6.1730e-11 -5.9205e-11 -5.6570e-11 -5.3824e-11 
-0000.00050 -5.0002e-04 -5.0002e-04 -5.0002e-04 -5.0002e-04 -5.0002e-04 -5.0002e-04 -5.0002e-04 -5.0002e-04 -5.0002e-04 -5.0002e-04 -5.0002e-04 -5.0002e-04 -5.0002e-04 -5.0002e-04 -5.0002e-04 -5.0002e-04 -5.0002e-04 -5.0001e-04 -5.0001e-04 -5.0001e-04 -5.0001e-04 -5.0001e-04 -5.0001e-04 -5.0001e-04 -5.0001e-04 -5.0001e-04 -5.0000e-04 -5.0000e-04 -5.0000e-04 -5.0000e-04 -5.0000e-04 -5.0000e-04 -5.0000e-04 -5.0000e-04 -5.0000e-04 -4.9999e-04 -4.9999e-04 -4.9999e-04 -4.9999e-04 -4.9999e-04 -4.9999e-04 -4.9999e-04 -4.9999e-04 -4.9999e-04 -4.9999e-04 -4.9998e-04 -4.9998e-04 -4.9998e-04 -4.9998e-04 -4.9998e-04 -4.9998e-04 -4.9998e-04 -4.9998e-04 -4.9998e-04 -4.9998e-04 -4.9998e-04 -4.9998e-04 -4.9998e-04 -4.9998e-04 -4.9998e-04 -4.9998e-04 
-0000.00100 -1.0000e-03 -1.0000e-03 -1.0000e-03 -1.0000e-03 -1.0000e-03 -1.0000e-03 -1.0000e-03 -1.0000e-03 -1.0000e-03 -1.0000e-03 -1.0000e-03 -1.0000e-03 -1.0000e-03 -1.0000e-03 -1.0000e-03 -1.0000e-03 -1.0000e-03 -1.0000e-03 -1.0000e-03 -1.0000e-03 -1.0000e-03 -1.0000e-03 -1.0000e-03 -1.0000e-03 -1.0000e-03 -1.0000e-03 -1.0000e-03 -1.0000e-03 -1.0000e-03 -1.0000e-03 -1.0000e-03 -9.9999e-04 -9.9999e-04 -9.9999e-04 -9.9999e-04 -9.9999e-04 -9.9999e-04 -9.9999e-04 -9.9998e-04 -9.9998e-04 -9.9998e-04 -9.9998e-04 -9.9998e-04 -9.9998e-04 -9.9997e-04 -9.9997e-04 -9.9997e-04 -9.9997e-04 -9.9997e-04 -9.9997e-04 -9.9996e-04 -9.9996e-04 -9.9996e-04 -9.9996e-04 -9.9996e-04 -9.9996e-04 -9.9996e-04 -9.9996e-04 -9.9996e-04 -9.9996e-04 -9.9996e-04 
-0000.00150 -1.5001e-03 -1.5001e-03 -1.5001e-03 -1.5001e-03 -1.5001e-03 -1.5001e-03 -1.5001e-03 -1.5001e-03 -1.5001e-03 -1.5001e-03 -1.5001e-03 -1.5001e-03 -1.5001e-03 -1.5000e-03 -1.5000e-03 -1.5000e-03 -1.5000e-03 -1.5000e-03 -1.5000e-03 -1.5000e-03 -1.5000e-03 -1.5000e-03 -1.5000e-03 -1.5000e-03 -1.5000e-03 -1.5000e-03 -1.5000e-03 -1.5000e-03 -1.5000e-03 -1.5000e-03 -1.5000e-03 -1.5000e-03 -1.5000e-03 -1.5000e-03 -1.5000e-03 -1.5000e-03 -1.5000e-03 -1.5000e-03 -1.5000e-03 -1.5000e-03 -1.5000e-03 -1.5000e-03 -1.5000e-03 -1.5000e-03 -1.5000e-03 -1.5000e-03 -1.5000e-03 -1.5000e-03 -1.5000e-03 -1.5000e-03 -1.5000e-03 -1.5000e-03 -1.5000e-03 -1.5000e-03 -1.5000e-03 -1.4999e-03 -1.4999e-03 -1.4999e-03 -1.4999e-03 -1.4999e-03 -1.4999e-03 
-0000.00200 -2.0001e-03 -2.0001e-03 -2.0001e-03 -2.0001e-03 -2.0001e-03 -2.0001e-03 -2.0001e-03 -2.0001e-03 -2.0001e-03 -2.0001e-03 -2.0001e-03 -2.0001e-03 -2.0001e-03 -2.0001e-03 -2.0001e-03 -2.0001e-03 -2.0001e-03 -2.0001e-03 -2.0001e-03 -2.0001e-03 -2.0001e-03 -2.0000e-03 -2.0000e-03 -2.0000e-03 -2.0000e-03 -2.0000e-03 -2.0000e-03 -2.0000e-03 -2.0000e-03 -2.0000e-03 -2.0000e-03 -2.0000e-03 -2.0000e-03 -2.0000e-03 -2.0000e-03 -2.0000e-03 -2.0000e-03 -2.0000e-03 -2.0000e-03 -2.0000e-03 -1.9999e-03 -1.9999e-03 -1.9999e-03 -1.9999e-03 -1.9999e-03 -1.9999e-03 -1.9999e-03 -1.9999e-03 -1.9999e-03 -1.9999e-03 -1.9999e-03 -1.9999e-03 -1.9999e-03 -1.9999e-03 -1.9999e-03 -1.9999e-03 -1.9999e-03 -1.9999e-03 -1.9999e-03 -1.9999e-03 -1.9999e-03 