# Author: FAC idanalysis.IDKickMap
#
# Total Length of Longitudinal Interval [m]
0.13
# Number of Horizontal Points
21
# Number of Vertical Points
21
# Total Horizontal 2nd Order Kick [T2m2]
START
            -0000.01000 -0000.00900 -0000.00800 -0000.00700 -0000.00600 -0000.00500 -0000.00400 -0000.00300 -0000.00200 -0000.00100 +0000.00000 +0000.00100 +0000.00200 +0000.00300 +0000.00400 +0000.00500 +0000.00600 +0000.00700 +0000.00800 +0000.00900 +0000.01000
+0000.00205 +7.0352e-05 +6.7160e-05 +5.8195e-05 +5.6322e-05 +5.8484e-05 +6.6219e-05 +6.7033e-05 +6.1050e-05 +6.0024e-05 +6.3625e-05 +8.0659e-05 +6.4470e-05 +6.0500e-05 +6.0984e-05 +6.6974e-05 +6.7833e-05 +6.0145e-05 +5.7482e-05 +5.9142e-05 +7.0199e-05 +7.3161e-05
+0000.00184 -1.2657e-04 -1.2873e-04 -1.3687e-04 -1.3878e-04 -1.3693e-04 -1.3022e-04 -1.2950e-04 -1.3468e-04 -1.3566e-04 -1.3251e-04 -1.2426e-04 -1.3180e-04 -1.3541e-04 -1.3508e-04 -1.2997e-04 -1.2948e-04 -1.3622e-04 -1.3869e-04 -1.3712e-04 -1.2825e-04 -1.2566e-04
+0000.00164 -1.0725e-04 -1.0958e-04 -1.1603e-04 -1.1784e-04 -1.1619e-04 -1.1071e-04 -1.1004e-04 -1.1412e-04 -1.1491e-04 -1.1215e-04 -1.0698e-04 -1.1162e-04 -1.1472e-04 -1.1443e-04 -1.1036e-04 -1.1020e-04 -1.1566e-04 -1.1778e-04 -1.1621e-04 -1.0929e-04 -1.0660e-04
+0000.00144 -1.0637e-04 -1.0865e-04 -1.1384e-04 -1.1555e-04 -1.1409e-04 -1.0974e-04 -1.0910e-04 -1.1217e-04 -1.1278e-04 -1.1043e-04 -1.0695e-04 -1.1003e-04 -1.1263e-04 -1.1239e-04 -1.0929e-04 -1.0937e-04 -1.1366e-04 -1.1546e-04 -1.1391e-04 -1.0840e-04 -1.0583e-04
+0000.00123 -1.0681e-04 -1.0896e-04 -1.1322e-04 -1.1481e-04 -1.1355e-04 -1.1012e-04 -1.0950e-04 -1.1176e-04 -1.1221e-04 -1.1023e-04 -1.0780e-04 -1.0993e-04 -1.1208e-04 -1.1190e-04 -1.0961e-04 -1.0982e-04 -1.1320e-04 -1.1470e-04 -1.1322e-04 -1.0872e-04 -1.0635e-04
+0000.00102 -1.0726e-04 -1.0926e-04 -1.1283e-04 -1.1431e-04 -1.1323e-04 -1.1049e-04 -1.0989e-04 -1.1154e-04 -1.1186e-04 -1.1020e-04 -1.0844e-04 -1.0998e-04 -1.1175e-04 -1.1163e-04 -1.0995e-04 -1.1024e-04 -1.1293e-04 -1.1417e-04 -1.1277e-04 -1.0902e-04 -1.0685e-04
+0000.00082 -1.0762e-04 -1.0948e-04 -1.1254e-04 -1.1391e-04 -1.1301e-04 -1.1076e-04 -1.1019e-04 -1.1138e-04 -1.1160e-04 -1.1021e-04 -1.0888e-04 -1.1003e-04 -1.1150e-04 -1.1144e-04 -1.1021e-04 -1.1056e-04 -1.1274e-04 -1.1377e-04 -1.1245e-04 -1.0924e-04 -1.0724e-04
+0000.00062 -1.0789e-04 -1.0963e-04 -1.1234e-04 -1.1362e-04 -1.1284e-04 -1.1096e-04 -1.1041e-04 -1.1128e-04 -1.1141e-04 -1.1022e-04 -1.0918e-04 -1.1008e-04 -1.1133e-04 -1.1131e-04 -1.1040e-04 -1.1078e-04 -1.1260e-04 -1.1347e-04 -1.1222e-04 -1.0939e-04 -1.0753e-04
+0000.00041 -1.0807e-04 -1.0972e-04 -1.1220e-04 -1.1342e-04 -1.1274e-04 -1.1109e-04 -1.1055e-04 -1.1121e-04 -1.1129e-04 -1.1024e-04 -1.0938e-04 -1.1012e-04 -1.1121e-04 -1.1123e-04 -1.1053e-04 -1.1092e-04 -1.1251e-04 -1.1326e-04 -1.1207e-04 -1.0949e-04 -1.0773e-04
+0000.00021 -1.0817e-04 -1.0978e-04 -1.1212e-04 -1.1330e-04 -1.1267e-04 -1.1117e-04 -1.1063e-04 -1.1118e-04 -1.1122e-04 -1.1025e-04 -1.0949e-04 -1.1014e-04 -1.1114e-04 -1.1118e-04 -1.1060e-04 -1.1100e-04 -1.1246e-04 -1.1314e-04 -1.1198e-04 -1.0955e-04 -1.0784e-04
+0000.00000 -1.0821e-04 -1.0980e-04 -1.1209e-04 -1.1326e-04 -1.1265e-04 -1.1119e-04 -1.1066e-04 -1.1116e-04 -1.1119e-04 -1.1026e-04 -1.0952e-04 -1.1015e-04 -1.1112e-04 -1.1117e-04 -1.1063e-04 -1.1103e-04 -1.1244e-04 -1.1310e-04 -1.1195e-04 -1.0957e-04 -1.0788e-04
-0000.00020 -1.0817e-04 -1.0978e-04 -1.1212e-04 -1.1330e-04 -1.1267e-04 -1.1117e-04 -1.1063e-04 -1.1118e-04 -1.1122e-04 -1.1025e-04 -1.0949e-04 -1.1014e-04 -1.1114e-04 -1.1118e-04 -1.1060e-04 -1.1100e-04 -1.1246e-04 -1.1314e-04 -1.1198e-04 -1.0955e-04 -1.0784e-04
-0000.00041 -1.0807e-04 -1.0973e-04 -1.1220e-04 -1.1342e-04 -1.1274e-04 -1.1109e-04 -1.1055e-04 -1.1121e-04 -1.1129e-04 -1.1024e-04 -1.0938e-04 -1.1012e-04 -1.1121e-04 -1.1123e-04 -1.1053e-04 -1.1092e-04 -1.1251e-04 -1.1326e-04 -1.1207e-04 -1.0949e-04 -1.0773e-04
-0000.00061 -1.0788e-04 -1.0963e-04 -1.1234e-04 -1.1362e-04 -1.1284e-04 -1.1096e-04 -1.1041e-04 -1.1128e-04 -1.1141e-04 -1.1022e-04 -1.0918e-04 -1.1008e-04 -1.1133e-04 -1.1131e-04 -1.1040e-04 -1.1078e-04 -1.1260e-04 -1.1347e-04 -1.1222e-04 -1.0939e-04 -1.0753e-04
-0000.00082 -1.0762e-04 -1.0948e-04 -1.1254e-04 -1.1391e-04 -1.1301e-04 -1.1077e-04 -1.1019e-04 -1.1138e-04 -1.1160e-04 -1.1021e-04 -1.0888e-04 -1.1003e-04 -1.1150e-04 -1.1144e-04 -1.1021e-04 -1.1056e-04 -1.1274e-04 -1.1377e-04 -1.1245e-04 -1.0924e-04 -1.0724e-04
-0000.00102 -1.0726e-04 -1.0926e-04 -1.1283e-04 -1.1431e-04 -1.1323e-04 -1.1049e-04 -1.0989e-04 -1.1153e-04 -1.1185e-04 -1.1020e-04 -1.0844e-04 -1.0998e-04 -1.1175e-04 -1.1163e-04 -1.0995e-04 -1.1024e-04 -1.1293e-04 -1.1418e-04 -1.1277e-04 -1.0902e-04 -1.0685e-04
-0000.00123 -1.0681e-04 -1.0897e-04 -1.1322e-04 -1.1481e-04 -1.1355e-04 -1.1012e-04 -1.0950e-04 -1.1176e-04 -1.1221e-04 -1.1023e-04 -1.0780e-04 -1.0994e-04 -1.1209e-04 -1.1190e-04 -1.0961e-04 -1.0982e-04 -1.1320e-04 -1.1470e-04 -1.1322e-04 -1.0872e-04 -1.0635e-04
-0000.00143 -1.0636e-04 -1.0866e-04 -1.1384e-04 -1.1555e-04 -1.1409e-04 -1.0974e-04 -1.0910e-04 -1.1217e-04 -1.1278e-04 -1.1042e-04 -1.0695e-04 -1.1003e-04 -1.1263e-04 -1.1239e-04 -1.0929e-04 -1.0936e-04 -1.1366e-04 -1.1546e-04 -1.1391e-04 -1.0839e-04 -1.0583e-04
-0000.00164 -1.0725e-04 -1.0959e-04 -1.1603e-04 -1.1784e-04 -1.1618e-04 -1.1071e-04 -1.1004e-04 -1.1412e-04 -1.1491e-04 -1.1215e-04 -1.0698e-04 -1.1162e-04 -1.1472e-04 -1.1443e-04 -1.1035e-04 -1.1020e-04 -1.1566e-04 -1.1779e-04 -1.1621e-04 -1.0928e-04 -1.0660e-04
-0000.00184 -1.2657e-04 -1.2874e-04 -1.3687e-04 -1.3877e-04 -1.3693e-04 -1.3022e-04 -1.2951e-04 -1.3468e-04 -1.3565e-04 -1.3251e-04 -1.2426e-04 -1.3180e-04 -1.3541e-04 -1.3509e-04 -1.2997e-04 -1.2947e-04 -1.3622e-04 -1.3869e-04 -1.3713e-04 -1.2824e-04 -1.2566e-04
-0000.00205 +7.0360e-05 +6.7126e-05 +5.8196e-05 +5.6326e-05 +5.8487e-05 +6.6214e-05 +6.7030e-05 +6.1053e-05 +6.0028e-05 +6.3628e-05 +8.0656e-05 +6.4465e-05 +6.0495e-05 +6.0980e-05 +6.6976e-05 +6.7837e-05 +6.0140e-05 +5.7476e-05 +5.9140e-05 +7.0224e-05 +7.3153e-05
# Total Vertical 2nd Order Kick [T2m2]
START
            -0000.01000 -0000.00900 -0000.00800 -0000.00700 -0000.00600 -0000.00500 -0000.00400 -0000.00300 -0000.00200 -0000.00100 +0000.00000 +0000.00100 +0000.00200 +0000.00300 +0000.00400 +0000.00500 +0000.00600 +0000.00700 +0000.00800 +0000.00900 +0000.01000
+0000.00205 -2.3520e-04 -2.1952e-04 -2.2891e-04 -2.3411e-04 -2.3957e-04 -2.4341e-04 -2.2901e-04 -2.3148e-04 -2.3605e-04 -2.4056e-04 -2.3723e-04 -2.2879e-04 -2.3236e-04 -2.3726e-04 -2.4099e-04 -2.2662e-04 -2.2920e-04 -2.3430e-04 -2.4051e-04 -2.5041e-04 -2.3424e-04
+0000.00184 -1.9771e-04 -1.8910e-04 -1.9283e-04 -1.9737e-04 -2.0193e-04 -2.0406e-04 -1.9411e-04 -1.9533e-04 -1.9906e-04 -2.0252e-04 -1.9854e-04 -1.9319e-04 -1.9596e-04 -1.9994e-04 -2.0211e-04 -1.9218e-04 -1.9336e-04 -1.9766e-04 -2.0291e-04 -2.0699e-04 -1.9802e-04
+0000.00164 -1.6560e-04 -1.5993e-04 -1.6186e-04 -1.6572e-04 -1.6949e-04 -1.7053e-04 -1.6379e-04 -1.6420e-04 -1.6719e-04 -1.6978e-04 -1.6655e-04 -1.6254e-04 -1.6461e-04 -1.6779e-04 -1.6890e-04 -1.6218e-04 -1.6252e-04 -1.6608e-04 -1.7044e-04 -1.7266e-04 -1.6669e-04
+0000.00144 -1.3765e-04 -1.3370e-04 -1.3482e-04 -1.3802e-04 -1.4107e-04 -1.4154e-04 -1.3692e-04 -1.3692e-04 -1.3927e-04 -1.4117e-04 -1.3865e-04 -1.3565e-04 -1.3716e-04 -1.3965e-04 -1.4015e-04 -1.3555e-04 -1.3551e-04 -1.3841e-04 -1.4197e-04 -1.4329e-04 -1.3911e-04
+0000.00123 -1.1292e-04 -1.1010e-04 -1.1079e-04 -1.1338e-04 -1.1582e-04 -1.1600e-04 -1.1279e-04 -1.1262e-04 -1.1443e-04 -1.1580e-04 -1.1388e-04 -1.1165e-04 -1.1273e-04 -1.1464e-04 -1.1482e-04 -1.1163e-04 -1.1145e-04 -1.1378e-04 -1.1662e-04 -1.1746e-04 -1.1447e-04
+0000.00102 -9.0693e-05 -8.8660e-05 -8.9108e-05 -9.1155e-05 -9.3057e-05 -9.3110e-05 -9.0870e-05 -9.0644e-05 -9.2010e-05 -9.2980e-05 -9.1548e-05 -8.9911e-05 -9.0673e-05 -9.2109e-05 -9.2134e-05 -8.9902e-05 -8.9704e-05 -9.1524e-05 -9.3740e-05 -9.4297e-05 -9.2142e-05
+0000.00082 -7.0409e-05 -6.8959e-05 -6.9258e-05 -7.0816e-05 -7.2253e-05 -7.2255e-05 -7.0703e-05 -7.0490e-05 -7.1487e-05 -7.2161e-05 -7.1121e-05 -6.9945e-05 -7.0470e-05 -7.1517e-05 -7.1477e-05 -6.9930e-05 -6.9759e-05 -7.1138e-05 -7.2810e-05 -7.3185e-05 -7.1650e-05
+0000.00062 -5.1592e-05 -5.0596e-05 -5.0794e-05 -5.1914e-05 -5.2944e-05 -5.2930e-05 -5.1889e-05 -5.1718e-05 -5.2411e-05 -5.2860e-05 -5.2139e-05 -5.1330e-05 -5.1678e-05 -5.2405e-05 -5.2348e-05 -5.1311e-05 -5.1182e-05 -5.2171e-05 -5.3367e-05 -5.3615e-05 -5.2562e-05
+0000.00041 -3.3833e-05 -3.3208e-05 -3.3329e-05 -3.4053e-05 -3.4717e-05 -3.4703e-05 -3.4062e-05 -3.3945e-05 -3.4381e-05 -3.4656e-05 -3.4202e-05 -3.3695e-05 -3.3907e-05 -3.4363e-05 -3.4316e-05 -3.3678e-05 -3.3594e-05 -3.4232e-05 -3.5001e-05 -3.5154e-05 -3.4494e-05
+0000.00021 -1.6757e-05 -1.6456e-05 -1.6514e-05 -1.6869e-05 -1.7194e-05 -1.7186e-05 -1.6880e-05 -1.6821e-05 -1.7032e-05 -1.7162e-05 -1.6943e-05 -1.6699e-05 -1.6799e-05 -1.7018e-05 -1.6992e-05 -1.6689e-05 -1.6648e-05 -1.6960e-05 -1.7336e-05 -1.7409e-05 -1.7091e-05
+0000.00000 -1.7855e-08 -1.7772e-08 -1.7126e-08 -1.7241e-08 -1.7665e-08 -1.7528e-08 -1.6927e-08 -1.6872e-08 -1.7468e-08 -1.8139e-08 -1.8336e-08 -1.7875e-08 -1.7109e-08 -1.6537e-08 -1.6661e-08 -1.7327e-08 -1.7453e-08 -1.6925e-08 -1.6670e-08 -1.7249e-08 -1.7416e-08
-0000.00020 +1.6721e-05 +1.6420e-05 +1.6479e-05 +1.6834e-05 +1.7159e-05 +1.7151e-05 +1.6847e-05 +1.6787e-05 +1.6997e-05 +1.7126e-05 +1.6906e-05 +1.6663e-05 +1.6765e-05 +1.6985e-05 +1.6959e-05 +1.6654e-05 +1.6613e-05 +1.6926e-05 +1.7303e-05 +1.7375e-05 +1.7056e-05
-0000.00041 +3.3797e-05 +3.3172e-05 +3.3295e-05 +3.4019e-05 +3.4682e-05 +3.4668e-05 +3.4029e-05 +3.3911e-05 +3.4346e-05 +3.4619e-05 +3.4165e-05 +3.3659e-05 +3.3873e-05 +3.4330e-05 +3.4283e-05 +3.3643e-05 +3.3559e-05 +3.4198e-05 +3.4968e-05 +3.5119e-05 +3.4458e-05
-0000.00061 +5.1556e-05 +5.0560e-05 +5.0760e-05 +5.1880e-05 +5.2909e-05 +5.2895e-05 +5.1855e-05 +5.1684e-05 +5.2376e-05 +5.2824e-05 +5.2102e-05 +5.1294e-05 +5.1644e-05 +5.2372e-05 +5.2315e-05 +5.1276e-05 +5.1147e-05 +5.2137e-05 +5.3334e-05 +5.3581e-05 +5.2526e-05
-0000.00082 +7.0371e-05 +6.8923e-05 +6.9225e-05 +7.0781e-05 +7.2218e-05 +7.2219e-05 +7.0669e-05 +7.0456e-05 +7.1452e-05 +7.2124e-05 +7.1084e-05 +6.9909e-05 +7.0436e-05 +7.1484e-05 +7.1444e-05 +6.9895e-05 +6.9724e-05 +7.1104e-05 +7.2777e-05 +7.3150e-05 +7.1614e-05
-0000.00102 +9.0655e-05 +8.8624e-05 +8.9075e-05 +9.1121e-05 +9.3021e-05 +9.3074e-05 +9.0837e-05 +9.0611e-05 +9.1975e-05 +9.2943e-05 +9.1511e-05 +8.9875e-05 +9.0639e-05 +9.2077e-05 +9.2102e-05 +8.9866e-05 +8.9668e-05 +9.1491e-05 +9.3708e-05 +9.4262e-05 +9.2105e-05
-0000.00123 +1.1288e-04 +1.1006e-04 +1.1075e-04 +1.1335e-04 +1.1578e-04 +1.1596e-04 +1.1276e-04 +1.1258e-04 +1.1439e-04 +1.1576e-04 +1.1384e-04 +1.1161e-04 +1.1270e-04 +1.1461e-04 +1.1479e-04 +1.1159e-04 +1.1141e-04 +1.1374e-04 +1.1658e-04 +1.1742e-04 +1.1443e-04
-0000.00143 +1.3761e-04 +1.3367e-04 +1.3479e-04 +1.3799e-04 +1.4104e-04 +1.4150e-04 +1.3689e-04 +1.3689e-04 +1.3924e-04 +1.4113e-04 +1.3861e-04 +1.3562e-04 +1.3713e-04 +1.3962e-04 +1.4012e-04 +1.3551e-04 +1.3547e-04 +1.3838e-04 +1.4194e-04 +1.4326e-04 +1.3907e-04
-0000.00164 +1.6556e-04 +1.5990e-04 +1.6183e-04 +1.6569e-04 +1.6945e-04 +1.7049e-04 +1.6376e-04 +1.6417e-04 +1.6716e-04 +1.6975e-04 +1.6651e-04 +1.6251e-04 +1.6458e-04 +1.6776e-04 +1.6887e-04 +1.6214e-04 +1.6248e-04 +1.6605e-04 +1.7042e-04 +1.7262e-04 +1.6665e-04
-0000.00184 +1.9766e-04 +1.8906e-04 +1.9280e-04 +1.9733e-04 +2.0189e-04 +2.0402e-04 +1.9408e-04 +1.9530e-04 +1.9903e-04 +2.0249e-04 +1.9850e-04 +1.9315e-04 +1.9592e-04 +1.9991e-04 +2.0208e-04 +1.9214e-04 +1.9332e-04 +1.9763e-04 +2.0288e-04 +2.0696e-04 +1.9797e-04
-0000.00205 +2.3515e-04 +2.1949e-04 +2.2888e-04 +2.3407e-04 +2.3953e-04 +2.4337e-04 +2.2899e-04 +2.3145e-04 +2.3601e-04 +2.4052e-04 +2.3719e-04 +2.2875e-04 +2.3232e-04 +2.3723e-04 +2.4097e-04 +2.2658e-04 +2.2916e-04 +2.3427e-04 +2.4048e-04 +2.5039e-04 +2.3419e-04
# Horizontal Final Position [m]
START
            -0000.01000 -0000.00900 -0000.00800 -0000.00700 -0000.00600 -0000.00500 -0000.00400 -0000.00300 -0000.00200 -0000.00100 +0000.00000 +0000.00100 +0000.00200 +0000.00300 +0000.00400 +0000.00500 +0000.00600 +0000.00700 +0000.00800 +0000.00900 +0000.01000
+0000.00205 -9.9987e-03 -8.9988e-03 -7.9988e-03 -6.9988e-03 -5.9989e-03 -4.9989e-03 -3.9989e-03 -2.9989e-03 -1.9989e-03 -9.9891e-04 +1.1040e-06 +1.0011e-03 +2.0011e-03 +3.0011e-03 +4.0011e-03 +5.0011e-03 +6.0011e-03 +7.0012e-03 +8.0012e-03 +9.0012e-03 +1.0001e-02
+0000.00184 -9.9998e-03 -8.9998e-03 -7.9998e-03 -6.9999e-03 -5.9999e-03 -4.9999e-03 -3.9999e-03 -2.9999e-03 -2.0000e-03 -9.9995e-04 +5.4654e-08 +1.0000e-03 +2.0000e-03 +3.0001e-03 +4.0001e-03 +5.0001e-03 +6.0001e-03 +7.0001e-03 +8.0002e-03 +9.0002e-03 +1.0000e-02
+0000.00164 -9.9998e-03 -8.9998e-03 -7.9999e-03 -6.9999e-03 -5.9999e-03 -4.9999e-03 -4.0000e-03 -3.0000e-03 -2.0000e-03 -9.9998e-04 +2.9018e-08 +1.0000e-03 +2.0000e-03 +3.0000e-03 +4.0000e-03 +5.0001e-03 +6.0001e-03 +7.0001e-03 +8.0001e-03 +9.0002e-03 +1.0000e-02
+0000.00144 -9.9998e-03 -8.9998e-03 -7.9999e-03 -6.9999e-03 -5.9999e-03 -4.9999e-03 -4.0000e-03 -3.0000e-03 -2.0000e-03 -9.9998e-04 +2.4500e-08 +1.0000e-03 +2.0000e-03 +3.0000e-03 +4.0000e-03 +5.0001e-03 +6.0001e-03 +7.0001e-03 +8.0001e-03 +9.0002e-03 +1.0000e-02
+0000.00123 -9.9998e-03 -8.9998e-03 -7.9999e-03 -6.9999e-03 -5.9999e-03 -4.9999e-03 -4.0000e-03 -3.0000e-03 -2.0000e-03 -9.9998e-04 +2.2139e-08 +1.0000e-03 +2.0000e-03 +3.0000e-03 +4.0000e-03 +5.0001e-03 +6.0001e-03 +7.0001e-03 +8.0001e-03 +9.0002e-03 +1.0000e-02
+0000.00102 -9.9998e-03 -8.9998e-03 -7.9999e-03 -6.9999e-03 -5.9999e-03 -4.9999e-03 -4.0000e-03 -3.0000e-03 -2.0000e-03 -9.9998e-04 +2.0436e-08 +1.0000e-03 +2.0000e-03 +3.0000e-03 +4.0000e-03 +5.0001e-03 +6.0001e-03 +7.0001e-03 +8.0001e-03 +9.0002e-03 +1.0000e-02
+0000.00082 -9.9998e-03 -8.9998e-03 -7.9999e-03 -6.9999e-03 -5.9999e-03 -4.9999e-03 -4.0000e-03 -3.0000e-03 -2.0000e-03 -9.9998e-04 +1.9166e-08 +1.0000e-03 +2.0000e-03 +3.0000e-03 +4.0000e-03 +5.0001e-03 +6.0001e-03 +7.0001e-03 +8.0001e-03 +9.0002e-03 +1.0000e-02
+0000.00062 -9.9998e-03 -8.9998e-03 -7.9999e-03 -6.9999e-03 -5.9999e-03 -4.9999e-03 -4.0000e-03 -3.0000e-03 -2.0000e-03 -9.9998e-04 +1.8243e-08 +1.0000e-03 +2.0000e-03 +3.0000e-03 +4.0000e-03 +5.0001e-03 +6.0001e-03 +7.0001e-03 +8.0001e-03 +9.0002e-03 +1.0000e-02
+0000.00041 -9.9998e-03 -8.9998e-03 -7.9999e-03 -6.9999e-03 -5.9999e-03 -4.9999e-03 -4.0000e-03 -3.0000e-03 -2.0000e-03 -9.9998e-04 +1.7615e-08 +1.0000e-03 +2.0000e-03 +3.0000e-03 +4.0000e-03 +5.0001e-03 +6.0001e-03 +7.0001e-03 +8.0001e-03 +9.0002e-03 +1.0000e-02
+0000.00021 -9.9998e-03 -8.9998e-03 -7.9999e-03 -6.9999e-03 -5.9999e-03 -4.9999e-03 -4.0000e-03 -3.0000e-03 -2.0000e-03 -9.9998e-04 +1.7250e-08 +1.0000e-03 +2.0000e-03 +3.0000e-03 +4.0000e-03 +5.0001e-03 +6.0001e-03 +7.0001e-03 +8.0001e-03 +9.0002e-03 +1.0000e-02
+0000.00000 -9.9998e-03 -8.9998e-03 -7.9999e-03 -6.9999e-03 -5.9999e-03 -4.9999e-03 -4.0000e-03 -3.0000e-03 -2.0000e-03 -9.9998e-04 +1.7131e-08 +1.0000e-03 +2.0000e-03 +3.0000e-03 +4.0000e-03 +5.0001e-03 +6.0001e-03 +7.0001e-03 +8.0001e-03 +9.0002e-03 +1.0000e-02
-0000.00020 -9.9998e-03 -8.9998e-03 -7.9999e-03 -6.9999e-03 -5.9999e-03 -4.9999e-03 -4.0000e-03 -3.0000e-03 -2.0000e-03 -9.9998e-04 +1.7250e-08 +1.0000e-03 +2.0000e-03 +3.0000e-03 +4.0000e-03 +5.0001e-03 +6.0001e-03 +7.0001e-03 +8.0001e-03 +9.0002e-03 +1.0000e-02
-0000.00041 -9.9998e-03 -8.9998e-03 -7.9999e-03 -6.9999e-03 -5.9999e-03 -4.9999e-03 -4.0000e-03 -3.0000e-03 -2.0000e-03 -9.9998e-04 +1.7615e-08 +1.0000e-03 +2.0000e-03 +3.0000e-03 +4.0000e-03 +5.0001e-03 +6.0001e-03 +7.0001e-03 +8.0001e-03 +9.0002e-03 +1.0000e-02
-0000.00061 -9.9998e-03 -8.9998e-03 -7.9999e-03 -6.9999e-03 -5.9999e-03 -4.9999e-03 -4.0000e-03 -3.0000e-03 -2.0000e-03 -9.9998e-04 +1.8243e-08 +1.0000e-03 +2.0000e-03 +3.0000e-03 +4.0000e-03 +5.0001e-03 +6.0001e-03 +7.0001e-03 +8.0001e-03 +9.0002e-03 +1.0000e-02
-0000.00082 -9.9998e-03 -8.9998e-03 -7.9999e-03 -6.9999e-03 -5.9999e-03 -4.9999e-03 -4.0000e-03 -3.0000e-03 -2.0000e-03 -9.9998e-04 +1.9166e-08 +1.0000e-03 +2.0000e-03 +3.0000e-03 +4.0000e-03 +5.0001e-03 +6.0001e-03 +7.0001e-03 +8.0001e-03 +9.0002e-03 +1.0000e-02
-0000.00102 -9.9998e-03 -8.9998e-03 -7.9999e-03 -6.9999e-03 -5.9999e-03 -4.9999e-03 -4.0000e-03 -3.0000e-03 -2.0000e-03 -9.9998e-04 +2.0435e-08 +1.0000e-03 +2.0000e-03 +3.0000e-03 +4.0000e-03 +5.0001e-03 +6.0001e-03 +7.0001e-03 +8.0001e-03 +9.0002e-03 +1.0000e-02
-0000.00123 -9.9998e-03 -8.9998e-03 -7.9999e-03 -6.9999e-03 -5.9999e-03 -4.9999e-03 -4.0000e-03 -3.0000e-03 -2.0000e-03 -9.9998e-04 +2.2139e-08 +1.0000e-03 +2.0000e-03 +3.0000e-03 +4.0000e-03 +5.0001e-03 +6.0001e-03 +7.0001e-03 +8.0001e-03 +9.0002e-03 +1.0000e-02
-0000.00143 -9.9998e-03 -8.9998e-03 -7.9999e-03 -6.9999e-03 -5.9999e-03 -4.9999e-03 -4.0000e-03 -3.0000e-03 -2.0000e-03 -9.9998e-04 +2.4500e-08 +1.0000e-03 +2.0000e-03 +3.0000e-03 +4.0000e-03 +5.0001e-03 +6.0001e-03 +7.0001e-03 +8.0001e-03 +9.0002e-03 +1.0000e-02
-0000.00164 -9.9998e-03 -8.9998e-03 -7.9999e-03 -6.9999e-03 -5.9999e-03 -4.9999e-03 -4.0000e-03 -3.0000e-03 -2.0000e-03 -9.9998e-04 +2.9018e-08 +1.0000e-03 +2.0000e-03 +3.0000e-03 +4.0000e-03 +5.0001e-03 +6.0001e-03 +7.0001e-03 +8.0001e-03 +9.0002e-03 +1.0000e-02
-0000.00184 -9.9998e-03 -8.9998e-03 -7.9998e-03 -6.9999e-03 -5.9999e-03 -4.9999e-03 -3.9999e-03 -2.9999e-03 -2.0000e-03 -9.9995e-04 +5.4653e-08 +1.0000e-03 +2.0000e-03 +3.0001e-03 +4.0001e-03 +5.0001e-03 +6.0001e-03 +7.0001e-03 +8.0002e-03 +9.0002e-03 +1.0000e-02
-0000.00205 -9.9987e-03 -8.9988e-03 -7.9988e-03 -6.9988e-03 -5.9989e-03 -4.9989e-03 -3.9989e-03 -2.9989e-03 -1.9989e-03 -9.9891e-04 +1.1040e-06 +1.0011e-03 +2.0011e-03 +3.0011e-03 +4.0011e-03 +5.0011e-03 +6.0011e-03 +7.0012e-03 +8.0012e-03 +9.0012e-03 +1.0001e-02
# Vertical Final Position [m]
START
            -0000.01000 -0000.00900 -0000.00800 -0000.00700 -0000.00600 -0000.00500 -0000.00400 -0000.00300 -0000.00200 -0000.00100 +0000.00000 +0000.00100 +0000.00200 +0000.00300 +0000.00400 +0000.00500 +0000.00600 +0000.00700 +0000.00800 +0000.00900 +0000.01000
+0000.00205 +2.0499e-03 +2.0498e-03 +2.0498e-03 +2.0498e-03 +2.0498e-03 +2.0498e-03 +2.0498e-03 +2.0498e-03 +2.0498e-03 +2.0498e-03 +2.0498e-03 +2.0498e-03 +2.0498e-03 +2.0497e-03 +2.0497e-03 +2.0497e-03 +2.0497e-03 +2.0497e-03 +2.0497e-03 +2.0497e-03 +2.0497e-03
+0000.00184 +1.8449e-03 +1.8449e-03 +1.8449e-03 +1.8449e-03 +1.8448e-03 +1.8448e-03 +1.8448e-03 +1.8448e-03 +1.8448e-03 +1.8448e-03 +1.8448e-03 +1.8448e-03 +1.8448e-03 +1.8448e-03 +1.8448e-03 +1.8448e-03 +1.8448e-03 +1.8447e-03 +1.8447e-03 +1.8447e-03 +1.8447e-03
+0000.00164 +1.6399e-03 +1.6399e-03 +1.6399e-03 +1.6399e-03 +1.6399e-03 +1.6399e-03 +1.6399e-03 +1.6399e-03 +1.6398e-03 +1.6398e-03 +1.6398e-03 +1.6398e-03 +1.6398e-03 +1.6398e-03 +1.6398e-03 +1.6398e-03 +1.6398e-03 +1.6398e-03 +1.6398e-03 +1.6398e-03 +1.6398e-03
+0000.00144 +1.4349e-03 +1.4349e-03 +1.4349e-03 +1.4349e-03 +1.4349e-03 +1.4349e-03 +1.4349e-03 +1.4349e-03 +1.4349e-03 +1.4349e-03 +1.4349e-03 +1.4349e-03 +1.4349e-03 +1.4348e-03 +1.4348e-03 +1.4348e-03 +1.4348e-03 +1.4348e-03 +1.4348e-03 +1.4348e-03 +1.4348e-03
+0000.00123 +1.2299e-03 +1.2299e-03 +1.2299e-03 +1.2299e-03 +1.2299e-03 +1.2299e-03 +1.2299e-03 +1.2299e-03 +1.2299e-03 +1.2299e-03 +1.2299e-03 +1.2299e-03 +1.2299e-03 +1.2299e-03 +1.2299e-03 +1.2299e-03 +1.2299e-03 +1.2299e-03 +1.2298e-03 +1.2298e-03 +1.2298e-03
+0000.00102 +1.0250e-03 +1.0250e-03 +1.0249e-03 +1.0249e-03 +1.0249e-03 +1.0249e-03 +1.0249e-03 +1.0249e-03 +1.0249e-03 +1.0249e-03 +1.0249e-03 +1.0249e-03 +1.0249e-03 +1.0249e-03 +1.0249e-03 +1.0249e-03 +1.0249e-03 +1.0249e-03 +1.0249e-03 +1.0249e-03 +1.0249e-03
+0000.00082 +8.1997e-04 +8.1996e-04 +8.1996e-04 +8.1995e-04 +8.1995e-04 +8.1994e-04 +8.1994e-04 +8.1994e-04 +8.1993e-04 +8.1993e-04 +8.1993e-04 +8.1993e-04 +8.1993e-04 +8.1992e-04 +8.1992e-04 +8.1991e-04 +8.1991e-04 +8.1990e-04 +8.1990e-04 +8.1990e-04 +8.1989e-04
+0000.00062 +6.1498e-04 +6.1497e-04 +6.1497e-04 +6.1497e-04 +6.1496e-04 +6.1496e-04 +6.1496e-04 +6.1495e-04 +6.1495e-04 +6.1495e-04 +6.1495e-04 +6.1495e-04 +6.1494e-04 +6.1494e-04 +6.1494e-04 +6.1494e-04 +6.1493e-04 +6.1493e-04 +6.1493e-04 +6.1492e-04 +6.1492e-04
+0000.00041 +4.0998e-04 +4.0998e-04 +4.0998e-04 +4.0998e-04 +4.0998e-04 +4.0997e-04 +4.0997e-04 +4.0997e-04 +4.0997e-04 +4.0997e-04 +4.0997e-04 +4.0997e-04 +4.0996e-04 +4.0996e-04 +4.0996e-04 +4.0996e-04 +4.0996e-04 +4.0995e-04 +4.0995e-04 +4.0995e-04 +4.0995e-04
+0000.00021 +2.0499e-04 +2.0499e-04 +2.0499e-04 +2.0499e-04 +2.0499e-04 +2.0499e-04 +2.0499e-04 +2.0499e-04 +2.0498e-04 +2.0498e-04 +2.0498e-04 +2.0498e-04 +2.0498e-04 +2.0498e-04 +2.0498e-04 +2.0498e-04 +2.0498e-04 +2.0498e-04 +2.0498e-04 +2.0497e-04 +2.0497e-04
+0000.00000 -4.3047e-11 -4.3457e-11 -4.3098e-11 -4.3936e-11 -4.5298e-11 -4.5813e-11 -4.5431e-11 -4.5564e-11 -4.6507e-11 -4.7535e-11 -4.7887e-11 -4.7263e-11 -4.6115e-11 -4.5157e-11 -4.5051e-11 -4.5486e-11 -4.5003e-11 -4.3617e-11 -4.2722e-11 -4.3077e-11 -4.2789e-11
-0000.00020 -2.0499e-04 -2.0499e-04 -2.0499e-04 -2.0499e-04 -2.0499e-04 -2.0499e-04 -2.0499e-04 -2.0499e-04 -2.0498e-04 -2.0498e-04 -2.0498e-04 -2.0498e-04 -2.0498e-04 -2.0498e-04 -2.0498e-04 -2.0498e-04 -2.0498e-04 -2.0498e-04 -2.0498e-04 -2.0497e-04 -2.0497e-04
-0000.00041 -4.0998e-04 -4.0998e-04 -4.0998e-04 -4.0998e-04 -4.0998e-04 -4.0997e-04 -4.0997e-04 -4.0997e-04 -4.0997e-04 -4.0997e-04 -4.0997e-04 -4.0997e-04 -4.0996e-04 -4.0996e-04 -4.0996e-04 -4.0996e-04 -4.0996e-04 -4.0995e-04 -4.0995e-04 -4.0995e-04 -4.0995e-04
-0000.00061 -6.1498e-04 -6.1497e-04 -6.1497e-04 -6.1497e-04 -6.1496e-04 -6.1496e-04 -6.1496e-04 -6.1495e-04 -6.1495e-04 -6.1495e-04 -6.1495e-04 -6.1495e-04 -6.1494e-04 -6.1494e-04 -6.1494e-04 -6.1494e-04 -6.1493e-04 -6.1493e-04 -6.1493e-04 -6.1492e-04 -6.1492e-04
-0000.00082 -8.1997e-04 -8.1996e-04 -8.1996e-04 -8.1995e-04 -8.1995e-04 -8.1994e-04 -8.1994e-04 -8.1994e-04 -8.1993e-04 -8.1993e-04 -8.1993e-04 -8.1993e-04 -8.1993e-04 -8.1992e-04 -8.1992e-04 -8.1991e-04 -8.1991e-04 -8.1990e-04 -8.1990e-04 -8.1990e-04 -8.1989e-04
-0000.00102 -1.0250e-03 -1.0250e-03 -1.0249e-03 -1.0249e-03 -1.0249e-03 -1.0249e-03 -1.0249e-03 -1.0249e-03 -1.0249e-03 -1.0249e-03 -1.0249e-03 -1.0249e-03 -1.0249e-03 -1.0249e-03 -1.0249e-03 -1.0249e-03 -1.0249e-03 -1.0249e-03 -1.0249e-03 -1.0249e-03 -1.0249e-03
-0000.00123 -1.2299e-03 -1.2299e-03 -1.2299e-03 -1.2299e-03 -1.2299e-03 -1.2299e-03 -1.2299e-03 -1.2299e-03 -1.2299e-03 -1.2299e-03 -1.2299e-03 -1.2299e-03 -1.2299e-03 -1.2299e-03 -1.2299e-03 -1.2299e-03 -1.2299e-03 -1.2299e-03 -1.2298e-03 -1.2298e-03 -1.2298e-03
-0000.00143 -1.4349e-03 -1.4349e-03 -1.4349e-03 -1.4349e-03 -1.4349e-03 -1.4349e-03 -1.4349e-03 -1.4349e-03 -1.4349e-03 -1.4349e-03 -1.4349e-03 -1.4349e-03 -1.4349e-03 -1.4348e-03 -1.4348e-03 -1.4348e-03 -1.4348e-03 -1.4348e-03 -1.4348e-03 -1.4348e-03 -1.4348e-03
-0000.00164 -1.6399e-03 -1.6399e-03 -1.6399e-03 -1.6399e-03 -1.6399e-03 -1.6399e-03 -1.6399e-03 -1.6399e-03 -1.6398e-03 -1.6398e-03 -1.6398e-03 -1.6398e-03 -1.6398e-03 -1.6398e-03 -1.6398e-03 -1.6398e-03 -1.6398e-03 -1.6398e-03 -1.6398e-03 -1.6398e-03 -1.6398e-03
-0000.00184 -1.8449e-03 -1.8449e-03 -1.8449e-03 -1.8449e-03 -1.8448e-03 -1.8448e-03 -1.8448e-03 -1.8448e-03 -1.8448e-03 -1.8448e-03 -1.8448e-03 -1.8448e-03 -1.8448e-03 -1.8448e-03 -1.8448e-03 -1.8448e-03 -1.8448e-03 -1.8447e-03 -1.8447e-03 -1.8447e-03 -1.8447e-03
-0000.00205 -2.0499e-03 -2.0498e-03 -2.0498e-03 -2.0498e-03 -2.0498e-03 -2.0498e-03 -2.0498e-03 -2.0498e-03 -2.0498e-03 -2.0498e-03 -2.0498e-03 -2.0498e-03 -2.0498e-03 -2.0497e-03 -2.0497e-03 -2.0497e-03 -2.0497e-03 -2.0497e-03 -2.0497e-03 -2.0497e-03 -2.0497e-03
