# Author: FAC idanalysis.IDKickMap
# Termination_kicks [T2m2]: +6.7505e-04 -9.1599e-08 -1.0453e-03 +7.5612e-08
# Total Length of Longitudinal Interval [m]
2
# Number of Horizontal Points
21
# Number of Vertical Points
5
# Total Horizontal 2nd Order Kick [T2m2]
START
            -0000.01000 -0000.00900 -0000.00800 -0000.00700 -0000.00600 -0000.00500 -0000.00400 -0000.00300 -0000.00200 -0000.00100 +0000.00000 +0000.00100 +0000.00200 +0000.00300 +0000.00400 +0000.00500 +0000.00600 +0000.00700 +0000.00800 +0000.00900 +0000.01000
+0000.00600 +3.8426e-04 +3.6164e-04 +3.7004e-04 +3.7845e-04 +3.3886e-04 +3.6896e-04 +3.7545e-04 +3.4732e-04 +3.6803e-04 +3.7376e-04 +3.7084e-04 +3.6671e-04 +3.7244e-04 +3.9304e-04 +3.6482e-04 +3.7131e-04 +4.0138e-04 +3.6184e-04 +3.7027e-04 +3.7865e-04 +3.5615e-04
+0000.00300 +3.6989e-04 +3.6998e-04 +3.6986e-04 +3.6992e-04 +3.4921e-04 +3.6999e-04 +3.6992e-04 +3.7020e-04 +3.7026e-04 +3.7013e-04 +3.7019e-04 +3.7039e-04 +3.7027e-04 +3.7032e-04 +3.7050e-04 +3.7044e-04 +3.9116e-04 +3.7054e-04 +3.7059e-04 +3.7048e-04 +3.7054e-04
+0000.00000 +3.6934e-04 +3.6941e-04 +3.6961e-04 +3.6978e-04 +3.6976e-04 +3.6985e-04 +3.7001e-04 +3.7002e-04 +3.7008e-04 +3.7024e-04 +3.7025e-04 +3.7026e-04 +3.7042e-04 +3.7047e-04 +3.7046e-04 +3.7062e-04 +3.7071e-04 +3.7070e-04 +3.7087e-04 +3.7107e-04 +3.7113e-04
-0000.00300 +3.6992e-04 +3.7000e-04 +3.6988e-04 +3.6993e-04 +3.4925e-04 +3.7002e-04 +3.6996e-04 +3.7020e-04 +3.7026e-04 +3.7013e-04 +3.7033e-04 +3.7040e-04 +3.7027e-04 +3.7033e-04 +3.7045e-04 +3.7039e-04 +3.9110e-04 +3.7054e-04 +3.7058e-04 +3.7047e-04 +3.7051e-04
-0000.00600 +3.8434e-04 +3.6172e-04 +3.7014e-04 +3.7854e-04 +3.3893e-04 +3.6907e-04 +3.7555e-04 +3.4732e-04 +3.6804e-04 +3.7378e-04 +3.7100e-04 +3.6670e-04 +3.7244e-04 +3.9305e-04 +3.6468e-04 +3.7117e-04 +4.0126e-04 +3.6176e-04 +3.7018e-04 +3.7858e-04 +3.5607e-04
# Total Vertical 2nd Order Kick [T2m2]
START
            -0000.01000 -0000.00900 -0000.00800 -0000.00700 -0000.00600 -0000.00500 -0000.00400 -0000.00300 -0000.00200 -0000.00100 +0000.00000 +0000.00100 +0000.00200 +0000.00300 +0000.00400 +0000.00500 +0000.00600 +0000.00700 +0000.00800 +0000.00900 +0000.01000
+0000.00600 +4.7221e-05 +4.7888e-05 +4.6160e-05 +4.6584e-05 +4.9726e-05 +4.6403e-05 +4.6517e-05 +5.7764e-05 +4.6489e-05 +4.6513e-05 +1.0480e-04 +4.6493e-05 +4.6438e-05 +5.7521e-05 +4.6406e-05 +4.6223e-05 +4.9463e-05 +4.6306e-05 +4.5820e-05 +4.7516e-05 +4.6894e-05
+0000.00300 +6.4681e-05 +6.5392e-05 +6.6811e-05 +6.5756e-05 +6.5277e-05 +6.6956e-05 +6.6342e-05 +6.5187e-05 +6.6924e-05 +6.6722e-05 +6.3299e-05 +6.6744e-05 +6.6964e-05 +6.5239e-05 +6.6375e-05 +6.6968e-05 +6.5255e-05 +6.5701e-05 +6.6730e-05 +6.5285e-05 +6.4537e-05
+0000.00000 +1.0437e-08 +9.9284e-09 +9.4605e-09 +8.8216e-09 +7.6252e-09 +5.1796e-09 +2.4221e-09 +8.8238e-10 +6.5845e-10 +7.8044e-10 +6.3187e-10 +1.2800e-11 -8.0539e-10 -9.0870e-10 +1.2581e-09 +5.4088e-09 +8.9712e-09 +1.0220e-08 +1.0243e-08 +1.0128e-08 +1.0302e-08
-0000.00300 -6.4721e-05 -6.5458e-05 -6.6894e-05 -6.5857e-05 -6.5402e-05 -6.7101e-05 -6.6504e-05 -6.5365e-05 -6.7105e-05 -6.6904e-05 -6.3482e-05 -6.6925e-05 -6.7144e-05 -6.5412e-05 -6.6522e-05 -6.7089e-05 -6.5348e-05 -6.5766e-05 -6.6780e-05 -6.5319e-05 -6.4549e-05
-0000.00600 -4.7214e-05 -4.7842e-05 -4.6155e-05 -4.6618e-05 -4.9744e-05 -4.6453e-05 -4.6601e-05 -5.7859e-05 -4.6584e-05 -4.6617e-05 -1.0492e-04 -4.6605e-05 -4.6544e-05 -5.7626e-05 -4.6507e-05 -4.6286e-05 -4.9487e-05 -4.6354e-05 -4.5827e-05 -4.7481e-05 -4.6907e-05
# Horizontal Final Position [m]
START
            -0000.01000 -0000.00900 -0000.00800 -0000.00700 -0000.00600 -0000.00500 -0000.00400 -0000.00300 -0000.00200 -0000.00100 +0000.00000 +0000.00100 +0000.00200 +0000.00300 +0000.00400 +0000.00500 +0000.00600 +0000.00700 +0000.00800 +0000.00900 +0000.01000
+0000.00600 -1.0001e-02 -9.0010e-03 -8.0010e-03 -7.0012e-03 -6.0015e-03 -5.0014e-03 -4.0015e-03 -3.0018e-03 -2.0015e-03 -1.0015e-03 -1.9589e-06 +9.9847e-04 +1.9985e-03 +2.9983e-03 +3.9985e-03 +4.9986e-03 +5.9986e-03 +6.9988e-03 +7.9990e-03 +8.9990e-03 +9.9991e-03
+0000.00300 -1.0001e-02 -9.0009e-03 -8.0010e-03 -7.0012e-03 -6.0013e-03 -5.0014e-03 -4.0015e-03 -3.0015e-03 -2.0016e-03 -1.0016e-03 -1.5752e-06 +9.9843e-04 +1.9984e-03 +2.9985e-03 +3.9985e-03 +4.9986e-03 +5.9987e-03 +6.9988e-03 +7.9990e-03 +8.9991e-03 +9.9993e-03
+0000.00000 -1.0001e-02 -9.0011e-03 -8.0012e-03 -7.0014e-03 -6.0015e-03 -5.0016e-03 -4.0016e-03 -3.0017e-03 -2.0017e-03 -1.0017e-03 -1.7567e-06 +9.9825e-04 +1.9983e-03 +2.9983e-03 +3.9984e-03 +4.9984e-03 +5.9985e-03 +6.9986e-03 +7.9988e-03 +8.9989e-03 +9.9991e-03
-0000.00300 -1.0001e-02 -9.0009e-03 -8.0010e-03 -7.0012e-03 -6.0013e-03 -5.0014e-03 -4.0015e-03 -3.0015e-03 -2.0016e-03 -1.0016e-03 -1.5750e-06 +9.9843e-04 +1.9984e-03 +2.9985e-03 +3.9985e-03 +4.9986e-03 +5.9987e-03 +6.9988e-03 +7.9990e-03 +8.9991e-03 +9.9993e-03
-0000.00600 -1.0001e-02 -9.0010e-03 -8.0010e-03 -7.0012e-03 -6.0015e-03 -5.0014e-03 -4.0015e-03 -3.0018e-03 -2.0015e-03 -1.0015e-03 -1.9588e-06 +9.9847e-04 +1.9985e-03 +2.9983e-03 +3.9985e-03 +4.9986e-03 +5.9986e-03 +6.9988e-03 +7.9990e-03 +8.9990e-03 +9.9991e-03
# Vertical Final Position [m]
START
            -0000.01000 -0000.00900 -0000.00800 -0000.00700 -0000.00600 -0000.00500 -0000.00400 -0000.00300 -0000.00200 -0000.00100 +0000.00000 +0000.00100 +0000.00200 +0000.00300 +0000.00400 +0000.00500 +0000.00600 +0000.00700 +0000.00800 +0000.00900 +0000.01000
+0000.00600 +6.0021e-03 +6.0015e-03 +6.0015e-03 +6.0015e-03 +6.0009e-03 +6.0009e-03 +6.0009e-03 +6.0004e-03 +6.0003e-03 +6.0003e-03 +6.0001e-03 +5.9998e-03 +5.9998e-03 +5.9997e-03 +5.9992e-03 +5.9992e-03 +5.9992e-03 +5.9986e-03 +5.9986e-03 +5.9986e-03 +5.9979e-03
+0000.00300 +2.9991e-03 +2.9993e-03 +2.9993e-03 +2.9994e-03 +2.9995e-03 +2.9996e-03 +2.9997e-03 +2.9998e-03 +2.9999e-03 +3.0000e-03 +3.0001e-03 +3.0002e-03 +3.0002e-03 +3.0003e-03 +3.0005e-03 +3.0005e-03 +3.0006e-03 +3.0007e-03 +3.0008e-03 +3.0009e-03 +3.0011e-03
+0000.00000 +6.4084e-12 +1.0754e-11 +1.8320e-11 +2.3431e-11 +1.0100e-11 -3.1012e-11 -7.7403e-11 -9.8968e-11 -9.3955e-11 -8.3468e-11 -7.9156e-11 -8.3683e-11 -9.4399e-11 -9.9851e-11 -7.9196e-11 -3.4073e-11 +5.8717e-12 +1.8590e-11 +1.3446e-11 +6.1230e-12 +2.1393e-12
-0000.00300 -2.9991e-03 -2.9993e-03 -2.9993e-03 -2.9994e-03 -2.9995e-03 -2.9996e-03 -2.9997e-03 -2.9998e-03 -2.9999e-03 -3.0000e-03 -3.0001e-03 -3.0002e-03 -3.0002e-03 -3.0003e-03 -3.0005e-03 -3.0005e-03 -3.0006e-03 -3.0007e-03 -3.0008e-03 -3.0009e-03 -3.0011e-03
-0000.00600 -6.0021e-03 -6.0015e-03 -6.0015e-03 -6.0015e-03 -6.0009e-03 -6.0009e-03 -6.0009e-03 -6.0004e-03 -6.0003e-03 -6.0003e-03 -6.0001e-03 -5.9998e-03 -5.9998e-03 -5.9997e-03 -5.9992e-03 -5.9992e-03 -5.9992e-03 -5.9986e-03 -5.9986e-03 -5.9986e-03 -5.9979e-03
