# Author: FAC idanalysis.IDKickMap
#
# Total Length of Longitudinal Interval [m]
0.13
# Number of Horizontal Points
24
# Number of Vertical Points
9
# Total Horizontal 2nd Order Kick [T2m2]
START
            -0000.01200 -0000.01100 -0000.01000 -0000.00900 -0000.00800 -0000.00700 -0000.00600 -0000.00500 -0000.00400 -0000.00300 -0000.00200 -0000.00100 +0000.00000 +0000.00100 +0000.00200 +0000.00300 +0000.00400 +0000.00500 +0000.00600 +0000.00700 +0000.00800 +0000.00900 +0000.01000 +0000.01100
+0000.00200 -3.6188e-04 -3.7269e-04 -3.7775e-04 -3.7172e-04 -3.4830e-04 -3.5737e-04 -3.6205e-04 -3.5668e-04 -3.3032e-04 -3.4944e-04 -3.5427e-04 -3.4950e-04 -3.2120e-04 -3.4913e-04 -3.5395e-04 -3.4904e-04 -3.3026e-04 -3.5531e-04 -3.6074e-04 -3.5553e-04 -3.4709e-04 -3.6933e-04 -3.7535e-04 -3.6922e-04
+0000.00150 -2.1458e-04 -2.1732e-04 -2.2056e-04 -2.1539e-04 -2.0296e-04 -2.0380e-04 -2.0619e-04 -2.0157e-04 -1.9138e-04 -1.9576e-04 -1.9890e-04 -1.9527e-04 -1.8788e-04 -1.9517e-04 -1.9885e-04 -1.9569e-04 -1.9121e-04 -2.0130e-04 -2.0597e-04 -2.0343e-04 -2.0267e-04 -2.1497e-04 -2.2011e-04 -2.1649e-04
+0000.00100 -2.1732e-04 -2.1693e-04 -2.1751e-04 -2.1319e-04 -2.0585e-04 -2.0396e-04 -2.0388e-04 -2.0012e-04 -1.9480e-04 -1.9538e-04 -1.9664e-04 -1.9428e-04 -1.9134e-04 -1.9422e-04 -1.9657e-04 -1.9527e-04 -1.9462e-04 -1.9990e-04 -2.0363e-04 -2.0363e-04 -2.0550e-04 -2.1278e-04 -2.1703e-04 -2.1628e-04
+0000.00050 -2.1859e-04 -2.1715e-04 -2.1629e-04 -2.1249e-04 -2.0713e-04 -2.0445e-04 -2.0308e-04 -1.9987e-04 -1.9624e-04 -1.9564e-04 -1.9585e-04 -1.9425e-04 -1.9275e-04 -1.9420e-04 -1.9578e-04 -1.9553e-04 -1.9607e-04 -1.9965e-04 -2.0283e-04 -2.0414e-04 -2.0678e-04 -2.1208e-04 -2.1580e-04 -2.1654e-04
+0000.00000 -2.1893e-04 -2.1722e-04 -2.1594e-04 -2.1230e-04 -2.0747e-04 -2.0461e-04 -2.0287e-04 -1.9982e-04 -1.9662e-04 -1.9574e-04 -1.9564e-04 -1.9427e-04 -1.9313e-04 -1.9422e-04 -1.9557e-04 -1.9564e-04 -1.9646e-04 -1.9961e-04 -2.0261e-04 -2.0431e-04 -2.0712e-04 -2.1189e-04 -2.1544e-04 -2.1663e-04
-0000.00050 -2.1859e-04 -2.1715e-04 -2.1630e-04 -2.1250e-04 -2.0712e-04 -2.0445e-04 -2.0309e-04 -1.9987e-04 -1.9624e-04 -1.9564e-04 -1.9586e-04 -1.9425e-04 -1.9275e-04 -1.9420e-04 -1.9578e-04 -1.9554e-04 -1.9608e-04 -1.9965e-04 -2.0282e-04 -2.0415e-04 -2.0679e-04 -2.1208e-04 -2.1579e-04 -2.1654e-04
-0000.00100 -2.1732e-04 -2.1693e-04 -2.1754e-04 -2.1320e-04 -2.0583e-04 -2.0395e-04 -2.0389e-04 -2.0013e-04 -1.9479e-04 -1.9537e-04 -1.9664e-04 -1.9428e-04 -1.9134e-04 -1.9421e-04 -1.9656e-04 -1.9528e-04 -1.9463e-04 -1.9989e-04 -2.0362e-04 -2.0364e-04 -2.0552e-04 -2.1277e-04 -2.1701e-04 -2.1628e-04
-0000.00150 -2.1456e-04 -2.1730e-04 -2.2060e-04 -2.1543e-04 -2.0292e-04 -2.0378e-04 -2.0622e-04 -2.0159e-04 -1.9135e-04 -1.9575e-04 -1.9891e-04 -1.9528e-04 -1.8788e-04 -1.9516e-04 -1.9884e-04 -1.9570e-04 -1.9123e-04 -2.0127e-04 -2.0594e-04 -2.0345e-04 -2.0271e-04 -2.1493e-04 -2.2007e-04 -2.1651e-04
-0000.00200 -3.6186e-04 -3.7267e-04 -3.7783e-04 -3.7180e-04 -3.4821e-04 -3.5736e-04 -3.6211e-04 -3.5673e-04 -3.3024e-04 -3.4943e-04 -3.5428e-04 -3.4953e-04 -3.2120e-04 -3.4911e-04 -3.5393e-04 -3.4905e-04 -3.3034e-04 -3.5527e-04 -3.6068e-04 -3.5555e-04 -3.4717e-04 -3.6925e-04 -3.7527e-04 -3.6924e-04
# Total Vertical 2nd Order Kick [T2m2]
START
            -0000.01200 -0000.01100 -0000.01000 -0000.00900 -0000.00800 -0000.00700 -0000.00600 -0000.00500 -0000.00400 -0000.00300 -0000.00200 -0000.00100 +0000.00000 +0000.00100 +0000.00200 +0000.00300 +0000.00400 +0000.00500 +0000.00600 +0000.00700 +0000.00800 +0000.00900 +0000.01000 +0000.01100
+0000.00200 -2.3966e-04 -2.1506e-04 -2.2696e-04 -2.3809e-04 -2.4544e-04 -2.1847e-04 -2.2683e-04 -2.3612e-04 -2.3836e-04 -2.1624e-04 -2.2448e-04 -2.3334e-04 -2.2298e-04 -2.1422e-04 -2.2270e-04 -2.3147e-04 -2.0878e-04 -2.1128e-04 -2.2037e-04 -2.2938e-04 -2.0203e-04 -2.0922e-04 -2.2033e-04 -2.3293e-04
+0000.00150 -1.5205e-04 -1.4335e-04 -1.4853e-04 -1.5508e-04 -1.5451e-04 -1.4527e-04 -1.4855e-04 -1.5343e-04 -1.5033e-04 -1.4288e-04 -1.4657e-04 -1.5093e-04 -1.4582e-04 -1.4075e-04 -1.4499e-04 -1.4884e-04 -1.4129e-04 -1.3819e-04 -1.4302e-04 -1.4640e-04 -1.3696e-04 -1.3648e-04 -1.4305e-04 -1.4823e-04
+0000.00100 -9.1431e-05 -8.8122e-05 -9.0249e-05 -9.3583e-05 -9.2874e-05 -8.9191e-05 -9.0269e-05 -9.2448e-05 -9.0646e-05 -8.7433e-05 -8.8828e-05 -9.0654e-05 -8.8241e-05 -8.5824e-05 -8.7625e-05 -8.9060e-05 -8.5825e-05 -8.4004e-05 -8.6172e-05 -8.7260e-05 -8.3517e-05 -8.2833e-05 -8.6186e-05 -8.8265e-05
+0000.00050 -4.3081e-05 -4.1920e-05 -4.2710e-05 -4.4065e-05 -4.3748e-05 -4.2405e-05 -4.2712e-05 -4.3501e-05 -4.2738e-05 -4.1509e-05 -4.1953e-05 -4.2586e-05 -4.1632e-05 -4.0676e-05 -4.1305e-05 -4.1758e-05 -4.0521e-05 -3.9748e-05 -4.0537e-05 -4.0842e-05 -3.9476e-05 -3.9165e-05 -4.0535e-05 -4.1306e-05
+0000.00000 -8.6338e-09 -9.3651e-09 -5.0706e-09 +3.6960e-09 +4.4447e-09 -1.4197e-09 -1.1480e-09 +3.5553e-09 +3.6327e-09 -4.7100e-10 -1.4438e-09 +9.3885e-10 +2.5696e-09 +9.9581e-10 -1.3234e-09 -2.3548e-10 +4.0066e-09 +4.0115e-09 -6.0830e-10 -7.0317e-10 +5.3492e-09 +4.6557e-09 -4.0260e-09 -8.0059e-09
-0000.00050 +4.3068e-05 +4.1899e-05 +4.2698e-05 +4.4075e-05 +4.3759e-05 +4.2400e-05 +4.2709e-05 +4.3509e-05 +4.2746e-05 +4.1507e-05 +4.1949e-05 +4.2588e-05 +4.1638e-05 +4.0678e-05 +4.1301e-05 +4.1757e-05 +4.0530e-05 +3.9758e-05 +4.0534e-05 +4.0838e-05 +3.9489e-05 +3.9177e-05 +4.0525e-05 +4.1288e-05
-0000.00100 +9.1431e-05 +8.8092e-05 +9.0232e-05 +9.3601e-05 +9.2894e-05 +8.9178e-05 +9.0261e-05 +9.2462e-05 +9.0660e-05 +8.7427e-05 +8.8821e-05 +9.0657e-05 +8.8251e-05 +8.5827e-05 +8.7618e-05 +8.9055e-05 +8.5839e-05 +8.4019e-05 +8.6165e-05 +8.7247e-05 +8.3538e-05 +8.2853e-05 +8.6171e-05 +8.8238e-05
-0000.00150 +1.5208e-04 +1.4329e-04 +1.4850e-04 +1.5511e-04 +1.5455e-04 +1.4523e-04 +1.4853e-04 +1.5346e-04 +1.5035e-04 +1.4287e-04 +1.4656e-04 +1.5093e-04 +1.4583e-04 +1.4075e-04 +1.4498e-04 +1.4882e-04 +1.4132e-04 +1.3821e-04 +1.4300e-04 +1.4637e-04 +1.3701e-04 +1.3652e-04 +1.4303e-04 +1.4817e-04
-0000.00200 +2.3981e-04 +2.1493e-04 +2.2691e-04 +2.3815e-04 +2.4559e-04 +2.1838e-04 +2.2681e-04 +2.3617e-04 +2.3845e-04 +2.1620e-04 +2.2446e-04 +2.3334e-04 +2.2302e-04 +2.1422e-04 +2.2268e-04 +2.3143e-04 +2.0888e-04 +2.1133e-04 +2.2034e-04 +2.2929e-04 +2.0218e-04 +2.0928e-04 +2.2029e-04 +2.3280e-04
# Horizontal Final Position [m]
START
            -0000.01200 -0000.01100 -0000.01000 -0000.00900 -0000.00800 -0000.00700 -0000.00600 -0000.00500 -0000.00400 -0000.00300 -0000.00200 -0000.00100 +0000.00000 +0000.00100 +0000.00200 +0000.00300 +0000.00400 +0000.00500 +0000.00600 +0000.00700 +0000.00800 +0000.00900 +0000.01000 +0000.01100
+0000.00200 -1.1999e-02 -1.0999e-02 -9.9994e-03 -8.9994e-03 -7.9995e-03 -6.9995e-03 -5.9996e-03 -4.9996e-03 -3.9997e-03 -2.9997e-03 -1.9997e-03 -9.9970e-04 +3.1228e-07 +1.0003e-03 +2.0003e-03 +3.0003e-03 +4.0003e-03 +5.0004e-03 +6.0004e-03 +7.0005e-03 +8.0005e-03 +9.0006e-03 +1.0001e-02 +1.1001e-02
+0000.00150 -1.1999e-02 -1.1000e-02 -9.9996e-03 -8.9997e-03 -7.9998e-03 -6.9998e-03 -5.9999e-03 -4.9999e-03 -3.9999e-03 -3.0000e-03 -2.0000e-03 -9.9998e-04 +2.0540e-08 +1.0000e-03 +2.0000e-03 +3.0000e-03 +4.0001e-03 +5.0001e-03 +6.0001e-03 +7.0002e-03 +8.0002e-03 +9.0003e-03 +1.0000e-02 +1.1000e-02
+0000.00100 -1.1999e-02 -1.1000e-02 -9.9996e-03 -8.9997e-03 -7.9998e-03 -6.9998e-03 -5.9999e-03 -4.9999e-03 -3.9999e-03 -3.0000e-03 -2.0000e-03 -9.9998e-04 +1.7618e-08 +1.0000e-03 +2.0000e-03 +3.0000e-03 +4.0001e-03 +5.0001e-03 +6.0001e-03 +7.0002e-03 +8.0002e-03 +9.0003e-03 +1.0000e-02 +1.1000e-02
+0000.00050 -1.1999e-02 -1.1000e-02 -9.9996e-03 -8.9997e-03 -7.9998e-03 -6.9998e-03 -5.9999e-03 -4.9999e-03 -3.9999e-03 -3.0000e-03 -2.0000e-03 -9.9998e-04 +1.6553e-08 +1.0000e-03 +2.0000e-03 +3.0000e-03 +4.0001e-03 +5.0001e-03 +6.0001e-03 +7.0002e-03 +8.0002e-03 +9.0003e-03 +1.0000e-02 +1.1000e-02
+0000.00000 -1.1999e-02 -1.1000e-02 -9.9996e-03 -8.9997e-03 -7.9998e-03 -6.9998e-03 -5.9999e-03 -4.9999e-03 -3.9999e-03 -3.0000e-03 -2.0000e-03 -9.9998e-04 +1.6271e-08 +1.0000e-03 +2.0000e-03 +3.0000e-03 +4.0001e-03 +5.0001e-03 +6.0001e-03 +7.0002e-03 +8.0002e-03 +9.0003e-03 +1.0000e-02 +1.1000e-02
-0000.00050 -1.1999e-02 -1.1000e-02 -9.9996e-03 -8.9997e-03 -7.9998e-03 -6.9998e-03 -5.9999e-03 -4.9999e-03 -3.9999e-03 -3.0000e-03 -2.0000e-03 -9.9998e-04 +1.6553e-08 +1.0000e-03 +2.0000e-03 +3.0000e-03 +4.0001e-03 +5.0001e-03 +6.0001e-03 +7.0002e-03 +8.0002e-03 +9.0003e-03 +1.0000e-02 +1.1000e-02
-0000.00100 -1.1999e-02 -1.1000e-02 -9.9996e-03 -8.9997e-03 -7.9998e-03 -6.9998e-03 -5.9999e-03 -4.9999e-03 -3.9999e-03 -3.0000e-03 -2.0000e-03 -9.9998e-04 +1.7618e-08 +1.0000e-03 +2.0000e-03 +3.0000e-03 +4.0001e-03 +5.0001e-03 +6.0001e-03 +7.0002e-03 +8.0002e-03 +9.0003e-03 +1.0000e-02 +1.1000e-02
-0000.00150 -1.1999e-02 -1.1000e-02 -9.9996e-03 -8.9997e-03 -7.9998e-03 -6.9998e-03 -5.9999e-03 -4.9999e-03 -3.9999e-03 -3.0000e-03 -2.0000e-03 -9.9998e-04 +2.0540e-08 +1.0000e-03 +2.0000e-03 +3.0000e-03 +4.0001e-03 +5.0001e-03 +6.0001e-03 +7.0002e-03 +8.0002e-03 +9.0003e-03 +1.0000e-02 +1.1000e-02
-0000.00200 -1.1999e-02 -1.0999e-02 -9.9994e-03 -8.9994e-03 -7.9995e-03 -6.9995e-03 -5.9996e-03 -4.9996e-03 -3.9997e-03 -2.9997e-03 -1.9997e-03 -9.9970e-04 +3.1228e-07 +1.0003e-03 +2.0003e-03 +3.0003e-03 +4.0003e-03 +5.0004e-03 +6.0004e-03 +7.0005e-03 +8.0005e-03 +9.0006e-03 +1.0001e-02 +1.1001e-02
# Vertical Final Position [m]
START
            -0000.01200 -0000.01100 -0000.01000 -0000.00900 -0000.00800 -0000.00700 -0000.00600 -0000.00500 -0000.00400 -0000.00300 -0000.00200 -0000.00100 +0000.00000 +0000.00100 +0000.00200 +0000.00300 +0000.00400 +0000.00500 +0000.00600 +0000.00700 +0000.00800 +0000.00900 +0000.01000 +0000.01100
+0000.00200 +2.0000e-03 +2.0000e-03 +1.9999e-03 +1.9999e-03 +1.9999e-03 +1.9999e-03 +1.9999e-03 +1.9998e-03 +1.9998e-03 +1.9998e-03 +1.9998e-03 +1.9998e-03 +1.9998e-03 +1.9998e-03 +1.9998e-03 +1.9997e-03 +1.9997e-03 +1.9997e-03 +1.9997e-03 +1.9997e-03 +1.9997e-03 +1.9996e-03 +1.9996e-03 +1.9996e-03
+0000.00150 +1.5000e-03 +1.5000e-03 +1.5000e-03 +1.5000e-03 +1.4999e-03 +1.4999e-03 +1.4999e-03 +1.4999e-03 +1.4999e-03 +1.4999e-03 +1.4999e-03 +1.4999e-03 +1.4999e-03 +1.4999e-03 +1.4998e-03 +1.4998e-03 +1.4998e-03 +1.4998e-03 +1.4998e-03 +1.4998e-03 +1.4998e-03 +1.4998e-03 +1.4997e-03 +1.4997e-03
+0000.00100 +1.0000e-03 +1.0000e-03 +9.9999e-04 +9.9998e-04 +9.9997e-04 +9.9997e-04 +9.9996e-04 +9.9995e-04 +9.9994e-04 +9.9993e-04 +9.9992e-04 +9.9992e-04 +9.9991e-04 +9.9991e-04 +9.9990e-04 +9.9989e-04 +9.9988e-04 +9.9988e-04 +9.9987e-04 +9.9986e-04 +9.9985e-04 +9.9984e-04 +9.9983e-04 +9.9981e-04
+0000.00050 +5.0002e-04 +5.0001e-04 +5.0000e-04 +4.9999e-04 +4.9999e-04 +4.9999e-04 +4.9998e-04 +4.9998e-04 +4.9997e-04 +4.9997e-04 +4.9996e-04 +4.9996e-04 +4.9996e-04 +4.9996e-04 +4.9995e-04 +4.9995e-04 +4.9994e-04 +4.9994e-04 +4.9994e-04 +4.9993e-04 +4.9993e-04 +4.9992e-04 +4.9992e-04 +4.9991e-04
+0000.00000 -2.7766e-11 -2.9266e-11 -2.7710e-11 -2.3441e-11 -2.4118e-11 -2.8782e-11 -2.9511e-11 -2.7418e-11 -2.8128e-11 -3.1261e-11 -3.2214e-11 -3.0914e-11 -2.9977e-11 -3.0934e-11 -3.2218e-11 -3.1207e-11 -2.8022e-11 -2.7273e-11 -2.9264e-11 -2.8348e-11 -2.3526e-11 -2.2821e-11 -2.7021e-11 -2.8338e-11
-0000.00050 -5.0002e-04 -5.0001e-04 -5.0000e-04 -4.9999e-04 -4.9999e-04 -4.9999e-04 -4.9998e-04 -4.9998e-04 -4.9997e-04 -4.9997e-04 -4.9996e-04 -4.9996e-04 -4.9996e-04 -4.9996e-04 -4.9995e-04 -4.9995e-04 -4.9994e-04 -4.9994e-04 -4.9994e-04 -4.9993e-04 -4.9993e-04 -4.9992e-04 -4.9992e-04 -4.9991e-04
-0000.00100 -1.0000e-03 -1.0000e-03 -9.9999e-04 -9.9998e-04 -9.9997e-04 -9.9997e-04 -9.9996e-04 -9.9995e-04 -9.9994e-04 -9.9993e-04 -9.9992e-04 -9.9992e-04 -9.9991e-04 -9.9991e-04 -9.9990e-04 -9.9989e-04 -9.9989e-04 -9.9988e-04 -9.9987e-04 -9.9986e-04 -9.9985e-04 -9.9984e-04 -9.9983e-04 -9.9981e-04
-0000.00150 -1.5000e-03 -1.5000e-03 -1.5000e-03 -1.5000e-03 -1.4999e-03 -1.4999e-03 -1.4999e-03 -1.4999e-03 -1.4999e-03 -1.4999e-03 -1.4999e-03 -1.4999e-03 -1.4999e-03 -1.4999e-03 -1.4998e-03 -1.4998e-03 -1.4998e-03 -1.4998e-03 -1.4998e-03 -1.4998e-03 -1.4998e-03 -1.4998e-03 -1.4997e-03 -1.4997e-03
-0000.00200 -2.0000e-03 -2.0000e-03 -1.9999e-03 -1.9999e-03 -1.9999e-03 -1.9999e-03 -1.9999e-03 -1.9998e-03 -1.9998e-03 -1.9998e-03 -1.9998e-03 -1.9998e-03 -1.9998e-03 -1.9998e-03 -1.9998e-03 -1.9997e-03 -1.9997e-03 -1.9997e-03 -1.9997e-03 -1.9997e-03 -1.9997e-03 -1.9996e-03 -1.9996e-03 -1.9996e-03
