# Author: FAC idanalysis.IDKickMap
# Termination_kicks [T2m2]: +2.1649e-04 -1.5358e-08 -5.7601e-04 +9.2774e-09
# Total Length of Longitudinal Interval [m]
2
# Number of Horizontal Points
21
# Number of Vertical Points
5
# Total Horizontal 2nd Order Kick [T2m2]
START
            -0000.01000 -0000.00900 -0000.00800 -0000.00700 -0000.00600 -0000.00500 -0000.00400 -0000.00300 -0000.00200 -0000.00100 +0000.00000 +0000.00100 +0000.00200 +0000.00300 +0000.00400 +0000.00500 +0000.00600 +0000.00700 +0000.00800 +0000.00900 +0000.01000
+0000.00600 +3.6572e-04 +3.6093e-04 +3.6218e-04 +1.8906e-03 +3.6147e-04 +3.6078e-04 +3.6090e-04 +3.6024e-04 +3.6063e-04 +3.5977e-04 +3.5959e-04 +3.5929e-04 +3.5844e-04 +3.5876e-04 +3.5811e-04 +3.5824e-04 +3.5755e-04 -9.8646e-04 +3.5670e-04 +3.5797e-04 +3.5338e-04
+0000.00300 +3.8848e-04 +3.6219e-04 +3.6165e-04 +1.2626e-03 +3.5925e-04 +3.6088e-04 +3.5827e-04 +3.6069e-04 +3.5842e-04 +3.5999e-04 +3.5970e-04 +3.5902e-04 +3.6059e-04 +3.5833e-04 +3.6074e-04 +3.5814e-04 +3.5976e-04 -5.3985e-04 +3.5733e-04 +3.5679e-04 +3.3067e-04
+0000.00000 +3.1908e-04 +3.4231e-04 +3.5259e-04 +3.5611e-04 +3.5743e-04 +3.5814e-04 +3.5840e-04 +3.5881e-04 +3.5899e-04 +3.5931e-04 +3.5952e-04 +3.5972e-04 +3.6005e-04 +3.6023e-04 +3.6063e-04 +3.6090e-04 +3.6160e-04 +3.6292e-04 +3.6644e-04 +3.7671e-04 +3.9996e-04
-0000.00300 +3.8845e-04 +3.6222e-04 +3.6168e-04 +1.2592e-03 +3.5925e-04 +3.6087e-04 +3.5827e-04 +3.6068e-04 +3.5843e-04 +3.6000e-04 +3.5933e-04 +3.5902e-04 +3.6059e-04 +3.5834e-04 +3.6074e-04 +3.5815e-04 +3.5976e-04 -5.4329e-04 +3.5730e-04 +3.5676e-04 +3.3070e-04
-0000.00600 +3.6569e-04 +3.6102e-04 +3.6229e-04 +1.8840e-03 +3.6149e-04 +3.6079e-04 +3.6089e-04 +3.6024e-04 +3.6064e-04 +3.5978e-04 +3.5948e-04 +3.5929e-04 +3.5843e-04 +3.5875e-04 +3.5810e-04 +3.5823e-04 +3.5753e-04 -9.9302e-04 +3.5658e-04 +3.5787e-04 +3.5341e-04
# Total Vertical 2nd Order Kick [T2m2]
START
            -0000.01000 -0000.00900 -0000.00800 -0000.00700 -0000.00600 -0000.00500 -0000.00400 -0000.00300 -0000.00200 -0000.00100 +0000.00000 +0000.00100 +0000.00200 +0000.00300 +0000.00400 +0000.00500 +0000.00600 +0000.00700 +0000.00800 +0000.00900 +0000.01000
+0000.00600 +4.6038e-05 +4.1566e-05 +3.9956e-05 +2.8871e-05 +3.9419e-05 +3.8990e-05 +3.9495e-05 +3.9399e-05 +3.9406e-05 +3.9563e-05 +2.9148e-05 +3.9594e-05 +3.9462e-05 +3.9463e-05 +3.9553e-05 +3.9051e-05 +3.9476e-05 +2.9239e-05 +3.9983e-05 +4.1545e-05 +4.6006e-05
+0000.00300 +7.2741e-05 +6.0813e-05 +6.0575e-05 +5.2634e-05 +6.1880e-05 +6.1520e-05 +6.2352e-05 +6.2885e-05 +6.2354e-05 +6.3415e-05 +5.6351e-05 +6.3417e-05 +6.2361e-05 +6.2885e-05 +6.2347e-05 +6.1508e-05 +6.1861e-05 +5.3070e-05 +6.0520e-05 +6.0755e-05 +7.2818e-05
+0000.00000 +5.4245e-09 +4.4676e-09 +2.0751e-09 +2.9361e-10 -3.2858e-10 -3.8042e-10 -1.9317e-10 +4.5654e-11 -6.6001e-11 -5.7024e-10 -9.5147e-10 -8.8942e-10 -6.0806e-10 -3.7052e-10 -2.4125e-10 -1.5201e-10 +6.7048e-11 +1.1530e-09 +3.4805e-09 +5.6032e-09 +6.0626e-09
-0000.00300 -7.2717e-05 -6.0786e-05 -6.0557e-05 -5.2637e-05 -6.1870e-05 -6.1506e-05 -6.2331e-05 -6.2858e-05 -6.2324e-05 -6.3385e-05 -5.6325e-05 -6.3387e-05 -6.2331e-05 -6.2855e-05 -6.2318e-05 -6.1484e-05 -6.1841e-05 -5.3053e-05 -6.0488e-05 -6.0716e-05 -7.2795e-05
-0000.00600 -4.6168e-05 -4.1681e-05 -4.0118e-05 -2.9077e-05 -3.9603e-05 -3.9201e-05 -3.9684e-05 -3.9599e-05 -3.9601e-05 -3.9758e-05 -2.9352e-05 -3.9790e-05 -3.9658e-05 -3.9666e-05 -3.9743e-05 -3.9263e-05 -3.9657e-05 -2.9417e-05 -4.0135e-05 -4.1652e-05 -4.6137e-05
# Horizontal Final Position [m]
START
            -0000.01000 -0000.00900 -0000.00800 -0000.00700 -0000.00600 -0000.00500 -0000.00400 -0000.00300 -0000.00200 -0000.00100 +0000.00000 +0000.00100 +0000.00200 +0000.00300 +0000.00400 +0000.00500 +0000.00600 +0000.00700 +0000.00800 +0000.00900 +0000.01000
+0000.00600 -9.9994e-03 -8.9992e-03 -7.9997e-03 -6.9986e-03 -6.0003e-03 -5.0005e-03 -4.0008e-03 -3.0009e-03 -2.0010e-03 -1.0011e-03 -1.1195e-06 +9.9893e-04 +1.9990e-03 +2.9991e-03 +3.9992e-03 +4.9994e-03 +5.9997e-03 +6.9985e-03 +8.0003e-03 +9.0008e-03 +1.0001e-02
+0000.00300 -9.9984e-03 -8.9995e-03 -8.0003e-03 -6.9999e-03 -6.0012e-03 -5.0014e-03 -4.0017e-03 -3.0018e-03 -2.0019e-03 -1.0020e-03 -2.0130e-06 +9.9803e-04 +1.9981e-03 +2.9982e-03 +3.9983e-03 +4.9986e-03 +5.9988e-03 +6.9983e-03 +7.9997e-03 +9.0005e-03 +1.0002e-02
+0000.00000 -1.0001e-02 -9.0008e-03 -8.0009e-03 -7.0011e-03 -6.0014e-03 -5.0017e-03 -4.0019e-03 -3.0020e-03 -2.0021e-03 -1.0022e-03 -2.2228e-06 +9.9780e-04 +1.9979e-03 +2.9980e-03 +3.9981e-03 +4.9983e-03 +5.9986e-03 +6.9989e-03 +7.9991e-03 +8.9992e-03 +9.9987e-03
-0000.00300 -9.9984e-03 -8.9995e-03 -8.0003e-03 -6.9999e-03 -6.0012e-03 -5.0014e-03 -4.0017e-03 -3.0018e-03 -2.0019e-03 -1.0020e-03 -2.0134e-06 +9.9803e-04 +1.9981e-03 +2.9982e-03 +3.9983e-03 +4.9986e-03 +5.9988e-03 +6.9983e-03 +7.9997e-03 +9.0005e-03 +1.0002e-02
-0000.00600 -9.9994e-03 -8.9992e-03 -7.9997e-03 -6.9986e-03 -6.0003e-03 -5.0005e-03 -4.0008e-03 -3.0009e-03 -2.0010e-03 -1.0011e-03 -1.1196e-06 +9.9893e-04 +1.9990e-03 +2.9991e-03 +3.9992e-03 +4.9994e-03 +5.9997e-03 +6.9985e-03 +8.0003e-03 +9.0008e-03 +1.0001e-02
# Vertical Final Position [m]
START
            -0000.01000 -0000.00900 -0000.00800 -0000.00700 -0000.00600 -0000.00500 -0000.00400 -0000.00300 -0000.00200 -0000.00100 +0000.00000 +0000.00100 +0000.00200 +0000.00300 +0000.00400 +0000.00500 +0000.00600 +0000.00700 +0000.00800 +0000.00900 +0000.01000
+0000.00600 +5.9983e-03 +5.9981e-03 +5.9982e-03 +5.9984e-03 +5.9985e-03 +5.9988e-03 +5.9990e-03 +5.9993e-03 +5.9995e-03 +5.9998e-03 +6.0000e-03 +6.0003e-03 +6.0006e-03 +6.0008e-03 +6.0011e-03 +6.0013e-03 +6.0015e-03 +6.0017e-03 +6.0019e-03 +6.0019e-03 +6.0018e-03
+0000.00300 +2.9985e-03 +2.9983e-03 +2.9983e-03 +2.9985e-03 +2.9988e-03 +2.9990e-03 +2.9992e-03 +2.9994e-03 +2.9996e-03 +2.9998e-03 +3.0001e-03 +3.0003e-03 +3.0005e-03 +3.0007e-03 +3.0009e-03 +3.0011e-03 +3.0014e-03 +3.0016e-03 +3.0018e-03 +3.0019e-03 +3.0016e-03
+0000.00000 -7.3851e-11 -6.1838e-11 -1.1818e-11 +3.1251e-11 +3.6526e-11 +2.2791e-11 +6.4882e-12 -7.3828e-12 -1.6883e-11 -2.2377e-11 -2.4487e-11 -2.3009e-11 -1.8026e-11 -8.6225e-12 +5.4691e-12 +2.2027e-11 +3.6092e-11 +3.1667e-11 -1.0236e-11 -5.9997e-11 -7.2429e-11
-0000.00300 -2.9985e-03 -2.9983e-03 -2.9983e-03 -2.9985e-03 -2.9988e-03 -2.9990e-03 -2.9992e-03 -2.9994e-03 -2.9996e-03 -2.9998e-03 -3.0001e-03 -3.0003e-03 -3.0005e-03 -3.0007e-03 -3.0009e-03 -3.0011e-03 -3.0014e-03 -3.0016e-03 -3.0018e-03 -3.0019e-03 -3.0016e-03
-0000.00600 -5.9983e-03 -5.9981e-03 -5.9982e-03 -5.9984e-03 -5.9985e-03 -5.9988e-03 -5.9990e-03 -5.9993e-03 -5.9995e-03 -5.9998e-03 -6.0000e-03 -6.0003e-03 -6.0006e-03 -6.0008e-03 -6.0011e-03 -6.0013e-03 -6.0015e-03 -6.0017e-03 -6.0019e-03 -6.0019e-03 -6.0018e-03
