# Author: FAC idanalysis.IDKickMap
#
# Total Length of Longitudinal Interval [m]
0.13
# Number of Horizontal Points
25
# Number of Vertical Points
9
# Total Horizontal 2nd Order Kick [T2m2]
START
            -0000.01200 -0000.01100 -0000.01000 -0000.00900 -0000.00800 -0000.00700 -0000.00600 -0000.00500 -0000.00400 -0000.00300 -0000.00200 -0000.00100 +0000.00000 +0000.00100 +0000.00200 +0000.00300 +0000.00400 +0000.00500 +0000.00600 +0000.00700 +0000.00800 +0000.00900 +0000.01000 +0000.01100 +0000.01200
+0000.00200 -8.9476e-04 -8.6503e-04 -8.1009e-04 -7.8892e-04 -7.7887e-04 -7.4109e-04 -7.1679e-04 -7.2070e-04 -6.9771e-04 -6.7036e-04 -6.8938e-04 -6.8209e-04 -6.5608e-04 -6.8268e-04 -6.8879e-04 -6.6923e-04 -6.9834e-04 -7.2005e-04 -7.1501e-04 -7.4146e-04 -7.7749e-04 -7.8612e-04 -8.1063e-04 -8.6382e-04 -8.9359e-04
+0000.00150 -8.8966e-04 -8.5792e-04 -8.1691e-04 -7.9061e-04 -7.7226e-04 -7.4323e-04 -7.2237e-04 -7.1444e-04 -6.9655e-04 -6.8110e-04 -6.8362e-04 -6.7800e-04 -6.6866e-04 -6.7821e-04 -6.8326e-04 -6.8070e-04 -6.9659e-04 -7.1390e-04 -7.2152e-04 -7.4280e-04 -7.7109e-04 -7.8894e-04 -8.1607e-04 -8.5656e-04 -8.8829e-04
+0000.00100 -8.8789e-04 -8.5608e-04 -8.2122e-04 -7.9360e-04 -7.7117e-04 -7.4628e-04 -7.2652e-04 -7.1356e-04 -6.9844e-04 -6.8650e-04 -6.8310e-04 -6.7839e-04 -6.7415e-04 -6.7842e-04 -6.8286e-04 -6.8621e-04 -6.9823e-04 -7.1307e-04 -7.2586e-04 -7.4563e-04 -7.7014e-04 -7.9229e-04 -8.2003e-04 -8.5445e-04 -8.8542e-04
+0000.00050 -8.8652e-04 -8.5544e-04 -8.2313e-04 -7.9519e-04 -7.7119e-04 -7.4789e-04 -7.2850e-04 -7.1369e-04 -6.9969e-04 -6.8888e-04 -6.8338e-04 -6.7901e-04 -6.7646e-04 -6.7897e-04 -6.8318e-04 -6.8861e-04 -6.9939e-04 -7.1321e-04 -7.2789e-04 -7.4720e-04 -7.7026e-04 -7.9403e-04 -8.2184e-04 -8.5361e-04 -8.8322e-04
+0000.00000 -8.8600e-04 -8.5527e-04 -8.2366e-04 -7.9566e-04 -7.7127e-04 -7.4838e-04 -7.2909e-04 -7.1382e-04 -7.0012e-04 -6.8957e-04 -6.8355e-04 -6.7926e-04 -6.7712e-04 -6.7921e-04 -6.8336e-04 -6.8929e-04 -6.9978e-04 -7.1334e-04 -7.2849e-04 -7.4771e-04 -7.7041e-04 -7.9459e-04 -8.2239e-04 -8.5339e-04 -8.8241e-04
-0000.00050 -8.8650e-04 -8.5539e-04 -8.2308e-04 -7.9511e-04 -7.7111e-04 -7.4784e-04 -7.2850e-04 -7.1371e-04 -6.9971e-04 -6.8889e-04 -6.8338e-04 -6.7901e-04 -6.7646e-04 -6.7897e-04 -6.8318e-04 -6.8860e-04 -6.9937e-04 -7.1319e-04 -7.2789e-04 -7.4724e-04 -7.7033e-04 -7.9410e-04 -8.2190e-04 -8.5366e-04 -8.8324e-04
-0000.00100 -8.8783e-04 -8.5598e-04 -8.2112e-04 -7.9345e-04 -7.7100e-04 -7.4618e-04 -7.2653e-04 -7.1360e-04 -6.9848e-04 -6.8653e-04 -6.8311e-04 -6.7839e-04 -6.7415e-04 -6.7842e-04 -6.8285e-04 -6.8619e-04 -6.9819e-04 -7.1303e-04 -7.2585e-04 -7.4571e-04 -7.7029e-04 -7.9242e-04 -8.2013e-04 -8.5456e-04 -8.8548e-04
-0000.00150 -8.8952e-04 -8.5775e-04 -8.1678e-04 -7.9038e-04 -7.7196e-04 -7.4306e-04 -7.2242e-04 -7.1452e-04 -6.9662e-04 -6.8114e-04 -6.8364e-04 -6.7801e-04 -6.6866e-04 -6.7822e-04 -6.8325e-04 -6.8067e-04 -6.9653e-04 -7.1383e-04 -7.2148e-04 -7.4293e-04 -7.7135e-04 -7.8913e-04 -8.1620e-04 -8.5674e-04 -8.8844e-04
-0000.00200 -8.9446e-04 -8.6477e-04 -8.0997e-04 -7.8859e-04 -7.7838e-04 -7.4083e-04 -7.1693e-04 -7.2082e-04 -6.9781e-04 -6.7041e-04 -6.8940e-04 -6.8210e-04 -6.5608e-04 -6.8268e-04 -6.8879e-04 -6.6919e-04 -6.9826e-04 -7.1996e-04 -7.1489e-04 -7.4167e-04 -7.7790e-04 -7.8640e-04 -8.1076e-04 -8.6410e-04 -8.9391e-04
# Total Vertical 2nd Order Kick [T2m2]
START
            -0000.01200 -0000.01100 -0000.01000 -0000.00900 -0000.00800 -0000.00700 -0000.00600 -0000.00500 -0000.00400 -0000.00300 -0000.00200 -0000.00100 +0000.00000 +0000.00100 +0000.00200 +0000.00300 +0000.00400 +0000.00500 +0000.00600 +0000.00700 +0000.00800 +0000.00900 +0000.01000 +0000.01100 +0000.01200
+0000.00200 -2.0783e-04 -2.2264e-04 -2.2589e-04 -1.9100e-04 -2.0001e-04 -2.0867e-04 -1.7449e-04 -1.7860e-04 -1.9006e-04 -1.6020e-04 -1.5571e-04 -1.6956e-04 -1.5180e-04 -1.3656e-04 -1.5054e-04 -1.4383e-04 -1.1590e-04 -1.2784e-04 -1.3036e-04 -9.7241e-05 -1.0647e-04 -1.1391e-04 -7.8609e-05 -8.3868e-05 -9.7563e-05
+0000.00150 -1.4419e-04 -1.5088e-04 -1.4944e-04 -1.3530e-04 -1.3612e-04 -1.3678e-04 -1.2294e-04 -1.2119e-04 -1.2357e-04 -1.1073e-04 -1.0545e-04 -1.0949e-04 -1.0053e-04 -9.2205e-05 -9.6338e-05 -9.0400e-05 -7.8065e-05 -8.0742e-05 -7.8412e-05 -6.4842e-05 -6.5751e-05 -6.5734e-05 -5.1484e-05 -5.1013e-05 -5.8445e-05
+0000.00100 -9.0159e-05 -9.3526e-05 -9.2136e-05 -8.5878e-05 -8.4796e-05 -8.3675e-05 -7.7442e-05 -7.5306e-05 -7.4845e-05 -6.8802e-05 -6.5344e-05 -6.5722e-05 -6.1183e-05 -5.6836e-05 -5.7256e-05 -5.3601e-05 -4.7726e-05 -4.7406e-05 -4.5087e-05 -3.8904e-05 -3.7801e-05 -3.6319e-05 -2.9989e-05 -2.9060e-05 -3.3455e-05
+0000.00050 -4.3111e-05 -4.4672e-05 -4.3996e-05 -4.1540e-05 -4.0708e-05 -3.9860e-05 -3.7343e-05 -3.6104e-05 -3.5420e-05 -3.2905e-05 -3.1231e-05 -3.0889e-05 -2.8932e-05 -2.7033e-05 -2.6710e-05 -2.4989e-05 -2.2544e-05 -2.1929e-05 -2.0646e-05 -1.8112e-05 -1.7189e-05 -1.6134e-05 -1.3590e-05 -1.3072e-05 -1.5225e-05
+0000.00000 +2.6660e-07 +2.3128e-07 +1.7982e-07 +1.1636e-07 +3.6591e-08 -3.0496e-08 -5.3641e-08 -4.1654e-08 -2.0024e-08 -2.5178e-09 +7.4217e-09 +1.1816e-08 +1.3498e-08 +1.3902e-08 +1.2077e-08 +5.2237e-09 -8.3651e-09 -2.5423e-08 -3.4883e-08 -1.5974e-08 +3.9681e-08 +1.0767e-07 +1.6591e-07 +2.1893e-07 +2.5838e-07
-0000.00050 +4.3660e-05 +4.5137e-05 +4.4359e-05 +4.1778e-05 +4.0778e-05 +3.9787e-05 +3.7226e-05 +3.6019e-05 +3.5381e-05 +3.2902e-05 +3.1247e-05 +3.0913e-05 +2.8960e-05 +2.7062e-05 +2.6735e-05 +2.5002e-05 +2.2528e-05 +2.1876e-05 +2.0569e-05 +1.8069e-05 +1.7266e-05 +1.6353e-05 +1.3923e-05 +1.3512e-05 +1.5757e-05
-0000.00100 +9.0752e-05 +9.3996e-05 +9.2505e-05 +8.6136e-05 +8.4857e-05 +8.3560e-05 +7.7297e-05 +7.5216e-05 +7.4810e-05 +6.8806e-05 +6.5365e-05 +6.5748e-05 +6.1211e-05 +5.6866e-05 +5.7286e-05 +5.3619e-05 +4.7714e-05 +4.7350e-05 +4.4988e-05 +3.8827e-05 +3.7868e-05 +3.6552e-05 +3.0323e-05 +2.9503e-05 +3.4032e-05
-0000.00150 +1.4485e-04 +1.5135e-04 +1.4981e-04 +1.3561e-04 +1.3617e-04 +1.3658e-04 +1.2275e-04 +1.2110e-04 +1.2354e-04 +1.1074e-04 +1.0547e-04 +1.0952e-04 +1.0056e-04 +9.2237e-05 +9.6374e-05 +9.0430e-05 +7.8060e-05 +8.0684e-05 +7.8276e-05 +6.4693e-05 +6.5805e-05 +6.6003e-05 +5.1812e-05 +5.1449e-05 +5.9093e-05
-0000.00200 +2.0855e-04 +2.2307e-04 +2.2624e-04 +1.9143e-04 +2.0004e-04 +2.0831e-04 +1.7424e-04 +1.7851e-04 +1.9005e-04 +1.6024e-04 +1.5574e-04 +1.6960e-04 +1.5183e-04 +1.3659e-04 +1.5058e-04 +1.4388e-04 +1.1590e-04 +1.2779e-04 +1.3019e-04 +9.6951e-05 +1.0651e-04 +1.1428e-04 +7.8897e-05 +8.4272e-05 +9.8274e-05
# Horizontal Final Position [m]
START
            -0000.01200 -0000.01100 -0000.01000 -0000.00900 -0000.00800 -0000.00700 -0000.00600 -0000.00500 -0000.00400 -0000.00300 -0000.00200 -0000.00100 +0000.00000 +0000.00100 +0000.00200 +0000.00300 +0000.00400 +0000.00500 +0000.00600 +0000.00700 +0000.00800 +0000.00900 +0000.01000 +0000.01100 +0000.01200
+0000.00200 -1.2000e-02 -1.1000e-02 -1.0000e-02 -9.0006e-03 -8.0007e-03 -7.0008e-03 -6.0008e-03 -5.0009e-03 -4.0010e-03 -3.0010e-03 -2.0010e-03 -1.0011e-03 -1.0428e-06 +9.9895e-04 +1.9990e-03 +2.9990e-03 +3.9990e-03 +4.9991e-03 +5.9992e-03 +6.9992e-03 +7.9993e-03 +8.9994e-03 +9.9996e-03 +1.1000e-02 +1.2000e-02
+0000.00150 -1.2000e-02 -1.1000e-02 -1.0000e-02 -9.0005e-03 -8.0006e-03 -7.0007e-03 -6.0008e-03 -5.0009e-03 -4.0010e-03 -3.0010e-03 -2.0010e-03 -1.0010e-03 -1.0425e-06 +9.9896e-04 +1.9990e-03 +2.9990e-03 +3.9990e-03 +4.9991e-03 +5.9992e-03 +6.9993e-03 +7.9994e-03 +8.9995e-03 +9.9996e-03 +1.1000e-02 +1.2000e-02
+0000.00100 -1.2000e-02 -1.1000e-02 -1.0000e-02 -9.0005e-03 -8.0006e-03 -7.0007e-03 -6.0008e-03 -5.0009e-03 -4.0010e-03 -3.0010e-03 -2.0010e-03 -1.0010e-03 -1.0411e-06 +9.9896e-04 +1.9990e-03 +2.9990e-03 +3.9990e-03 +4.9991e-03 +5.9992e-03 +6.9993e-03 +7.9994e-03 +8.9995e-03 +9.9996e-03 +1.1000e-02 +1.2000e-02
+0000.00050 -1.2000e-02 -1.1000e-02 -1.0000e-02 -9.0005e-03 -8.0006e-03 -7.0007e-03 -6.0008e-03 -5.0009e-03 -4.0009e-03 -3.0010e-03 -2.0010e-03 -1.0010e-03 -1.0397e-06 +9.9896e-04 +1.9990e-03 +2.9990e-03 +3.9991e-03 +4.9991e-03 +5.9992e-03 +6.9993e-03 +7.9994e-03 +8.9995e-03 +9.9996e-03 +1.1000e-02 +1.2000e-02
+0000.00000 -1.2000e-02 -1.1000e-02 -1.0000e-02 -9.0005e-03 -8.0006e-03 -7.0007e-03 -6.0008e-03 -5.0009e-03 -4.0009e-03 -3.0010e-03 -2.0010e-03 -1.0010e-03 -1.0391e-06 +9.9897e-04 +1.9990e-03 +2.9990e-03 +3.9991e-03 +4.9991e-03 +5.9992e-03 +6.9993e-03 +7.9994e-03 +8.9995e-03 +9.9996e-03 +1.1000e-02 +1.2000e-02
-0000.00050 -1.2000e-02 -1.1000e-02 -1.0000e-02 -9.0005e-03 -8.0006e-03 -7.0007e-03 -6.0008e-03 -5.0009e-03 -4.0009e-03 -3.0010e-03 -2.0010e-03 -1.0010e-03 -1.0397e-06 +9.9896e-04 +1.9990e-03 +2.9990e-03 +3.9991e-03 +4.9991e-03 +5.9992e-03 +6.9993e-03 +7.9994e-03 +8.9995e-03 +9.9996e-03 +1.1000e-02 +1.2000e-02
-0000.00100 -1.2000e-02 -1.1000e-02 -1.0000e-02 -9.0005e-03 -8.0006e-03 -7.0007e-03 -6.0008e-03 -5.0009e-03 -4.0010e-03 -3.0010e-03 -2.0010e-03 -1.0010e-03 -1.0411e-06 +9.9896e-04 +1.9990e-03 +2.9990e-03 +3.9990e-03 +4.9991e-03 +5.9992e-03 +6.9993e-03 +7.9994e-03 +8.9995e-03 +9.9996e-03 +1.1000e-02 +1.2000e-02
-0000.00150 -1.2000e-02 -1.1000e-02 -1.0000e-02 -9.0005e-03 -8.0006e-03 -7.0007e-03 -6.0008e-03 -5.0009e-03 -4.0010e-03 -3.0010e-03 -2.0010e-03 -1.0010e-03 -1.0425e-06 +9.9896e-04 +1.9990e-03 +2.9990e-03 +3.9990e-03 +4.9991e-03 +5.9992e-03 +6.9993e-03 +7.9994e-03 +8.9995e-03 +9.9996e-03 +1.1000e-02 +1.2000e-02
-0000.00200 -1.2000e-02 -1.1000e-02 -1.0000e-02 -9.0006e-03 -8.0007e-03 -7.0008e-03 -6.0008e-03 -5.0009e-03 -4.0010e-03 -3.0010e-03 -2.0010e-03 -1.0011e-03 -1.0428e-06 +9.9895e-04 +1.9990e-03 +2.9990e-03 +3.9990e-03 +4.9991e-03 +5.9992e-03 +6.9992e-03 +7.9993e-03 +8.9994e-03 +9.9996e-03 +1.1000e-02 +1.2000e-02
# Vertical Final Position [m]
START
            -0000.01200 -0000.01100 -0000.01000 -0000.00900 -0000.00800 -0000.00700 -0000.00600 -0000.00500 -0000.00400 -0000.00300 -0000.00200 -0000.00100 +0000.00000 +0000.00100 +0000.00200 +0000.00300 +0000.00400 +0000.00500 +0000.00600 +0000.00700 +0000.00800 +0000.00900 +0000.01000 +0000.01100 +0000.01200
+0000.00200 +2.0002e-03 +2.0002e-03 +2.0002e-03 +2.0001e-03 +2.0001e-03 +2.0000e-03 +2.0000e-03 +2.0000e-03 +1.9999e-03 +1.9999e-03 +1.9999e-03 +1.9999e-03 +1.9998e-03 +1.9998e-03 +1.9998e-03 +1.9998e-03 +1.9998e-03 +1.9997e-03 +1.9997e-03 +1.9997e-03 +1.9996e-03 +1.9996e-03 +1.9995e-03 +1.9995e-03 +1.9995e-03
+0000.00150 +1.5002e-03 +1.5002e-03 +1.5001e-03 +1.5001e-03 +1.5001e-03 +1.5000e-03 +1.5000e-03 +1.5000e-03 +1.5000e-03 +1.5000e-03 +1.4999e-03 +1.4999e-03 +1.4999e-03 +1.4999e-03 +1.4999e-03 +1.4998e-03 +1.4998e-03 +1.4998e-03 +1.4998e-03 +1.4998e-03 +1.4997e-03 +1.4997e-03 +1.4997e-03 +1.4996e-03 +1.4996e-03
+0000.00100 +1.0001e-03 +1.0001e-03 +1.0001e-03 +1.0001e-03 +1.0000e-03 +1.0000e-03 +1.0000e-03 +1.0000e-03 +9.9999e-04 +9.9997e-04 +9.9996e-04 +9.9995e-04 +9.9994e-04 +9.9993e-04 +9.9992e-04 +9.9990e-04 +9.9989e-04 +9.9987e-04 +9.9986e-04 +9.9985e-04 +9.9983e-04 +9.9981e-04 +9.9978e-04 +9.9977e-04 +9.9978e-04
+0000.00050 +5.0005e-04 +5.0006e-04 +5.0005e-04 +5.0004e-04 +5.0003e-04 +5.0002e-04 +5.0001e-04 +5.0000e-04 +5.0000e-04 +4.9999e-04 +4.9998e-04 +4.9998e-04 +4.9997e-04 +4.9997e-04 +4.9996e-04 +4.9995e-04 +4.9995e-04 +4.9994e-04 +4.9993e-04 +4.9992e-04 +4.9992e-04 +4.9991e-04 +4.9989e-04 +4.9989e-04 +4.9989e-04
+0000.00000 +3.3365e-10 +2.7373e-10 +1.9594e-10 +1.1953e-10 +4.2570e-11 -1.8771e-11 -4.5671e-11 -4.5364e-11 -3.6184e-11 -2.8239e-11 -2.4206e-11 -2.2848e-11 -2.2286e-11 -2.1513e-11 -2.1171e-11 -2.3125e-11 -2.8432e-11 -3.4535e-11 -3.3154e-11 -9.1758e-12 +4.4386e-11 +1.1338e-10 +1.8623e-10 +2.6503e-10 +3.2779e-10
-0000.00050 -5.0005e-04 -5.0006e-04 -5.0005e-04 -5.0004e-04 -5.0003e-04 -5.0002e-04 -5.0001e-04 -5.0000e-04 -5.0000e-04 -4.9999e-04 -4.9998e-04 -4.9998e-04 -4.9997e-04 -4.9997e-04 -4.9996e-04 -4.9995e-04 -4.9995e-04 -4.9994e-04 -4.9993e-04 -4.9992e-04 -4.9992e-04 -4.9991e-04 -4.9989e-04 -4.9989e-04 -4.9989e-04
-0000.00100 -1.0001e-03 -1.0001e-03 -1.0001e-03 -1.0001e-03 -1.0000e-03 -1.0000e-03 -1.0000e-03 -1.0000e-03 -9.9999e-04 -9.9997e-04 -9.9996e-04 -9.9995e-04 -9.9994e-04 -9.9993e-04 -9.9992e-04 -9.9990e-04 -9.9989e-04 -9.9987e-04 -9.9986e-04 -9.9985e-04 -9.9983e-04 -9.9981e-04 -9.9978e-04 -9.9977e-04 -9.9977e-04
-0000.00150 -1.5002e-03 -1.5002e-03 -1.5001e-03 -1.5001e-03 -1.5001e-03 -1.5000e-03 -1.5000e-03 -1.5000e-03 -1.5000e-03 -1.5000e-03 -1.4999e-03 -1.4999e-03 -1.4999e-03 -1.4999e-03 -1.4999e-03 -1.4998e-03 -1.4998e-03 -1.4998e-03 -1.4998e-03 -1.4998e-03 -1.4997e-03 -1.4997e-03 -1.4997e-03 -1.4996e-03 -1.4996e-03
-0000.00200 -2.0002e-03 -2.0002e-03 -2.0002e-03 -2.0001e-03 -2.0001e-03 -2.0000e-03 -2.0000e-03 -2.0000e-03 -1.9999e-03 -1.9999e-03 -1.9999e-03 -1.9999e-03 -1.9998e-03 -1.9998e-03 -1.9998e-03 -1.9998e-03 -1.9998e-03 -1.9997e-03 -1.9997e-03 -1.9997e-03 -1.9996e-03 -1.9996e-03 -1.9995e-03 -1.9995e-03 -1.9995e-03
