# Author: FAC idanalysis.IDKickMap
# Termination_kicks [T2m2]: +0.0000e+00 +0.0000e+00 +0.0000e+00 +0.0000e+00 
# Total Length of Longitudinal Interval [m]
0.13
# Number of Horizontal Points
61
# Number of Vertical Points
9
# Total Horizontal 2nd Order Kick [T2m2]
START
            -0000.01000 -0000.00967 -0000.00933 -0000.00900 -0000.00867 -0000.00833 -0000.00800 -0000.00767 -0000.00733 -0000.00700 -0000.00667 -0000.00633 -0000.00600 -0000.00567 -0000.00533 -0000.00500 -0000.00467 -0000.00433 -0000.00400 -0000.00367 -0000.00333 -0000.00300 -0000.00267 -0000.00233 -0000.00200 -0000.00167 -0000.00133 -0000.00100 -0000.00067 -0000.00033 +0000.00000 +0000.00033 +0000.00067 +0000.00100 +0000.00133 +0000.00167 +0000.00200 +0000.00233 +0000.00267 +0000.00300 +0000.00333 +0000.00367 +0000.00400 +0000.00433 +0000.00467 +0000.00500 +0000.00533 +0000.00567 +0000.00600 +0000.00633 +0000.00667 +0000.00700 +0000.00733 +0000.00767 +0000.00800 +0000.00833 +0000.00867 +0000.00900 +0000.00933 +0000.00967 +0000.01000 
+0000.00200 +3.4619e-04 +3.4162e-04 +3.3704e-04 +3.3246e-04 +3.2791e-04 +3.2340e-04 +3.1894e-04 +3.1456e-04 +3.1025e-04 +3.0604e-04 +3.0194e-04 +2.9796e-04 +2.9411e-04 +2.9041e-04 +2.8686e-04 +2.8348e-04 +2.8028e-04 +2.7725e-04 +2.7442e-04 +2.7178e-04 +2.6936e-04 +2.6714e-04 +2.6515e-04 +2.6337e-04 +2.6183e-04 +2.6052e-04 +2.5945e-04 +2.5861e-04 +2.5802e-04 +2.5767e-04 +2.5756e-04 +2.5770e-04 +2.5809e-04 +2.5872e-04 +2.5960e-04 +2.6072e-04 +2.6207e-04 +2.6367e-04 +2.6550e-04 +2.6756e-04 +2.6984e-04 +2.7235e-04 +2.7507e-04 +2.7799e-04 +2.8112e-04 +2.8444e-04 +2.8795e-04 +2.9163e-04 +2.9549e-04 +2.9949e-04 +3.0365e-04 +3.0794e-04 +3.1236e-04 +3.1689e-04 +3.2152e-04 +3.2624e-04 +3.3103e-04 +3.3587e-04 +3.4076e-04 +3.4568e-04 +3.5061e-04 
+0000.00150 +3.4279e-04 +3.3903e-04 +3.3517e-04 +3.3123e-04 +3.2723e-04 +3.2321e-04 +3.1917e-04 +3.1515e-04 +3.1115e-04 +3.0719e-04 +3.0330e-04 +2.9949e-04 +2.9578e-04 +2.9218e-04 +2.8871e-04 +2.8538e-04 +2.8220e-04 +2.7919e-04 +2.7635e-04 +2.7370e-04 +2.7125e-04 +2.6900e-04 +2.6697e-04 +2.6516e-04 +2.6358e-04 +2.6223e-04 +2.6112e-04 +2.6025e-04 +2.5963e-04 +2.5926e-04 +2.5913e-04 +2.5926e-04 +2.5965e-04 +2.6028e-04 +2.6116e-04 +2.6229e-04 +2.6366e-04 +2.6528e-04 +2.6713e-04 +2.6921e-04 +2.7152e-04 +2.7405e-04 +2.7678e-04 +2.7972e-04 +2.8284e-04 +2.8615e-04 +2.8963e-04 +2.9327e-04 +2.9706e-04 +3.0098e-04 +3.0502e-04 +3.0916e-04 +3.1339e-04 +3.1769e-04 +3.2205e-04 +3.2645e-04 +3.3086e-04 +3.3527e-04 +3.3966e-04 +3.4400e-04 +3.4828e-04 
+0000.00100 +3.4036e-04 +3.3716e-04 +3.3379e-04 +3.3029e-04 +3.2669e-04 +3.2300e-04 +3.1926e-04 +3.1548e-04 +3.1170e-04 +3.0793e-04 +3.0419e-04 +3.0050e-04 +2.9689e-04 +2.9336e-04 +2.8995e-04 +2.8666e-04 +2.8350e-04 +2.8050e-04 +2.7767e-04 +2.7502e-04 +2.7255e-04 +2.7029e-04 +2.6824e-04 +2.6641e-04 +2.6481e-04 +2.6344e-04 +2.6231e-04 +2.6142e-04 +2.6079e-04 +2.6041e-04 +2.6028e-04 +2.6040e-04 +2.6078e-04 +2.6142e-04 +2.6231e-04 +2.6345e-04 +2.6484e-04 +2.6647e-04 +2.6833e-04 +2.7043e-04 +2.7275e-04 +2.7529e-04 +2.7803e-04 +2.8096e-04 +2.8408e-04 +2.8737e-04 +2.9083e-04 +2.9442e-04 +2.9815e-04 +3.0200e-04 +3.0594e-04 +3.0996e-04 +3.1404e-04 +3.1816e-04 +3.2231e-04 +3.2646e-04 +3.3058e-04 +3.3466e-04 +3.3867e-04 +3.4258e-04 +3.4637e-04 
+0000.00050 +3.3890e-04 +3.3602e-04 +3.3295e-04 +3.2971e-04 +3.2633e-04 +3.2285e-04 +3.1928e-04 +3.1565e-04 +3.1200e-04 +3.0833e-04 +3.0468e-04 +3.0107e-04 +2.9752e-04 +2.9404e-04 +2.9066e-04 +2.8739e-04 +2.8426e-04 +2.8127e-04 +2.7844e-04 +2.7579e-04 +2.7332e-04 +2.7105e-04 +2.6899e-04 +2.6715e-04 +2.6554e-04 +2.6416e-04 +2.6302e-04 +2.6213e-04 +2.6149e-04 +2.6110e-04 +2.6097e-04 +2.6110e-04 +2.6148e-04 +2.6212e-04 +2.6301e-04 +2.6416e-04 +2.6555e-04 +2.6719e-04 +2.6906e-04 +2.7117e-04 +2.7350e-04 +2.7603e-04 +2.7878e-04 +2.8171e-04 +2.8482e-04 +2.8810e-04 +2.9153e-04 +2.9510e-04 +2.9879e-04 +3.0258e-04 +3.0646e-04 +3.1040e-04 +3.1439e-04 +3.1840e-04 +3.2242e-04 +3.2641e-04 +3.3035e-04 +3.3422e-04 +3.3800e-04 +3.4164e-04 +3.4514e-04 
+0000.00000 +3.3841e-04 +3.3564e-04 +3.3267e-04 +3.2951e-04 +3.2621e-04 +3.2279e-04 +3.1928e-04 +3.1571e-04 +3.1209e-04 +3.0846e-04 +3.0485e-04 +3.0126e-04 +2.9772e-04 +2.9426e-04 +2.9090e-04 +2.8764e-04 +2.8451e-04 +2.8152e-04 +2.7870e-04 +2.7604e-04 +2.7358e-04 +2.7131e-04 +2.6925e-04 +2.6740e-04 +2.6579e-04 +2.6440e-04 +2.6326e-04 +2.6237e-04 +2.6173e-04 +2.6134e-04 +2.6120e-04 +2.6133e-04 +2.6171e-04 +2.6235e-04 +2.6325e-04 +2.6440e-04 +2.6579e-04 +2.6743e-04 +2.6931e-04 +2.7142e-04 +2.7374e-04 +2.7628e-04 +2.7903e-04 +2.8196e-04 +2.8507e-04 +2.8834e-04 +2.9177e-04 +2.9532e-04 +2.9900e-04 +3.0277e-04 +3.0663e-04 +3.1055e-04 +3.1450e-04 +3.1847e-04 +3.2244e-04 +3.2638e-04 +3.3026e-04 +3.3407e-04 +3.3776e-04 +3.4132e-04 +3.4471e-04 
-0000.00050 +3.3890e-04 +3.3603e-04 +3.3295e-04 +3.2971e-04 +3.2634e-04 +3.2285e-04 +3.1928e-04 +3.1566e-04 +3.1200e-04 +3.0834e-04 +3.0469e-04 +3.0107e-04 +2.9752e-04 +2.9404e-04 +2.9066e-04 +2.8740e-04 +2.8426e-04 +2.8127e-04 +2.7844e-04 +2.7579e-04 +2.7332e-04 +2.7105e-04 +2.6899e-04 +2.6715e-04 +2.6554e-04 +2.6416e-04 +2.6302e-04 +2.6213e-04 +2.6149e-04 +2.6110e-04 +2.6097e-04 +2.6109e-04 +2.6148e-04 +2.6212e-04 +2.6301e-04 +2.6416e-04 +2.6555e-04 +2.6719e-04 +2.6906e-04 +2.7117e-04 +2.7349e-04 +2.7603e-04 +2.7877e-04 +2.8171e-04 +2.8482e-04 +2.8810e-04 +2.9153e-04 +2.9510e-04 +2.9879e-04 +3.0258e-04 +3.0646e-04 +3.1040e-04 +3.1439e-04 +3.1840e-04 +3.2241e-04 +3.2640e-04 +3.3035e-04 +3.3422e-04 +3.3799e-04 +3.4164e-04 +3.4513e-04 
-0000.00100 +3.4036e-04 +3.3716e-04 +3.3380e-04 +3.3030e-04 +3.2669e-04 +3.2301e-04 +3.1927e-04 +3.1549e-04 +3.1171e-04 +3.0793e-04 +3.0420e-04 +3.0051e-04 +2.9689e-04 +2.9337e-04 +2.8995e-04 +2.8666e-04 +2.8351e-04 +2.8051e-04 +2.7767e-04 +2.7502e-04 +2.7256e-04 +2.7029e-04 +2.6824e-04 +2.6641e-04 +2.6481e-04 +2.6344e-04 +2.6231e-04 +2.6142e-04 +2.6079e-04 +2.6040e-04 +2.6027e-04 +2.6040e-04 +2.6078e-04 +2.6142e-04 +2.6231e-04 +2.6345e-04 +2.6483e-04 +2.6646e-04 +2.6833e-04 +2.7043e-04 +2.7275e-04 +2.7528e-04 +2.7802e-04 +2.8096e-04 +2.8408e-04 +2.8737e-04 +2.9082e-04 +2.9442e-04 +2.9815e-04 +3.0199e-04 +3.0593e-04 +3.0995e-04 +3.1403e-04 +3.1816e-04 +3.2231e-04 +3.2645e-04 +3.3058e-04 +3.3465e-04 +3.3866e-04 +3.4257e-04 +3.4637e-04 
-0000.00150 +3.4280e-04 +3.3904e-04 +3.3517e-04 +3.3124e-04 +3.2725e-04 +3.2322e-04 +3.1918e-04 +3.1516e-04 +3.1116e-04 +3.0720e-04 +3.0331e-04 +2.9951e-04 +2.9579e-04 +2.9219e-04 +2.8872e-04 +2.8539e-04 +2.8221e-04 +2.7919e-04 +2.7636e-04 +2.7371e-04 +2.7125e-04 +2.6901e-04 +2.6697e-04 +2.6516e-04 +2.6358e-04 +2.6223e-04 +2.6112e-04 +2.6025e-04 +2.5963e-04 +2.5926e-04 +2.5913e-04 +2.5926e-04 +2.5964e-04 +2.6027e-04 +2.6116e-04 +2.6229e-04 +2.6366e-04 +2.6527e-04 +2.6713e-04 +2.6921e-04 +2.7151e-04 +2.7404e-04 +2.7677e-04 +2.7971e-04 +2.8283e-04 +2.8614e-04 +2.8962e-04 +2.9326e-04 +2.9705e-04 +3.0097e-04 +3.0501e-04 +3.0915e-04 +3.1338e-04 +3.1768e-04 +3.2204e-04 +3.2644e-04 +3.3085e-04 +3.3526e-04 +3.3965e-04 +3.4399e-04 +3.4827e-04 
-0000.00200 +3.4620e-04 +3.4163e-04 +3.3705e-04 +3.3248e-04 +3.2792e-04 +3.2341e-04 +3.1896e-04 +3.1457e-04 +3.1026e-04 +3.0605e-04 +3.0195e-04 +2.9797e-04 +2.9412e-04 +2.9042e-04 +2.8688e-04 +2.8349e-04 +2.8029e-04 +2.7726e-04 +2.7443e-04 +2.7179e-04 +2.6937e-04 +2.6715e-04 +2.6515e-04 +2.6338e-04 +2.6184e-04 +2.6052e-04 +2.5945e-04 +2.5861e-04 +2.5802e-04 +2.5767e-04 +2.5756e-04 +2.5770e-04 +2.5809e-04 +2.5872e-04 +2.5959e-04 +2.6071e-04 +2.6207e-04 +2.6366e-04 +2.6549e-04 +2.6755e-04 +2.6983e-04 +2.7234e-04 +2.7505e-04 +2.7798e-04 +2.8111e-04 +2.8443e-04 +2.8793e-04 +2.9162e-04 +2.9547e-04 +2.9948e-04 +3.0363e-04 +3.0793e-04 +3.1234e-04 +3.1687e-04 +3.2150e-04 +3.2622e-04 +3.3101e-04 +3.3586e-04 +3.4075e-04 +3.4567e-04 +3.5060e-04 
# Total Vertical 2nd Order Kick [T2m2]
START
            -0000.01000 -0000.00967 -0000.00933 -0000.00900 -0000.00867 -0000.00833 -0000.00800 -0000.00767 -0000.00733 -0000.00700 -0000.00667 -0000.00633 -0000.00600 -0000.00567 -0000.00533 -0000.00500 -0000.00467 -0000.00433 -0000.00400 -0000.00367 -0000.00333 -0000.00300 -0000.00267 -0000.00233 -0000.00200 -0000.00167 -0000.00133 -0000.00100 -0000.00067 -0000.00033 +0000.00000 +0000.00033 +0000.00067 +0000.00100 +0000.00133 +0000.00167 +0000.00200 +0000.00233 +0000.00267 +0000.00300 +0000.00333 +0000.00367 +0000.00400 +0000.00433 +0000.00467 +0000.00500 +0000.00533 +0000.00567 +0000.00600 +0000.00633 +0000.00667 +0000.00700 +0000.00733 +0000.00767 +0000.00800 +0000.00833 +0000.00867 +0000.00900 +0000.00933 +0000.00967 +0000.01000 
+0000.00200 +3.4619e-04 +3.4162e-04 +3.3704e-04 +3.3246e-04 +3.2791e-04 +3.2340e-04 +3.1894e-04 +3.1456e-04 +3.1025e-04 +3.0604e-04 +3.0194e-04 +2.9796e-04 +2.9411e-04 +2.9041e-04 +2.8686e-04 +2.8348e-04 +2.8028e-04 +2.7725e-04 +2.7442e-04 +2.7178e-04 +2.6936e-04 +2.6714e-04 +2.6515e-04 +2.6337e-04 +2.6183e-04 +2.6052e-04 +2.5945e-04 +2.5861e-04 +2.5802e-04 +2.5767e-04 +2.5756e-04 +2.5770e-04 +2.5809e-04 +2.5872e-04 +2.5960e-04 +2.6072e-04 +2.6207e-04 +2.6367e-04 +2.6550e-04 +2.6756e-04 +2.6984e-04 +2.7235e-04 +2.7507e-04 +2.7799e-04 +2.8112e-04 +2.8444e-04 +2.8795e-04 +2.9163e-04 +2.9549e-04 +2.9949e-04 +3.0365e-04 +3.0794e-04 +3.1236e-04 +3.1689e-04 +3.2152e-04 +3.2624e-04 +3.3103e-04 +3.3587e-04 +3.4076e-04 +3.4568e-04 +3.5061e-04 
+0000.00150 +3.4619e-04 +3.4162e-04 +3.3704e-04 +3.3246e-04 +3.2791e-04 +3.2340e-04 +3.1894e-04 +3.1456e-04 +3.1025e-04 +3.0604e-04 +3.0194e-04 +2.9796e-04 +2.9411e-04 +2.9041e-04 +2.8686e-04 +2.8348e-04 +2.8028e-04 +2.7725e-04 +2.7442e-04 +2.7178e-04 +2.6936e-04 +2.6714e-04 +2.6515e-04 +2.6337e-04 +2.6183e-04 +2.6052e-04 +2.5945e-04 +2.5861e-04 +2.5802e-04 +2.5767e-04 +2.5756e-04 +2.5770e-04 +2.5809e-04 +2.5872e-04 +2.5960e-04 +2.6072e-04 +2.6207e-04 +2.6367e-04 +2.6550e-04 +2.6756e-04 +2.6984e-04 +2.7235e-04 +2.7507e-04 +2.7799e-04 +2.8112e-04 +2.8444e-04 +2.8795e-04 +2.9163e-04 +2.9549e-04 +2.9949e-04 +3.0365e-04 +3.0794e-04 +3.1236e-04 +3.1689e-04 +3.2152e-04 +3.2624e-04 +3.3103e-04 +3.3587e-04 +3.4076e-04 +3.4568e-04 +3.5061e-04 
+0000.00100 +3.4619e-04 +3.4162e-04 +3.3704e-04 +3.3246e-04 +3.2791e-04 +3.2340e-04 +3.1894e-04 +3.1456e-04 +3.1025e-04 +3.0604e-04 +3.0194e-04 +2.9796e-04 +2.9411e-04 +2.9041e-04 +2.8686e-04 +2.8348e-04 +2.8028e-04 +2.7725e-04 +2.7442e-04 +2.7178e-04 +2.6936e-04 +2.6714e-04 +2.6515e-04 +2.6337e-04 +2.6183e-04 +2.6052e-04 +2.5945e-04 +2.5861e-04 +2.5802e-04 +2.5767e-04 +2.5756e-04 +2.5770e-04 +2.5809e-04 +2.5872e-04 +2.5960e-04 +2.6072e-04 +2.6207e-04 +2.6367e-04 +2.6550e-04 +2.6756e-04 +2.6984e-04 +2.7235e-04 +2.7507e-04 +2.7799e-04 +2.8112e-04 +2.8444e-04 +2.8795e-04 +2.9163e-04 +2.9549e-04 +2.9949e-04 +3.0365e-04 +3.0794e-04 +3.1236e-04 +3.1689e-04 +3.2152e-04 +3.2624e-04 +3.3103e-04 +3.3587e-04 +3.4076e-04 +3.4568e-04 +3.5061e-04 
+0000.00050 +3.4619e-04 +3.4162e-04 +3.3704e-04 +3.3246e-04 +3.2791e-04 +3.2340e-04 +3.1894e-04 +3.1456e-04 +3.1025e-04 +3.0604e-04 +3.0194e-04 +2.9796e-04 +2.9411e-04 +2.9041e-04 +2.8686e-04 +2.8348e-04 +2.8028e-04 +2.7725e-04 +2.7442e-04 +2.7178e-04 +2.6936e-04 +2.6714e-04 +2.6515e-04 +2.6337e-04 +2.6183e-04 +2.6052e-04 +2.5945e-04 +2.5861e-04 +2.5802e-04 +2.5767e-04 +2.5756e-04 +2.5770e-04 +2.5809e-04 +2.5872e-04 +2.5960e-04 +2.6072e-04 +2.6207e-04 +2.6367e-04 +2.6550e-04 +2.6756e-04 +2.6984e-04 +2.7235e-04 +2.7507e-04 +2.7799e-04 +2.8112e-04 +2.8444e-04 +2.8795e-04 +2.9163e-04 +2.9549e-04 +2.9949e-04 +3.0365e-04 +3.0794e-04 +3.1236e-04 +3.1689e-04 +3.2152e-04 +3.2624e-04 +3.3103e-04 +3.3587e-04 +3.4076e-04 +3.4568e-04 +3.5061e-04 
+0000.00000 +3.4619e-04 +3.4162e-04 +3.3704e-04 +3.3246e-04 +3.2791e-04 +3.2340e-04 +3.1894e-04 +3.1456e-04 +3.1025e-04 +3.0604e-04 +3.0194e-04 +2.9796e-04 +2.9411e-04 +2.9041e-04 +2.8686e-04 +2.8348e-04 +2.8028e-04 +2.7725e-04 +2.7442e-04 +2.7178e-04 +2.6936e-04 +2.6714e-04 +2.6515e-04 +2.6337e-04 +2.6183e-04 +2.6052e-04 +2.5945e-04 +2.5861e-04 +2.5802e-04 +2.5767e-04 +2.5756e-04 +2.5770e-04 +2.5809e-04 +2.5872e-04 +2.5960e-04 +2.6072e-04 +2.6207e-04 +2.6367e-04 +2.6550e-04 +2.6756e-04 +2.6984e-04 +2.7235e-04 +2.7507e-04 +2.7799e-04 +2.8112e-04 +2.8444e-04 +2.8795e-04 +2.9163e-04 +2.9549e-04 +2.9949e-04 +3.0365e-04 +3.0794e-04 +3.1236e-04 +3.1689e-04 +3.2152e-04 +3.2624e-04 +3.3103e-04 +3.3587e-04 +3.4076e-04 +3.4568e-04 +3.5061e-04 
-0000.00050 +3.4619e-04 +3.4162e-04 +3.3704e-04 +3.3246e-04 +3.2791e-04 +3.2340e-04 +3.1894e-04 +3.1456e-04 +3.1025e-04 +3.0604e-04 +3.0194e-04 +2.9796e-04 +2.9411e-04 +2.9041e-04 +2.8686e-04 +2.8348e-04 +2.8028e-04 +2.7725e-04 +2.7442e-04 +2.7178e-04 +2.6936e-04 +2.6714e-04 +2.6515e-04 +2.6337e-04 +2.6183e-04 +2.6052e-04 +2.5945e-04 +2.5861e-04 +2.5802e-04 +2.5767e-04 +2.5756e-04 +2.5770e-04 +2.5809e-04 +2.5872e-04 +2.5960e-04 +2.6072e-04 +2.6207e-04 +2.6367e-04 +2.6550e-04 +2.6756e-04 +2.6984e-04 +2.7235e-04 +2.7507e-04 +2.7799e-04 +2.8112e-04 +2.8444e-04 +2.8795e-04 +2.9163e-04 +2.9549e-04 +2.9949e-04 +3.0365e-04 +3.0794e-04 +3.1236e-04 +3.1689e-04 +3.2152e-04 +3.2624e-04 +3.3103e-04 +3.3587e-04 +3.4076e-04 +3.4568e-04 +3.5061e-04 
-0000.00100 +3.4619e-04 +3.4162e-04 +3.3704e-04 +3.3246e-04 +3.2791e-04 +3.2340e-04 +3.1894e-04 +3.1456e-04 +3.1025e-04 +3.0604e-04 +3.0194e-04 +2.9796e-04 +2.9411e-04 +2.9041e-04 +2.8686e-04 +2.8348e-04 +2.8028e-04 +2.7725e-04 +2.7442e-04 +2.7178e-04 +2.6936e-04 +2.6714e-04 +2.6515e-04 +2.6337e-04 +2.6183e-04 +2.6052e-04 +2.5945e-04 +2.5861e-04 +2.5802e-04 +2.5767e-04 +2.5756e-04 +2.5770e-04 +2.5809e-04 +2.5872e-04 +2.5960e-04 +2.6072e-04 +2.6207e-04 +2.6367e-04 +2.6550e-04 +2.6756e-04 +2.6984e-04 +2.7235e-04 +2.7507e-04 +2.7799e-04 +2.8112e-04 +2.8444e-04 +2.8795e-04 +2.9163e-04 +2.9549e-04 +2.9949e-04 +3.0365e-04 +3.0794e-04 +3.1236e-04 +3.1689e-04 +3.2152e-04 +3.2624e-04 +3.3103e-04 +3.3587e-04 +3.4076e-04 +3.4568e-04 +3.5061e-04 
-0000.00150 +3.4619e-04 +3.4162e-04 +3.3704e-04 +3.3246e-04 +3.2791e-04 +3.2340e-04 +3.1894e-04 +3.1456e-04 +3.1025e-04 +3.0604e-04 +3.0194e-04 +2.9796e-04 +2.9411e-04 +2.9041e-04 +2.8686e-04 +2.8348e-04 +2.8028e-04 +2.7725e-04 +2.7442e-04 +2.7178e-04 +2.6936e-04 +2.6714e-04 +2.6515e-04 +2.6337e-04 +2.6183e-04 +2.6052e-04 +2.5945e-04 +2.5861e-04 +2.5802e-04 +2.5767e-04 +2.5756e-04 +2.5770e-04 +2.5809e-04 +2.5872e-04 +2.5960e-04 +2.6072e-04 +2.6207e-04 +2.6367e-04 +2.6550e-04 +2.6756e-04 +2.6984e-04 +2.7235e-04 +2.7507e-04 +2.7799e-04 +2.8112e-04 +2.8444e-04 +2.8795e-04 +2.9163e-04 +2.9549e-04 +2.9949e-04 +3.0365e-04 +3.0794e-04 +3.1236e-04 +3.1689e-04 +3.2152e-04 +3.2624e-04 +3.3103e-04 +3.3587e-04 +3.4076e-04 +3.4568e-04 +3.5061e-04 
-0000.00200 +3.4619e-04 +3.4162e-04 +3.3704e-04 +3.3246e-04 +3.2791e-04 +3.2340e-04 +3.1894e-04 +3.1456e-04 +3.1025e-04 +3.0604e-04 +3.0194e-04 +2.9796e-04 +2.9411e-04 +2.9041e-04 +2.8686e-04 +2.8348e-04 +2.8028e-04 +2.7725e-04 +2.7442e-04 +2.7178e-04 +2.6936e-04 +2.6714e-04 +2.6515e-04 +2.6337e-04 +2.6183e-04 +2.6052e-04 +2.5945e-04 +2.5861e-04 +2.5802e-04 +2.5767e-04 +2.5756e-04 +2.5770e-04 +2.5809e-04 +2.5872e-04 +2.5960e-04 +2.6072e-04 +2.6207e-04 +2.6367e-04 +2.6550e-04 +2.6756e-04 +2.6984e-04 +2.7235e-04 +2.7507e-04 +2.7799e-04 +2.8112e-04 +2.8444e-04 +2.8795e-04 +2.9163e-04 +2.9549e-04 +2.9949e-04 +3.0365e-04 +3.0794e-04 +3.1236e-04 +3.1689e-04 +3.2152e-04 +3.2624e-04 +3.3103e-04 +3.3587e-04 +3.4076e-04 +3.4568e-04 +3.5061e-04 
# Horizontal Final Position [m]
START
            -0000.01000 -0000.00967 -0000.00933 -0000.00900 -0000.00867 -0000.00833 -0000.00800 -0000.00767 -0000.00733 -0000.00700 -0000.00667 -0000.00633 -0000.00600 -0000.00567 -0000.00533 -0000.00500 -0000.00467 -0000.00433 -0000.00400 -0000.00367 -0000.00333 -0000.00300 -0000.00267 -0000.00233 -0000.00200 -0000.00167 -0000.00133 -0000.00100 -0000.00067 -0000.00033 +0000.00000 +0000.00033 +0000.00067 +0000.00100 +0000.00133 +0000.00167 +0000.00200 +0000.00233 +0000.00267 +0000.00300 +0000.00333 +0000.00367 +0000.00400 +0000.00433 +0000.00467 +0000.00500 +0000.00533 +0000.00567 +0000.00600 +0000.00633 +0000.00667 +0000.00700 +0000.00733 +0000.00767 +0000.00800 +0000.00833 +0000.00867 +0000.00900 +0000.00933 +0000.00967 +0000.01000 
+0000.00200 -1.0002e-02 -9.6688e-03 -9.3356e-03 -9.0024e-03 -8.6691e-03 -8.3359e-03 -8.0026e-03 -7.6694e-03 -7.3361e-03 -7.0028e-03 -6.6696e-03 -6.3363e-03 -6.0030e-03 -5.6697e-03 -5.3364e-03 -5.0031e-03 -4.6698e-03 -4.3365e-03 -4.0032e-03 -3.6699e-03 -3.3366e-03 -3.0033e-03 -2.6700e-03 -2.3367e-03 -2.0034e-03 -1.6700e-03 -1.3367e-03 -1.0034e-03 -6.7005e-04 -3.3672e-04 -3.3894e-06 +3.2994e-04 +6.6328e-04 +9.9662e-04 +1.3300e-03 +1.6633e-03 +1.9966e-03 +2.3300e-03 +2.6633e-03 +2.9967e-03 +3.3301e-03 +3.6634e-03 +3.9968e-03 +4.3301e-03 +4.6635e-03 +4.9969e-03 +5.3302e-03 +5.6636e-03 +5.9970e-03 +6.3304e-03 +6.6638e-03 +6.9972e-03 +7.3306e-03 +7.6640e-03 +7.9974e-03 +8.3308e-03 +8.6642e-03 +8.9976e-03 +9.3311e-03 +9.6645e-03 +9.9980e-03 
+0000.00150 -1.0002e-02 -9.6689e-03 -9.3356e-03 -9.0024e-03 -8.6691e-03 -8.3358e-03 -8.0025e-03 -7.6693e-03 -7.3360e-03 -7.0027e-03 -6.6694e-03 -6.3362e-03 -6.0029e-03 -5.6696e-03 -5.3363e-03 -5.0030e-03 -4.6698e-03 -4.3365e-03 -4.0032e-03 -3.6699e-03 -3.3366e-03 -3.0033e-03 -2.6700e-03 -2.3367e-03 -2.0034e-03 -1.6701e-03 -1.3367e-03 -1.0034e-03 -6.7009e-04 -3.3677e-04 -3.4354e-06 +3.2990e-04 +6.6324e-04 +9.9658e-04 +1.3299e-03 +1.6633e-03 +1.9966e-03 +2.3300e-03 +2.6633e-03 +2.9967e-03 +3.3301e-03 +3.6634e-03 +3.9968e-03 +4.3302e-03 +4.6636e-03 +4.9970e-03 +5.3303e-03 +5.6637e-03 +5.9971e-03 +6.3305e-03 +6.6639e-03 +6.9973e-03 +7.3307e-03 +7.6641e-03 +7.9975e-03 +8.3309e-03 +8.6642e-03 +8.9976e-03 +9.3310e-03 +9.6644e-03 +9.9978e-03 
+0000.00100 -1.0002e-02 -9.6689e-03 -9.3356e-03 -9.0023e-03 -8.6691e-03 -8.3358e-03 -8.0025e-03 -7.6692e-03 -7.3360e-03 -7.0027e-03 -6.6694e-03 -6.3361e-03 -6.0029e-03 -5.6696e-03 -5.3363e-03 -5.0030e-03 -4.6697e-03 -4.3365e-03 -4.0032e-03 -3.6699e-03 -3.3366e-03 -3.0033e-03 -2.6700e-03 -2.3367e-03 -2.0034e-03 -1.6701e-03 -1.3367e-03 -1.0034e-03 -6.7009e-04 -3.3677e-04 -3.4339e-06 +3.2990e-04 +6.6324e-04 +9.9658e-04 +1.3299e-03 +1.6633e-03 +1.9966e-03 +2.3300e-03 +2.6634e-03 +2.9967e-03 +3.3301e-03 +3.6635e-03 +3.9968e-03 +4.3302e-03 +4.6636e-03 +4.9970e-03 +5.3304e-03 +5.6637e-03 +5.9971e-03 +6.3305e-03 +6.6639e-03 +6.9973e-03 +7.3307e-03 +7.6641e-03 +7.9975e-03 +8.3309e-03 +8.6643e-03 +8.9977e-03 +9.3310e-03 +9.6644e-03 +9.9978e-03 
+0000.00050 -1.0002e-02 -9.6689e-03 -9.3356e-03 -9.0023e-03 -8.6690e-03 -8.3358e-03 -8.0025e-03 -7.6692e-03 -7.3359e-03 -7.0027e-03 -6.6694e-03 -6.3361e-03 -6.0029e-03 -5.6696e-03 -5.3363e-03 -5.0030e-03 -4.6697e-03 -4.3364e-03 -4.0032e-03 -3.6699e-03 -3.3366e-03 -3.0033e-03 -2.6700e-03 -2.3367e-03 -2.0034e-03 -1.6701e-03 -1.3367e-03 -1.0034e-03 -6.7010e-04 -3.3677e-04 -3.4375e-06 +3.2990e-04 +6.6324e-04 +9.9658e-04 +1.3299e-03 +1.6633e-03 +1.9966e-03 +2.3300e-03 +2.6634e-03 +2.9967e-03 +3.3301e-03 +3.6635e-03 +3.9968e-03 +4.3302e-03 +4.6636e-03 +4.9970e-03 +5.3304e-03 +5.6638e-03 +5.9971e-03 +6.3305e-03 +6.6639e-03 +6.9973e-03 +7.3307e-03 +7.6641e-03 +7.9975e-03 +8.3309e-03 +8.6643e-03 +8.9977e-03 +9.3311e-03 +9.6645e-03 +9.9978e-03 
+0000.00000 -1.0002e-02 -9.6689e-03 -9.3356e-03 -9.0023e-03 -8.6690e-03 -8.3358e-03 -8.0025e-03 -7.6692e-03 -7.3359e-03 -7.0027e-03 -6.6694e-03 -6.3361e-03 -6.0029e-03 -5.6696e-03 -5.3363e-03 -5.0030e-03 -4.6697e-03 -4.3364e-03 -4.0032e-03 -3.6699e-03 -3.3366e-03 -3.0033e-03 -2.6700e-03 -2.3367e-03 -2.0034e-03 -1.6701e-03 -1.3367e-03 -1.0034e-03 -6.7010e-04 -3.3677e-04 -3.4371e-06 +3.2990e-04 +6.6324e-04 +9.9658e-04 +1.3299e-03 +1.6633e-03 +1.9966e-03 +2.3300e-03 +2.6634e-03 +2.9967e-03 +3.3301e-03 +3.6635e-03 +3.9968e-03 +4.3302e-03 +4.6636e-03 +4.9970e-03 +5.3304e-03 +5.6638e-03 +5.9971e-03 +6.3305e-03 +6.6639e-03 +6.9973e-03 +7.3307e-03 +7.6641e-03 +7.9975e-03 +8.3309e-03 +8.6643e-03 +8.9977e-03 +9.3311e-03 +9.6645e-03 +9.9978e-03 
-0000.00050 -1.0002e-02 -9.6689e-03 -9.3356e-03 -9.0023e-03 -8.6690e-03 -8.3358e-03 -8.0025e-03 -7.6692e-03 -7.3359e-03 -7.0027e-03 -6.6694e-03 -6.3361e-03 -6.0029e-03 -5.6696e-03 -5.3363e-03 -5.0030e-03 -4.6697e-03 -4.3364e-03 -4.0032e-03 -3.6699e-03 -3.3366e-03 -3.0033e-03 -2.6700e-03 -2.3367e-03 -2.0034e-03 -1.6701e-03 -1.3367e-03 -1.0034e-03 -6.7010e-04 -3.3677e-04 -3.4375e-06 +3.2990e-04 +6.6324e-04 +9.9658e-04 +1.3299e-03 +1.6633e-03 +1.9966e-03 +2.3300e-03 +2.6634e-03 +2.9967e-03 +3.3301e-03 +3.6635e-03 +3.9968e-03 +4.3302e-03 +4.6636e-03 +4.9970e-03 +5.3304e-03 +5.6638e-03 +5.9971e-03 +6.3305e-03 +6.6639e-03 +6.9973e-03 +7.3307e-03 +7.6641e-03 +7.9975e-03 +8.3309e-03 +8.6643e-03 +8.9977e-03 +9.3311e-03 +9.6645e-03 +9.9978e-03 
-0000.00100 -1.0002e-02 -9.6689e-03 -9.3356e-03 -9.0023e-03 -8.6691e-03 -8.3358e-03 -8.0025e-03 -7.6692e-03 -7.3360e-03 -7.0027e-03 -6.6694e-03 -6.3361e-03 -6.0029e-03 -5.6696e-03 -5.3363e-03 -5.0030e-03 -4.6697e-03 -4.3365e-03 -4.0032e-03 -3.6699e-03 -3.3366e-03 -3.0033e-03 -2.6700e-03 -2.3367e-03 -2.0034e-03 -1.6701e-03 -1.3367e-03 -1.0034e-03 -6.7009e-04 -3.3677e-04 -3.4339e-06 +3.2990e-04 +6.6324e-04 +9.9658e-04 +1.3299e-03 +1.6633e-03 +1.9966e-03 +2.3300e-03 +2.6634e-03 +2.9967e-03 +3.3301e-03 +3.6635e-03 +3.9968e-03 +4.3302e-03 +4.6636e-03 +4.9970e-03 +5.3304e-03 +5.6637e-03 +5.9971e-03 +6.3305e-03 +6.6639e-03 +6.9973e-03 +7.3307e-03 +7.6641e-03 +7.9975e-03 +8.3309e-03 +8.6643e-03 +8.9977e-03 +9.3310e-03 +9.6644e-03 +9.9978e-03 
-0000.00150 -1.0002e-02 -9.6689e-03 -9.3356e-03 -9.0024e-03 -8.6691e-03 -8.3358e-03 -8.0025e-03 -7.6693e-03 -7.3360e-03 -7.0027e-03 -6.6694e-03 -6.3362e-03 -6.0029e-03 -5.6696e-03 -5.3363e-03 -5.0030e-03 -4.6698e-03 -4.3365e-03 -4.0032e-03 -3.6699e-03 -3.3366e-03 -3.0033e-03 -2.6700e-03 -2.3367e-03 -2.0034e-03 -1.6701e-03 -1.3367e-03 -1.0034e-03 -6.7009e-04 -3.3677e-04 -3.4354e-06 +3.2990e-04 +6.6324e-04 +9.9658e-04 +1.3299e-03 +1.6633e-03 +1.9966e-03 +2.3300e-03 +2.6633e-03 +2.9967e-03 +3.3301e-03 +3.6634e-03 +3.9968e-03 +4.3302e-03 +4.6636e-03 +4.9970e-03 +5.3303e-03 +5.6637e-03 +5.9971e-03 +6.3305e-03 +6.6639e-03 +6.9973e-03 +7.3307e-03 +7.6641e-03 +7.9975e-03 +8.3309e-03 +8.6642e-03 +8.9976e-03 +9.3310e-03 +9.6644e-03 +9.9978e-03 
-0000.00200 -1.0002e-02 -9.6688e-03 -9.3356e-03 -9.0024e-03 -8.6691e-03 -8.3359e-03 -8.0026e-03 -7.6694e-03 -7.3361e-03 -7.0028e-03 -6.6696e-03 -6.3363e-03 -6.0030e-03 -5.6697e-03 -5.3364e-03 -5.0031e-03 -4.6698e-03 -4.3365e-03 -4.0032e-03 -3.6699e-03 -3.3366e-03 -3.0033e-03 -2.6700e-03 -2.3367e-03 -2.0034e-03 -1.6700e-03 -1.3367e-03 -1.0034e-03 -6.7005e-04 -3.3672e-04 -3.3894e-06 +3.2994e-04 +6.6328e-04 +9.9662e-04 +1.3300e-03 +1.6633e-03 +1.9966e-03 +2.3300e-03 +2.6633e-03 +2.9967e-03 +3.3301e-03 +3.6634e-03 +3.9968e-03 +4.3301e-03 +4.6635e-03 +4.9969e-03 +5.3302e-03 +5.6636e-03 +5.9970e-03 +6.3304e-03 +6.6638e-03 +6.9972e-03 +7.3306e-03 +7.6640e-03 +7.9974e-03 +8.3308e-03 +8.6642e-03 +8.9976e-03 +9.3311e-03 +9.6645e-03 +9.9980e-03 
# Vertical Final Position [m]
START
            -0000.01000 -0000.00967 -0000.00933 -0000.00900 -0000.00867 -0000.00833 -0000.00800 -0000.00767 -0000.00733 -0000.00700 -0000.00667 -0000.00633 -0000.00600 -0000.00567 -0000.00533 -0000.00500 -0000.00467 -0000.00433 -0000.00400 -0000.00367 -0000.00333 -0000.00300 -0000.00267 -0000.00233 -0000.00200 -0000.00167 -0000.00133 -0000.00100 -0000.00067 -0000.00033 +0000.00000 +0000.00033 +0000.00067 +0000.00100 +0000.00133 +0000.00167 +0000.00200 +0000.00233 +0000.00267 +0000.00300 +0000.00333 +0000.00367 +0000.00400 +0000.00433 +0000.00467 +0000.00500 +0000.00533 +0000.00567 +0000.00600 +0000.00633 +0000.00667 +0000.00700 +0000.00733 +0000.00767 +0000.00800 +0000.00833 +0000.00867 +0000.00900 +0000.00933 +0000.00967 +0000.01000 
+0000.00200 +2.0003e-03 +2.0003e-03 +2.0003e-03 +2.0003e-03 +2.0003e-03 +2.0003e-03 +2.0003e-03 +2.0003e-03 +2.0003e-03 +2.0003e-03 +2.0003e-03 +2.0003e-03 +2.0003e-03 +2.0003e-03 +2.0003e-03 +2.0003e-03 +2.0003e-03 +2.0002e-03 +2.0002e-03 +2.0002e-03 +2.0002e-03 +2.0002e-03 +2.0001e-03 +2.0001e-03 +2.0001e-03 +2.0001e-03 +2.0000e-03 +2.0000e-03 +2.0000e-03 +2.0000e-03 +1.9999e-03 +1.9999e-03 +1.9999e-03 +1.9999e-03 +1.9998e-03 +1.9998e-03 +1.9998e-03 +1.9998e-03 +1.9997e-03 +1.9997e-03 +1.9997e-03 +1.9997e-03 +1.9997e-03 +1.9996e-03 +1.9996e-03 +1.9996e-03 +1.9996e-03 +1.9996e-03 +1.9996e-03 +1.9996e-03 +1.9996e-03 +1.9996e-03 +1.9996e-03 +1.9996e-03 +1.9996e-03 +1.9996e-03 +1.9996e-03 +1.9996e-03 +1.9996e-03 +1.9996e-03 +1.9996e-03 
+0000.00150 +1.5002e-03 +1.5002e-03 +1.5002e-03 +1.5002e-03 +1.5002e-03 +1.5002e-03 +1.5002e-03 +1.5003e-03 +1.5003e-03 +1.5003e-03 +1.5003e-03 +1.5003e-03 +1.5002e-03 +1.5002e-03 +1.5002e-03 +1.5002e-03 +1.5002e-03 +1.5002e-03 +1.5002e-03 +1.5002e-03 +1.5002e-03 +1.5001e-03 +1.5001e-03 +1.5001e-03 +1.5001e-03 +1.5001e-03 +1.5000e-03 +1.5000e-03 +1.5000e-03 +1.5000e-03 +1.5000e-03 +1.4999e-03 +1.4999e-03 +1.4999e-03 +1.4999e-03 +1.4999e-03 +1.4998e-03 +1.4998e-03 +1.4998e-03 +1.4998e-03 +1.4998e-03 +1.4998e-03 +1.4997e-03 +1.4997e-03 +1.4997e-03 +1.4997e-03 +1.4997e-03 +1.4997e-03 +1.4997e-03 +1.4997e-03 +1.4997e-03 +1.4997e-03 +1.4997e-03 +1.4997e-03 +1.4997e-03 +1.4997e-03 +1.4997e-03 +1.4997e-03 +1.4997e-03 +1.4998e-03 +1.4998e-03 
+0000.00100 +1.0001e-03 +1.0001e-03 +1.0001e-03 +1.0001e-03 +1.0002e-03 +1.0002e-03 +1.0002e-03 +1.0002e-03 +1.0002e-03 +1.0002e-03 +1.0002e-03 +1.0002e-03 +1.0002e-03 +1.0002e-03 +1.0002e-03 +1.0002e-03 +1.0001e-03 +1.0001e-03 +1.0001e-03 +1.0001e-03 +1.0001e-03 +1.0001e-03 +1.0001e-03 +1.0001e-03 +1.0001e-03 +1.0000e-03 +1.0000e-03 +1.0000e-03 +1.0000e-03 +9.9999e-04 +9.9998e-04 +9.9996e-04 +9.9995e-04 +9.9993e-04 +9.9992e-04 +9.9991e-04 +9.9989e-04 +9.9988e-04 +9.9987e-04 +9.9986e-04 +9.9985e-04 +9.9984e-04 +9.9983e-04 +9.9982e-04 +9.9981e-04 +9.9981e-04 +9.9980e-04 +9.9979e-04 +9.9979e-04 +9.9979e-04 +9.9979e-04 +9.9979e-04 +9.9979e-04 +9.9979e-04 +9.9980e-04 +9.9980e-04 +9.9981e-04 +9.9982e-04 +9.9983e-04 +9.9985e-04 +9.9986e-04 
+0000.00050 +5.0004e-04 +5.0005e-04 +5.0006e-04 +5.0006e-04 +5.0007e-04 +5.0007e-04 +5.0008e-04 +5.0008e-04 +5.0008e-04 +5.0008e-04 +5.0008e-04 +5.0008e-04 +5.0008e-04 +5.0008e-04 +5.0008e-04 +5.0007e-04 +5.0007e-04 +5.0007e-04 +5.0006e-04 +5.0006e-04 +5.0005e-04 +5.0005e-04 +5.0004e-04 +5.0003e-04 +5.0003e-04 +5.0002e-04 +5.0002e-04 +5.0001e-04 +5.0000e-04 +5.0000e-04 +4.9999e-04 +4.9998e-04 +4.9997e-04 +4.9997e-04 +4.9996e-04 +4.9995e-04 +4.9995e-04 +4.9994e-04 +4.9994e-04 +4.9993e-04 +4.9993e-04 +4.9992e-04 +4.9992e-04 +4.9991e-04 +4.9991e-04 +4.9990e-04 +4.9990e-04 +4.9990e-04 +4.9990e-04 +4.9990e-04 +4.9990e-04 +4.9990e-04 +4.9990e-04 +4.9990e-04 +4.9990e-04 +4.9990e-04 +4.9991e-04 +4.9991e-04 +4.9992e-04 +4.9993e-04 +4.9993e-04 
+0000.00000 -3.6569e-12 -4.8236e-12 -5.9828e-12 -7.1310e-12 -8.2651e-12 -9.3818e-12 -1.0478e-11 -1.1551e-11 -1.2598e-11 -1.3617e-11 -1.4604e-11 -1.5557e-11 -1.6475e-11 -1.7354e-11 -1.8194e-11 -1.8991e-11 -1.9744e-11 -2.0452e-11 -2.1113e-11 -2.1725e-11 -2.2287e-11 -2.2798e-11 -2.3256e-11 -2.3662e-11 -2.4014e-11 -2.4311e-11 -2.4553e-11 -2.4739e-11 -2.4869e-11 -2.4943e-11 -2.4961e-11 -2.4922e-11 -2.4827e-11 -2.4676e-11 -2.4470e-11 -2.4208e-11 -2.3893e-11 -2.3523e-11 -2.3101e-11 -2.2627e-11 -2.2103e-11 -2.1529e-11 -2.0907e-11 -2.0239e-11 -1.9526e-11 -1.8769e-11 -1.7971e-11 -1.7134e-11 -1.6260e-11 -1.5351e-11 -1.4409e-11 -1.3436e-11 -1.2437e-11 -1.1412e-11 -1.0365e-11 -9.2993e-12 -8.2173e-12 -7.1225e-12 -6.0182e-12 -4.9077e-12 -3.7948e-12 
-0000.00050 -5.0004e-04 -5.0005e-04 -5.0006e-04 -5.0006e-04 -5.0007e-04 -5.0007e-04 -5.0008e-04 -5.0008e-04 -5.0008e-04 -5.0008e-04 -5.0008e-04 -5.0008e-04 -5.0008e-04 -5.0008e-04 -5.0008e-04 -5.0007e-04 -5.0007e-04 -5.0007e-04 -5.0006e-04 -5.0006e-04 -5.0005e-04 -5.0005e-04 -5.0004e-04 -5.0003e-04 -5.0003e-04 -5.0002e-04 -5.0002e-04 -5.0001e-04 -5.0000e-04 -5.0000e-04 -4.9999e-04 -4.9998e-04 -4.9997e-04 -4.9997e-04 -4.9996e-04 -4.9995e-04 -4.9995e-04 -4.9994e-04 -4.9994e-04 -4.9993e-04 -4.9993e-04 -4.9992e-04 -4.9992e-04 -4.9991e-04 -4.9991e-04 -4.9990e-04 -4.9990e-04 -4.9990e-04 -4.9990e-04 -4.9990e-04 -4.9990e-04 -4.9990e-04 -4.9990e-04 -4.9990e-04 -4.9990e-04 -4.9990e-04 -4.9991e-04 -4.9991e-04 -4.9992e-04 -4.9993e-04 -4.9993e-04 
-0000.00100 -1.0001e-03 -1.0001e-03 -1.0001e-03 -1.0001e-03 -1.0002e-03 -1.0002e-03 -1.0002e-03 -1.0002e-03 -1.0002e-03 -1.0002e-03 -1.0002e-03 -1.0002e-03 -1.0002e-03 -1.0002e-03 -1.0002e-03 -1.0002e-03 -1.0001e-03 -1.0001e-03 -1.0001e-03 -1.0001e-03 -1.0001e-03 -1.0001e-03 -1.0001e-03 -1.0001e-03 -1.0001e-03 -1.0000e-03 -1.0000e-03 -1.0000e-03 -1.0000e-03 -9.9999e-04 -9.9998e-04 -9.9996e-04 -9.9995e-04 -9.9993e-04 -9.9992e-04 -9.9991e-04 -9.9989e-04 -9.9988e-04 -9.9987e-04 -9.9986e-04 -9.9985e-04 -9.9984e-04 -9.9983e-04 -9.9982e-04 -9.9981e-04 -9.9981e-04 -9.9980e-04 -9.9979e-04 -9.9979e-04 -9.9979e-04 -9.9979e-04 -9.9979e-04 -9.9979e-04 -9.9979e-04 -9.9980e-04 -9.9980e-04 -9.9981e-04 -9.9982e-04 -9.9983e-04 -9.9985e-04 -9.9986e-04 
-0000.00150 -1.5002e-03 -1.5002e-03 -1.5002e-03 -1.5002e-03 -1.5002e-03 -1.5002e-03 -1.5002e-03 -1.5003e-03 -1.5003e-03 -1.5003e-03 -1.5003e-03 -1.5003e-03 -1.5002e-03 -1.5002e-03 -1.5002e-03 -1.5002e-03 -1.5002e-03 -1.5002e-03 -1.5002e-03 -1.5002e-03 -1.5002e-03 -1.5001e-03 -1.5001e-03 -1.5001e-03 -1.5001e-03 -1.5001e-03 -1.5000e-03 -1.5000e-03 -1.5000e-03 -1.5000e-03 -1.5000e-03 -1.4999e-03 -1.4999e-03 -1.4999e-03 -1.4999e-03 -1.4999e-03 -1.4998e-03 -1.4998e-03 -1.4998e-03 -1.4998e-03 -1.4998e-03 -1.4998e-03 -1.4997e-03 -1.4997e-03 -1.4997e-03 -1.4997e-03 -1.4997e-03 -1.4997e-03 -1.4997e-03 -1.4997e-03 -1.4997e-03 -1.4997e-03 -1.4997e-03 -1.4997e-03 -1.4997e-03 -1.4997e-03 -1.4997e-03 -1.4997e-03 -1.4997e-03 -1.4998e-03 -1.4998e-03 
-0000.00200 -2.0003e-03 -2.0003e-03 -2.0003e-03 -2.0003e-03 -2.0003e-03 -2.0003e-03 -2.0003e-03 -2.0003e-03 -2.0003e-03 -2.0003e-03 -2.0003e-03 -2.0003e-03 -2.0003e-03 -2.0003e-03 -2.0003e-03 -2.0003e-03 -2.0003e-03 -2.0002e-03 -2.0002e-03 -2.0002e-03 -2.0002e-03 -2.0002e-03 -2.0001e-03 -2.0001e-03 -2.0001e-03 -2.0001e-03 -2.0000e-03 -2.0000e-03 -2.0000e-03 -2.0000e-03 -1.9999e-03 -1.9999e-03 -1.9999e-03 -1.9999e-03 -1.9998e-03 -1.9998e-03 -1.9998e-03 -1.9998e-03 -1.9997e-03 -1.9997e-03 -1.9997e-03 -1.9997e-03 -1.9997e-03 -1.9996e-03 -1.9996e-03 -1.9996e-03 -1.9996e-03 -1.9996e-03 -1.9996e-03 -1.9996e-03 -1.9996e-03 -1.9996e-03 -1.9996e-03 -1.9996e-03 -1.9996e-03 -1.9996e-03 -1.9996e-03 -1.9996e-03 -1.9996e-03 -1.9996e-03 -1.9996e-03 