# Author: FAC idanalysis.IDKickMap
#
# Total Length of Longitudinal Interval [m]
0.13
# Number of Horizontal Points
25
# Number of Vertical Points
9
# Total Horizontal 2nd Order Kick [T2m2]
START
            -0000.01200 -0000.01100 -0000.01000 -0000.00900 -0000.00800 -0000.00700 -0000.00600 -0000.00500 -0000.00400 -0000.00300 -0000.00200 -0000.00100 +0000.00000 +0000.00100 +0000.00200 +0000.00300 +0000.00400 +0000.00500 +0000.00600 +0000.00700 +0000.00800 +0000.00900 +0000.01000 +0000.01100 +0000.01200
+0000.00200 -3.8486e-04 -3.5853e-04 -3.5058e-04 -3.5048e-04 -3.3679e-04 -3.1523e-04 -3.2357e-04 -3.2077e-04 -3.0393e-04 -3.0160e-04 -3.1060e-04 -3.0544e-04 -2.9014e-04 -3.0523e-04 -3.1048e-04 -3.0154e-04 -3.0345e-04 -3.2025e-04 -3.2309e-04 -3.1474e-04 -3.3604e-04 -3.4966e-04 -3.4958e-04 -3.5758e-04 -3.8344e-04
+0000.00150 -3.8049e-04 -3.6164e-04 -3.5117e-04 -3.4577e-04 -3.3416e-04 -3.2167e-04 -3.2021e-04 -3.1607e-04 -3.0593e-04 -3.0282e-04 -3.0571e-04 -3.0221e-04 -2.9663e-04 -3.0208e-04 -3.0558e-04 -3.0264e-04 -3.0556e-04 -3.1561e-04 -3.1972e-04 -3.2112e-04 -3.3346e-04 -3.4496e-04 -3.5021e-04 -3.6055e-04 -3.7910e-04
+0000.00100 -3.7964e-04 -3.6415e-04 -3.5292e-04 -3.4477e-04 -3.3448e-04 -3.2479e-04 -3.2008e-04 -3.1509e-04 -3.0807e-04 -3.0471e-04 -3.0459e-04 -3.0217e-04 -2.9969e-04 -3.0208e-04 -3.0445e-04 -3.0450e-04 -3.0774e-04 -3.1466e-04 -3.1959e-04 -3.2422e-04 -3.3380e-04 -3.4396e-04 -3.5197e-04 -3.6302e-04 -3.7822e-04
+0000.00050 -3.7942e-04 -3.6530e-04 -3.5383e-04 -3.4452e-04 -3.3483e-04 -3.2610e-04 -3.2022e-04 -3.1484e-04 -3.0908e-04 -3.0562e-04 -3.0427e-04 -3.0234e-04 -3.0095e-04 -3.0226e-04 -3.0413e-04 -3.0540e-04 -3.0876e-04 -3.1443e-04 -3.1973e-04 -3.2552e-04 -3.3414e-04 -3.4370e-04 -3.5287e-04 -3.6414e-04 -3.7795e-04
+0000.00000 -3.7938e-04 -3.6564e-04 -3.5410e-04 -3.4448e-04 -3.3496e-04 -3.2646e-04 -3.2029e-04 -3.1481e-04 -3.0938e-04 -3.0589e-04 -3.0421e-04 -3.0242e-04 -3.0130e-04 -3.0234e-04 -3.0407e-04 -3.0567e-04 -3.0906e-04 -3.1440e-04 -3.1981e-04 -3.2589e-04 -3.3427e-04 -3.4367e-04 -3.5314e-04 -3.6447e-04 -3.7790e-04
-0000.00050 -3.7941e-04 -3.6530e-04 -3.5383e-04 -3.4452e-04 -3.3483e-04 -3.2609e-04 -3.2022e-04 -3.1484e-04 -3.0908e-04 -3.0562e-04 -3.0427e-04 -3.0234e-04 -3.0095e-04 -3.0226e-04 -3.0413e-04 -3.0540e-04 -3.0876e-04 -3.1443e-04 -3.1973e-04 -3.2552e-04 -3.3414e-04 -3.4370e-04 -3.5287e-04 -3.6415e-04 -3.7796e-04
-0000.00100 -3.7963e-04 -3.6415e-04 -3.5292e-04 -3.4477e-04 -3.3449e-04 -3.2479e-04 -3.2007e-04 -3.1508e-04 -3.0807e-04 -3.0470e-04 -3.0458e-04 -3.0217e-04 -2.9969e-04 -3.0208e-04 -3.0446e-04 -3.0450e-04 -3.0774e-04 -3.1467e-04 -3.1959e-04 -3.2423e-04 -3.3379e-04 -3.4395e-04 -3.5196e-04 -3.6303e-04 -3.7823e-04
-0000.00150 -3.8045e-04 -3.6162e-04 -3.5117e-04 -3.4578e-04 -3.3417e-04 -3.2167e-04 -3.2019e-04 -3.1606e-04 -3.0592e-04 -3.0281e-04 -3.0570e-04 -3.0220e-04 -2.9663e-04 -3.0209e-04 -3.0559e-04 -3.0265e-04 -3.0556e-04 -3.1562e-04 -3.1973e-04 -3.2112e-04 -3.3345e-04 -3.4495e-04 -3.5020e-04 -3.6057e-04 -3.7913e-04
-0000.00200 -3.8481e-04 -3.5850e-04 -3.5060e-04 -3.5050e-04 -3.3681e-04 -3.1522e-04 -3.2355e-04 -3.2075e-04 -3.0393e-04 -3.0160e-04 -3.1058e-04 -3.0542e-04 -2.9014e-04 -3.0525e-04 -3.1050e-04 -3.0154e-04 -3.0345e-04 -3.2027e-04 -3.2311e-04 -3.1475e-04 -3.3602e-04 -3.4964e-04 -3.4956e-04 -3.5761e-04 -3.8349e-04
# Total Vertical 2nd Order Kick [T2m2]
START
            -0000.01200 -0000.01100 -0000.01000 -0000.00900 -0000.00800 -0000.00700 -0000.00600 -0000.00500 -0000.00400 -0000.00300 -0000.00200 -0000.00100 +0000.00000 +0000.00100 +0000.00200 +0000.00300 +0000.00400 +0000.00500 +0000.00600 +0000.00700 +0000.00800 +0000.00900 +0000.01000 +0000.01100 +0000.01200
+0000.00200 -1.8662e-04 -1.8800e-04 -1.6790e-04 -1.7249e-04 -1.8016e-04 -1.6811e-04 -1.6066e-04 -1.6888e-04 -1.7218e-04 -1.5200e-04 -1.5631e-04 -1.6479e-04 -1.5542e-04 -1.4576e-04 -1.5414e-04 -1.5867e-04 -1.3855e-04 -1.4158e-04 -1.4980e-04 -1.4246e-04 -1.3039e-04 -1.3798e-04 -1.4259e-04 -1.2267e-04 -1.2413e-04
+0000.00150 -1.2481e-04 -1.2364e-04 -1.1541e-04 -1.1596e-04 -1.1865e-04 -1.1297e-04 -1.0864e-04 -1.1186e-04 -1.1165e-04 -1.0360e-04 -1.0401e-04 -1.0732e-04 -1.0256e-04 -9.7719e-05 -1.0098e-04 -1.0148e-04 -9.3443e-05 -9.3119e-05 -9.6312e-05 -9.2030e-05 -8.6351e-05 -8.9008e-05 -8.9560e-05 -8.1408e-05 -8.0336e-05
+0000.00100 -7.6672e-05 -7.5618e-05 -7.1945e-05 -7.1566e-05 -7.2221e-05 -6.9495e-05 -6.7259e-05 -6.8225e-05 -6.7560e-05 -6.4050e-05 -6.3686e-05 -6.4708e-05 -6.2390e-05 -6.0040e-05 -6.1042e-05 -6.0709e-05 -5.7201e-05 -5.6487e-05 -5.7432e-05 -5.5206e-05 -5.2484e-05 -5.3131e-05 -5.2756e-05 -4.9122e-05 -4.8140e-05
+0000.00050 -3.6503e-05 -3.5961e-05 -3.4502e-05 -3.4166e-05 -3.4225e-05 -3.3100e-05 -3.2144e-05 -3.2339e-05 -3.1923e-05 -3.0549e-05 -3.0252e-05 -3.0480e-05 -2.9522e-05 -2.8552e-05 -2.8769e-05 -2.8480e-05 -2.7103e-05 -2.6665e-05 -2.6847e-05 -2.5892e-05 -2.4769e-05 -2.4828e-05 -2.4497e-05 -2.3053e-05 -2.2547e-05
+0000.00000 -1.0063e-08 -1.6634e-08 -1.8125e-08 -1.5906e-08 -1.3220e-08 -1.2397e-08 -1.4454e-08 -1.8076e-08 -2.1059e-08 -2.3182e-08 -2.5937e-08 -2.9152e-08 -3.0757e-08 -2.9429e-08 -2.6454e-08 -2.3872e-08 -2.1852e-08 -1.8957e-08 -1.5428e-08 -1.3476e-08 -1.4467e-08 -1.7358e-08 -1.9755e-08 -1.8349e-08 -1.1696e-08
-0000.00050 +3.6483e-05 +3.5927e-05 +3.4465e-05 +3.4134e-05 +3.4199e-05 +3.3076e-05 +3.2116e-05 +3.2303e-05 +3.1881e-05 +3.0503e-05 +3.0201e-05 +3.0421e-05 +2.9459e-05 +2.8493e-05 +2.8717e-05 +2.8432e-05 +2.7059e-05 +2.6627e-05 +2.6816e-05 +2.5865e-05 +2.4740e-05 +2.4793e-05 +2.4457e-05 +2.3015e-05 +2.2523e-05
-0000.00100 +7.6650e-05 +7.5578e-05 +7.1905e-05 +7.1534e-05 +7.2197e-05 +6.9474e-05 +6.7232e-05 +6.8188e-05 +6.7517e-05 +6.4005e-05 +6.3635e-05 +6.4648e-05 +6.2325e-05 +5.9979e-05 +6.0990e-05 +6.0662e-05 +5.7156e-05 +5.6448e-05 +5.7402e-05 +5.5182e-05 +5.2457e-05 +5.3096e-05 +5.2713e-05 +4.9079e-05 +4.8115e-05
-0000.00150 +1.2478e-04 +1.2359e-04 +1.1536e-04 +1.1593e-04 +1.1862e-04 +1.1295e-04 +1.0862e-04 +1.1182e-04 +1.1161e-04 +1.0356e-04 +1.0396e-04 +1.0725e-04 +1.0249e-04 +9.7656e-05 +1.0093e-04 +1.0144e-04 +9.3396e-05 +9.3078e-05 +9.6285e-05 +9.2012e-05 +8.6327e-05 +8.8973e-05 +8.9511e-05 +8.1355e-05 +8.0307e-05
-0000.00200 +1.8659e-04 +1.8793e-04 +1.6785e-04 +1.7246e-04 +1.8014e-04 +1.6810e-04 +1.6063e-04 +1.6884e-04 +1.7212e-04 +1.5196e-04 +1.5626e-04 +1.6472e-04 +1.5534e-04 +1.4569e-04 +1.5409e-04 +1.5863e-04 +1.3850e-04 +1.4154e-04 +1.4978e-04 +1.4246e-04 +1.3037e-04 +1.3794e-04 +1.4254e-04 +1.2260e-04 +1.2409e-04
# Horizontal Final Position [m]
START
            -0000.01200 -0000.01100 -0000.01000 -0000.00900 -0000.00800 -0000.00700 -0000.00600 -0000.00500 -0000.00400 -0000.00300 -0000.00200 -0000.00100 +0000.00000 +0000.00100 +0000.00200 +0000.00300 +0000.00400 +0000.00500 +0000.00600 +0000.00700 +0000.00800 +0000.00900 +0000.01000 +0000.01100 +0000.01200
+0000.00200 -1.2000e-02 -1.1000e-02 -1.0001e-02 -9.0007e-03 -8.0008e-03 -7.0008e-03 -6.0009e-03 -5.0010e-03 -4.0010e-03 -3.0010e-03 -2.0011e-03 -1.0011e-03 -1.0562e-06 +9.9893e-04 +1.9989e-03 +2.9990e-03 +3.9990e-03 +4.9990e-03 +5.9991e-03 +6.9992e-03 +7.9992e-03 +8.9993e-03 +9.9994e-03 +1.1000e-02 +1.2000e-02
+0000.00150 -1.2000e-02 -1.1000e-02 -1.0001e-02 -9.0007e-03 -8.0008e-03 -7.0008e-03 -6.0009e-03 -5.0010e-03 -4.0010e-03 -3.0010e-03 -2.0011e-03 -1.0011e-03 -1.0607e-06 +9.9894e-04 +1.9989e-03 +2.9990e-03 +3.9990e-03 +4.9990e-03 +5.9991e-03 +6.9992e-03 +7.9992e-03 +8.9993e-03 +9.9994e-03 +1.1000e-02 +1.2000e-02
+0000.00100 -1.2000e-02 -1.1000e-02 -1.0001e-02 -9.0007e-03 -8.0008e-03 -7.0008e-03 -6.0009e-03 -5.0010e-03 -4.0010e-03 -3.0010e-03 -2.0010e-03 -1.0011e-03 -1.0618e-06 +9.9894e-04 +1.9990e-03 +2.9990e-03 +3.9990e-03 +4.9990e-03 +5.9991e-03 +6.9992e-03 +7.9992e-03 +8.9993e-03 +9.9994e-03 +1.1000e-02 +1.2000e-02
+0000.00050 -1.2000e-02 -1.1000e-02 -1.0001e-02 -9.0007e-03 -8.0008e-03 -7.0008e-03 -6.0009e-03 -5.0010e-03 -4.0010e-03 -3.0010e-03 -2.0010e-03 -1.0011e-03 -1.0619e-06 +9.9894e-04 +1.9990e-03 +2.9990e-03 +3.9990e-03 +4.9990e-03 +5.9991e-03 +6.9992e-03 +7.9992e-03 +8.9993e-03 +9.9994e-03 +1.1000e-02 +1.2000e-02
+0000.00000 -1.2000e-02 -1.1000e-02 -1.0001e-02 -9.0007e-03 -8.0008e-03 -7.0008e-03 -6.0009e-03 -5.0010e-03 -4.0010e-03 -3.0010e-03 -2.0010e-03 -1.0011e-03 -1.0618e-06 +9.9894e-04 +1.9990e-03 +2.9990e-03 +3.9990e-03 +4.9990e-03 +5.9991e-03 +6.9992e-03 +7.9992e-03 +8.9993e-03 +9.9994e-03 +1.1000e-02 +1.2000e-02
-0000.00050 -1.2000e-02 -1.1000e-02 -1.0001e-02 -9.0007e-03 -8.0008e-03 -7.0008e-03 -6.0009e-03 -5.0010e-03 -4.0010e-03 -3.0010e-03 -2.0010e-03 -1.0011e-03 -1.0619e-06 +9.9894e-04 +1.9990e-03 +2.9990e-03 +3.9990e-03 +4.9990e-03 +5.9991e-03 +6.9992e-03 +7.9992e-03 +8.9993e-03 +9.9994e-03 +1.1000e-02 +1.2000e-02
-0000.00100 -1.2000e-02 -1.1000e-02 -1.0001e-02 -9.0007e-03 -8.0008e-03 -7.0008e-03 -6.0009e-03 -5.0010e-03 -4.0010e-03 -3.0010e-03 -2.0010e-03 -1.0011e-03 -1.0618e-06 +9.9894e-04 +1.9990e-03 +2.9990e-03 +3.9990e-03 +4.9990e-03 +5.9991e-03 +6.9992e-03 +7.9992e-03 +8.9993e-03 +9.9994e-03 +1.1000e-02 +1.2000e-02
-0000.00150 -1.2000e-02 -1.1000e-02 -1.0001e-02 -9.0007e-03 -8.0008e-03 -7.0008e-03 -6.0009e-03 -5.0010e-03 -4.0010e-03 -3.0010e-03 -2.0011e-03 -1.0011e-03 -1.0607e-06 +9.9894e-04 +1.9989e-03 +2.9990e-03 +3.9990e-03 +4.9990e-03 +5.9991e-03 +6.9992e-03 +7.9992e-03 +8.9993e-03 +9.9994e-03 +1.1000e-02 +1.2000e-02
-0000.00200 -1.2000e-02 -1.1000e-02 -1.0001e-02 -9.0007e-03 -8.0008e-03 -7.0008e-03 -6.0009e-03 -5.0010e-03 -4.0010e-03 -3.0010e-03 -2.0011e-03 -1.0011e-03 -1.0562e-06 +9.9893e-04 +1.9989e-03 +2.9990e-03 +3.9990e-03 +4.9990e-03 +5.9991e-03 +6.9992e-03 +7.9992e-03 +8.9993e-03 +9.9994e-03 +1.1000e-02 +1.2000e-02
# Vertical Final Position [m]
START
            -0000.01200 -0000.01100 -0000.01000 -0000.00900 -0000.00800 -0000.00700 -0000.00600 -0000.00500 -0000.00400 -0000.00300 -0000.00200 -0000.00100 +0000.00000 +0000.00100 +0000.00200 +0000.00300 +0000.00400 +0000.00500 +0000.00600 +0000.00700 +0000.00800 +0000.00900 +0000.01000 +0000.01100 +0000.01200
+0000.00200 +2.0001e-03 +2.0001e-03 +2.0001e-03 +2.0000e-03 +2.0000e-03 +2.0000e-03 +2.0000e-03 +1.9999e-03 +1.9999e-03 +1.9999e-03 +1.9999e-03 +1.9999e-03 +1.9998e-03 +1.9998e-03 +1.9998e-03 +1.9998e-03 +1.9998e-03 +1.9998e-03 +1.9997e-03 +1.9997e-03 +1.9997e-03 +1.9997e-03 +1.9996e-03 +1.9996e-03 +1.9995e-03
+0000.00150 +1.5001e-03 +1.5001e-03 +1.5001e-03 +1.5000e-03 +1.5000e-03 +1.5000e-03 +1.5000e-03 +1.5000e-03 +1.5000e-03 +1.4999e-03 +1.4999e-03 +1.4999e-03 +1.4999e-03 +1.4999e-03 +1.4999e-03 +1.4999e-03 +1.4998e-03 +1.4998e-03 +1.4998e-03 +1.4998e-03 +1.4998e-03 +1.4998e-03 +1.4997e-03 +1.4997e-03 +1.4997e-03
+0000.00100 +1.0001e-03 +1.0001e-03 +1.0000e-03 +1.0000e-03 +1.0000e-03 +1.0000e-03 +1.0000e-03 +9.9999e-04 +9.9997e-04 +9.9996e-04 +9.9995e-04 +9.9994e-04 +9.9994e-04 +9.9993e-04 +9.9992e-04 +9.9991e-04 +9.9990e-04 +9.9989e-04 +9.9988e-04 +9.9987e-04 +9.9986e-04 +9.9984e-04 +9.9983e-04 +9.9981e-04 +9.9979e-04
+0000.00050 +5.0004e-04 +5.0004e-04 +5.0003e-04 +5.0002e-04 +5.0001e-04 +5.0001e-04 +5.0000e-04 +4.9999e-04 +4.9999e-04 +4.9998e-04 +4.9998e-04 +4.9997e-04 +4.9997e-04 +4.9997e-04 +4.9996e-04 +4.9996e-04 +4.9995e-04 +4.9995e-04 +4.9994e-04 +4.9994e-04 +4.9993e-04 +4.9992e-04 +4.9991e-04 +4.9990e-04 +4.9990e-04
+0000.00000 -2.7761e-11 -3.6819e-11 -3.9110e-11 -3.6811e-11 -3.3828e-11 -3.2505e-11 -3.4122e-11 -3.7730e-11 -4.1257e-11 -4.4504e-11 -4.8811e-11 -5.3496e-11 -5.5741e-11 -5.3824e-11 -4.9448e-11 -4.5351e-11 -4.2156e-11 -3.8598e-11 -3.4962e-11 -3.3378e-11 -3.4851e-11 -3.8047e-11 -4.0532e-11 -3.8334e-11 -2.9218e-11
-0000.00050 -5.0004e-04 -5.0004e-04 -5.0003e-04 -5.0002e-04 -5.0001e-04 -5.0001e-04 -5.0000e-04 -4.9999e-04 -4.9999e-04 -4.9998e-04 -4.9998e-04 -4.9997e-04 -4.9997e-04 -4.9997e-04 -4.9996e-04 -4.9996e-04 -4.9995e-04 -4.9995e-04 -4.9994e-04 -4.9994e-04 -4.9993e-04 -4.9992e-04 -4.9991e-04 -4.9990e-04 -4.9990e-04
-0000.00100 -1.0001e-03 -1.0001e-03 -1.0000e-03 -1.0000e-03 -1.0000e-03 -1.0000e-03 -1.0000e-03 -9.9999e-04 -9.9997e-04 -9.9996e-04 -9.9995e-04 -9.9994e-04 -9.9994e-04 -9.9993e-04 -9.9992e-04 -9.9991e-04 -9.9990e-04 -9.9989e-04 -9.9988e-04 -9.9987e-04 -9.9986e-04 -9.9984e-04 -9.9983e-04 -9.9981e-04 -9.9979e-04
-0000.00150 -1.5001e-03 -1.5001e-03 -1.5001e-03 -1.5000e-03 -1.5000e-03 -1.5000e-03 -1.5000e-03 -1.5000e-03 -1.5000e-03 -1.4999e-03 -1.4999e-03 -1.4999e-03 -1.4999e-03 -1.4999e-03 -1.4999e-03 -1.4999e-03 -1.4998e-03 -1.4998e-03 -1.4998e-03 -1.4998e-03 -1.4998e-03 -1.4998e-03 -1.4997e-03 -1.4997e-03 -1.4997e-03
-0000.00200 -2.0001e-03 -2.0001e-03 -2.0001e-03 -2.0000e-03 -2.0000e-03 -2.0000e-03 -2.0000e-03 -1.9999e-03 -1.9999e-03 -1.9999e-03 -1.9999e-03 -1.9999e-03 -1.9998e-03 -1.9998e-03 -1.9998e-03 -1.9998e-03 -1.9998e-03 -1.9998e-03 -1.9997e-03 -1.9997e-03 -1.9997e-03 -1.9997e-03 -1.9996e-03 -1.9996e-03 -1.9995e-03
