# Author: FAC idanalysis.IDKickMap
#
# Total Length of Longitudinal Interval [m]
0.13
# Number of Horizontal Points
25
# Number of Vertical Points
9
# Total Horizontal 2nd Order Kick [T2m2]
START
            -0000.01200 -0000.01100 -0000.01000 -0000.00900 -0000.00800 -0000.00700 -0000.00600 -0000.00500 -0000.00400 -0000.00300 -0000.00200 -0000.00100 +0000.00000 +0000.00100 +0000.00200 +0000.00300 +0000.00400 +0000.00500 +0000.00600 +0000.00700 +0000.00800 +0000.00900 +0000.01000 +0000.01100 +0000.01200
+0000.00200 +1.5672e-04 +1.5790e-04 +1.5425e-04 +1.4600e-04 +1.4320e-04 +1.4682e-04 +1.4537e-04 +1.3945e-04 +1.3450e-04 +1.4039e-04 +1.4115e-04 +1.3757e-04 +1.3149e-04 +1.3853e-04 +1.4130e-04 +1.3971e-04 +1.3380e-04 +1.4071e-04 +1.4584e-04 +1.4649e-04 +1.4239e-04 +1.4746e-04 +1.5504e-04 +1.5794e-04 +1.5624e-04
+0000.00150 +1.5682e-04 +1.5573e-04 +1.5224e-04 +1.4663e-04 +1.4399e-04 +1.4466e-04 +1.4312e-04 +1.3910e-04 +1.3651e-04 +1.3848e-04 +1.3880e-04 +1.3649e-04 +1.3422e-04 +1.3696e-04 +1.3891e-04 +1.3818e-04 +1.3645e-04 +1.3972e-04 +1.4348e-04 +1.4462e-04 +1.4396e-04 +1.4737e-04 +1.5285e-04 +1.5597e-04 +1.5697e-04
+0000.00100 +1.5768e-04 +1.5525e-04 +1.5185e-04 +1.4760e-04 +1.4501e-04 +1.4421e-04 +1.4254e-04 +1.3968e-04 +1.3785e-04 +1.3822e-04 +1.3814e-04 +1.3671e-04 +1.3566e-04 +1.3694e-04 +1.3823e-04 +1.3813e-04 +1.3791e-04 +1.4005e-04 +1.4283e-04 +1.4432e-04 +1.4519e-04 +1.4810e-04 +1.5235e-04 +1.5560e-04 +1.5804e-04
+0000.00050 +1.5813e-04 +1.5509e-04 +1.5172e-04 +1.4807e-04 +1.4551e-04 +1.4406e-04 +1.4231e-04 +1.4000e-04 +1.3843e-04 +1.3818e-04 +1.3786e-04 +1.3687e-04 +1.3627e-04 +1.3700e-04 +1.3794e-04 +1.3817e-04 +1.3853e-04 +1.4027e-04 +1.4257e-04 +1.4424e-04 +1.4574e-04 +1.4849e-04 +1.5218e-04 +1.5549e-04 +1.5858e-04
+0000.00000 +1.5828e-04 +1.5506e-04 +1.5170e-04 +1.4821e-04 +1.4565e-04 +1.4403e-04 +1.4225e-04 +1.4009e-04 +1.3860e-04 +1.3817e-04 +1.3778e-04 +1.3692e-04 +1.3644e-04 +1.3703e-04 +1.3786e-04 +1.3820e-04 +1.3871e-04 +1.4034e-04 +1.4250e-04 +1.4423e-04 +1.4590e-04 +1.4861e-04 +1.5214e-04 +1.5547e-04 +1.5874e-04
-0000.00050 +1.5813e-04 +1.5509e-04 +1.5172e-04 +1.4807e-04 +1.4551e-04 +1.4406e-04 +1.4230e-04 +1.3999e-04 +1.3843e-04 +1.3818e-04 +1.3786e-04 +1.3687e-04 +1.3627e-04 +1.3700e-04 +1.3794e-04 +1.3817e-04 +1.3853e-04 +1.4027e-04 +1.4257e-04 +1.4424e-04 +1.4574e-04 +1.4849e-04 +1.5218e-04 +1.5549e-04 +1.5858e-04
-0000.00100 +1.5768e-04 +1.5525e-04 +1.5184e-04 +1.4760e-04 +1.4502e-04 +1.4421e-04 +1.4253e-04 +1.3967e-04 +1.3785e-04 +1.3822e-04 +1.3814e-04 +1.3671e-04 +1.3566e-04 +1.3694e-04 +1.3823e-04 +1.3813e-04 +1.3791e-04 +1.4005e-04 +1.4284e-04 +1.4432e-04 +1.4519e-04 +1.4810e-04 +1.5236e-04 +1.5560e-04 +1.5804e-04
-0000.00150 +1.5682e-04 +1.5572e-04 +1.5223e-04 +1.4662e-04 +1.4399e-04 +1.4466e-04 +1.4311e-04 +1.3909e-04 +1.3652e-04 +1.3848e-04 +1.3880e-04 +1.3649e-04 +1.3422e-04 +1.3697e-04 +1.3891e-04 +1.3818e-04 +1.3645e-04 +1.3973e-04 +1.4349e-04 +1.4462e-04 +1.4395e-04 +1.4737e-04 +1.5287e-04 +1.5597e-04 +1.5696e-04
-0000.00200 +1.5674e-04 +1.5789e-04 +1.5422e-04 +1.4599e-04 +1.4322e-04 +1.4681e-04 +1.4534e-04 +1.3944e-04 +1.3451e-04 +1.4040e-04 +1.4115e-04 +1.3756e-04 +1.3149e-04 +1.3854e-04 +1.4130e-04 +1.3971e-04 +1.3379e-04 +1.4072e-04 +1.4586e-04 +1.4650e-04 +1.4237e-04 +1.4747e-04 +1.5507e-04 +1.5796e-04 +1.5622e-04
# Total Vertical 2nd Order Kick [T2m2]
START
            -0000.01200 -0000.01100 -0000.01000 -0000.00900 -0000.00800 -0000.00700 -0000.00600 -0000.00500 -0000.00400 -0000.00300 -0000.00200 -0000.00100 +0000.00000 +0000.00100 +0000.00200 +0000.00300 +0000.00400 +0000.00500 +0000.00600 +0000.00700 +0000.00800 +0000.00900 +0000.01000 +0000.01100 +0000.01200
+0000.00200 -1.5352e-04 -1.5165e-04 -1.4825e-04 -1.4739e-04 -1.5653e-04 -1.5535e-04 -1.5170e-04 -1.4962e-04 -1.5782e-04 -1.5863e-04 -1.5503e-04 -1.5224e-04 -1.5799e-04 -1.6141e-04 -1.5799e-04 -1.5480e-04 -1.5781e-04 -1.6434e-04 -1.6137e-04 -1.5794e-04 -1.5832e-04 -1.6694e-04 -1.6491e-04 -1.6155e-04 -1.6075e-04
+0000.00150 -9.9454e-05 -9.9302e-05 -9.7625e-05 -9.7891e-05 -1.0168e-04 -1.0192e-04 -1.0005e-04 -9.9486e-05 -1.0296e-04 -1.0414e-04 -1.0238e-04 -1.0123e-04 -1.0393e-04 -1.0598e-04 -1.0446e-04 -1.0295e-04 -1.0486e-04 -1.0788e-04 -1.0682e-04 -1.0507e-04 -1.0597e-04 -1.0961e-04 -1.0930e-04 -1.0763e-04 -1.0801e-04
+0000.00100 -5.9783e-05 -5.9989e-05 -5.9285e-05 -5.9622e-05 -6.1326e-05 -6.1667e-05 -6.0832e-05 -6.0735e-05 -6.2313e-05 -6.3053e-05 -6.2299e-05 -6.1877e-05 -6.3157e-05 -6.4214e-05 -6.3612e-05 -6.2985e-05 -6.3993e-05 -6.5422e-05 -6.5097e-05 -6.4325e-05 -6.4928e-05 -6.6585e-05 -6.6676e-05 -6.5973e-05 -6.6410e-05
+0000.00050 -2.8100e-05 -2.8257e-05 -2.8020e-05 -2.8208e-05 -2.8886e-05 -2.9077e-05 -2.8773e-05 -2.8780e-05 -2.9408e-05 -2.9747e-05 -2.9481e-05 -2.9351e-05 -2.9869e-05 -3.0315e-05 -3.0117e-05 -2.9901e-05 -3.0330e-05 -3.0912e-05 -3.0836e-05 -3.0559e-05 -3.0842e-05 -3.1506e-05 -3.1608e-05 -3.1373e-05 -3.1615e-05
+0000.00000 -3.9934e-08 -3.9071e-08 -3.6165e-08 -3.3681e-08 -3.3347e-08 -3.2665e-08 -3.0022e-08 -2.7350e-08 -2.6623e-08 -2.7002e-08 -2.6838e-08 -2.6129e-08 -2.5806e-08 -2.6402e-08 -2.7341e-08 -2.7706e-08 -2.7508e-08 -2.8359e-08 -3.1091e-08 -3.3817e-08 -3.4719e-08 -3.5409e-08 -3.8219e-08 -4.1321e-08 -4.2242e-08
-0000.00050 +2.8020e-05 +2.8178e-05 +2.7948e-05 +2.8141e-05 +2.8819e-05 +2.9011e-05 +2.8713e-05 +2.8726e-05 +2.9355e-05 +2.9692e-05 +2.9427e-05 +2.9299e-05 +2.9818e-05 +3.0262e-05 +3.0062e-05 +2.9846e-05 +3.0275e-05 +3.0856e-05 +3.0774e-05 +3.0491e-05 +3.0773e-05 +3.1436e-05 +3.1531e-05 +3.1290e-05 +3.1530e-05
-0000.00100 +5.9702e-05 +5.9908e-05 +5.9213e-05 +5.9558e-05 +6.1259e-05 +6.1599e-05 +6.0772e-05 +6.0683e-05 +6.2261e-05 +6.2998e-05 +6.2244e-05 +6.1825e-05 +6.3106e-05 +6.4162e-05 +6.3556e-05 +6.2929e-05 +6.3939e-05 +6.5368e-05 +6.5035e-05 +6.4254e-05 +6.4858e-05 +6.6517e-05 +6.6600e-05 +6.5887e-05 +6.6324e-05
-0000.00150 +9.9372e-05 +9.9216e-05 +9.7554e-05 +9.7833e-05 +1.0161e-04 +1.0185e-04 +9.9991e-05 +9.9438e-05 +1.0291e-04 +1.0408e-04 +1.0232e-04 +1.0118e-04 +1.0388e-04 +1.0593e-04 +1.0440e-04 +1.0289e-04 +1.0481e-04 +1.0783e-04 +1.0675e-04 +1.0500e-04 +1.0590e-04 +1.0955e-04 +1.0922e-04 +1.0753e-04 +1.0793e-04
-0000.00200 +1.5343e-04 +1.5155e-04 +1.4818e-04 +1.4735e-04 +1.5646e-04 +1.5527e-04 +1.5164e-04 +1.4958e-04 +1.5777e-04 +1.5857e-04 +1.5497e-04 +1.5219e-04 +1.5795e-04 +1.6136e-04 +1.5793e-04 +1.5474e-04 +1.5775e-04 +1.6430e-04 +1.6131e-04 +1.5786e-04 +1.5824e-04 +1.6689e-04 +1.6483e-04 +1.6144e-04 +1.6066e-04
# Horizontal Final Position [m]
START
            -0000.01200 -0000.01100 -0000.01000 -0000.00900 -0000.00800 -0000.00700 -0000.00600 -0000.00500 -0000.00400 -0000.00300 -0000.00200 -0000.00100 +0000.00000 +0000.00100 +0000.00200 +0000.00300 +0000.00400 +0000.00500 +0000.00600 +0000.00700 +0000.00800 +0000.00900 +0000.01000 +0000.01100 +0000.01200
+0000.00200 -1.2001e-02 -1.1001e-02 -1.0001e-02 -9.0008e-03 -8.0009e-03 -7.0009e-03 -6.0010e-03 -5.0010e-03 -4.0010e-03 -3.0010e-03 -2.0011e-03 -1.0011e-03 -1.0678e-06 +9.9894e-04 +1.9989e-03 +2.9990e-03 +3.9990e-03 +4.9990e-03 +5.9990e-03 +6.9991e-03 +7.9991e-03 +8.9992e-03 +9.9993e-03 +1.0999e-02 +1.1999e-02
+0000.00150 -1.2001e-02 -1.1001e-02 -1.0001e-02 -9.0008e-03 -8.0009e-03 -7.0009e-03 -6.0010e-03 -5.0010e-03 -4.0010e-03 -3.0010e-03 -2.0011e-03 -1.0011e-03 -1.0686e-06 +9.9893e-04 +1.9989e-03 +2.9990e-03 +3.9990e-03 +4.9990e-03 +5.9990e-03 +6.9991e-03 +7.9991e-03 +8.9992e-03 +9.9993e-03 +1.0999e-02 +1.1999e-02
+0000.00100 -1.2001e-02 -1.1001e-02 -1.0001e-02 -9.0008e-03 -8.0009e-03 -7.0009e-03 -6.0010e-03 -5.0010e-03 -4.0010e-03 -3.0010e-03 -2.0011e-03 -1.0011e-03 -1.0686e-06 +9.9893e-04 +1.9989e-03 +2.9990e-03 +3.9990e-03 +4.9990e-03 +5.9990e-03 +6.9991e-03 +7.9991e-03 +8.9992e-03 +9.9993e-03 +1.0999e-02 +1.1999e-02
+0000.00050 -1.2001e-02 -1.1001e-02 -1.0001e-02 -9.0008e-03 -8.0009e-03 -7.0009e-03 -6.0010e-03 -5.0010e-03 -4.0010e-03 -3.0010e-03 -2.0011e-03 -1.0011e-03 -1.0685e-06 +9.9893e-04 +1.9989e-03 +2.9990e-03 +3.9990e-03 +4.9990e-03 +5.9990e-03 +6.9991e-03 +7.9991e-03 +8.9992e-03 +9.9993e-03 +1.0999e-02 +1.1999e-02
+0000.00000 -1.2001e-02 -1.1001e-02 -1.0001e-02 -9.0008e-03 -8.0009e-03 -7.0009e-03 -6.0010e-03 -5.0010e-03 -4.0010e-03 -3.0010e-03 -2.0011e-03 -1.0011e-03 -1.0685e-06 +9.9893e-04 +1.9989e-03 +2.9990e-03 +3.9990e-03 +4.9990e-03 +5.9990e-03 +6.9991e-03 +7.9991e-03 +8.9992e-03 +9.9993e-03 +1.0999e-02 +1.1999e-02
-0000.00050 -1.2001e-02 -1.1001e-02 -1.0001e-02 -9.0008e-03 -8.0009e-03 -7.0009e-03 -6.0010e-03 -5.0010e-03 -4.0010e-03 -3.0010e-03 -2.0011e-03 -1.0011e-03 -1.0685e-06 +9.9893e-04 +1.9989e-03 +2.9990e-03 +3.9990e-03 +4.9990e-03 +5.9990e-03 +6.9991e-03 +7.9991e-03 +8.9992e-03 +9.9993e-03 +1.0999e-02 +1.1999e-02
-0000.00100 -1.2001e-02 -1.1001e-02 -1.0001e-02 -9.0008e-03 -8.0009e-03 -7.0009e-03 -6.0010e-03 -5.0010e-03 -4.0010e-03 -3.0010e-03 -2.0011e-03 -1.0011e-03 -1.0686e-06 +9.9893e-04 +1.9989e-03 +2.9990e-03 +3.9990e-03 +4.9990e-03 +5.9990e-03 +6.9991e-03 +7.9991e-03 +8.9992e-03 +9.9993e-03 +1.0999e-02 +1.1999e-02
-0000.00150 -1.2001e-02 -1.1001e-02 -1.0001e-02 -9.0008e-03 -8.0009e-03 -7.0009e-03 -6.0010e-03 -5.0010e-03 -4.0010e-03 -3.0010e-03 -2.0011e-03 -1.0011e-03 -1.0686e-06 +9.9893e-04 +1.9989e-03 +2.9990e-03 +3.9990e-03 +4.9990e-03 +5.9990e-03 +6.9991e-03 +7.9991e-03 +8.9992e-03 +9.9993e-03 +1.0999e-02 +1.1999e-02
-0000.00200 -1.2001e-02 -1.1001e-02 -1.0001e-02 -9.0008e-03 -8.0009e-03 -7.0009e-03 -6.0010e-03 -5.0010e-03 -4.0010e-03 -3.0010e-03 -2.0011e-03 -1.0011e-03 -1.0678e-06 +9.9894e-04 +1.9989e-03 +2.9990e-03 +3.9990e-03 +4.9990e-03 +5.9990e-03 +6.9991e-03 +7.9991e-03 +8.9992e-03 +9.9993e-03 +1.0999e-02 +1.1999e-02
# Vertical Final Position [m]
START
            -0000.01200 -0000.01100 -0000.01000 -0000.00900 -0000.00800 -0000.00700 -0000.00600 -0000.00500 -0000.00400 -0000.00300 -0000.00200 -0000.00100 +0000.00000 +0000.00100 +0000.00200 +0000.00300 +0000.00400 +0000.00500 +0000.00600 +0000.00700 +0000.00800 +0000.00900 +0000.01000 +0000.01100 +0000.01200
+0000.00200 +2.0000e-03 +2.0000e-03 +2.0000e-03 +2.0000e-03 +2.0000e-03 +1.9999e-03 +1.9999e-03 +1.9999e-03 +1.9999e-03 +1.9999e-03 +1.9999e-03 +1.9999e-03 +1.9998e-03 +1.9998e-03 +1.9998e-03 +1.9998e-03 +1.9998e-03 +1.9998e-03 +1.9998e-03 +1.9997e-03 +1.9997e-03 +1.9997e-03 +1.9997e-03 +1.9997e-03 +1.9997e-03
+0000.00150 +1.5000e-03 +1.5000e-03 +1.5000e-03 +1.5000e-03 +1.5000e-03 +1.5000e-03 +1.5000e-03 +1.4999e-03 +1.4999e-03 +1.4999e-03 +1.4999e-03 +1.4999e-03 +1.4999e-03 +1.4999e-03 +1.4999e-03 +1.4999e-03 +1.4999e-03 +1.4998e-03 +1.4998e-03 +1.4998e-03 +1.4998e-03 +1.4998e-03 +1.4998e-03 +1.4998e-03 +1.4998e-03
+0000.00100 +1.0000e-03 +1.0000e-03 +1.0000e-03 +1.0000e-03 +9.9999e-04 +9.9999e-04 +9.9998e-04 +9.9997e-04 +9.9996e-04 +9.9995e-04 +9.9995e-04 +9.9994e-04 +9.9994e-04 +9.9993e-04 +9.9993e-04 +9.9992e-04 +9.9991e-04 +9.9990e-04 +9.9990e-04 +9.9989e-04 +9.9988e-04 +9.9987e-04 +9.9986e-04 +9.9985e-04 +9.9984e-04
+0000.00050 +5.0002e-04 +5.0001e-04 +5.0001e-04 +5.0000e-04 +5.0000e-04 +4.9999e-04 +4.9999e-04 +4.9999e-04 +4.9998e-04 +4.9998e-04 +4.9998e-04 +4.9997e-04 +4.9997e-04 +4.9997e-04 +4.9996e-04 +4.9996e-04 +4.9996e-04 +4.9995e-04 +4.9995e-04 +4.9995e-04 +4.9994e-04 +4.9994e-04 +4.9993e-04 +4.9993e-04 +4.9992e-04
+0000.00000 -5.6244e-11 -5.6650e-11 -5.5005e-11 -5.3547e-11 -5.3933e-11 -5.4022e-11 -5.2323e-11 -5.0507e-11 -5.0354e-11 -5.1136e-11 -5.1331e-11 -5.0895e-11 -5.0660e-11 -5.1117e-11 -5.1745e-11 -5.1729e-11 -5.1123e-11 -5.1419e-11 -5.3339e-11 -5.5173e-11 -5.5346e-11 -5.5343e-11 -5.7152e-11 -5.9026e-11 -5.8722e-11
-0000.00050 -5.0002e-04 -5.0001e-04 -5.0001e-04 -5.0000e-04 -5.0000e-04 -4.9999e-04 -4.9999e-04 -4.9999e-04 -4.9998e-04 -4.9998e-04 -4.9998e-04 -4.9997e-04 -4.9997e-04 -4.9997e-04 -4.9996e-04 -4.9996e-04 -4.9996e-04 -4.9995e-04 -4.9995e-04 -4.9995e-04 -4.9994e-04 -4.9994e-04 -4.9993e-04 -4.9993e-04 -4.9992e-04
-0000.00100 -1.0000e-03 -1.0000e-03 -1.0000e-03 -1.0000e-03 -9.9999e-04 -9.9999e-04 -9.9998e-04 -9.9997e-04 -9.9996e-04 -9.9995e-04 -9.9995e-04 -9.9994e-04 -9.9994e-04 -9.9993e-04 -9.9993e-04 -9.9992e-04 -9.9991e-04 -9.9990e-04 -9.9990e-04 -9.9989e-04 -9.9988e-04 -9.9987e-04 -9.9986e-04 -9.9985e-04 -9.9984e-04
-0000.00150 -1.5000e-03 -1.5000e-03 -1.5000e-03 -1.5000e-03 -1.5000e-03 -1.5000e-03 -1.5000e-03 -1.4999e-03 -1.4999e-03 -1.4999e-03 -1.4999e-03 -1.4999e-03 -1.4999e-03 -1.4999e-03 -1.4999e-03 -1.4999e-03 -1.4999e-03 -1.4998e-03 -1.4998e-03 -1.4998e-03 -1.4998e-03 -1.4998e-03 -1.4998e-03 -1.4998e-03 -1.4998e-03
-0000.00200 -2.0000e-03 -2.0000e-03 -2.0000e-03 -2.0000e-03 -2.0000e-03 -1.9999e-03 -1.9999e-03 -1.9999e-03 -1.9999e-03 -1.9999e-03 -1.9999e-03 -1.9999e-03 -1.9998e-03 -1.9998e-03 -1.9998e-03 -1.9998e-03 -1.9998e-03 -1.9998e-03 -1.9998e-03 -1.9997e-03 -1.9997e-03 -1.9997e-03 -1.9997e-03 -1.9997e-03 -1.9997e-03
