# Author: FAC idanalysis.IDKickMap
# 
# Total Length of Longitudinal Interval [m]
None
# Number of Horizontal Points
25
# Number of Vertical Points
9
# Total Horizontal 2nd Order Kick [T2m2]
START
            -0000.01200 -0000.01100 -0000.01000 -0000.00900 -0000.00800 -0000.00700 -0000.00600 -0000.00500 -0000.00400 -0000.00300 -0000.00200 -0000.00100 +0000.00000 +0000.00100 +0000.00200 +0000.00300 +0000.00400 +0000.00500 +0000.00600 +0000.00700 +0000.00800 +0000.00900 +0000.01000 +0000.01100 +0000.01200 
+0000.00200 -9.3720e-05 -8.9911e-05 -8.6216e-05 -8.2728e-05 -7.9517e-05 -7.6631e-05 -7.4097e-05 -7.1933e-05 -7.0149e-05 -6.8755e-05 -6.7752e-05 -6.7134e-05 -6.6904e-05 -6.7061e-05 -6.7605e-05 -6.8534e-05 -6.9852e-05 -7.1559e-05 -7.3648e-05 -7.6107e-05 -7.8923e-05 -8.2068e-05 -8.5496e-05 -8.9137e-05 -9.2895e-05 
+0000.00150 -9.3681e-05 -9.0006e-05 -8.6407e-05 -8.2989e-05 -7.9827e-05 -7.6972e-05 -7.4459e-05 -7.2308e-05 -7.0534e-05 -6.9144e-05 -6.8141e-05 -6.7525e-05 -6.7295e-05 -6.7452e-05 -6.7996e-05 -6.8925e-05 -7.0241e-05 -7.1940e-05 -7.4017e-05 -7.6457e-05 -7.9241e-05 -8.2339e-05 -8.5697e-05 -8.9242e-05 -9.2868e-05 
+0000.00100 -9.3647e-05 -9.0069e-05 -8.6540e-05 -8.3172e-05 -8.0045e-05 -7.7214e-05 -7.4716e-05 -7.2575e-05 -7.0807e-05 -6.9420e-05 -6.8419e-05 -6.7803e-05 -6.7574e-05 -6.7732e-05 -6.8276e-05 -6.9205e-05 -7.0518e-05 -7.2213e-05 -7.4280e-05 -7.6705e-05 -7.9466e-05 -8.2528e-05 -8.5835e-05 -8.9310e-05 -9.2841e-05 
+0000.00050 -9.3627e-05 -9.0106e-05 -8.6619e-05 -8.3281e-05 -8.0174e-05 -7.7357e-05 -7.4869e-05 -7.2734e-05 -7.0970e-05 -6.9585e-05 -6.8585e-05 -6.7970e-05 -6.7742e-05 -6.7900e-05 -6.8444e-05 -6.9373e-05 -7.0685e-05 -7.2376e-05 -7.4438e-05 -7.6853e-05 -7.9600e-05 -8.2639e-05 -8.5915e-05 -8.9345e-05 -9.2818e-05 
+0000.00000 -9.3625e-05 -9.0122e-05 -8.6648e-05 -8.3318e-05 -8.0217e-05 -7.7404e-05 -7.4918e-05 -7.2786e-05 -7.1023e-05 -6.9640e-05 -6.8640e-05 -6.8026e-05 -6.7798e-05 -6.7956e-05 -6.8500e-05 -6.9429e-05 -7.0742e-05 -7.2432e-05 -7.4491e-05 -7.6904e-05 -7.9645e-05 -8.2675e-05 -8.5939e-05 -8.9353e-05 -9.2805e-05 
-0000.00050 -9.3644e-05 -9.0118e-05 -8.6626e-05 -8.3283e-05 -8.0173e-05 -7.7354e-05 -7.4865e-05 -7.2730e-05 -7.0966e-05 -6.9583e-05 -6.8583e-05 -6.7969e-05 -6.7742e-05 -6.7901e-05 -6.8446e-05 -6.9375e-05 -7.0688e-05 -7.2380e-05 -7.4441e-05 -7.6857e-05 -7.9601e-05 -8.2637e-05 -8.5908e-05 -8.9333e-05 -9.2802e-05 
-0000.00100 -9.3682e-05 -9.0093e-05 -8.6553e-05 -8.3176e-05 -8.0042e-05 -7.7207e-05 -7.4708e-05 -7.2567e-05 -7.0800e-05 -6.9414e-05 -6.8415e-05 -6.7801e-05 -6.7574e-05 -6.7734e-05 -6.8280e-05 -6.9210e-05 -7.0525e-05 -7.2221e-05 -7.4288e-05 -7.6711e-05 -7.9469e-05 -8.2524e-05 -8.5822e-05 -8.9286e-05 -9.2807e-05 
-0000.00150 -9.3734e-05 -9.0042e-05 -8.6426e-05 -8.2994e-05 -7.9821e-05 -7.6961e-05 -7.4446e-05 -7.2296e-05 -7.0522e-05 -6.9135e-05 -6.8135e-05 -6.7522e-05 -6.7295e-05 -6.7455e-05 -6.8002e-05 -6.8934e-05 -7.0251e-05 -7.1953e-05 -7.4030e-05 -7.6467e-05 -7.9246e-05 -8.2334e-05 -8.5678e-05 -8.9206e-05 -9.2816e-05 
-0000.00200 -9.3793e-05 -8.9960e-05 -8.6240e-05 -8.2733e-05 -7.9508e-05 -7.6615e-05 -7.4079e-05 -7.1915e-05 -7.0134e-05 -6.8743e-05 -6.7744e-05 -6.7130e-05 -6.6904e-05 -6.7065e-05 -6.7613e-05 -6.8546e-05 -6.9866e-05 -7.1576e-05 -7.3666e-05 -7.6123e-05 -7.8931e-05 -8.2064e-05 -8.5472e-05 -8.9089e-05 -9.2823e-05 
# Total Vertical 2nd Order Kick [T2m2]
START
            -0000.01200 -0000.01100 -0000.01000 -0000.00900 -0000.00800 -0000.00700 -0000.00600 -0000.00500 -0000.00400 -0000.00300 -0000.00200 -0000.00100 +0000.00000 +0000.00100 +0000.00200 +0000.00300 +0000.00400 +0000.00500 +0000.00600 +0000.00700 +0000.00800 +0000.00900 +0000.01000 +0000.01100 +0000.01200 
+0000.00200 -1.2241e-05 -1.2269e-05 -1.2039e-05 -1.1625e-05 -1.1080e-05 -1.0445e-05 -9.7544e-06 -9.0271e-06 -8.2744e-06 -7.5085e-06 -6.7396e-06 -5.9693e-06 -5.1963e-06 -4.4226e-06 -3.6499e-06 -2.8765e-06 -2.1034e-06 -1.3406e-06 -6.0003e-07 +1.0701e-07 +7.6063e-07 +1.3269e-06 +1.7628e-06 +2.0154e-06 +2.0130e-06 
+0000.00150 -8.7135e-06 -8.7529e-06 -8.5951e-06 -8.2957e-06 -7.8960e-06 -7.4277e-06 -6.9150e-06 -6.3733e-06 -5.8124e-06 -5.2408e-06 -4.6652e-06 -4.0879e-06 -3.5086e-06 -2.9285e-06 -2.3486e-06 -1.7684e-06 -1.1899e-06 -6.1944e-07 -6.5929e-08 +4.6056e-07 +9.4397e-07 +1.3592e-06 +1.6734e-06 +1.8457e-06 +1.8230e-06 
+0000.00100 -5.5879e-06 -5.6195e-06 -5.5192e-06 -5.3241e-06 -5.0620e-06 -4.7539e-06 -4.4154e-06 -4.0570e-06 -3.6855e-06 -3.3064e-06 -2.9239e-06 -2.5395e-06 -2.1537e-06 -1.7669e-06 -1.3798e-06 -9.9259e-07 -6.0674e-07 -2.2645e-07 +1.4235e-07 +4.9218e-07 +8.1164e-07 +1.0837e-06 +1.2862e-06 +1.3909e-06 +1.3630e-06 
+0000.00050 -2.7120e-06 -2.7237e-06 -2.6713e-06 -2.5733e-06 -2.4434e-06 -2.2914e-06 -2.1246e-06 -1.9479e-06 -1.7644e-06 -1.5767e-06 -1.3867e-06 -1.1953e-06 -1.0027e-06 -8.0916e-07 -6.1490e-07 -4.2019e-07 -2.2595e-07 -3.4311e-08 +1.5158e-07 +3.2752e-07 +4.8726e-07 +6.2171e-07 +7.1905e-07 +7.6472e-07 +7.4124e-07 
+0000.00000 +4.4623e-08 +5.9089e-08 +6.8349e-08 +7.2593e-08 +7.2885e-08 +7.0584e-08 +6.6931e-08 +6.2864e-08 +5.9007e-08 +5.5744e-08 +5.3296e-08 +5.1780e-08 +5.1254e-08 +5.1730e-08 +5.3190e-08 +5.5575e-08 +5.8767e-08 +6.2548e-08 +6.6542e-08 +7.0131e-08 +7.2387e-08 +7.2078e-08 +6.7854e-08 +5.8656e-08 +4.4289e-08 
-0000.00050 +2.8023e-06 +2.8432e-06 +2.8093e-06 +2.7195e-06 +2.5898e-06 +2.4329e-06 +2.2586e-06 +2.0735e-06 +1.8822e-06 +1.6880e-06 +1.4931e-06 +1.2987e-06 +1.1050e-06 +9.1237e-07 +7.2105e-07 +5.3114e-07 +3.4333e-07 +1.5935e-07 -1.8403e-08 -1.8694e-07 -3.4185e-07 -4.7657e-07 -5.8208e-07 -6.4608e-07 -6.5161e-07 
-0000.00100 +5.6815e-06 +5.7431e-06 +5.6611e-06 +5.4733e-06 +5.2104e-06 +4.8964e-06 +4.5497e-06 +4.1825e-06 +3.8029e-06 +3.4171e-06 +3.0295e-06 +2.6421e-06 +2.2552e-06 +1.8694e-06 +1.4853e-06 +1.1029e-06 +7.2366e-07 +3.5130e-07 -8.9149e-09 -3.5064e-07 -6.6433e-07 -9.3563e-07 -1.1454e-06 -1.2682e-06 -1.2701e-06 
-0000.00150 +8.8128e-06 +8.8837e-06 +8.7436e-06 +8.4500e-06 +8.0475e-06 +7.5718e-06 +7.0496e-06 +6.4984e-06 +5.9289e-06 +5.3504e-06 +4.7697e-06 +4.1892e-06 +3.6089e-06 +3.0298e-06 +2.4529e-06 +1.8777e-06 +1.3060e-06 +7.4391e-07 +1.9972e-07 -3.1750e-07 -7.9353e-07 -1.2061e-06 -1.5260e-06 -1.7159e-06 -1.7245e-06 
-0000.00200 +1.2349e-05 +1.2411e-05 +1.2198e-05 +1.1787e-05 +1.1236e-05 +1.0591e-05 +9.8894e-06 +9.1516e-06 +8.3898e-06 +7.6166e-06 +6.8423e-06 +6.0689e-06 +5.2948e-06 +4.5220e-06 +3.7525e-06 +2.9843e-06 +2.2184e-06 +1.4645e-06 +7.3418e-07 +3.8007e-08 -6.0592e-07 -1.1667e-06 -1.6057e-06 -1.8750e-06 -1.9058e-06 
# Horizontal Final Position [m]
START
            -0000.01200 -0000.01100 -0000.01000 -0000.00900 -0000.00800 -0000.00700 -0000.00600 -0000.00500 -0000.00400 -0000.00300 -0000.00200 -0000.00100 +0000.00000 +0000.00100 +0000.00200 +0000.00300 +0000.00400 +0000.00500 +0000.00600 +0000.00700 +0000.00800 +0000.00900 +0000.01000 +0000.01100 +0000.01200 
+0000.00200 -1.2004e-02 -1.1004e-02 -1.0004e-02 -9.0039e-03 -8.0039e-03 -7.0040e-03 -6.0040e-03 -5.0041e-03 -4.0041e-03 -3.0041e-03 -2.0041e-03 -1.0041e-03 -4.1206e-06 +9.9588e-04 +1.9959e-03 +2.9959e-03 +3.9959e-03 +4.9959e-03 +5.9960e-03 +6.9960e-03 +7.9961e-03 +8.9961e-03 +9.9962e-03 +1.0996e-02 +1.1996e-02 
+0000.00150 -1.2004e-02 -1.1004e-02 -1.0004e-02 -9.0039e-03 -8.0039e-03 -7.0040e-03 -6.0040e-03 -5.0041e-03 -4.0041e-03 -3.0041e-03 -2.0041e-03 -1.0041e-03 -4.1204e-06 +9.9588e-04 +1.9959e-03 +2.9959e-03 +3.9959e-03 +4.9959e-03 +5.9960e-03 +6.9960e-03 +7.9961e-03 +8.9961e-03 +9.9962e-03 +1.0996e-02 +1.1996e-02 
+0000.00100 -1.2004e-02 -1.1004e-02 -1.0004e-02 -9.0039e-03 -8.0039e-03 -7.0040e-03 -6.0040e-03 -5.0041e-03 -4.0041e-03 -3.0041e-03 -2.0041e-03 -1.0041e-03 -4.1202e-06 +9.9588e-04 +1.9959e-03 +2.9959e-03 +3.9959e-03 +4.9959e-03 +5.9960e-03 +6.9960e-03 +7.9961e-03 +8.9961e-03 +9.9962e-03 +1.0996e-02 +1.1996e-02 
+0000.00050 -1.2004e-02 -1.1004e-02 -1.0004e-02 -9.0039e-03 -8.0039e-03 -7.0040e-03 -6.0040e-03 -5.0041e-03 -4.0041e-03 -3.0041e-03 -2.0041e-03 -1.0041e-03 -4.1201e-06 +9.9588e-04 +1.9959e-03 +2.9959e-03 +3.9959e-03 +4.9959e-03 +5.9960e-03 +6.9960e-03 +7.9961e-03 +8.9961e-03 +9.9961e-03 +1.0996e-02 +1.1996e-02 
+0000.00000 -1.2004e-02 -1.1004e-02 -1.0004e-02 -9.0039e-03 -8.0039e-03 -7.0040e-03 -6.0040e-03 -5.0041e-03 -4.0041e-03 -3.0041e-03 -2.0041e-03 -1.0041e-03 -4.1201e-06 +9.9588e-04 +1.9959e-03 +2.9959e-03 +3.9959e-03 +4.9959e-03 +5.9960e-03 +6.9960e-03 +7.9961e-03 +8.9961e-03 +9.9961e-03 +1.0996e-02 +1.1996e-02 
-0000.00050 -1.2004e-02 -1.1004e-02 -1.0004e-02 -9.0039e-03 -8.0039e-03 -7.0040e-03 -6.0040e-03 -5.0041e-03 -4.0041e-03 -3.0041e-03 -2.0041e-03 -1.0041e-03 -4.1201e-06 +9.9588e-04 +1.9959e-03 +2.9959e-03 +3.9959e-03 +4.9959e-03 +5.9960e-03 +6.9960e-03 +7.9961e-03 +8.9961e-03 +9.9961e-03 +1.0996e-02 +1.1996e-02 
-0000.00100 -1.2004e-02 -1.1004e-02 -1.0004e-02 -9.0039e-03 -8.0039e-03 -7.0040e-03 -6.0040e-03 -5.0041e-03 -4.0041e-03 -3.0041e-03 -2.0041e-03 -1.0041e-03 -4.1202e-06 +9.9588e-04 +1.9959e-03 +2.9959e-03 +3.9959e-03 +4.9959e-03 +5.9960e-03 +6.9960e-03 +7.9961e-03 +8.9961e-03 +9.9962e-03 +1.0996e-02 +1.1996e-02 
-0000.00150 -1.2004e-02 -1.1004e-02 -1.0004e-02 -9.0039e-03 -8.0039e-03 -7.0040e-03 -6.0040e-03 -5.0041e-03 -4.0041e-03 -3.0041e-03 -2.0041e-03 -1.0041e-03 -4.1204e-06 +9.9588e-04 +1.9959e-03 +2.9959e-03 +3.9959e-03 +4.9959e-03 +5.9960e-03 +6.9960e-03 +7.9961e-03 +8.9961e-03 +9.9962e-03 +1.0996e-02 +1.1996e-02 
-0000.00200 -1.2004e-02 -1.1004e-02 -1.0004e-02 -9.0039e-03 -8.0039e-03 -7.0040e-03 -6.0040e-03 -5.0041e-03 -4.0041e-03 -3.0041e-03 -2.0041e-03 -1.0041e-03 -4.1206e-06 +9.9588e-04 +1.9959e-03 +2.9959e-03 +3.9959e-03 +4.9959e-03 +5.9960e-03 +6.9960e-03 +7.9961e-03 +8.9961e-03 +9.9962e-03 +1.0996e-02 +1.1996e-02 
# Vertical Final Position [m]
START
            -0000.01200 -0000.01100 -0000.01000 -0000.00900 -0000.00800 -0000.00700 -0000.00600 -0000.00500 -0000.00400 -0000.00300 -0000.00200 -0000.00100 +0000.00000 +0000.00100 +0000.00200 +0000.00300 +0000.00400 +0000.00500 +0000.00600 +0000.00700 +0000.00800 +0000.00900 +0000.01000 +0000.01100 +0000.01200 
+0000.00200 +2.0001e-03 +2.0001e-03 +2.0001e-03 +2.0001e-03 +2.0001e-03 +2.0001e-03 +2.0001e-03 +2.0000e-03 +2.0000e-03 +2.0000e-03 +2.0000e-03 +2.0000e-03 +2.0000e-03 +2.0000e-03 +2.0000e-03 +2.0000e-03 +2.0000e-03 +1.9999e-03 +1.9999e-03 +1.9999e-03 +1.9999e-03 +1.9999e-03 +1.9999e-03 +1.9999e-03 +1.9999e-03 
+0000.00150 +1.5001e-03 +1.5001e-03 +1.5001e-03 +1.5001e-03 +1.5001e-03 +1.5001e-03 +1.5000e-03 +1.5000e-03 +1.5000e-03 +1.5000e-03 +1.5000e-03 +1.5000e-03 +1.5000e-03 +1.5000e-03 +1.5000e-03 +1.5000e-03 +1.5000e-03 +1.5000e-03 +1.4999e-03 +1.4999e-03 +1.4999e-03 +1.4999e-03 +1.4999e-03 +1.4999e-03 +1.4999e-03 
+0000.00100 +1.0000e-03 +1.0000e-03 +1.0000e-03 +1.0000e-03 +1.0000e-03 +1.0000e-03 +1.0000e-03 +1.0000e-03 +1.0000e-03 +1.0000e-03 +1.0000e-03 +1.0000e-03 +1.0000e-03 +9.9999e-04 +9.9999e-04 +9.9998e-04 +9.9998e-04 +9.9997e-04 +9.9996e-04 +9.9996e-04 +9.9995e-04 +9.9995e-04 +9.9995e-04 +9.9995e-04 +9.9995e-04 
+0000.00050 +5.0002e-04 +5.0002e-04 +5.0002e-04 +5.0002e-04 +5.0002e-04 +5.0002e-04 +5.0002e-04 +5.0001e-04 +5.0001e-04 +5.0001e-04 +5.0000e-04 +5.0000e-04 +5.0000e-04 +5.0000e-04 +4.9999e-04 +4.9999e-04 +4.9999e-04 +4.9999e-04 +4.9998e-04 +4.9998e-04 +4.9998e-04 +4.9998e-04 +4.9997e-04 +4.9997e-04 +4.9998e-04 
+0000.00000 +4.7043e-11 +6.6156e-11 +7.7961e-11 +8.2736e-11 +8.1994e-11 +7.7674e-11 +7.1548e-11 +6.4960e-11 +5.8808e-11 +5.3644e-11 +4.9786e-11 +4.7407e-11 +4.6586e-11 +4.7344e-11 +4.9655e-11 +5.3435e-11 +5.8510e-11 +6.4566e-11 +7.1059e-11 +7.7100e-11 +8.1357e-11 +8.2072e-11 +7.7315e-11 +6.5581e-11 +4.6590e-11 
-0000.00050 -5.0002e-04 -5.0002e-04 -5.0002e-04 -5.0002e-04 -5.0002e-04 -5.0002e-04 -5.0002e-04 -5.0001e-04 -5.0001e-04 -5.0001e-04 -5.0000e-04 -5.0000e-04 -5.0000e-04 -5.0000e-04 -4.9999e-04 -4.9999e-04 -4.9999e-04 -4.9999e-04 -4.9998e-04 -4.9998e-04 -4.9998e-04 -4.9998e-04 -4.9997e-04 -4.9997e-04 -4.9997e-04 
-0000.00100 -1.0000e-03 -1.0000e-03 -1.0000e-03 -1.0000e-03 -1.0000e-03 -1.0000e-03 -1.0000e-03 -1.0000e-03 -1.0000e-03 -1.0000e-03 -1.0000e-03 -1.0000e-03 -1.0000e-03 -9.9999e-04 -9.9999e-04 -9.9998e-04 -9.9998e-04 -9.9997e-04 -9.9996e-04 -9.9996e-04 -9.9995e-04 -9.9995e-04 -9.9995e-04 -9.9995e-04 -9.9995e-04 
-0000.00150 -1.5001e-03 -1.5001e-03 -1.5001e-03 -1.5001e-03 -1.5001e-03 -1.5001e-03 -1.5000e-03 -1.5000e-03 -1.5000e-03 -1.5000e-03 -1.5000e-03 -1.5000e-03 -1.5000e-03 -1.5000e-03 -1.5000e-03 -1.5000e-03 -1.5000e-03 -1.5000e-03 -1.4999e-03 -1.4999e-03 -1.4999e-03 -1.4999e-03 -1.4999e-03 -1.4999e-03 -1.4999e-03 
-0000.00200 -2.0001e-03 -2.0001e-03 -2.0001e-03 -2.0001e-03 -2.0001e-03 -2.0001e-03 -2.0001e-03 -2.0000e-03 -2.0000e-03 -2.0000e-03 -2.0000e-03 -2.0000e-03 -2.0000e-03 -2.0000e-03 -2.0000e-03 -2.0000e-03 -2.0000e-03 -1.9999e-03 -1.9999e-03 -1.9999e-03 -1.9999e-03 -1.9999e-03 -1.9999e-03 -1.9999e-03 -1.9999e-03 