# Author: FAC idanalysis.IDKickMap
# Termination_kicks [T2m2]: +9.5237e-05 -2.4003e-08 -4.5017e-04 +1.6865e-08
# Total Length of Longitudinal Interval [m]
2
# Number of Horizontal Points
21
# Number of Vertical Points
5
# Total Horizontal 2nd Order Kick [T2m2]
START
            -0000.01000 -0000.00900 -0000.00800 -0000.00700 -0000.00600 -0000.00500 -0000.00400 -0000.00300 -0000.00200 -0000.00100 +0000.00000 +0000.00100 +0000.00200 +0000.00300 +0000.00400 +0000.00500 +0000.00600 +0000.00700 +0000.00800 +0000.00900 +0000.01000
+0000.00600 +3.6094e-04 +3.6376e-04 +1.1259e-03 +3.5855e-04 +3.6109e-04 +3.5741e-04 +3.9262e-04 +3.5641e-04 +3.6137e-04 +3.5513e-04 +3.5477e-04 +3.5424e-04 +3.4797e-04 +3.5362e-04 +3.1744e-04 +3.5256e-04 +3.4889e-04 +3.5130e-04 -5.0793e-04 +3.4623e-04 +3.4912e-04
+0000.00300 +3.4148e-04 +3.8668e-04 +1.2472e-03 +3.5795e-04 +3.5375e-04 +3.5568e-04 +3.3779e-04 +3.5521e-04 +3.5414e-04 +3.5496e-04 +3.5517e-04 +3.5474e-04 +3.5559e-04 +3.5468e-04 +3.7211e-04 +3.5419e-04 +3.5613e-04 +3.5190e-04 -8.3439e-04 +3.2331e-04 +3.6938e-04
+0000.00000 +2.8231e-04 +3.0675e-04 +3.3357e-04 +3.4632e-04 +3.5086e-04 +3.5263e-04 +3.5335e-04 +3.5386e-04 +3.5423e-04 +3.5460e-04 +3.5492e-04 +3.5524e-04 +3.5562e-04 +3.5600e-04 +3.5651e-04 +3.5724e-04 +3.5900e-04 +3.6354e-04 +3.7629e-04 +4.0312e-04 +4.2766e-04
-0000.00300 +3.4146e-04 +3.8666e-04 +1.2472e-03 +3.5796e-04 +3.5376e-04 +3.5570e-04 +3.3779e-04 +3.5521e-04 +3.5415e-04 +3.5498e-04 +3.5455e-04 +3.5472e-04 +3.5558e-04 +3.5467e-04 +3.7211e-04 +3.5417e-04 +3.5611e-04 +3.5189e-04 -8.3443e-04 +3.2334e-04 +3.6942e-04
-0000.00600 +3.6092e-04 +3.6373e-04 +1.1259e-03 +3.5861e-04 +3.6114e-04 +3.5747e-04 +3.9260e-04 +3.5642e-04 +3.6140e-04 +3.5516e-04 +3.5444e-04 +3.5420e-04 +3.4794e-04 +3.5359e-04 +3.1742e-04 +3.5249e-04 +3.4883e-04 +3.5124e-04 -5.0801e-04 +3.4626e-04 +3.4914e-04
# Total Vertical 2nd Order Kick [T2m2]
START
            -0000.01000 -0000.00900 -0000.00800 -0000.00700 -0000.00600 -0000.00500 -0000.00400 -0000.00300 -0000.00200 -0000.00100 +0000.00000 +0000.00100 +0000.00200 +0000.00300 +0000.00400 +0000.00500 +0000.00600 +0000.00700 +0000.00800 +0000.00900 +0000.01000
+0000.00600 +5.4830e-05 +4.5857e-05 +4.0154e-05 +3.7356e-05 +3.7091e-05 +3.6644e-05 +3.6370e-05 +3.6875e-05 +3.2772e-05 +3.6912e-05 +1.5552e-05 +3.6801e-05 +3.2663e-05 +3.6681e-05 +3.6238e-05 +3.6526e-05 +3.7031e-05 +3.7306e-05 +4.0237e-05 +4.5776e-05 +5.4747e-05
+0000.00300 +1.4569e-04 +8.4685e-05 +6.6481e-05 +6.2018e-05 +6.2712e-05 +6.4096e-05 +6.3935e-05 +6.5058e-05 +6.4458e-05 +6.5391e-05 +6.0255e-05 +6.5277e-05 +6.4291e-05 +6.4857e-05 +6.3742e-05 +6.3956e-05 +6.2591e-05 +6.1912e-05 +6.6248e-05 +8.4764e-05 +1.4573e-04
+0000.00000 +6.7003e-09 +7.1653e-09 +6.6989e-09 +5.3366e-09 +3.6813e-09 +2.0619e-09 +1.0417e-09 +6.4058e-10 +2.1292e-10 -6.1496e-10 -1.1923e-09 -9.5194e-10 -3.4866e-10 +2.4517e-10 +1.0128e-09 +2.2778e-09 +3.9122e-09 +5.5539e-09 +6.8147e-09 +7.0833e-09 +6.5393e-09
-0000.00300 -1.4567e-04 -8.4652e-05 -6.6438e-05 -6.1974e-05 -6.2671e-05 -6.4060e-05 -6.3904e-05 -6.5025e-05 -6.4428e-05 -6.5365e-05 -6.0240e-05 -6.5253e-05 -6.4261e-05 -6.4820e-05 -6.3702e-05 -6.3910e-05 -6.2537e-05 -6.1853e-05 -6.6190e-05 -8.4721e-05 -1.4570e-04
-0000.00600 -5.4912e-05 -4.5990e-05 -4.0261e-05 -3.7506e-05 -3.7227e-05 -3.6808e-05 -3.6525e-05 -3.7041e-05 -3.2943e-05 -3.7081e-05 -1.5736e-05 -3.6973e-05 -3.2834e-05 -3.6851e-05 -3.6396e-05 -3.6692e-05 -3.7167e-05 -3.7456e-05 -4.0348e-05 -4.5910e-05 -5.4829e-05
# Horizontal Final Position [m]
START
            -0000.01000 -0000.00900 -0000.00800 -0000.00700 -0000.00600 -0000.00500 -0000.00400 -0000.00300 -0000.00200 -0000.00100 +0000.00000 +0000.00100 +0000.00200 +0000.00300 +0000.00400 +0000.00500 +0000.00600 +0000.00700 +0000.00800 +0000.00900 +0000.01000
+0000.00600 -9.9990e-03 -8.9995e-03 -7.9984e-03 -6.9996e-03 -6.0001e-03 -5.0004e-03 -4.0006e-03 -3.0008e-03 -2.0009e-03 -1.0010e-03 -9.4739e-07 +9.9902e-04 +1.9991e-03 +2.9992e-03 +3.9994e-03 +4.9996e-03 +5.9999e-03 +7.0004e-03 +7.9999e-03 +9.0005e-03 +1.0001e-02
+0000.00300 -9.9970e-03 -8.9982e-03 -7.9987e-03 -7.0004e-03 -6.0011e-03 -5.0014e-03 -4.0017e-03 -3.0019e-03 -2.0021e-03 -1.0021e-03 -2.1755e-06 +9.9787e-04 +1.9979e-03 +2.9981e-03 +3.9983e-03 +4.9986e-03 +5.9989e-03 +6.9996e-03 +7.9992e-03 +9.0017e-03 +1.0003e-02
+0000.00000 -1.0003e-02 -9.0016e-03 -8.0010e-03 -7.0010e-03 -6.0013e-03 -5.0016e-03 -4.0019e-03 -3.0021e-03 -2.0022e-03 -1.0023e-03 -2.3353e-06 +9.9769e-04 +1.9978e-03 +2.9979e-03 +3.9981e-03 +4.9984e-03 +5.9987e-03 +6.9990e-03 +7.9991e-03 +8.9985e-03 +9.9970e-03
-0000.00300 -9.9970e-03 -8.9982e-03 -7.9987e-03 -7.0004e-03 -6.0011e-03 -5.0014e-03 -4.0017e-03 -3.0019e-03 -2.0021e-03 -1.0021e-03 -2.1761e-06 +9.9787e-04 +1.9979e-03 +2.9981e-03 +3.9983e-03 +4.9986e-03 +5.9989e-03 +6.9996e-03 +7.9992e-03 +9.0017e-03 +1.0003e-02
-0000.00600 -9.9990e-03 -8.9995e-03 -7.9984e-03 -6.9996e-03 -6.0001e-03 -5.0003e-03 -4.0006e-03 -3.0008e-03 -2.0009e-03 -1.0010e-03 -9.4768e-07 +9.9902e-04 +1.9991e-03 +2.9992e-03 +3.9994e-03 +4.9996e-03 +5.9999e-03 +7.0004e-03 +7.9999e-03 +9.0005e-03 +1.0001e-02
# Vertical Final Position [m]
START
            -0000.01000 -0000.00900 -0000.00800 -0000.00700 -0000.00600 -0000.00500 -0000.00400 -0000.00300 -0000.00200 -0000.00100 +0000.00000 +0000.00100 +0000.00200 +0000.00300 +0000.00400 +0000.00500 +0000.00600 +0000.00700 +0000.00800 +0000.00900 +0000.01000
+0000.00600 +5.9973e-03 +5.9972e-03 +5.9972e-03 +5.9974e-03 +5.9977e-03 +5.9980e-03 +5.9984e-03 +5.9988e-03 +5.9992e-03 +5.9996e-03 +6.0000e-03 +6.0005e-03 +6.0008e-03 +6.0013e-03 +6.0016e-03 +6.0021e-03 +6.0024e-03 +6.0027e-03 +6.0029e-03 +6.0029e-03 +6.0028e-03
+0000.00300 +3.0015e-03 +2.9993e-03 +2.9987e-03 +2.9987e-03 +2.9989e-03 +2.9991e-03 +2.9993e-03 +2.9995e-03 +2.9997e-03 +2.9999e-03 +3.0001e-03 +3.0003e-03 +3.0004e-03 +3.0007e-03 +3.0008e-03 +3.0010e-03 +3.0012e-03 +3.0014e-03 +3.0014e-03 +3.0009e-03 +2.9988e-03
+0000.00000 -1.4860e-11 -2.0654e-11 -2.2343e-11 -1.9590e-11 -2.1067e-11 -2.8704e-11 -3.3647e-11 -3.2534e-11 -3.0201e-11 -2.9628e-11 -2.9874e-11 -3.0026e-11 -3.0841e-11 -3.2915e-11 -3.3577e-11 -2.8541e-11 -2.1135e-11 -1.9669e-11 -2.2307e-11 -2.0682e-11 -1.4964e-11
-0000.00300 -3.0015e-03 -2.9993e-03 -2.9987e-03 -2.9987e-03 -2.9989e-03 -2.9991e-03 -2.9993e-03 -2.9995e-03 -2.9997e-03 -2.9999e-03 -3.0001e-03 -3.0003e-03 -3.0004e-03 -3.0007e-03 -3.0008e-03 -3.0010e-03 -3.0012e-03 -3.0014e-03 -3.0014e-03 -3.0009e-03 -2.9988e-03
-0000.00600 -5.9973e-03 -5.9972e-03 -5.9972e-03 -5.9974e-03 -5.9977e-03 -5.9980e-03 -5.9984e-03 -5.9988e-03 -5.9992e-03 -5.9996e-03 -6.0000e-03 -6.0005e-03 -6.0008e-03 -6.0013e-03 -6.0016e-03 -6.0021e-03 -6.0024e-03 -6.0027e-03 -6.0029e-03 -6.0029e-03 -6.0028e-03
