# Author: FAC idanalysis.IDKickMap
#
# Total Length of Longitudinal Interval [m]
0.13
# Number of Horizontal Points
25
# Number of Vertical Points
9
# Total Horizontal 2nd Order Kick [T2m2]
START
            -0000.01200 -0000.01100 -0000.01000 -0000.00900 -0000.00800 -0000.00700 -0000.00600 -0000.00500 -0000.00400 -0000.00300 -0000.00200 -0000.00100 +0000.00000 +0000.00100 +0000.00200 +0000.00300 +0000.00400 +0000.00500 +0000.00600 +0000.00700 +0000.00800 +0000.00900 +0000.01000 +0000.01100 +0000.01200
+0000.00200 -6.8148e-04 -6.5362e-04 -6.2401e-04 -5.9852e-04 -5.7671e-04 -5.5500e-04 -5.3685e-04 -5.2302e-04 -5.0968e-04 -4.9934e-04 -4.9418e-04 -4.8994e-04 -4.8742e-04 -4.8991e-04 -4.9385e-04 -4.9889e-04 -5.0922e-04 -5.2224e-04 -5.3589e-04 -5.5409e-04 -5.7549e-04 -5.9697e-04 -6.2242e-04 -6.5167e-04 -6.7902e-04
+0000.00150 -6.7699e-04 -6.5185e-04 -6.2516e-04 -6.0045e-04 -5.7826e-04 -5.5752e-04 -5.3966e-04 -5.2505e-04 -5.1233e-04 -5.0248e-04 -4.9633e-04 -4.9223e-04 -4.9044e-04 -4.9214e-04 -4.9604e-04 -5.0206e-04 -5.1180e-04 -5.2431e-04 -5.3876e-04 -5.5652e-04 -5.7702e-04 -5.9892e-04 -6.2337e-04 -6.4955e-04 -6.7375e-04
+0000.00100 -6.7333e-04 -6.5049e-04 -6.2565e-04 -6.0164e-04 -5.7951e-04 -5.5923e-04 -5.4153e-04 -5.2667e-04 -5.1420e-04 -5.0454e-04 -4.9801e-04 -4.9394e-04 -4.9240e-04 -4.9382e-04 -4.9773e-04 -5.0413e-04 -5.1365e-04 -5.2595e-04 -5.4065e-04 -5.5820e-04 -5.7825e-04 -6.0010e-04 -6.2375e-04 -6.4797e-04 -6.6960e-04
+0000.00050 -6.7095e-04 -6.4961e-04 -6.2583e-04 -6.0230e-04 -5.8029e-04 -5.6023e-04 -5.4262e-04 -5.2769e-04 -5.1532e-04 -5.0573e-04 -4.9905e-04 -4.9499e-04 -4.9354e-04 -4.9486e-04 -4.9878e-04 -5.0531e-04 -5.1476e-04 -5.2697e-04 -5.4174e-04 -5.5918e-04 -5.7902e-04 -6.0074e-04 -6.2388e-04 -6.4696e-04 -6.6697e-04
+0000.00000 -6.7013e-04 -6.4931e-04 -6.2587e-04 -6.0251e-04 -5.8056e-04 -5.6056e-04 -5.4298e-04 -5.2803e-04 -5.1569e-04 -5.0612e-04 -4.9940e-04 -4.9534e-04 -4.9391e-04 -4.9521e-04 -4.9913e-04 -5.0570e-04 -5.1513e-04 -5.2732e-04 -5.4210e-04 -5.5951e-04 -5.7928e-04 -6.0095e-04 -6.2390e-04 -6.4662e-04 -6.6608e-04
-0000.00050 -6.7095e-04 -6.4961e-04 -6.2583e-04 -6.0230e-04 -5.8029e-04 -5.6023e-04 -5.4262e-04 -5.2769e-04 -5.1532e-04 -5.0573e-04 -4.9905e-04 -4.9499e-04 -4.9354e-04 -4.9486e-04 -4.9878e-04 -5.0531e-04 -5.1476e-04 -5.2697e-04 -5.4174e-04 -5.5918e-04 -5.7902e-04 -6.0074e-04 -6.2388e-04 -6.4697e-04 -6.6698e-04
-0000.00100 -6.7332e-04 -6.5049e-04 -6.2565e-04 -6.0164e-04 -5.7951e-04 -5.5923e-04 -5.4153e-04 -5.2667e-04 -5.1420e-04 -5.0454e-04 -4.9801e-04 -4.9394e-04 -4.9240e-04 -4.9382e-04 -4.9773e-04 -5.0412e-04 -5.1365e-04 -5.2595e-04 -5.4065e-04 -5.5820e-04 -5.7825e-04 -6.0010e-04 -6.2375e-04 -6.4797e-04 -6.6961e-04
-0000.00150 -6.7698e-04 -6.5185e-04 -6.2516e-04 -6.0045e-04 -5.7826e-04 -5.5752e-04 -5.3966e-04 -5.2505e-04 -5.1233e-04 -5.0248e-04 -4.9633e-04 -4.9223e-04 -4.9044e-04 -4.9214e-04 -4.9604e-04 -5.0206e-04 -5.1180e-04 -5.2431e-04 -5.3876e-04 -5.5652e-04 -5.7702e-04 -5.9892e-04 -6.2338e-04 -6.4956e-04 -6.7375e-04
-0000.00200 -6.8148e-04 -6.5361e-04 -6.2401e-04 -5.9852e-04 -5.7671e-04 -5.5500e-04 -5.3685e-04 -5.2302e-04 -5.0968e-04 -4.9934e-04 -4.9419e-04 -4.8994e-04 -4.8742e-04 -4.8991e-04 -4.9385e-04 -4.9889e-04 -5.0922e-04 -5.2224e-04 -5.3589e-04 -5.5409e-04 -5.7549e-04 -5.9697e-04 -6.2242e-04 -6.5168e-04 -6.7903e-04
# Total Vertical 2nd Order Kick [T2m2]
START
            -0000.01200 -0000.01100 -0000.01000 -0000.00900 -0000.00800 -0000.00700 -0000.00600 -0000.00500 -0000.00400 -0000.00300 -0000.00200 -0000.00100 +0000.00000 +0000.00100 +0000.00200 +0000.00300 +0000.00400 +0000.00500 +0000.00600 +0000.00700 +0000.00800 +0000.00900 +0000.01000 +0000.01100 +0000.01200
+0000.00200 -1.0041e-04 -1.0766e-04 -1.0830e-04 -1.0386e-04 -1.0056e-04 -9.6661e-05 -9.0109e-05 -8.5177e-05 -8.0804e-05 -7.3845e-05 -6.8111e-05 -6.4161e-05 -5.8057e-05 -5.2142e-05 -4.8240e-05 -4.2307e-05 -3.5476e-05 -3.1195e-05 -2.6037e-05 -1.9573e-05 -1.5906e-05 -1.2496e-05 -8.2330e-06 -9.5857e-06 -1.8034e-05
+0000.00150 -6.8469e-05 -7.4395e-05 -7.5378e-05 -7.3075e-05 -7.0454e-05 -6.7297e-05 -6.2986e-05 -5.9144e-05 -5.5450e-05 -5.0765e-05 -4.6537e-05 -4.3042e-05 -3.8778e-05 -3.4576e-05 -3.1101e-05 -2.6812e-05 -2.2166e-05 -1.8500e-05 -1.4585e-05 -1.0310e-05 -7.2462e-06 -4.6256e-06 -2.4571e-06 -3.8719e-06 -1.0652e-05
+0000.00100 -4.2435e-05 -4.6726e-05 -4.7658e-05 -4.6500e-05 -4.4758e-05 -4.2601e-05 -3.9909e-05 -3.7315e-05 -3.4733e-05 -3.1769e-05 -2.8980e-05 -2.6488e-05 -2.3735e-05 -2.1002e-05 -1.8519e-05 -1.5711e-05 -1.2760e-05 -1.0186e-05 -7.5683e-06 -4.8921e-06 -2.7761e-06 -1.0532e-06 +1.8255e-08 -1.1606e-06 -5.9597e-06
+0000.00050 -2.0269e-05 -2.2531e-05 -2.3086e-05 -2.2605e-05 -2.1747e-05 -2.0662e-05 -1.9356e-05 -1.8053e-05 -1.6738e-05 -1.5291e-05 -1.3904e-05 -1.2623e-05 -1.1264e-05 -9.9117e-06 -8.6347e-06 -7.2425e-06 -5.7992e-06 -4.4860e-06 -3.1763e-06 -1.8765e-06 -8.0750e-07 +3.8965e-08 +4.7887e-07 -1.8669e-07 -2.6786e-06
+0000.00000 -4.5241e-09 -6.6938e-09 -7.9956e-09 -8.6443e-09 -8.9316e-09 -9.0106e-09 -8.9579e-09 -8.9443e-09 -8.9827e-09 -8.9384e-09 -8.8253e-09 -8.7544e-09 -8.7513e-09 -8.7934e-09 -8.8875e-09 -9.0143e-09 -9.0682e-09 -9.0157e-09 -8.9822e-09 -8.9753e-09 -8.8350e-09 -8.4962e-09 -7.8423e-09 -6.5785e-09 -4.4496e-09
-0000.00050 +2.0259e-05 +2.2518e-05 +2.3070e-05 +2.2588e-05 +2.1729e-05 +2.0644e-05 +1.9338e-05 +1.8035e-05 +1.6720e-05 +1.5273e-05 +1.3886e-05 +1.2606e-05 +1.1247e-05 +9.8942e-06 +8.6169e-06 +7.2244e-06 +5.7810e-06 +4.4680e-06 +3.1584e-06 +1.8585e-06 +7.8979e-07 -5.6022e-08 -4.9471e-07 +1.7334e-07 +2.6693e-06
-0000.00100 +4.2425e-05 +4.6711e-05 +4.7641e-05 +4.6482e-05 +4.4740e-05 +4.2583e-05 +3.9891e-05 +3.7297e-05 +3.4715e-05 +3.1751e-05 +2.8963e-05 +2.6471e-05 +2.3717e-05 +2.0984e-05 +1.8501e-05 +1.5693e-05 +1.2742e-05 +1.0169e-05 +7.5504e-06 +4.8739e-06 +2.7583e-06 +1.0360e-06 -3.4560e-08 +1.1467e-06 +5.9495e-06
-0000.00150 +6.8457e-05 +7.4379e-05 +7.5361e-05 +7.3057e-05 +7.0436e-05 +6.7278e-05 +6.2968e-05 +5.9126e-05 +5.5432e-05 +5.0747e-05 +4.6520e-05 +4.3024e-05 +3.8761e-05 +3.4559e-05 +3.1083e-05 +2.6794e-05 +2.2147e-05 +1.8482e-05 +1.4567e-05 +1.0292e-05 +7.2282e-06 +4.6082e-06 +2.4399e-06 +3.8570e-06 +1.0640e-05
-0000.00200 +1.0040e-04 +1.0764e-04 +1.0828e-04 +1.0384e-04 +1.0054e-04 +9.6641e-05 +9.0092e-05 +8.5160e-05 +8.0785e-05 +7.3827e-05 +6.8094e-05 +6.4144e-05 +5.8040e-05 +5.2125e-05 +4.8223e-05 +4.2289e-05 +3.5457e-05 +3.1178e-05 +2.6020e-05 +1.9554e-05 +1.5888e-05 +1.2478e-05 +8.2143e-06 +9.5696e-06 +1.8022e-05
# Horizontal Final Position [m]
START
            -0000.01200 -0000.01100 -0000.01000 -0000.00900 -0000.00800 -0000.00700 -0000.00600 -0000.00500 -0000.00400 -0000.00300 -0000.00200 -0000.00100 +0000.00000 +0000.00100 +0000.00200 +0000.00300 +0000.00400 +0000.00500 +0000.00600 +0000.00700 +0000.00800 +0000.00900 +0000.01000 +0000.01100 +0000.01200
+0000.00200 -1.2002e-02 -1.1002e-02 -1.0002e-02 -9.0023e-03 -8.0024e-03 -7.0025e-03 -6.0026e-03 -5.0027e-03 -4.0027e-03 -3.0027e-03 -2.0028e-03 -1.0028e-03 -2.7945e-06 +9.9721e-04 +1.9972e-03 +2.9973e-03 +3.9973e-03 +4.9973e-03 +5.9974e-03 +6.9975e-03 +7.9976e-03 +8.9977e-03 +9.9978e-03 +1.0998e-02 +1.1998e-02
+0000.00150 -1.2002e-02 -1.1002e-02 -1.0002e-02 -9.0023e-03 -8.0024e-03 -7.0025e-03 -6.0026e-03 -5.0026e-03 -4.0027e-03 -3.0027e-03 -2.0028e-03 -1.0028e-03 -2.7890e-06 +9.9722e-04 +1.9972e-03 +2.9973e-03 +3.9973e-03 +4.9974e-03 +5.9974e-03 +6.9975e-03 +7.9976e-03 +8.9977e-03 +9.9978e-03 +1.0998e-02 +1.1998e-02
+0000.00100 -1.2002e-02 -1.1002e-02 -1.0002e-02 -9.0023e-03 -8.0024e-03 -7.0025e-03 -6.0026e-03 -5.0026e-03 -4.0027e-03 -3.0027e-03 -2.0028e-03 -1.0028e-03 -2.7851e-06 +9.9722e-04 +1.9972e-03 +2.9973e-03 +3.9973e-03 +4.9974e-03 +5.9974e-03 +6.9975e-03 +7.9976e-03 +8.9977e-03 +9.9978e-03 +1.0998e-02 +1.1998e-02
+0000.00050 -1.2002e-02 -1.1002e-02 -1.0002e-02 -9.0023e-03 -8.0024e-03 -7.0025e-03 -6.0026e-03 -5.0026e-03 -4.0027e-03 -3.0027e-03 -2.0028e-03 -1.0028e-03 -2.7828e-06 +9.9722e-04 +1.9972e-03 +2.9973e-03 +3.9973e-03 +4.9974e-03 +5.9974e-03 +6.9975e-03 +7.9976e-03 +8.9977e-03 +9.9978e-03 +1.0998e-02 +1.1998e-02
+0000.00000 -1.2002e-02 -1.1002e-02 -1.0002e-02 -9.0023e-03 -8.0024e-03 -7.0025e-03 -6.0026e-03 -5.0026e-03 -4.0027e-03 -3.0027e-03 -2.0028e-03 -1.0028e-03 -2.7821e-06 +9.9722e-04 +1.9972e-03 +2.9973e-03 +3.9973e-03 +4.9974e-03 +5.9974e-03 +6.9975e-03 +7.9976e-03 +8.9977e-03 +9.9978e-03 +1.0998e-02 +1.1998e-02
-0000.00050 -1.2002e-02 -1.1002e-02 -1.0002e-02 -9.0023e-03 -8.0024e-03 -7.0025e-03 -6.0026e-03 -5.0026e-03 -4.0027e-03 -3.0027e-03 -2.0028e-03 -1.0028e-03 -2.7828e-06 +9.9722e-04 +1.9972e-03 +2.9973e-03 +3.9973e-03 +4.9974e-03 +5.9974e-03 +6.9975e-03 +7.9976e-03 +8.9977e-03 +9.9978e-03 +1.0998e-02 +1.1998e-02
-0000.00100 -1.2002e-02 -1.1002e-02 -1.0002e-02 -9.0023e-03 -8.0024e-03 -7.0025e-03 -6.0026e-03 -5.0026e-03 -4.0027e-03 -3.0027e-03 -2.0028e-03 -1.0028e-03 -2.7851e-06 +9.9722e-04 +1.9972e-03 +2.9973e-03 +3.9973e-03 +4.9974e-03 +5.9974e-03 +6.9975e-03 +7.9976e-03 +8.9977e-03 +9.9978e-03 +1.0998e-02 +1.1998e-02
-0000.00150 -1.2002e-02 -1.1002e-02 -1.0002e-02 -9.0023e-03 -8.0024e-03 -7.0025e-03 -6.0026e-03 -5.0026e-03 -4.0027e-03 -3.0027e-03 -2.0028e-03 -1.0028e-03 -2.7890e-06 +9.9722e-04 +1.9972e-03 +2.9973e-03 +3.9973e-03 +4.9974e-03 +5.9974e-03 +6.9975e-03 +7.9976e-03 +8.9977e-03 +9.9978e-03 +1.0998e-02 +1.1998e-02
-0000.00200 -1.2002e-02 -1.1002e-02 -1.0002e-02 -9.0023e-03 -8.0024e-03 -7.0025e-03 -6.0026e-03 -5.0027e-03 -4.0027e-03 -3.0027e-03 -2.0028e-03 -1.0028e-03 -2.7945e-06 +9.9721e-04 +1.9972e-03 +2.9973e-03 +3.9973e-03 +4.9973e-03 +5.9974e-03 +6.9975e-03 +7.9976e-03 +8.9977e-03 +9.9978e-03 +1.0998e-02 +1.1998e-02
# Vertical Final Position [m]
START
            -0000.01200 -0000.01100 -0000.01000 -0000.00900 -0000.00800 -0000.00700 -0000.00600 -0000.00500 -0000.00400 -0000.00300 -0000.00200 -0000.00100 +0000.00000 +0000.00100 +0000.00200 +0000.00300 +0000.00400 +0000.00500 +0000.00600 +0000.00700 +0000.00800 +0000.00900 +0000.01000 +0000.01100 +0000.01200
+0000.00200 +2.0002e-03 +2.0002e-03 +2.0002e-03 +2.0002e-03 +2.0001e-03 +2.0001e-03 +2.0001e-03 +2.0001e-03 +2.0000e-03 +2.0000e-03 +2.0000e-03 +2.0000e-03 +1.9999e-03 +1.9999e-03 +1.9999e-03 +1.9999e-03 +1.9998e-03 +1.9998e-03 +1.9998e-03 +1.9998e-03 +1.9997e-03 +1.9997e-03 +1.9997e-03 +1.9997e-03 +1.9997e-03
+0000.00150 +1.5001e-03 +1.5002e-03 +1.5002e-03 +1.5001e-03 +1.5001e-03 +1.5001e-03 +1.5001e-03 +1.5001e-03 +1.5000e-03 +1.5000e-03 +1.5000e-03 +1.5000e-03 +1.5000e-03 +1.4999e-03 +1.4999e-03 +1.4999e-03 +1.4999e-03 +1.4999e-03 +1.4999e-03 +1.4998e-03 +1.4998e-03 +1.4998e-03 +1.4998e-03 +1.4998e-03 +1.4998e-03
+0000.00100 +1.0001e-03 +1.0001e-03 +1.0001e-03 +1.0001e-03 +1.0001e-03 +1.0001e-03 +1.0000e-03 +1.0000e-03 +1.0000e-03 +1.0000e-03 +1.0000e-03 +9.9999e-04 +9.9998e-04 +9.9997e-04 +9.9995e-04 +9.9994e-04 +9.9993e-04 +9.9992e-04 +9.9990e-04 +9.9989e-04 +9.9987e-04 +9.9986e-04 +9.9985e-04 +9.9986e-04 +9.9989e-04
+0000.00050 +5.0003e-04 +5.0005e-04 +5.0005e-04 +5.0005e-04 +5.0004e-04 +5.0003e-04 +5.0003e-04 +5.0002e-04 +5.0001e-04 +5.0001e-04 +5.0000e-04 +4.9999e-04 +4.9999e-04 +4.9998e-04 +4.9998e-04 +4.9997e-04 +4.9997e-04 +4.9996e-04 +4.9995e-04 +4.9995e-04 +4.9994e-04 +4.9993e-04 +4.9993e-04 +4.9993e-04 +4.9995e-04
+0000.00000 +4.2393e-11 +4.1477e-11 +3.9832e-11 +3.8155e-11 +3.6110e-11 +3.3993e-11 +3.2362e-11 +3.0855e-11 +2.9365e-11 +2.8392e-11 +2.7886e-11 +2.7484e-11 +2.7273e-11 +2.7438e-11 +2.7816e-11 +2.8311e-11 +2.9279e-11 +3.0786e-11 +3.2343e-11 +3.4033e-11 +3.6213e-11 +3.8312e-11 +3.9996e-11 +4.1603e-11 +4.2481e-11
-0000.00050 -5.0003e-04 -5.0005e-04 -5.0005e-04 -5.0005e-04 -5.0004e-04 -5.0003e-04 -5.0003e-04 -5.0002e-04 -5.0001e-04 -5.0001e-04 -5.0000e-04 -4.9999e-04 -4.9999e-04 -4.9998e-04 -4.9998e-04 -4.9997e-04 -4.9997e-04 -4.9996e-04 -4.9995e-04 -4.9995e-04 -4.9994e-04 -4.9993e-04 -4.9993e-04 -4.9993e-04 -4.9995e-04
-0000.00100 -1.0001e-03 -1.0001e-03 -1.0001e-03 -1.0001e-03 -1.0001e-03 -1.0001e-03 -1.0000e-03 -1.0000e-03 -1.0000e-03 -1.0000e-03 -1.0000e-03 -9.9999e-04 -9.9998e-04 -9.9997e-04 -9.9995e-04 -9.9994e-04 -9.9993e-04 -9.9992e-04 -9.9990e-04 -9.9989e-04 -9.9987e-04 -9.9986e-04 -9.9985e-04 -9.9986e-04 -9.9989e-04
-0000.00150 -1.5001e-03 -1.5002e-03 -1.5002e-03 -1.5001e-03 -1.5001e-03 -1.5001e-03 -1.5001e-03 -1.5001e-03 -1.5000e-03 -1.5000e-03 -1.5000e-03 -1.5000e-03 -1.5000e-03 -1.4999e-03 -1.4999e-03 -1.4999e-03 -1.4999e-03 -1.4999e-03 -1.4999e-03 -1.4998e-03 -1.4998e-03 -1.4998e-03 -1.4998e-03 -1.4998e-03 -1.4998e-03
-0000.00200 -2.0002e-03 -2.0002e-03 -2.0002e-03 -2.0002e-03 -2.0001e-03 -2.0001e-03 -2.0001e-03 -2.0001e-03 -2.0000e-03 -2.0000e-03 -2.0000e-03 -2.0000e-03 -1.9999e-03 -1.9999e-03 -1.9999e-03 -1.9999e-03 -1.9998e-03 -1.9998e-03 -1.9998e-03 -1.9998e-03 -1.9997e-03 -1.9997e-03 -1.9997e-03 -1.9997e-03 -1.9997e-03
