# Author: FAC idanalysis.IDKickMap
# Termination_kicks [T2m2]: +0.0000e+00 +0.0000e+00 +0.0000e+00 +0.0000e+00 
# Total Length of Longitudinal Interval [m]
0.13
# Number of Horizontal Points
61
# Number of Vertical Points
9
# Total Horizontal 2nd Order Kick [T2m2]
START
            -0000.01000 -0000.00967 -0000.00933 -0000.00900 -0000.00867 -0000.00833 -0000.00800 -0000.00767 -0000.00733 -0000.00700 -0000.00667 -0000.00633 -0000.00600 -0000.00567 -0000.00533 -0000.00500 -0000.00467 -0000.00433 -0000.00400 -0000.00367 -0000.00333 -0000.00300 -0000.00267 -0000.00233 -0000.00200 -0000.00167 -0000.00133 -0000.00100 -0000.00067 -0000.00033 +0000.00000 +0000.00033 +0000.00067 +0000.00100 +0000.00133 +0000.00167 +0000.00200 +0000.00233 +0000.00267 +0000.00300 +0000.00333 +0000.00367 +0000.00400 +0000.00433 +0000.00467 +0000.00500 +0000.00533 +0000.00567 +0000.00600 +0000.00633 +0000.00667 +0000.00700 +0000.00733 +0000.00767 +0000.00800 +0000.00833 +0000.00867 +0000.00900 +0000.00933 +0000.00967 +0000.01000 
+0000.00200 +5.1248e-05 +5.0557e-05 +4.9884e-05 +4.9232e-05 +4.8600e-05 +4.7988e-05 +4.7397e-05 +4.6828e-05 +4.6281e-05 +4.5755e-05 +4.5252e-05 +4.4772e-05 +4.4315e-05 +4.3882e-05 +4.3472e-05 +4.3086e-05 +4.2724e-05 +4.2386e-05 +4.2074e-05 +4.1786e-05 +4.1523e-05 +4.1285e-05 +4.1073e-05 +4.0886e-05 +4.0725e-05 +4.0589e-05 +4.0479e-05 +4.0395e-05 +4.0337e-05 +4.0305e-05 +4.0299e-05 +4.0319e-05 +4.0365e-05 +4.0437e-05 +4.0534e-05 +4.0658e-05 +4.0807e-05 +4.0982e-05 +4.1183e-05 +4.1409e-05 +4.1660e-05 +4.1937e-05 +4.2238e-05 +4.2565e-05 +4.2916e-05 +4.3291e-05 +4.3691e-05 +4.4114e-05 +4.4562e-05 +4.5032e-05 +4.5526e-05 +4.6042e-05 +4.6581e-05 +4.7142e-05 +4.7724e-05 +4.8328e-05 +4.8953e-05 +4.9599e-05 +5.0264e-05 +5.0949e-05 +5.1654e-05 
+0000.00150 +5.1408e-05 +5.0727e-05 +5.0064e-05 +4.9420e-05 +4.8795e-05 +4.8190e-05 +4.7605e-05 +4.7041e-05 +4.6498e-05 +4.5977e-05 +4.5478e-05 +4.5001e-05 +4.4546e-05 +4.4115e-05 +4.3707e-05 +4.3323e-05 +4.2963e-05 +4.2627e-05 +4.2315e-05 +4.2028e-05 +4.1765e-05 +4.1528e-05 +4.1316e-05 +4.1130e-05 +4.0969e-05 +4.0833e-05 +4.0724e-05 +4.0640e-05 +4.0582e-05 +4.0550e-05 +4.0544e-05 +4.0563e-05 +4.0609e-05 +4.0681e-05 +4.0778e-05 +4.0902e-05 +4.1051e-05 +4.1225e-05 +4.1426e-05 +4.1651e-05 +4.1902e-05 +4.2178e-05 +4.2478e-05 +4.2803e-05 +4.3153e-05 +4.3527e-05 +4.3924e-05 +4.4346e-05 +4.4790e-05 +4.5258e-05 +4.5748e-05 +4.6261e-05 +4.6795e-05 +4.7351e-05 +4.7928e-05 +4.8526e-05 +4.9144e-05 +4.9781e-05 +5.0438e-05 +5.1114e-05 +5.1808e-05 
+0000.00100 +5.1521e-05 +5.0847e-05 +5.0191e-05 +4.9553e-05 +4.8933e-05 +4.8333e-05 +4.7753e-05 +4.7193e-05 +4.6653e-05 +4.6135e-05 +4.5638e-05 +4.5164e-05 +4.4712e-05 +4.4282e-05 +4.3876e-05 +4.3493e-05 +4.3133e-05 +4.2798e-05 +4.2487e-05 +4.2201e-05 +4.1939e-05 +4.1702e-05 +4.1491e-05 +4.1304e-05 +4.1143e-05 +4.1008e-05 +4.0898e-05 +4.0815e-05 +4.0757e-05 +4.0724e-05 +4.0718e-05 +4.0738e-05 +4.0784e-05 +4.0855e-05 +4.0952e-05 +4.1075e-05 +4.1224e-05 +4.1399e-05 +4.1598e-05 +4.1823e-05 +4.2074e-05 +4.2349e-05 +4.2649e-05 +4.2973e-05 +4.3322e-05 +4.3694e-05 +4.4090e-05 +4.4510e-05 +4.4953e-05 +4.5418e-05 +4.5906e-05 +4.6415e-05 +4.6947e-05 +4.7499e-05 +4.8072e-05 +4.8665e-05 +4.9278e-05 +4.9911e-05 +5.0561e-05 +5.1231e-05 +5.1917e-05 
+0000.00050 +5.1588e-05 +5.0919e-05 +5.0266e-05 +4.9632e-05 +4.9016e-05 +4.8418e-05 +4.7841e-05 +4.7283e-05 +4.6746e-05 +4.6229e-05 +4.5735e-05 +4.5261e-05 +4.4810e-05 +4.4382e-05 +4.3977e-05 +4.3594e-05 +4.3236e-05 +4.2901e-05 +4.2591e-05 +4.2305e-05 +4.2043e-05 +4.1807e-05 +4.1595e-05 +4.1409e-05 +4.1248e-05 +4.1113e-05 +4.1003e-05 +4.0919e-05 +4.0861e-05 +4.0829e-05 +4.0823e-05 +4.0843e-05 +4.0888e-05 +4.0960e-05 +4.1057e-05 +4.1180e-05 +4.1328e-05 +4.1503e-05 +4.1702e-05 +4.1927e-05 +4.2177e-05 +4.2452e-05 +4.2751e-05 +4.3075e-05 +4.3423e-05 +4.3794e-05 +4.4190e-05 +4.4608e-05 +4.5050e-05 +4.5514e-05 +4.6000e-05 +4.6508e-05 +4.7038e-05 +4.7588e-05 +4.8159e-05 +4.8749e-05 +4.9359e-05 +4.9988e-05 +5.0636e-05 +5.1301e-05 +5.1983e-05 
+0000.00000 +5.1610e-05 +5.0942e-05 +5.0291e-05 +4.9658e-05 +4.9043e-05 +4.8447e-05 +4.7870e-05 +4.7313e-05 +4.6777e-05 +4.6261e-05 +4.5767e-05 +4.5294e-05 +4.4843e-05 +4.4415e-05 +4.4010e-05 +4.3628e-05 +4.3270e-05 +4.2936e-05 +4.2625e-05 +4.2339e-05 +4.2078e-05 +4.1842e-05 +4.1630e-05 +4.1444e-05 +4.1283e-05 +4.1148e-05 +4.1038e-05 +4.0955e-05 +4.0896e-05 +4.0864e-05 +4.0858e-05 +4.0878e-05 +4.0923e-05 +4.0994e-05 +4.1091e-05 +4.1214e-05 +4.1363e-05 +4.1537e-05 +4.1736e-05 +4.1961e-05 +4.2211e-05 +4.2485e-05 +4.2784e-05 +4.3108e-05 +4.3456e-05 +4.3827e-05 +4.4222e-05 +4.4641e-05 +4.5082e-05 +4.5546e-05 +4.6031e-05 +4.6539e-05 +4.7068e-05 +4.7617e-05 +4.8187e-05 +4.8777e-05 +4.9386e-05 +5.0014e-05 +5.0660e-05 +5.1324e-05 +5.2005e-05 
-0000.00050 +5.1586e-05 +5.0917e-05 +5.0265e-05 +4.9631e-05 +4.9015e-05 +4.8418e-05 +4.7841e-05 +4.7283e-05 +4.6746e-05 +4.6230e-05 +4.5735e-05 +4.5262e-05 +4.4811e-05 +4.4383e-05 +4.3977e-05 +4.3595e-05 +4.3237e-05 +4.2902e-05 +4.2592e-05 +4.2305e-05 +4.2044e-05 +4.1807e-05 +4.1596e-05 +4.1410e-05 +4.1249e-05 +4.1113e-05 +4.1004e-05 +4.0920e-05 +4.0862e-05 +4.0829e-05 +4.0823e-05 +4.0843e-05 +4.0888e-05 +4.0959e-05 +4.1056e-05 +4.1179e-05 +4.1328e-05 +4.1502e-05 +4.1701e-05 +4.1926e-05 +4.2176e-05 +4.2451e-05 +4.2750e-05 +4.3074e-05 +4.3422e-05 +4.3793e-05 +4.4189e-05 +4.4607e-05 +4.5049e-05 +4.5513e-05 +4.6000e-05 +4.6508e-05 +4.7037e-05 +4.7588e-05 +4.8159e-05 +4.8749e-05 +4.9360e-05 +4.9989e-05 +5.0637e-05 +5.1302e-05 +5.1985e-05 
-0000.00100 +5.1518e-05 +5.0844e-05 +5.0189e-05 +4.9551e-05 +4.8932e-05 +4.8332e-05 +4.7753e-05 +4.7193e-05 +4.6654e-05 +4.6136e-05 +4.5640e-05 +4.5165e-05 +4.4713e-05 +4.4284e-05 +4.3878e-05 +4.3495e-05 +4.3135e-05 +4.2800e-05 +4.2489e-05 +4.2203e-05 +4.1941e-05 +4.1704e-05 +4.1492e-05 +4.1306e-05 +4.1145e-05 +4.1009e-05 +4.0900e-05 +4.0815e-05 +4.0757e-05 +4.0725e-05 +4.0718e-05 +4.0738e-05 +4.0783e-05 +4.0855e-05 +4.0952e-05 +4.1075e-05 +4.1223e-05 +4.1397e-05 +4.1597e-05 +4.1822e-05 +4.2072e-05 +4.2347e-05 +4.2647e-05 +4.2971e-05 +4.3320e-05 +4.3692e-05 +4.4088e-05 +4.4508e-05 +4.4951e-05 +4.5416e-05 +4.5904e-05 +4.6414e-05 +4.6946e-05 +4.7499e-05 +4.8072e-05 +4.8666e-05 +4.9280e-05 +4.9912e-05 +5.0564e-05 +5.1234e-05 +5.1922e-05 
-0000.00150 +5.1403e-05 +5.0723e-05 +5.0061e-05 +4.9418e-05 +4.8794e-05 +4.8190e-05 +4.7605e-05 +4.7042e-05 +4.6500e-05 +4.5979e-05 +4.5480e-05 +4.5003e-05 +4.4549e-05 +4.4118e-05 +4.3710e-05 +4.3326e-05 +4.2966e-05 +4.2630e-05 +4.2318e-05 +4.2031e-05 +4.1768e-05 +4.1531e-05 +4.1319e-05 +4.1132e-05 +4.0971e-05 +4.0835e-05 +4.0725e-05 +4.0641e-05 +4.0583e-05 +4.0550e-05 +4.0544e-05 +4.0563e-05 +4.0609e-05 +4.0680e-05 +4.0777e-05 +4.0900e-05 +4.1049e-05 +4.1223e-05 +4.1423e-05 +4.1649e-05 +4.1899e-05 +4.2175e-05 +4.2475e-05 +4.2801e-05 +4.3150e-05 +4.3524e-05 +4.3922e-05 +4.4343e-05 +4.4788e-05 +4.5256e-05 +4.5746e-05 +4.6259e-05 +4.6794e-05 +4.7351e-05 +4.7928e-05 +4.8527e-05 +4.9146e-05 +4.9784e-05 +5.0442e-05 +5.1119e-05 +5.1814e-05 
-0000.00200 +5.1241e-05 +5.0551e-05 +4.9881e-05 +4.9229e-05 +4.8598e-05 +4.7987e-05 +4.7398e-05 +4.6829e-05 +4.6282e-05 +4.5757e-05 +4.5255e-05 +4.4775e-05 +4.4318e-05 +4.3885e-05 +4.3475e-05 +4.3089e-05 +4.2728e-05 +4.2390e-05 +4.2077e-05 +4.1789e-05 +4.1526e-05 +4.1288e-05 +4.1076e-05 +4.0889e-05 +4.0727e-05 +4.0591e-05 +4.0481e-05 +4.0397e-05 +4.0338e-05 +4.0306e-05 +4.0299e-05 +4.0319e-05 +4.0364e-05 +4.0435e-05 +4.0533e-05 +4.0656e-05 +4.0805e-05 +4.0980e-05 +4.1180e-05 +4.1406e-05 +4.1657e-05 +4.1933e-05 +4.2235e-05 +4.2561e-05 +4.2912e-05 +4.3287e-05 +4.3687e-05 +4.4111e-05 +4.4558e-05 +4.5029e-05 +4.5523e-05 +4.6040e-05 +4.6579e-05 +4.7141e-05 +4.7724e-05 +4.8329e-05 +4.8955e-05 +4.9602e-05 +5.0268e-05 +5.0955e-05 +5.1661e-05 
# Total Vertical 2nd Order Kick [T2m2]
START
            -0000.01000 -0000.00967 -0000.00933 -0000.00900 -0000.00867 -0000.00833 -0000.00800 -0000.00767 -0000.00733 -0000.00700 -0000.00667 -0000.00633 -0000.00600 -0000.00567 -0000.00533 -0000.00500 -0000.00467 -0000.00433 -0000.00400 -0000.00367 -0000.00333 -0000.00300 -0000.00267 -0000.00233 -0000.00200 -0000.00167 -0000.00133 -0000.00100 -0000.00067 -0000.00033 +0000.00000 +0000.00033 +0000.00067 +0000.00100 +0000.00133 +0000.00167 +0000.00200 +0000.00233 +0000.00267 +0000.00300 +0000.00333 +0000.00367 +0000.00400 +0000.00433 +0000.00467 +0000.00500 +0000.00533 +0000.00567 +0000.00600 +0000.00633 +0000.00667 +0000.00700 +0000.00733 +0000.00767 +0000.00800 +0000.00833 +0000.00867 +0000.00900 +0000.00933 +0000.00967 +0000.01000 
+0000.00200 +2.9130e-06 +2.8169e-06 +2.7162e-06 +2.6112e-06 +2.5019e-06 +2.3886e-06 +2.2715e-06 +2.1508e-06 +2.0266e-06 +1.8992e-06 +1.7687e-06 +1.6353e-06 +1.4992e-06 +1.3605e-06 +1.2195e-06 +1.0762e-06 +9.3097e-07 +7.8383e-07 +6.3498e-07 +4.8460e-07 +3.3283e-07 +1.7984e-07 +2.5770e-08 -1.2921e-07 -2.8497e-07 -4.4134e-07 -5.9819e-07 -7.5537e-07 -9.1274e-07 -1.0702e-06 -1.2275e-06 -1.3846e-06 -1.5414e-06 -1.6976e-06 -1.8533e-06 -2.0082e-06 -2.1623e-06 -2.3154e-06 -2.4674e-06 -2.6182e-06 -2.7676e-06 -2.9156e-06 -3.0620e-06 -3.2068e-06 -3.3498e-06 -3.4910e-06 -3.6301e-06 -3.7672e-06 -3.9022e-06 -4.0348e-06 -4.1652e-06 -4.2930e-06 -4.4184e-06 -4.5411e-06 -4.6611e-06 -4.7784e-06 -4.8928e-06 -5.0042e-06 -5.1127e-06 -5.2180e-06 -5.3202e-06 
+0000.00150 +2.2564e-06 +2.1859e-06 +2.1119e-06 +2.0345e-06 +1.9538e-06 +1.8700e-06 +1.7832e-06 +1.6937e-06 +1.6014e-06 +1.5066e-06 +1.4094e-06 +1.3100e-06 +1.2085e-06 +1.1050e-06 +9.9962e-07 +8.9256e-07 +7.8393e-07 +6.7385e-07 +5.6244e-07 +4.4985e-07 +3.3618e-07 +2.2156e-07 +1.0612e-07 -1.0038e-08 -1.2679e-07 -2.4402e-07 -3.6161e-07 -4.7946e-07 -5.9745e-07 -7.1548e-07 -8.3344e-07 -9.5122e-07 -1.0687e-06 -1.1859e-06 -1.3025e-06 -1.4186e-06 -1.5340e-06 -1.6487e-06 -1.7625e-06 -1.8753e-06 -1.9871e-06 -2.0978e-06 -2.2073e-06 -2.3155e-06 -2.4224e-06 -2.5277e-06 -2.6316e-06 -2.7339e-06 -2.8344e-06 -2.9333e-06 -3.0303e-06 -3.1254e-06 -3.2186e-06 -3.3097e-06 -3.3987e-06 -3.4857e-06 -3.5704e-06 -3.6528e-06 -3.7329e-06 -3.8106e-06 -3.8859e-06 
+0000.00100 +1.5460e-06 +1.5000e-06 +1.4515e-06 +1.4006e-06 +1.3475e-06 +1.2922e-06 +1.2349e-06 +1.1756e-06 +1.1145e-06 +1.0517e-06 +9.8720e-07 +9.2117e-07 +8.5370e-07 +7.8488e-07 +7.1479e-07 +6.4354e-07 +5.7121e-07 +4.9789e-07 +4.2367e-07 +3.4864e-07 +2.7288e-07 +1.9647e-07 +1.1951e-07 +4.2068e-08 -3.5772e-08 -1.1393e-07 -1.9233e-07 -2.7090e-07 -3.4956e-07 -4.2824e-07 -5.0685e-07 -5.8535e-07 -6.6364e-07 -7.4167e-07 -8.1937e-07 -8.9666e-07 -9.7350e-07 -1.0498e-06 -1.1255e-06 -1.2006e-06 -1.2750e-06 -1.3485e-06 -1.4213e-06 -1.4932e-06 -1.5642e-06 -1.6341e-06 -1.7030e-06 -1.7709e-06 -1.8376e-06 -1.9031e-06 -1.9674e-06 -2.0304e-06 -2.0921e-06 -2.1524e-06 -2.2113e-06 -2.2688e-06 -2.3248e-06 -2.3792e-06 -2.4322e-06 -2.4835e-06 -2.5332e-06 
+0000.00050 +8.0357e-07 +7.8105e-07 +7.5722e-07 +7.3214e-07 +7.0588e-07 +6.7848e-07 +6.5001e-07 +6.2053e-07 +5.9008e-07 +5.5872e-07 +5.2651e-07 +4.9349e-07 +4.5973e-07 +4.2527e-07 +3.9016e-07 +3.5446e-07 +3.1820e-07 +2.8144e-07 +2.4423e-07 +2.0661e-07 +1.6862e-07 +1.3032e-07 +9.1739e-08 +5.2927e-08 +1.3924e-08 -2.5227e-08 -6.4488e-08 -1.0382e-07 -1.4318e-07 -1.8253e-07 -2.2184e-07 -2.6107e-07 -3.0019e-07 -3.3915e-07 -3.7793e-07 -4.1650e-07 -4.5482e-07 -4.9285e-07 -5.3058e-07 -5.6797e-07 -6.0499e-07 -6.4161e-07 -6.7781e-07 -7.1356e-07 -7.4884e-07 -7.8361e-07 -8.1787e-07 -8.5158e-07 -8.8472e-07 -9.1728e-07 -9.4922e-07 -9.8054e-07 -1.0112e-06 -1.0412e-06 -1.0705e-06 -1.0992e-06 -1.1271e-06 -1.1543e-06 -1.1807e-06 -1.2064e-06 -1.2313e-06 
+0000.00000 +4.6178e-08 +4.6753e-08 +4.7207e-08 +4.7550e-08 +4.7792e-08 +4.7944e-08 +4.8015e-08 +4.8013e-08 +4.7948e-08 +4.7827e-08 +4.7659e-08 +4.7452e-08 +4.7212e-08 +4.6946e-08 +4.6661e-08 +4.6363e-08 +4.6057e-08 +4.5750e-08 +4.5445e-08 +4.5148e-08 +4.4863e-08 +4.4593e-08 +4.4343e-08 +4.4115e-08 +4.3912e-08 +4.3737e-08 +4.3591e-08 +4.3476e-08 +4.3393e-08 +4.3344e-08 +4.3329e-08 +4.3347e-08 +4.3400e-08 +4.3486e-08 +4.3604e-08 +4.3753e-08 +4.3931e-08 +4.4137e-08 +4.4367e-08 +4.4619e-08 +4.4891e-08 +4.5177e-08 +4.5475e-08 +4.5780e-08 +4.6087e-08 +4.6392e-08 +4.6689e-08 +4.6972e-08 +4.7235e-08 +4.7472e-08 +4.7676e-08 +4.7839e-08 +4.7954e-08 +4.8013e-08 +4.8008e-08 +4.7929e-08 +4.7768e-08 +4.7515e-08 +4.7161e-08 +4.6695e-08 +4.6107e-08 
-0000.00050 -7.1095e-07 -6.8729e-07 -6.6257e-07 -6.3682e-07 -6.1009e-07 -5.8241e-07 -5.5381e-07 -5.2435e-07 -4.9404e-07 -4.6294e-07 -4.3108e-07 -3.9850e-07 -3.6523e-07 -3.3132e-07 -2.9680e-07 -2.6170e-07 -2.2607e-07 -1.8994e-07 -1.5334e-07 -1.1633e-07 -7.8923e-08 -4.1168e-08 -3.0977e-09 +3.5250e-08 +7.3840e-08 +1.1263e-07 +1.5160e-07 +1.9070e-07 +2.2989e-07 +2.6914e-07 +3.0842e-07 +3.4769e-07 +3.8691e-07 +4.2605e-07 +4.6507e-07 +5.0393e-07 +5.4261e-07 +5.8106e-07 +6.1926e-07 +6.5716e-07 +6.9473e-07 +7.3193e-07 +7.6874e-07 +8.0511e-07 +8.4102e-07 +8.7642e-07 +9.1128e-07 +9.4557e-07 +9.7926e-07 +1.0123e-06 +1.0447e-06 +1.0763e-06 +1.1072e-06 +1.1374e-06 +1.1667e-06 +1.1952e-06 +1.2228e-06 +1.2495e-06 +1.2753e-06 +1.3000e-06 +1.3238e-06 
-0000.00100 -1.4526e-06 -1.4054e-06 -1.3561e-06 -1.3046e-06 -1.2511e-06 -1.1955e-06 -1.1382e-06 -1.0790e-06 -1.0181e-06 -9.5555e-07 -8.9147e-07 -8.2593e-07 -7.5900e-07 -6.9077e-07 -6.2131e-07 -5.5071e-07 -4.7905e-07 -4.0640e-07 -3.3283e-07 -2.5844e-07 -1.8329e-07 -1.0747e-07 -3.1038e-08 +4.5918e-08 +1.2333e-07 +2.0111e-07 +2.7921e-07 +3.5753e-07 +4.3601e-07 +5.1458e-07 +5.9317e-07 +6.7170e-07 +7.5011e-07 +8.2832e-07 +9.0627e-07 +9.8389e-07 +1.0611e-06 +1.1379e-06 +1.2141e-06 +1.2897e-06 +1.3646e-06 +1.4388e-06 +1.5122e-06 +1.5848e-06 +1.6564e-06 +1.7270e-06 +1.7966e-06 +1.8651e-06 +1.9324e-06 +1.9984e-06 +2.0632e-06 +2.1266e-06 +2.1886e-06 +2.2491e-06 +2.3081e-06 +2.3655e-06 +2.4212e-06 +2.4752e-06 +2.5275e-06 +2.5779e-06 +2.6265e-06 
-0000.00150 -2.1615e-06 -2.0901e-06 -2.0153e-06 -1.9374e-06 -1.8564e-06 -1.7724e-06 -1.6857e-06 -1.5962e-06 -1.5043e-06 -1.4099e-06 -1.3132e-06 -1.2143e-06 -1.1134e-06 -1.0106e-06 -9.0593e-07 -7.9960e-07 -6.9170e-07 -5.8235e-07 -4.7166e-07 -3.5977e-07 -2.4676e-07 -1.3277e-07 -1.7910e-08 +9.7718e-08 +2.1400e-07 +3.3082e-07 +4.4808e-07 +5.6566e-07 +6.8346e-07 +8.0137e-07 +9.1929e-07 +1.0371e-06 +1.1547e-06 +1.2721e-06 +1.3890e-06 +1.5054e-06 +1.6212e-06 +1.7363e-06 +1.8507e-06 +1.9641e-06 +2.0765e-06 +2.1879e-06 +2.2981e-06 +2.4070e-06 +2.5146e-06 +2.6207e-06 +2.7253e-06 +2.8282e-06 +2.9295e-06 +3.0289e-06 +3.1265e-06 +3.2221e-06 +3.3157e-06 +3.4071e-06 +3.4963e-06 +3.5832e-06 +3.6678e-06 +3.7499e-06 +3.8295e-06 +3.9064e-06 +3.9807e-06 
-0000.00200 -2.8163e-06 -2.7193e-06 -2.6180e-06 -2.5125e-06 -2.4030e-06 -2.2897e-06 -2.1727e-06 -2.0523e-06 -1.9285e-06 -1.8016e-06 -1.6717e-06 -1.5390e-06 -1.4036e-06 -1.2657e-06 -1.1255e-06 -9.8307e-07 -8.3863e-07 -6.9232e-07 -5.4428e-07 -3.9468e-07 -2.4365e-07 -9.1353e-08 +6.2068e-08 +2.1647e-07 +3.7170e-07 +5.2762e-07 +6.8410e-07 +8.4098e-07 +9.9814e-07 +1.1554e-06 +1.3127e-06 +1.4699e-06 +1.6268e-06 +1.7832e-06 +1.9392e-06 +2.0945e-06 +2.2490e-06 +2.4026e-06 +2.5552e-06 +2.7066e-06 +2.8567e-06 +3.0055e-06 +3.1527e-06 +3.2983e-06 +3.4421e-06 +3.5841e-06 +3.7241e-06 +3.8620e-06 +3.9977e-06 +4.1311e-06 +4.2621e-06 +4.3906e-06 +4.5165e-06 +4.6396e-06 +4.7599e-06 +4.8773e-06 +4.9917e-06 +5.1030e-06 +5.2110e-06 +5.3158e-06 +5.4171e-06 
# Horizontal Final Position [m]
START
            -0000.01000 -0000.00967 -0000.00933 -0000.00900 -0000.00867 -0000.00833 -0000.00800 -0000.00767 -0000.00733 -0000.00700 -0000.00667 -0000.00633 -0000.00600 -0000.00567 -0000.00533 -0000.00500 -0000.00467 -0000.00433 -0000.00400 -0000.00367 -0000.00333 -0000.00300 -0000.00267 -0000.00233 -0000.00200 -0000.00167 -0000.00133 -0000.00100 -0000.00067 -0000.00033 +0000.00000 +0000.00033 +0000.00067 +0000.00100 +0000.00133 +0000.00167 +0000.00200 +0000.00233 +0000.00267 +0000.00300 +0000.00333 +0000.00367 +0000.00400 +0000.00433 +0000.00467 +0000.00500 +0000.00533 +0000.00567 +0000.00600 +0000.00633 +0000.00667 +0000.00700 +0000.00733 +0000.00767 +0000.00800 +0000.00833 +0000.00867 +0000.00900 +0000.00933 +0000.00967 +0000.01000 
+0000.00200 -1.0004e-02 -9.6704e-03 -9.3372e-03 -9.0039e-03 -8.6706e-03 -8.3373e-03 -8.0041e-03 -7.6708e-03 -7.3375e-03 -7.0042e-03 -6.6709e-03 -6.3376e-03 -6.0043e-03 -5.6709e-03 -5.3376e-03 -5.0043e-03 -4.6710e-03 -4.3377e-03 -4.0043e-03 -3.6710e-03 -3.3377e-03 -3.0044e-03 -2.6710e-03 -2.3377e-03 -2.0044e-03 -1.6710e-03 -1.3377e-03 -1.0043e-03 -6.7101e-04 -3.3767e-04 -4.3258e-06 +3.2902e-04 +6.6236e-04 +9.9570e-04 +1.3290e-03 +1.6624e-03 +1.9957e-03 +2.3291e-03 +2.6624e-03 +2.9958e-03 +3.3291e-03 +3.6624e-03 +3.9958e-03 +4.3291e-03 +4.6625e-03 +4.9958e-03 +5.3291e-03 +5.6625e-03 +5.9958e-03 +6.3291e-03 +6.6624e-03 +6.9958e-03 +7.3291e-03 +7.6624e-03 +7.9957e-03 +8.3291e-03 +8.6624e-03 +8.9957e-03 +9.3290e-03 +9.6623e-03 +9.9956e-03 
+0000.00150 -1.0004e-02 -9.6704e-03 -9.3372e-03 -9.0039e-03 -8.6706e-03 -8.3373e-03 -8.0041e-03 -7.6708e-03 -7.3375e-03 -7.0042e-03 -6.6709e-03 -6.3376e-03 -6.0043e-03 -5.6709e-03 -5.3376e-03 -5.0043e-03 -4.6710e-03 -4.3377e-03 -4.0043e-03 -3.6710e-03 -3.3377e-03 -3.0044e-03 -2.6710e-03 -2.3377e-03 -2.0044e-03 -1.6710e-03 -1.3377e-03 -1.0043e-03 -6.7100e-04 -3.3766e-04 -4.3204e-06 +3.2902e-04 +6.6236e-04 +9.9571e-04 +1.3290e-03 +1.6624e-03 +1.9957e-03 +2.3291e-03 +2.6624e-03 +2.9958e-03 +3.3291e-03 +3.6624e-03 +3.9958e-03 +4.3291e-03 +4.6625e-03 +4.9958e-03 +5.3291e-03 +5.6625e-03 +5.9958e-03 +6.3291e-03 +6.6624e-03 +6.9958e-03 +7.3291e-03 +7.6624e-03 +7.9957e-03 +8.3291e-03 +8.6624e-03 +8.9957e-03 +9.3290e-03 +9.6623e-03 +9.9956e-03 
+0000.00100 -1.0004e-02 -9.6704e-03 -9.3372e-03 -9.0039e-03 -8.6706e-03 -8.3373e-03 -8.0041e-03 -7.6708e-03 -7.3375e-03 -7.0042e-03 -6.6709e-03 -6.3376e-03 -6.0043e-03 -5.6709e-03 -5.3376e-03 -5.0043e-03 -4.6710e-03 -4.3377e-03 -4.0043e-03 -3.6710e-03 -3.3377e-03 -3.0044e-03 -2.6710e-03 -2.3377e-03 -2.0044e-03 -1.6710e-03 -1.3377e-03 -1.0043e-03 -6.7100e-04 -3.3766e-04 -4.3204e-06 +3.2902e-04 +6.6236e-04 +9.9571e-04 +1.3290e-03 +1.6624e-03 +1.9957e-03 +2.3291e-03 +2.6624e-03 +2.9958e-03 +3.3291e-03 +3.6624e-03 +3.9958e-03 +4.3291e-03 +4.6625e-03 +4.9958e-03 +5.3291e-03 +5.6625e-03 +5.9958e-03 +6.3291e-03 +6.6624e-03 +6.9958e-03 +7.3291e-03 +7.6624e-03 +7.9957e-03 +8.3291e-03 +8.6624e-03 +8.9957e-03 +9.3290e-03 +9.6623e-03 +9.9956e-03 
+0000.00050 -1.0004e-02 -9.6704e-03 -9.3372e-03 -9.0039e-03 -8.6706e-03 -8.3373e-03 -8.0041e-03 -7.6708e-03 -7.3375e-03 -7.0042e-03 -6.6709e-03 -6.3376e-03 -6.0043e-03 -5.6709e-03 -5.3376e-03 -5.0043e-03 -4.6710e-03 -4.3377e-03 -4.0043e-03 -3.6710e-03 -3.3377e-03 -3.0044e-03 -2.6710e-03 -2.3377e-03 -2.0044e-03 -1.6710e-03 -1.3377e-03 -1.0043e-03 -6.7100e-04 -3.3766e-04 -4.3204e-06 +3.2902e-04 +6.6236e-04 +9.9571e-04 +1.3290e-03 +1.6624e-03 +1.9957e-03 +2.3291e-03 +2.6624e-03 +2.9958e-03 +3.3291e-03 +3.6624e-03 +3.9958e-03 +4.3291e-03 +4.6625e-03 +4.9958e-03 +5.3291e-03 +5.6625e-03 +5.9958e-03 +6.3291e-03 +6.6624e-03 +6.9958e-03 +7.3291e-03 +7.6624e-03 +7.9957e-03 +8.3291e-03 +8.6624e-03 +8.9957e-03 +9.3290e-03 +9.6623e-03 +9.9956e-03 
+0000.00000 -1.0004e-02 -9.6704e-03 -9.3372e-03 -9.0039e-03 -8.6706e-03 -8.3373e-03 -8.0041e-03 -7.6708e-03 -7.3375e-03 -7.0042e-03 -6.6709e-03 -6.3376e-03 -6.0043e-03 -5.6709e-03 -5.3376e-03 -5.0043e-03 -4.6710e-03 -4.3377e-03 -4.0043e-03 -3.6710e-03 -3.3377e-03 -3.0044e-03 -2.6710e-03 -2.3377e-03 -2.0044e-03 -1.6710e-03 -1.3377e-03 -1.0043e-03 -6.7100e-04 -3.3766e-04 -4.3204e-06 +3.2902e-04 +6.6236e-04 +9.9571e-04 +1.3290e-03 +1.6624e-03 +1.9957e-03 +2.3291e-03 +2.6624e-03 +2.9958e-03 +3.3291e-03 +3.6624e-03 +3.9958e-03 +4.3291e-03 +4.6625e-03 +4.9958e-03 +5.3291e-03 +5.6625e-03 +5.9958e-03 +6.3291e-03 +6.6624e-03 +6.9958e-03 +7.3291e-03 +7.6624e-03 +7.9957e-03 +8.3291e-03 +8.6624e-03 +8.9957e-03 +9.3290e-03 +9.6623e-03 +9.9956e-03 
-0000.00050 -1.0004e-02 -9.6704e-03 -9.3372e-03 -9.0039e-03 -8.6706e-03 -8.3373e-03 -8.0041e-03 -7.6708e-03 -7.3375e-03 -7.0042e-03 -6.6709e-03 -6.3376e-03 -6.0043e-03 -5.6709e-03 -5.3376e-03 -5.0043e-03 -4.6710e-03 -4.3377e-03 -4.0043e-03 -3.6710e-03 -3.3377e-03 -3.0044e-03 -2.6710e-03 -2.3377e-03 -2.0044e-03 -1.6710e-03 -1.3377e-03 -1.0043e-03 -6.7100e-04 -3.3766e-04 -4.3204e-06 +3.2902e-04 +6.6236e-04 +9.9571e-04 +1.3290e-03 +1.6624e-03 +1.9957e-03 +2.3291e-03 +2.6624e-03 +2.9958e-03 +3.3291e-03 +3.6624e-03 +3.9958e-03 +4.3291e-03 +4.6625e-03 +4.9958e-03 +5.3291e-03 +5.6625e-03 +5.9958e-03 +6.3291e-03 +6.6624e-03 +6.9958e-03 +7.3291e-03 +7.6624e-03 +7.9957e-03 +8.3291e-03 +8.6624e-03 +8.9957e-03 +9.3290e-03 +9.6623e-03 +9.9956e-03 
-0000.00100 -1.0004e-02 -9.6704e-03 -9.3372e-03 -9.0039e-03 -8.6706e-03 -8.3373e-03 -8.0041e-03 -7.6708e-03 -7.3375e-03 -7.0042e-03 -6.6709e-03 -6.3376e-03 -6.0043e-03 -5.6709e-03 -5.3376e-03 -5.0043e-03 -4.6710e-03 -4.3377e-03 -4.0043e-03 -3.6710e-03 -3.3377e-03 -3.0044e-03 -2.6710e-03 -2.3377e-03 -2.0044e-03 -1.6710e-03 -1.3377e-03 -1.0043e-03 -6.7100e-04 -3.3766e-04 -4.3204e-06 +3.2902e-04 +6.6236e-04 +9.9571e-04 +1.3290e-03 +1.6624e-03 +1.9957e-03 +2.3291e-03 +2.6624e-03 +2.9958e-03 +3.3291e-03 +3.6624e-03 +3.9958e-03 +4.3291e-03 +4.6625e-03 +4.9958e-03 +5.3291e-03 +5.6625e-03 +5.9958e-03 +6.3291e-03 +6.6624e-03 +6.9958e-03 +7.3291e-03 +7.6624e-03 +7.9957e-03 +8.3291e-03 +8.6624e-03 +8.9957e-03 +9.3290e-03 +9.6623e-03 +9.9956e-03 
-0000.00150 -1.0004e-02 -9.6704e-03 -9.3372e-03 -9.0039e-03 -8.6706e-03 -8.3373e-03 -8.0041e-03 -7.6708e-03 -7.3375e-03 -7.0042e-03 -6.6709e-03 -6.3376e-03 -6.0043e-03 -5.6709e-03 -5.3376e-03 -5.0043e-03 -4.6710e-03 -4.3377e-03 -4.0043e-03 -3.6710e-03 -3.3377e-03 -3.0044e-03 -2.6710e-03 -2.3377e-03 -2.0044e-03 -1.6710e-03 -1.3377e-03 -1.0043e-03 -6.7100e-04 -3.3766e-04 -4.3204e-06 +3.2902e-04 +6.6236e-04 +9.9571e-04 +1.3290e-03 +1.6624e-03 +1.9957e-03 +2.3291e-03 +2.6624e-03 +2.9958e-03 +3.3291e-03 +3.6624e-03 +3.9958e-03 +4.3291e-03 +4.6625e-03 +4.9958e-03 +5.3291e-03 +5.6625e-03 +5.9958e-03 +6.3291e-03 +6.6624e-03 +6.9958e-03 +7.3291e-03 +7.6624e-03 +7.9957e-03 +8.3291e-03 +8.6624e-03 +8.9957e-03 +9.3290e-03 +9.6623e-03 +9.9956e-03 
-0000.00200 -1.0004e-02 -9.6704e-03 -9.3372e-03 -9.0039e-03 -8.6706e-03 -8.3373e-03 -8.0041e-03 -7.6708e-03 -7.3375e-03 -7.0042e-03 -6.6709e-03 -6.3376e-03 -6.0043e-03 -5.6709e-03 -5.3376e-03 -5.0043e-03 -4.6710e-03 -4.3377e-03 -4.0043e-03 -3.6710e-03 -3.3377e-03 -3.0044e-03 -2.6710e-03 -2.3377e-03 -2.0044e-03 -1.6710e-03 -1.3377e-03 -1.0043e-03 -6.7101e-04 -3.3767e-04 -4.3258e-06 +3.2902e-04 +6.6236e-04 +9.9570e-04 +1.3290e-03 +1.6624e-03 +1.9957e-03 +2.3291e-03 +2.6624e-03 +2.9958e-03 +3.3291e-03 +3.6624e-03 +3.9958e-03 +4.3291e-03 +4.6625e-03 +4.9958e-03 +5.3291e-03 +5.6625e-03 +5.9958e-03 +6.3291e-03 +6.6624e-03 +6.9958e-03 +7.3291e-03 +7.6624e-03 +7.9957e-03 +8.3291e-03 +8.6624e-03 +8.9957e-03 +9.3290e-03 +9.6623e-03 +9.9956e-03 
# Vertical Final Position [m]
START
            -0000.01000 -0000.00967 -0000.00933 -0000.00900 -0000.00867 -0000.00833 -0000.00800 -0000.00767 -0000.00733 -0000.00700 -0000.00667 -0000.00633 -0000.00600 -0000.00567 -0000.00533 -0000.00500 -0000.00467 -0000.00433 -0000.00400 -0000.00367 -0000.00333 -0000.00300 -0000.00267 -0000.00233 -0000.00200 -0000.00167 -0000.00133 -0000.00100 -0000.00067 -0000.00033 +0000.00000 +0000.00033 +0000.00067 +0000.00100 +0000.00133 +0000.00167 +0000.00200 +0000.00233 +0000.00267 +0000.00300 +0000.00333 +0000.00367 +0000.00400 +0000.00433 +0000.00467 +0000.00500 +0000.00533 +0000.00567 +0000.00600 +0000.00633 +0000.00667 +0000.00700 +0000.00733 +0000.00767 +0000.00800 +0000.00833 +0000.00867 +0000.00900 +0000.00933 +0000.00967 +0000.01000 
+0000.00200 +2.0001e-03 +2.0001e-03 +2.0001e-03 +2.0001e-03 +2.0001e-03 +2.0001e-03 +2.0001e-03 +2.0001e-03 +2.0001e-03 +2.0001e-03 +2.0001e-03 +2.0001e-03 +2.0001e-03 +2.0001e-03 +2.0001e-03 +2.0000e-03 +2.0000e-03 +2.0000e-03 +2.0000e-03 +2.0000e-03 +2.0000e-03 +2.0000e-03 +2.0000e-03 +2.0000e-03 +2.0000e-03 +2.0000e-03 +2.0000e-03 +2.0000e-03 +2.0000e-03 +2.0000e-03 +2.0000e-03 +2.0000e-03 +2.0000e-03 +2.0000e-03 +2.0000e-03 +2.0000e-03 +2.0000e-03 +2.0000e-03 +2.0000e-03 +2.0000e-03 +2.0000e-03 +2.0000e-03 +2.0000e-03 +2.0000e-03 +2.0000e-03 +2.0000e-03 +2.0000e-03 +2.0000e-03 +1.9999e-03 +1.9999e-03 +1.9999e-03 +1.9999e-03 +1.9999e-03 +1.9999e-03 +1.9999e-03 +1.9999e-03 +1.9999e-03 +1.9999e-03 +1.9999e-03 +1.9999e-03 +1.9999e-03 
+0000.00150 +1.5001e-03 +1.5001e-03 +1.5001e-03 +1.5001e-03 +1.5001e-03 +1.5001e-03 +1.5001e-03 +1.5000e-03 +1.5000e-03 +1.5000e-03 +1.5000e-03 +1.5000e-03 +1.5000e-03 +1.5000e-03 +1.5000e-03 +1.5000e-03 +1.5000e-03 +1.5000e-03 +1.5000e-03 +1.5000e-03 +1.5000e-03 +1.5000e-03 +1.5000e-03 +1.5000e-03 +1.5000e-03 +1.5000e-03 +1.5000e-03 +1.5000e-03 +1.5000e-03 +1.5000e-03 +1.5000e-03 +1.5000e-03 +1.5000e-03 +1.5000e-03 +1.5000e-03 +1.5000e-03 +1.5000e-03 +1.5000e-03 +1.5000e-03 +1.5000e-03 +1.5000e-03 +1.5000e-03 +1.5000e-03 +1.5000e-03 +1.5000e-03 +1.5000e-03 +1.5000e-03 +1.5000e-03 +1.5000e-03 +1.5000e-03 +1.5000e-03 +1.5000e-03 +1.5000e-03 +1.5000e-03 +1.5000e-03 +1.4999e-03 +1.4999e-03 +1.4999e-03 +1.4999e-03 +1.4999e-03 +1.4999e-03 
+0000.00100 +1.0000e-03 +1.0000e-03 +1.0000e-03 +1.0000e-03 +1.0000e-03 +1.0000e-03 +1.0000e-03 +1.0000e-03 +1.0000e-03 +1.0000e-03 +1.0000e-03 +1.0000e-03 +1.0000e-03 +1.0000e-03 +1.0000e-03 +1.0000e-03 +1.0000e-03 +1.0000e-03 +1.0000e-03 +1.0000e-03 +1.0000e-03 +1.0000e-03 +1.0000e-03 +1.0000e-03 +1.0000e-03 +1.0000e-03 +1.0000e-03 +1.0000e-03 +1.0000e-03 +1.0000e-03 +1.0000e-03 +1.0000e-03 +9.9999e-04 +9.9999e-04 +9.9999e-04 +9.9999e-04 +9.9999e-04 +9.9999e-04 +9.9999e-04 +9.9999e-04 +9.9999e-04 +9.9998e-04 +9.9998e-04 +9.9998e-04 +9.9998e-04 +9.9998e-04 +9.9998e-04 +9.9998e-04 +9.9997e-04 +9.9997e-04 +9.9997e-04 +9.9997e-04 +9.9997e-04 +9.9997e-04 +9.9997e-04 +9.9996e-04 +9.9996e-04 +9.9996e-04 +9.9996e-04 +9.9996e-04 +9.9996e-04 
+0000.00050 +5.0002e-04 +5.0002e-04 +5.0002e-04 +5.0002e-04 +5.0002e-04 +5.0002e-04 +5.0002e-04 +5.0002e-04 +5.0002e-04 +5.0002e-04 +5.0002e-04 +5.0001e-04 +5.0001e-04 +5.0001e-04 +5.0001e-04 +5.0001e-04 +5.0001e-04 +5.0001e-04 +5.0001e-04 +5.0001e-04 +5.0001e-04 +5.0001e-04 +5.0001e-04 +5.0001e-04 +5.0000e-04 +5.0000e-04 +5.0000e-04 +5.0000e-04 +5.0000e-04 +5.0000e-04 +5.0000e-04 +5.0000e-04 +5.0000e-04 +5.0000e-04 +5.0000e-04 +5.0000e-04 +4.9999e-04 +4.9999e-04 +4.9999e-04 +4.9999e-04 +4.9999e-04 +4.9999e-04 +4.9999e-04 +4.9999e-04 +4.9999e-04 +4.9999e-04 +4.9999e-04 +4.9999e-04 +4.9999e-04 +4.9999e-04 +4.9998e-04 +4.9998e-04 +4.9998e-04 +4.9998e-04 +4.9998e-04 +4.9998e-04 +4.9998e-04 +4.9998e-04 +4.9998e-04 +4.9998e-04 +4.9998e-04 
+0000.00000 +6.4222e-12 +6.4061e-12 +6.3361e-12 +6.2179e-12 +6.0570e-12 +5.8587e-12 +5.6278e-12 +5.3694e-12 +5.0880e-12 +4.7881e-12 +4.4740e-12 +4.1496e-12 +3.8188e-12 +3.4854e-12 +3.1527e-12 +2.8240e-12 +2.5024e-12 +2.1907e-12 +1.8916e-12 +1.6075e-12 +1.3408e-12 +1.0934e-12 +8.6728e-13 +6.6407e-13 +4.8526e-13 +3.3210e-13 +2.0568e-13 +1.0687e-13 +3.6347e-14 -5.4097e-15 -1.8119e-14 -1.7005e-15 +4.3731e-14 +1.1786e-13 +2.2017e-13 +3.4996e-13 +5.0630e-13 +6.8810e-13 +8.9405e-13 +1.1226e-12 +1.3722e-12 +1.6407e-12 +1.9262e-12 +2.2263e-12 +2.5386e-12 +2.8603e-12 +3.1885e-12 +3.5202e-12 +3.8521e-12 +4.1806e-12 +4.5021e-12 +4.8127e-12 +5.1084e-12 +5.3847e-12 +5.6373e-12 +5.8615e-12 +6.0523e-12 +6.2048e-12 +6.3136e-12 +6.3732e-12 +6.3780e-12 
-0000.00050 -5.0002e-04 -5.0002e-04 -5.0002e-04 -5.0002e-04 -5.0002e-04 -5.0002e-04 -5.0002e-04 -5.0002e-04 -5.0002e-04 -5.0002e-04 -5.0002e-04 -5.0001e-04 -5.0001e-04 -5.0001e-04 -5.0001e-04 -5.0001e-04 -5.0001e-04 -5.0001e-04 -5.0001e-04 -5.0001e-04 -5.0001e-04 -5.0001e-04 -5.0001e-04 -5.0001e-04 -5.0000e-04 -5.0000e-04 -5.0000e-04 -5.0000e-04 -5.0000e-04 -5.0000e-04 -5.0000e-04 -5.0000e-04 -5.0000e-04 -5.0000e-04 -5.0000e-04 -5.0000e-04 -4.9999e-04 -4.9999e-04 -4.9999e-04 -4.9999e-04 -4.9999e-04 -4.9999e-04 -4.9999e-04 -4.9999e-04 -4.9999e-04 -4.9999e-04 -4.9999e-04 -4.9999e-04 -4.9999e-04 -4.9999e-04 -4.9998e-04 -4.9998e-04 -4.9998e-04 -4.9998e-04 -4.9998e-04 -4.9998e-04 -4.9998e-04 -4.9998e-04 -4.9998e-04 -4.9998e-04 -4.9998e-04 
-0000.00100 -1.0000e-03 -1.0000e-03 -1.0000e-03 -1.0000e-03 -1.0000e-03 -1.0000e-03 -1.0000e-03 -1.0000e-03 -1.0000e-03 -1.0000e-03 -1.0000e-03 -1.0000e-03 -1.0000e-03 -1.0000e-03 -1.0000e-03 -1.0000e-03 -1.0000e-03 -1.0000e-03 -1.0000e-03 -1.0000e-03 -1.0000e-03 -1.0000e-03 -1.0000e-03 -1.0000e-03 -1.0000e-03 -1.0000e-03 -1.0000e-03 -1.0000e-03 -1.0000e-03 -1.0000e-03 -1.0000e-03 -1.0000e-03 -9.9999e-04 -9.9999e-04 -9.9999e-04 -9.9999e-04 -9.9999e-04 -9.9999e-04 -9.9999e-04 -9.9999e-04 -9.9999e-04 -9.9998e-04 -9.9998e-04 -9.9998e-04 -9.9998e-04 -9.9998e-04 -9.9998e-04 -9.9998e-04 -9.9997e-04 -9.9997e-04 -9.9997e-04 -9.9997e-04 -9.9997e-04 -9.9997e-04 -9.9997e-04 -9.9996e-04 -9.9996e-04 -9.9996e-04 -9.9996e-04 -9.9996e-04 -9.9996e-04 
-0000.00150 -1.5001e-03 -1.5001e-03 -1.5001e-03 -1.5001e-03 -1.5001e-03 -1.5001e-03 -1.5001e-03 -1.5000e-03 -1.5000e-03 -1.5000e-03 -1.5000e-03 -1.5000e-03 -1.5000e-03 -1.5000e-03 -1.5000e-03 -1.5000e-03 -1.5000e-03 -1.5000e-03 -1.5000e-03 -1.5000e-03 -1.5000e-03 -1.5000e-03 -1.5000e-03 -1.5000e-03 -1.5000e-03 -1.5000e-03 -1.5000e-03 -1.5000e-03 -1.5000e-03 -1.5000e-03 -1.5000e-03 -1.5000e-03 -1.5000e-03 -1.5000e-03 -1.5000e-03 -1.5000e-03 -1.5000e-03 -1.5000e-03 -1.5000e-03 -1.5000e-03 -1.5000e-03 -1.5000e-03 -1.5000e-03 -1.5000e-03 -1.5000e-03 -1.5000e-03 -1.5000e-03 -1.5000e-03 -1.5000e-03 -1.5000e-03 -1.5000e-03 -1.5000e-03 -1.5000e-03 -1.5000e-03 -1.5000e-03 -1.4999e-03 -1.4999e-03 -1.4999e-03 -1.4999e-03 -1.4999e-03 -1.4999e-03 
-0000.00200 -2.0001e-03 -2.0001e-03 -2.0001e-03 -2.0001e-03 -2.0001e-03 -2.0001e-03 -2.0001e-03 -2.0001e-03 -2.0001e-03 -2.0001e-03 -2.0001e-03 -2.0001e-03 -2.0001e-03 -2.0001e-03 -2.0001e-03 -2.0000e-03 -2.0000e-03 -2.0000e-03 -2.0000e-03 -2.0000e-03 -2.0000e-03 -2.0000e-03 -2.0000e-03 -2.0000e-03 -2.0000e-03 -2.0000e-03 -2.0000e-03 -2.0000e-03 -2.0000e-03 -2.0000e-03 -2.0000e-03 -2.0000e-03 -2.0000e-03 -2.0000e-03 -2.0000e-03 -2.0000e-03 -2.0000e-03 -2.0000e-03 -2.0000e-03 -2.0000e-03 -2.0000e-03 -2.0000e-03 -2.0000e-03 -2.0000e-03 -2.0000e-03 -2.0000e-03 -2.0000e-03 -2.0000e-03 -1.9999e-03 -1.9999e-03 -1.9999e-03 -1.9999e-03 -1.9999e-03 -1.9999e-03 -1.9999e-03 -1.9999e-03 -1.9999e-03 -1.9999e-03 -1.9999e-03 -1.9999e-03 -1.9999e-03 