# Author: FAC idanalysis.IDKickMap
#
# Total Length of Longitudinal Interval [m]
0.13
# Number of Horizontal Points
24
# Number of Vertical Points
9
# Total Horizontal 2nd Order Kick [T2m2]
START
            -0000.01200 -0000.01100 -0000.01000 -0000.00900 -0000.00800 -0000.00700 -0000.00600 -0000.00500 -0000.00400 -0000.00300 -0000.00200 -0000.00100 +0000.00000 +0000.00100 +0000.00200 +0000.00300 +0000.00400 +0000.00500 +0000.00600 +0000.00700 +0000.00800 +0000.00900 +0000.01000 +0000.01100
+0000.00200 -1.5014e-03 -1.4713e-03 -1.3877e-03 -1.3819e-03 -1.3877e-03 -1.3360e-03 -1.3068e-03 -1.3341e-03 -1.3037e-03 -1.2381e-03 -1.3035e-03 -1.2935e-03 -1.1781e-03 -1.2946e-03 -1.3020e-03 -1.2272e-03 -1.3044e-03 -1.3317e-03 -1.2986e-03 -1.3370e-03 -1.3846e-03 -1.3741e-03 -1.3898e-03 -1.4663e-03
+0000.00150 -9.6302e-04 -9.4633e-04 -8.9301e-04 -8.7572e-04 -8.7100e-04 -8.3270e-04 -8.1065e-04 -8.1892e-04 -7.9504e-04 -7.6801e-04 -7.8956e-04 -7.8177e-04 -7.5489e-04 -7.8263e-04 -7.8884e-04 -7.6684e-04 -7.9602e-04 -8.1825e-04 -8.0875e-04 -8.3388e-04 -8.7040e-04 -8.7328e-04 -8.9416e-04 -9.4574e-04
+0000.00100 -9.4397e-04 -9.3274e-04 -8.9886e-04 -8.7750e-04 -8.6340e-04 -8.3588e-04 -8.1716e-04 -8.1195e-04 -7.9449e-04 -7.7951e-04 -7.8355e-04 -7.7796e-04 -7.6808e-04 -7.7830e-04 -7.8315e-04 -7.7911e-04 -7.9471e-04 -8.1147e-04 -8.1640e-04 -8.3598e-04 -8.6284e-04 -8.7627e-04 -8.9858e-04 -9.3185e-04
+0000.00050 -9.3557e-04 -9.2628e-04 -9.0098e-04 -8.7911e-04 -8.6099e-04 -8.3812e-04 -8.2044e-04 -8.0989e-04 -7.9549e-04 -7.8407e-04 -7.8205e-04 -7.7752e-04 -7.7284e-04 -7.7763e-04 -7.8181e-04 -7.8382e-04 -7.9544e-04 -8.0952e-04 -8.1994e-04 -8.3789e-04 -8.6045e-04 -8.7824e-04 -9.0033e-04 -9.2514e-04
+0000.00000 -9.3309e-04 -9.2431e-04 -9.0141e-04 -8.7958e-04 -8.6044e-04 -8.3878e-04 -8.2134e-04 -8.0945e-04 -7.9587e-04 -7.8527e-04 -7.8176e-04 -7.7752e-04 -7.7406e-04 -7.7758e-04 -7.8157e-04 -7.8505e-04 -7.9576e-04 -8.0911e-04 -8.2090e-04 -8.3848e-04 -8.5990e-04 -8.7879e-04 -9.0068e-04 -9.2307e-04
-0000.00050 -9.3557e-04 -9.2628e-04 -9.0098e-04 -8.7911e-04 -8.6099e-04 -8.3812e-04 -8.2043e-04 -8.0989e-04 -7.9549e-04 -7.8407e-04 -7.8205e-04 -7.7752e-04 -7.7284e-04 -7.7764e-04 -7.8181e-04 -7.8382e-04 -7.9544e-04 -8.0952e-04 -8.1994e-04 -8.3789e-04 -8.6045e-04 -8.7824e-04 -9.0033e-04 -9.2514e-04
-0000.00100 -9.4397e-04 -9.3273e-04 -8.9887e-04 -8.7750e-04 -8.6340e-04 -8.3588e-04 -8.1716e-04 -8.1194e-04 -7.9448e-04 -7.7950e-04 -7.8355e-04 -7.7796e-04 -7.6808e-04 -7.7830e-04 -7.8315e-04 -7.7911e-04 -7.9472e-04 -8.1148e-04 -8.1640e-04 -8.3599e-04 -8.6284e-04 -8.7627e-04 -8.9858e-04 -9.3186e-04
-0000.00150 -9.6302e-04 -9.4632e-04 -8.9301e-04 -8.7572e-04 -8.7099e-04 -8.3270e-04 -8.1065e-04 -8.1891e-04 -7.9503e-04 -7.6801e-04 -7.8956e-04 -7.8177e-04 -7.5489e-04 -7.8264e-04 -7.8884e-04 -7.6684e-04 -7.9603e-04 -8.1826e-04 -8.0875e-04 -8.3389e-04 -8.7041e-04 -8.7328e-04 -8.9415e-04 -9.4574e-04
-0000.00200 -1.5014e-03 -1.4713e-03 -1.3877e-03 -1.3819e-03 -1.3877e-03 -1.3360e-03 -1.3068e-03 -1.3341e-03 -1.3037e-03 -1.2381e-03 -1.3035e-03 -1.2935e-03 -1.1781e-03 -1.2946e-03 -1.3020e-03 -1.2271e-03 -1.3044e-03 -1.3317e-03 -1.2986e-03 -1.3370e-03 -1.3846e-03 -1.3741e-03 -1.3898e-03 -1.4663e-03
# Total Vertical 2nd Order Kick [T2m2]
START
            -0000.01200 -0000.01100 -0000.01000 -0000.00900 -0000.00800 -0000.00700 -0000.00600 -0000.00500 -0000.00400 -0000.00300 -0000.00200 -0000.00100 +0000.00000 +0000.00100 +0000.00200 +0000.00300 +0000.00400 +0000.00500 +0000.00600 +0000.00700 +0000.00800 +0000.00900 +0000.01000 +0000.01100
+0000.00200 -2.1347e-04 -2.7613e-04 -3.2134e-04 -2.2166e-04 -2.6163e-04 -3.0006e-04 -2.0241e-04 -2.3837e-04 -2.7718e-04 -1.8375e-04 -2.1183e-04 -2.5166e-04 -2.0721e-04 -1.8907e-04 -2.2896e-04 -2.5154e-04 -1.6347e-04 -2.0247e-04 -2.3628e-04 -1.4040e-04 -1.7941e-04 -2.1858e-04 -1.1840e-04 -1.6534e-04
+0000.00150 -1.3579e-04 -1.7878e-04 -1.9256e-04 -1.6022e-04 -1.7399e-04 -1.8599e-04 -1.5186e-04 -1.5869e-04 -1.7423e-04 -1.4471e-04 -1.4130e-04 -1.5928e-04 -1.4166e-04 -1.2692e-04 -1.4509e-04 -1.3898e-04 -1.1163e-04 -1.2779e-04 -1.3244e-04 -9.9303e-05 -1.1261e-04 -1.2482e-04 -9.1747e-05 -1.0810e-04
+0000.00100 -8.3244e-05 -1.0688e-04 -1.1364e-04 -1.0292e-04 -1.0693e-04 -1.1000e-04 -9.7401e-05 -9.7860e-05 -1.0273e-04 -9.1163e-05 -8.7526e-05 -9.3875e-05 -8.6049e-05 -7.8997e-05 -8.5459e-05 -8.0982e-05 -6.9973e-05 -7.5169e-05 -7.4800e-05 -6.2466e-05 -6.6140e-05 -6.9426e-05 -5.8549e-05 -6.6450e-05
+0000.00050 -3.9741e-05 -4.9998e-05 -5.3232e-05 -4.9966e-05 -5.0969e-05 -5.1559e-05 -4.7142e-05 -4.6744e-05 -4.7923e-05 -4.3702e-05 -4.1906e-05 -4.3666e-05 -4.0655e-05 -3.7863e-05 -3.9664e-05 -3.7617e-05 -3.3545e-05 -3.4833e-05 -3.4170e-05 -2.9823e-05 -3.0614e-05 -3.1367e-05 -2.8076e-05 -3.1751e-05
+0000.00000 -2.3632e-08 -2.4021e-08 -2.4009e-08 -2.3432e-08 -2.4819e-08 -2.6846e-08 -2.7968e-08 -2.9787e-08 -3.2083e-08 -3.3225e-08 -3.3825e-08 -3.4545e-08 -3.4865e-08 -3.4556e-08 -3.3945e-08 -3.3536e-08 -3.2582e-08 -3.0360e-08 -2.8531e-08 -2.7400e-08 -2.5281e-08 -2.3734e-08 -2.4334e-08 -2.4537e-08
-0000.00050 +3.9694e-05 +4.9950e-05 +5.3184e-05 +4.9920e-05 +5.0920e-05 +5.1504e-05 +4.7086e-05 +4.6685e-05 +4.7858e-05 +4.3635e-05 +4.1838e-05 +4.3597e-05 +4.0586e-05 +3.7794e-05 +3.9596e-05 +3.7550e-05 +3.3480e-05 +3.4772e-05 +3.4114e-05 +2.9768e-05 +3.0563e-05 +3.1321e-05 +2.8027e-05 +3.1702e-05
-0000.00100 +8.3199e-05 +1.0683e-04 +1.1359e-04 +1.0287e-04 +1.0688e-04 +1.0994e-04 +9.7347e-05 +9.7801e-05 +1.0267e-04 +9.1096e-05 +8.7459e-05 +9.3806e-05 +8.5978e-05 +7.8927e-05 +8.5392e-05 +8.0915e-05 +6.9906e-05 +7.5109e-05 +7.4745e-05 +6.2409e-05 +6.6090e-05 +6.9382e-05 +5.8499e-05 +6.6400e-05
-0000.00150 +1.3575e-04 +1.7873e-04 +1.9251e-04 +1.6018e-04 +1.7394e-04 +1.8593e-04 +1.5181e-04 +1.5864e-04 +1.7416e-04 +1.4464e-04 +1.4124e-04 +1.5921e-04 +1.4158e-04 +1.2685e-04 +1.4503e-04 +1.3891e-04 +1.1156e-04 +1.2773e-04 +1.3239e-04 +9.9241e-05 +1.1256e-04 +1.2478e-04 +9.1692e-05 +1.0805e-04
-0000.00200 +2.1345e-04 +2.7608e-04 +3.2126e-04 +2.2164e-04 +2.6158e-04 +2.9999e-04 +2.0238e-04 +2.3831e-04 +2.7710e-04 +1.8369e-04 +2.1176e-04 +2.5159e-04 +2.0714e-04 +1.8900e-04 +2.2889e-04 +2.5148e-04 +1.6339e-04 +2.0241e-04 +2.3624e-04 +1.4032e-04 +1.7936e-04 +2.1856e-04 +1.1832e-04 +1.6528e-04
# Horizontal Final Position [m]
START
            -0000.01200 -0000.01100 -0000.01000 -0000.00900 -0000.00800 -0000.00700 -0000.00600 -0000.00500 -0000.00400 -0000.00300 -0000.00200 -0000.00100 +0000.00000 +0000.00100 +0000.00200 +0000.00300 +0000.00400 +0000.00500 +0000.00600 +0000.00700 +0000.00800 +0000.00900 +0000.01000 +0000.01100
+0000.00200 -1.1999e-02 -1.1000e-02 -9.9998e-03 -8.9999e-03 -8.0001e-03 -7.0001e-03 -6.0002e-03 -5.0003e-03 -4.0004e-03 -3.0004e-03 -2.0004e-03 -1.0005e-03 -4.1780e-07 +9.9954e-04 +1.9996e-03 +2.9996e-03 +3.9996e-03 +4.9997e-03 +5.9998e-03 +6.9999e-03 +7.9999e-03 +9.0001e-03 +1.0000e-02 +1.1000e-02
+0000.00150 -1.1999e-02 -1.0999e-02 -9.9993e-03 -8.9995e-03 -7.9996e-03 -6.9997e-03 -5.9998e-03 -4.9999e-03 -3.9999e-03 -3.0000e-03 -2.0000e-03 -1.0000e-03 -7.3185e-09 +9.9999e-04 +2.0000e-03 +3.0000e-03 +4.0001e-03 +5.0001e-03 +6.0002e-03 +7.0003e-03 +8.0004e-03 +9.0005e-03 +1.0001e-02 +1.1001e-02
+0000.00100 -1.1999e-02 -1.0999e-02 -9.9993e-03 -8.9995e-03 -7.9996e-03 -6.9997e-03 -5.9998e-03 -4.9999e-03 -3.9999e-03 -3.0000e-03 -2.0000e-03 -1.0000e-03 -7.6207e-09 +9.9999e-04 +2.0000e-03 +3.0000e-03 +4.0001e-03 +5.0001e-03 +6.0002e-03 +7.0003e-03 +8.0004e-03 +9.0005e-03 +1.0001e-02 +1.1001e-02
+0000.00050 -1.1999e-02 -1.0999e-02 -9.9993e-03 -8.9995e-03 -7.9996e-03 -6.9997e-03 -5.9998e-03 -4.9999e-03 -3.9999e-03 -3.0000e-03 -2.0000e-03 -1.0000e-03 -6.9345e-09 +1.0000e-03 +2.0000e-03 +3.0000e-03 +4.0001e-03 +5.0001e-03 +6.0002e-03 +7.0003e-03 +8.0004e-03 +9.0005e-03 +1.0001e-02 +1.1001e-02
+0000.00000 -1.1999e-02 -1.0999e-02 -9.9993e-03 -8.9995e-03 -7.9996e-03 -6.9997e-03 -5.9998e-03 -4.9999e-03 -3.9999e-03 -3.0000e-03 -2.0000e-03 -1.0000e-03 -6.5575e-09 +1.0000e-03 +2.0000e-03 +3.0000e-03 +4.0001e-03 +5.0001e-03 +6.0002e-03 +7.0003e-03 +8.0004e-03 +9.0005e-03 +1.0001e-02 +1.1001e-02
-0000.00050 -1.1999e-02 -1.0999e-02 -9.9993e-03 -8.9995e-03 -7.9996e-03 -6.9997e-03 -5.9998e-03 -4.9999e-03 -3.9999e-03 -3.0000e-03 -2.0000e-03 -1.0000e-03 -6.9345e-09 +1.0000e-03 +2.0000e-03 +3.0000e-03 +4.0001e-03 +5.0001e-03 +6.0002e-03 +7.0003e-03 +8.0004e-03 +9.0005e-03 +1.0001e-02 +1.1001e-02
-0000.00100 -1.1999e-02 -1.0999e-02 -9.9993e-03 -8.9995e-03 -7.9996e-03 -6.9997e-03 -5.9998e-03 -4.9999e-03 -3.9999e-03 -3.0000e-03 -2.0000e-03 -1.0000e-03 -7.6208e-09 +9.9999e-04 +2.0000e-03 +3.0000e-03 +4.0001e-03 +5.0001e-03 +6.0002e-03 +7.0003e-03 +8.0004e-03 +9.0005e-03 +1.0001e-02 +1.1001e-02
-0000.00150 -1.1999e-02 -1.0999e-02 -9.9993e-03 -8.9995e-03 -7.9996e-03 -6.9997e-03 -5.9998e-03 -4.9999e-03 -3.9999e-03 -3.0000e-03 -2.0000e-03 -1.0000e-03 -7.3187e-09 +9.9999e-04 +2.0000e-03 +3.0000e-03 +4.0001e-03 +5.0001e-03 +6.0002e-03 +7.0003e-03 +8.0004e-03 +9.0005e-03 +1.0001e-02 +1.1001e-02
-0000.00200 -1.1999e-02 -1.1000e-02 -9.9998e-03 -8.9999e-03 -8.0001e-03 -7.0001e-03 -6.0002e-03 -5.0003e-03 -4.0004e-03 -3.0004e-03 -2.0004e-03 -1.0005e-03 -4.1780e-07 +9.9954e-04 +1.9996e-03 +2.9996e-03 +3.9996e-03 +4.9997e-03 +5.9998e-03 +6.9999e-03 +7.9999e-03 +9.0001e-03 +1.0000e-02 +1.1000e-02
# Vertical Final Position [m]
START
            -0000.01200 -0000.01100 -0000.01000 -0000.00900 -0000.00800 -0000.00700 -0000.00600 -0000.00500 -0000.00400 -0000.00300 -0000.00200 -0000.00100 +0000.00000 +0000.00100 +0000.00200 +0000.00300 +0000.00400 +0000.00500 +0000.00600 +0000.00700 +0000.00800 +0000.00900 +0000.01000 +0000.01100
+0000.00200 +2.0003e-03 +2.0002e-03 +2.0001e-03 +2.0000e-03 +2.0000e-03 +2.0000e-03 +2.0000e-03 +1.9999e-03 +1.9999e-03 +1.9999e-03 +1.9998e-03 +1.9998e-03 +1.9998e-03 +1.9998e-03 +1.9997e-03 +1.9997e-03 +1.9997e-03 +1.9996e-03 +1.9996e-03 +1.9996e-03 +1.9996e-03 +1.9995e-03 +1.9994e-03 +1.9994e-03
+0000.00150 +1.5002e-03 +1.5002e-03 +1.5001e-03 +1.5001e-03 +1.5000e-03 +1.5000e-03 +1.5000e-03 +1.5000e-03 +1.4999e-03 +1.4999e-03 +1.4999e-03 +1.4999e-03 +1.4999e-03 +1.4998e-03 +1.4998e-03 +1.4998e-03 +1.4998e-03 +1.4998e-03 +1.4997e-03 +1.4997e-03 +1.4997e-03 +1.4997e-03 +1.4996e-03 +1.4996e-03
+0000.00100 +1.0001e-03 +1.0001e-03 +1.0001e-03 +1.0001e-03 +1.0000e-03 +1.0000e-03 +1.0000e-03 +9.9998e-04 +9.9996e-04 +9.9995e-04 +9.9994e-04 +9.9992e-04 +9.9991e-04 +9.9991e-04 +9.9989e-04 +9.9988e-04 +9.9986e-04 +9.9985e-04 +9.9983e-04 +9.9982e-04 +9.9980e-04 +9.9978e-04 +9.9974e-04 +9.9972e-04
+0000.00050 +5.0006e-04 +5.0006e-04 +5.0004e-04 +5.0003e-04 +5.0002e-04 +5.0001e-04 +5.0000e-04 +4.9999e-04 +4.9999e-04 +4.9998e-04 +4.9997e-04 +4.9996e-04 +4.9996e-04 +4.9995e-04 +4.9995e-04 +4.9994e-04 +4.9993e-04 +4.9993e-04 +4.9992e-04 +4.9991e-04 +4.9990e-04 +4.9989e-04 +4.9988e-04 +4.9986e-04
+0000.00000 -4.0366e-11 -4.4606e-11 -4.8005e-11 -4.9656e-11 -5.3287e-11 -5.7302e-11 -5.9410e-11 -6.1987e-11 -6.5142e-11 -6.6780e-11 -6.7663e-11 -6.8729e-11 -6.9224e-11 -6.8701e-11 -6.7708e-11 -6.7019e-11 -6.5641e-11 -6.2660e-11 -6.0130e-11 -5.8012e-11 -5.3894e-11 -5.0093e-11 -4.8446e-11 -4.5230e-11
-0000.00050 -5.0006e-04 -5.0006e-04 -5.0004e-04 -5.0003e-04 -5.0002e-04 -5.0001e-04 -5.0000e-04 -4.9999e-04 -4.9999e-04 -4.9998e-04 -4.9997e-04 -4.9996e-04 -4.9996e-04 -4.9995e-04 -4.9995e-04 -4.9994e-04 -4.9993e-04 -4.9993e-04 -4.9992e-04 -4.9991e-04 -4.9990e-04 -4.9989e-04 -4.9988e-04 -4.9986e-04
-0000.00100 -1.0001e-03 -1.0001e-03 -1.0001e-03 -1.0001e-03 -1.0000e-03 -1.0000e-03 -1.0000e-03 -9.9998e-04 -9.9996e-04 -9.9995e-04 -9.9994e-04 -9.9992e-04 -9.9991e-04 -9.9991e-04 -9.9989e-04 -9.9988e-04 -9.9986e-04 -9.9985e-04 -9.9983e-04 -9.9982e-04 -9.9980e-04 -9.9978e-04 -9.9974e-04 -9.9972e-04
-0000.00150 -1.5002e-03 -1.5002e-03 -1.5001e-03 -1.5001e-03 -1.5000e-03 -1.5000e-03 -1.5000e-03 -1.5000e-03 -1.4999e-03 -1.4999e-03 -1.4999e-03 -1.4999e-03 -1.4999e-03 -1.4998e-03 -1.4998e-03 -1.4998e-03 -1.4998e-03 -1.4998e-03 -1.4997e-03 -1.4997e-03 -1.4997e-03 -1.4997e-03 -1.4996e-03 -1.4996e-03
-0000.00200 -2.0003e-03 -2.0002e-03 -2.0001e-03 -2.0000e-03 -2.0000e-03 -2.0000e-03 -2.0000e-03 -1.9999e-03 -1.9999e-03 -1.9999e-03 -1.9998e-03 -1.9998e-03 -1.9998e-03 -1.9998e-03 -1.9997e-03 -1.9997e-03 -1.9997e-03 -1.9996e-03 -1.9996e-03 -1.9996e-03 -1.9996e-03 -1.9995e-03 -1.9994e-03 -1.9994e-03
