# Author: FAC idanalysis.IDKickMap
# Termination_kicks [T2m2]: +0.0000e+00 +0.0000e+00 +0.0000e+00 +0.0000e+00 
# Total Length of Longitudinal Interval [m]
0.13
# Number of Horizontal Points
61
# Number of Vertical Points
9
# Total Horizontal 2nd Order Kick [T2m2]
START
            -0000.01000 -0000.00967 -0000.00933 -0000.00900 -0000.00867 -0000.00833 -0000.00800 -0000.00767 -0000.00733 -0000.00700 -0000.00667 -0000.00633 -0000.00600 -0000.00567 -0000.00533 -0000.00500 -0000.00467 -0000.00433 -0000.00400 -0000.00367 -0000.00333 -0000.00300 -0000.00267 -0000.00233 -0000.00200 -0000.00167 -0000.00133 -0000.00100 -0000.00067 -0000.00033 +0000.00000 +0000.00033 +0000.00067 +0000.00100 +0000.00133 +0000.00167 +0000.00200 +0000.00233 +0000.00267 +0000.00300 +0000.00333 +0000.00367 +0000.00400 +0000.00433 +0000.00467 +0000.00500 +0000.00533 +0000.00567 +0000.00600 +0000.00633 +0000.00667 +0000.00700 +0000.00733 +0000.00767 +0000.00800 +0000.00833 +0000.00867 +0000.00900 +0000.00933 +0000.00967 +0000.01000 
+0000.00200 +1.9242e-04 +1.9145e-04 +1.9049e-04 +1.8955e-04 +1.8863e-04 +1.8772e-04 +1.8685e-04 +1.8599e-04 +1.8516e-04 +1.8436e-04 +1.8358e-04 +1.8284e-04 +1.8213e-04 +1.8144e-04 +1.8080e-04 +1.8018e-04 +1.7960e-04 +1.7906e-04 +1.7855e-04 +1.7809e-04 +1.7766e-04 +1.7727e-04 +1.7692e-04 +1.7660e-04 +1.7634e-04 +1.7611e-04 +1.7592e-04 +1.7578e-04 +1.7567e-04 +1.7561e-04 +1.7559e-04 +1.7562e-04 +1.7568e-04 +1.7579e-04 +1.7594e-04 +1.7614e-04 +1.7637e-04 +1.7665e-04 +1.7696e-04 +1.7732e-04 +1.7771e-04 +1.7815e-04 +1.7862e-04 +1.7914e-04 +1.7969e-04 +1.8027e-04 +1.8089e-04 +1.8155e-04 +1.8223e-04 +1.8295e-04 +1.8371e-04 +1.8449e-04 +1.8530e-04 +1.8613e-04 +1.8699e-04 +1.8788e-04 +1.8879e-04 +1.8972e-04 +1.9067e-04 +1.9164e-04 +1.9262e-04 
+0000.00150 +1.6337e-04 +1.6242e-04 +1.6149e-04 +1.6059e-04 +1.5972e-04 +1.5887e-04 +1.5806e-04 +1.5726e-04 +1.5650e-04 +1.5577e-04 +1.5507e-04 +1.5440e-04 +1.5376e-04 +1.5315e-04 +1.5258e-04 +1.5204e-04 +1.5153e-04 +1.5105e-04 +1.5061e-04 +1.5020e-04 +1.4983e-04 +1.4950e-04 +1.4919e-04 +1.4893e-04 +1.4870e-04 +1.4851e-04 +1.4835e-04 +1.4823e-04 +1.4814e-04 +1.4809e-04 +1.4808e-04 +1.4811e-04 +1.4817e-04 +1.4826e-04 +1.4840e-04 +1.4857e-04 +1.4877e-04 +1.4902e-04 +1.4929e-04 +1.4961e-04 +1.4996e-04 +1.5034e-04 +1.5076e-04 +1.5121e-04 +1.5170e-04 +1.5222e-04 +1.5277e-04 +1.5335e-04 +1.5397e-04 +1.5462e-04 +1.5530e-04 +1.5601e-04 +1.5676e-04 +1.5753e-04 +1.5833e-04 +1.5915e-04 +1.6001e-04 +1.6089e-04 +1.6180e-04 +1.6273e-04 +1.6369e-04 
+0000.00100 +1.6337e-04 +1.6242e-04 +1.6149e-04 +1.6059e-04 +1.5972e-04 +1.5889e-04 +1.5808e-04 +1.5730e-04 +1.5655e-04 +1.5583e-04 +1.5514e-04 +1.5448e-04 +1.5386e-04 +1.5327e-04 +1.5271e-04 +1.5218e-04 +1.5169e-04 +1.5123e-04 +1.5080e-04 +1.5041e-04 +1.5005e-04 +1.4972e-04 +1.4943e-04 +1.4917e-04 +1.4895e-04 +1.4877e-04 +1.4861e-04 +1.4850e-04 +1.4841e-04 +1.4837e-04 +1.4836e-04 +1.4838e-04 +1.4844e-04 +1.4853e-04 +1.4866e-04 +1.4882e-04 +1.4902e-04 +1.4925e-04 +1.4952e-04 +1.4982e-04 +1.5015e-04 +1.5052e-04 +1.5093e-04 +1.5137e-04 +1.5184e-04 +1.5234e-04 +1.5288e-04 +1.5345e-04 +1.5405e-04 +1.5469e-04 +1.5536e-04 +1.5606e-04 +1.5679e-04 +1.5755e-04 +1.5834e-04 +1.5916e-04 +1.6001e-04 +1.6089e-04 +1.6180e-04 +1.6273e-04 +1.6370e-04 
+0000.00050 +1.6344e-04 +1.6248e-04 +1.6155e-04 +1.6066e-04 +1.5979e-04 +1.5895e-04 +1.5814e-04 +1.5737e-04 +1.5662e-04 +1.5591e-04 +1.5522e-04 +1.5457e-04 +1.5396e-04 +1.5337e-04 +1.5282e-04 +1.5230e-04 +1.5181e-04 +1.5135e-04 +1.5093e-04 +1.5055e-04 +1.5019e-04 +1.4987e-04 +1.4959e-04 +1.4933e-04 +1.4912e-04 +1.4893e-04 +1.4878e-04 +1.4867e-04 +1.4859e-04 +1.4854e-04 +1.4853e-04 +1.4855e-04 +1.4861e-04 +1.4870e-04 +1.4882e-04 +1.4898e-04 +1.4917e-04 +1.4940e-04 +1.4966e-04 +1.4996e-04 +1.5029e-04 +1.5065e-04 +1.5105e-04 +1.5148e-04 +1.5195e-04 +1.5245e-04 +1.5298e-04 +1.5354e-04 +1.5414e-04 +1.5477e-04 +1.5543e-04 +1.5612e-04 +1.5685e-04 +1.5761e-04 +1.5839e-04 +1.5921e-04 +1.6006e-04 +1.6094e-04 +1.6185e-04 +1.6280e-04 +1.6377e-04 
+0000.00000 +1.6347e-04 +1.6251e-04 +1.6158e-04 +1.6068e-04 +1.5982e-04 +1.5898e-04 +1.5817e-04 +1.5739e-04 +1.5665e-04 +1.5594e-04 +1.5526e-04 +1.5461e-04 +1.5399e-04 +1.5341e-04 +1.5286e-04 +1.5234e-04 +1.5185e-04 +1.5140e-04 +1.5098e-04 +1.5059e-04 +1.5024e-04 +1.4992e-04 +1.4964e-04 +1.4939e-04 +1.4917e-04 +1.4899e-04 +1.4884e-04 +1.4872e-04 +1.4864e-04 +1.4860e-04 +1.4859e-04 +1.4861e-04 +1.4866e-04 +1.4875e-04 +1.4888e-04 +1.4904e-04 +1.4923e-04 +1.4946e-04 +1.4972e-04 +1.5001e-04 +1.5034e-04 +1.5070e-04 +1.5110e-04 +1.5153e-04 +1.5199e-04 +1.5249e-04 +1.5302e-04 +1.5358e-04 +1.5417e-04 +1.5480e-04 +1.5546e-04 +1.5615e-04 +1.5687e-04 +1.5763e-04 +1.5842e-04 +1.5924e-04 +1.6008e-04 +1.6097e-04 +1.6188e-04 +1.6282e-04 +1.6379e-04 
-0000.00050 +1.6345e-04 +1.6249e-04 +1.6156e-04 +1.6067e-04 +1.5980e-04 +1.5896e-04 +1.5815e-04 +1.5737e-04 +1.5663e-04 +1.5591e-04 +1.5523e-04 +1.5458e-04 +1.5396e-04 +1.5337e-04 +1.5282e-04 +1.5230e-04 +1.5181e-04 +1.5136e-04 +1.5094e-04 +1.5055e-04 +1.5019e-04 +1.4987e-04 +1.4959e-04 +1.4934e-04 +1.4912e-04 +1.4893e-04 +1.4878e-04 +1.4867e-04 +1.4859e-04 +1.4854e-04 +1.4853e-04 +1.4855e-04 +1.4861e-04 +1.4870e-04 +1.4882e-04 +1.4898e-04 +1.4918e-04 +1.4941e-04 +1.4967e-04 +1.4996e-04 +1.5029e-04 +1.5066e-04 +1.5105e-04 +1.5149e-04 +1.5195e-04 +1.5245e-04 +1.5298e-04 +1.5354e-04 +1.5414e-04 +1.5477e-04 +1.5543e-04 +1.5612e-04 +1.5684e-04 +1.5760e-04 +1.5839e-04 +1.5921e-04 +1.6006e-04 +1.6094e-04 +1.6185e-04 +1.6278e-04 +1.6375e-04 
-0000.00100 +1.6339e-04 +1.6244e-04 +1.6151e-04 +1.6061e-04 +1.5974e-04 +1.5890e-04 +1.5809e-04 +1.5731e-04 +1.5655e-04 +1.5583e-04 +1.5515e-04 +1.5449e-04 +1.5386e-04 +1.5327e-04 +1.5271e-04 +1.5218e-04 +1.5169e-04 +1.5123e-04 +1.5080e-04 +1.5041e-04 +1.5005e-04 +1.4972e-04 +1.4943e-04 +1.4917e-04 +1.4895e-04 +1.4877e-04 +1.4861e-04 +1.4850e-04 +1.4841e-04 +1.4837e-04 +1.4835e-04 +1.4838e-04 +1.4844e-04 +1.4853e-04 +1.4866e-04 +1.4882e-04 +1.4902e-04 +1.4925e-04 +1.4952e-04 +1.4982e-04 +1.5015e-04 +1.5052e-04 +1.5093e-04 +1.5136e-04 +1.5183e-04 +1.5234e-04 +1.5288e-04 +1.5345e-04 +1.5405e-04 +1.5468e-04 +1.5535e-04 +1.5605e-04 +1.5677e-04 +1.5753e-04 +1.5832e-04 +1.5914e-04 +1.5999e-04 +1.6087e-04 +1.6178e-04 +1.6271e-04 +1.6367e-04 
-0000.00150 +1.6341e-04 +1.6245e-04 +1.6152e-04 +1.6062e-04 +1.5974e-04 +1.5890e-04 +1.5807e-04 +1.5728e-04 +1.5652e-04 +1.5578e-04 +1.5508e-04 +1.5441e-04 +1.5377e-04 +1.5316e-04 +1.5258e-04 +1.5204e-04 +1.5153e-04 +1.5106e-04 +1.5061e-04 +1.5021e-04 +1.4984e-04 +1.4950e-04 +1.4920e-04 +1.4893e-04 +1.4870e-04 +1.4851e-04 +1.4835e-04 +1.4823e-04 +1.4815e-04 +1.4810e-04 +1.4808e-04 +1.4811e-04 +1.4817e-04 +1.4827e-04 +1.4840e-04 +1.4857e-04 +1.4878e-04 +1.4902e-04 +1.4930e-04 +1.4961e-04 +1.4996e-04 +1.5034e-04 +1.5076e-04 +1.5121e-04 +1.5169e-04 +1.5221e-04 +1.5276e-04 +1.5335e-04 +1.5396e-04 +1.5461e-04 +1.5529e-04 +1.5600e-04 +1.5674e-04 +1.5751e-04 +1.5830e-04 +1.5913e-04 +1.5998e-04 +1.6086e-04 +1.6176e-04 +1.6269e-04 +1.6365e-04 
-0000.00200 +1.9249e-04 +1.9151e-04 +1.9055e-04 +1.8960e-04 +1.8867e-04 +1.8776e-04 +1.8688e-04 +1.8602e-04 +1.8519e-04 +1.8438e-04 +1.8360e-04 +1.8285e-04 +1.8214e-04 +1.8145e-04 +1.8080e-04 +1.8019e-04 +1.7961e-04 +1.7906e-04 +1.7856e-04 +1.7809e-04 +1.7766e-04 +1.7727e-04 +1.7691e-04 +1.7660e-04 +1.7633e-04 +1.7611e-04 +1.7592e-04 +1.7577e-04 +1.7567e-04 +1.7561e-04 +1.7559e-04 +1.7562e-04 +1.7568e-04 +1.7579e-04 +1.7594e-04 +1.7614e-04 +1.7637e-04 +1.7665e-04 +1.7696e-04 +1.7732e-04 +1.7771e-04 +1.7815e-04 +1.7862e-04 +1.7913e-04 +1.7968e-04 +1.8026e-04 +1.8088e-04 +1.8154e-04 +1.8222e-04 +1.8294e-04 +1.8369e-04 +1.8447e-04 +1.8527e-04 +1.8610e-04 +1.8696e-04 +1.8784e-04 +1.8875e-04 +1.8967e-04 +1.9062e-04 +1.9158e-04 +1.9255e-04 
# Total Vertical 2nd Order Kick [T2m2]
START
            -0000.01000 -0000.00967 -0000.00933 -0000.00900 -0000.00867 -0000.00833 -0000.00800 -0000.00767 -0000.00733 -0000.00700 -0000.00667 -0000.00633 -0000.00600 -0000.00567 -0000.00533 -0000.00500 -0000.00467 -0000.00433 -0000.00400 -0000.00367 -0000.00333 -0000.00300 -0000.00267 -0000.00233 -0000.00200 -0000.00167 -0000.00133 -0000.00100 -0000.00067 -0000.00033 +0000.00000 +0000.00033 +0000.00067 +0000.00100 +0000.00133 +0000.00167 +0000.00200 +0000.00233 +0000.00267 +0000.00300 +0000.00333 +0000.00367 +0000.00400 +0000.00433 +0000.00467 +0000.00500 +0000.00533 +0000.00567 +0000.00600 +0000.00633 +0000.00667 +0000.00700 +0000.00733 +0000.00767 +0000.00800 +0000.00833 +0000.00867 +0000.00900 +0000.00933 +0000.00967 +0000.01000 
+0000.00200 +1.9242e-04 +1.9145e-04 +1.9049e-04 +1.8955e-04 +1.8863e-04 +1.8772e-04 +1.8685e-04 +1.8599e-04 +1.8516e-04 +1.8436e-04 +1.8358e-04 +1.8284e-04 +1.8213e-04 +1.8144e-04 +1.8080e-04 +1.8018e-04 +1.7960e-04 +1.7906e-04 +1.7855e-04 +1.7809e-04 +1.7766e-04 +1.7727e-04 +1.7692e-04 +1.7660e-04 +1.7634e-04 +1.7611e-04 +1.7592e-04 +1.7578e-04 +1.7567e-04 +1.7561e-04 +1.7559e-04 +1.7562e-04 +1.7568e-04 +1.7579e-04 +1.7594e-04 +1.7614e-04 +1.7637e-04 +1.7665e-04 +1.7696e-04 +1.7732e-04 +1.7771e-04 +1.7815e-04 +1.7862e-04 +1.7914e-04 +1.7969e-04 +1.8027e-04 +1.8089e-04 +1.8155e-04 +1.8223e-04 +1.8295e-04 +1.8371e-04 +1.8449e-04 +1.8530e-04 +1.8613e-04 +1.8699e-04 +1.8788e-04 +1.8879e-04 +1.8972e-04 +1.9067e-04 +1.9164e-04 +1.9262e-04 
+0000.00150 +1.9242e-04 +1.9145e-04 +1.9049e-04 +1.8955e-04 +1.8863e-04 +1.8772e-04 +1.8685e-04 +1.8599e-04 +1.8516e-04 +1.8436e-04 +1.8358e-04 +1.8284e-04 +1.8213e-04 +1.8144e-04 +1.8080e-04 +1.8018e-04 +1.7960e-04 +1.7906e-04 +1.7855e-04 +1.7809e-04 +1.7766e-04 +1.7727e-04 +1.7692e-04 +1.7660e-04 +1.7634e-04 +1.7611e-04 +1.7592e-04 +1.7578e-04 +1.7567e-04 +1.7561e-04 +1.7559e-04 +1.7562e-04 +1.7568e-04 +1.7579e-04 +1.7594e-04 +1.7614e-04 +1.7637e-04 +1.7665e-04 +1.7696e-04 +1.7732e-04 +1.7771e-04 +1.7815e-04 +1.7862e-04 +1.7914e-04 +1.7969e-04 +1.8027e-04 +1.8089e-04 +1.8155e-04 +1.8223e-04 +1.8295e-04 +1.8371e-04 +1.8449e-04 +1.8530e-04 +1.8613e-04 +1.8699e-04 +1.8788e-04 +1.8879e-04 +1.8972e-04 +1.9067e-04 +1.9164e-04 +1.9262e-04 
+0000.00100 +1.9242e-04 +1.9145e-04 +1.9049e-04 +1.8955e-04 +1.8863e-04 +1.8772e-04 +1.8685e-04 +1.8599e-04 +1.8516e-04 +1.8436e-04 +1.8358e-04 +1.8284e-04 +1.8213e-04 +1.8144e-04 +1.8080e-04 +1.8018e-04 +1.7960e-04 +1.7906e-04 +1.7855e-04 +1.7809e-04 +1.7766e-04 +1.7727e-04 +1.7692e-04 +1.7660e-04 +1.7634e-04 +1.7611e-04 +1.7592e-04 +1.7578e-04 +1.7567e-04 +1.7561e-04 +1.7559e-04 +1.7562e-04 +1.7568e-04 +1.7579e-04 +1.7594e-04 +1.7614e-04 +1.7637e-04 +1.7665e-04 +1.7696e-04 +1.7732e-04 +1.7771e-04 +1.7815e-04 +1.7862e-04 +1.7914e-04 +1.7969e-04 +1.8027e-04 +1.8089e-04 +1.8155e-04 +1.8223e-04 +1.8295e-04 +1.8371e-04 +1.8449e-04 +1.8530e-04 +1.8613e-04 +1.8699e-04 +1.8788e-04 +1.8879e-04 +1.8972e-04 +1.9067e-04 +1.9164e-04 +1.9262e-04 
+0000.00050 +1.9242e-04 +1.9145e-04 +1.9049e-04 +1.8955e-04 +1.8863e-04 +1.8772e-04 +1.8685e-04 +1.8599e-04 +1.8516e-04 +1.8436e-04 +1.8358e-04 +1.8284e-04 +1.8213e-04 +1.8144e-04 +1.8080e-04 +1.8018e-04 +1.7960e-04 +1.7906e-04 +1.7855e-04 +1.7809e-04 +1.7766e-04 +1.7727e-04 +1.7692e-04 +1.7660e-04 +1.7634e-04 +1.7611e-04 +1.7592e-04 +1.7578e-04 +1.7567e-04 +1.7561e-04 +1.7559e-04 +1.7562e-04 +1.7568e-04 +1.7579e-04 +1.7594e-04 +1.7614e-04 +1.7637e-04 +1.7665e-04 +1.7696e-04 +1.7732e-04 +1.7771e-04 +1.7815e-04 +1.7862e-04 +1.7914e-04 +1.7969e-04 +1.8027e-04 +1.8089e-04 +1.8155e-04 +1.8223e-04 +1.8295e-04 +1.8371e-04 +1.8449e-04 +1.8530e-04 +1.8613e-04 +1.8699e-04 +1.8788e-04 +1.8879e-04 +1.8972e-04 +1.9067e-04 +1.9164e-04 +1.9262e-04 
+0000.00000 +1.9242e-04 +1.9145e-04 +1.9049e-04 +1.8955e-04 +1.8863e-04 +1.8772e-04 +1.8685e-04 +1.8599e-04 +1.8516e-04 +1.8436e-04 +1.8358e-04 +1.8284e-04 +1.8213e-04 +1.8144e-04 +1.8080e-04 +1.8018e-04 +1.7960e-04 +1.7906e-04 +1.7855e-04 +1.7809e-04 +1.7766e-04 +1.7727e-04 +1.7692e-04 +1.7660e-04 +1.7634e-04 +1.7611e-04 +1.7592e-04 +1.7578e-04 +1.7567e-04 +1.7561e-04 +1.7559e-04 +1.7562e-04 +1.7568e-04 +1.7579e-04 +1.7594e-04 +1.7614e-04 +1.7637e-04 +1.7665e-04 +1.7696e-04 +1.7732e-04 +1.7771e-04 +1.7815e-04 +1.7862e-04 +1.7914e-04 +1.7969e-04 +1.8027e-04 +1.8089e-04 +1.8155e-04 +1.8223e-04 +1.8295e-04 +1.8371e-04 +1.8449e-04 +1.8530e-04 +1.8613e-04 +1.8699e-04 +1.8788e-04 +1.8879e-04 +1.8972e-04 +1.9067e-04 +1.9164e-04 +1.9262e-04 
-0000.00050 +1.9242e-04 +1.9145e-04 +1.9049e-04 +1.8955e-04 +1.8863e-04 +1.8772e-04 +1.8685e-04 +1.8599e-04 +1.8516e-04 +1.8436e-04 +1.8358e-04 +1.8284e-04 +1.8213e-04 +1.8144e-04 +1.8080e-04 +1.8018e-04 +1.7960e-04 +1.7906e-04 +1.7855e-04 +1.7809e-04 +1.7766e-04 +1.7727e-04 +1.7692e-04 +1.7660e-04 +1.7634e-04 +1.7611e-04 +1.7592e-04 +1.7578e-04 +1.7567e-04 +1.7561e-04 +1.7559e-04 +1.7562e-04 +1.7568e-04 +1.7579e-04 +1.7594e-04 +1.7614e-04 +1.7637e-04 +1.7665e-04 +1.7696e-04 +1.7732e-04 +1.7771e-04 +1.7815e-04 +1.7862e-04 +1.7914e-04 +1.7969e-04 +1.8027e-04 +1.8089e-04 +1.8155e-04 +1.8223e-04 +1.8295e-04 +1.8371e-04 +1.8449e-04 +1.8530e-04 +1.8613e-04 +1.8699e-04 +1.8788e-04 +1.8879e-04 +1.8972e-04 +1.9067e-04 +1.9164e-04 +1.9262e-04 
-0000.00100 +1.9242e-04 +1.9145e-04 +1.9049e-04 +1.8955e-04 +1.8863e-04 +1.8772e-04 +1.8685e-04 +1.8599e-04 +1.8516e-04 +1.8436e-04 +1.8358e-04 +1.8284e-04 +1.8213e-04 +1.8144e-04 +1.8080e-04 +1.8018e-04 +1.7960e-04 +1.7906e-04 +1.7855e-04 +1.7809e-04 +1.7766e-04 +1.7727e-04 +1.7692e-04 +1.7660e-04 +1.7634e-04 +1.7611e-04 +1.7592e-04 +1.7578e-04 +1.7567e-04 +1.7561e-04 +1.7559e-04 +1.7562e-04 +1.7568e-04 +1.7579e-04 +1.7594e-04 +1.7614e-04 +1.7637e-04 +1.7665e-04 +1.7696e-04 +1.7732e-04 +1.7771e-04 +1.7815e-04 +1.7862e-04 +1.7914e-04 +1.7969e-04 +1.8027e-04 +1.8089e-04 +1.8155e-04 +1.8223e-04 +1.8295e-04 +1.8371e-04 +1.8449e-04 +1.8530e-04 +1.8613e-04 +1.8699e-04 +1.8788e-04 +1.8879e-04 +1.8972e-04 +1.9067e-04 +1.9164e-04 +1.9262e-04 
-0000.00150 +1.9242e-04 +1.9145e-04 +1.9049e-04 +1.8955e-04 +1.8863e-04 +1.8772e-04 +1.8685e-04 +1.8599e-04 +1.8516e-04 +1.8436e-04 +1.8358e-04 +1.8284e-04 +1.8213e-04 +1.8144e-04 +1.8080e-04 +1.8018e-04 +1.7960e-04 +1.7906e-04 +1.7855e-04 +1.7809e-04 +1.7766e-04 +1.7727e-04 +1.7692e-04 +1.7660e-04 +1.7634e-04 +1.7611e-04 +1.7592e-04 +1.7578e-04 +1.7567e-04 +1.7561e-04 +1.7559e-04 +1.7562e-04 +1.7568e-04 +1.7579e-04 +1.7594e-04 +1.7614e-04 +1.7637e-04 +1.7665e-04 +1.7696e-04 +1.7732e-04 +1.7771e-04 +1.7815e-04 +1.7862e-04 +1.7914e-04 +1.7969e-04 +1.8027e-04 +1.8089e-04 +1.8155e-04 +1.8223e-04 +1.8295e-04 +1.8371e-04 +1.8449e-04 +1.8530e-04 +1.8613e-04 +1.8699e-04 +1.8788e-04 +1.8879e-04 +1.8972e-04 +1.9067e-04 +1.9164e-04 +1.9262e-04 
-0000.00200 +1.9242e-04 +1.9145e-04 +1.9049e-04 +1.8955e-04 +1.8863e-04 +1.8772e-04 +1.8685e-04 +1.8599e-04 +1.8516e-04 +1.8436e-04 +1.8358e-04 +1.8284e-04 +1.8213e-04 +1.8144e-04 +1.8080e-04 +1.8018e-04 +1.7960e-04 +1.7906e-04 +1.7855e-04 +1.7809e-04 +1.7766e-04 +1.7727e-04 +1.7692e-04 +1.7660e-04 +1.7634e-04 +1.7611e-04 +1.7592e-04 +1.7578e-04 +1.7567e-04 +1.7561e-04 +1.7559e-04 +1.7562e-04 +1.7568e-04 +1.7579e-04 +1.7594e-04 +1.7614e-04 +1.7637e-04 +1.7665e-04 +1.7696e-04 +1.7732e-04 +1.7771e-04 +1.7815e-04 +1.7862e-04 +1.7914e-04 +1.7969e-04 +1.8027e-04 +1.8089e-04 +1.8155e-04 +1.8223e-04 +1.8295e-04 +1.8371e-04 +1.8449e-04 +1.8530e-04 +1.8613e-04 +1.8699e-04 +1.8788e-04 +1.8879e-04 +1.8972e-04 +1.9067e-04 +1.9164e-04 +1.9262e-04 
# Horizontal Final Position [m]
START
            -0000.01000 -0000.00967 -0000.00933 -0000.00900 -0000.00867 -0000.00833 -0000.00800 -0000.00767 -0000.00733 -0000.00700 -0000.00667 -0000.00633 -0000.00600 -0000.00567 -0000.00533 -0000.00500 -0000.00467 -0000.00433 -0000.00400 -0000.00367 -0000.00333 -0000.00300 -0000.00267 -0000.00233 -0000.00200 -0000.00167 -0000.00133 -0000.00100 -0000.00067 -0000.00033 +0000.00000 +0000.00033 +0000.00067 +0000.00100 +0000.00133 +0000.00167 +0000.00200 +0000.00233 +0000.00267 +0000.00300 +0000.00333 +0000.00367 +0000.00400 +0000.00433 +0000.00467 +0000.00500 +0000.00533 +0000.00567 +0000.00600 +0000.00633 +0000.00667 +0000.00700 +0000.00733 +0000.00767 +0000.00800 +0000.00833 +0000.00867 +0000.00900 +0000.00933 +0000.00967 +0000.01000 
+0000.00200 -1.0000e-02 -9.6667e-03 -9.3334e-03 -9.0001e-03 -8.6668e-03 -8.3335e-03 -8.0002e-03 -7.6668e-03 -7.3335e-03 -7.0002e-03 -6.6669e-03 -6.3336e-03 -6.0003e-03 -5.6670e-03 -5.3336e-03 -5.0003e-03 -4.6670e-03 -4.3337e-03 -4.0004e-03 -3.6670e-03 -3.3337e-03 -3.0004e-03 -2.6671e-03 -2.3337e-03 -2.0004e-03 -1.6671e-03 -1.3338e-03 -1.0004e-03 -6.6710e-04 -3.3377e-04 -4.3257e-07 +3.3290e-04 +6.6624e-04 +9.9957e-04 +1.3329e-03 +1.6662e-03 +1.9996e-03 +2.3329e-03 +2.6663e-03 +2.9996e-03 +3.3330e-03 +3.6663e-03 +3.9996e-03 +4.3330e-03 +4.6663e-03 +4.9997e-03 +5.3330e-03 +5.6664e-03 +5.9997e-03 +6.3331e-03 +6.6664e-03 +6.9998e-03 +7.3331e-03 +7.6665e-03 +7.9998e-03 +8.3332e-03 +8.6665e-03 +8.9999e-03 +9.3332e-03 +9.6666e-03 +9.9999e-03 
+0000.00150 -1.0000e-02 -9.6668e-03 -9.3335e-03 -9.0002e-03 -8.6668e-03 -8.3335e-03 -8.0002e-03 -7.6669e-03 -7.3336e-03 -7.0003e-03 -6.6669e-03 -6.3336e-03 -6.0003e-03 -5.6670e-03 -5.3337e-03 -5.0003e-03 -4.6670e-03 -4.3337e-03 -4.0004e-03 -3.6671e-03 -3.3337e-03 -3.0004e-03 -2.6671e-03 -2.3337e-03 -2.0004e-03 -1.6671e-03 -1.3338e-03 -1.0004e-03 -6.6710e-04 -3.3377e-04 -4.3536e-07 +3.3290e-04 +6.6623e-04 +9.9957e-04 +1.3329e-03 +1.6662e-03 +1.9996e-03 +2.3329e-03 +2.6663e-03 +2.9996e-03 +3.3329e-03 +3.6663e-03 +3.9996e-03 +4.3330e-03 +4.6663e-03 +4.9996e-03 +5.3330e-03 +5.6663e-03 +5.9997e-03 +6.3330e-03 +6.6664e-03 +6.9997e-03 +7.3331e-03 +7.6664e-03 +7.9998e-03 +8.3331e-03 +8.6665e-03 +8.9998e-03 +9.3332e-03 +9.6665e-03 +9.9999e-03 
+0000.00100 -1.0000e-02 -9.6668e-03 -9.3335e-03 -9.0002e-03 -8.6668e-03 -8.3335e-03 -8.0002e-03 -7.6669e-03 -7.3336e-03 -7.0003e-03 -6.6669e-03 -6.3336e-03 -6.0003e-03 -5.6670e-03 -5.3337e-03 -5.0003e-03 -4.6670e-03 -4.3337e-03 -4.0004e-03 -3.6671e-03 -3.3337e-03 -3.0004e-03 -2.6671e-03 -2.3337e-03 -2.0004e-03 -1.6671e-03 -1.3338e-03 -1.0004e-03 -6.6710e-04 -3.3376e-04 -4.2979e-07 +3.3290e-04 +6.6624e-04 +9.9957e-04 +1.3329e-03 +1.6662e-03 +1.9996e-03 +2.3329e-03 +2.6663e-03 +2.9996e-03 +3.3329e-03 +3.6663e-03 +3.9996e-03 +4.3330e-03 +4.6663e-03 +4.9997e-03 +5.3330e-03 +5.6664e-03 +5.9997e-03 +6.3330e-03 +6.6664e-03 +6.9997e-03 +7.3331e-03 +7.6664e-03 +7.9998e-03 +8.3331e-03 +8.6665e-03 +8.9998e-03 +9.3332e-03 +9.6665e-03 +9.9999e-03 
+0000.00050 -1.0000e-02 -9.6668e-03 -9.3335e-03 -9.0001e-03 -8.6668e-03 -8.3335e-03 -8.0002e-03 -7.6669e-03 -7.3336e-03 -7.0003e-03 -6.6669e-03 -6.3336e-03 -6.0003e-03 -5.6670e-03 -5.3337e-03 -5.0003e-03 -4.6670e-03 -4.3337e-03 -4.0004e-03 -3.6670e-03 -3.3337e-03 -3.0004e-03 -2.6671e-03 -2.3337e-03 -2.0004e-03 -1.6671e-03 -1.3338e-03 -1.0004e-03 -6.6709e-04 -3.3376e-04 -4.2457e-07 +3.3291e-04 +6.6624e-04 +9.9958e-04 +1.3329e-03 +1.6663e-03 +1.9996e-03 +2.3329e-03 +2.6663e-03 +2.9996e-03 +3.3329e-03 +3.6663e-03 +3.9996e-03 +4.3330e-03 +4.6663e-03 +4.9997e-03 +5.3330e-03 +5.6663e-03 +5.9997e-03 +6.3330e-03 +6.6664e-03 +6.9997e-03 +7.3331e-03 +7.6664e-03 +7.9998e-03 +8.3331e-03 +8.6665e-03 +8.9998e-03 +9.3332e-03 +9.6665e-03 +9.9999e-03 
+0000.00000 -1.0000e-02 -9.6668e-03 -9.3335e-03 -9.0001e-03 -8.6668e-03 -8.3335e-03 -8.0002e-03 -7.6669e-03 -7.3336e-03 -7.0003e-03 -6.6669e-03 -6.3336e-03 -6.0003e-03 -5.6670e-03 -5.3337e-03 -5.0003e-03 -4.6670e-03 -4.3337e-03 -4.0004e-03 -3.6670e-03 -3.3337e-03 -3.0004e-03 -2.6671e-03 -2.3337e-03 -2.0004e-03 -1.6671e-03 -1.3338e-03 -1.0004e-03 -6.6709e-04 -3.3376e-04 -4.2451e-07 +3.3291e-04 +6.6624e-04 +9.9958e-04 +1.3329e-03 +1.6663e-03 +1.9996e-03 +2.3329e-03 +2.6663e-03 +2.9996e-03 +3.3329e-03 +3.6663e-03 +3.9996e-03 +4.3330e-03 +4.6663e-03 +4.9997e-03 +5.3330e-03 +5.6663e-03 +5.9997e-03 +6.3330e-03 +6.6664e-03 +6.9997e-03 +7.3331e-03 +7.6664e-03 +7.9998e-03 +8.3331e-03 +8.6665e-03 +8.9998e-03 +9.3332e-03 +9.6665e-03 +9.9999e-03 
-0000.00050 -1.0000e-02 -9.6668e-03 -9.3335e-03 -9.0001e-03 -8.6668e-03 -8.3335e-03 -8.0002e-03 -7.6669e-03 -7.3336e-03 -7.0003e-03 -6.6669e-03 -6.3336e-03 -6.0003e-03 -5.6670e-03 -5.3337e-03 -5.0003e-03 -4.6670e-03 -4.3337e-03 -4.0004e-03 -3.6670e-03 -3.3337e-03 -3.0004e-03 -2.6671e-03 -2.3337e-03 -2.0004e-03 -1.6671e-03 -1.3338e-03 -1.0004e-03 -6.6709e-04 -3.3376e-04 -4.2457e-07 +3.3291e-04 +6.6624e-04 +9.9958e-04 +1.3329e-03 +1.6663e-03 +1.9996e-03 +2.3329e-03 +2.6663e-03 +2.9996e-03 +3.3329e-03 +3.6663e-03 +3.9996e-03 +4.3330e-03 +4.6663e-03 +4.9997e-03 +5.3330e-03 +5.6663e-03 +5.9997e-03 +6.3330e-03 +6.6664e-03 +6.9997e-03 +7.3331e-03 +7.6664e-03 +7.9998e-03 +8.3331e-03 +8.6665e-03 +8.9998e-03 +9.3332e-03 +9.6665e-03 +9.9999e-03 
-0000.00100 -1.0000e-02 -9.6668e-03 -9.3335e-03 -9.0002e-03 -8.6668e-03 -8.3335e-03 -8.0002e-03 -7.6669e-03 -7.3336e-03 -7.0003e-03 -6.6669e-03 -6.3336e-03 -6.0003e-03 -5.6670e-03 -5.3337e-03 -5.0003e-03 -4.6670e-03 -4.3337e-03 -4.0004e-03 -3.6671e-03 -3.3337e-03 -3.0004e-03 -2.6671e-03 -2.3337e-03 -2.0004e-03 -1.6671e-03 -1.3338e-03 -1.0004e-03 -6.6710e-04 -3.3376e-04 -4.2979e-07 +3.3290e-04 +6.6624e-04 +9.9957e-04 +1.3329e-03 +1.6662e-03 +1.9996e-03 +2.3329e-03 +2.6663e-03 +2.9996e-03 +3.3329e-03 +3.6663e-03 +3.9996e-03 +4.3330e-03 +4.6663e-03 +4.9997e-03 +5.3330e-03 +5.6664e-03 +5.9997e-03 +6.3330e-03 +6.6664e-03 +6.9997e-03 +7.3331e-03 +7.6664e-03 +7.9998e-03 +8.3331e-03 +8.6665e-03 +8.9998e-03 +9.3332e-03 +9.6665e-03 +9.9999e-03 
-0000.00150 -1.0000e-02 -9.6668e-03 -9.3335e-03 -9.0002e-03 -8.6668e-03 -8.3335e-03 -8.0002e-03 -7.6669e-03 -7.3336e-03 -7.0003e-03 -6.6669e-03 -6.3336e-03 -6.0003e-03 -5.6670e-03 -5.3337e-03 -5.0003e-03 -4.6670e-03 -4.3337e-03 -4.0004e-03 -3.6671e-03 -3.3337e-03 -3.0004e-03 -2.6671e-03 -2.3337e-03 -2.0004e-03 -1.6671e-03 -1.3338e-03 -1.0004e-03 -6.6710e-04 -3.3377e-04 -4.3536e-07 +3.3290e-04 +6.6623e-04 +9.9957e-04 +1.3329e-03 +1.6662e-03 +1.9996e-03 +2.3329e-03 +2.6663e-03 +2.9996e-03 +3.3329e-03 +3.6663e-03 +3.9996e-03 +4.3330e-03 +4.6663e-03 +4.9996e-03 +5.3330e-03 +5.6663e-03 +5.9997e-03 +6.3330e-03 +6.6664e-03 +6.9997e-03 +7.3331e-03 +7.6664e-03 +7.9998e-03 +8.3331e-03 +8.6665e-03 +8.9998e-03 +9.3332e-03 +9.6665e-03 +9.9999e-03 
-0000.00200 -1.0000e-02 -9.6667e-03 -9.3334e-03 -9.0001e-03 -8.6668e-03 -8.3335e-03 -8.0002e-03 -7.6668e-03 -7.3335e-03 -7.0002e-03 -6.6669e-03 -6.3336e-03 -6.0003e-03 -5.6670e-03 -5.3336e-03 -5.0003e-03 -4.6670e-03 -4.3337e-03 -4.0004e-03 -3.6670e-03 -3.3337e-03 -3.0004e-03 -2.6671e-03 -2.3337e-03 -2.0004e-03 -1.6671e-03 -1.3338e-03 -1.0004e-03 -6.6710e-04 -3.3377e-04 -4.3257e-07 +3.3290e-04 +6.6624e-04 +9.9957e-04 +1.3329e-03 +1.6662e-03 +1.9996e-03 +2.3329e-03 +2.6663e-03 +2.9996e-03 +3.3330e-03 +3.6663e-03 +3.9996e-03 +4.3330e-03 +4.6663e-03 +4.9997e-03 +5.3330e-03 +5.6664e-03 +5.9997e-03 +6.3331e-03 +6.6664e-03 +6.9998e-03 +7.3331e-03 +7.6665e-03 +7.9998e-03 +8.3332e-03 +8.6665e-03 +8.9999e-03 +9.3332e-03 +9.6666e-03 +9.9999e-03 
# Vertical Final Position [m]
START
            -0000.01000 -0000.00967 -0000.00933 -0000.00900 -0000.00867 -0000.00833 -0000.00800 -0000.00767 -0000.00733 -0000.00700 -0000.00667 -0000.00633 -0000.00600 -0000.00567 -0000.00533 -0000.00500 -0000.00467 -0000.00433 -0000.00400 -0000.00367 -0000.00333 -0000.00300 -0000.00267 -0000.00233 -0000.00200 -0000.00167 -0000.00133 -0000.00100 -0000.00067 -0000.00033 +0000.00000 +0000.00033 +0000.00067 +0000.00100 +0000.00133 +0000.00167 +0000.00200 +0000.00233 +0000.00267 +0000.00300 +0000.00333 +0000.00367 +0000.00400 +0000.00433 +0000.00467 +0000.00500 +0000.00533 +0000.00567 +0000.00600 +0000.00633 +0000.00667 +0000.00700 +0000.00733 +0000.00767 +0000.00800 +0000.00833 +0000.00867 +0000.00900 +0000.00933 +0000.00967 +0000.01000 
+0000.00200 +2.0000e-03 +2.0000e-03 +2.0000e-03 +2.0000e-03 +1.9999e-03 +1.9999e-03 +1.9999e-03 +1.9999e-03 +1.9999e-03 +1.9999e-03 +1.9999e-03 +1.9999e-03 +1.9999e-03 +1.9999e-03 +1.9999e-03 +1.9999e-03 +1.9999e-03 +1.9999e-03 +1.9998e-03 +1.9998e-03 +1.9998e-03 +1.9998e-03 +1.9998e-03 +1.9998e-03 +1.9998e-03 +1.9998e-03 +1.9998e-03 +1.9998e-03 +1.9998e-03 +1.9998e-03 +1.9998e-03 +1.9998e-03 +1.9998e-03 +1.9998e-03 +1.9998e-03 +1.9998e-03 +1.9998e-03 +1.9998e-03 +1.9998e-03 +1.9998e-03 +1.9998e-03 +1.9998e-03 +1.9998e-03 +1.9998e-03 +1.9997e-03 +1.9997e-03 +1.9997e-03 +1.9997e-03 +1.9997e-03 +1.9997e-03 +1.9997e-03 +1.9997e-03 +1.9997e-03 +1.9997e-03 +1.9997e-03 +1.9997e-03 +1.9997e-03 +1.9997e-03 +1.9997e-03 +1.9997e-03 +1.9997e-03 
+0000.00150 +1.5000e-03 +1.5000e-03 +1.5000e-03 +1.5000e-03 +1.5000e-03 +1.5000e-03 +1.5000e-03 +1.5000e-03 +1.4999e-03 +1.4999e-03 +1.4999e-03 +1.4999e-03 +1.4999e-03 +1.4999e-03 +1.4999e-03 +1.4999e-03 +1.4999e-03 +1.4999e-03 +1.4999e-03 +1.4999e-03 +1.4999e-03 +1.4999e-03 +1.4999e-03 +1.4999e-03 +1.4999e-03 +1.4999e-03 +1.4999e-03 +1.4999e-03 +1.4999e-03 +1.4999e-03 +1.4999e-03 +1.4999e-03 +1.4999e-03 +1.4999e-03 +1.4999e-03 +1.4999e-03 +1.4999e-03 +1.4999e-03 +1.4999e-03 +1.4999e-03 +1.4999e-03 +1.4999e-03 +1.4998e-03 +1.4998e-03 +1.4998e-03 +1.4998e-03 +1.4998e-03 +1.4998e-03 +1.4998e-03 +1.4998e-03 +1.4998e-03 +1.4998e-03 +1.4998e-03 +1.4998e-03 +1.4998e-03 +1.4998e-03 +1.4998e-03 +1.4998e-03 +1.4998e-03 +1.4998e-03 +1.4998e-03 
+0000.00100 +9.9999e-04 +9.9999e-04 +9.9999e-04 +9.9999e-04 +9.9998e-04 +9.9998e-04 +9.9998e-04 +9.9998e-04 +9.9997e-04 +9.9997e-04 +9.9997e-04 +9.9997e-04 +9.9996e-04 +9.9996e-04 +9.9996e-04 +9.9996e-04 +9.9995e-04 +9.9995e-04 +9.9995e-04 +9.9995e-04 +9.9994e-04 +9.9994e-04 +9.9994e-04 +9.9994e-04 +9.9993e-04 +9.9993e-04 +9.9993e-04 +9.9993e-04 +9.9993e-04 +9.9992e-04 +9.9992e-04 +9.9992e-04 +9.9992e-04 +9.9991e-04 +9.9991e-04 +9.9991e-04 +9.9991e-04 +9.9991e-04 +9.9990e-04 +9.9990e-04 +9.9990e-04 +9.9990e-04 +9.9990e-04 +9.9989e-04 +9.9989e-04 +9.9989e-04 +9.9989e-04 +9.9989e-04 +9.9988e-04 +9.9988e-04 +9.9988e-04 +9.9988e-04 +9.9987e-04 +9.9987e-04 +9.9987e-04 +9.9987e-04 +9.9986e-04 +9.9986e-04 +9.9986e-04 +9.9985e-04 +9.9985e-04 
+0000.00050 +5.0000e-04 +5.0000e-04 +5.0000e-04 +5.0000e-04 +4.9999e-04 +4.9999e-04 +4.9999e-04 +4.9999e-04 +4.9999e-04 +4.9999e-04 +4.9999e-04 +4.9998e-04 +4.9998e-04 +4.9998e-04 +4.9998e-04 +4.9998e-04 +4.9998e-04 +4.9998e-04 +4.9998e-04 +4.9998e-04 +4.9997e-04 +4.9997e-04 +4.9997e-04 +4.9997e-04 +4.9997e-04 +4.9997e-04 +4.9997e-04 +4.9997e-04 +4.9997e-04 +4.9997e-04 +4.9996e-04 +4.9996e-04 +4.9996e-04 +4.9996e-04 +4.9996e-04 +4.9996e-04 +4.9996e-04 +4.9996e-04 +4.9996e-04 +4.9995e-04 +4.9995e-04 +4.9995e-04 +4.9995e-04 +4.9995e-04 +4.9995e-04 +4.9995e-04 +4.9995e-04 +4.9995e-04 +4.9994e-04 +4.9994e-04 +4.9994e-04 +4.9994e-04 +4.9994e-04 +4.9994e-04 +4.9994e-04 +4.9994e-04 +4.9993e-04 +4.9993e-04 +4.9993e-04 +4.9993e-04 +4.9993e-04 
+0000.00000 -2.6350e-11 -2.9983e-11 -3.3261e-11 -3.6210e-11 -3.8853e-11 -4.1211e-11 -4.3306e-11 -4.5158e-11 -4.6788e-11 -4.8214e-11 -4.9455e-11 -5.0527e-11 -5.1446e-11 -5.2230e-11 -5.2891e-11 -5.3444e-11 -5.3902e-11 -5.4278e-11 -5.4582e-11 -5.4824e-11 -5.5015e-11 -5.5164e-11 -5.5278e-11 -5.5364e-11 -5.5430e-11 -5.5479e-11 -5.5517e-11 -5.5548e-11 -5.5574e-11 -5.5598e-11 -5.5621e-11 -5.5643e-11 -5.5663e-11 -5.5681e-11 -5.5695e-11 -5.5701e-11 -5.5695e-11 -5.5674e-11 -5.5631e-11 -5.5560e-11 -5.5454e-11 -5.5305e-11 -5.5105e-11 -5.4842e-11 -5.4508e-11 -5.4090e-11 -5.3577e-11 -5.2955e-11 -5.2211e-11 -5.1329e-11 -5.0294e-11 -4.9090e-11 -4.7700e-11 -4.6105e-11 -4.4287e-11 -4.2225e-11 -3.9899e-11 -3.7288e-11 -3.4369e-11 -3.1120e-11 -2.7516e-11 
-0000.00050 -5.0000e-04 -5.0000e-04 -5.0000e-04 -5.0000e-04 -4.9999e-04 -4.9999e-04 -4.9999e-04 -4.9999e-04 -4.9999e-04 -4.9999e-04 -4.9999e-04 -4.9998e-04 -4.9998e-04 -4.9998e-04 -4.9998e-04 -4.9998e-04 -4.9998e-04 -4.9998e-04 -4.9998e-04 -4.9998e-04 -4.9997e-04 -4.9997e-04 -4.9997e-04 -4.9997e-04 -4.9997e-04 -4.9997e-04 -4.9997e-04 -4.9997e-04 -4.9997e-04 -4.9997e-04 -4.9996e-04 -4.9996e-04 -4.9996e-04 -4.9996e-04 -4.9996e-04 -4.9996e-04 -4.9996e-04 -4.9996e-04 -4.9996e-04 -4.9995e-04 -4.9995e-04 -4.9995e-04 -4.9995e-04 -4.9995e-04 -4.9995e-04 -4.9995e-04 -4.9995e-04 -4.9995e-04 -4.9994e-04 -4.9994e-04 -4.9994e-04 -4.9994e-04 -4.9994e-04 -4.9994e-04 -4.9994e-04 -4.9994e-04 -4.9993e-04 -4.9993e-04 -4.9993e-04 -4.9993e-04 -4.9993e-04 
-0000.00100 -9.9999e-04 -9.9999e-04 -9.9999e-04 -9.9999e-04 -9.9998e-04 -9.9998e-04 -9.9998e-04 -9.9998e-04 -9.9997e-04 -9.9997e-04 -9.9997e-04 -9.9997e-04 -9.9996e-04 -9.9996e-04 -9.9996e-04 -9.9996e-04 -9.9995e-04 -9.9995e-04 -9.9995e-04 -9.9995e-04 -9.9995e-04 -9.9994e-04 -9.9994e-04 -9.9994e-04 -9.9994e-04 -9.9993e-04 -9.9993e-04 -9.9993e-04 -9.9993e-04 -9.9992e-04 -9.9992e-04 -9.9992e-04 -9.9992e-04 -9.9992e-04 -9.9991e-04 -9.9991e-04 -9.9991e-04 -9.9991e-04 -9.9991e-04 -9.9990e-04 -9.9990e-04 -9.9990e-04 -9.9990e-04 -9.9989e-04 -9.9989e-04 -9.9989e-04 -9.9989e-04 -9.9989e-04 -9.9988e-04 -9.9988e-04 -9.9988e-04 -9.9988e-04 -9.9987e-04 -9.9987e-04 -9.9987e-04 -9.9987e-04 -9.9986e-04 -9.9986e-04 -9.9986e-04 -9.9985e-04 -9.9985e-04 
-0000.00150 -1.5000e-03 -1.5000e-03 -1.5000e-03 -1.5000e-03 -1.5000e-03 -1.5000e-03 -1.5000e-03 -1.5000e-03 -1.4999e-03 -1.4999e-03 -1.4999e-03 -1.4999e-03 -1.4999e-03 -1.4999e-03 -1.4999e-03 -1.4999e-03 -1.4999e-03 -1.4999e-03 -1.4999e-03 -1.4999e-03 -1.4999e-03 -1.4999e-03 -1.4999e-03 -1.4999e-03 -1.4999e-03 -1.4999e-03 -1.4999e-03 -1.4999e-03 -1.4999e-03 -1.4999e-03 -1.4999e-03 -1.4999e-03 -1.4999e-03 -1.4999e-03 -1.4999e-03 -1.4999e-03 -1.4999e-03 -1.4999e-03 -1.4999e-03 -1.4999e-03 -1.4999e-03 -1.4999e-03 -1.4998e-03 -1.4998e-03 -1.4998e-03 -1.4998e-03 -1.4998e-03 -1.4998e-03 -1.4998e-03 -1.4998e-03 -1.4998e-03 -1.4998e-03 -1.4998e-03 -1.4998e-03 -1.4998e-03 -1.4998e-03 -1.4998e-03 -1.4998e-03 -1.4998e-03 -1.4998e-03 -1.4998e-03 
-0000.00200 -2.0000e-03 -2.0000e-03 -2.0000e-03 -2.0000e-03 -1.9999e-03 -1.9999e-03 -1.9999e-03 -1.9999e-03 -1.9999e-03 -1.9999e-03 -1.9999e-03 -1.9999e-03 -1.9999e-03 -1.9999e-03 -1.9999e-03 -1.9999e-03 -1.9999e-03 -1.9999e-03 -1.9998e-03 -1.9998e-03 -1.9998e-03 -1.9998e-03 -1.9998e-03 -1.9998e-03 -1.9998e-03 -1.9998e-03 -1.9998e-03 -1.9998e-03 -1.9998e-03 -1.9998e-03 -1.9998e-03 -1.9998e-03 -1.9998e-03 -1.9998e-03 -1.9998e-03 -1.9998e-03 -1.9998e-03 -1.9998e-03 -1.9998e-03 -1.9998e-03 -1.9998e-03 -1.9998e-03 -1.9998e-03 -1.9998e-03 -1.9997e-03 -1.9997e-03 -1.9997e-03 -1.9997e-03 -1.9997e-03 -1.9997e-03 -1.9997e-03 -1.9997e-03 -1.9997e-03 -1.9997e-03 -1.9997e-03 -1.9997e-03 -1.9997e-03 -1.9997e-03 -1.9997e-03 -1.9997e-03 -1.9997e-03 