# Author: FAC idanalysis.IDKickMap
# Termination_kicks [T2m2]: +0.0000e+00 +0.0000e+00 +0.0000e+00 +0.0000e+00 
# Total Length of Longitudinal Interval [m]
0.13
# Number of Horizontal Points
61
# Number of Vertical Points
9
# Total Horizontal 2nd Order Kick [T2m2]
START
            -0000.01000 -0000.00967 -0000.00933 -0000.00900 -0000.00867 -0000.00833 -0000.00800 -0000.00767 -0000.00733 -0000.00700 -0000.00667 -0000.00633 -0000.00600 -0000.00567 -0000.00533 -0000.00500 -0000.00467 -0000.00433 -0000.00400 -0000.00367 -0000.00333 -0000.00300 -0000.00267 -0000.00233 -0000.00200 -0000.00167 -0000.00133 -0000.00100 -0000.00067 -0000.00033 +0000.00000 +0000.00033 +0000.00067 +0000.00100 +0000.00133 +0000.00167 +0000.00200 +0000.00233 +0000.00267 +0000.00300 +0000.00333 +0000.00367 +0000.00400 +0000.00433 +0000.00467 +0000.00500 +0000.00533 +0000.00567 +0000.00600 +0000.00633 +0000.00667 +0000.00700 +0000.00733 +0000.00767 +0000.00800 +0000.00833 +0000.00867 +0000.00900 +0000.00933 +0000.00967 +0000.01000 
+0000.00200 -2.2120e-04 -2.1826e-04 -2.1540e-04 -2.1264e-04 -2.0997e-04 -2.0740e-04 -2.0492e-04 -2.0254e-04 -2.0025e-04 -1.9806e-04 -1.9597e-04 -1.9398e-04 -1.9208e-04 -1.9028e-04 -1.8859e-04 -1.8699e-04 -1.8549e-04 -1.8409e-04 -1.8280e-04 -1.8160e-04 -1.8051e-04 -1.7951e-04 -1.7862e-04 -1.7783e-04 -1.7714e-04 -1.7656e-04 -1.7607e-04 -1.7569e-04 -1.7541e-04 -1.7524e-04 -1.7516e-04 -1.7519e-04 -1.7532e-04 -1.7556e-04 -1.7590e-04 -1.7634e-04 -1.7688e-04 -1.7752e-04 -1.7827e-04 -1.7912e-04 -1.8007e-04 -1.8112e-04 -1.8228e-04 -1.8353e-04 -1.8489e-04 -1.8635e-04 -1.8790e-04 -1.8956e-04 -1.9132e-04 -1.9317e-04 -1.9513e-04 -1.9718e-04 -1.9933e-04 -2.0158e-04 -2.0393e-04 -2.0637e-04 -2.0891e-04 -2.1154e-04 -2.1427e-04 -2.1710e-04 -2.2001e-04 
+0000.00150 -2.2152e-04 -2.1868e-04 -2.1592e-04 -2.1323e-04 -2.1064e-04 -2.0812e-04 -2.0569e-04 -2.0335e-04 -2.0110e-04 -1.9894e-04 -1.9687e-04 -1.9489e-04 -1.9301e-04 -1.9122e-04 -1.8952e-04 -1.8792e-04 -1.8642e-04 -1.8502e-04 -1.8372e-04 -1.8251e-04 -1.8141e-04 -1.8041e-04 -1.7951e-04 -1.7871e-04 -1.7801e-04 -1.7742e-04 -1.7693e-04 -1.7654e-04 -1.7626e-04 -1.7608e-04 -1.7600e-04 -1.7603e-04 -1.7616e-04 -1.7640e-04 -1.7674e-04 -1.7719e-04 -1.7773e-04 -1.7838e-04 -1.7914e-04 -1.7999e-04 -1.8095e-04 -1.8201e-04 -1.8317e-04 -1.8444e-04 -1.8580e-04 -1.8726e-04 -1.8881e-04 -1.9047e-04 -1.9222e-04 -1.9407e-04 -1.9601e-04 -1.9805e-04 -2.0018e-04 -2.0240e-04 -2.0471e-04 -2.0710e-04 -2.0959e-04 -2.1216e-04 -2.1482e-04 -2.1756e-04 -2.2038e-04 
+0000.00100 -2.2173e-04 -2.1896e-04 -2.1626e-04 -2.1364e-04 -2.1109e-04 -2.0862e-04 -2.0623e-04 -2.0392e-04 -2.0169e-04 -1.9955e-04 -1.9750e-04 -1.9553e-04 -1.9365e-04 -1.9187e-04 -1.9018e-04 -1.8858e-04 -1.8708e-04 -1.8567e-04 -1.8437e-04 -1.8316e-04 -1.8205e-04 -1.8104e-04 -1.8014e-04 -1.7933e-04 -1.7863e-04 -1.7803e-04 -1.7754e-04 -1.7715e-04 -1.7686e-04 -1.7668e-04 -1.7660e-04 -1.7663e-04 -1.7677e-04 -1.7701e-04 -1.7735e-04 -1.7780e-04 -1.7835e-04 -1.7900e-04 -1.7976e-04 -1.8062e-04 -1.8159e-04 -1.8265e-04 -1.8381e-04 -1.8508e-04 -1.8644e-04 -1.8790e-04 -1.8946e-04 -1.9112e-04 -1.9286e-04 -1.9470e-04 -1.9664e-04 -1.9866e-04 -2.0077e-04 -2.0296e-04 -2.0525e-04 -2.0761e-04 -2.1006e-04 -2.1258e-04 -2.1519e-04 -2.1786e-04 -2.2062e-04 
+0000.00050 -2.2184e-04 -2.1912e-04 -2.1646e-04 -2.1388e-04 -2.1136e-04 -2.0892e-04 -2.0655e-04 -2.0426e-04 -2.0205e-04 -1.9992e-04 -1.9787e-04 -1.9591e-04 -1.9404e-04 -1.9226e-04 -1.9057e-04 -1.8898e-04 -1.8747e-04 -1.8607e-04 -1.8476e-04 -1.8355e-04 -1.8244e-04 -1.8142e-04 -1.8051e-04 -1.7971e-04 -1.7900e-04 -1.7840e-04 -1.7790e-04 -1.7751e-04 -1.7722e-04 -1.7704e-04 -1.7696e-04 -1.7699e-04 -1.7712e-04 -1.7736e-04 -1.7771e-04 -1.7816e-04 -1.7871e-04 -1.7937e-04 -1.8013e-04 -1.8099e-04 -1.8196e-04 -1.8303e-04 -1.8420e-04 -1.8546e-04 -1.8683e-04 -1.8829e-04 -1.8985e-04 -1.9150e-04 -1.9325e-04 -1.9508e-04 -1.9701e-04 -1.9902e-04 -2.0112e-04 -2.0330e-04 -2.0557e-04 -2.0791e-04 -2.1033e-04 -2.1283e-04 -2.1540e-04 -2.1804e-04 -2.2074e-04 
+0000.00000 -2.2187e-04 -2.1917e-04 -2.1653e-04 -2.1395e-04 -2.1145e-04 -2.0901e-04 -2.0665e-04 -2.0437e-04 -2.0216e-04 -2.0004e-04 -1.9800e-04 -1.9604e-04 -1.9417e-04 -1.9239e-04 -1.9070e-04 -1.8911e-04 -1.8761e-04 -1.8620e-04 -1.8489e-04 -1.8368e-04 -1.8257e-04 -1.8155e-04 -1.8064e-04 -1.7983e-04 -1.7913e-04 -1.7853e-04 -1.7803e-04 -1.7763e-04 -1.7735e-04 -1.7716e-04 -1.7709e-04 -1.7711e-04 -1.7725e-04 -1.7749e-04 -1.7783e-04 -1.7828e-04 -1.7884e-04 -1.7950e-04 -1.8026e-04 -1.8112e-04 -1.8209e-04 -1.8316e-04 -1.8433e-04 -1.8559e-04 -1.8696e-04 -1.8842e-04 -1.8998e-04 -1.9163e-04 -1.9337e-04 -1.9521e-04 -1.9713e-04 -1.9914e-04 -2.0123e-04 -2.0341e-04 -2.0567e-04 -2.0801e-04 -2.1042e-04 -2.1291e-04 -2.1547e-04 -2.1809e-04 -2.2078e-04 
-0000.00050 -2.2184e-04 -2.1912e-04 -2.1646e-04 -2.1388e-04 -2.1136e-04 -2.0892e-04 -2.0655e-04 -2.0426e-04 -2.0205e-04 -1.9992e-04 -1.9788e-04 -1.9592e-04 -1.9405e-04 -1.9227e-04 -1.9058e-04 -1.8898e-04 -1.8748e-04 -1.8607e-04 -1.8476e-04 -1.8355e-04 -1.8244e-04 -1.8143e-04 -1.8052e-04 -1.7971e-04 -1.7901e-04 -1.7840e-04 -1.7791e-04 -1.7751e-04 -1.7723e-04 -1.7704e-04 -1.7697e-04 -1.7699e-04 -1.7713e-04 -1.7737e-04 -1.7771e-04 -1.7816e-04 -1.7871e-04 -1.7937e-04 -1.8013e-04 -1.8099e-04 -1.8196e-04 -1.8303e-04 -1.8420e-04 -1.8546e-04 -1.8683e-04 -1.8829e-04 -1.8985e-04 -1.9150e-04 -1.9324e-04 -1.9508e-04 -1.9701e-04 -1.9902e-04 -2.0112e-04 -2.0330e-04 -2.0557e-04 -2.0791e-04 -2.1033e-04 -2.1283e-04 -2.1540e-04 -2.1804e-04 -2.2075e-04 
-0000.00100 -2.2172e-04 -2.1895e-04 -2.1626e-04 -2.1364e-04 -2.1109e-04 -2.0862e-04 -2.0623e-04 -2.0392e-04 -2.0169e-04 -1.9955e-04 -1.9750e-04 -1.9553e-04 -1.9366e-04 -1.9187e-04 -1.9018e-04 -1.8858e-04 -1.8708e-04 -1.8568e-04 -1.8437e-04 -1.8316e-04 -1.8205e-04 -1.8104e-04 -1.8014e-04 -1.7933e-04 -1.7863e-04 -1.7803e-04 -1.7754e-04 -1.7715e-04 -1.7686e-04 -1.7668e-04 -1.7660e-04 -1.7663e-04 -1.7676e-04 -1.7700e-04 -1.7734e-04 -1.7779e-04 -1.7834e-04 -1.7899e-04 -1.7975e-04 -1.8061e-04 -1.8157e-04 -1.8264e-04 -1.8380e-04 -1.8507e-04 -1.8643e-04 -1.8789e-04 -1.8945e-04 -1.9110e-04 -1.9285e-04 -1.9469e-04 -1.9663e-04 -1.9865e-04 -2.0076e-04 -2.0296e-04 -2.0524e-04 -2.0761e-04 -2.1006e-04 -2.1259e-04 -2.1519e-04 -2.1787e-04 -2.2063e-04 
-0000.00150 -2.2151e-04 -2.1867e-04 -2.1591e-04 -2.1323e-04 -2.1063e-04 -2.0812e-04 -2.0569e-04 -2.0335e-04 -2.0110e-04 -1.9894e-04 -1.9687e-04 -1.9489e-04 -1.9301e-04 -1.9122e-04 -1.8953e-04 -1.8793e-04 -1.8643e-04 -1.8503e-04 -1.8372e-04 -1.8252e-04 -1.8142e-04 -1.8041e-04 -1.7951e-04 -1.7871e-04 -1.7802e-04 -1.7742e-04 -1.7693e-04 -1.7654e-04 -1.7626e-04 -1.7608e-04 -1.7600e-04 -1.7603e-04 -1.7616e-04 -1.7640e-04 -1.7674e-04 -1.7718e-04 -1.7773e-04 -1.7838e-04 -1.7913e-04 -1.7999e-04 -1.8095e-04 -1.8201e-04 -1.8317e-04 -1.8443e-04 -1.8579e-04 -1.8725e-04 -1.8881e-04 -1.9046e-04 -1.9222e-04 -1.9407e-04 -1.9601e-04 -1.9805e-04 -2.0017e-04 -2.0240e-04 -2.0471e-04 -2.0711e-04 -2.0960e-04 -2.1217e-04 -2.1483e-04 -2.1757e-04 -2.2040e-04 
-0000.00200 -2.2118e-04 -2.1824e-04 -2.1539e-04 -2.1263e-04 -2.0996e-04 -2.0739e-04 -2.0492e-04 -2.0254e-04 -2.0025e-04 -1.9807e-04 -1.9598e-04 -1.9398e-04 -1.9209e-04 -1.9029e-04 -1.8860e-04 -1.8700e-04 -1.8550e-04 -1.8411e-04 -1.8281e-04 -1.8161e-04 -1.8052e-04 -1.7952e-04 -1.7863e-04 -1.7784e-04 -1.7715e-04 -1.7656e-04 -1.7608e-04 -1.7570e-04 -1.7542e-04 -1.7524e-04 -1.7516e-04 -1.7519e-04 -1.7532e-04 -1.7556e-04 -1.7589e-04 -1.7633e-04 -1.7687e-04 -1.7751e-04 -1.7826e-04 -1.7911e-04 -1.8006e-04 -1.8111e-04 -1.8226e-04 -1.8352e-04 -1.8487e-04 -1.8633e-04 -1.8789e-04 -1.8955e-04 -1.9130e-04 -1.9316e-04 -1.9512e-04 -1.9717e-04 -1.9933e-04 -2.0158e-04 -2.0393e-04 -2.0638e-04 -2.0892e-04 -2.1156e-04 -2.1429e-04 -2.1712e-04 -2.2004e-04 
# Total Vertical 2nd Order Kick [T2m2]
START
            -0000.01000 -0000.00967 -0000.00933 -0000.00900 -0000.00867 -0000.00833 -0000.00800 -0000.00767 -0000.00733 -0000.00700 -0000.00667 -0000.00633 -0000.00600 -0000.00567 -0000.00533 -0000.00500 -0000.00467 -0000.00433 -0000.00400 -0000.00367 -0000.00333 -0000.00300 -0000.00267 -0000.00233 -0000.00200 -0000.00167 -0000.00133 -0000.00100 -0000.00067 -0000.00033 +0000.00000 +0000.00033 +0000.00067 +0000.00100 +0000.00133 +0000.00167 +0000.00200 +0000.00233 +0000.00267 +0000.00300 +0000.00333 +0000.00367 +0000.00400 +0000.00433 +0000.00467 +0000.00500 +0000.00533 +0000.00567 +0000.00600 +0000.00633 +0000.00667 +0000.00700 +0000.00733 +0000.00767 +0000.00800 +0000.00833 +0000.00867 +0000.00900 +0000.00933 +0000.00967 +0000.01000 
+0000.00200 -2.2120e-04 -2.1826e-04 -2.1540e-04 -2.1264e-04 -2.0997e-04 -2.0740e-04 -2.0492e-04 -2.0254e-04 -2.0025e-04 -1.9806e-04 -1.9597e-04 -1.9398e-04 -1.9208e-04 -1.9028e-04 -1.8859e-04 -1.8699e-04 -1.8549e-04 -1.8409e-04 -1.8280e-04 -1.8160e-04 -1.8051e-04 -1.7951e-04 -1.7862e-04 -1.7783e-04 -1.7714e-04 -1.7656e-04 -1.7607e-04 -1.7569e-04 -1.7541e-04 -1.7524e-04 -1.7516e-04 -1.7519e-04 -1.7532e-04 -1.7556e-04 -1.7590e-04 -1.7634e-04 -1.7688e-04 -1.7752e-04 -1.7827e-04 -1.7912e-04 -1.8007e-04 -1.8112e-04 -1.8228e-04 -1.8353e-04 -1.8489e-04 -1.8635e-04 -1.8790e-04 -1.8956e-04 -1.9132e-04 -1.9317e-04 -1.9513e-04 -1.9718e-04 -1.9933e-04 -2.0158e-04 -2.0393e-04 -2.0637e-04 -2.0891e-04 -2.1154e-04 -2.1427e-04 -2.1710e-04 -2.2001e-04 
+0000.00150 -2.2120e-04 -2.1826e-04 -2.1540e-04 -2.1264e-04 -2.0997e-04 -2.0740e-04 -2.0492e-04 -2.0254e-04 -2.0025e-04 -1.9806e-04 -1.9597e-04 -1.9398e-04 -1.9208e-04 -1.9028e-04 -1.8859e-04 -1.8699e-04 -1.8549e-04 -1.8409e-04 -1.8280e-04 -1.8160e-04 -1.8051e-04 -1.7951e-04 -1.7862e-04 -1.7783e-04 -1.7714e-04 -1.7656e-04 -1.7607e-04 -1.7569e-04 -1.7541e-04 -1.7524e-04 -1.7516e-04 -1.7519e-04 -1.7532e-04 -1.7556e-04 -1.7590e-04 -1.7634e-04 -1.7688e-04 -1.7752e-04 -1.7827e-04 -1.7912e-04 -1.8007e-04 -1.8112e-04 -1.8228e-04 -1.8353e-04 -1.8489e-04 -1.8635e-04 -1.8790e-04 -1.8956e-04 -1.9132e-04 -1.9317e-04 -1.9513e-04 -1.9718e-04 -1.9933e-04 -2.0158e-04 -2.0393e-04 -2.0637e-04 -2.0891e-04 -2.1154e-04 -2.1427e-04 -2.1710e-04 -2.2001e-04 
+0000.00100 -2.2120e-04 -2.1826e-04 -2.1540e-04 -2.1264e-04 -2.0997e-04 -2.0740e-04 -2.0492e-04 -2.0254e-04 -2.0025e-04 -1.9806e-04 -1.9597e-04 -1.9398e-04 -1.9208e-04 -1.9028e-04 -1.8859e-04 -1.8699e-04 -1.8549e-04 -1.8409e-04 -1.8280e-04 -1.8160e-04 -1.8051e-04 -1.7951e-04 -1.7862e-04 -1.7783e-04 -1.7714e-04 -1.7656e-04 -1.7607e-04 -1.7569e-04 -1.7541e-04 -1.7524e-04 -1.7516e-04 -1.7519e-04 -1.7532e-04 -1.7556e-04 -1.7590e-04 -1.7634e-04 -1.7688e-04 -1.7752e-04 -1.7827e-04 -1.7912e-04 -1.8007e-04 -1.8112e-04 -1.8228e-04 -1.8353e-04 -1.8489e-04 -1.8635e-04 -1.8790e-04 -1.8956e-04 -1.9132e-04 -1.9317e-04 -1.9513e-04 -1.9718e-04 -1.9933e-04 -2.0158e-04 -2.0393e-04 -2.0637e-04 -2.0891e-04 -2.1154e-04 -2.1427e-04 -2.1710e-04 -2.2001e-04 
+0000.00050 -2.2120e-04 -2.1826e-04 -2.1540e-04 -2.1264e-04 -2.0997e-04 -2.0740e-04 -2.0492e-04 -2.0254e-04 -2.0025e-04 -1.9806e-04 -1.9597e-04 -1.9398e-04 -1.9208e-04 -1.9028e-04 -1.8859e-04 -1.8699e-04 -1.8549e-04 -1.8409e-04 -1.8280e-04 -1.8160e-04 -1.8051e-04 -1.7951e-04 -1.7862e-04 -1.7783e-04 -1.7714e-04 -1.7656e-04 -1.7607e-04 -1.7569e-04 -1.7541e-04 -1.7524e-04 -1.7516e-04 -1.7519e-04 -1.7532e-04 -1.7556e-04 -1.7590e-04 -1.7634e-04 -1.7688e-04 -1.7752e-04 -1.7827e-04 -1.7912e-04 -1.8007e-04 -1.8112e-04 -1.8228e-04 -1.8353e-04 -1.8489e-04 -1.8635e-04 -1.8790e-04 -1.8956e-04 -1.9132e-04 -1.9317e-04 -1.9513e-04 -1.9718e-04 -1.9933e-04 -2.0158e-04 -2.0393e-04 -2.0637e-04 -2.0891e-04 -2.1154e-04 -2.1427e-04 -2.1710e-04 -2.2001e-04 
+0000.00000 -2.2120e-04 -2.1826e-04 -2.1540e-04 -2.1264e-04 -2.0997e-04 -2.0740e-04 -2.0492e-04 -2.0254e-04 -2.0025e-04 -1.9806e-04 -1.9597e-04 -1.9398e-04 -1.9208e-04 -1.9028e-04 -1.8859e-04 -1.8699e-04 -1.8549e-04 -1.8409e-04 -1.8280e-04 -1.8160e-04 -1.8051e-04 -1.7951e-04 -1.7862e-04 -1.7783e-04 -1.7714e-04 -1.7656e-04 -1.7607e-04 -1.7569e-04 -1.7541e-04 -1.7524e-04 -1.7516e-04 -1.7519e-04 -1.7532e-04 -1.7556e-04 -1.7590e-04 -1.7634e-04 -1.7688e-04 -1.7752e-04 -1.7827e-04 -1.7912e-04 -1.8007e-04 -1.8112e-04 -1.8228e-04 -1.8353e-04 -1.8489e-04 -1.8635e-04 -1.8790e-04 -1.8956e-04 -1.9132e-04 -1.9317e-04 -1.9513e-04 -1.9718e-04 -1.9933e-04 -2.0158e-04 -2.0393e-04 -2.0637e-04 -2.0891e-04 -2.1154e-04 -2.1427e-04 -2.1710e-04 -2.2001e-04 
-0000.00050 -2.2120e-04 -2.1826e-04 -2.1540e-04 -2.1264e-04 -2.0997e-04 -2.0740e-04 -2.0492e-04 -2.0254e-04 -2.0025e-04 -1.9806e-04 -1.9597e-04 -1.9398e-04 -1.9208e-04 -1.9028e-04 -1.8859e-04 -1.8699e-04 -1.8549e-04 -1.8409e-04 -1.8280e-04 -1.8160e-04 -1.8051e-04 -1.7951e-04 -1.7862e-04 -1.7783e-04 -1.7714e-04 -1.7656e-04 -1.7607e-04 -1.7569e-04 -1.7541e-04 -1.7524e-04 -1.7516e-04 -1.7519e-04 -1.7532e-04 -1.7556e-04 -1.7590e-04 -1.7634e-04 -1.7688e-04 -1.7752e-04 -1.7827e-04 -1.7912e-04 -1.8007e-04 -1.8112e-04 -1.8228e-04 -1.8353e-04 -1.8489e-04 -1.8635e-04 -1.8790e-04 -1.8956e-04 -1.9132e-04 -1.9317e-04 -1.9513e-04 -1.9718e-04 -1.9933e-04 -2.0158e-04 -2.0393e-04 -2.0637e-04 -2.0891e-04 -2.1154e-04 -2.1427e-04 -2.1710e-04 -2.2001e-04 
-0000.00100 -2.2120e-04 -2.1826e-04 -2.1540e-04 -2.1264e-04 -2.0997e-04 -2.0740e-04 -2.0492e-04 -2.0254e-04 -2.0025e-04 -1.9806e-04 -1.9597e-04 -1.9398e-04 -1.9208e-04 -1.9028e-04 -1.8859e-04 -1.8699e-04 -1.8549e-04 -1.8409e-04 -1.8280e-04 -1.8160e-04 -1.8051e-04 -1.7951e-04 -1.7862e-04 -1.7783e-04 -1.7714e-04 -1.7656e-04 -1.7607e-04 -1.7569e-04 -1.7541e-04 -1.7524e-04 -1.7516e-04 -1.7519e-04 -1.7532e-04 -1.7556e-04 -1.7590e-04 -1.7634e-04 -1.7688e-04 -1.7752e-04 -1.7827e-04 -1.7912e-04 -1.8007e-04 -1.8112e-04 -1.8228e-04 -1.8353e-04 -1.8489e-04 -1.8635e-04 -1.8790e-04 -1.8956e-04 -1.9132e-04 -1.9317e-04 -1.9513e-04 -1.9718e-04 -1.9933e-04 -2.0158e-04 -2.0393e-04 -2.0637e-04 -2.0891e-04 -2.1154e-04 -2.1427e-04 -2.1710e-04 -2.2001e-04 
-0000.00150 -2.2120e-04 -2.1826e-04 -2.1540e-04 -2.1264e-04 -2.0997e-04 -2.0740e-04 -2.0492e-04 -2.0254e-04 -2.0025e-04 -1.9806e-04 -1.9597e-04 -1.9398e-04 -1.9208e-04 -1.9028e-04 -1.8859e-04 -1.8699e-04 -1.8549e-04 -1.8409e-04 -1.8280e-04 -1.8160e-04 -1.8051e-04 -1.7951e-04 -1.7862e-04 -1.7783e-04 -1.7714e-04 -1.7656e-04 -1.7607e-04 -1.7569e-04 -1.7541e-04 -1.7524e-04 -1.7516e-04 -1.7519e-04 -1.7532e-04 -1.7556e-04 -1.7590e-04 -1.7634e-04 -1.7688e-04 -1.7752e-04 -1.7827e-04 -1.7912e-04 -1.8007e-04 -1.8112e-04 -1.8228e-04 -1.8353e-04 -1.8489e-04 -1.8635e-04 -1.8790e-04 -1.8956e-04 -1.9132e-04 -1.9317e-04 -1.9513e-04 -1.9718e-04 -1.9933e-04 -2.0158e-04 -2.0393e-04 -2.0637e-04 -2.0891e-04 -2.1154e-04 -2.1427e-04 -2.1710e-04 -2.2001e-04 
-0000.00200 -2.2120e-04 -2.1826e-04 -2.1540e-04 -2.1264e-04 -2.0997e-04 -2.0740e-04 -2.0492e-04 -2.0254e-04 -2.0025e-04 -1.9806e-04 -1.9597e-04 -1.9398e-04 -1.9208e-04 -1.9028e-04 -1.8859e-04 -1.8699e-04 -1.8549e-04 -1.8409e-04 -1.8280e-04 -1.8160e-04 -1.8051e-04 -1.7951e-04 -1.7862e-04 -1.7783e-04 -1.7714e-04 -1.7656e-04 -1.7607e-04 -1.7569e-04 -1.7541e-04 -1.7524e-04 -1.7516e-04 -1.7519e-04 -1.7532e-04 -1.7556e-04 -1.7590e-04 -1.7634e-04 -1.7688e-04 -1.7752e-04 -1.7827e-04 -1.7912e-04 -1.8007e-04 -1.8112e-04 -1.8228e-04 -1.8353e-04 -1.8489e-04 -1.8635e-04 -1.8790e-04 -1.8956e-04 -1.9132e-04 -1.9317e-04 -1.9513e-04 -1.9718e-04 -1.9933e-04 -2.0158e-04 -2.0393e-04 -2.0637e-04 -2.0891e-04 -2.1154e-04 -2.1427e-04 -2.1710e-04 -2.2001e-04 
# Horizontal Final Position [m]
START
            -0000.01000 -0000.00967 -0000.00933 -0000.00900 -0000.00867 -0000.00833 -0000.00800 -0000.00767 -0000.00733 -0000.00700 -0000.00667 -0000.00633 -0000.00600 -0000.00567 -0000.00533 -0000.00500 -0000.00467 -0000.00433 -0000.00400 -0000.00367 -0000.00333 -0000.00300 -0000.00267 -0000.00233 -0000.00200 -0000.00167 -0000.00133 -0000.00100 -0000.00067 -0000.00033 +0000.00000 +0000.00033 +0000.00067 +0000.00100 +0000.00133 +0000.00167 +0000.00200 +0000.00233 +0000.00267 +0000.00300 +0000.00333 +0000.00367 +0000.00400 +0000.00433 +0000.00467 +0000.00500 +0000.00533 +0000.00567 +0000.00600 +0000.00633 +0000.00667 +0000.00700 +0000.00733 +0000.00767 +0000.00800 +0000.00833 +0000.00867 +0000.00900 +0000.00933 +0000.00967 +0000.01000 
+0000.00200 -1.0003e-02 -9.6694e-03 -9.3361e-03 -9.0029e-03 -8.6697e-03 -8.3364e-03 -8.0032e-03 -7.6699e-03 -7.3367e-03 -7.0034e-03 -6.6701e-03 -6.3368e-03 -6.0035e-03 -5.6702e-03 -5.3369e-03 -5.0036e-03 -4.6703e-03 -4.3370e-03 -4.0037e-03 -3.6704e-03 -3.3370e-03 -3.0037e-03 -2.6704e-03 -2.3370e-03 -2.0037e-03 -1.6704e-03 -1.3370e-03 -1.0037e-03 -6.7034e-04 -3.3699e-04 -3.6458e-06 +3.2970e-04 +6.6305e-04 +9.9640e-04 +1.3297e-03 +1.6631e-03 +1.9964e-03 +2.3298e-03 +2.6631e-03 +2.9965e-03 +3.3298e-03 +3.6632e-03 +3.9965e-03 +4.3299e-03 +4.6632e-03 +4.9965e-03 +5.3299e-03 +5.6632e-03 +5.9965e-03 +6.3298e-03 +6.6632e-03 +6.9965e-03 +7.3298e-03 +7.6631e-03 +7.9964e-03 +8.3297e-03 +8.6630e-03 +8.9963e-03 +9.3296e-03 +9.6629e-03 +9.9962e-03 
+0000.00150 -1.0003e-02 -9.6694e-03 -9.3361e-03 -9.0029e-03 -8.6697e-03 -8.3364e-03 -8.0032e-03 -7.6699e-03 -7.3366e-03 -7.0034e-03 -6.6701e-03 -6.3368e-03 -6.0035e-03 -5.6702e-03 -5.3369e-03 -5.0036e-03 -4.6703e-03 -4.3370e-03 -4.0037e-03 -3.6704e-03 -3.3370e-03 -3.0037e-03 -2.6704e-03 -2.3370e-03 -2.0037e-03 -1.6704e-03 -1.3370e-03 -1.0037e-03 -6.7034e-04 -3.3700e-04 -3.6486e-06 +3.2970e-04 +6.6305e-04 +9.9640e-04 +1.3297e-03 +1.6631e-03 +1.9964e-03 +2.3298e-03 +2.6631e-03 +2.9965e-03 +3.3298e-03 +3.6632e-03 +3.9965e-03 +4.3299e-03 +4.6632e-03 +4.9966e-03 +5.3299e-03 +5.6632e-03 +5.9965e-03 +6.3299e-03 +6.6632e-03 +6.9965e-03 +7.3298e-03 +7.6631e-03 +7.9964e-03 +8.3298e-03 +8.6630e-03 +8.9963e-03 +9.3296e-03 +9.6629e-03 +9.9962e-03 
+0000.00100 -1.0003e-02 -9.6693e-03 -9.3361e-03 -9.0029e-03 -8.6697e-03 -8.3364e-03 -8.0032e-03 -7.6699e-03 -7.3366e-03 -7.0034e-03 -6.6701e-03 -6.3368e-03 -6.0035e-03 -5.6702e-03 -5.3369e-03 -5.0036e-03 -4.6703e-03 -4.3370e-03 -4.0037e-03 -3.6704e-03 -3.3370e-03 -3.0037e-03 -2.6704e-03 -2.3370e-03 -2.0037e-03 -1.6704e-03 -1.3370e-03 -1.0037e-03 -6.7034e-04 -3.3699e-04 -3.6430e-06 +3.2971e-04 +6.6306e-04 +9.9641e-04 +1.3298e-03 +1.6631e-03 +1.9965e-03 +2.3298e-03 +2.6632e-03 +2.9965e-03 +3.3299e-03 +3.6632e-03 +3.9965e-03 +4.3299e-03 +4.6632e-03 +4.9966e-03 +5.3299e-03 +5.6632e-03 +5.9966e-03 +6.3299e-03 +6.6632e-03 +6.9965e-03 +7.3298e-03 +7.6631e-03 +7.9965e-03 +8.3298e-03 +8.6630e-03 +8.9963e-03 +9.3296e-03 +9.6629e-03 +9.9962e-03 
+0000.00050 -1.0003e-02 -9.6693e-03 -9.3361e-03 -9.0029e-03 -8.6697e-03 -8.3364e-03 -8.0032e-03 -7.6699e-03 -7.3366e-03 -7.0034e-03 -6.6701e-03 -6.3368e-03 -6.0035e-03 -5.6702e-03 -5.3369e-03 -5.0036e-03 -4.6703e-03 -4.3370e-03 -4.0037e-03 -3.6704e-03 -3.3370e-03 -3.0037e-03 -2.6704e-03 -2.3370e-03 -2.0037e-03 -1.6704e-03 -1.3370e-03 -1.0037e-03 -6.7034e-04 -3.3699e-04 -3.6424e-06 +3.2971e-04 +6.6306e-04 +9.9641e-04 +1.3298e-03 +1.6631e-03 +1.9965e-03 +2.3298e-03 +2.6632e-03 +2.9965e-03 +3.3299e-03 +3.6632e-03 +3.9965e-03 +4.3299e-03 +4.6632e-03 +4.9966e-03 +5.3299e-03 +5.6632e-03 +5.9966e-03 +6.3299e-03 +6.6632e-03 +6.9965e-03 +7.3298e-03 +7.6631e-03 +7.9965e-03 +8.3298e-03 +8.6630e-03 +8.9963e-03 +9.3296e-03 +9.6629e-03 +9.9962e-03 
+0000.00000 -1.0003e-02 -9.6693e-03 -9.3361e-03 -9.0029e-03 -8.6697e-03 -8.3364e-03 -8.0032e-03 -7.6699e-03 -7.3366e-03 -7.0034e-03 -6.6701e-03 -6.3368e-03 -6.0035e-03 -5.6702e-03 -5.3369e-03 -5.0036e-03 -4.6703e-03 -4.3370e-03 -4.0037e-03 -3.6704e-03 -3.3370e-03 -3.0037e-03 -2.6704e-03 -2.3370e-03 -2.0037e-03 -1.6704e-03 -1.3370e-03 -1.0037e-03 -6.7034e-04 -3.3699e-04 -3.6424e-06 +3.2971e-04 +6.6306e-04 +9.9641e-04 +1.3298e-03 +1.6631e-03 +1.9965e-03 +2.3298e-03 +2.6632e-03 +2.9965e-03 +3.3299e-03 +3.6632e-03 +3.9965e-03 +4.3299e-03 +4.6632e-03 +4.9966e-03 +5.3299e-03 +5.6632e-03 +5.9966e-03 +6.3299e-03 +6.6632e-03 +6.9965e-03 +7.3298e-03 +7.6631e-03 +7.9965e-03 +8.3298e-03 +8.6630e-03 +8.9963e-03 +9.3296e-03 +9.6629e-03 +9.9962e-03 
-0000.00050 -1.0003e-02 -9.6693e-03 -9.3361e-03 -9.0029e-03 -8.6697e-03 -8.3364e-03 -8.0032e-03 -7.6699e-03 -7.3366e-03 -7.0034e-03 -6.6701e-03 -6.3368e-03 -6.0035e-03 -5.6702e-03 -5.3369e-03 -5.0036e-03 -4.6703e-03 -4.3370e-03 -4.0037e-03 -3.6704e-03 -3.3370e-03 -3.0037e-03 -2.6704e-03 -2.3370e-03 -2.0037e-03 -1.6704e-03 -1.3370e-03 -1.0037e-03 -6.7034e-04 -3.3699e-04 -3.6424e-06 +3.2971e-04 +6.6306e-04 +9.9641e-04 +1.3298e-03 +1.6631e-03 +1.9965e-03 +2.3298e-03 +2.6632e-03 +2.9965e-03 +3.3299e-03 +3.6632e-03 +3.9965e-03 +4.3299e-03 +4.6632e-03 +4.9966e-03 +5.3299e-03 +5.6632e-03 +5.9966e-03 +6.3299e-03 +6.6632e-03 +6.9965e-03 +7.3298e-03 +7.6631e-03 +7.9965e-03 +8.3298e-03 +8.6630e-03 +8.9963e-03 +9.3296e-03 +9.6629e-03 +9.9962e-03 
-0000.00100 -1.0003e-02 -9.6693e-03 -9.3361e-03 -9.0029e-03 -8.6697e-03 -8.3364e-03 -8.0032e-03 -7.6699e-03 -7.3366e-03 -7.0034e-03 -6.6701e-03 -6.3368e-03 -6.0035e-03 -5.6702e-03 -5.3369e-03 -5.0036e-03 -4.6703e-03 -4.3370e-03 -4.0037e-03 -3.6704e-03 -3.3370e-03 -3.0037e-03 -2.6704e-03 -2.3370e-03 -2.0037e-03 -1.6704e-03 -1.3370e-03 -1.0037e-03 -6.7034e-04 -3.3699e-04 -3.6430e-06 +3.2971e-04 +6.6306e-04 +9.9641e-04 +1.3298e-03 +1.6631e-03 +1.9965e-03 +2.3298e-03 +2.6632e-03 +2.9965e-03 +3.3299e-03 +3.6632e-03 +3.9965e-03 +4.3299e-03 +4.6632e-03 +4.9966e-03 +5.3299e-03 +5.6632e-03 +5.9966e-03 +6.3299e-03 +6.6632e-03 +6.9965e-03 +7.3298e-03 +7.6631e-03 +7.9965e-03 +8.3298e-03 +8.6630e-03 +8.9963e-03 +9.3296e-03 +9.6629e-03 +9.9962e-03 
-0000.00150 -1.0003e-02 -9.6694e-03 -9.3361e-03 -9.0029e-03 -8.6697e-03 -8.3364e-03 -8.0032e-03 -7.6699e-03 -7.3366e-03 -7.0034e-03 -6.6701e-03 -6.3368e-03 -6.0035e-03 -5.6702e-03 -5.3369e-03 -5.0036e-03 -4.6703e-03 -4.3370e-03 -4.0037e-03 -3.6704e-03 -3.3370e-03 -3.0037e-03 -2.6704e-03 -2.3370e-03 -2.0037e-03 -1.6704e-03 -1.3370e-03 -1.0037e-03 -6.7034e-04 -3.3700e-04 -3.6486e-06 +3.2970e-04 +6.6305e-04 +9.9640e-04 +1.3297e-03 +1.6631e-03 +1.9964e-03 +2.3298e-03 +2.6631e-03 +2.9965e-03 +3.3298e-03 +3.6632e-03 +3.9965e-03 +4.3299e-03 +4.6632e-03 +4.9966e-03 +5.3299e-03 +5.6632e-03 +5.9965e-03 +6.3299e-03 +6.6632e-03 +6.9965e-03 +7.3298e-03 +7.6631e-03 +7.9964e-03 +8.3298e-03 +8.6630e-03 +8.9963e-03 +9.3296e-03 +9.6629e-03 +9.9962e-03 
-0000.00200 -1.0003e-02 -9.6694e-03 -9.3361e-03 -9.0029e-03 -8.6697e-03 -8.3364e-03 -8.0032e-03 -7.6699e-03 -7.3367e-03 -7.0034e-03 -6.6701e-03 -6.3368e-03 -6.0035e-03 -5.6702e-03 -5.3369e-03 -5.0036e-03 -4.6703e-03 -4.3370e-03 -4.0037e-03 -3.6704e-03 -3.3370e-03 -3.0037e-03 -2.6704e-03 -2.3370e-03 -2.0037e-03 -1.6704e-03 -1.3370e-03 -1.0037e-03 -6.7034e-04 -3.3699e-04 -3.6458e-06 +3.2970e-04 +6.6305e-04 +9.9640e-04 +1.3297e-03 +1.6631e-03 +1.9964e-03 +2.3298e-03 +2.6631e-03 +2.9965e-03 +3.3298e-03 +3.6632e-03 +3.9965e-03 +4.3299e-03 +4.6632e-03 +4.9965e-03 +5.3299e-03 +5.6632e-03 +5.9965e-03 +6.3298e-03 +6.6632e-03 +6.9965e-03 +7.3298e-03 +7.6631e-03 +7.9964e-03 +8.3297e-03 +8.6630e-03 +8.9963e-03 +9.3296e-03 +9.6629e-03 +9.9962e-03 
# Vertical Final Position [m]
START
            -0000.01000 -0000.00967 -0000.00933 -0000.00900 -0000.00867 -0000.00833 -0000.00800 -0000.00767 -0000.00733 -0000.00700 -0000.00667 -0000.00633 -0000.00600 -0000.00567 -0000.00533 -0000.00500 -0000.00467 -0000.00433 -0000.00400 -0000.00367 -0000.00333 -0000.00300 -0000.00267 -0000.00233 -0000.00200 -0000.00167 -0000.00133 -0000.00100 -0000.00067 -0000.00033 +0000.00000 +0000.00033 +0000.00067 +0000.00100 +0000.00133 +0000.00167 +0000.00200 +0000.00233 +0000.00267 +0000.00300 +0000.00333 +0000.00367 +0000.00400 +0000.00433 +0000.00467 +0000.00500 +0000.00533 +0000.00567 +0000.00600 +0000.00633 +0000.00667 +0000.00700 +0000.00733 +0000.00767 +0000.00800 +0000.00833 +0000.00867 +0000.00900 +0000.00933 +0000.00967 +0000.01000 
+0000.00200 +2.0001e-03 +2.0001e-03 +2.0001e-03 +2.0001e-03 +2.0001e-03 +2.0001e-03 +2.0001e-03 +2.0001e-03 +2.0001e-03 +2.0001e-03 +2.0001e-03 +2.0001e-03 +2.0001e-03 +2.0001e-03 +2.0001e-03 +2.0001e-03 +2.0001e-03 +2.0001e-03 +2.0000e-03 +2.0000e-03 +2.0000e-03 +2.0000e-03 +2.0000e-03 +2.0000e-03 +2.0000e-03 +2.0000e-03 +2.0000e-03 +2.0000e-03 +2.0000e-03 +2.0000e-03 +2.0000e-03 +2.0000e-03 +2.0000e-03 +2.0000e-03 +1.9999e-03 +1.9999e-03 +1.9999e-03 +1.9999e-03 +1.9999e-03 +1.9999e-03 +1.9999e-03 +1.9999e-03 +1.9999e-03 +1.9999e-03 +1.9999e-03 +1.9999e-03 +1.9999e-03 +1.9999e-03 +1.9999e-03 +1.9999e-03 +1.9999e-03 +1.9999e-03 +1.9998e-03 +1.9998e-03 +1.9998e-03 +1.9998e-03 +1.9998e-03 +1.9998e-03 +1.9998e-03 +1.9998e-03 +1.9998e-03 
+0000.00150 +1.5001e-03 +1.5001e-03 +1.5001e-03 +1.5001e-03 +1.5001e-03 +1.5001e-03 +1.5001e-03 +1.5001e-03 +1.5001e-03 +1.5001e-03 +1.5001e-03 +1.5001e-03 +1.5001e-03 +1.5001e-03 +1.5001e-03 +1.5001e-03 +1.5001e-03 +1.5000e-03 +1.5000e-03 +1.5000e-03 +1.5000e-03 +1.5000e-03 +1.5000e-03 +1.5000e-03 +1.5000e-03 +1.5000e-03 +1.5000e-03 +1.5000e-03 +1.5000e-03 +1.5000e-03 +1.5000e-03 +1.5000e-03 +1.5000e-03 +1.5000e-03 +1.5000e-03 +1.4999e-03 +1.4999e-03 +1.4999e-03 +1.4999e-03 +1.4999e-03 +1.4999e-03 +1.4999e-03 +1.4999e-03 +1.4999e-03 +1.4999e-03 +1.4999e-03 +1.4999e-03 +1.4999e-03 +1.4999e-03 +1.4999e-03 +1.4999e-03 +1.4999e-03 +1.4999e-03 +1.4999e-03 +1.4999e-03 +1.4999e-03 +1.4999e-03 +1.4999e-03 +1.4999e-03 +1.4999e-03 +1.4999e-03 
+0000.00100 +1.0001e-03 +1.0001e-03 +1.0001e-03 +1.0001e-03 +1.0001e-03 +1.0001e-03 +1.0001e-03 +1.0001e-03 +1.0001e-03 +1.0001e-03 +1.0001e-03 +1.0001e-03 +1.0000e-03 +1.0000e-03 +1.0000e-03 +1.0000e-03 +1.0000e-03 +1.0000e-03 +1.0000e-03 +1.0000e-03 +1.0000e-03 +1.0000e-03 +9.9999e-04 +9.9999e-04 +9.9999e-04 +9.9998e-04 +9.9998e-04 +9.9998e-04 +9.9997e-04 +9.9997e-04 +9.9997e-04 +9.9997e-04 +9.9996e-04 +9.9996e-04 +9.9996e-04 +9.9996e-04 +9.9996e-04 +9.9996e-04 +9.9996e-04 +9.9996e-04 +9.9996e-04 +9.9996e-04 +9.9996e-04 +9.9996e-04 +9.9995e-04 +9.9995e-04 +9.9995e-04 +9.9995e-04 +9.9995e-04 +9.9995e-04 +9.9995e-04 +9.9994e-04 +9.9994e-04 +9.9994e-04 +9.9993e-04 +9.9993e-04 +9.9992e-04 +9.9992e-04 +9.9991e-04 +9.9990e-04 +9.9989e-04 
+0000.00050 +5.0003e-04 +5.0003e-04 +5.0003e-04 +5.0003e-04 +5.0003e-04 +5.0003e-04 +5.0003e-04 +5.0003e-04 +5.0003e-04 +5.0003e-04 +5.0003e-04 +5.0002e-04 +5.0002e-04 +5.0002e-04 +5.0002e-04 +5.0002e-04 +5.0002e-04 +5.0002e-04 +5.0001e-04 +5.0001e-04 +5.0001e-04 +5.0001e-04 +5.0001e-04 +5.0001e-04 +5.0000e-04 +5.0000e-04 +5.0000e-04 +5.0000e-04 +5.0000e-04 +5.0000e-04 +4.9999e-04 +4.9999e-04 +4.9999e-04 +4.9999e-04 +4.9999e-04 +4.9999e-04 +4.9999e-04 +4.9998e-04 +4.9998e-04 +4.9998e-04 +4.9998e-04 +4.9998e-04 +4.9998e-04 +4.9998e-04 +4.9997e-04 +4.9997e-04 +4.9997e-04 +4.9997e-04 +4.9997e-04 +4.9997e-04 +4.9997e-04 +4.9997e-04 +4.9996e-04 +4.9996e-04 +4.9996e-04 +4.9996e-04 +4.9996e-04 +4.9996e-04 +4.9995e-04 +4.9995e-04 +4.9995e-04 
+0000.00000 -3.7792e-11 -4.1789e-11 -4.4814e-11 -4.6957e-11 -4.8305e-11 -4.8939e-11 -4.8940e-11 -4.8385e-11 -4.7345e-11 -4.5892e-11 -4.4091e-11 -4.2006e-11 -3.9697e-11 -3.7221e-11 -3.4632e-11 -3.1980e-11 -2.9312e-11 -2.6671e-11 -2.4100e-11 -2.1634e-11 -1.9308e-11 -1.7153e-11 -1.5196e-11 -1.3462e-11 -1.1972e-11 -1.0743e-11 -9.7913e-12 -9.1268e-12 -8.7581e-12 -8.6899e-12 -8.9239e-12 -9.4585e-12 -1.0289e-11 -1.1406e-11 -1.2800e-11 -1.4454e-11 -1.6353e-11 -1.8473e-11 -2.0792e-11 -2.3280e-11 -2.5908e-11 -2.8641e-11 -3.1442e-11 -3.4269e-11 -3.7080e-11 -3.9826e-11 -4.2458e-11 -4.4922e-11 -4.7160e-11 -4.9113e-11 -5.0717e-11 -5.1906e-11 -5.2610e-11 -5.2755e-11 -5.2264e-11 -5.1059e-11 -4.9057e-11 -4.6170e-11 -4.2311e-11 -3.7385e-11 -3.1297e-11 
-0000.00050 -5.0003e-04 -5.0003e-04 -5.0003e-04 -5.0003e-04 -5.0003e-04 -5.0003e-04 -5.0003e-04 -5.0003e-04 -5.0003e-04 -5.0003e-04 -5.0003e-04 -5.0002e-04 -5.0002e-04 -5.0002e-04 -5.0002e-04 -5.0002e-04 -5.0002e-04 -5.0002e-04 -5.0001e-04 -5.0001e-04 -5.0001e-04 -5.0001e-04 -5.0001e-04 -5.0001e-04 -5.0000e-04 -5.0000e-04 -5.0000e-04 -5.0000e-04 -5.0000e-04 -5.0000e-04 -4.9999e-04 -4.9999e-04 -4.9999e-04 -4.9999e-04 -4.9999e-04 -4.9999e-04 -4.9999e-04 -4.9998e-04 -4.9998e-04 -4.9998e-04 -4.9998e-04 -4.9998e-04 -4.9998e-04 -4.9998e-04 -4.9997e-04 -4.9997e-04 -4.9997e-04 -4.9997e-04 -4.9997e-04 -4.9997e-04 -4.9997e-04 -4.9997e-04 -4.9996e-04 -4.9996e-04 -4.9996e-04 -4.9996e-04 -4.9996e-04 -4.9996e-04 -4.9995e-04 -4.9995e-04 -4.9995e-04 
-0000.00100 -1.0001e-03 -1.0001e-03 -1.0001e-03 -1.0001e-03 -1.0001e-03 -1.0001e-03 -1.0001e-03 -1.0001e-03 -1.0001e-03 -1.0001e-03 -1.0001e-03 -1.0001e-03 -1.0000e-03 -1.0000e-03 -1.0000e-03 -1.0000e-03 -1.0000e-03 -1.0000e-03 -1.0000e-03 -1.0000e-03 -1.0000e-03 -1.0000e-03 -9.9999e-04 -9.9999e-04 -9.9999e-04 -9.9998e-04 -9.9998e-04 -9.9998e-04 -9.9997e-04 -9.9997e-04 -9.9997e-04 -9.9997e-04 -9.9996e-04 -9.9996e-04 -9.9996e-04 -9.9996e-04 -9.9996e-04 -9.9996e-04 -9.9996e-04 -9.9996e-04 -9.9996e-04 -9.9996e-04 -9.9996e-04 -9.9996e-04 -9.9995e-04 -9.9995e-04 -9.9995e-04 -9.9995e-04 -9.9995e-04 -9.9995e-04 -9.9995e-04 -9.9994e-04 -9.9994e-04 -9.9994e-04 -9.9993e-04 -9.9993e-04 -9.9992e-04 -9.9992e-04 -9.9991e-04 -9.9990e-04 -9.9989e-04 
-0000.00150 -1.5001e-03 -1.5001e-03 -1.5001e-03 -1.5001e-03 -1.5001e-03 -1.5001e-03 -1.5001e-03 -1.5001e-03 -1.5001e-03 -1.5001e-03 -1.5001e-03 -1.5001e-03 -1.5001e-03 -1.5001e-03 -1.5001e-03 -1.5001e-03 -1.5001e-03 -1.5000e-03 -1.5000e-03 -1.5000e-03 -1.5000e-03 -1.5000e-03 -1.5000e-03 -1.5000e-03 -1.5000e-03 -1.5000e-03 -1.5000e-03 -1.5000e-03 -1.5000e-03 -1.5000e-03 -1.5000e-03 -1.5000e-03 -1.5000e-03 -1.5000e-03 -1.5000e-03 -1.4999e-03 -1.4999e-03 -1.4999e-03 -1.4999e-03 -1.4999e-03 -1.4999e-03 -1.4999e-03 -1.4999e-03 -1.4999e-03 -1.4999e-03 -1.4999e-03 -1.4999e-03 -1.4999e-03 -1.4999e-03 -1.4999e-03 -1.4999e-03 -1.4999e-03 -1.4999e-03 -1.4999e-03 -1.4999e-03 -1.4999e-03 -1.4999e-03 -1.4999e-03 -1.4999e-03 -1.4999e-03 -1.4999e-03 
-0000.00200 -2.0001e-03 -2.0001e-03 -2.0001e-03 -2.0001e-03 -2.0001e-03 -2.0001e-03 -2.0001e-03 -2.0001e-03 -2.0001e-03 -2.0001e-03 -2.0001e-03 -2.0001e-03 -2.0001e-03 -2.0001e-03 -2.0001e-03 -2.0001e-03 -2.0001e-03 -2.0001e-03 -2.0000e-03 -2.0000e-03 -2.0000e-03 -2.0000e-03 -2.0000e-03 -2.0000e-03 -2.0000e-03 -2.0000e-03 -2.0000e-03 -2.0000e-03 -2.0000e-03 -2.0000e-03 -2.0000e-03 -2.0000e-03 -2.0000e-03 -2.0000e-03 -1.9999e-03 -1.9999e-03 -1.9999e-03 -1.9999e-03 -1.9999e-03 -1.9999e-03 -1.9999e-03 -1.9999e-03 -1.9999e-03 -1.9999e-03 -1.9999e-03 -1.9999e-03 -1.9999e-03 -1.9999e-03 -1.9999e-03 -1.9999e-03 -1.9999e-03 -1.9999e-03 -1.9998e-03 -1.9998e-03 -1.9998e-03 -1.9998e-03 -1.9998e-03 -1.9998e-03 -1.9998e-03 -1.9998e-03 -1.9998e-03 