# Author: FAC idanalysis.IDKickMap
#
# Total Length of Longitudinal Interval [m]
0.13
# Number of Horizontal Points
25
# Number of Vertical Points
9
# Total Horizontal 2nd Order Kick [T2m2]
START
            -0000.01200 -0000.01100 -0000.01000 -0000.00900 -0000.00800 -0000.00700 -0000.00600 -0000.00500 -0000.00400 -0000.00300 -0000.00200 -0000.00100 +0000.00000 +0000.00100 +0000.00200 +0000.00300 +0000.00400 +0000.00500 +0000.00600 +0000.00700 +0000.00800 +0000.00900 +0000.01000 +0000.01100 +0000.01200
+0000.00200 +3.6907e-04 +3.6239e-04 +3.4887e-04 +3.3408e-04 +3.1821e-04 +3.0417e-04 +2.9274e-04 +2.8170e-04 +2.7315e-04 +2.6727e-04 +2.6224e-04 +2.5991e-04 +2.5957e-04 +2.5991e-04 +2.6305e-04 +2.6797e-04 +2.7407e-04 +2.8340e-04 +2.9419e-04 +3.0606e-04 +3.2095e-04 +3.3671e-04 +3.5242e-04 +3.6741e-04 +3.7732e-04
+0000.00150 +3.5838e-04 +3.5585e-04 +3.4589e-04 +3.3288e-04 +3.1875e-04 +3.0547e-04 +2.9387e-04 +2.8346e-04 +2.7504e-04 +2.6880e-04 +2.6415e-04 +2.6163e-04 +2.6101e-04 +2.6181e-04 +2.6475e-04 +2.6957e-04 +2.7607e-04 +2.8494e-04 +2.9550e-04 +3.0749e-04 +3.2139e-04 +3.3602e-04 +3.5018e-04 +3.6235e-04 +3.6932e-04
+0000.00100 +3.5104e-04 +3.5121e-04 +3.4357e-04 +3.3201e-04 +3.1898e-04 +3.0627e-04 +2.9478e-04 +2.8465e-04 +2.7633e-04 +2.6998e-04 +2.6544e-04 +2.6285e-04 +2.6212e-04 +2.6309e-04 +2.6599e-04 +2.7077e-04 +2.7740e-04 +2.8606e-04 +2.9646e-04 +3.0836e-04 +3.2164e-04 +3.3540e-04 +3.4832e-04 +3.5854e-04 +3.6310e-04
+0000.00050 +3.4675e-04 +3.4844e-04 +3.4212e-04 +3.3147e-04 +3.1908e-04 +3.0671e-04 +2.9533e-04 +2.8534e-04 +2.7708e-04 +2.7071e-04 +2.6619e-04 +2.6358e-04 +2.6282e-04 +2.6383e-04 +2.6673e-04 +2.7151e-04 +2.7816e-04 +2.8674e-04 +2.9704e-04 +3.0883e-04 +3.2176e-04 +3.3498e-04 +3.4711e-04 +3.5616e-04 +3.5923e-04
+0000.00000 +3.4534e-04 +3.4751e-04 +3.4163e-04 +3.3129e-04 +3.1910e-04 +3.0685e-04 +2.9552e-04 +2.8557e-04 +2.7733e-04 +2.7096e-04 +2.6645e-04 +2.6383e-04 +2.6305e-04 +2.6408e-04 +2.6697e-04 +2.7175e-04 +2.7841e-04 +2.8696e-04 +2.9724e-04 +3.0898e-04 +3.2179e-04 +3.3483e-04 +3.4669e-04 +3.5535e-04 +3.5792e-04
-0000.00050 +3.4675e-04 +3.4844e-04 +3.4213e-04 +3.3148e-04 +3.1908e-04 +3.0671e-04 +2.9533e-04 +2.8534e-04 +2.7708e-04 +2.7071e-04 +2.6620e-04 +2.6358e-04 +2.6282e-04 +2.6383e-04 +2.6672e-04 +2.7150e-04 +2.7816e-04 +2.8674e-04 +2.9704e-04 +3.0883e-04 +3.2176e-04 +3.3497e-04 +3.4710e-04 +3.5616e-04 +3.5923e-04
-0000.00100 +3.5103e-04 +3.5121e-04 +3.4358e-04 +3.3203e-04 +3.1899e-04 +3.0627e-04 +2.9478e-04 +2.8465e-04 +2.7633e-04 +2.6999e-04 +2.6544e-04 +2.6285e-04 +2.6212e-04 +2.6308e-04 +2.6598e-04 +2.7077e-04 +2.7740e-04 +2.8606e-04 +2.9646e-04 +3.0836e-04 +3.2163e-04 +3.3539e-04 +3.4831e-04 +3.5853e-04 +3.6311e-04
-0000.00150 +3.5836e-04 +3.5586e-04 +3.4591e-04 +3.3291e-04 +3.1876e-04 +3.0547e-04 +2.9388e-04 +2.8346e-04 +2.7504e-04 +2.6881e-04 +2.6415e-04 +2.6163e-04 +2.6101e-04 +2.6180e-04 +2.6475e-04 +2.6957e-04 +2.7607e-04 +2.8493e-04 +2.9550e-04 +3.0749e-04 +3.2137e-04 +3.3600e-04 +3.5016e-04 +3.6234e-04 +3.6933e-04
-0000.00200 +3.6905e-04 +3.6240e-04 +3.4891e-04 +3.3411e-04 +3.1822e-04 +3.0417e-04 +2.9274e-04 +2.8170e-04 +2.7315e-04 +2.6728e-04 +2.6225e-04 +2.5991e-04 +2.5957e-04 +2.5990e-04 +2.6304e-04 +2.6797e-04 +2.7406e-04 +2.8340e-04 +2.9418e-04 +3.0605e-04 +3.2094e-04 +3.3667e-04 +3.5238e-04 +3.6740e-04 +3.7734e-04
# Total Vertical 2nd Order Kick [T2m2]
START
            -0000.01200 -0000.01100 -0000.01000 -0000.00900 -0000.00800 -0000.00700 -0000.00600 -0000.00500 -0000.00400 -0000.00300 -0000.00200 -0000.00100 +0000.00000 +0000.00100 +0000.00200 +0000.00300 +0000.00400 +0000.00500 +0000.00600 +0000.00700 +0000.00800 +0000.00900 +0000.01000 +0000.01100 +0000.01200
+0000.00200 -6.7212e-05 -4.6881e-05 -3.6499e-05 -3.1927e-05 -3.1041e-05 -3.3672e-05 -3.6196e-05 -3.9118e-05 -4.3583e-05 -4.7085e-05 -5.0733e-05 -5.5059e-05 -5.8109e-05 -6.1732e-05 -6.5981e-05 -6.9179e-05 -7.3302e-05 -7.7472e-05 -8.0131e-05 -8.3435e-05 -8.5826e-05 -8.5307e-05 -8.2508e-05 -7.4493e-05 -6.0109e-05
+0000.00150 -4.6565e-05 -3.1885e-05 -2.3680e-05 -1.9953e-05 -1.9176e-05 -2.0585e-05 -2.2510e-05 -2.4823e-05 -2.7820e-05 -3.0590e-05 -3.3378e-05 -3.6367e-05 -3.8916e-05 -4.1631e-05 -4.4601e-05 -4.7263e-05 -5.0209e-05 -5.3120e-05 -5.5377e-05 -5.7573e-05 -5.9001e-05 -5.8524e-05 -5.5765e-05 -4.9164e-05 -3.7455e-05
+0000.00100 -2.9344e-05 -1.9778e-05 -1.4181e-05 -1.1558e-05 -1.0949e-05 -1.1693e-05 -1.2955e-05 -1.4521e-05 -1.6416e-05 -1.8288e-05 -2.0162e-05 -2.2087e-05 -2.3856e-05 -2.5673e-05 -2.7593e-05 -2.9431e-05 -3.1353e-05 -3.3224e-05 -3.4783e-05 -3.6148e-05 -3.6943e-05 -3.6523e-05 -3.4414e-05 -2.9715e-05 -2.1499e-05
+0000.00050 -1.4176e-05 -9.4530e-06 -6.6277e-06 -5.2781e-06 -4.9437e-06 -5.2681e-06 -5.8887e-06 -6.6740e-06 -7.5997e-06 -8.5389e-06 -9.4795e-06 -1.0429e-05 -1.1327e-05 -1.2238e-05 -1.3186e-05 -1.4115e-05 -1.5066e-05 -1.5985e-05 -1.6771e-05 -1.7427e-05 -1.7780e-05 -1.7530e-05 -1.6397e-05 -1.3955e-05 -9.7357e-06
+0000.00000 +2.8180e-08 +2.9202e-08 +2.4491e-08 +1.7488e-08 +1.1892e-08 +8.7796e-09 +7.3018e-09 +6.4471e-09 +5.5975e-09 +4.3920e-09 +2.7810e-09 +1.2646e-09 +6.7057e-10 +1.4034e-09 +3.0115e-09 +4.6453e-09 +5.8099e-09 +6.5741e-09 +7.3230e-09 +8.6876e-09 +1.1673e-08 +1.7121e-08 +2.3962e-08 +2.8527e-08 +2.7424e-08
-0000.00050 +1.4234e-05 +9.5129e-06 +6.6773e-06 +5.3127e-06 +4.9668e-06 +5.2853e-06 +5.9031e-06 +6.6869e-06 +7.6110e-06 +8.5478e-06 +9.4850e-06 +1.0432e-05 +1.1328e-05 +1.2241e-05 +1.3192e-05 +1.4125e-05 +1.5078e-05 +1.5998e-05 +1.6786e-05 +1.7444e-05 +1.7803e-05 +1.7563e-05 +1.6445e-05 +1.4013e-05 +9.7921e-06
-0000.00100 +2.9407e-05 +1.9843e-05 +1.4233e-05 +1.1591e-05 +1.0970e-05 +1.1709e-05 +1.2969e-05 +1.4534e-05 +1.6427e-05 +1.8298e-05 +2.0168e-05 +2.2089e-05 +2.3855e-05 +2.5674e-05 +2.7599e-05 +2.9441e-05 +3.1365e-05 +3.3237e-05 +3.4797e-05 +3.6163e-05 +3.6964e-05 +3.6556e-05 +3.4464e-05 +2.9778e-05 +2.1560e-05
-0000.00150 +4.6636e-05 +3.1959e-05 +2.3735e-05 +1.9982e-05 +1.9193e-05 +2.0599e-05 +2.2523e-05 +2.4836e-05 +2.7832e-05 +3.0600e-05 +3.3384e-05 +3.6367e-05 +3.8914e-05 +4.1631e-05 +4.4607e-05 +4.7274e-05 +5.0222e-05 +5.3133e-05 +5.5391e-05 +5.7587e-05 +5.9017e-05 +5.8552e-05 +5.5818e-05 +4.9237e-05 +3.7524e-05
-0000.00200 +6.7297e-05 +4.6971e-05 +3.6558e-05 +3.1949e-05 +3.1052e-05 +3.3683e-05 +3.6209e-05 +3.9131e-05 +4.3596e-05 +4.7097e-05 +5.0739e-05 +5.5057e-05 +5.8103e-05 +6.1731e-05 +6.5988e-05 +6.9192e-05 +7.3316e-05 +7.7485e-05 +8.0144e-05 +8.3447e-05 +8.5836e-05 +8.5328e-05 +8.2566e-05 +7.4581e-05 +6.0191e-05
# Horizontal Final Position [m]
START
            -0000.01200 -0000.01100 -0000.01000 -0000.00900 -0000.00800 -0000.00700 -0000.00600 -0000.00500 -0000.00400 -0000.00300 -0000.00200 -0000.00100 +0000.00000 +0000.00100 +0000.00200 +0000.00300 +0000.00400 +0000.00500 +0000.00600 +0000.00700 +0000.00800 +0000.00900 +0000.01000 +0000.01100 +0000.01200
+0000.00200 -1.2001e-02 -1.1002e-02 -1.0002e-02 -9.0023e-03 -8.0026e-03 -7.0028e-03 -6.0030e-03 -5.0031e-03 -4.0032e-03 -3.0033e-03 -2.0034e-03 -1.0034e-03 -3.4174e-06 +9.9660e-04 +1.9966e-03 +2.9967e-03 +3.9968e-03 +4.9969e-03 +5.9970e-03 +6.9972e-03 +7.9974e-03 +8.9977e-03 +9.9980e-03 +1.0998e-02 +1.1999e-02
+0000.00150 -1.2002e-02 -1.1002e-02 -1.0002e-02 -9.0023e-03 -8.0026e-03 -7.0028e-03 -6.0029e-03 -5.0031e-03 -4.0032e-03 -3.0033e-03 -2.0033e-03 -1.0034e-03 -3.3973e-06 +9.9662e-04 +1.9967e-03 +2.9967e-03 +3.9968e-03 +4.9969e-03 +5.9971e-03 +6.9972e-03 +7.9974e-03 +8.9977e-03 +9.9979e-03 +1.0998e-02 +1.1998e-02
+0000.00100 -1.2002e-02 -1.1002e-02 -1.0002e-02 -9.0023e-03 -8.0026e-03 -7.0027e-03 -6.0029e-03 -5.0031e-03 -4.0032e-03 -3.0033e-03 -2.0033e-03 -1.0034e-03 -3.3840e-06 +9.9663e-04 +1.9967e-03 +2.9967e-03 +3.9968e-03 +4.9969e-03 +5.9971e-03 +6.9973e-03 +7.9974e-03 +8.9977e-03 +9.9979e-03 +1.0998e-02 +1.1998e-02
+0000.00050 -1.2002e-02 -1.1002e-02 -1.0002e-02 -9.0023e-03 -8.0025e-03 -7.0027e-03 -6.0029e-03 -5.0031e-03 -4.0032e-03 -3.0033e-03 -2.0033e-03 -1.0034e-03 -3.3763e-06 +9.9664e-04 +1.9967e-03 +2.9967e-03 +3.9968e-03 +4.9969e-03 +5.9971e-03 +6.9973e-03 +7.9975e-03 +8.9977e-03 +9.9979e-03 +1.0998e-02 +1.1998e-02
+0000.00000 -1.2002e-02 -1.1002e-02 -1.0002e-02 -9.0023e-03 -8.0025e-03 -7.0027e-03 -6.0029e-03 -5.0031e-03 -4.0032e-03 -3.0033e-03 -2.0033e-03 -1.0034e-03 -3.3737e-06 +9.9664e-04 +1.9967e-03 +2.9967e-03 +3.9968e-03 +4.9969e-03 +5.9971e-03 +6.9973e-03 +7.9975e-03 +8.9977e-03 +9.9979e-03 +1.0998e-02 +1.1998e-02
-0000.00050 -1.2002e-02 -1.1002e-02 -1.0002e-02 -9.0023e-03 -8.0025e-03 -7.0027e-03 -6.0029e-03 -5.0031e-03 -4.0032e-03 -3.0033e-03 -2.0033e-03 -1.0034e-03 -3.3763e-06 +9.9664e-04 +1.9967e-03 +2.9967e-03 +3.9968e-03 +4.9969e-03 +5.9971e-03 +6.9973e-03 +7.9975e-03 +8.9977e-03 +9.9979e-03 +1.0998e-02 +1.1998e-02
-0000.00100 -1.2002e-02 -1.1002e-02 -1.0002e-02 -9.0023e-03 -8.0026e-03 -7.0027e-03 -6.0029e-03 -5.0031e-03 -4.0032e-03 -3.0033e-03 -2.0033e-03 -1.0034e-03 -3.3840e-06 +9.9663e-04 +1.9967e-03 +2.9967e-03 +3.9968e-03 +4.9969e-03 +5.9971e-03 +6.9973e-03 +7.9974e-03 +8.9977e-03 +9.9979e-03 +1.0998e-02 +1.1998e-02
-0000.00150 -1.2002e-02 -1.1002e-02 -1.0002e-02 -9.0023e-03 -8.0026e-03 -7.0028e-03 -6.0029e-03 -5.0031e-03 -4.0032e-03 -3.0033e-03 -2.0033e-03 -1.0034e-03 -3.3973e-06 +9.9662e-04 +1.9967e-03 +2.9967e-03 +3.9968e-03 +4.9969e-03 +5.9971e-03 +6.9972e-03 +7.9974e-03 +8.9977e-03 +9.9979e-03 +1.0998e-02 +1.1998e-02
-0000.00200 -1.2001e-02 -1.1002e-02 -1.0002e-02 -9.0023e-03 -8.0026e-03 -7.0028e-03 -6.0030e-03 -5.0031e-03 -4.0032e-03 -3.0033e-03 -2.0034e-03 -1.0034e-03 -3.4174e-06 +9.9660e-04 +1.9966e-03 +2.9967e-03 +3.9968e-03 +4.9969e-03 +5.9970e-03 +6.9972e-03 +7.9974e-03 +8.9977e-03 +9.9980e-03 +1.0998e-02 +1.1999e-02
# Vertical Final Position [m]
START
            -0000.01200 -0000.01100 -0000.01000 -0000.00900 -0000.00800 -0000.00700 -0000.00600 -0000.00500 -0000.00400 -0000.00300 -0000.00200 -0000.00100 +0000.00000 +0000.00100 +0000.00200 +0000.00300 +0000.00400 +0000.00500 +0000.00600 +0000.00700 +0000.00800 +0000.00900 +0000.01000 +0000.01100 +0000.01200
+0000.00200 +1.9999e-03 +2.0002e-03 +2.0004e-03 +2.0004e-03 +2.0004e-03 +2.0003e-03 +2.0003e-03 +2.0002e-03 +2.0002e-03 +2.0001e-03 +2.0000e-03 +2.0000e-03 +1.9999e-03 +1.9999e-03 +1.9998e-03 +1.9998e-03 +1.9997e-03 +1.9997e-03 +1.9996e-03 +1.9996e-03 +1.9995e-03 +1.9995e-03 +1.9995e-03 +1.9996e-03 +2.0000e-03
+0000.00150 +1.4998e-03 +1.5001e-03 +1.5003e-03 +1.5003e-03 +1.5003e-03 +1.5002e-03 +1.5002e-03 +1.5002e-03 +1.5001e-03 +1.5001e-03 +1.5000e-03 +1.5000e-03 +1.5000e-03 +1.4999e-03 +1.4999e-03 +1.4998e-03 +1.4998e-03 +1.4998e-03 +1.4997e-03 +1.4997e-03 +1.4997e-03 +1.4996e-03 +1.4997e-03 +1.4998e-03 +1.5001e-03
+0000.00100 +9.9987e-04 +1.0001e-03 +1.0002e-03 +1.0002e-03 +1.0002e-03 +1.0002e-03 +1.0001e-03 +1.0001e-03 +1.0001e-03 +1.0001e-03 +1.0000e-03 +1.0000e-03 +9.9998e-04 +9.9995e-04 +9.9993e-04 +9.9990e-04 +9.9987e-04 +9.9985e-04 +9.9982e-04 +9.9979e-04 +9.9977e-04 +9.9976e-04 +9.9979e-04 +9.9988e-04 +1.0001e-03
+0000.00050 +4.9993e-04 +5.0003e-04 +5.0008e-04 +5.0009e-04 +5.0009e-04 +5.0008e-04 +5.0007e-04 +5.0005e-04 +5.0004e-04 +5.0003e-04 +5.0001e-04 +5.0000e-04 +4.9999e-04 +4.9998e-04 +4.9996e-04 +4.9995e-04 +4.9994e-04 +4.9992e-04 +4.9991e-04 +4.9990e-04 +4.9989e-04 +4.9988e-04 +4.9990e-04 +4.9995e-04 +5.0005e-04
+0000.00000 +1.6352e-12 +1.9023e-12 -1.9646e-12 -7.5472e-12 -1.2196e-11 -1.5071e-11 -1.6818e-11 -1.8235e-11 -1.9750e-11 -2.1622e-11 -2.3832e-11 -2.5768e-11 -2.6505e-11 -2.5606e-11 -2.3550e-11 -2.1282e-11 -1.9418e-11 -1.7963e-11 -1.6629e-11 -1.4968e-11 -1.2183e-11 -7.6373e-12 -2.1749e-12 +1.5620e-12 +1.1876e-12
-0000.00050 -4.9993e-04 -5.0003e-04 -5.0008e-04 -5.0009e-04 -5.0009e-04 -5.0008e-04 -5.0007e-04 -5.0005e-04 -5.0004e-04 -5.0003e-04 -5.0001e-04 -5.0000e-04 -4.9999e-04 -4.9998e-04 -4.9996e-04 -4.9995e-04 -4.9994e-04 -4.9992e-04 -4.9991e-04 -4.9990e-04 -4.9989e-04 -4.9988e-04 -4.9990e-04 -4.9995e-04 -5.0005e-04
-0000.00100 -9.9987e-04 -1.0001e-03 -1.0002e-03 -1.0002e-03 -1.0002e-03 -1.0002e-03 -1.0001e-03 -1.0001e-03 -1.0001e-03 -1.0001e-03 -1.0000e-03 -1.0000e-03 -9.9998e-04 -9.9995e-04 -9.9993e-04 -9.9990e-04 -9.9987e-04 -9.9985e-04 -9.9982e-04 -9.9979e-04 -9.9977e-04 -9.9976e-04 -9.9979e-04 -9.9988e-04 -1.0001e-03
-0000.00150 -1.4998e-03 -1.5001e-03 -1.5003e-03 -1.5003e-03 -1.5003e-03 -1.5002e-03 -1.5002e-03 -1.5002e-03 -1.5001e-03 -1.5001e-03 -1.5000e-03 -1.5000e-03 -1.5000e-03 -1.4999e-03 -1.4999e-03 -1.4998e-03 -1.4998e-03 -1.4998e-03 -1.4997e-03 -1.4997e-03 -1.4997e-03 -1.4996e-03 -1.4997e-03 -1.4998e-03 -1.5001e-03
-0000.00200 -1.9999e-03 -2.0002e-03 -2.0004e-03 -2.0004e-03 -2.0004e-03 -2.0003e-03 -2.0003e-03 -2.0002e-03 -2.0002e-03 -2.0001e-03 -2.0000e-03 -2.0000e-03 -1.9999e-03 -1.9999e-03 -1.9998e-03 -1.9998e-03 -1.9997e-03 -1.9997e-03 -1.9996e-03 -1.9996e-03 -1.9995e-03 -1.9995e-03 -1.9995e-03 -1.9996e-03 -2.0000e-03
