# Author: FAC idanalysis.IDKickMap
# Termination_kicks [T2m2]: +8.4117e-04 -5.5387e-08 -1.2143e-03 -1.1226e-08 
# Total Length of Longitudinal Interval [m]
0.116
# Number of Horizontal Points
21
# Number of Vertical Points
5
# Total Horizontal 2nd Order Kick [T2m2]
START
            -0000.01000 -0000.00900 -0000.00800 -0000.00700 -0000.00600 -0000.00500 -0000.00400 -0000.00300 -0000.00200 -0000.00100 +0000.00000 +0000.00100 +0000.00200 +0000.00300 +0000.00400 +0000.00500 +0000.00600 +0000.00700 +0000.00800 +0000.00900 +0000.01000 
+0000.00600 +3.6399e-04 +3.7374e-04 +3.8008e-04 +3.4542e-04 +3.7008e-04 +3.7578e-04 +3.8771e-04 +3.6231e-04 +3.7279e-04 +3.7855e-04 +3.7436e-04 +3.6903e-04 +3.7487e-04 +3.8509e-04 +3.5972e-04 +3.7195e-04 +3.7762e-04 +4.0172e-04 +3.6768e-04 +3.7414e-04 +3.8373e-04 
+0000.00300 +3.7373e-04 +3.7328e-04 +3.7257e-04 +3.7325e-04 +3.7370e-04 +3.7297e-04 +3.7269e-04 +3.7379e-04 +3.7346e-04 +3.7274e-04 +3.7327e-04 +3.7386e-04 +3.7317e-04 +3.7279e-04 +3.7389e-04 +3.7368e-04 +3.7293e-04 +3.7333e-04 +3.7407e-04 +3.7339e-04 +3.7288e-04 
+0000.00000 +3.7261e-04 +3.7273e-04 +3.7286e-04 +3.7288e-04 +3.7291e-04 +3.7300e-04 +3.7307e-04 +3.7307e-04 +3.7313e-04 +3.7322e-04 +3.7323e-04 +3.7324e-04 +3.7332e-04 +3.7338e-04 +3.7339e-04 +3.7345e-04 +3.7355e-04 +3.7356e-04 +3.7359e-04 +3.7371e-04 +3.7383e-04 
-0000.00300 +3.7353e-04 +3.7305e-04 +3.7235e-04 +3.7317e-04 +3.7359e-04 +3.7283e-04 +3.7257e-04 +3.7377e-04 +3.7343e-04 +3.7270e-04 +3.7328e-04 +3.7391e-04 +3.7320e-04 +3.7280e-04 +3.7402e-04 +3.7382e-04 +3.7305e-04 +3.7342e-04 +3.7429e-04 +3.7362e-04 +3.7308e-04 
-0000.00600 +3.6317e-04 +3.7286e-04 +3.7925e-04 +3.4515e-04 +3.6954e-04 +3.7523e-04 +3.8724e-04 +3.6219e-04 +3.7261e-04 +3.7837e-04 +3.7430e-04 +3.6920e-04 +3.7504e-04 +3.8521e-04 +3.6020e-04 +3.7251e-04 +3.7817e-04 +4.0200e-04 +3.6852e-04 +3.7502e-04 +3.8456e-04 
# Total Vertical 2nd Order Kick [T2m2]
START
            -0000.01000 -0000.00900 -0000.00800 -0000.00700 -0000.00600 -0000.00500 -0000.00400 -0000.00300 -0000.00200 -0000.00100 +0000.00000 +0000.00100 +0000.00200 +0000.00300 +0000.00400 +0000.00500 +0000.00600 +0000.00700 +0000.00800 +0000.00900 +0000.01000 
+0000.00600 +4.4152e-05 +4.1810e-05 +4.1834e-05 +9.7170e-05 +4.3276e-05 +4.3056e-05 +4.5004e-05 +4.5658e-05 +4.3895e-05 +4.4362e-05 +1.1659e-04 +4.4579e-05 +4.4701e-05 +4.7033e-05 +4.6328e-05 +4.4909e-05 +4.5732e-05 +9.8785e-05 +4.4853e-05 +4.5428e-05 +4.8421e-05 
+0000.00300 +6.3178e-05 +6.4938e-05 +6.4559e-05 +6.2799e-05 +6.5247e-05 +6.5832e-05 +6.4540e-05 +6.4842e-05 +6.6308e-05 +6.5925e-05 +6.3595e-05 +6.6077e-05 +6.6618e-05 +6.5309e-05 +6.5178e-05 +6.6638e-05 +6.6233e-05 +6.3980e-05 +6.5942e-05 +6.6524e-05 +6.4982e-05 
+0000.00000 +6.2719e-08 +7.0399e-08 +7.9197e-08 +8.0270e-08 +7.8194e-08 +8.0383e-08 +8.2260e-08 +7.9895e-08 +7.7937e-08 +7.8789e-08 +7.9741e-08 +7.8776e-08 +7.8005e-08 +8.0044e-08 +8.2303e-08 +8.0095e-08 +7.7518e-08 +7.9328e-08 +7.8165e-08 +6.9363e-08 +6.1682e-08 
-0000.00300 -6.6714e-05 -6.8282e-05 -6.7731e-05 -6.5750e-05 -6.8035e-05 -6.8510e-05 -6.7110e-05 -6.7302e-05 -6.8720e-05 -6.8305e-05 -6.5957e-05 -6.8455e-05 -6.9027e-05 -6.7765e-05 -6.7744e-05 -6.9314e-05 -6.9020e-05 -6.6932e-05 -6.9114e-05 -6.9870e-05 -6.8521e-05 
-0000.00600 -5.1459e-05 -4.8821e-05 -4.8569e-05 -1.0387e-04 -4.9857e-05 -4.9428e-05 -5.1170e-05 -5.1923e-05 -5.0083e-05 -5.0484e-05 -1.2262e-04 -5.0706e-05 -5.0895e-05 -5.3306e-05 -5.2506e-05 -5.1296e-05 -5.2334e-05 -1.0550e-04 -5.1617e-05 -5.2472e-05 -5.5763e-05 
# Horizontal Final Position [m]
START
            -0000.01000 -0000.00900 -0000.00800 -0000.00700 -0000.00600 -0000.00500 -0000.00400 -0000.00300 -0000.00200 -0000.00100 +0000.00000 +0000.00100 +0000.00200 +0000.00300 +0000.00400 +0000.00500 +0000.00600 +0000.00700 +0000.00800 +0000.00900 +0000.01000 
+0000.00600 -1.0001e-02 -9.0011e-03 -8.0012e-03 -7.0018e-03 -6.0014e-03 -5.0014e-03 -4.0016e-03 -3.0016e-03 -2.0015e-03 -1.0015e-03 -2.0257e-06 +9.9846e-04 +1.9985e-03 +2.9984e-03 +3.9984e-03 +4.9986e-03 +5.9986e-03 +6.9983e-03 +7.9988e-03 +8.9989e-03 +9.9989e-03 
+0000.00300 -1.0001e-02 -9.0010e-03 -8.0011e-03 -7.0011e-03 -6.0013e-03 -5.0013e-03 -4.0014e-03 -3.0014e-03 -2.0014e-03 -1.0014e-03 -1.4279e-06 +9.9856e-04 +1.9986e-03 +2.9986e-03 +3.9986e-03 +4.9987e-03 +5.9987e-03 +6.9989e-03 +7.9989e-03 +8.9990e-03 +9.9991e-03 
+0000.00000 -1.0001e-02 -9.0011e-03 -8.0012e-03 -7.0013e-03 -6.0014e-03 -5.0015e-03 -4.0015e-03 -3.0015e-03 -2.0016e-03 -1.0016e-03 -1.5931e-06 +9.9841e-04 +1.9984e-03 +2.9985e-03 +3.9985e-03 +4.9985e-03 +5.9986e-03 +6.9987e-03 +7.9988e-03 +8.9989e-03 +9.9990e-03 
-0000.00300 -1.0001e-02 -9.0010e-03 -8.0011e-03 -7.0011e-03 -6.0013e-03 -5.0013e-03 -4.0014e-03 -3.0014e-03 -2.0014e-03 -1.0014e-03 -1.4279e-06 +9.9856e-04 +1.9986e-03 +2.9986e-03 +3.9986e-03 +4.9987e-03 +5.9987e-03 +6.9989e-03 +7.9989e-03 +8.9990e-03 +9.9991e-03 
-0000.00600 -1.0001e-02 -9.0011e-03 -8.0012e-03 -7.0018e-03 -6.0014e-03 -5.0014e-03 -4.0016e-03 -3.0016e-03 -2.0015e-03 -1.0015e-03 -2.0258e-06 +9.9846e-04 +1.9985e-03 +2.9984e-03 +3.9984e-03 +4.9986e-03 +5.9986e-03 +6.9983e-03 +7.9988e-03 +8.9989e-03 +9.9989e-03 
# Vertical Final Position [m]
START
            -0000.01000 -0000.00900 -0000.00800 -0000.00700 -0000.00600 -0000.00500 -0000.00400 -0000.00300 -0000.00200 -0000.00100 +0000.00000 +0000.00100 +0000.00200 +0000.00300 +0000.00400 +0000.00500 +0000.00600 +0000.00700 +0000.00800 +0000.00900 +0000.01000 
+0000.00600 +6.0022e-03 +6.0021e-03 +6.0021e-03 +6.0016e-03 +6.0013e-03 +6.0012e-03 +6.0012e-03 +6.0005e-03 +6.0004e-03 +6.0004e-03 +6.0001e-03 +5.9997e-03 +5.9996e-03 +5.9996e-03 +5.9989e-03 +5.9989e-03 +5.9988e-03 +5.9986e-03 +5.9980e-03 +5.9980e-03 +5.9979e-03 
+0000.00300 +2.9996e-03 +2.9996e-03 +2.9996e-03 +2.9997e-03 +2.9998e-03 +2.9998e-03 +2.9998e-03 +2.9999e-03 +3.0000e-03 +3.0000e-03 +3.0001e-03 +3.0001e-03 +3.0002e-03 +3.0002e-03 +3.0003e-03 +3.0003e-03 +3.0003e-03 +3.0004e-03 +3.0005e-03 +3.0005e-03 +3.0006e-03 
+0000.00000 -3.5499e-11 -2.6163e-11 -1.4861e-11 -1.3490e-11 -1.5689e-11 -1.1980e-11 -8.8812e-12 -1.1552e-11 -1.3609e-11 -1.1964e-11 -1.0454e-11 -1.1979e-11 -1.3672e-11 -1.1633e-11 -9.0162e-12 -1.2367e-11 -1.6411e-11 -1.4383e-11 -1.5712e-11 -2.6928e-11 -3.6237e-11 
-0000.00300 -2.9996e-03 -2.9996e-03 -2.9996e-03 -2.9997e-03 -2.9998e-03 -2.9998e-03 -2.9998e-03 -2.9999e-03 -3.0000e-03 -3.0000e-03 -3.0001e-03 -3.0001e-03 -3.0002e-03 -3.0002e-03 -3.0003e-03 -3.0003e-03 -3.0003e-03 -3.0004e-03 -3.0005e-03 -3.0005e-03 -3.0006e-03 
-0000.00600 -6.0022e-03 -6.0021e-03 -6.0021e-03 -6.0016e-03 -6.0013e-03 -6.0012e-03 -6.0012e-03 -6.0005e-03 -6.0004e-03 -6.0004e-03 -6.0001e-03 -5.9997e-03 -5.9996e-03 -5.9996e-03 -5.9989e-03 -5.9989e-03 -5.9988e-03 -5.9986e-03 -5.9980e-03 -5.9980e-03 -5.9979e-03 