# Author: FAC idanalysis.IDKickMap
# 
# Total Length of Longitudinal Interval [m]
None
# Number of Horizontal Points
25
# Number of Vertical Points
9
# Total Horizontal 2nd Order Kick [T2m2]
START
            -0000.01200 -0000.01100 -0000.01000 -0000.00900 -0000.00800 -0000.00700 -0000.00600 -0000.00500 -0000.00400 -0000.00300 -0000.00200 -0000.00100 +0000.00000 +0000.00100 +0000.00200 +0000.00300 +0000.00400 +0000.00500 +0000.00600 +0000.00700 +0000.00800 +0000.00900 +0000.01000 +0000.01100 +0000.01200 
+0000.00200 +7.2713e-05 +6.9931e-05 +6.7328e-05 +6.4941e-05 +6.2796e-05 +6.0906e-05 +5.9270e-05 +5.7889e-05 +5.6767e-05 +5.5907e-05 +5.5302e-05 +5.4948e-05 +5.4846e-05 +5.4998e-05 +5.5404e-05 +5.6061e-05 +5.6974e-05 +5.8150e-05 +5.9587e-05 +6.1280e-05 +6.3228e-05 +6.5432e-05 +6.7880e-05 +7.0543e-05 +7.3385e-05 
+0000.00150 +7.2834e-05 +7.0109e-05 +6.7544e-05 +6.5183e-05 +6.3053e-05 +6.1169e-05 +5.9536e-05 +5.8158e-05 +5.7038e-05 +5.6176e-05 +5.5569e-05 +5.5214e-05 +5.5113e-05 +5.5265e-05 +5.5671e-05 +5.6330e-05 +5.7245e-05 +5.8419e-05 +5.9853e-05 +6.1541e-05 +6.3482e-05 +6.5670e-05 +6.8089e-05 +7.0711e-05 +7.3491e-05 
+0000.00100 +7.2917e-05 +7.0233e-05 +6.7696e-05 +6.5354e-05 +6.3235e-05 +6.1356e-05 +5.9726e-05 +5.8350e-05 +5.7230e-05 +5.6367e-05 +5.5760e-05 +5.5405e-05 +5.5303e-05 +5.5456e-05 +5.5862e-05 +5.6521e-05 +5.7437e-05 +5.8611e-05 +6.0042e-05 +6.1727e-05 +6.3662e-05 +6.5838e-05 +6.8237e-05 +7.0827e-05 +7.3562e-05 
+0000.00050 +7.2965e-05 +7.0306e-05 +6.7787e-05 +6.5456e-05 +6.3343e-05 +6.1468e-05 +5.9841e-05 +5.8466e-05 +5.7346e-05 +5.6482e-05 +5.5874e-05 +5.5519e-05 +5.5418e-05 +5.5570e-05 +5.5976e-05 +5.6636e-05 +5.7553e-05 +5.8726e-05 +6.0156e-05 +6.1839e-05 +6.3770e-05 +6.5938e-05 +6.8324e-05 +7.0895e-05 +7.3603e-05 
+0000.00000 +7.2981e-05 +7.0330e-05 +6.7817e-05 +6.5489e-05 +6.3379e-05 +6.1506e-05 +5.9879e-05 +5.8504e-05 +5.7384e-05 +5.6521e-05 +5.5912e-05 +5.5557e-05 +5.5456e-05 +5.5608e-05 +5.6014e-05 +5.6675e-05 +5.7591e-05 +5.8764e-05 +6.0194e-05 +6.1876e-05 +6.3805e-05 +6.5971e-05 +6.8353e-05 +7.0918e-05 +7.3617e-05 
-0000.00050 +7.2966e-05 +7.0306e-05 +6.7787e-05 +6.5456e-05 +6.3343e-05 +6.1468e-05 +5.9841e-05 +5.8466e-05 +5.7346e-05 +5.6483e-05 +5.5874e-05 +5.5519e-05 +5.5418e-05 +5.5570e-05 +5.5976e-05 +5.6636e-05 +5.7553e-05 +5.8726e-05 +6.0156e-05 +6.1839e-05 +6.3769e-05 +6.5937e-05 +6.8323e-05 +7.0895e-05 +7.3603e-05 
-0000.00100 +7.2918e-05 +7.0233e-05 +6.7697e-05 +6.5354e-05 +6.3235e-05 +6.1357e-05 +5.9727e-05 +5.8351e-05 +5.7231e-05 +5.6368e-05 +5.5760e-05 +5.5405e-05 +5.5303e-05 +5.5456e-05 +5.5861e-05 +5.6521e-05 +5.7437e-05 +5.8611e-05 +6.0042e-05 +6.1727e-05 +6.3662e-05 +6.5837e-05 +6.8236e-05 +7.0827e-05 +7.3562e-05 
-0000.00150 +7.2835e-05 +7.0110e-05 +6.7545e-05 +6.5184e-05 +6.3054e-05 +6.1169e-05 +5.9537e-05 +5.8159e-05 +5.7038e-05 +5.6176e-05 +5.5569e-05 +5.5215e-05 +5.5113e-05 +5.5265e-05 +5.5670e-05 +5.6329e-05 +5.7244e-05 +5.8419e-05 +5.9852e-05 +6.1541e-05 +6.3482e-05 +6.5669e-05 +6.8089e-05 +7.0710e-05 +7.3491e-05 
-0000.00200 +7.2714e-05 +6.9933e-05 +6.7330e-05 +6.4942e-05 +6.2797e-05 +6.0907e-05 +5.9270e-05 +5.7889e-05 +5.6768e-05 +5.5908e-05 +5.5303e-05 +5.4948e-05 +5.4846e-05 +5.4998e-05 +5.5404e-05 +5.6060e-05 +5.6974e-05 +5.8149e-05 +5.9586e-05 +6.1279e-05 +6.3227e-05 +6.5431e-05 +6.7879e-05 +7.0542e-05 +7.3384e-05 
# Total Vertical 2nd Order Kick [T2m2]
START
            -0000.01200 -0000.01100 -0000.01000 -0000.00900 -0000.00800 -0000.00700 -0000.00600 -0000.00500 -0000.00400 -0000.00300 -0000.00200 -0000.00100 +0000.00000 +0000.00100 +0000.00200 +0000.00300 +0000.00400 +0000.00500 +0000.00600 +0000.00700 +0000.00800 +0000.00900 +0000.01000 +0000.01100 +0000.01200 
+0000.00200 +3.4753e-07 +9.2062e-08 -2.6747e-07 -6.9810e-07 -1.1730e-06 -1.6693e-06 -2.1744e-06 -2.6864e-06 -3.2028e-06 -3.7168e-06 -4.2246e-06 -4.7302e-06 -5.2376e-06 -5.7452e-06 -6.2513e-06 -6.7599e-06 -7.2744e-06 -7.7906e-06 -8.3015e-06 -8.8046e-06 -9.2972e-06 -9.7658e-06 -1.0186e-05 -1.0528e-05 -1.0757e-05 
+0000.00150 +6.0320e-07 +4.2133e-07 +1.5885e-07 -1.5837e-07 -5.0987e-07 -8.7937e-07 -1.2574e-06 -1.6407e-06 -2.0268e-06 -2.4117e-06 -2.7931e-06 -3.1730e-06 -3.5533e-06 -3.9338e-06 -4.3140e-06 -4.6959e-06 -5.0810e-06 -5.4668e-06 -5.8492e-06 -6.2254e-06 -6.5917e-06 -6.9379e-06 -7.2462e-06 -7.4945e-06 -7.6543e-06 
+0000.00100 +5.5360e-07 +4.3689e-07 +2.6534e-07 +5.6562e-08 -1.7566e-07 -4.2076e-07 -6.7233e-07 -9.2755e-07 -1.1845e-06 -1.4408e-06 -1.6954e-06 -1.9489e-06 -2.2024e-06 -2.4560e-06 -2.7097e-06 -2.9644e-06 -3.2208e-06 -3.4774e-06 -3.7318e-06 -3.9819e-06 -4.2246e-06 -4.4528e-06 -4.6551e-06 -4.8165e-06 -4.9174e-06 
+0000.00050 +3.1872e-07 +2.6161e-07 +1.7677e-07 +7.3082e-08 -4.2515e-08 -1.6479e-07 -2.9052e-07 -4.1811e-07 -5.4653e-07 -6.7470e-07 -8.0207e-07 -9.2893e-07 -1.0557e-06 -1.1825e-06 -1.3094e-06 -1.4367e-06 -1.5647e-06 -1.6928e-06 -1.8198e-06 -1.9445e-06 -2.0653e-06 -2.1786e-06 -2.2786e-06 -2.3580e-06 -2.4067e-06 
+0000.00000 -3.5726e-09 -3.8315e-09 -4.1104e-09 -4.3938e-09 -4.6684e-09 -4.9262e-09 -5.1638e-09 -5.3793e-09 -5.5703e-09 -5.7327e-09 -5.8596e-09 -5.9423e-09 -5.9726e-09 -5.9479e-09 -5.8724e-09 -5.7559e-09 -5.6086e-09 -5.4384e-09 -5.2503e-09 -5.0472e-09 -4.8309e-09 -4.6047e-09 -4.3747e-09 -4.1511e-09 -3.9450e-09 
-0000.00050 -3.2586e-07 -2.6927e-07 -1.8499e-07 -8.1872e-08 +3.3174e-08 +1.5494e-07 +2.8018e-07 +4.0734e-07 +5.3538e-07 +6.6323e-07 +7.9034e-07 +9.1703e-07 +1.0438e-06 +1.1706e-06 +1.2976e-06 +1.4252e-06 +1.5535e-06 +1.6819e-06 +1.8093e-06 +1.9344e-06 +2.0556e-06 +2.1694e-06 +2.2699e-06 +2.3497e-06 +2.3988e-06 
-0000.00100 -5.6071e-07 -4.4454e-07 -2.7356e-07 -6.5361e-08 +1.6631e-07 +4.1089e-07 +6.6197e-07 +9.1676e-07 +1.1733e-06 +1.4293e-06 +1.6836e-06 +1.9369e-06 +2.1904e-06 +2.4441e-06 +2.6979e-06 +2.9529e-06 +3.2095e-06 +3.4665e-06 +3.7213e-06 +3.9718e-06 +4.2149e-06 +4.4436e-06 +4.6464e-06 +4.8082e-06 +4.9096e-06 
-0000.00150 -6.1027e-07 -4.2895e-07 -1.6707e-07 +1.4955e-07 +5.0049e-07 +8.6947e-07 +1.2470e-06 +1.6299e-06 +2.0156e-06 +2.4001e-06 +2.7813e-06 +3.1610e-06 +3.5413e-06 +3.9218e-06 +4.3022e-06 +4.6843e-06 +5.0697e-06 +5.4559e-06 +5.8387e-06 +6.2153e-06 +6.5820e-06 +6.9286e-06 +7.2375e-06 +7.4863e-06 +7.6464e-06 
-0000.00200 -3.5454e-07 -9.9642e-08 +2.5926e-07 +6.8926e-07 +1.1636e-06 +1.6593e-06 +2.1640e-06 +2.6755e-06 +3.1915e-06 +3.7052e-06 +4.2127e-06 +4.7181e-06 +5.2254e-06 +5.7331e-06 +6.2394e-06 +6.7482e-06 +7.2631e-06 +7.7797e-06 +8.2910e-06 +8.7945e-06 +9.2875e-06 +9.7566e-06 +1.0177e-05 +1.0520e-05 +1.0749e-05 
# Horizontal Final Position [m]
START
            -0000.01200 -0000.01100 -0000.01000 -0000.00900 -0000.00800 -0000.00700 -0000.00600 -0000.00500 -0000.00400 -0000.00300 -0000.00200 -0000.00100 +0000.00000 +0000.00100 +0000.00200 +0000.00300 +0000.00400 +0000.00500 +0000.00600 +0000.00700 +0000.00800 +0000.00900 +0000.01000 +0000.01100 +0000.01200 
+0000.00200 -1.2004e-02 -1.1004e-02 -1.0004e-02 -9.0041e-03 -8.0042e-03 -7.0042e-03 -6.0042e-03 -5.0043e-03 -4.0043e-03 -3.0043e-03 -2.0043e-03 -1.0043e-03 -4.3396e-06 +9.9566e-04 +1.9957e-03 +2.9957e-03 +3.9957e-03 +4.9957e-03 +5.9958e-03 +6.9958e-03 +7.9958e-03 +8.9959e-03 +9.9959e-03 +1.0996e-02 +1.1996e-02 
+0000.00150 -1.2004e-02 -1.1004e-02 -1.0004e-02 -9.0041e-03 -8.0042e-03 -7.0042e-03 -6.0042e-03 -5.0043e-03 -4.0043e-03 -3.0043e-03 -2.0043e-03 -1.0043e-03 -4.3388e-06 +9.9566e-04 +1.9957e-03 +2.9957e-03 +3.9957e-03 +4.9957e-03 +5.9958e-03 +6.9958e-03 +7.9958e-03 +8.9959e-03 +9.9959e-03 +1.0996e-02 +1.1996e-02 
+0000.00100 -1.2004e-02 -1.1004e-02 -1.0004e-02 -9.0041e-03 -8.0042e-03 -7.0042e-03 -6.0042e-03 -5.0043e-03 -4.0043e-03 -3.0043e-03 -2.0043e-03 -1.0043e-03 -4.3382e-06 +9.9566e-04 +1.9957e-03 +2.9957e-03 +3.9957e-03 +4.9957e-03 +5.9958e-03 +6.9958e-03 +7.9958e-03 +8.9959e-03 +9.9959e-03 +1.0996e-02 +1.1996e-02 
+0000.00050 -1.2004e-02 -1.1004e-02 -1.0004e-02 -9.0041e-03 -8.0042e-03 -7.0042e-03 -6.0042e-03 -5.0043e-03 -4.0043e-03 -3.0043e-03 -2.0043e-03 -1.0043e-03 -4.3379e-06 +9.9566e-04 +1.9957e-03 +2.9957e-03 +3.9957e-03 +4.9957e-03 +5.9958e-03 +6.9958e-03 +7.9958e-03 +8.9959e-03 +9.9959e-03 +1.0996e-02 +1.1996e-02 
+0000.00000 -1.2004e-02 -1.1004e-02 -1.0004e-02 -9.0041e-03 -8.0042e-03 -7.0042e-03 -6.0042e-03 -5.0043e-03 -4.0043e-03 -3.0043e-03 -2.0043e-03 -1.0043e-03 -4.3377e-06 +9.9566e-04 +1.9957e-03 +2.9957e-03 +3.9957e-03 +4.9957e-03 +5.9958e-03 +6.9958e-03 +7.9958e-03 +8.9959e-03 +9.9959e-03 +1.0996e-02 +1.1996e-02 
-0000.00050 -1.2004e-02 -1.1004e-02 -1.0004e-02 -9.0041e-03 -8.0042e-03 -7.0042e-03 -6.0042e-03 -5.0043e-03 -4.0043e-03 -3.0043e-03 -2.0043e-03 -1.0043e-03 -4.3379e-06 +9.9566e-04 +1.9957e-03 +2.9957e-03 +3.9957e-03 +4.9957e-03 +5.9958e-03 +6.9958e-03 +7.9958e-03 +8.9959e-03 +9.9959e-03 +1.0996e-02 +1.1996e-02 
-0000.00100 -1.2004e-02 -1.1004e-02 -1.0004e-02 -9.0041e-03 -8.0042e-03 -7.0042e-03 -6.0042e-03 -5.0043e-03 -4.0043e-03 -3.0043e-03 -2.0043e-03 -1.0043e-03 -4.3382e-06 +9.9566e-04 +1.9957e-03 +2.9957e-03 +3.9957e-03 +4.9957e-03 +5.9958e-03 +6.9958e-03 +7.9958e-03 +8.9959e-03 +9.9959e-03 +1.0996e-02 +1.1996e-02 
-0000.00150 -1.2004e-02 -1.1004e-02 -1.0004e-02 -9.0041e-03 -8.0042e-03 -7.0042e-03 -6.0042e-03 -5.0043e-03 -4.0043e-03 -3.0043e-03 -2.0043e-03 -1.0043e-03 -4.3388e-06 +9.9566e-04 +1.9957e-03 +2.9957e-03 +3.9957e-03 +4.9957e-03 +5.9958e-03 +6.9958e-03 +7.9958e-03 +8.9959e-03 +9.9959e-03 +1.0996e-02 +1.1996e-02 
-0000.00200 -1.2004e-02 -1.1004e-02 -1.0004e-02 -9.0041e-03 -8.0042e-03 -7.0042e-03 -6.0042e-03 -5.0043e-03 -4.0043e-03 -3.0043e-03 -2.0043e-03 -1.0043e-03 -4.3396e-06 +9.9566e-04 +1.9957e-03 +2.9957e-03 +3.9957e-03 +4.9957e-03 +5.9958e-03 +6.9958e-03 +7.9958e-03 +8.9959e-03 +9.9959e-03 +1.0996e-02 +1.1996e-02 
# Vertical Final Position [m]
START
            -0000.01200 -0000.01100 -0000.01000 -0000.00900 -0000.00800 -0000.00700 -0000.00600 -0000.00500 -0000.00400 -0000.00300 -0000.00200 -0000.00100 +0000.00000 +0000.00100 +0000.00200 +0000.00300 +0000.00400 +0000.00500 +0000.00600 +0000.00700 +0000.00800 +0000.00900 +0000.01000 +0000.01100 +0000.01200 
+0000.00200 +2.0001e-03 +2.0001e-03 +2.0001e-03 +2.0001e-03 +2.0001e-03 +2.0001e-03 +2.0001e-03 +2.0000e-03 +2.0000e-03 +2.0000e-03 +2.0000e-03 +2.0000e-03 +2.0000e-03 +2.0000e-03 +2.0000e-03 +2.0000e-03 +2.0000e-03 +1.9999e-03 +1.9999e-03 +1.9999e-03 +1.9999e-03 +1.9999e-03 +1.9999e-03 +1.9999e-03 +1.9999e-03 
+0000.00150 +1.5001e-03 +1.5001e-03 +1.5001e-03 +1.5001e-03 +1.5001e-03 +1.5001e-03 +1.5000e-03 +1.5000e-03 +1.5000e-03 +1.5000e-03 +1.5000e-03 +1.5000e-03 +1.5000e-03 +1.5000e-03 +1.5000e-03 +1.5000e-03 +1.5000e-03 +1.5000e-03 +1.4999e-03 +1.4999e-03 +1.4999e-03 +1.4999e-03 +1.4999e-03 +1.4999e-03 +1.4999e-03 
+0000.00100 +1.0001e-03 +1.0001e-03 +1.0001e-03 +1.0000e-03 +1.0000e-03 +1.0000e-03 +1.0000e-03 +1.0000e-03 +1.0000e-03 +1.0000e-03 +1.0000e-03 +1.0000e-03 +1.0000e-03 +9.9999e-04 +9.9999e-04 +9.9998e-04 +9.9998e-04 +9.9997e-04 +9.9997e-04 +9.9996e-04 +9.9995e-04 +9.9995e-04 +9.9995e-04 +9.9994e-04 +9.9994e-04 
+0000.00050 +5.0003e-04 +5.0003e-04 +5.0003e-04 +5.0002e-04 +5.0002e-04 +5.0002e-04 +5.0001e-04 +5.0001e-04 +5.0001e-04 +5.0001e-04 +5.0000e-04 +5.0000e-04 +5.0000e-04 +5.0000e-04 +4.9999e-04 +4.9999e-04 +4.9999e-04 +4.9999e-04 +4.9998e-04 +4.9998e-04 +4.9998e-04 +4.9998e-04 +4.9997e-04 +4.9997e-04 +4.9997e-04 
+0000.00000 -1.9591e-11 -2.0990e-11 -2.2337e-11 -2.3609e-11 -2.4784e-11 -2.5844e-11 -2.6782e-11 -2.7592e-11 -2.8269e-11 -2.8809e-11 -2.9205e-11 -2.9449e-11 -2.9535e-11 -2.9459e-11 -2.9227e-11 -2.8846e-11 -2.8325e-11 -2.7673e-11 -2.6895e-11 -2.5996e-11 -2.4983e-11 -2.3863e-11 -2.2652e-11 -2.1368e-11 -2.0030e-11 
-0000.00050 -5.0003e-04 -5.0003e-04 -5.0003e-04 -5.0002e-04 -5.0002e-04 -5.0002e-04 -5.0001e-04 -5.0001e-04 -5.0001e-04 -5.0001e-04 -5.0000e-04 -5.0000e-04 -5.0000e-04 -5.0000e-04 -4.9999e-04 -4.9999e-04 -4.9999e-04 -4.9999e-04 -4.9998e-04 -4.9998e-04 -4.9998e-04 -4.9998e-04 -4.9997e-04 -4.9997e-04 -4.9997e-04 
-0000.00100 -1.0001e-03 -1.0001e-03 -1.0001e-03 -1.0000e-03 -1.0000e-03 -1.0000e-03 -1.0000e-03 -1.0000e-03 -1.0000e-03 -1.0000e-03 -1.0000e-03 -1.0000e-03 -1.0000e-03 -9.9999e-04 -9.9999e-04 -9.9998e-04 -9.9998e-04 -9.9997e-04 -9.9997e-04 -9.9996e-04 -9.9996e-04 -9.9995e-04 -9.9995e-04 -9.9994e-04 -9.9994e-04 
-0000.00150 -1.5001e-03 -1.5001e-03 -1.5001e-03 -1.5001e-03 -1.5001e-03 -1.5001e-03 -1.5000e-03 -1.5000e-03 -1.5000e-03 -1.5000e-03 -1.5000e-03 -1.5000e-03 -1.5000e-03 -1.5000e-03 -1.5000e-03 -1.5000e-03 -1.5000e-03 -1.5000e-03 -1.4999e-03 -1.4999e-03 -1.4999e-03 -1.4999e-03 -1.4999e-03 -1.4999e-03 -1.4999e-03 
-0000.00200 -2.0001e-03 -2.0001e-03 -2.0001e-03 -2.0001e-03 -2.0001e-03 -2.0001e-03 -2.0001e-03 -2.0000e-03 -2.0000e-03 -2.0000e-03 -2.0000e-03 -2.0000e-03 -2.0000e-03 -2.0000e-03 -2.0000e-03 -2.0000e-03 -2.0000e-03 -1.9999e-03 -1.9999e-03 -1.9999e-03 -1.9999e-03 -1.9999e-03 -1.9999e-03 -1.9999e-03 -1.9999e-03 