# Author: FAC idanalysis.IDKickMap
# Termination_kicks [T2m2]: +0.0000e+00 +0.0000e+00 +0.0000e+00 +0.0000e+00 
# Total Length of Longitudinal Interval [m]
0.13
# Number of Horizontal Points
61
# Number of Vertical Points
9
# Total Horizontal 2nd Order Kick [T2m2]
START
            -0000.01000 -0000.00967 -0000.00933 -0000.00900 -0000.00867 -0000.00833 -0000.00800 -0000.00767 -0000.00733 -0000.00700 -0000.00667 -0000.00633 -0000.00600 -0000.00567 -0000.00533 -0000.00500 -0000.00467 -0000.00433 -0000.00400 -0000.00367 -0000.00333 -0000.00300 -0000.00267 -0000.00233 -0000.00200 -0000.00167 -0000.00133 -0000.00100 -0000.00067 -0000.00033 +0000.00000 +0000.00033 +0000.00067 +0000.00100 +0000.00133 +0000.00167 +0000.00200 +0000.00233 +0000.00267 +0000.00300 +0000.00333 +0000.00367 +0000.00400 +0000.00433 +0000.00467 +0000.00500 +0000.00533 +0000.00567 +0000.00600 +0000.00633 +0000.00667 +0000.00700 +0000.00733 +0000.00767 +0000.00800 +0000.00833 +0000.00867 +0000.00900 +0000.00933 +0000.00967 +0000.01000 
+0000.00200 +5.1249e-05 +5.0557e-05 +4.9885e-05 +4.9233e-05 +4.8600e-05 +4.7988e-05 +4.7398e-05 +4.6828e-05 +4.6281e-05 +4.5755e-05 +4.5252e-05 +4.4772e-05 +4.4315e-05 +4.3881e-05 +4.3471e-05 +4.3085e-05 +4.2724e-05 +4.2386e-05 +4.2074e-05 +4.1786e-05 +4.1523e-05 +4.1285e-05 +4.1073e-05 +4.0886e-05 +4.0725e-05 +4.0589e-05 +4.0479e-05 +4.0395e-05 +4.0337e-05 +4.0305e-05 +4.0299e-05 +4.0319e-05 +4.0365e-05 +4.0437e-05 +4.0534e-05 +4.0658e-05 +4.0807e-05 +4.0982e-05 +4.1183e-05 +4.1409e-05 +4.1660e-05 +4.1937e-05 +4.2238e-05 +4.2565e-05 +4.2916e-05 +4.3291e-05 +4.3691e-05 +4.4114e-05 +4.4561e-05 +4.5032e-05 +4.5526e-05 +4.6042e-05 +4.6581e-05 +4.7142e-05 +4.7724e-05 +4.8328e-05 +4.8953e-05 +4.9599e-05 +5.0265e-05 +5.0950e-05 +5.1655e-05 
+0000.00150 +5.1409e-05 +5.0728e-05 +5.0065e-05 +4.9420e-05 +4.8795e-05 +4.8190e-05 +4.7605e-05 +4.7041e-05 +4.6498e-05 +4.5977e-05 +4.5478e-05 +4.5001e-05 +4.4546e-05 +4.4115e-05 +4.3707e-05 +4.3323e-05 +4.2963e-05 +4.2626e-05 +4.2315e-05 +4.2028e-05 +4.1765e-05 +4.1528e-05 +4.1316e-05 +4.1130e-05 +4.0969e-05 +4.0833e-05 +4.0724e-05 +4.0640e-05 +4.0582e-05 +4.0550e-05 +4.0544e-05 +4.0563e-05 +4.0609e-05 +4.0681e-05 +4.0778e-05 +4.0902e-05 +4.1051e-05 +4.1225e-05 +4.1426e-05 +4.1651e-05 +4.1902e-05 +4.2177e-05 +4.2478e-05 +4.2803e-05 +4.3153e-05 +4.3527e-05 +4.3924e-05 +4.4346e-05 +4.4790e-05 +4.5258e-05 +4.5748e-05 +4.6260e-05 +4.6795e-05 +4.7351e-05 +4.7928e-05 +4.8526e-05 +4.9144e-05 +4.9782e-05 +5.0439e-05 +5.1115e-05 +5.1809e-05 
+0000.00100 +5.1522e-05 +5.0848e-05 +5.0191e-05 +4.9553e-05 +4.8934e-05 +4.8333e-05 +4.7753e-05 +4.7193e-05 +4.6653e-05 +4.6135e-05 +4.5638e-05 +4.5164e-05 +4.4711e-05 +4.4282e-05 +4.3876e-05 +4.3493e-05 +4.3133e-05 +4.2798e-05 +4.2487e-05 +4.2201e-05 +4.1939e-05 +4.1702e-05 +4.1491e-05 +4.1304e-05 +4.1143e-05 +4.1008e-05 +4.0898e-05 +4.0815e-05 +4.0757e-05 +4.0725e-05 +4.0718e-05 +4.0738e-05 +4.0784e-05 +4.0855e-05 +4.0952e-05 +4.1076e-05 +4.1224e-05 +4.1399e-05 +4.1598e-05 +4.1823e-05 +4.2074e-05 +4.2349e-05 +4.2649e-05 +4.2973e-05 +4.3321e-05 +4.3694e-05 +4.4090e-05 +4.4510e-05 +4.4952e-05 +4.5418e-05 +4.5906e-05 +4.6415e-05 +4.6947e-05 +4.7499e-05 +4.8072e-05 +4.8666e-05 +4.9279e-05 +4.9911e-05 +5.0562e-05 +5.1231e-05 +5.1918e-05 
+0000.00050 +5.1589e-05 +5.0919e-05 +5.0267e-05 +4.9632e-05 +4.9016e-05 +4.8419e-05 +4.7841e-05 +4.7283e-05 +4.6746e-05 +4.6229e-05 +4.5734e-05 +4.5261e-05 +4.4810e-05 +4.4382e-05 +4.3976e-05 +4.3594e-05 +4.3236e-05 +4.2901e-05 +4.2591e-05 +4.2305e-05 +4.2043e-05 +4.1807e-05 +4.1595e-05 +4.1409e-05 +4.1248e-05 +4.1113e-05 +4.1003e-05 +4.0920e-05 +4.0862e-05 +4.0829e-05 +4.0823e-05 +4.0843e-05 +4.0888e-05 +4.0960e-05 +4.1057e-05 +4.1180e-05 +4.1328e-05 +4.1503e-05 +4.1702e-05 +4.1927e-05 +4.2177e-05 +4.2451e-05 +4.2751e-05 +4.3075e-05 +4.3422e-05 +4.3794e-05 +4.4190e-05 +4.4608e-05 +4.5050e-05 +4.5514e-05 +4.6000e-05 +4.6508e-05 +4.7038e-05 +4.7588e-05 +4.8159e-05 +4.8749e-05 +4.9360e-05 +4.9989e-05 +5.0636e-05 +5.1301e-05 +5.1984e-05 
+0000.00000 +5.1611e-05 +5.0942e-05 +5.0291e-05 +4.9658e-05 +4.9043e-05 +4.8447e-05 +4.7870e-05 +4.7313e-05 +4.6777e-05 +4.6261e-05 +4.5767e-05 +4.5294e-05 +4.4843e-05 +4.4415e-05 +4.4010e-05 +4.3628e-05 +4.3270e-05 +4.2936e-05 +4.2625e-05 +4.2339e-05 +4.2078e-05 +4.1842e-05 +4.1630e-05 +4.1444e-05 +4.1283e-05 +4.1148e-05 +4.1039e-05 +4.0955e-05 +4.0897e-05 +4.0864e-05 +4.0858e-05 +4.0878e-05 +4.0923e-05 +4.0994e-05 +4.1092e-05 +4.1214e-05 +4.1363e-05 +4.1537e-05 +4.1736e-05 +4.1961e-05 +4.2211e-05 +4.2485e-05 +4.2784e-05 +4.3108e-05 +4.3456e-05 +4.3827e-05 +4.4222e-05 +4.4641e-05 +4.5082e-05 +4.5545e-05 +4.6031e-05 +4.6539e-05 +4.7068e-05 +4.7617e-05 +4.8187e-05 +4.8777e-05 +4.9386e-05 +5.0014e-05 +5.0661e-05 +5.1325e-05 +5.2006e-05 
-0000.00050 +5.1587e-05 +5.0918e-05 +5.0265e-05 +4.9631e-05 +4.9015e-05 +4.8418e-05 +4.7841e-05 +4.7283e-05 +4.6746e-05 +4.6230e-05 +4.5735e-05 +4.5262e-05 +4.4811e-05 +4.4383e-05 +4.3977e-05 +4.3595e-05 +4.3237e-05 +4.2902e-05 +4.2591e-05 +4.2305e-05 +4.2044e-05 +4.1807e-05 +4.1596e-05 +4.1410e-05 +4.1249e-05 +4.1113e-05 +4.1004e-05 +4.0920e-05 +4.0862e-05 +4.0830e-05 +4.0823e-05 +4.0843e-05 +4.0888e-05 +4.0959e-05 +4.1057e-05 +4.1179e-05 +4.1328e-05 +4.1502e-05 +4.1701e-05 +4.1926e-05 +4.2176e-05 +4.2450e-05 +4.2750e-05 +4.3074e-05 +4.3421e-05 +4.3793e-05 +4.4189e-05 +4.4607e-05 +4.5049e-05 +4.5513e-05 +4.5999e-05 +4.6508e-05 +4.7037e-05 +4.7588e-05 +4.8159e-05 +4.8750e-05 +4.9360e-05 +4.9989e-05 +5.0637e-05 +5.1303e-05 +5.1986e-05 
-0000.00100 +5.1519e-05 +5.0845e-05 +5.0189e-05 +4.9551e-05 +4.8932e-05 +4.8333e-05 +4.7753e-05 +4.7193e-05 +4.6654e-05 +4.6136e-05 +4.5639e-05 +4.5165e-05 +4.4713e-05 +4.4284e-05 +4.3877e-05 +4.3495e-05 +4.3135e-05 +4.2800e-05 +4.2489e-05 +4.2203e-05 +4.1941e-05 +4.1704e-05 +4.1492e-05 +4.1306e-05 +4.1145e-05 +4.1009e-05 +4.0900e-05 +4.0816e-05 +4.0757e-05 +4.0725e-05 +4.0719e-05 +4.0738e-05 +4.0783e-05 +4.0855e-05 +4.0952e-05 +4.1075e-05 +4.1223e-05 +4.1397e-05 +4.1597e-05 +4.1822e-05 +4.2072e-05 +4.2347e-05 +4.2647e-05 +4.2971e-05 +4.3320e-05 +4.3692e-05 +4.4088e-05 +4.4508e-05 +4.4951e-05 +4.5416e-05 +4.5904e-05 +4.6414e-05 +4.6946e-05 +4.7499e-05 +4.8072e-05 +4.8666e-05 +4.9280e-05 +4.9913e-05 +5.0565e-05 +5.1235e-05 +5.1922e-05 
-0000.00150 +5.1404e-05 +5.0724e-05 +5.0062e-05 +4.9418e-05 +4.8794e-05 +4.8190e-05 +4.7605e-05 +4.7042e-05 +4.6500e-05 +4.5979e-05 +4.5480e-05 +4.5003e-05 +4.4549e-05 +4.4118e-05 +4.3710e-05 +4.3326e-05 +4.2966e-05 +4.2630e-05 +4.2318e-05 +4.2031e-05 +4.1768e-05 +4.1531e-05 +4.1319e-05 +4.1132e-05 +4.0971e-05 +4.0835e-05 +4.0725e-05 +4.0641e-05 +4.0583e-05 +4.0550e-05 +4.0544e-05 +4.0563e-05 +4.0609e-05 +4.0680e-05 +4.0777e-05 +4.0900e-05 +4.1049e-05 +4.1223e-05 +4.1423e-05 +4.1649e-05 +4.1899e-05 +4.2175e-05 +4.2475e-05 +4.2800e-05 +4.3150e-05 +4.3524e-05 +4.3922e-05 +4.4343e-05 +4.4788e-05 +4.5256e-05 +4.5746e-05 +4.6259e-05 +4.6794e-05 +4.7351e-05 +4.7928e-05 +4.8527e-05 +4.9146e-05 +4.9784e-05 +5.0443e-05 +5.1120e-05 +5.1815e-05 
-0000.00200 +5.1242e-05 +5.0552e-05 +4.9881e-05 +4.9230e-05 +4.8598e-05 +4.7988e-05 +4.7398e-05 +4.6829e-05 +4.6282e-05 +4.5757e-05 +4.5255e-05 +4.4775e-05 +4.4319e-05 +4.3885e-05 +4.3475e-05 +4.3089e-05 +4.2728e-05 +4.2390e-05 +4.2077e-05 +4.1789e-05 +4.1526e-05 +4.1288e-05 +4.1076e-05 +4.0889e-05 +4.0727e-05 +4.0591e-05 +4.0481e-05 +4.0397e-05 +4.0338e-05 +4.0306e-05 +4.0299e-05 +4.0319e-05 +4.0364e-05 +4.0435e-05 +4.0533e-05 +4.0656e-05 +4.0805e-05 +4.0980e-05 +4.1180e-05 +4.1406e-05 +4.1657e-05 +4.1933e-05 +4.2235e-05 +4.2561e-05 +4.2912e-05 +4.3287e-05 +4.3687e-05 +4.4111e-05 +4.4558e-05 +4.5029e-05 +4.5523e-05 +4.6040e-05 +4.6579e-05 +4.7141e-05 +4.7724e-05 +4.8329e-05 +4.8955e-05 +4.9602e-05 +5.0269e-05 +5.0956e-05 +5.1662e-05 
# Total Vertical 2nd Order Kick [T2m2]
START
            -0000.01000 -0000.00967 -0000.00933 -0000.00900 -0000.00867 -0000.00833 -0000.00800 -0000.00767 -0000.00733 -0000.00700 -0000.00667 -0000.00633 -0000.00600 -0000.00567 -0000.00533 -0000.00500 -0000.00467 -0000.00433 -0000.00400 -0000.00367 -0000.00333 -0000.00300 -0000.00267 -0000.00233 -0000.00200 -0000.00167 -0000.00133 -0000.00100 -0000.00067 -0000.00033 +0000.00000 +0000.00033 +0000.00067 +0000.00100 +0000.00133 +0000.00167 +0000.00200 +0000.00233 +0000.00267 +0000.00300 +0000.00333 +0000.00367 +0000.00400 +0000.00433 +0000.00467 +0000.00500 +0000.00533 +0000.00567 +0000.00600 +0000.00633 +0000.00667 +0000.00700 +0000.00733 +0000.00767 +0000.00800 +0000.00833 +0000.00867 +0000.00900 +0000.00933 +0000.00967 +0000.01000 
+0000.00200 +2.9131e-06 +2.8170e-06 +2.7163e-06 +2.6112e-06 +2.5020e-06 +2.3887e-06 +2.2715e-06 +2.1508e-06 +2.0266e-06 +1.8992e-06 +1.7687e-06 +1.6353e-06 +1.4992e-06 +1.3605e-06 +1.2195e-06 +1.0762e-06 +9.3095e-07 +7.8381e-07 +6.3496e-07 +4.8458e-07 +3.3281e-07 +1.7982e-07 +2.5751e-08 -1.2923e-07 -2.8498e-07 -4.4136e-07 -5.9820e-07 -7.5538e-07 -9.1275e-07 -1.0702e-06 -1.2275e-06 -1.3846e-06 -1.5414e-06 -1.6976e-06 -1.8533e-06 -2.0082e-06 -2.1623e-06 -2.3154e-06 -2.4674e-06 -2.6181e-06 -2.7676e-06 -2.9156e-06 -3.0620e-06 -3.2068e-06 -3.3498e-06 -3.4909e-06 -3.6301e-06 -3.7672e-06 -3.9022e-06 -4.0348e-06 -4.1652e-06 -4.2930e-06 -4.4184e-06 -4.5411e-06 -4.6612e-06 -4.7784e-06 -4.8928e-06 -5.0043e-06 -5.1127e-06 -5.2181e-06 -5.3203e-06 
+0000.00150 +2.2564e-06 +2.1860e-06 +2.1120e-06 +2.0345e-06 +1.9538e-06 +1.8700e-06 +1.7833e-06 +1.6937e-06 +1.6014e-06 +1.5066e-06 +1.4094e-06 +1.3100e-06 +1.2085e-06 +1.1050e-06 +9.9961e-07 +8.9255e-07 +7.8391e-07 +6.7383e-07 +5.6243e-07 +4.4983e-07 +3.3616e-07 +2.2155e-07 +1.0610e-07 -1.0052e-08 -1.2680e-07 -2.4403e-07 -3.6162e-07 -4.7946e-07 -5.9746e-07 -7.1548e-07 -8.3344e-07 -9.5122e-07 -1.0687e-06 -1.1859e-06 -1.3025e-06 -1.4186e-06 -1.5340e-06 -1.6487e-06 -1.7624e-06 -1.8753e-06 -1.9871e-06 -2.0978e-06 -2.2073e-06 -2.3155e-06 -2.4223e-06 -2.5277e-06 -2.6316e-06 -2.7338e-06 -2.8344e-06 -2.9333e-06 -3.0303e-06 -3.1254e-06 -3.2186e-06 -3.3097e-06 -3.3988e-06 -3.4857e-06 -3.5704e-06 -3.6528e-06 -3.7329e-06 -3.8107e-06 -3.8860e-06 
+0000.00100 +1.5461e-06 +1.5000e-06 +1.4515e-06 +1.4006e-06 +1.3475e-06 +1.2922e-06 +1.2349e-06 +1.1756e-06 +1.1145e-06 +1.0517e-06 +9.8720e-07 +9.2117e-07 +8.5370e-07 +7.8487e-07 +7.1479e-07 +6.4353e-07 +5.7120e-07 +4.9788e-07 +4.2366e-07 +3.4863e-07 +2.7287e-07 +1.9647e-07 +1.1950e-07 +4.2061e-08 -3.5779e-08 -1.1394e-07 -1.9234e-07 -2.7091e-07 -3.4956e-07 -4.2824e-07 -5.0686e-07 -5.8535e-07 -6.6364e-07 -7.4167e-07 -8.1937e-07 -8.9666e-07 -9.7350e-07 -1.0498e-06 -1.1255e-06 -1.2006e-06 -1.2749e-06 -1.3485e-06 -1.4213e-06 -1.4932e-06 -1.5642e-06 -1.6341e-06 -1.7030e-06 -1.7709e-06 -1.8376e-06 -1.9031e-06 -1.9674e-06 -2.0304e-06 -2.0921e-06 -2.1524e-06 -2.2113e-06 -2.2688e-06 -2.3248e-06 -2.3793e-06 -2.4322e-06 -2.4835e-06 -2.5332e-06 
+0000.00050 +8.0359e-07 +7.8107e-07 +7.5723e-07 +7.3216e-07 +7.0589e-07 +6.7849e-07 +6.5002e-07 +6.2053e-07 +5.9008e-07 +5.5872e-07 +5.2651e-07 +4.9350e-07 +4.5973e-07 +4.2527e-07 +3.9016e-07 +3.5445e-07 +3.1820e-07 +2.8144e-07 +2.4423e-07 +2.0660e-07 +1.6862e-07 +1.3031e-07 +9.1735e-08 +5.2923e-08 +1.3921e-08 -2.5231e-08 -6.4491e-08 -1.0382e-07 -1.4318e-07 -1.8254e-07 -2.2185e-07 -2.6107e-07 -3.0019e-07 -3.3915e-07 -3.7793e-07 -4.1650e-07 -4.5481e-07 -4.9285e-07 -5.3058e-07 -5.6796e-07 -6.0498e-07 -6.4160e-07 -6.7780e-07 -7.1356e-07 -7.4883e-07 -7.8361e-07 -8.1787e-07 -8.5158e-07 -8.8472e-07 -9.1728e-07 -9.4922e-07 -9.8054e-07 -1.0112e-06 -1.0412e-06 -1.0705e-06 -1.0992e-06 -1.1271e-06 -1.1543e-06 -1.1807e-06 -1.2064e-06 -1.2313e-06 
+0000.00000 +4.6177e-08 +4.6752e-08 +4.7206e-08 +4.7550e-08 +4.7792e-08 +4.7944e-08 +4.8015e-08 +4.8013e-08 +4.7948e-08 +4.7827e-08 +4.7659e-08 +4.7452e-08 +4.7212e-08 +4.6946e-08 +4.6661e-08 +4.6363e-08 +4.6057e-08 +4.5750e-08 +4.5445e-08 +4.5148e-08 +4.4863e-08 +4.4593e-08 +4.4343e-08 +4.4115e-08 +4.3912e-08 +4.3736e-08 +4.3590e-08 +4.3475e-08 +4.3393e-08 +4.3344e-08 +4.3329e-08 +4.3347e-08 +4.3400e-08 +4.3486e-08 +4.3604e-08 +4.3753e-08 +4.3931e-08 +4.4137e-08 +4.4367e-08 +4.4619e-08 +4.4891e-08 +4.5177e-08 +4.5475e-08 +4.5780e-08 +4.6087e-08 +4.6392e-08 +4.6689e-08 +4.6972e-08 +4.7236e-08 +4.7473e-08 +4.7676e-08 +4.7839e-08 +4.7954e-08 +4.8013e-08 +4.8008e-08 +4.7929e-08 +4.7768e-08 +4.7515e-08 +4.7161e-08 +4.6694e-08 +4.6106e-08 
-0000.00050 -7.1097e-07 -6.8731e-07 -6.6259e-07 -6.3684e-07 -6.1010e-07 -5.8242e-07 -5.5382e-07 -5.2435e-07 -4.9405e-07 -4.6295e-07 -4.3108e-07 -3.9850e-07 -3.6523e-07 -3.3132e-07 -2.9679e-07 -2.6170e-07 -2.2606e-07 -1.8993e-07 -1.5334e-07 -1.1632e-07 -7.8920e-08 -4.1165e-08 -3.0945e-09 +3.5253e-08 +7.3843e-08 +1.1264e-07 +1.5160e-07 +1.9070e-07 +2.2989e-07 +2.6914e-07 +3.0842e-07 +3.4769e-07 +3.8691e-07 +4.2604e-07 +4.6506e-07 +5.0393e-07 +5.4261e-07 +5.8106e-07 +6.1925e-07 +6.5715e-07 +6.9472e-07 +7.3193e-07 +7.6874e-07 +8.0511e-07 +8.4101e-07 +8.7642e-07 +9.1128e-07 +9.4557e-07 +9.7926e-07 +1.0123e-06 +1.0447e-06 +1.0763e-06 +1.1073e-06 +1.1374e-06 +1.1667e-06 +1.1952e-06 +1.2228e-06 +1.2495e-06 +1.2753e-06 +1.3001e-06 +1.3238e-06 
-0000.00100 -1.4526e-06 -1.4055e-06 -1.3561e-06 -1.3046e-06 -1.2511e-06 -1.1956e-06 -1.1382e-06 -1.0790e-06 -1.0181e-06 -9.5554e-07 -8.9146e-07 -8.2592e-07 -7.5899e-07 -6.9075e-07 -6.2130e-07 -5.5070e-07 -4.7903e-07 -4.0638e-07 -3.3282e-07 -2.5843e-07 -1.8328e-07 -1.0746e-07 -3.1030e-08 +4.5925e-08 +1.2333e-07 +2.0112e-07 +2.7921e-07 +3.5753e-07 +4.3601e-07 +5.1458e-07 +5.9317e-07 +6.7170e-07 +7.5010e-07 +8.2832e-07 +9.0626e-07 +9.8388e-07 +1.0611e-06 +1.1378e-06 +1.2141e-06 +1.2897e-06 +1.3646e-06 +1.4388e-06 +1.5122e-06 +1.5848e-06 +1.6564e-06 +1.7270e-06 +1.7966e-06 +1.8651e-06 +1.9324e-06 +1.9984e-06 +2.0632e-06 +2.1266e-06 +2.1886e-06 +2.2491e-06 +2.3081e-06 +2.3655e-06 +2.4212e-06 +2.4752e-06 +2.5275e-06 +2.5780e-06 +2.6266e-06 
-0000.00150 -2.1616e-06 -2.0902e-06 -2.0154e-06 -1.9374e-06 -1.8564e-06 -1.7724e-06 -1.6857e-06 -1.5962e-06 -1.5043e-06 -1.4099e-06 -1.3132e-06 -1.2143e-06 -1.1134e-06 -1.0106e-06 -9.0591e-07 -7.9958e-07 -6.9168e-07 -5.8233e-07 -4.7165e-07 -3.5975e-07 -2.4675e-07 -1.3276e-07 -1.7899e-08 +9.7727e-08 +2.1401e-07 +3.3083e-07 +4.4808e-07 +5.6566e-07 +6.8346e-07 +8.0137e-07 +9.1929e-07 +1.0371e-06 +1.1547e-06 +1.2721e-06 +1.3890e-06 +1.5054e-06 +1.6212e-06 +1.7363e-06 +1.8507e-06 +1.9641e-06 +2.0765e-06 +2.1879e-06 +2.2981e-06 +2.4070e-06 +2.5146e-06 +2.6207e-06 +2.7253e-06 +2.8282e-06 +2.9295e-06 +3.0290e-06 +3.1265e-06 +3.2221e-06 +3.3157e-06 +3.4071e-06 +3.4963e-06 +3.5833e-06 +3.6678e-06 +3.7499e-06 +3.8295e-06 +3.9065e-06 +3.9808e-06 
-0000.00200 -2.8164e-06 -2.7194e-06 -2.6180e-06 -2.5125e-06 -2.4030e-06 -2.2897e-06 -2.1727e-06 -2.0523e-06 -1.9285e-06 -1.8016e-06 -1.6717e-06 -1.5390e-06 -1.4036e-06 -1.2657e-06 -1.1255e-06 -9.8306e-07 -8.3862e-07 -6.9230e-07 -5.4426e-07 -3.9466e-07 -2.4363e-07 -9.1335e-08 +6.2085e-08 +2.1648e-07 +3.7172e-07 +5.2764e-07 +6.8411e-07 +8.4099e-07 +9.9815e-07 +1.1554e-06 +1.3127e-06 +1.4699e-06 +1.6268e-06 +1.7832e-06 +1.9392e-06 +2.0945e-06 +2.2490e-06 +2.4026e-06 +2.5552e-06 +2.7066e-06 +2.8567e-06 +3.0054e-06 +3.1526e-06 +3.2982e-06 +3.4421e-06 +3.5840e-06 +3.7240e-06 +3.8620e-06 +3.9977e-06 +4.1311e-06 +4.2621e-06 +4.3906e-06 +4.5165e-06 +4.6396e-06 +4.7600e-06 +4.8774e-06 +4.9918e-06 +5.1030e-06 +5.2111e-06 +5.3158e-06 +5.4172e-06 
# Horizontal Final Position [m]
START
            -0000.01000 -0000.00967 -0000.00933 -0000.00900 -0000.00867 -0000.00833 -0000.00800 -0000.00767 -0000.00733 -0000.00700 -0000.00667 -0000.00633 -0000.00600 -0000.00567 -0000.00533 -0000.00500 -0000.00467 -0000.00433 -0000.00400 -0000.00367 -0000.00333 -0000.00300 -0000.00267 -0000.00233 -0000.00200 -0000.00167 -0000.00133 -0000.00100 -0000.00067 -0000.00033 +0000.00000 +0000.00033 +0000.00067 +0000.00100 +0000.00133 +0000.00167 +0000.00200 +0000.00233 +0000.00267 +0000.00300 +0000.00333 +0000.00367 +0000.00400 +0000.00433 +0000.00467 +0000.00500 +0000.00533 +0000.00567 +0000.00600 +0000.00633 +0000.00667 +0000.00700 +0000.00733 +0000.00767 +0000.00800 +0000.00833 +0000.00867 +0000.00900 +0000.00933 +0000.00967 +0000.01000 
+0000.00200 -1.0004e-02 -9.6707e-03 -9.3374e-03 -9.0041e-03 -8.6708e-03 -8.3375e-03 -8.0042e-03 -7.6708e-03 -7.3375e-03 -7.0042e-03 -6.6709e-03 -6.3375e-03 -6.0042e-03 -5.6709e-03 -5.3376e-03 -5.0043e-03 -4.6709e-03 -4.3376e-03 -4.0043e-03 -3.6710e-03 -3.3376e-03 -3.0043e-03 -2.6710e-03 -2.3376e-03 -2.0043e-03 -1.6710e-03 -1.3377e-03 -1.0043e-03 -6.7099e-04 -3.3766e-04 -4.3229e-06 +3.2901e-04 +6.6234e-04 +9.9568e-04 +1.3290e-03 +1.6623e-03 +1.9957e-03 +2.3290e-03 +2.6624e-03 +2.9957e-03 +3.3290e-03 +3.6624e-03 +3.9957e-03 +4.3291e-03 +4.6624e-03 +4.9957e-03 +5.3291e-03 +5.6624e-03 +5.9958e-03 +6.3291e-03 +6.6625e-03 +6.9958e-03 +7.3291e-03 +7.6625e-03 +7.9958e-03 +8.3292e-03 +8.6625e-03 +8.9959e-03 +9.3292e-03 +9.6626e-03 +9.9959e-03 
+0000.00150 -1.0004e-02 -9.6707e-03 -9.3374e-03 -9.0041e-03 -8.6708e-03 -8.3375e-03 -8.0042e-03 -7.6708e-03 -7.3375e-03 -7.0042e-03 -6.6709e-03 -6.3375e-03 -6.0042e-03 -5.6709e-03 -5.3376e-03 -5.0043e-03 -4.6709e-03 -4.3376e-03 -4.0043e-03 -3.6710e-03 -3.3376e-03 -3.0043e-03 -2.6710e-03 -2.3376e-03 -2.0043e-03 -1.6710e-03 -1.3376e-03 -1.0043e-03 -6.7099e-04 -3.3766e-04 -4.3228e-06 +3.2901e-04 +6.6234e-04 +9.9568e-04 +1.3290e-03 +1.6623e-03 +1.9957e-03 +2.3290e-03 +2.6624e-03 +2.9957e-03 +3.3290e-03 +3.6624e-03 +3.9957e-03 +4.3291e-03 +4.6624e-03 +4.9957e-03 +5.3291e-03 +5.6624e-03 +5.9958e-03 +6.3291e-03 +6.6625e-03 +6.9958e-03 +7.3291e-03 +7.6625e-03 +7.9958e-03 +8.3292e-03 +8.6625e-03 +8.9959e-03 +9.3292e-03 +9.6626e-03 +9.9959e-03 
+0000.00100 -1.0004e-02 -9.6707e-03 -9.3374e-03 -9.0041e-03 -8.6708e-03 -8.3375e-03 -8.0042e-03 -7.6708e-03 -7.3375e-03 -7.0042e-03 -6.6709e-03 -6.3375e-03 -6.0042e-03 -5.6709e-03 -5.3376e-03 -5.0043e-03 -4.6709e-03 -4.3376e-03 -4.0043e-03 -3.6710e-03 -3.3376e-03 -3.0043e-03 -2.6710e-03 -2.3376e-03 -2.0043e-03 -1.6710e-03 -1.3376e-03 -1.0043e-03 -6.7099e-04 -3.3766e-04 -4.3227e-06 +3.2901e-04 +6.6234e-04 +9.9568e-04 +1.3290e-03 +1.6623e-03 +1.9957e-03 +2.3290e-03 +2.6624e-03 +2.9957e-03 +3.3290e-03 +3.6624e-03 +3.9957e-03 +4.3291e-03 +4.6624e-03 +4.9957e-03 +5.3291e-03 +5.6624e-03 +5.9958e-03 +6.3291e-03 +6.6625e-03 +6.9958e-03 +7.3291e-03 +7.6625e-03 +7.9958e-03 +8.3292e-03 +8.6625e-03 +8.9959e-03 +9.3292e-03 +9.6626e-03 +9.9959e-03 
+0000.00050 -1.0004e-02 -9.6707e-03 -9.3374e-03 -9.0041e-03 -8.6708e-03 -8.3375e-03 -8.0042e-03 -7.6708e-03 -7.3375e-03 -7.0042e-03 -6.6709e-03 -6.3375e-03 -6.0042e-03 -5.6709e-03 -5.3376e-03 -5.0043e-03 -4.6709e-03 -4.3376e-03 -4.0043e-03 -3.6710e-03 -3.3376e-03 -3.0043e-03 -2.6710e-03 -2.3376e-03 -2.0043e-03 -1.6710e-03 -1.3376e-03 -1.0043e-03 -6.7099e-04 -3.3766e-04 -4.3227e-06 +3.2901e-04 +6.6234e-04 +9.9568e-04 +1.3290e-03 +1.6623e-03 +1.9957e-03 +2.3290e-03 +2.6624e-03 +2.9957e-03 +3.3290e-03 +3.6624e-03 +3.9957e-03 +4.3291e-03 +4.6624e-03 +4.9957e-03 +5.3291e-03 +5.6624e-03 +5.9958e-03 +6.3291e-03 +6.6625e-03 +6.9958e-03 +7.3291e-03 +7.6625e-03 +7.9958e-03 +8.3292e-03 +8.6625e-03 +8.9959e-03 +9.3292e-03 +9.6626e-03 +9.9959e-03 
+0000.00000 -1.0004e-02 -9.6707e-03 -9.3374e-03 -9.0041e-03 -8.6708e-03 -8.3375e-03 -8.0042e-03 -7.6708e-03 -7.3375e-03 -7.0042e-03 -6.6709e-03 -6.3375e-03 -6.0042e-03 -5.6709e-03 -5.3376e-03 -5.0043e-03 -4.6709e-03 -4.3376e-03 -4.0043e-03 -3.6710e-03 -3.3376e-03 -3.0043e-03 -2.6710e-03 -2.3376e-03 -2.0043e-03 -1.6710e-03 -1.3376e-03 -1.0043e-03 -6.7099e-04 -3.3766e-04 -4.3227e-06 +3.2901e-04 +6.6234e-04 +9.9568e-04 +1.3290e-03 +1.6623e-03 +1.9957e-03 +2.3290e-03 +2.6624e-03 +2.9957e-03 +3.3290e-03 +3.6624e-03 +3.9957e-03 +4.3291e-03 +4.6624e-03 +4.9957e-03 +5.3291e-03 +5.6624e-03 +5.9958e-03 +6.3291e-03 +6.6625e-03 +6.9958e-03 +7.3291e-03 +7.6625e-03 +7.9958e-03 +8.3292e-03 +8.6625e-03 +8.9959e-03 +9.3292e-03 +9.6626e-03 +9.9959e-03 
-0000.00050 -1.0004e-02 -9.6707e-03 -9.3374e-03 -9.0041e-03 -8.6708e-03 -8.3375e-03 -8.0042e-03 -7.6708e-03 -7.3375e-03 -7.0042e-03 -6.6709e-03 -6.3375e-03 -6.0042e-03 -5.6709e-03 -5.3376e-03 -5.0043e-03 -4.6709e-03 -4.3376e-03 -4.0043e-03 -3.6710e-03 -3.3376e-03 -3.0043e-03 -2.6710e-03 -2.3376e-03 -2.0043e-03 -1.6710e-03 -1.3376e-03 -1.0043e-03 -6.7099e-04 -3.3766e-04 -4.3227e-06 +3.2901e-04 +6.6234e-04 +9.9568e-04 +1.3290e-03 +1.6623e-03 +1.9957e-03 +2.3290e-03 +2.6624e-03 +2.9957e-03 +3.3290e-03 +3.6624e-03 +3.9957e-03 +4.3291e-03 +4.6624e-03 +4.9957e-03 +5.3291e-03 +5.6624e-03 +5.9958e-03 +6.3291e-03 +6.6625e-03 +6.9958e-03 +7.3291e-03 +7.6625e-03 +7.9958e-03 +8.3292e-03 +8.6625e-03 +8.9959e-03 +9.3292e-03 +9.6626e-03 +9.9959e-03 
-0000.00100 -1.0004e-02 -9.6707e-03 -9.3374e-03 -9.0041e-03 -8.6708e-03 -8.3375e-03 -8.0042e-03 -7.6708e-03 -7.3375e-03 -7.0042e-03 -6.6709e-03 -6.3375e-03 -6.0042e-03 -5.6709e-03 -5.3376e-03 -5.0043e-03 -4.6709e-03 -4.3376e-03 -4.0043e-03 -3.6710e-03 -3.3376e-03 -3.0043e-03 -2.6710e-03 -2.3376e-03 -2.0043e-03 -1.6710e-03 -1.3376e-03 -1.0043e-03 -6.7099e-04 -3.3766e-04 -4.3227e-06 +3.2901e-04 +6.6234e-04 +9.9568e-04 +1.3290e-03 +1.6623e-03 +1.9957e-03 +2.3290e-03 +2.6624e-03 +2.9957e-03 +3.3290e-03 +3.6624e-03 +3.9957e-03 +4.3291e-03 +4.6624e-03 +4.9957e-03 +5.3291e-03 +5.6624e-03 +5.9958e-03 +6.3291e-03 +6.6625e-03 +6.9958e-03 +7.3291e-03 +7.6625e-03 +7.9958e-03 +8.3292e-03 +8.6625e-03 +8.9959e-03 +9.3292e-03 +9.6626e-03 +9.9959e-03 
-0000.00150 -1.0004e-02 -9.6707e-03 -9.3374e-03 -9.0041e-03 -8.6708e-03 -8.3375e-03 -8.0042e-03 -7.6708e-03 -7.3375e-03 -7.0042e-03 -6.6709e-03 -6.3375e-03 -6.0042e-03 -5.6709e-03 -5.3376e-03 -5.0043e-03 -4.6709e-03 -4.3376e-03 -4.0043e-03 -3.6710e-03 -3.3376e-03 -3.0043e-03 -2.6710e-03 -2.3376e-03 -2.0043e-03 -1.6710e-03 -1.3376e-03 -1.0043e-03 -6.7099e-04 -3.3766e-04 -4.3228e-06 +3.2901e-04 +6.6234e-04 +9.9568e-04 +1.3290e-03 +1.6623e-03 +1.9957e-03 +2.3290e-03 +2.6624e-03 +2.9957e-03 +3.3290e-03 +3.6624e-03 +3.9957e-03 +4.3291e-03 +4.6624e-03 +4.9957e-03 +5.3291e-03 +5.6624e-03 +5.9958e-03 +6.3291e-03 +6.6625e-03 +6.9958e-03 +7.3291e-03 +7.6625e-03 +7.9958e-03 +8.3292e-03 +8.6625e-03 +8.9959e-03 +9.3292e-03 +9.6626e-03 +9.9959e-03 
-0000.00200 -1.0004e-02 -9.6707e-03 -9.3374e-03 -9.0041e-03 -8.6708e-03 -8.3375e-03 -8.0042e-03 -7.6708e-03 -7.3375e-03 -7.0042e-03 -6.6709e-03 -6.3375e-03 -6.0042e-03 -5.6709e-03 -5.3376e-03 -5.0043e-03 -4.6709e-03 -4.3376e-03 -4.0043e-03 -3.6710e-03 -3.3376e-03 -3.0043e-03 -2.6710e-03 -2.3376e-03 -2.0043e-03 -1.6710e-03 -1.3377e-03 -1.0043e-03 -6.7099e-04 -3.3766e-04 -4.3229e-06 +3.2901e-04 +6.6234e-04 +9.9568e-04 +1.3290e-03 +1.6623e-03 +1.9957e-03 +2.3290e-03 +2.6624e-03 +2.9957e-03 +3.3290e-03 +3.6624e-03 +3.9957e-03 +4.3291e-03 +4.6624e-03 +4.9957e-03 +5.3291e-03 +5.6624e-03 +5.9958e-03 +6.3291e-03 +6.6625e-03 +6.9958e-03 +7.3291e-03 +7.6625e-03 +7.9958e-03 +8.3292e-03 +8.6625e-03 +8.9959e-03 +9.3292e-03 +9.6626e-03 +9.9959e-03 
# Vertical Final Position [m]
START
            -0000.01000 -0000.00967 -0000.00933 -0000.00900 -0000.00867 -0000.00833 -0000.00800 -0000.00767 -0000.00733 -0000.00700 -0000.00667 -0000.00633 -0000.00600 -0000.00567 -0000.00533 -0000.00500 -0000.00467 -0000.00433 -0000.00400 -0000.00367 -0000.00333 -0000.00300 -0000.00267 -0000.00233 -0000.00200 -0000.00167 -0000.00133 -0000.00100 -0000.00067 -0000.00033 +0000.00000 +0000.00033 +0000.00067 +0000.00100 +0000.00133 +0000.00167 +0000.00200 +0000.00233 +0000.00267 +0000.00300 +0000.00333 +0000.00367 +0000.00400 +0000.00433 +0000.00467 +0000.00500 +0000.00533 +0000.00567 +0000.00600 +0000.00633 +0000.00667 +0000.00700 +0000.00733 +0000.00767 +0000.00800 +0000.00833 +0000.00867 +0000.00900 +0000.00933 +0000.00967 +0000.01000 
+0000.00200 +2.0001e-03 +2.0001e-03 +2.0001e-03 +2.0001e-03 +2.0001e-03 +2.0001e-03 +2.0001e-03 +2.0001e-03 +2.0001e-03 +2.0001e-03 +2.0001e-03 +2.0001e-03 +2.0001e-03 +2.0001e-03 +2.0001e-03 +2.0000e-03 +2.0000e-03 +2.0000e-03 +2.0000e-03 +2.0000e-03 +2.0000e-03 +2.0000e-03 +2.0000e-03 +2.0000e-03 +2.0000e-03 +2.0000e-03 +2.0000e-03 +2.0000e-03 +2.0000e-03 +2.0000e-03 +2.0000e-03 +2.0000e-03 +2.0000e-03 +2.0000e-03 +2.0000e-03 +2.0000e-03 +2.0000e-03 +2.0000e-03 +2.0000e-03 +2.0000e-03 +2.0000e-03 +2.0000e-03 +2.0000e-03 +2.0000e-03 +2.0000e-03 +2.0000e-03 +2.0000e-03 +1.9999e-03 +1.9999e-03 +1.9999e-03 +1.9999e-03 +1.9999e-03 +1.9999e-03 +1.9999e-03 +1.9999e-03 +1.9999e-03 +1.9999e-03 +1.9999e-03 +1.9999e-03 +1.9999e-03 +1.9999e-03 
+0000.00150 +1.5001e-03 +1.5001e-03 +1.5001e-03 +1.5001e-03 +1.5001e-03 +1.5001e-03 +1.5001e-03 +1.5000e-03 +1.5000e-03 +1.5000e-03 +1.5000e-03 +1.5000e-03 +1.5000e-03 +1.5000e-03 +1.5000e-03 +1.5000e-03 +1.5000e-03 +1.5000e-03 +1.5000e-03 +1.5000e-03 +1.5000e-03 +1.5000e-03 +1.5000e-03 +1.5000e-03 +1.5000e-03 +1.5000e-03 +1.5000e-03 +1.5000e-03 +1.5000e-03 +1.5000e-03 +1.5000e-03 +1.5000e-03 +1.5000e-03 +1.5000e-03 +1.5000e-03 +1.5000e-03 +1.5000e-03 +1.5000e-03 +1.5000e-03 +1.5000e-03 +1.5000e-03 +1.5000e-03 +1.5000e-03 +1.5000e-03 +1.5000e-03 +1.5000e-03 +1.5000e-03 +1.5000e-03 +1.5000e-03 +1.5000e-03 +1.5000e-03 +1.5000e-03 +1.5000e-03 +1.5000e-03 +1.5000e-03 +1.4999e-03 +1.4999e-03 +1.4999e-03 +1.4999e-03 +1.4999e-03 +1.4999e-03 
+0000.00100 +1.0000e-03 +1.0000e-03 +1.0000e-03 +1.0000e-03 +1.0000e-03 +1.0000e-03 +1.0000e-03 +1.0000e-03 +1.0000e-03 +1.0000e-03 +1.0000e-03 +1.0000e-03 +1.0000e-03 +1.0000e-03 +1.0000e-03 +1.0000e-03 +1.0000e-03 +1.0000e-03 +1.0000e-03 +1.0000e-03 +1.0000e-03 +1.0000e-03 +1.0000e-03 +1.0000e-03 +1.0000e-03 +1.0000e-03 +1.0000e-03 +1.0000e-03 +1.0000e-03 +1.0000e-03 +1.0000e-03 +1.0000e-03 +9.9999e-04 +9.9999e-04 +9.9999e-04 +9.9999e-04 +9.9999e-04 +9.9999e-04 +9.9999e-04 +9.9999e-04 +9.9999e-04 +9.9998e-04 +9.9998e-04 +9.9998e-04 +9.9998e-04 +9.9998e-04 +9.9998e-04 +9.9998e-04 +9.9997e-04 +9.9997e-04 +9.9997e-04 +9.9997e-04 +9.9997e-04 +9.9997e-04 +9.9997e-04 +9.9996e-04 +9.9996e-04 +9.9996e-04 +9.9996e-04 +9.9996e-04 +9.9996e-04 
+0000.00050 +5.0002e-04 +5.0002e-04 +5.0002e-04 +5.0002e-04 +5.0002e-04 +5.0002e-04 +5.0002e-04 +5.0002e-04 +5.0002e-04 +5.0002e-04 +5.0002e-04 +5.0001e-04 +5.0001e-04 +5.0001e-04 +5.0001e-04 +5.0001e-04 +5.0001e-04 +5.0001e-04 +5.0001e-04 +5.0001e-04 +5.0001e-04 +5.0001e-04 +5.0001e-04 +5.0001e-04 +5.0000e-04 +5.0000e-04 +5.0000e-04 +5.0000e-04 +5.0000e-04 +5.0000e-04 +5.0000e-04 +5.0000e-04 +5.0000e-04 +5.0000e-04 +5.0000e-04 +5.0000e-04 +4.9999e-04 +4.9999e-04 +4.9999e-04 +4.9999e-04 +4.9999e-04 +4.9999e-04 +4.9999e-04 +4.9999e-04 +4.9999e-04 +4.9999e-04 +4.9999e-04 +4.9999e-04 +4.9999e-04 +4.9999e-04 +4.9998e-04 +4.9998e-04 +4.9998e-04 +4.9998e-04 +4.9998e-04 +4.9998e-04 +4.9998e-04 +4.9998e-04 +4.9998e-04 +4.9998e-04 +4.9998e-04 
+0000.00000 +6.4222e-12 +6.4061e-12 +6.3361e-12 +6.2179e-12 +6.0570e-12 +5.8587e-12 +5.6278e-12 +5.3694e-12 +5.0880e-12 +4.7881e-12 +4.4740e-12 +4.1496e-12 +3.8188e-12 +3.4854e-12 +3.1527e-12 +2.8240e-12 +2.5024e-12 +2.1907e-12 +1.8916e-12 +1.6075e-12 +1.3408e-12 +1.0934e-12 +8.6728e-13 +6.6407e-13 +4.8525e-13 +3.3210e-13 +2.0568e-13 +1.0687e-13 +3.6345e-14 -5.4115e-15 -1.8121e-14 -1.7010e-15 +4.3731e-14 +1.1786e-13 +2.2017e-13 +3.4996e-13 +5.0631e-13 +6.8811e-13 +8.9405e-13 +1.1226e-12 +1.3722e-12 +1.6407e-12 +1.9262e-12 +2.2263e-12 +2.5386e-12 +2.8603e-12 +3.1885e-12 +3.5202e-12 +3.8521e-12 +4.1806e-12 +4.5021e-12 +4.8128e-12 +5.1084e-12 +5.3847e-12 +5.6373e-12 +5.8615e-12 +6.0523e-12 +6.2048e-12 +6.3135e-12 +6.3732e-12 +6.3780e-12 
-0000.00050 -5.0002e-04 -5.0002e-04 -5.0002e-04 -5.0002e-04 -5.0002e-04 -5.0002e-04 -5.0002e-04 -5.0002e-04 -5.0002e-04 -5.0002e-04 -5.0002e-04 -5.0001e-04 -5.0001e-04 -5.0001e-04 -5.0001e-04 -5.0001e-04 -5.0001e-04 -5.0001e-04 -5.0001e-04 -5.0001e-04 -5.0001e-04 -5.0001e-04 -5.0001e-04 -5.0001e-04 -5.0000e-04 -5.0000e-04 -5.0000e-04 -5.0000e-04 -5.0000e-04 -5.0000e-04 -5.0000e-04 -5.0000e-04 -5.0000e-04 -5.0000e-04 -5.0000e-04 -5.0000e-04 -4.9999e-04 -4.9999e-04 -4.9999e-04 -4.9999e-04 -4.9999e-04 -4.9999e-04 -4.9999e-04 -4.9999e-04 -4.9999e-04 -4.9999e-04 -4.9999e-04 -4.9999e-04 -4.9999e-04 -4.9999e-04 -4.9998e-04 -4.9998e-04 -4.9998e-04 -4.9998e-04 -4.9998e-04 -4.9998e-04 -4.9998e-04 -4.9998e-04 -4.9998e-04 -4.9998e-04 -4.9998e-04 
-0000.00100 -1.0000e-03 -1.0000e-03 -1.0000e-03 -1.0000e-03 -1.0000e-03 -1.0000e-03 -1.0000e-03 -1.0000e-03 -1.0000e-03 -1.0000e-03 -1.0000e-03 -1.0000e-03 -1.0000e-03 -1.0000e-03 -1.0000e-03 -1.0000e-03 -1.0000e-03 -1.0000e-03 -1.0000e-03 -1.0000e-03 -1.0000e-03 -1.0000e-03 -1.0000e-03 -1.0000e-03 -1.0000e-03 -1.0000e-03 -1.0000e-03 -1.0000e-03 -1.0000e-03 -1.0000e-03 -1.0000e-03 -1.0000e-03 -9.9999e-04 -9.9999e-04 -9.9999e-04 -9.9999e-04 -9.9999e-04 -9.9999e-04 -9.9999e-04 -9.9999e-04 -9.9999e-04 -9.9998e-04 -9.9998e-04 -9.9998e-04 -9.9998e-04 -9.9998e-04 -9.9998e-04 -9.9998e-04 -9.9997e-04 -9.9997e-04 -9.9997e-04 -9.9997e-04 -9.9997e-04 -9.9997e-04 -9.9997e-04 -9.9996e-04 -9.9996e-04 -9.9996e-04 -9.9996e-04 -9.9996e-04 -9.9996e-04 
-0000.00150 -1.5001e-03 -1.5001e-03 -1.5001e-03 -1.5001e-03 -1.5001e-03 -1.5001e-03 -1.5001e-03 -1.5000e-03 -1.5000e-03 -1.5000e-03 -1.5000e-03 -1.5000e-03 -1.5000e-03 -1.5000e-03 -1.5000e-03 -1.5000e-03 -1.5000e-03 -1.5000e-03 -1.5000e-03 -1.5000e-03 -1.5000e-03 -1.5000e-03 -1.5000e-03 -1.5000e-03 -1.5000e-03 -1.5000e-03 -1.5000e-03 -1.5000e-03 -1.5000e-03 -1.5000e-03 -1.5000e-03 -1.5000e-03 -1.5000e-03 -1.5000e-03 -1.5000e-03 -1.5000e-03 -1.5000e-03 -1.5000e-03 -1.5000e-03 -1.5000e-03 -1.5000e-03 -1.5000e-03 -1.5000e-03 -1.5000e-03 -1.5000e-03 -1.5000e-03 -1.5000e-03 -1.5000e-03 -1.5000e-03 -1.5000e-03 -1.5000e-03 -1.5000e-03 -1.5000e-03 -1.5000e-03 -1.5000e-03 -1.4999e-03 -1.4999e-03 -1.4999e-03 -1.4999e-03 -1.4999e-03 -1.4999e-03 
-0000.00200 -2.0001e-03 -2.0001e-03 -2.0001e-03 -2.0001e-03 -2.0001e-03 -2.0001e-03 -2.0001e-03 -2.0001e-03 -2.0001e-03 -2.0001e-03 -2.0001e-03 -2.0001e-03 -2.0001e-03 -2.0001e-03 -2.0001e-03 -2.0000e-03 -2.0000e-03 -2.0000e-03 -2.0000e-03 -2.0000e-03 -2.0000e-03 -2.0000e-03 -2.0000e-03 -2.0000e-03 -2.0000e-03 -2.0000e-03 -2.0000e-03 -2.0000e-03 -2.0000e-03 -2.0000e-03 -2.0000e-03 -2.0000e-03 -2.0000e-03 -2.0000e-03 -2.0000e-03 -2.0000e-03 -2.0000e-03 -2.0000e-03 -2.0000e-03 -2.0000e-03 -2.0000e-03 -2.0000e-03 -2.0000e-03 -2.0000e-03 -2.0000e-03 -2.0000e-03 -2.0000e-03 -1.9999e-03 -1.9999e-03 -1.9999e-03 -1.9999e-03 -1.9999e-03 -1.9999e-03 -1.9999e-03 -1.9999e-03 -1.9999e-03 -1.9999e-03 -1.9999e-03 -1.9999e-03 -1.9999e-03 -1.9999e-03 