# Author: FAC idanalysis.IDKickMap
#
# Total Length of Longitudinal Interval [m]
0.13
# Number of Horizontal Points
24
# Number of Vertical Points
9
# Total Horizontal 2nd Order Kick [T2m2]
START
            -0000.01200 -0000.01100 -0000.01000 -0000.00900 -0000.00800 -0000.00700 -0000.00600 -0000.00500 -0000.00400 -0000.00300 -0000.00200 -0000.00100 +0000.00000 +0000.00100 +0000.00200 +0000.00300 +0000.00400 +0000.00500 +0000.00600 +0000.00700 +0000.00800 +0000.00900 +0000.01000 +0000.01100
+0000.00200 -7.8148e-04 -7.4339e-04 -7.4166e-04 -7.4698e-04 -7.3163e-04 -6.8117e-04 -7.1870e-04 -7.1651e-04 -6.9269e-04 -6.9359e-04 -7.0662e-04 -7.0017e-04 -6.5253e-04 -7.0041e-04 -7.0606e-04 -6.9133e-04 -6.9336e-04 -7.1510e-04 -7.1635e-04 -6.7388e-04 -7.2983e-04 -7.4403e-04 -7.3655e-04 -7.4233e-04
+0000.00150 -4.1806e-04 -3.9312e-04 -3.8591e-04 -3.8600e-04 -3.7272e-04 -3.5394e-04 -3.5970e-04 -3.5664e-04 -3.4156e-04 -3.3988e-04 -3.4703e-04 -3.4208e-04 -3.3050e-04 -3.4238e-04 -3.4682e-04 -3.3912e-04 -3.4195e-04 -3.5643e-04 -3.5892e-04 -3.5341e-04 -3.7269e-04 -3.8525e-04 -3.8436e-04 -3.9320e-04
+0000.00100 -4.1307e-04 -3.9642e-04 -3.8705e-04 -3.8220e-04 -3.7123e-04 -3.5964e-04 -3.5760e-04 -3.5342e-04 -3.4428e-04 -3.4149e-04 -3.4362e-04 -3.4038e-04 -3.3593e-04 -3.4050e-04 -3.4346e-04 -3.4114e-04 -3.4423e-04 -3.5318e-04 -3.5704e-04 -3.5921e-04 -3.7094e-04 -3.8152e-04 -3.8606e-04 -3.9583e-04
+0000.00050 -4.1106e-04 -3.9800e-04 -3.8816e-04 -3.8100e-04 -3.7126e-04 -3.6194e-04 -3.5734e-04 -3.5252e-04 -3.4587e-04 -3.4275e-04 -3.4261e-04 -3.4029e-04 -3.3810e-04 -3.4032e-04 -3.4247e-04 -3.4252e-04 -3.4571e-04 -3.5226e-04 -3.5689e-04 -3.6152e-04 -3.7087e-04 -3.8036e-04 -3.8734e-04 -3.9723e-04
+0000.00000 -4.1047e-04 -3.9840e-04 -3.8849e-04 -3.8070e-04 -3.7132e-04 -3.6254e-04 -3.5732e-04 -3.5231e-04 -3.4631e-04 -3.4313e-04 -3.4236e-04 -3.4032e-04 -3.3866e-04 -3.4032e-04 -3.4223e-04 -3.4292e-04 -3.4614e-04 -3.5204e-04 -3.5690e-04 -3.6212e-04 -3.7089e-04 -3.8007e-04 -3.8771e-04 -3.9760e-04
-0000.00050 -4.1106e-04 -3.9800e-04 -3.8816e-04 -3.8100e-04 -3.7126e-04 -3.6194e-04 -3.5733e-04 -3.5252e-04 -3.4587e-04 -3.4275e-04 -3.4260e-04 -3.4029e-04 -3.3810e-04 -3.4033e-04 -3.4247e-04 -3.4252e-04 -3.4571e-04 -3.5226e-04 -3.5690e-04 -3.6152e-04 -3.7087e-04 -3.8037e-04 -3.8734e-04 -3.9723e-04
-0000.00100 -4.1308e-04 -3.9643e-04 -3.8705e-04 -3.8219e-04 -3.7122e-04 -3.5965e-04 -3.5759e-04 -3.5341e-04 -3.4428e-04 -3.4149e-04 -3.4362e-04 -3.4037e-04 -3.3593e-04 -3.4050e-04 -3.4346e-04 -3.4114e-04 -3.4423e-04 -3.5319e-04 -3.5705e-04 -3.5920e-04 -3.7095e-04 -3.8153e-04 -3.8606e-04 -3.9581e-04
-0000.00150 -4.1808e-04 -3.9314e-04 -3.8590e-04 -3.8597e-04 -3.7271e-04 -3.5396e-04 -3.5968e-04 -3.5662e-04 -3.4156e-04 -3.3988e-04 -3.4702e-04 -3.4207e-04 -3.3050e-04 -3.4239e-04 -3.4683e-04 -3.3912e-04 -3.4195e-04 -3.5646e-04 -3.5894e-04 -3.5339e-04 -3.7270e-04 -3.8527e-04 -3.8437e-04 -3.9317e-04
-0000.00200 -7.8151e-04 -7.4345e-04 -7.4163e-04 -7.4694e-04 -7.3161e-04 -6.8127e-04 -7.1866e-04 -7.1647e-04 -6.9269e-04 -6.9359e-04 -7.0660e-04 -7.0015e-04 -6.5253e-04 -7.0043e-04 -7.0607e-04 -6.9133e-04 -6.9336e-04 -7.1514e-04 -7.1639e-04 -6.7379e-04 -7.2984e-04 -7.4407e-04 -7.3657e-04 -7.4228e-04
# Total Vertical 2nd Order Kick [T2m2]
START
            -0000.01200 -0000.01100 -0000.01000 -0000.00900 -0000.00800 -0000.00700 -0000.00600 -0000.00500 -0000.00400 -0000.00300 -0000.00200 -0000.00100 +0000.00000 +0000.00100 +0000.00200 +0000.00300 +0000.00400 +0000.00500 +0000.00600 +0000.00700 +0000.00800 +0000.00900 +0000.01000 +0000.01100
+0000.00200 -2.5216e-04 -2.6947e-04 -2.2136e-04 -2.3720e-04 -2.5375e-04 -2.2066e-04 -2.2287e-04 -2.3792e-04 -2.5115e-04 -2.0839e-04 -2.2226e-04 -2.3738e-04 -2.1741e-04 -2.0847e-04 -2.2347e-04 -2.3729e-04 -1.9453e-04 -2.0784e-04 -2.2292e-04 -2.1645e-04 -1.9219e-04 -2.0858e-04 -2.2434e-04 -1.7608e-04
+0000.00150 -1.6477e-04 -1.6819e-04 -1.5145e-04 -1.5649e-04 -1.6422e-04 -1.5392e-04 -1.4796e-04 -1.5538e-04 -1.5743e-04 -1.4178e-04 -1.4548e-04 -1.5270e-04 -1.4452e-04 -1.3747e-04 -1.4479e-04 -1.4795e-04 -1.3223e-04 -1.3489e-04 -1.4215e-04 -1.3488e-04 -1.2589e-04 -1.3377e-04 -1.3811e-04 -1.2104e-04
+0000.00100 -9.9601e-05 -1.0067e-04 -9.4459e-05 -9.5748e-05 -9.8753e-05 -9.4352e-05 -9.1120e-05 -9.4069e-05 -9.3925e-05 -8.7843e-05 -8.8509e-05 -9.1345e-05 -8.7628e-05 -8.4214e-05 -8.7134e-05 -8.7538e-05 -8.1439e-05 -8.1561e-05 -8.4393e-05 -8.0792e-05 -7.6741e-05 -7.9856e-05 -8.0780e-05 -7.4498e-05
+0000.00050 -4.6970e-05 -4.7425e-05 -4.5280e-05 -4.5541e-05 -4.6503e-05 -4.4835e-05 -4.3495e-05 -4.4431e-05 -4.4148e-05 -4.1936e-05 -4.1955e-05 -4.2860e-05 -4.1417e-05 -4.0059e-05 -4.0998e-05 -4.0924e-05 -3.8705e-05 -3.8509e-05 -3.9390e-05 -3.7938e-05 -3.6371e-05 -3.7372e-05 -3.7498e-05 -3.5341e-05
+0000.00000 -9.1275e-08 -8.5393e-08 -8.2962e-08 -8.6142e-08 -8.9661e-08 -8.9688e-08 -9.0855e-08 -9.5556e-08 -9.8647e-08 -9.8329e-08 -9.8850e-08 -1.0086e-07 -1.0186e-07 -1.0058e-07 -9.8344e-08 -9.7568e-08 -9.7692e-08 -9.4594e-08 -8.9999e-08 -8.9054e-08 -8.9497e-08 -8.6611e-08 -8.4105e-08 -8.7313e-08
-0000.00050 +4.6788e-05 +4.7255e-05 +4.5115e-05 +4.5369e-05 +4.6323e-05 +4.4656e-05 +4.3315e-05 +4.4239e-05 +4.3950e-05 +4.1740e-05 +4.1758e-05 +4.2658e-05 +4.1212e-05 +3.9858e-05 +4.0801e-05 +4.0729e-05 +3.8509e-05 +3.8320e-05 +3.9211e-05 +3.7761e-05 +3.6190e-05 +3.7199e-05 +3.7331e-05 +3.5167e-05
-0000.00100 +9.9417e-05 +1.0050e-04 +9.4301e-05 +9.5576e-05 +9.8568e-05 +9.4174e-05 +9.0943e-05 +9.3876e-05 +9.3722e-05 +8.7649e-05 +8.8313e-05 +9.1142e-05 +8.7422e-05 +8.4011e-05 +8.6939e-05 +8.7345e-05 +8.1238e-05 +8.1370e-05 +8.4218e-05 +8.0616e-05 +7.6556e-05 +7.9682e-05 +8.0620e-05 +7.4327e-05
-0000.00150 +1.6458e-04 +1.6803e-04 +1.5130e-04 +1.5632e-04 +1.6403e-04 +1.5375e-04 +1.4780e-04 +1.5518e-04 +1.5722e-04 +1.4159e-04 +1.4529e-04 +1.5250e-04 +1.4431e-04 +1.3726e-04 +1.4460e-04 +1.4776e-04 +1.3202e-04 +1.3470e-04 +1.4198e-04 +1.3471e-04 +1.2569e-04 +1.3360e-04 +1.3797e-04 +1.2088e-04
-0000.00200 +2.5197e-04 +2.6929e-04 +2.2124e-04 +2.3703e-04 +2.5353e-04 +2.2052e-04 +2.2272e-04 +2.3771e-04 +2.5091e-04 +2.0822e-04 +2.2207e-04 +2.3717e-04 +2.1718e-04 +2.0827e-04 +2.2328e-04 +2.3713e-04 +1.9429e-04 +2.0764e-04 +2.2277e-04 +2.1632e-04 +1.9197e-04 +2.0841e-04 +2.2422e-04 +1.7590e-04
# Horizontal Final Position [m]
START
            -0000.01200 -0000.01100 -0000.01000 -0000.00900 -0000.00800 -0000.00700 -0000.00600 -0000.00500 -0000.00400 -0000.00300 -0000.00200 -0000.00100 +0000.00000 +0000.00100 +0000.00200 +0000.00300 +0000.00400 +0000.00500 +0000.00600 +0000.00700 +0000.00800 +0000.00900 +0000.01000 +0000.01100
+0000.00200 -1.1999e-02 -1.1000e-02 -9.9996e-03 -8.9997e-03 -7.9998e-03 -6.9999e-03 -5.9999e-03 -5.0000e-03 -4.0000e-03 -3.0001e-03 -2.0001e-03 -1.0001e-03 -8.6519e-08 +9.9991e-04 +1.9999e-03 +2.9999e-03 +4.0000e-03 +5.0000e-03 +6.0001e-03 +7.0001e-03 +8.0002e-03 +9.0003e-03 +1.0000e-02 +1.1000e-02
+0000.00150 -1.1999e-02 -1.0999e-02 -9.9995e-03 -8.9996e-03 -7.9997e-03 -6.9998e-03 -5.9998e-03 -4.9999e-03 -3.9999e-03 -3.0000e-03 -2.0000e-03 -9.9999e-04 +1.2904e-08 +1.0000e-03 +2.0000e-03 +3.0000e-03 +4.0001e-03 +5.0001e-03 +6.0002e-03 +7.0002e-03 +8.0003e-03 +9.0004e-03 +1.0000e-02 +1.1001e-02
+0000.00100 -1.1999e-02 -1.0999e-02 -9.9995e-03 -8.9996e-03 -7.9997e-03 -6.9998e-03 -5.9998e-03 -4.9999e-03 -3.9999e-03 -3.0000e-03 -2.0000e-03 -9.9998e-04 +1.3059e-08 +1.0000e-03 +2.0000e-03 +3.0000e-03 +4.0001e-03 +5.0001e-03 +6.0002e-03 +7.0002e-03 +8.0003e-03 +9.0004e-03 +1.0001e-02 +1.1001e-02
+0000.00050 -1.1999e-02 -1.0999e-02 -9.9995e-03 -8.9996e-03 -7.9997e-03 -6.9998e-03 -5.9998e-03 -4.9999e-03 -3.9999e-03 -3.0000e-03 -2.0000e-03 -9.9998e-04 +1.3256e-08 +1.0000e-03 +2.0000e-03 +3.0000e-03 +4.0001e-03 +5.0001e-03 +6.0002e-03 +7.0002e-03 +8.0003e-03 +9.0004e-03 +1.0001e-02 +1.1001e-02
+0000.00000 -1.1999e-02 -1.0999e-02 -9.9995e-03 -8.9996e-03 -7.9997e-03 -6.9998e-03 -5.9998e-03 -4.9999e-03 -3.9999e-03 -3.0000e-03 -2.0000e-03 -9.9998e-04 +1.3365e-08 +1.0000e-03 +2.0000e-03 +3.0000e-03 +4.0001e-03 +5.0001e-03 +6.0002e-03 +7.0002e-03 +8.0003e-03 +9.0004e-03 +1.0001e-02 +1.1001e-02
-0000.00050 -1.1999e-02 -1.0999e-02 -9.9995e-03 -8.9996e-03 -7.9997e-03 -6.9998e-03 -5.9998e-03 -4.9999e-03 -3.9999e-03 -3.0000e-03 -2.0000e-03 -9.9998e-04 +1.3256e-08 +1.0000e-03 +2.0000e-03 +3.0000e-03 +4.0001e-03 +5.0001e-03 +6.0002e-03 +7.0002e-03 +8.0003e-03 +9.0004e-03 +1.0001e-02 +1.1001e-02
-0000.00100 -1.1999e-02 -1.0999e-02 -9.9995e-03 -8.9996e-03 -7.9997e-03 -6.9998e-03 -5.9998e-03 -4.9999e-03 -3.9999e-03 -3.0000e-03 -2.0000e-03 -9.9998e-04 +1.3058e-08 +1.0000e-03 +2.0000e-03 +3.0000e-03 +4.0001e-03 +5.0001e-03 +6.0002e-03 +7.0002e-03 +8.0003e-03 +9.0004e-03 +1.0001e-02 +1.1001e-02
-0000.00150 -1.1999e-02 -1.0999e-02 -9.9995e-03 -8.9996e-03 -7.9997e-03 -6.9998e-03 -5.9998e-03 -4.9999e-03 -3.9999e-03 -3.0000e-03 -2.0000e-03 -9.9999e-04 +1.2903e-08 +1.0000e-03 +2.0000e-03 +3.0000e-03 +4.0001e-03 +5.0001e-03 +6.0002e-03 +7.0002e-03 +8.0003e-03 +9.0004e-03 +1.0000e-02 +1.1001e-02
-0000.00200 -1.1999e-02 -1.1000e-02 -9.9996e-03 -8.9997e-03 -7.9998e-03 -6.9999e-03 -5.9999e-03 -5.0000e-03 -4.0000e-03 -3.0001e-03 -2.0001e-03 -1.0001e-03 -8.6521e-08 +9.9991e-04 +1.9999e-03 +2.9999e-03 +4.0000e-03 +5.0000e-03 +6.0001e-03 +7.0001e-03 +8.0002e-03 +9.0003e-03 +1.0000e-02 +1.1000e-02
# Vertical Final Position [m]
START
            -0000.01200 -0000.01100 -0000.01000 -0000.00900 -0000.00800 -0000.00700 -0000.00600 -0000.00500 -0000.00400 -0000.00300 -0000.00200 -0000.00100 +0000.00000 +0000.00100 +0000.00200 +0000.00300 +0000.00400 +0000.00500 +0000.00600 +0000.00700 +0000.00800 +0000.00900 +0000.01000 +0000.01100
+0000.00200 +2.0001e-03 +2.0001e-03 +2.0000e-03 +2.0000e-03 +1.9999e-03 +1.9999e-03 +1.9999e-03 +1.9999e-03 +1.9999e-03 +1.9998e-03 +1.9998e-03 +1.9998e-03 +1.9998e-03 +1.9998e-03 +1.9997e-03 +1.9997e-03 +1.9997e-03 +1.9997e-03 +1.9997e-03 +1.9996e-03 +1.9996e-03 +1.9996e-03 +1.9996e-03 +1.9995e-03
+0000.00150 +1.5001e-03 +1.5001e-03 +1.5000e-03 +1.5000e-03 +1.5000e-03 +1.5000e-03 +1.4999e-03 +1.4999e-03 +1.4999e-03 +1.4999e-03 +1.4999e-03 +1.4999e-03 +1.4999e-03 +1.4998e-03 +1.4998e-03 +1.4998e-03 +1.4998e-03 +1.4998e-03 +1.4998e-03 +1.4998e-03 +1.4997e-03 +1.4997e-03 +1.4997e-03 +1.4996e-03
+0000.00100 +1.0001e-03 +1.0001e-03 +1.0000e-03 +1.0000e-03 +9.9999e-04 +9.9998e-04 +9.9997e-04 +9.9996e-04 +9.9995e-04 +9.9994e-04 +9.9993e-04 +9.9992e-04 +9.9991e-04 +9.9991e-04 +9.9990e-04 +9.9989e-04 +9.9987e-04 +9.9986e-04 +9.9985e-04 +9.9984e-04 +9.9983e-04 +9.9982e-04 +9.9980e-04 +9.9977e-04
+0000.00050 +5.0004e-04 +5.0003e-04 +5.0002e-04 +5.0001e-04 +5.0000e-04 +4.9999e-04 +4.9999e-04 +4.9998e-04 +4.9998e-04 +4.9997e-04 +4.9997e-04 +4.9996e-04 +4.9996e-04 +4.9996e-04 +4.9995e-04 +4.9995e-04 +4.9994e-04 +4.9993e-04 +4.9993e-04 +4.9992e-04 +4.9992e-04 +4.9991e-04 +4.9990e-04 +4.9989e-04
+0000.00000 -1.0863e-10 -1.0413e-10 -1.0281e-10 -1.0746e-10 -1.1237e-10 -1.1311e-10 -1.1516e-10 -1.2142e-10 -1.2570e-10 -1.2570e-10 -1.2656e-10 -1.2917e-10 -1.3044e-10 -1.2872e-10 -1.2574e-10 -1.2452e-10 -1.2424e-10 -1.1996e-10 -1.1385e-10 -1.1206e-10 -1.1181e-10 -1.0758e-10 -1.0367e-10 -1.0585e-10
-0000.00050 -5.0004e-04 -5.0003e-04 -5.0002e-04 -5.0001e-04 -5.0000e-04 -4.9999e-04 -4.9999e-04 -4.9998e-04 -4.9998e-04 -4.9997e-04 -4.9997e-04 -4.9996e-04 -4.9996e-04 -4.9996e-04 -4.9995e-04 -4.9995e-04 -4.9994e-04 -4.9993e-04 -4.9993e-04 -4.9992e-04 -4.9992e-04 -4.9991e-04 -4.9990e-04 -4.9989e-04
-0000.00100 -1.0001e-03 -1.0001e-03 -1.0000e-03 -1.0000e-03 -9.9999e-04 -9.9998e-04 -9.9997e-04 -9.9996e-04 -9.9995e-04 -9.9994e-04 -9.9993e-04 -9.9992e-04 -9.9991e-04 -9.9991e-04 -9.9990e-04 -9.9989e-04 -9.9987e-04 -9.9986e-04 -9.9985e-04 -9.9984e-04 -9.9983e-04 -9.9982e-04 -9.9980e-04 -9.9977e-04
-0000.00150 -1.5001e-03 -1.5001e-03 -1.5000e-03 -1.5000e-03 -1.5000e-03 -1.5000e-03 -1.4999e-03 -1.4999e-03 -1.4999e-03 -1.4999e-03 -1.4999e-03 -1.4999e-03 -1.4999e-03 -1.4998e-03 -1.4998e-03 -1.4998e-03 -1.4998e-03 -1.4998e-03 -1.4998e-03 -1.4998e-03 -1.4997e-03 -1.4997e-03 -1.4997e-03 -1.4996e-03
-0000.00200 -2.0001e-03 -2.0001e-03 -2.0000e-03 -2.0000e-03 -1.9999e-03 -1.9999e-03 -1.9999e-03 -1.9999e-03 -1.9999e-03 -1.9998e-03 -1.9998e-03 -1.9998e-03 -1.9998e-03 -1.9998e-03 -1.9997e-03 -1.9997e-03 -1.9997e-03 -1.9997e-03 -1.9997e-03 -1.9996e-03 -1.9996e-03 -1.9996e-03 -1.9996e-03 -1.9995e-03
