# Author: FAC idanalysis.IDKickMap
#
# Total Length of Longitudinal Interval [m]
0.13
# Number of Horizontal Points
25
# Number of Vertical Points
9
# Total Horizontal 2nd Order Kick [T2m2]
START
            -0000.01200 -0000.01100 -0000.01000 -0000.00900 -0000.00800 -0000.00700 -0000.00600 -0000.00500 -0000.00400 -0000.00300 -0000.00200 -0000.00100 +0000.00000 +0000.00100 +0000.00200 +0000.00300 +0000.00400 +0000.00500 +0000.00600 +0000.00700 +0000.00800 +0000.00900 +0000.01000 +0000.01100 +0000.01200
+0000.00200 -2.4523e-04 -2.4311e-04 -2.4698e-04 -2.4128e-04 -2.2295e-04 -2.2900e-04 -2.3294e-04 -2.2797e-04 -2.0894e-04 -2.2121e-04 -2.2577e-04 -2.2153e-04 -2.0388e-04 -2.2096e-04 -2.2570e-04 -2.2158e-04 -2.0809e-04 -2.2715e-04 -2.3260e-04 -2.2891e-04 -2.2186e-04 -2.4025e-04 -2.4636e-04 -2.4250e-04 -2.4416e-04
+0000.00150 -2.1469e-04 -2.1013e-04 -2.1019e-04 -2.0481e-04 -1.9490e-04 -1.9462e-04 -1.9599e-04 -1.9171e-04 -1.8356e-04 -1.8629e-04 -1.8886e-04 -1.8572e-04 -1.8000e-04 -1.8544e-04 -1.8880e-04 -1.8642e-04 -1.8330e-04 -1.9126e-04 -1.9576e-04 -1.9450e-04 -1.9443e-04 -2.0422e-04 -2.0976e-04 -2.0970e-04 -2.1408e-04
+0000.00100 -2.1685e-04 -2.1151e-04 -2.0894e-04 -2.0394e-04 -1.9745e-04 -1.9524e-04 -1.9453e-04 -1.9101e-04 -1.8644e-04 -1.8651e-04 -1.8737e-04 -1.8534e-04 -1.8294e-04 -1.8519e-04 -1.8730e-04 -1.8649e-04 -1.8624e-04 -1.9068e-04 -1.9427e-04 -1.9499e-04 -1.9704e-04 -2.0343e-04 -2.0845e-04 -2.1099e-04 -2.1621e-04
+0000.00050 -2.1785e-04 -2.1228e-04 -2.0849e-04 -2.0371e-04 -1.9853e-04 -1.9568e-04 -1.9395e-04 -1.9087e-04 -1.8760e-04 -1.8680e-04 -1.8677e-04 -1.8535e-04 -1.8409e-04 -1.8526e-04 -1.8669e-04 -1.8672e-04 -1.8741e-04 -1.9059e-04 -1.9367e-04 -1.9539e-04 -1.9813e-04 -2.0323e-04 -2.0798e-04 -2.1170e-04 -2.1715e-04
+0000.00000 -2.1815e-04 -2.1252e-04 -2.0838e-04 -2.0367e-04 -1.9883e-04 -1.9583e-04 -1.9379e-04 -1.9085e-04 -1.8791e-04 -1.8690e-04 -1.8661e-04 -1.8537e-04 -1.8440e-04 -1.8530e-04 -1.8653e-04 -1.8681e-04 -1.8773e-04 -1.9058e-04 -1.9351e-04 -1.9552e-04 -1.9843e-04 -2.0319e-04 -2.0785e-04 -2.1191e-04 -2.1740e-04
-0000.00050 -2.1790e-04 -2.1231e-04 -2.0850e-04 -2.0372e-04 -1.9853e-04 -1.9569e-04 -1.9395e-04 -1.9087e-04 -1.8760e-04 -1.8680e-04 -1.8677e-04 -1.8535e-04 -1.8409e-04 -1.8526e-04 -1.8669e-04 -1.8672e-04 -1.8741e-04 -1.9059e-04 -1.9367e-04 -1.9539e-04 -1.9813e-04 -2.0322e-04 -2.0796e-04 -2.1167e-04 -2.1710e-04
-0000.00100 -2.1696e-04 -2.1157e-04 -2.0897e-04 -2.0396e-04 -1.9746e-04 -1.9525e-04 -1.9454e-04 -1.9101e-04 -1.8645e-04 -1.8652e-04 -1.8737e-04 -1.8534e-04 -1.8294e-04 -1.8519e-04 -1.8729e-04 -1.8649e-04 -1.8624e-04 -1.9067e-04 -1.9426e-04 -1.9499e-04 -1.9703e-04 -2.0341e-04 -2.0842e-04 -2.1094e-04 -2.1610e-04
-0000.00150 -2.1485e-04 -2.1021e-04 -2.1024e-04 -2.0484e-04 -1.9491e-04 -1.9463e-04 -1.9600e-04 -1.9172e-04 -1.8356e-04 -1.8629e-04 -1.8886e-04 -1.8572e-04 -1.8000e-04 -1.8544e-04 -1.8880e-04 -1.8641e-04 -1.8330e-04 -1.9125e-04 -1.9574e-04 -1.9449e-04 -1.9441e-04 -2.0419e-04 -2.0971e-04 -2.0962e-04 -2.1392e-04
-0000.00200 -2.4544e-04 -2.4319e-04 -2.4704e-04 -2.4132e-04 -2.2297e-04 -2.2901e-04 -2.3295e-04 -2.2798e-04 -2.0894e-04 -2.2121e-04 -2.2578e-04 -2.2154e-04 -2.0388e-04 -2.2096e-04 -2.2569e-04 -2.2158e-04 -2.0809e-04 -2.2714e-04 -2.3258e-04 -2.2890e-04 -2.2184e-04 -2.4021e-04 -2.4630e-04 -2.4241e-04 -2.4394e-04
# Total Vertical 2nd Order Kick [T2m2]
START
            -0000.01200 -0000.01100 -0000.01000 -0000.00900 -0000.00800 -0000.00700 -0000.00600 -0000.00500 -0000.00400 -0000.00300 -0000.00200 -0000.00100 +0000.00000 +0000.00100 +0000.00200 +0000.00300 +0000.00400 +0000.00500 +0000.00600 +0000.00700 +0000.00800 +0000.00900 +0000.01000 +0000.01100 +0000.01200
+0000.00200 -2.1705e-04 -1.9569e-04 -2.0107e-04 -2.0837e-04 -2.1015e-04 -1.9184e-04 -1.9819e-04 -2.0570e-04 -2.0413e-04 -1.8878e-04 -1.9546e-04 -2.0284e-04 -1.9544e-04 -1.8634e-04 -1.9336e-04 -2.0051e-04 -1.8645e-04 -1.8340e-04 -1.9067e-04 -1.9752e-04 -1.7986e-04 -1.8071e-04 -1.8788e-04 -1.9380e-04 -1.7276e-04
+0000.00150 -1.4009e-04 -1.3197e-04 -1.3309e-04 -1.3678e-04 -1.3529e-04 -1.2840e-04 -1.3068e-04 -1.3444e-04 -1.3173e-04 -1.2570e-04 -1.2846e-04 -1.3193e-04 -1.2786e-04 -1.2338e-04 -1.2666e-04 -1.2967e-04 -1.2397e-04 -1.2083e-04 -1.2446e-04 -1.2698e-04 -1.2029e-04 -1.1847e-04 -1.2211e-04 -1.2345e-04 -1.1549e-04
+0000.00100 -8.4779e-05 -8.1380e-05 -8.1393e-05 -8.2956e-05 -8.1851e-05 -7.8942e-05 -7.9647e-05 -8.1259e-05 -7.9723e-05 -7.7076e-05 -7.8068e-05 -7.9481e-05 -7.7513e-05 -7.5415e-05 -7.6743e-05 -7.7848e-05 -7.5308e-05 -7.3626e-05 -7.5173e-05 -7.5984e-05 -7.3145e-05 -7.1933e-05 -7.3480e-05 -7.3606e-05 -7.0319e-05
+0000.00050 -4.0121e-05 -3.8807e-05 -3.8677e-05 -3.9202e-05 -3.8681e-05 -3.7569e-05 -3.7750e-05 -3.8313e-05 -3.7655e-05 -3.6629e-05 -3.6929e-05 -3.7405e-05 -3.6614e-05 -3.5782e-05 -3.6229e-05 -3.6570e-05 -3.5580e-05 -3.4877e-05 -3.5417e-05 -3.5639e-05 -3.4557e-05 -3.4011e-05 -3.4547e-05 -3.4487e-05 -3.3268e-05
+0000.00000 -1.2709e-07 -8.5053e-08 -6.0804e-08 -4.6349e-08 -3.7998e-08 -3.3330e-08 -2.9747e-08 -2.6630e-08 -2.4586e-08 -2.3472e-08 -2.2464e-08 -2.1485e-08 -2.1086e-08 -2.1609e-08 -2.2611e-08 -2.3536e-08 -2.4589e-08 -2.6728e-08 -3.0024e-08 -3.3746e-08 -3.8468e-08 -4.6782e-08 -6.1096e-08 -8.5152e-08 -1.2715e-07
-0000.00050 +3.9873e-05 +3.8642e-05 +3.8558e-05 +3.9111e-05 +3.8605e-05 +3.7503e-05 +3.7691e-05 +3.8260e-05 +3.7606e-05 +3.6582e-05 +3.6884e-05 +3.7362e-05 +3.6572e-05 +3.5739e-05 +3.6183e-05 +3.6523e-05 +3.5531e-05 +3.4823e-05 +3.5357e-05 +3.5572e-05 +3.4481e-05 +3.3919e-05 +3.4427e-05 +3.4321e-05 +3.3020e-05
-0000.00100 +8.4551e-05 +8.1228e-05 +8.1280e-05 +8.2870e-05 +8.1779e-05 +7.8876e-05 +7.9588e-05 +8.1207e-05 +7.9675e-05 +7.7029e-05 +7.8023e-05 +7.9438e-05 +7.7472e-05 +7.5372e-05 +7.6698e-05 +7.7801e-05 +7.5260e-05 +7.3574e-05 +7.5113e-05 +7.5917e-05 +7.3072e-05 +7.1845e-05 +7.3366e-05 +7.3453e-05 +7.0091e-05
-0000.00150 +1.3990e-04 +1.3184e-04 +1.3299e-04 +1.3670e-04 +1.3523e-04 +1.2834e-04 +1.3062e-04 +1.3439e-04 +1.3169e-04 +1.2565e-04 +1.2841e-04 +1.3189e-04 +1.2782e-04 +1.2334e-04 +1.2662e-04 +1.2963e-04 +1.2393e-04 +1.2078e-04 +1.2440e-04 +1.2691e-04 +1.2023e-04 +1.1839e-04 +1.2200e-04 +1.2332e-04 +1.1530e-04
-0000.00200 +2.1692e-04 +1.9558e-04 +2.0098e-04 +2.0830e-04 +2.1010e-04 +1.9177e-04 +1.9813e-04 +2.0566e-04 +2.0409e-04 +1.8873e-04 +1.9541e-04 +2.0280e-04 +1.9541e-04 +1.8630e-04 +1.9331e-04 +2.0046e-04 +1.8642e-04 +1.8335e-04 +1.9061e-04 +1.9745e-04 +1.7980e-04 +1.8063e-04 +1.8779e-04 +1.9369e-04 +1.7262e-04
# Horizontal Final Position [m]
START
            -0000.01200 -0000.01100 -0000.01000 -0000.00900 -0000.00800 -0000.00700 -0000.00600 -0000.00500 -0000.00400 -0000.00300 -0000.00200 -0000.00100 +0000.00000 +0000.00100 +0000.00200 +0000.00300 +0000.00400 +0000.00500 +0000.00600 +0000.00700 +0000.00800 +0000.00900 +0000.01000 +0000.01100 +0000.01200
+0000.00200 -1.2000e-02 -1.1000e-02 -1.0000e-02 -9.0001e-03 -8.0002e-03 -7.0002e-03 -6.0003e-03 -5.0003e-03 -4.0004e-03 -3.0004e-03 -2.0004e-03 -1.0004e-03 -3.9091e-07 +9.9960e-04 +1.9996e-03 +2.9996e-03 +3.9996e-03 +4.9997e-03 +5.9997e-03 +6.9998e-03 +7.9998e-03 +8.9999e-03 +9.9999e-03 +1.1000e-02 +1.2000e-02
+0000.00150 -1.2000e-02 -1.1000e-02 -1.0000e-02 -9.0001e-03 -8.0002e-03 -7.0003e-03 -6.0003e-03 -5.0003e-03 -4.0004e-03 -3.0004e-03 -2.0004e-03 -1.0004e-03 -4.1820e-07 +9.9958e-04 +1.9996e-03 +2.9996e-03 +3.9996e-03 +4.9997e-03 +5.9997e-03 +6.9997e-03 +7.9998e-03 +8.9999e-03 +9.9999e-03 +1.1000e-02 +1.2000e-02
+0000.00100 -1.2000e-02 -1.1000e-02 -1.0000e-02 -9.0001e-03 -8.0002e-03 -7.0003e-03 -6.0003e-03 -5.0003e-03 -4.0004e-03 -3.0004e-03 -2.0004e-03 -1.0004e-03 -4.2118e-07 +9.9958e-04 +1.9996e-03 +2.9996e-03 +3.9996e-03 +4.9997e-03 +5.9997e-03 +6.9997e-03 +7.9998e-03 +8.9999e-03 +9.9999e-03 +1.1000e-02 +1.2000e-02
+0000.00050 -1.2000e-02 -1.1000e-02 -1.0000e-02 -9.0001e-03 -8.0002e-03 -7.0003e-03 -6.0003e-03 -5.0003e-03 -4.0004e-03 -3.0004e-03 -2.0004e-03 -1.0004e-03 -4.2230e-07 +9.9958e-04 +1.9996e-03 +2.9996e-03 +3.9996e-03 +4.9997e-03 +5.9997e-03 +6.9997e-03 +7.9998e-03 +8.9999e-03 +9.9999e-03 +1.1000e-02 +1.2000e-02
+0000.00000 -1.2000e-02 -1.1000e-02 -1.0000e-02 -9.0001e-03 -8.0002e-03 -7.0003e-03 -6.0003e-03 -5.0003e-03 -4.0004e-03 -3.0004e-03 -2.0004e-03 -1.0004e-03 -4.2259e-07 +9.9958e-04 +1.9996e-03 +2.9996e-03 +3.9996e-03 +4.9997e-03 +5.9997e-03 +6.9997e-03 +7.9998e-03 +8.9999e-03 +9.9999e-03 +1.1000e-02 +1.2000e-02
-0000.00050 -1.2000e-02 -1.1000e-02 -1.0000e-02 -9.0001e-03 -8.0002e-03 -7.0003e-03 -6.0003e-03 -5.0003e-03 -4.0004e-03 -3.0004e-03 -2.0004e-03 -1.0004e-03 -4.2230e-07 +9.9958e-04 +1.9996e-03 +2.9996e-03 +3.9996e-03 +4.9997e-03 +5.9997e-03 +6.9997e-03 +7.9998e-03 +8.9999e-03 +9.9999e-03 +1.1000e-02 +1.2000e-02
-0000.00100 -1.2000e-02 -1.1000e-02 -1.0000e-02 -9.0001e-03 -8.0002e-03 -7.0003e-03 -6.0003e-03 -5.0003e-03 -4.0004e-03 -3.0004e-03 -2.0004e-03 -1.0004e-03 -4.2118e-07 +9.9958e-04 +1.9996e-03 +2.9996e-03 +3.9996e-03 +4.9997e-03 +5.9997e-03 +6.9997e-03 +7.9998e-03 +8.9999e-03 +9.9999e-03 +1.1000e-02 +1.2000e-02
-0000.00150 -1.2000e-02 -1.1000e-02 -1.0000e-02 -9.0001e-03 -8.0002e-03 -7.0003e-03 -6.0003e-03 -5.0003e-03 -4.0004e-03 -3.0004e-03 -2.0004e-03 -1.0004e-03 -4.1820e-07 +9.9958e-04 +1.9996e-03 +2.9996e-03 +3.9996e-03 +4.9997e-03 +5.9997e-03 +6.9997e-03 +7.9998e-03 +8.9999e-03 +9.9999e-03 +1.1000e-02 +1.2000e-02
-0000.00200 -1.2000e-02 -1.1000e-02 -1.0000e-02 -9.0001e-03 -8.0002e-03 -7.0002e-03 -6.0003e-03 -5.0003e-03 -4.0004e-03 -3.0004e-03 -2.0004e-03 -1.0004e-03 -3.9091e-07 +9.9960e-04 +1.9996e-03 +2.9996e-03 +3.9996e-03 +4.9997e-03 +5.9997e-03 +6.9998e-03 +7.9998e-03 +8.9999e-03 +9.9999e-03 +1.1000e-02 +1.2000e-02
# Vertical Final Position [m]
START
            -0000.01200 -0000.01100 -0000.01000 -0000.00900 -0000.00800 -0000.00700 -0000.00600 -0000.00500 -0000.00400 -0000.00300 -0000.00200 -0000.00100 +0000.00000 +0000.00100 +0000.00200 +0000.00300 +0000.00400 +0000.00500 +0000.00600 +0000.00700 +0000.00800 +0000.00900 +0000.01000 +0000.01100 +0000.01200
+0000.00200 +2.0000e-03 +2.0000e-03 +2.0000e-03 +1.9999e-03 +1.9999e-03 +1.9999e-03 +1.9999e-03 +1.9999e-03 +1.9999e-03 +1.9998e-03 +1.9998e-03 +1.9998e-03 +1.9998e-03 +1.9998e-03 +1.9998e-03 +1.9998e-03 +1.9998e-03 +1.9997e-03 +1.9997e-03 +1.9997e-03 +1.9997e-03 +1.9997e-03 +1.9996e-03 +1.9996e-03 +1.9996e-03
+0000.00150 +1.5000e-03 +1.5000e-03 +1.5000e-03 +1.5000e-03 +1.5000e-03 +1.5000e-03 +1.4999e-03 +1.4999e-03 +1.4999e-03 +1.4999e-03 +1.4999e-03 +1.4999e-03 +1.4999e-03 +1.4999e-03 +1.4999e-03 +1.4998e-03 +1.4998e-03 +1.4998e-03 +1.4998e-03 +1.4998e-03 +1.4998e-03 +1.4998e-03 +1.4998e-03 +1.4997e-03 +1.4997e-03
+0000.00100 +1.0000e-03 +1.0000e-03 +1.0000e-03 +9.9999e-04 +9.9998e-04 +9.9998e-04 +9.9997e-04 +9.9996e-04 +9.9995e-04 +9.9994e-04 +9.9993e-04 +9.9993e-04 +9.9992e-04 +9.9992e-04 +9.9991e-04 +9.9990e-04 +9.9990e-04 +9.9989e-04 +9.9988e-04 +9.9987e-04 +9.9986e-04 +9.9985e-04 +9.9984e-04 +9.9983e-04 +9.9981e-04
+0000.00050 +5.0002e-04 +5.0001e-04 +5.0000e-04 +5.0000e-04 +4.9999e-04 +4.9999e-04 +4.9999e-04 +4.9998e-04 +4.9998e-04 +4.9997e-04 +4.9997e-04 +4.9997e-04 +4.9996e-04 +4.9996e-04 +4.9996e-04 +4.9995e-04 +4.9995e-04 +4.9995e-04 +4.9994e-04 +4.9994e-04 +4.9993e-04 +4.9993e-04 +4.9992e-04 +4.9992e-04 +4.9991e-04
+0000.00000 -1.8552e-10 -1.3101e-10 -1.0065e-10 -8.3558e-11 -7.3797e-11 -6.8369e-11 -6.4888e-11 -6.2335e-11 -6.0678e-11 -5.9721e-11 -5.8993e-11 -5.8414e-11 -5.8236e-11 -5.8606e-11 -5.9261e-11 -5.9928e-11 -6.0803e-11 -6.2514e-11 -6.5222e-11 -6.8860e-11 -7.4387e-11 -8.4139e-11 -1.0108e-10 -1.3123e-10 -1.8567e-10
-0000.00050 -5.0002e-04 -5.0001e-04 -5.0000e-04 -5.0000e-04 -4.9999e-04 -4.9999e-04 -4.9999e-04 -4.9998e-04 -4.9998e-04 -4.9997e-04 -4.9997e-04 -4.9997e-04 -4.9996e-04 -4.9996e-04 -4.9996e-04 -4.9995e-04 -4.9995e-04 -4.9995e-04 -4.9994e-04 -4.9994e-04 -4.9993e-04 -4.9993e-04 -4.9992e-04 -4.9992e-04 -4.9991e-04
-0000.00100 -1.0000e-03 -1.0000e-03 -1.0000e-03 -9.9999e-04 -9.9998e-04 -9.9998e-04 -9.9997e-04 -9.9996e-04 -9.9995e-04 -9.9994e-04 -9.9993e-04 -9.9993e-04 -9.9992e-04 -9.9992e-04 -9.9991e-04 -9.9990e-04 -9.9990e-04 -9.9989e-04 -9.9988e-04 -9.9987e-04 -9.9986e-04 -9.9985e-04 -9.9984e-04 -9.9983e-04 -9.9981e-04
-0000.00150 -1.5000e-03 -1.5000e-03 -1.5000e-03 -1.5000e-03 -1.5000e-03 -1.5000e-03 -1.4999e-03 -1.4999e-03 -1.4999e-03 -1.4999e-03 -1.4999e-03 -1.4999e-03 -1.4999e-03 -1.4999e-03 -1.4999e-03 -1.4998e-03 -1.4998e-03 -1.4998e-03 -1.4998e-03 -1.4998e-03 -1.4998e-03 -1.4998e-03 -1.4998e-03 -1.4997e-03 -1.4997e-03
-0000.00200 -2.0000e-03 -2.0000e-03 -2.0000e-03 -1.9999e-03 -1.9999e-03 -1.9999e-03 -1.9999e-03 -1.9999e-03 -1.9999e-03 -1.9998e-03 -1.9998e-03 -1.9998e-03 -1.9998e-03 -1.9998e-03 -1.9998e-03 -1.9998e-03 -1.9998e-03 -1.9997e-03 -1.9997e-03 -1.9997e-03 -1.9997e-03 -1.9997e-03 -1.9996e-03 -1.9996e-03 -1.9996e-03
