# Author: FAC idanalysis.IDKickMap
# Termination_kicks [T2m2]: +3.3068e-04 -1.3733e-08 -6.9380e-04 +3.9382e-09
# Total Length of Longitudinal Interval [m]
2
# Number of Horizontal Points
21
# Number of Vertical Points
5
# Total Horizontal 2nd Order Kick [T2m2]
START
            -0000.01000 -0000.00900 -0000.00800 -0000.00700 -0000.00600 -0000.00500 -0000.00400 -0000.00300 -0000.00200 -0000.00100 +0000.00000 +0000.00100 +0000.00200 +0000.00300 +0000.00400 +0000.00500 +0000.00600 +0000.00700 +0000.00800 +0000.00900 +0000.01000
+0000.00600 +3.5638e-04 +3.6436e-04 +3.6620e-04 +3.6299e-04 +3.6429e-04 +3.5961e-04 +3.6328e-04 +3.6492e-04 +3.6207e-04 +3.6354e-04 +3.6322e-04 +3.6266e-04 +3.6414e-04 +3.6126e-04 +3.6290e-04 +3.6666e-04 +3.6194e-04 +3.6325e-04 +3.6002e-04 +3.6187e-04 +3.6993e-04
+0000.00300 +3.6718e-04 +3.6429e-04 +3.6567e-04 +3.6248e-04 +3.6436e-04 +3.6343e-04 +3.6271e-04 +3.6456e-04 +3.6196e-04 +3.6381e-04 +3.6324e-04 +3.6239e-04 +3.6424e-04 +3.6162e-04 +3.6347e-04 +3.6275e-04 +3.6186e-04 +3.6374e-04 +3.6056e-04 +3.6194e-04 +3.5904e-04
+0000.00000 +3.4916e-04 +3.5745e-04 +3.6037e-04 +3.6122e-04 +3.6190e-04 +3.6212e-04 +3.6230e-04 +3.6264e-04 +3.6267e-04 +3.6300e-04 +3.6311e-04 +3.6322e-04 +3.6355e-04 +3.6357e-04 +3.6391e-04 +3.6410e-04 +3.6432e-04 +3.6500e-04 +3.6586e-04 +3.6878e-04 +3.7706e-04
-0000.00300 +3.6718e-04 +3.6429e-04 +3.6567e-04 +3.6247e-04 +3.6436e-04 +3.6344e-04 +3.6272e-04 +3.6458e-04 +3.6195e-04 +3.6380e-04 +3.6296e-04 +3.6239e-04 +3.6424e-04 +3.6161e-04 +3.6346e-04 +3.6274e-04 +3.6187e-04 +3.6374e-04 +3.6056e-04 +3.6194e-04 +3.5904e-04
-0000.00600 +3.5637e-04 +3.6440e-04 +3.6623e-04 +3.6299e-04 +3.6430e-04 +3.5960e-04 +3.6331e-04 +3.6494e-04 +3.6206e-04 +3.6354e-04 +3.6314e-04 +3.6266e-04 +3.6414e-04 +3.6124e-04 +3.6287e-04 +3.6666e-04 +3.6192e-04 +3.6324e-04 +3.6000e-04 +3.6183e-04 +3.6994e-04
# Total Vertical 2nd Order Kick [T2m2]
START
            -0000.01000 -0000.00900 -0000.00800 -0000.00700 -0000.00600 -0000.00500 -0000.00400 -0000.00300 -0000.00200 -0000.00100 +0000.00000 +0000.00100 +0000.00200 +0000.00300 +0000.00400 +0000.00500 +0000.00600 +0000.00700 +0000.00800 +0000.00900 +0000.01000
+0000.00600 +4.6176e-05 +4.1701e-05 +4.2041e-05 +4.1542e-05 +4.1585e-05 +4.4429e-05 +4.1725e-05 +4.2032e-05 +4.1975e-05 +4.1885e-05 +4.3934e-05 +4.1901e-05 +4.1998e-05 +4.2094e-05 +4.1781e-05 +4.4514e-05 +4.1665e-05 +4.1619e-05 +4.2137e-05 +4.1785e-05 +4.6255e-05
+0000.00300 +5.6173e-05 +5.9422e-05 +5.8165e-05 +5.9314e-05 +6.1046e-05 +5.5470e-05 +6.1665e-05 +6.0576e-05 +6.0776e-05 +6.1993e-05 +5.2938e-05 +6.1980e-05 +6.0760e-05 +6.0536e-05 +6.1616e-05 +5.5519e-05 +6.0981e-05 +5.9257e-05 +5.8116e-05 +5.9374e-05 +5.6183e-05
+0000.00000 +5.8121e-09 +5.0489e-09 +4.5336e-09 +4.2687e-09 +4.1481e-09 +3.8449e-09 +3.0415e-09 +2.0541e-09 +1.4308e-09 +1.2592e-09 +1.2120e-09 +1.1328e-09 +1.1740e-09 +1.6368e-09 +2.4475e-09 +3.1192e-09 +3.4289e-09 +3.5828e-09 +3.8926e-09 +4.4694e-09 +5.3939e-09
-0000.00300 -5.6325e-05 -5.9561e-05 -5.8303e-05 -5.9448e-05 -6.1177e-05 -5.5606e-05 -6.1797e-05 -6.0710e-05 -6.0910e-05 -6.2125e-05 -5.3072e-05 -6.2109e-05 -6.0887e-05 -6.0661e-05 -6.1738e-05 -5.5642e-05 -6.1099e-05 -5.9377e-05 -5.8240e-05 -5.9501e-05 -5.6323e-05
-0000.00600 -4.6351e-05 -4.1894e-05 -4.2273e-05 -4.1737e-05 -4.1800e-05 -4.4632e-05 -4.1927e-05 -4.2255e-05 -4.2182e-05 -4.2094e-05 -4.4159e-05 -4.2113e-05 -4.2206e-05 -4.2320e-05 -4.1987e-05 -4.4716e-05 -4.1882e-05 -4.1811e-05 -4.2365e-05 -4.1977e-05 -4.6428e-05
# Horizontal Final Position [m]
START
            -0000.01000 -0000.00900 -0000.00800 -0000.00700 -0000.00600 -0000.00500 -0000.00400 -0000.00300 -0000.00200 -0000.00100 +0000.00000 +0000.00100 +0000.00200 +0000.00300 +0000.00400 +0000.00500 +0000.00600 +0000.00700 +0000.00800 +0000.00900 +0000.01000
+0000.00600 -9.9995e-03 -8.9999e-03 -8.0002e-03 -7.0005e-03 -6.0006e-03 -5.0009e-03 -4.0010e-03 -3.0011e-03 -2.0012e-03 -1.0012e-03 -1.3674e-06 +9.9878e-04 +1.9988e-03 +2.9989e-03 +3.9990e-03 +4.9991e-03 +5.9994e-03 +6.9995e-03 +7.9998e-03 +9.0001e-03 +1.0001e-02
+0000.00300 -9.9995e-03 -9.0003e-03 -8.0007e-03 -7.0010e-03 -6.0012e-03 -5.0014e-03 -4.0016e-03 -3.0018e-03 -2.0018e-03 -1.0019e-03 -1.8965e-06 +9.9814e-04 +1.9982e-03 +2.9982e-03 +3.9984e-03 +4.9986e-03 +5.9988e-03 +6.9990e-03 +7.9993e-03 +8.9997e-03 +1.0000e-02
+0000.00000 -1.0001e-02 -9.0008e-03 -8.0010e-03 -7.0013e-03 -6.0015e-03 -5.0017e-03 -4.0018e-03 -3.0020e-03 -2.0021e-03 -1.0021e-03 -2.1134e-06 +9.9790e-04 +1.9980e-03 +2.9980e-03 +3.9982e-03 +4.9983e-03 +5.9985e-03 +6.9987e-03 +7.9990e-03 +8.9992e-03 +9.9993e-03
-0000.00300 -9.9995e-03 -9.0003e-03 -8.0007e-03 -7.0010e-03 -6.0012e-03 -5.0014e-03 -4.0016e-03 -3.0018e-03 -2.0018e-03 -1.0019e-03 -1.8968e-06 +9.9814e-04 +1.9982e-03 +2.9982e-03 +3.9984e-03 +4.9986e-03 +5.9988e-03 +6.9990e-03 +7.9993e-03 +8.9997e-03 +1.0000e-02
-0000.00600 -9.9995e-03 -8.9999e-03 -8.0002e-03 -7.0005e-03 -6.0006e-03 -5.0009e-03 -4.0010e-03 -3.0011e-03 -2.0012e-03 -1.0012e-03 -1.3675e-06 +9.9878e-04 +1.9988e-03 +2.9989e-03 +3.9990e-03 +4.9991e-03 +5.9994e-03 +6.9995e-03 +7.9998e-03 +9.0001e-03 +1.0001e-02
# Vertical Final Position [m]
START
            -0000.01000 -0000.00900 -0000.00800 -0000.00700 -0000.00600 -0000.00500 -0000.00400 -0000.00300 -0000.00200 -0000.00100 +0000.00000 +0000.00100 +0000.00200 +0000.00300 +0000.00400 +0000.00500 +0000.00600 +0000.00700 +0000.00800 +0000.00900 +0000.01000
+0000.00600 +5.9993e-03 +5.9992e-03 +5.9993e-03 +5.9993e-03 +5.9994e-03 +5.9995e-03 +5.9996e-03 +5.9997e-03 +5.9998e-03 +5.9999e-03 +6.0000e-03 +6.0001e-03 +6.0003e-03 +6.0004e-03 +6.0005e-03 +6.0006e-03 +6.0007e-03 +6.0008e-03 +6.0008e-03 +6.0009e-03 +6.0008e-03
+0000.00300 +2.9982e-03 +2.9983e-03 +2.9984e-03 +2.9987e-03 +2.9989e-03 +2.9991e-03 +2.9993e-03 +2.9994e-03 +2.9997e-03 +2.9999e-03 +3.0001e-03 +3.0003e-03 +3.0004e-03 +3.0007e-03 +3.0008e-03 +3.0010e-03 +3.0012e-03 +3.0014e-03 +3.0017e-03 +3.0018e-03 +3.0019e-03
+0000.00000 -2.6541e-11 -2.9766e-11 -3.1674e-11 -3.2534e-11 -3.2795e-11 -3.1476e-11 -2.7534e-11 -2.3302e-11 -2.1812e-11 -2.2498e-11 -2.3095e-11 -2.2647e-11 -2.2088e-11 -2.3607e-11 -2.7745e-11 -3.1590e-11 -3.2827e-11 -3.2553e-11 -3.1700e-11 -2.9785e-11 -2.6462e-11
-0000.00300 -2.9982e-03 -2.9983e-03 -2.9984e-03 -2.9987e-03 -2.9989e-03 -2.9991e-03 -2.9993e-03 -2.9995e-03 -2.9997e-03 -2.9999e-03 -3.0001e-03 -3.0003e-03 -3.0004e-03 -3.0007e-03 -3.0008e-03 -3.0010e-03 -3.0012e-03 -3.0014e-03 -3.0017e-03 -3.0018e-03 -3.0019e-03
-0000.00600 -5.9993e-03 -5.9992e-03 -5.9993e-03 -5.9993e-03 -5.9994e-03 -5.9995e-03 -5.9996e-03 -5.9997e-03 -5.9998e-03 -5.9999e-03 -6.0000e-03 -6.0001e-03 -6.0003e-03 -6.0004e-03 -6.0005e-03 -6.0006e-03 -6.0007e-03 -6.0008e-03 -6.0008e-03 -6.0009e-03 -6.0008e-03
