# Author: FAC idanalysis.IDKickMap
#
# Total Length of Longitudinal Interval [m]
0.13
# Number of Horizontal Points
25
# Number of Vertical Points
9
# Total Horizontal 2nd Order Kick [T2m2]
START
            -0000.01200 -0000.01100 -0000.01000 -0000.00900 -0000.00800 -0000.00700 -0000.00600 -0000.00500 -0000.00400 -0000.00300 -0000.00200 -0000.00100 +0000.00000 +0000.00100 +0000.00200 +0000.00300 +0000.00400 +0000.00500 +0000.00600 +0000.00700 +0000.00800 +0000.00900 +0000.01000 +0000.01100 +0000.01200
+0000.00200 +5.3856e-04 +5.7679e-04 +5.5273e-04 +5.4907e-04 +5.0915e-04 +4.9963e-04 +5.0647e-04 +4.7747e-04 +4.7273e-04 +4.8287e-04 +4.5957e-04 +4.6219e-04 +4.6997e-04 +4.5824e-04 +4.6692e-04 +4.6765e-04 +4.6873e-04 +4.8548e-04 +4.8968e-04 +5.0039e-04 +5.2328e-04 +5.3378e-04 +5.5462e-04 +5.8759e-04 +5.1863e-04
+0000.00150 +4.6763e-04 +4.9446e-04 +4.8806e-04 +4.7829e-04 +4.5682e-04 +4.4455e-04 +4.3834e-04 +4.2397e-04 +4.1729e-04 +4.1484e-04 +4.0595e-04 +4.0595e-04 +4.0774e-04 +4.0415e-04 +4.0938e-04 +4.1334e-04 +4.1526e-04 +4.2719e-04 +4.3639e-04 +4.4540e-04 +4.6251e-04 +4.7617e-04 +4.9030e-04 +4.9957e-04 +4.6937e-04
+0000.00100 +4.5692e-04 +4.8056e-04 +4.8211e-04 +4.7357e-04 +4.5861e-04 +4.4627e-04 +4.3694e-04 +4.2616e-04 +4.1877e-04 +4.1394e-04 +4.0845e-04 +4.0700e-04 +4.0710e-04 +4.0649e-04 +4.0984e-04 +4.1377e-04 +4.1817e-04 +4.2749e-04 +4.3713e-04 +4.4742e-04 +4.6153e-04 +4.7473e-04 +4.8550e-04 +4.8803e-04 +4.7312e-04
+0000.00050 +4.4949e-04 +4.7336e-04 +4.7816e-04 +4.7142e-04 +4.5909e-04 +4.4712e-04 +4.3689e-04 +4.2707e-04 +4.1952e-04 +4.1408e-04 +4.0960e-04 +4.0765e-04 +4.0725e-04 +4.0756e-04 +4.1029e-04 +4.1430e-04 +4.1964e-04 +4.2800e-04 +4.3759e-04 +4.4833e-04 +4.6120e-04 +4.7350e-04 +4.8238e-04 +4.8311e-04 +4.7325e-04
+0000.00000 +4.4691e-04 +4.7110e-04 +4.7683e-04 +4.7079e-04 +4.5921e-04 +4.4739e-04 +4.3692e-04 +4.2725e-04 +4.1966e-04 +4.1414e-04 +4.0994e-04 +4.0788e-04 +4.0735e-04 +4.0785e-04 +4.1045e-04 +4.1455e-04 +4.2017e-04 +4.2828e-04 +4.3778e-04 +4.4856e-04 +4.6107e-04 +4.7301e-04 +4.8130e-04 +4.8166e-04 +4.7302e-04
-0000.00050 +4.4945e-04 +4.7340e-04 +4.7825e-04 +4.7152e-04 +4.5921e-04 +4.4723e-04 +4.3684e-04 +4.2681e-04 +4.1921e-04 +4.1394e-04 +4.0964e-04 +4.0771e-04 +4.0725e-04 +4.0750e-04 +4.1025e-04 +4.1444e-04 +4.1995e-04 +4.2827e-04 +4.3764e-04 +4.4822e-04 +4.6108e-04 +4.7340e-04 +4.8229e-04 +4.8307e-04 +4.7329e-04
-0000.00100 +4.5683e-04 +4.8065e-04 +4.8231e-04 +4.7376e-04 +4.5886e-04 +4.4654e-04 +4.3688e-04 +4.2557e-04 +4.1811e-04 +4.1366e-04 +4.0856e-04 +4.0715e-04 +4.0710e-04 +4.0634e-04 +4.0973e-04 +4.1405e-04 +4.1884e-04 +4.2808e-04 +4.3719e-04 +4.4715e-04 +4.6129e-04 +4.7454e-04 +4.8529e-04 +4.8794e-04 +4.7321e-04
-0000.00150 +4.6746e-04 +4.9464e-04 +4.8841e-04 +4.7854e-04 +4.5719e-04 +4.4507e-04 +4.3835e-04 +4.2293e-04 +4.1614e-04 +4.1441e-04 +4.0625e-04 +4.0623e-04 +4.0774e-04 +4.0387e-04 +4.0908e-04 +4.1377e-04 +4.1641e-04 +4.2823e-04 +4.3639e-04 +4.4488e-04 +4.6214e-04 +4.7592e-04 +4.8995e-04 +4.9939e-04 +4.6954e-04
-0000.00200 +5.3821e-04 +5.7715e-04 +5.5331e-04 +5.4933e-04 +5.0969e-04 +5.0053e-04 +5.0697e-04 +4.7568e-04 +4.7091e-04 +4.8218e-04 +4.6022e-04 +4.6264e-04 +4.6997e-04 +4.5779e-04 +4.6627e-04 +4.6835e-04 +4.7055e-04 +4.8727e-04 +4.8918e-04 +4.9949e-04 +5.2273e-04 +5.3352e-04 +5.5403e-04 +5.8723e-04 +5.1897e-04
# Total Vertical 2nd Order Kick [T2m2]
START
            -0000.01200 -0000.01100 -0000.01000 -0000.00900 -0000.00800 -0000.00700 -0000.00600 -0000.00500 -0000.00400 -0000.00300 -0000.00200 -0000.00100 +0000.00000 +0000.00100 +0000.00200 +0000.00300 +0000.00400 +0000.00500 +0000.00600 +0000.00700 +0000.00800 +0000.00900 +0000.01000 +0000.01100 +0000.01200
+0000.00200 -2.6795e-04 -2.0190e-04 -1.7886e-04 -1.6737e-04 -1.5921e-04 -1.7275e-04 -1.7106e-04 -1.6998e-04 -1.8226e-04 -1.7214e-04 -1.8236e-04 -1.9386e-04 -1.7507e-04 -1.9288e-04 -2.0310e-04 -1.8433e-04 -2.0500e-04 -2.1626e-04 -2.0181e-04 -2.1640e-04 -2.2413e-04 -2.1292e-04 -2.1257e-04 -1.8233e-04 -1.5396e-04
+0000.00150 -1.7609e-04 -1.4086e-04 -1.1845e-04 -1.0662e-04 -1.0289e-04 -1.0969e-04 -1.0929e-04 -1.1012e-04 -1.1649e-04 -1.1528e-04 -1.1860e-04 -1.2460e-04 -1.2200e-04 -1.2620e-04 -1.3114e-04 -1.2816e-04 -1.3496e-04 -1.4034e-04 -1.3756e-04 -1.4332e-04 -1.4599e-04 -1.4117e-04 -1.3650e-04 -1.1442e-04 -1.0146e-04
+0000.00100 -1.0833e-04 -8.7752e-05 -7.2668e-05 -6.4625e-05 -6.2301e-05 -6.5034e-05 -6.5614e-05 -6.6461e-05 -6.9372e-05 -6.9884e-05 -7.1638e-05 -7.4563e-05 -7.4672e-05 -7.6541e-05 -7.8966e-05 -7.9127e-05 -8.2260e-05 -8.5165e-05 -8.5345e-05 -8.7754e-05 -8.8878e-05 -8.6413e-05 -8.1459e-05 -6.9067e-05 -6.1764e-05
+0000.00050 -5.1763e-05 -4.1935e-05 -3.4579e-05 -3.0579e-05 -2.9443e-05 -3.0418e-05 -3.0883e-05 -3.1329e-05 -3.2373e-05 -3.2770e-05 -3.3587e-05 -3.4826e-05 -3.5209e-05 -3.6019e-05 -3.7040e-05 -3.7508e-05 -3.8947e-05 -4.0382e-05 -4.0884e-05 -4.1824e-05 -4.2190e-05 -4.0977e-05 -3.8099e-05 -3.2500e-05 -2.8914e-05
+0000.00000 +1.4363e-07 +1.4194e-07 +6.9422e-08 -2.8973e-08 -1.3672e-07 -2.5724e-07 -3.0017e-07 -1.4239e-07 +1.5288e-07 +3.8150e-07 +4.2742e-07 +3.7247e-07 +3.3875e-07 +3.7219e-07 +4.2692e-07 +3.8062e-07 +1.5129e-07 -1.4481e-07 -3.0333e-07 -2.6091e-07 -1.4079e-07 -3.3406e-08 +6.4840e-08 +1.3751e-07 +1.3965e-07
-0000.00050 +5.2067e-05 +4.2239e-05 +3.4723e-05 +3.0522e-05 +2.9176e-05 +2.9886e-05 +3.0226e-05 +3.1006e-05 +3.2697e-05 +3.3586e-05 +3.4467e-05 +3.5564e-05 +3.5867e-05 +3.6756e-05 +3.7919e-05 +3.8322e-05 +3.9268e-05 +4.0054e-05 +4.0220e-05 +4.1285e-05 +4.1915e-05 +4.0912e-05 +3.8234e-05 +3.2795e-05 +2.9210e-05
-0000.00100 +1.0869e-04 +8.8120e-05 +7.2825e-05 +6.4566e-05 +6.2064e-05 +6.4457e-05 +6.4767e-05 +6.6014e-05 +6.9758e-05 +7.0880e-05 +7.2592e-05 +7.5273e-05 +7.5265e-05 +7.7251e-05 +7.9919e-05 +8.0121e-05 +8.2643e-05 +8.4713e-05 +8.4491e-05 +8.7169e-05 +8.8632e-05 +8.6345e-05 +8.1606e-05 +6.9426e-05 +6.2113e-05
-0000.00150 +1.7654e-04 +1.4136e-04 +1.1862e-04 +1.0654e-04 +1.0274e-04 +1.0907e-04 +1.0804e-04 +1.0945e-04 +1.1699e-04 +1.1668e-04 +1.1965e-04 +1.2525e-04 +1.2246e-04 +1.2685e-04 +1.3219e-04 +1.2955e-04 +1.3545e-04 +1.3966e-04 +1.3631e-04 +1.4269e-04 +1.4584e-04 +1.4107e-04 +1.3666e-04 +1.1491e-04 +1.0189e-04
-0000.00200 +2.6848e-04 +2.0265e-04 +1.7902e-04 +1.6710e-04 +1.5929e-04 +1.7214e-04 +1.6902e-04 +1.6905e-04 +1.8289e-04 +1.7455e-04 +1.8345e-04 +1.9442e-04 +1.7522e-04 +1.9344e-04 +2.0419e-04 +1.8674e-04 +2.0562e-04 +2.1533e-04 +1.9976e-04 +2.1578e-04 +2.2421e-04 +2.1264e-04 +2.1272e-04 +1.8307e-04 +1.5449e-04
# Horizontal Final Position [m]
START
            -0000.01200 -0000.01100 -0000.01000 -0000.00900 -0000.00800 -0000.00700 -0000.00600 -0000.00500 -0000.00400 -0000.00300 -0000.00200 -0000.00100 +0000.00000 +0000.00100 +0000.00200 +0000.00300 +0000.00400 +0000.00500 +0000.00600 +0000.00700 +0000.00800 +0000.00900 +0000.01000 +0000.01100 +0000.01200
+0000.00200 -1.1998e-02 -1.0999e-02 -9.9989e-03 -8.9993e-03 -7.9996e-03 -6.9997e-03 -6.0000e-03 -5.0001e-03 -4.0002e-03 -3.0004e-03 -2.0004e-03 -1.0004e-03 -5.2458e-07 +9.9963e-04 +1.9996e-03 +2.9996e-03 +3.9998e-03 +4.9999e-03 +6.0000e-03 +7.0003e-03 +8.0004e-03 +9.0007e-03 +1.0001e-02 +1.1001e-02 +1.2002e-02
+0000.00150 -1.1998e-02 -1.0999e-02 -9.9991e-03 -8.9994e-03 -7.9997e-03 -6.9999e-03 -6.0001e-03 -5.0002e-03 -4.0003e-03 -3.0005e-03 -2.0005e-03 -1.0005e-03 -5.5546e-07 +9.9949e-04 +1.9995e-03 +2.9995e-03 +3.9997e-03 +4.9998e-03 +5.9999e-03 +7.0001e-03 +8.0003e-03 +9.0006e-03 +1.0001e-02 +1.1001e-02 +1.2002e-02
+0000.00100 -1.1999e-02 -1.0999e-02 -9.9991e-03 -8.9994e-03 -7.9997e-03 -6.9999e-03 -6.0000e-03 -5.0002e-03 -4.0003e-03 -3.0004e-03 -2.0005e-03 -1.0005e-03 -5.2748e-07 +9.9950e-04 +1.9995e-03 +2.9996e-03 +3.9997e-03 +4.9998e-03 +6.0000e-03 +7.0001e-03 +8.0004e-03 +9.0006e-03 +1.0001e-02 +1.1001e-02 +1.2001e-02
+0000.00050 -1.1999e-02 -1.0999e-02 -9.9991e-03 -8.9994e-03 -7.9996e-03 -6.9998e-03 -6.0000e-03 -5.0002e-03 -4.0003e-03 -3.0004e-03 -2.0005e-03 -1.0005e-03 -5.1567e-07 +9.9950e-04 +1.9995e-03 +2.9996e-03 +3.9997e-03 +4.9998e-03 +6.0000e-03 +7.0002e-03 +8.0004e-03 +9.0006e-03 +1.0001e-02 +1.1001e-02 +1.2001e-02
+0000.00000 -1.1999e-02 -1.0999e-02 -9.9991e-03 -8.9994e-03 -7.9996e-03 -6.9998e-03 -6.0000e-03 -5.0002e-03 -4.0003e-03 -3.0004e-03 -2.0005e-03 -1.0005e-03 -5.1225e-07 +9.9950e-04 +1.9995e-03 +2.9996e-03 +3.9997e-03 +4.9998e-03 +6.0000e-03 +7.0002e-03 +8.0004e-03 +9.0006e-03 +1.0001e-02 +1.1001e-02 +1.2001e-02
-0000.00050 -1.1999e-02 -1.0999e-02 -9.9991e-03 -8.9994e-03 -7.9996e-03 -6.9998e-03 -6.0000e-03 -5.0002e-03 -4.0003e-03 -3.0004e-03 -2.0005e-03 -1.0005e-03 -5.1567e-07 +9.9950e-04 +1.9995e-03 +2.9996e-03 +3.9997e-03 +4.9998e-03 +6.0000e-03 +7.0002e-03 +8.0004e-03 +9.0006e-03 +1.0001e-02 +1.1001e-02 +1.2001e-02
-0000.00100 -1.1999e-02 -1.0999e-02 -9.9991e-03 -8.9994e-03 -7.9997e-03 -6.9999e-03 -6.0000e-03 -5.0002e-03 -4.0003e-03 -3.0004e-03 -2.0005e-03 -1.0005e-03 -5.2748e-07 +9.9950e-04 +1.9995e-03 +2.9996e-03 +3.9997e-03 +4.9998e-03 +6.0000e-03 +7.0001e-03 +8.0004e-03 +9.0006e-03 +1.0001e-02 +1.1001e-02 +1.2001e-02
-0000.00150 -1.1998e-02 -1.0999e-02 -9.9991e-03 -8.9994e-03 -7.9997e-03 -6.9999e-03 -6.0001e-03 -5.0002e-03 -4.0003e-03 -3.0005e-03 -2.0005e-03 -1.0005e-03 -5.5546e-07 +9.9949e-04 +1.9995e-03 +2.9995e-03 +3.9997e-03 +4.9998e-03 +5.9999e-03 +7.0001e-03 +8.0003e-03 +9.0006e-03 +1.0001e-02 +1.1001e-02 +1.2002e-02
-0000.00200 -1.1998e-02 -1.0999e-02 -9.9989e-03 -8.9993e-03 -7.9996e-03 -6.9997e-03 -6.0000e-03 -5.0001e-03 -4.0002e-03 -3.0004e-03 -2.0004e-03 -1.0004e-03 -5.2458e-07 +9.9963e-04 +1.9996e-03 +2.9996e-03 +3.9998e-03 +4.9999e-03 +6.0000e-03 +7.0003e-03 +8.0004e-03 +9.0007e-03 +1.0001e-02 +1.1001e-02 +1.2002e-02
# Vertical Final Position [m]
START
            -0000.01200 -0000.01100 -0000.01000 -0000.00900 -0000.00800 -0000.00700 -0000.00600 -0000.00500 -0000.00400 -0000.00300 -0000.00200 -0000.00100 +0000.00000 +0000.00100 +0000.00200 +0000.00300 +0000.00400 +0000.00500 +0000.00600 +0000.00700 +0000.00800 +0000.00900 +0000.01000 +0000.01100 +0000.01200
+0000.00200 +2.0000e-03 +2.0002e-03 +2.0004e-03 +2.0005e-03 +2.0002e-03 +2.0002e-03 +2.0002e-03 +2.0000e-03 +2.0001e-03 +2.0000e-03 +1.9998e-03 +1.9999e-03 +1.9998e-03 +1.9997e-03 +1.9998e-03 +1.9996e-03 +1.9996e-03 +1.9996e-03 +1.9994e-03 +1.9994e-03 +1.9994e-03 +1.9991e-03 +1.9992e-03 +1.9994e-03 +1.9996e-03
+0000.00150 +1.4998e-03 +1.5002e-03 +1.5003e-03 +1.5003e-03 +1.5002e-03 +1.5002e-03 +1.5001e-03 +1.5001e-03 +1.5001e-03 +1.5000e-03 +1.4999e-03 +1.4999e-03 +1.4999e-03 +1.4998e-03 +1.4998e-03 +1.4998e-03 +1.4997e-03 +1.4997e-03 +1.4996e-03 +1.4996e-03 +1.4996e-03 +1.4994e-03 +1.4994e-03 +1.4996e-03 +1.4999e-03
+0000.00100 +9.9980e-04 +1.0001e-03 +1.0002e-03 +1.0002e-03 +1.0001e-03 +1.0001e-03 +1.0001e-03 +1.0001e-03 +1.0000e-03 +1.0000e-03 +9.9997e-04 +9.9995e-04 +9.9993e-04 +9.9990e-04 +9.9988e-04 +9.9984e-04 +9.9981e-04 +9.9979e-04 +9.9975e-04 +9.9972e-04 +9.9970e-04 +9.9965e-04 +9.9966e-04 +9.9976e-04 +1.0000e-03
+0000.00050 +4.9987e-04 +5.0003e-04 +5.0009e-04 +5.0010e-04 +5.0008e-04 +5.0006e-04 +5.0005e-04 +5.0003e-04 +5.0002e-04 +5.0001e-04 +4.9999e-04 +4.9998e-04 +4.9996e-04 +4.9995e-04 +4.9994e-04 +4.9992e-04 +4.9991e-04 +4.9990e-04 +4.9988e-04 +4.9986e-04 +4.9985e-04 +4.9983e-04 +4.9984e-04 +4.9989e-04 +5.0005e-04
+0000.00000 +6.4039e-11 +6.0061e-11 -4.4228e-13 -8.7716e-11 -1.9307e-10 -3.1883e-10 -3.6024e-10 -1.7705e-10 +1.6071e-10 +4.2216e-10 +4.7596e-10 +4.1531e-10 +3.7792e-10 +4.1526e-10 +4.7591e-10 +4.2192e-10 +1.5991e-10 -1.7856e-10 -3.6233e-10 -3.2130e-10 -1.9584e-10 -9.0757e-11 -3.5632e-12 +5.7127e-11 +6.1504e-11
-0000.00050 -4.9987e-04 -5.0003e-04 -5.0009e-04 -5.0010e-04 -5.0008e-04 -5.0006e-04 -5.0005e-04 -5.0003e-04 -5.0002e-04 -5.0000e-04 -4.9999e-04 -4.9998e-04 -4.9996e-04 -4.9995e-04 -4.9994e-04 -4.9992e-04 -4.9991e-04 -4.9990e-04 -4.9988e-04 -4.9986e-04 -4.9985e-04 -4.9983e-04 -4.9984e-04 -4.9989e-04 -5.0005e-04
-0000.00100 -9.9980e-04 -1.0001e-03 -1.0002e-03 -1.0002e-03 -1.0001e-03 -1.0001e-03 -1.0001e-03 -1.0001e-03 -1.0000e-03 -1.0000e-03 -9.9996e-04 -9.9995e-04 -9.9992e-04 -9.9990e-04 -9.9988e-04 -9.9984e-04 -9.9981e-04 -9.9979e-04 -9.9975e-04 -9.9972e-04 -9.9970e-04 -9.9965e-04 -9.9966e-04 -9.9976e-04 -1.0000e-03
-0000.00150 -1.4998e-03 -1.5002e-03 -1.5003e-03 -1.5003e-03 -1.5002e-03 -1.5002e-03 -1.5001e-03 -1.5001e-03 -1.5001e-03 -1.5000e-03 -1.4999e-03 -1.4999e-03 -1.4999e-03 -1.4998e-03 -1.4998e-03 -1.4998e-03 -1.4997e-03 -1.4997e-03 -1.4996e-03 -1.4996e-03 -1.4996e-03 -1.4994e-03 -1.4994e-03 -1.4996e-03 -1.4999e-03
-0000.00200 -2.0000e-03 -2.0002e-03 -2.0004e-03 -2.0005e-03 -2.0002e-03 -2.0002e-03 -2.0002e-03 -2.0000e-03 -2.0001e-03 -2.0000e-03 -1.9998e-03 -1.9999e-03 -1.9998e-03 -1.9997e-03 -1.9998e-03 -1.9996e-03 -1.9996e-03 -1.9996e-03 -1.9994e-03 -1.9994e-03 -1.9994e-03 -1.9991e-03 -1.9992e-03 -1.9994e-03 -1.9996e-03
