# Author: FAC idanalysis.IDKickMap
# Termination_kicks [T2m2]: +0.0000e+00 +0.0000e+00 +0.0000e+00 +0.0000e+00 
# Total Length of Longitudinal Interval [m]
0.13
# Number of Horizontal Points
61
# Number of Vertical Points
9
# Total Horizontal 2nd Order Kick [T2m2]
START
            -0000.01000 -0000.00967 -0000.00933 -0000.00900 -0000.00867 -0000.00833 -0000.00800 -0000.00767 -0000.00733 -0000.00700 -0000.00667 -0000.00633 -0000.00600 -0000.00567 -0000.00533 -0000.00500 -0000.00467 -0000.00433 -0000.00400 -0000.00367 -0000.00333 -0000.00300 -0000.00267 -0000.00233 -0000.00200 -0000.00167 -0000.00133 -0000.00100 -0000.00067 -0000.00033 +0000.00000 +0000.00033 +0000.00067 +0000.00100 +0000.00133 +0000.00167 +0000.00200 +0000.00233 +0000.00267 +0000.00300 +0000.00333 +0000.00367 +0000.00400 +0000.00433 +0000.00467 +0000.00500 +0000.00533 +0000.00567 +0000.00600 +0000.00633 +0000.00667 +0000.00700 +0000.00733 +0000.00767 +0000.00800 +0000.00833 +0000.00867 +0000.00900 +0000.00933 +0000.00967 +0000.01000 
+0000.00200 +2.6832e-04 +2.6836e-04 +2.6841e-04 +2.6846e-04 +2.6852e-04 +2.6858e-04 +2.6865e-04 +2.6871e-04 +2.6878e-04 +2.6885e-04 +2.6892e-04 +2.6899e-04 +2.6906e-04 +2.6913e-04 +2.6919e-04 +2.6926e-04 +2.6933e-04 +2.6940e-04 +2.6946e-04 +2.6952e-04 +2.6958e-04 +2.6964e-04 +2.6969e-04 +2.6974e-04 +2.6979e-04 +2.6983e-04 +2.6988e-04 +2.6991e-04 +2.6995e-04 +2.6998e-04 +2.7000e-04 +2.7003e-04 +2.7004e-04 +2.7006e-04 +2.7007e-04 +2.7007e-04 +2.7008e-04 +2.7007e-04 +2.7007e-04 +2.7006e-04 +2.7005e-04 +2.7003e-04 +2.7001e-04 +2.6999e-04 +2.6996e-04 +2.6993e-04 +2.6990e-04 +2.6987e-04 +2.6983e-04 +2.6979e-04 +2.6975e-04 +2.6971e-04 +2.6967e-04 +2.6962e-04 +2.6958e-04 +2.6953e-04 +2.6949e-04 +2.6945e-04 +2.6940e-04 +2.6936e-04 +2.6932e-04 
+0000.00150 +1.5306e-04 +1.5288e-04 +1.5274e-04 +1.5264e-04 +1.5258e-04 +1.5256e-04 +1.5256e-04 +1.5259e-04 +1.5265e-04 +1.5272e-04 +1.5281e-04 +1.5292e-04 +1.5304e-04 +1.5317e-04 +1.5330e-04 +1.5344e-04 +1.5358e-04 +1.5372e-04 +1.5386e-04 +1.5400e-04 +1.5413e-04 +1.5425e-04 +1.5437e-04 +1.5447e-04 +1.5457e-04 +1.5465e-04 +1.5472e-04 +1.5478e-04 +1.5483e-04 +1.5486e-04 +1.5488e-04 +1.5488e-04 +1.5487e-04 +1.5485e-04 +1.5481e-04 +1.5476e-04 +1.5470e-04 +1.5462e-04 +1.5453e-04 +1.5443e-04 +1.5433e-04 +1.5421e-04 +1.5409e-04 +1.5396e-04 +1.5383e-04 +1.5370e-04 +1.5357e-04 +1.5344e-04 +1.5332e-04 +1.5320e-04 +1.5309e-04 +1.5299e-04 +1.5291e-04 +1.5284e-04 +1.5280e-04 +1.5278e-04 +1.5279e-04 +1.5282e-04 +1.5289e-04 +1.5300e-04 +1.5315e-04 
+0000.00100 +1.5331e-04 +1.5303e-04 +1.5280e-04 +1.5262e-04 +1.5249e-04 +1.5241e-04 +1.5236e-04 +1.5234e-04 +1.5236e-04 +1.5240e-04 +1.5246e-04 +1.5255e-04 +1.5265e-04 +1.5276e-04 +1.5289e-04 +1.5302e-04 +1.5315e-04 +1.5329e-04 +1.5343e-04 +1.5357e-04 +1.5370e-04 +1.5383e-04 +1.5395e-04 +1.5406e-04 +1.5416e-04 +1.5425e-04 +1.5433e-04 +1.5439e-04 +1.5444e-04 +1.5448e-04 +1.5450e-04 +1.5451e-04 +1.5450e-04 +1.5448e-04 +1.5444e-04 +1.5439e-04 +1.5433e-04 +1.5425e-04 +1.5416e-04 +1.5406e-04 +1.5395e-04 +1.5384e-04 +1.5372e-04 +1.5359e-04 +1.5346e-04 +1.5333e-04 +1.5321e-04 +1.5309e-04 +1.5297e-04 +1.5286e-04 +1.5277e-04 +1.5269e-04 +1.5263e-04 +1.5259e-04 +1.5258e-04 +1.5260e-04 +1.5265e-04 +1.5273e-04 +1.5286e-04 +1.5304e-04 +1.5326e-04 
+0000.00050 +1.5371e-04 +1.5337e-04 +1.5309e-04 +1.5287e-04 +1.5271e-04 +1.5259e-04 +1.5251e-04 +1.5246e-04 +1.5246e-04 +1.5248e-04 +1.5252e-04 +1.5259e-04 +1.5268e-04 +1.5278e-04 +1.5290e-04 +1.5302e-04 +1.5315e-04 +1.5329e-04 +1.5342e-04 +1.5356e-04 +1.5369e-04 +1.5381e-04 +1.5393e-04 +1.5404e-04 +1.5414e-04 +1.5423e-04 +1.5431e-04 +1.5438e-04 +1.5443e-04 +1.5446e-04 +1.5449e-04 +1.5449e-04 +1.5449e-04 +1.5447e-04 +1.5443e-04 +1.5438e-04 +1.5432e-04 +1.5424e-04 +1.5415e-04 +1.5406e-04 +1.5395e-04 +1.5384e-04 +1.5372e-04 +1.5360e-04 +1.5347e-04 +1.5335e-04 +1.5323e-04 +1.5311e-04 +1.5301e-04 +1.5291e-04 +1.5283e-04 +1.5277e-04 +1.5273e-04 +1.5271e-04 +1.5272e-04 +1.5277e-04 +1.5285e-04 +1.5297e-04 +1.5313e-04 +1.5335e-04 +1.5362e-04 
+0000.00000 +1.5383e-04 +1.5348e-04 +1.5319e-04 +1.5296e-04 +1.5278e-04 +1.5264e-04 +1.5256e-04 +1.5251e-04 +1.5249e-04 +1.5250e-04 +1.5255e-04 +1.5261e-04 +1.5269e-04 +1.5279e-04 +1.5290e-04 +1.5302e-04 +1.5315e-04 +1.5328e-04 +1.5342e-04 +1.5355e-04 +1.5368e-04 +1.5381e-04 +1.5393e-04 +1.5404e-04 +1.5414e-04 +1.5423e-04 +1.5430e-04 +1.5437e-04 +1.5442e-04 +1.5446e-04 +1.5448e-04 +1.5449e-04 +1.5448e-04 +1.5446e-04 +1.5442e-04 +1.5437e-04 +1.5431e-04 +1.5423e-04 +1.5415e-04 +1.5405e-04 +1.5395e-04 +1.5383e-04 +1.5372e-04 +1.5359e-04 +1.5347e-04 +1.5335e-04 +1.5323e-04 +1.5312e-04 +1.5302e-04 +1.5293e-04 +1.5285e-04 +1.5280e-04 +1.5276e-04 +1.5275e-04 +1.5277e-04 +1.5282e-04 +1.5291e-04 +1.5305e-04 +1.5323e-04 +1.5346e-04 +1.5374e-04 
-0000.00050 +1.5371e-04 +1.5337e-04 +1.5309e-04 +1.5287e-04 +1.5271e-04 +1.5259e-04 +1.5251e-04 +1.5246e-04 +1.5246e-04 +1.5248e-04 +1.5252e-04 +1.5259e-04 +1.5268e-04 +1.5278e-04 +1.5290e-04 +1.5302e-04 +1.5315e-04 +1.5329e-04 +1.5342e-04 +1.5356e-04 +1.5369e-04 +1.5381e-04 +1.5393e-04 +1.5404e-04 +1.5414e-04 +1.5423e-04 +1.5431e-04 +1.5438e-04 +1.5443e-04 +1.5446e-04 +1.5449e-04 +1.5449e-04 +1.5449e-04 +1.5446e-04 +1.5443e-04 +1.5438e-04 +1.5431e-04 +1.5424e-04 +1.5415e-04 +1.5405e-04 +1.5395e-04 +1.5384e-04 +1.5372e-04 +1.5359e-04 +1.5347e-04 +1.5335e-04 +1.5323e-04 +1.5311e-04 +1.5301e-04 +1.5291e-04 +1.5283e-04 +1.5277e-04 +1.5273e-04 +1.5271e-04 +1.5272e-04 +1.5276e-04 +1.5284e-04 +1.5296e-04 +1.5313e-04 +1.5335e-04 +1.5362e-04 
-0000.00100 +1.5331e-04 +1.5303e-04 +1.5280e-04 +1.5262e-04 +1.5249e-04 +1.5241e-04 +1.5236e-04 +1.5234e-04 +1.5236e-04 +1.5240e-04 +1.5247e-04 +1.5255e-04 +1.5265e-04 +1.5276e-04 +1.5289e-04 +1.5302e-04 +1.5315e-04 +1.5329e-04 +1.5343e-04 +1.5357e-04 +1.5370e-04 +1.5383e-04 +1.5395e-04 +1.5406e-04 +1.5416e-04 +1.5425e-04 +1.5433e-04 +1.5439e-04 +1.5444e-04 +1.5448e-04 +1.5450e-04 +1.5451e-04 +1.5450e-04 +1.5448e-04 +1.5444e-04 +1.5439e-04 +1.5432e-04 +1.5425e-04 +1.5416e-04 +1.5406e-04 +1.5395e-04 +1.5384e-04 +1.5372e-04 +1.5359e-04 +1.5346e-04 +1.5333e-04 +1.5321e-04 +1.5308e-04 +1.5297e-04 +1.5286e-04 +1.5277e-04 +1.5269e-04 +1.5263e-04 +1.5259e-04 +1.5258e-04 +1.5260e-04 +1.5265e-04 +1.5273e-04 +1.5286e-04 +1.5304e-04 +1.5326e-04 
-0000.00150 +1.5306e-04 +1.5288e-04 +1.5274e-04 +1.5264e-04 +1.5258e-04 +1.5256e-04 +1.5256e-04 +1.5259e-04 +1.5265e-04 +1.5272e-04 +1.5281e-04 +1.5292e-04 +1.5304e-04 +1.5317e-04 +1.5330e-04 +1.5344e-04 +1.5358e-04 +1.5372e-04 +1.5386e-04 +1.5400e-04 +1.5413e-04 +1.5425e-04 +1.5436e-04 +1.5447e-04 +1.5457e-04 +1.5465e-04 +1.5472e-04 +1.5478e-04 +1.5483e-04 +1.5486e-04 +1.5488e-04 +1.5488e-04 +1.5487e-04 +1.5485e-04 +1.5481e-04 +1.5476e-04 +1.5469e-04 +1.5462e-04 +1.5453e-04 +1.5443e-04 +1.5433e-04 +1.5421e-04 +1.5409e-04 +1.5396e-04 +1.5383e-04 +1.5370e-04 +1.5357e-04 +1.5344e-04 +1.5331e-04 +1.5320e-04 +1.5309e-04 +1.5299e-04 +1.5291e-04 +1.5284e-04 +1.5280e-04 +1.5278e-04 +1.5278e-04 +1.5282e-04 +1.5289e-04 +1.5300e-04 +1.5315e-04 
-0000.00200 +2.6832e-04 +2.6837e-04 +2.6842e-04 +2.6847e-04 +2.6853e-04 +2.6859e-04 +2.6865e-04 +2.6872e-04 +2.6878e-04 +2.6885e-04 +2.6892e-04 +2.6899e-04 +2.6906e-04 +2.6913e-04 +2.6920e-04 +2.6927e-04 +2.6933e-04 +2.6940e-04 +2.6946e-04 +2.6952e-04 +2.6958e-04 +2.6964e-04 +2.6969e-04 +2.6974e-04 +2.6979e-04 +2.6984e-04 +2.6988e-04 +2.6991e-04 +2.6995e-04 +2.6998e-04 +2.7000e-04 +2.7003e-04 +2.7004e-04 +2.7006e-04 +2.7007e-04 +2.7007e-04 +2.7008e-04 +2.7007e-04 +2.7007e-04 +2.7006e-04 +2.7005e-04 +2.7003e-04 +2.7001e-04 +2.6999e-04 +2.6996e-04 +2.6993e-04 +2.6990e-04 +2.6986e-04 +2.6983e-04 +2.6979e-04 +2.6975e-04 +2.6971e-04 +2.6966e-04 +2.6962e-04 +2.6958e-04 +2.6953e-04 +2.6949e-04 +2.6944e-04 +2.6940e-04 +2.6936e-04 +2.6932e-04 
# Total Vertical 2nd Order Kick [T2m2]
START
            -0000.01000 -0000.00967 -0000.00933 -0000.00900 -0000.00867 -0000.00833 -0000.00800 -0000.00767 -0000.00733 -0000.00700 -0000.00667 -0000.00633 -0000.00600 -0000.00567 -0000.00533 -0000.00500 -0000.00467 -0000.00433 -0000.00400 -0000.00367 -0000.00333 -0000.00300 -0000.00267 -0000.00233 -0000.00200 -0000.00167 -0000.00133 -0000.00100 -0000.00067 -0000.00033 +0000.00000 +0000.00033 +0000.00067 +0000.00100 +0000.00133 +0000.00167 +0000.00200 +0000.00233 +0000.00267 +0000.00300 +0000.00333 +0000.00367 +0000.00400 +0000.00433 +0000.00467 +0000.00500 +0000.00533 +0000.00567 +0000.00600 +0000.00633 +0000.00667 +0000.00700 +0000.00733 +0000.00767 +0000.00800 +0000.00833 +0000.00867 +0000.00900 +0000.00933 +0000.00967 +0000.01000 
+0000.00200 -2.2235e-04 -2.2280e-04 -2.2323e-04 -2.2362e-04 -2.2399e-04 -2.2432e-04 -2.2463e-04 -2.2490e-04 -2.2514e-04 -2.2536e-04 -2.2555e-04 -2.2571e-04 -2.2584e-04 -2.2595e-04 -2.2603e-04 -2.2609e-04 -2.2612e-04 -2.2613e-04 -2.2612e-04 -2.2609e-04 -2.2604e-04 -2.2597e-04 -2.2588e-04 -2.2578e-04 -2.2566e-04 -2.2553e-04 -2.2539e-04 -2.2524e-04 -2.2507e-04 -2.2490e-04 -2.2473e-04 -2.2455e-04 -2.2437e-04 -2.2418e-04 -2.2400e-04 -2.2383e-04 -2.2365e-04 -2.2349e-04 -2.2333e-04 -2.2318e-04 -2.2305e-04 -2.2293e-04 -2.2283e-04 -2.2275e-04 -2.2269e-04 -2.2266e-04 -2.2265e-04 -2.2268e-04 -2.2273e-04 -2.2282e-04 -2.2295e-04 -2.2312e-04 -2.2333e-04 -2.2358e-04 -2.2389e-04 -2.2425e-04 -2.2466e-04 -2.2513e-04 -2.2566e-04 -2.2625e-04 -2.2691e-04 
+0000.00150 -1.4428e-04 -1.4469e-04 -1.4505e-04 -1.4539e-04 -1.4569e-04 -1.4596e-04 -1.4620e-04 -1.4641e-04 -1.4659e-04 -1.4675e-04 -1.4688e-04 -1.4700e-04 -1.4708e-04 -1.4715e-04 -1.4720e-04 -1.4723e-04 -1.4724e-04 -1.4724e-04 -1.4722e-04 -1.4719e-04 -1.4715e-04 -1.4710e-04 -1.4703e-04 -1.4696e-04 -1.4688e-04 -1.4680e-04 -1.4671e-04 -1.4661e-04 -1.4651e-04 -1.4641e-04 -1.4631e-04 -1.4622e-04 -1.4612e-04 -1.4602e-04 -1.4593e-04 -1.4584e-04 -1.4576e-04 -1.4569e-04 -1.4562e-04 -1.4557e-04 -1.4552e-04 -1.4548e-04 -1.4546e-04 -1.4545e-04 -1.4545e-04 -1.4547e-04 -1.4550e-04 -1.4555e-04 -1.4562e-04 -1.4571e-04 -1.4581e-04 -1.4594e-04 -1.4609e-04 -1.4626e-04 -1.4645e-04 -1.4667e-04 -1.4691e-04 -1.4718e-04 -1.4748e-04 -1.4780e-04 -1.4815e-04 
+0000.00100 -8.7064e-05 -8.7352e-05 -8.7615e-05 -8.7853e-05 -8.8066e-05 -8.8257e-05 -8.8426e-05 -8.8575e-05 -8.8704e-05 -8.8814e-05 -8.8906e-05 -8.8982e-05 -8.9043e-05 -8.9088e-05 -8.9120e-05 -8.9140e-05 -8.9147e-05 -8.9144e-05 -8.9131e-05 -8.9108e-05 -8.9078e-05 -8.9040e-05 -8.8996e-05 -8.8947e-05 -8.8892e-05 -8.8834e-05 -8.8773e-05 -8.8709e-05 -8.8644e-05 -8.8579e-05 -8.8513e-05 -8.8448e-05 -8.8385e-05 -8.8324e-05 -8.8266e-05 -8.8212e-05 -8.8162e-05 -8.8117e-05 -8.8077e-05 -8.8044e-05 -8.8018e-05 -8.8000e-05 -8.7990e-05 -8.7988e-05 -8.7996e-05 -8.8014e-05 -8.8042e-05 -8.8082e-05 -8.8133e-05 -8.8196e-05 -8.8272e-05 -8.8361e-05 -8.8463e-05 -8.8579e-05 -8.8710e-05 -8.8856e-05 -8.9018e-05 -8.9195e-05 -8.9388e-05 -8.9598e-05 -8.9824e-05 
+0000.00050 -4.1018e-05 -4.1165e-05 -4.1300e-05 -4.1421e-05 -4.1530e-05 -4.1628e-05 -4.1714e-05 -4.1790e-05 -4.1856e-05 -4.1912e-05 -4.1960e-05 -4.1998e-05 -4.2029e-05 -4.2053e-05 -4.2069e-05 -4.2079e-05 -4.2083e-05 -4.2082e-05 -4.2075e-05 -4.2064e-05 -4.2049e-05 -4.2030e-05 -4.2008e-05 -4.1983e-05 -4.1956e-05 -4.1927e-05 -4.1897e-05 -4.1865e-05 -4.1833e-05 -4.1800e-05 -4.1767e-05 -4.1735e-05 -4.1704e-05 -4.1673e-05 -4.1645e-05 -4.1618e-05 -4.1594e-05 -4.1572e-05 -4.1553e-05 -4.1537e-05 -4.1525e-05 -4.1516e-05 -4.1512e-05 -4.1512e-05 -4.1517e-05 -4.1527e-05 -4.1542e-05 -4.1563e-05 -4.1589e-05 -4.1622e-05 -4.1661e-05 -4.1706e-05 -4.1758e-05 -4.1817e-05 -4.1884e-05 -4.1957e-05 -4.2039e-05 -4.2128e-05 -4.2225e-05 -4.2331e-05 -4.2444e-05 
+0000.00000 -1.6335e-08 -1.6665e-08 -1.6970e-08 -1.7251e-08 -1.7508e-08 -1.7742e-08 -1.7957e-08 -1.8151e-08 -1.8328e-08 -1.8487e-08 -1.8630e-08 -1.8758e-08 -1.8872e-08 -1.8973e-08 -1.9062e-08 -1.9140e-08 -1.9207e-08 -1.9264e-08 -1.9312e-08 -1.9352e-08 -1.9384e-08 -1.9409e-08 -1.9428e-08 -1.9440e-08 -1.9447e-08 -1.9449e-08 -1.9446e-08 -1.9439e-08 -1.9427e-08 -1.9411e-08 -1.9392e-08 -1.9369e-08 -1.9342e-08 -1.9312e-08 -1.9278e-08 -1.9241e-08 -1.9200e-08 -1.9156e-08 -1.9107e-08 -1.9055e-08 -1.8998e-08 -1.8936e-08 -1.8869e-08 -1.8797e-08 -1.8719e-08 -1.8634e-08 -1.8543e-08 -1.8444e-08 -1.8337e-08 -1.8221e-08 -1.8095e-08 -1.7959e-08 -1.7812e-08 -1.7653e-08 -1.7482e-08 -1.7296e-08 -1.7096e-08 -1.6880e-08 -1.6647e-08 -1.6396e-08 -1.6125e-08 
-0000.00050 +4.0985e-05 +4.1132e-05 +4.1266e-05 +4.1387e-05 +4.1495e-05 +4.1593e-05 +4.1679e-05 +4.1754e-05 +4.1819e-05 +4.1875e-05 +4.1922e-05 +4.1961e-05 +4.1992e-05 +4.2015e-05 +4.2031e-05 +4.2041e-05 +4.2045e-05 +4.2043e-05 +4.2037e-05 +4.2025e-05 +4.2010e-05 +4.1991e-05 +4.1969e-05 +4.1945e-05 +4.1917e-05 +4.1888e-05 +4.1858e-05 +4.1826e-05 +4.1794e-05 +4.1761e-05 +4.1728e-05 +4.1696e-05 +4.1665e-05 +4.1635e-05 +4.1606e-05 +4.1580e-05 +4.1555e-05 +4.1533e-05 +4.1514e-05 +4.1499e-05 +4.1486e-05 +4.1478e-05 +4.1474e-05 +4.1474e-05 +4.1479e-05 +4.1489e-05 +4.1505e-05 +4.1526e-05 +4.1552e-05 +4.1585e-05 +4.1624e-05 +4.1670e-05 +4.1722e-05 +4.1782e-05 +4.1849e-05 +4.1923e-05 +4.2005e-05 +4.2094e-05 +4.2192e-05 +4.2298e-05 +4.2412e-05 
-0000.00100 +8.7030e-05 +8.7318e-05 +8.7580e-05 +8.7818e-05 +8.8031e-05 +8.8221e-05 +8.8390e-05 +8.8538e-05 +8.8667e-05 +8.8776e-05 +8.8869e-05 +8.8944e-05 +8.9004e-05 +8.9050e-05 +8.9082e-05 +8.9101e-05 +8.9108e-05 +8.9105e-05 +8.9092e-05 +8.9069e-05 +8.9039e-05 +8.9001e-05 +8.8957e-05 +8.8908e-05 +8.8853e-05 +8.8795e-05 +8.8734e-05 +8.8670e-05 +8.8605e-05 +8.8540e-05 +8.8474e-05 +8.8409e-05 +8.8346e-05 +8.8285e-05 +8.8227e-05 +8.8173e-05 +8.8123e-05 +8.8078e-05 +8.8039e-05 +8.8006e-05 +8.7980e-05 +8.7962e-05 +8.7952e-05 +8.7951e-05 +8.7959e-05 +8.7977e-05 +8.8005e-05 +8.8045e-05 +8.8096e-05 +8.8160e-05 +8.8236e-05 +8.8325e-05 +8.8427e-05 +8.8544e-05 +8.8675e-05 +8.8822e-05 +8.8983e-05 +8.9161e-05 +8.9354e-05 +8.9564e-05 +8.9792e-05 
-0000.00150 +1.4425e-04 +1.4465e-04 +1.4502e-04 +1.4535e-04 +1.4565e-04 +1.4592e-04 +1.4616e-04 +1.4637e-04 +1.4656e-04 +1.4671e-04 +1.4685e-04 +1.4696e-04 +1.4705e-04 +1.4711e-04 +1.4716e-04 +1.4719e-04 +1.4721e-04 +1.4720e-04 +1.4719e-04 +1.4716e-04 +1.4711e-04 +1.4706e-04 +1.4700e-04 +1.4692e-04 +1.4684e-04 +1.4676e-04 +1.4667e-04 +1.4657e-04 +1.4648e-04 +1.4638e-04 +1.4628e-04 +1.4618e-04 +1.4608e-04 +1.4598e-04 +1.4589e-04 +1.4581e-04 +1.4572e-04 +1.4565e-04 +1.4558e-04 +1.4553e-04 +1.4548e-04 +1.4544e-04 +1.4542e-04 +1.4541e-04 +1.4541e-04 +1.4543e-04 +1.4546e-04 +1.4551e-04 +1.4558e-04 +1.4567e-04 +1.4578e-04 +1.4590e-04 +1.4605e-04 +1.4622e-04 +1.4642e-04 +1.4664e-04 +1.4688e-04 +1.4715e-04 +1.4745e-04 +1.4777e-04 +1.4812e-04 
-0000.00200 +2.2231e-04 +2.2277e-04 +2.2319e-04 +2.2359e-04 +2.2395e-04 +2.2429e-04 +2.2459e-04 +2.2486e-04 +2.2511e-04 +2.2532e-04 +2.2551e-04 +2.2567e-04 +2.2581e-04 +2.2591e-04 +2.2599e-04 +2.2605e-04 +2.2608e-04 +2.2610e-04 +2.2608e-04 +2.2605e-04 +2.2600e-04 +2.2593e-04 +2.2584e-04 +2.2574e-04 +2.2562e-04 +2.2549e-04 +2.2535e-04 +2.2520e-04 +2.2503e-04 +2.2486e-04 +2.2469e-04 +2.2451e-04 +2.2433e-04 +2.2415e-04 +2.2396e-04 +2.2379e-04 +2.2361e-04 +2.2345e-04 +2.2329e-04 +2.2314e-04 +2.2301e-04 +2.2289e-04 +2.2279e-04 +2.2271e-04 +2.2265e-04 +2.2262e-04 +2.2261e-04 +2.2264e-04 +2.2269e-04 +2.2278e-04 +2.2291e-04 +2.2308e-04 +2.2329e-04 +2.2355e-04 +2.2385e-04 +2.2421e-04 +2.2462e-04 +2.2509e-04 +2.2562e-04 +2.2621e-04 +2.2687e-04 
# Horizontal Final Position [m]
START
            -0000.01000 -0000.00967 -0000.00933 -0000.00900 -0000.00867 -0000.00833 -0000.00800 -0000.00767 -0000.00733 -0000.00700 -0000.00667 -0000.00633 -0000.00600 -0000.00567 -0000.00533 -0000.00500 -0000.00467 -0000.00433 -0000.00400 -0000.00367 -0000.00333 -0000.00300 -0000.00267 -0000.00233 -0000.00200 -0000.00167 -0000.00133 -0000.00100 -0000.00067 -0000.00033 +0000.00000 +0000.00033 +0000.00067 +0000.00100 +0000.00133 +0000.00167 +0000.00200 +0000.00233 +0000.00267 +0000.00300 +0000.00333 +0000.00367 +0000.00400 +0000.00433 +0000.00467 +0000.00500 +0000.00533 +0000.00567 +0000.00600 +0000.00633 +0000.00667 +0000.00700 +0000.00733 +0000.00767 +0000.00800 +0000.00833 +0000.00867 +0000.00900 +0000.00933 +0000.00967 +0000.01000 
+0000.00200 -9.9993e-03 -9.6660e-03 -9.3327e-03 -8.9994e-03 -8.6661e-03 -8.3328e-03 -7.9995e-03 -7.6662e-03 -7.3329e-03 -6.9996e-03 -6.6663e-03 -6.3330e-03 -5.9996e-03 -5.6663e-03 -5.3330e-03 -4.9997e-03 -4.6663e-03 -4.3330e-03 -3.9997e-03 -3.6664e-03 -3.3330e-03 -2.9997e-03 -2.6664e-03 -2.3330e-03 -1.9997e-03 -1.6664e-03 -1.3330e-03 -9.9972e-04 -6.6638e-04 -3.3305e-04 +2.7959e-07 +3.3361e-04 +6.6694e-04 +1.0003e-03 +1.3336e-03 +1.6669e-03 +2.0003e-03 +2.3336e-03 +2.6669e-03 +3.0003e-03 +3.3336e-03 +3.6670e-03 +4.0003e-03 +4.3336e-03 +4.6670e-03 +5.0003e-03 +5.3337e-03 +5.6670e-03 +6.0004e-03 +6.3337e-03 +6.6671e-03 +7.0004e-03 +7.3338e-03 +7.6671e-03 +8.0005e-03 +8.3339e-03 +8.6673e-03 +9.0006e-03 +9.3340e-03 +9.6674e-03 +1.0001e-02 
+0000.00150 -9.9998e-03 -9.6665e-03 -9.3331e-03 -8.9998e-03 -8.6664e-03 -8.3331e-03 -7.9998e-03 -7.6664e-03 -7.3331e-03 -6.9998e-03 -6.6665e-03 -6.3332e-03 -5.9998e-03 -5.6665e-03 -5.3332e-03 -4.9999e-03 -4.6666e-03 -4.3332e-03 -3.9999e-03 -3.6666e-03 -3.3333e-03 -3.0000e-03 -2.6666e-03 -2.3333e-03 -2.0000e-03 -1.6667e-03 -1.3333e-03 -1.0000e-03 -6.6669e-04 -3.3336e-04 -2.6418e-08 +3.3331e-04 +6.6664e-04 +9.9998e-04 +1.3333e-03 +1.6667e-03 +2.0000e-03 +2.3333e-03 +2.6667e-03 +3.0000e-03 +3.3334e-03 +3.6667e-03 +4.0001e-03 +4.3334e-03 +4.6668e-03 +5.0001e-03 +5.3335e-03 +5.6668e-03 +6.0002e-03 +6.3335e-03 +6.6668e-03 +7.0002e-03 +7.3335e-03 +7.6669e-03 +8.0002e-03 +8.3335e-03 +8.6669e-03 +9.0002e-03 +9.3335e-03 +9.6668e-03 +1.0000e-02 
+0000.00100 -9.9998e-03 -9.6665e-03 -9.3331e-03 -8.9998e-03 -8.6664e-03 -8.3331e-03 -7.9998e-03 -7.6664e-03 -7.3331e-03 -6.9998e-03 -6.6665e-03 -6.3332e-03 -5.9998e-03 -5.6665e-03 -5.3332e-03 -4.9999e-03 -4.6666e-03 -4.3332e-03 -3.9999e-03 -3.6666e-03 -3.3333e-03 -3.0000e-03 -2.6666e-03 -2.3333e-03 -2.0000e-03 -1.6667e-03 -1.3333e-03 -1.0000e-03 -6.6669e-04 -3.3336e-04 -2.5710e-08 +3.3331e-04 +6.6665e-04 +9.9998e-04 +1.3333e-03 +1.6667e-03 +2.0000e-03 +2.3333e-03 +2.6667e-03 +3.0000e-03 +3.3334e-03 +3.6667e-03 +4.0001e-03 +4.3334e-03 +4.6668e-03 +5.0001e-03 +5.3335e-03 +5.6668e-03 +6.0002e-03 +6.3335e-03 +6.6668e-03 +7.0002e-03 +7.3335e-03 +7.6669e-03 +8.0002e-03 +8.3335e-03 +8.6668e-03 +9.0002e-03 +9.3335e-03 +9.6668e-03 +1.0000e-02 
+0000.00050 -9.9998e-03 -9.6665e-03 -9.3331e-03 -8.9998e-03 -8.6664e-03 -8.3331e-03 -7.9998e-03 -7.6664e-03 -7.3331e-03 -6.9998e-03 -6.6665e-03 -6.3332e-03 -5.9998e-03 -5.6665e-03 -5.3332e-03 -4.9999e-03 -4.6666e-03 -4.3332e-03 -3.9999e-03 -3.6666e-03 -3.3333e-03 -3.0000e-03 -2.6666e-03 -2.3333e-03 -2.0000e-03 -1.6667e-03 -1.3333e-03 -1.0000e-03 -6.6669e-04 -3.3336e-04 -2.5443e-08 +3.3331e-04 +6.6665e-04 +9.9998e-04 +1.3333e-03 +1.6667e-03 +2.0000e-03 +2.3333e-03 +2.6667e-03 +3.0000e-03 +3.3334e-03 +3.6667e-03 +4.0001e-03 +4.3334e-03 +4.6668e-03 +5.0001e-03 +5.3335e-03 +5.6668e-03 +6.0002e-03 +6.3335e-03 +6.6668e-03 +7.0002e-03 +7.3335e-03 +7.6669e-03 +8.0002e-03 +8.3335e-03 +8.6668e-03 +9.0002e-03 +9.3335e-03 +9.6668e-03 +1.0000e-02 
+0000.00000 -9.9998e-03 -9.6665e-03 -9.3331e-03 -8.9998e-03 -8.6664e-03 -8.3331e-03 -7.9998e-03 -7.6664e-03 -7.3331e-03 -6.9998e-03 -6.6665e-03 -6.3332e-03 -5.9998e-03 -5.6665e-03 -5.3332e-03 -4.9999e-03 -4.6666e-03 -4.3332e-03 -3.9999e-03 -3.6666e-03 -3.3333e-03 -3.0000e-03 -2.6666e-03 -2.3333e-03 -2.0000e-03 -1.6667e-03 -1.3333e-03 -1.0000e-03 -6.6669e-04 -3.3336e-04 -2.5374e-08 +3.3331e-04 +6.6665e-04 +9.9998e-04 +1.3333e-03 +1.6667e-03 +2.0000e-03 +2.3333e-03 +2.6667e-03 +3.0000e-03 +3.3334e-03 +3.6667e-03 +4.0001e-03 +4.3334e-03 +4.6668e-03 +5.0001e-03 +5.3335e-03 +5.6668e-03 +6.0002e-03 +6.3335e-03 +6.6668e-03 +7.0002e-03 +7.3335e-03 +7.6669e-03 +8.0002e-03 +8.3335e-03 +8.6668e-03 +9.0002e-03 +9.3335e-03 +9.6668e-03 +1.0000e-02 
-0000.00050 -9.9998e-03 -9.6665e-03 -9.3331e-03 -8.9998e-03 -8.6664e-03 -8.3331e-03 -7.9998e-03 -7.6664e-03 -7.3331e-03 -6.9998e-03 -6.6665e-03 -6.3332e-03 -5.9998e-03 -5.6665e-03 -5.3332e-03 -4.9999e-03 -4.6666e-03 -4.3332e-03 -3.9999e-03 -3.6666e-03 -3.3333e-03 -3.0000e-03 -2.6666e-03 -2.3333e-03 -2.0000e-03 -1.6667e-03 -1.3333e-03 -1.0000e-03 -6.6669e-04 -3.3336e-04 -2.5443e-08 +3.3331e-04 +6.6665e-04 +9.9998e-04 +1.3333e-03 +1.6667e-03 +2.0000e-03 +2.3333e-03 +2.6667e-03 +3.0000e-03 +3.3334e-03 +3.6667e-03 +4.0001e-03 +4.3334e-03 +4.6668e-03 +5.0001e-03 +5.3335e-03 +5.6668e-03 +6.0002e-03 +6.3335e-03 +6.6668e-03 +7.0002e-03 +7.3335e-03 +7.6669e-03 +8.0002e-03 +8.3335e-03 +8.6668e-03 +9.0002e-03 +9.3335e-03 +9.6668e-03 +1.0000e-02 
-0000.00100 -9.9998e-03 -9.6665e-03 -9.3331e-03 -8.9998e-03 -8.6664e-03 -8.3331e-03 -7.9998e-03 -7.6664e-03 -7.3331e-03 -6.9998e-03 -6.6665e-03 -6.3332e-03 -5.9998e-03 -5.6665e-03 -5.3332e-03 -4.9999e-03 -4.6666e-03 -4.3332e-03 -3.9999e-03 -3.6666e-03 -3.3333e-03 -3.0000e-03 -2.6666e-03 -2.3333e-03 -2.0000e-03 -1.6667e-03 -1.3333e-03 -1.0000e-03 -6.6669e-04 -3.3336e-04 -2.5710e-08 +3.3331e-04 +6.6665e-04 +9.9998e-04 +1.3333e-03 +1.6667e-03 +2.0000e-03 +2.3333e-03 +2.6667e-03 +3.0000e-03 +3.3334e-03 +3.6667e-03 +4.0001e-03 +4.3334e-03 +4.6668e-03 +5.0001e-03 +5.3335e-03 +5.6668e-03 +6.0002e-03 +6.3335e-03 +6.6668e-03 +7.0002e-03 +7.3335e-03 +7.6669e-03 +8.0002e-03 +8.3335e-03 +8.6668e-03 +9.0002e-03 +9.3335e-03 +9.6668e-03 +1.0000e-02 
-0000.00150 -9.9998e-03 -9.6665e-03 -9.3331e-03 -8.9998e-03 -8.6664e-03 -8.3331e-03 -7.9998e-03 -7.6664e-03 -7.3331e-03 -6.9998e-03 -6.6665e-03 -6.3332e-03 -5.9998e-03 -5.6665e-03 -5.3332e-03 -4.9999e-03 -4.6666e-03 -4.3332e-03 -3.9999e-03 -3.6666e-03 -3.3333e-03 -3.0000e-03 -2.6666e-03 -2.3333e-03 -2.0000e-03 -1.6667e-03 -1.3333e-03 -1.0000e-03 -6.6669e-04 -3.3336e-04 -2.6418e-08 +3.3331e-04 +6.6664e-04 +9.9998e-04 +1.3333e-03 +1.6667e-03 +2.0000e-03 +2.3333e-03 +2.6667e-03 +3.0000e-03 +3.3334e-03 +3.6667e-03 +4.0001e-03 +4.3334e-03 +4.6668e-03 +5.0001e-03 +5.3335e-03 +5.6668e-03 +6.0002e-03 +6.3335e-03 +6.6668e-03 +7.0002e-03 +7.3335e-03 +7.6669e-03 +8.0002e-03 +8.3335e-03 +8.6669e-03 +9.0002e-03 +9.3335e-03 +9.6668e-03 +1.0000e-02 
-0000.00200 -9.9993e-03 -9.6660e-03 -9.3327e-03 -8.9994e-03 -8.6661e-03 -8.3328e-03 -7.9995e-03 -7.6662e-03 -7.3329e-03 -6.9996e-03 -6.6663e-03 -6.3330e-03 -5.9996e-03 -5.6663e-03 -5.3330e-03 -4.9997e-03 -4.6663e-03 -4.3330e-03 -3.9997e-03 -3.6664e-03 -3.3330e-03 -2.9997e-03 -2.6664e-03 -2.3330e-03 -1.9997e-03 -1.6664e-03 -1.3330e-03 -9.9972e-04 -6.6638e-04 -3.3305e-04 +2.7959e-07 +3.3361e-04 +6.6694e-04 +1.0003e-03 +1.3336e-03 +1.6669e-03 +2.0003e-03 +2.3336e-03 +2.6669e-03 +3.0003e-03 +3.3336e-03 +3.6670e-03 +4.0003e-03 +4.3336e-03 +4.6670e-03 +5.0003e-03 +5.3337e-03 +5.6670e-03 +6.0004e-03 +6.3337e-03 +6.6671e-03 +7.0004e-03 +7.3338e-03 +7.6671e-03 +8.0005e-03 +8.3339e-03 +8.6673e-03 +9.0006e-03 +9.3340e-03 +9.6674e-03 +1.0001e-02 
# Vertical Final Position [m]
START
            -0000.01000 -0000.00967 -0000.00933 -0000.00900 -0000.00867 -0000.00833 -0000.00800 -0000.00767 -0000.00733 -0000.00700 -0000.00667 -0000.00633 -0000.00600 -0000.00567 -0000.00533 -0000.00500 -0000.00467 -0000.00433 -0000.00400 -0000.00367 -0000.00333 -0000.00300 -0000.00267 -0000.00233 -0000.00200 -0000.00167 -0000.00133 -0000.00100 -0000.00067 -0000.00033 +0000.00000 +0000.00033 +0000.00067 +0000.00100 +0000.00133 +0000.00167 +0000.00200 +0000.00233 +0000.00267 +0000.00300 +0000.00333 +0000.00367 +0000.00400 +0000.00433 +0000.00467 +0000.00500 +0000.00533 +0000.00567 +0000.00600 +0000.00633 +0000.00667 +0000.00700 +0000.00733 +0000.00767 +0000.00800 +0000.00833 +0000.00867 +0000.00900 +0000.00933 +0000.00967 +0000.01000 
+0000.00200 +1.9999e-03 +1.9999e-03 +1.9999e-03 +1.9999e-03 +1.9999e-03 +1.9999e-03 +1.9999e-03 +1.9999e-03 +1.9999e-03 +1.9999e-03 +1.9999e-03 +1.9999e-03 +1.9999e-03 +1.9999e-03 +1.9999e-03 +1.9999e-03 +1.9999e-03 +1.9999e-03 +1.9998e-03 +1.9998e-03 +1.9998e-03 +1.9998e-03 +1.9998e-03 +1.9998e-03 +1.9998e-03 +1.9998e-03 +1.9998e-03 +1.9998e-03 +1.9998e-03 +1.9998e-03 +1.9998e-03 +1.9998e-03 +1.9998e-03 +1.9998e-03 +1.9998e-03 +1.9998e-03 +1.9998e-03 +1.9998e-03 +1.9998e-03 +1.9998e-03 +1.9998e-03 +1.9998e-03 +1.9998e-03 +1.9997e-03 +1.9997e-03 +1.9997e-03 +1.9997e-03 +1.9997e-03 +1.9997e-03 +1.9997e-03 +1.9997e-03 +1.9997e-03 +1.9997e-03 +1.9997e-03 +1.9997e-03 +1.9997e-03 +1.9997e-03 +1.9996e-03 +1.9996e-03 +1.9996e-03 +1.9996e-03 
+0000.00150 +1.5000e-03 +1.5000e-03 +1.4999e-03 +1.4999e-03 +1.4999e-03 +1.4999e-03 +1.4999e-03 +1.4999e-03 +1.4999e-03 +1.4999e-03 +1.4999e-03 +1.4999e-03 +1.4999e-03 +1.4999e-03 +1.4999e-03 +1.4999e-03 +1.4999e-03 +1.4999e-03 +1.4999e-03 +1.4999e-03 +1.4999e-03 +1.4999e-03 +1.4999e-03 +1.4999e-03 +1.4999e-03 +1.4999e-03 +1.4999e-03 +1.4999e-03 +1.4999e-03 +1.4999e-03 +1.4999e-03 +1.4999e-03 +1.4999e-03 +1.4998e-03 +1.4998e-03 +1.4998e-03 +1.4998e-03 +1.4998e-03 +1.4998e-03 +1.4998e-03 +1.4998e-03 +1.4998e-03 +1.4998e-03 +1.4998e-03 +1.4998e-03 +1.4998e-03 +1.4998e-03 +1.4998e-03 +1.4998e-03 +1.4998e-03 +1.4998e-03 +1.4998e-03 +1.4998e-03 +1.4998e-03 +1.4998e-03 +1.4998e-03 +1.4998e-03 +1.4998e-03 +1.4997e-03 +1.4997e-03 +1.4997e-03 
+0000.00100 +9.9998e-04 +9.9998e-04 +9.9997e-04 +9.9997e-04 +9.9997e-04 +9.9997e-04 +9.9996e-04 +9.9996e-04 +9.9996e-04 +9.9996e-04 +9.9995e-04 +9.9995e-04 +9.9995e-04 +9.9995e-04 +9.9994e-04 +9.9994e-04 +9.9994e-04 +9.9994e-04 +9.9993e-04 +9.9993e-04 +9.9993e-04 +9.9993e-04 +9.9993e-04 +9.9992e-04 +9.9992e-04 +9.9992e-04 +9.9992e-04 +9.9992e-04 +9.9991e-04 +9.9991e-04 +9.9991e-04 +9.9991e-04 +9.9991e-04 +9.9990e-04 +9.9990e-04 +9.9990e-04 +9.9990e-04 +9.9990e-04 +9.9990e-04 +9.9989e-04 +9.9989e-04 +9.9989e-04 +9.9989e-04 +9.9989e-04 +9.9988e-04 +9.9988e-04 +9.9988e-04 +9.9988e-04 +9.9987e-04 +9.9987e-04 +9.9987e-04 +9.9987e-04 +9.9987e-04 +9.9986e-04 +9.9986e-04 +9.9986e-04 +9.9985e-04 +9.9985e-04 +9.9985e-04 +9.9984e-04 +9.9984e-04 
+0000.00050 +4.9999e-04 +4.9999e-04 +4.9999e-04 +4.9999e-04 +4.9999e-04 +4.9999e-04 +4.9998e-04 +4.9998e-04 +4.9998e-04 +4.9998e-04 +4.9998e-04 +4.9998e-04 +4.9998e-04 +4.9998e-04 +4.9997e-04 +4.9997e-04 +4.9997e-04 +4.9997e-04 +4.9997e-04 +4.9997e-04 +4.9997e-04 +4.9997e-04 +4.9997e-04 +4.9996e-04 +4.9996e-04 +4.9996e-04 +4.9996e-04 +4.9996e-04 +4.9996e-04 +4.9996e-04 +4.9996e-04 +4.9996e-04 +4.9996e-04 +4.9995e-04 +4.9995e-04 +4.9995e-04 +4.9995e-04 +4.9995e-04 +4.9995e-04 +4.9995e-04 +4.9995e-04 +4.9995e-04 +4.9995e-04 +4.9995e-04 +4.9994e-04 +4.9994e-04 +4.9994e-04 +4.9994e-04 +4.9994e-04 +4.9994e-04 +4.9994e-04 +4.9994e-04 +4.9994e-04 +4.9993e-04 +4.9993e-04 +4.9993e-04 +4.9993e-04 +4.9993e-04 +4.9993e-04 +4.9993e-04 +4.9992e-04 
+0000.00000 -4.1488e-11 -4.2151e-11 -4.2772e-11 -4.3352e-11 -4.3893e-11 -4.4397e-11 -4.4866e-11 -4.5302e-11 -4.5705e-11 -4.6078e-11 -4.6422e-11 -4.6739e-11 -4.7030e-11 -4.7295e-11 -4.7538e-11 -4.7758e-11 -4.7956e-11 -4.8135e-11 -4.8294e-11 -4.8435e-11 -4.8559e-11 -4.8666e-11 -4.8757e-11 -4.8833e-11 -4.8894e-11 -4.8941e-11 -4.8975e-11 -4.8996e-11 -4.9004e-11 -4.8999e-11 -4.8983e-11 -4.8954e-11 -4.8914e-11 -4.8861e-11 -4.8797e-11 -4.8720e-11 -4.8632e-11 -4.8531e-11 -4.8418e-11 -4.8291e-11 -4.8152e-11 -4.7998e-11 -4.7831e-11 -4.7648e-11 -4.7450e-11 -4.7236e-11 -4.7005e-11 -4.6756e-11 -4.6488e-11 -4.6200e-11 -4.5892e-11 -4.5562e-11 -4.5209e-11 -4.4832e-11 -4.4430e-11 -4.4000e-11 -4.3543e-11 -4.3056e-11 -4.2538e-11 -4.1986e-11 -4.1401e-11 
-0000.00050 -4.9999e-04 -4.9999e-04 -4.9999e-04 -4.9999e-04 -4.9999e-04 -4.9999e-04 -4.9998e-04 -4.9998e-04 -4.9998e-04 -4.9998e-04 -4.9998e-04 -4.9998e-04 -4.9998e-04 -4.9998e-04 -4.9997e-04 -4.9997e-04 -4.9997e-04 -4.9997e-04 -4.9997e-04 -4.9997e-04 -4.9997e-04 -4.9997e-04 -4.9997e-04 -4.9996e-04 -4.9996e-04 -4.9996e-04 -4.9996e-04 -4.9996e-04 -4.9996e-04 -4.9996e-04 -4.9996e-04 -4.9996e-04 -4.9996e-04 -4.9995e-04 -4.9995e-04 -4.9995e-04 -4.9995e-04 -4.9995e-04 -4.9995e-04 -4.9995e-04 -4.9995e-04 -4.9995e-04 -4.9995e-04 -4.9995e-04 -4.9994e-04 -4.9994e-04 -4.9994e-04 -4.9994e-04 -4.9994e-04 -4.9994e-04 -4.9994e-04 -4.9994e-04 -4.9994e-04 -4.9993e-04 -4.9993e-04 -4.9993e-04 -4.9993e-04 -4.9993e-04 -4.9993e-04 -4.9993e-04 -4.9992e-04 
-0000.00100 -9.9998e-04 -9.9998e-04 -9.9997e-04 -9.9997e-04 -9.9997e-04 -9.9997e-04 -9.9996e-04 -9.9996e-04 -9.9996e-04 -9.9996e-04 -9.9995e-04 -9.9995e-04 -9.9995e-04 -9.9995e-04 -9.9994e-04 -9.9994e-04 -9.9994e-04 -9.9994e-04 -9.9993e-04 -9.9993e-04 -9.9993e-04 -9.9993e-04 -9.9993e-04 -9.9992e-04 -9.9992e-04 -9.9992e-04 -9.9992e-04 -9.9992e-04 -9.9991e-04 -9.9991e-04 -9.9991e-04 -9.9991e-04 -9.9991e-04 -9.9990e-04 -9.9990e-04 -9.9990e-04 -9.9990e-04 -9.9990e-04 -9.9990e-04 -9.9989e-04 -9.9989e-04 -9.9989e-04 -9.9989e-04 -9.9989e-04 -9.9988e-04 -9.9988e-04 -9.9988e-04 -9.9988e-04 -9.9987e-04 -9.9987e-04 -9.9987e-04 -9.9987e-04 -9.9987e-04 -9.9986e-04 -9.9986e-04 -9.9986e-04 -9.9985e-04 -9.9985e-04 -9.9985e-04 -9.9984e-04 -9.9984e-04 
-0000.00150 -1.5000e-03 -1.5000e-03 -1.4999e-03 -1.4999e-03 -1.4999e-03 -1.4999e-03 -1.4999e-03 -1.4999e-03 -1.4999e-03 -1.4999e-03 -1.4999e-03 -1.4999e-03 -1.4999e-03 -1.4999e-03 -1.4999e-03 -1.4999e-03 -1.4999e-03 -1.4999e-03 -1.4999e-03 -1.4999e-03 -1.4999e-03 -1.4999e-03 -1.4999e-03 -1.4999e-03 -1.4999e-03 -1.4999e-03 -1.4999e-03 -1.4999e-03 -1.4999e-03 -1.4999e-03 -1.4999e-03 -1.4999e-03 -1.4999e-03 -1.4998e-03 -1.4998e-03 -1.4998e-03 -1.4998e-03 -1.4998e-03 -1.4998e-03 -1.4998e-03 -1.4998e-03 -1.4998e-03 -1.4998e-03 -1.4998e-03 -1.4998e-03 -1.4998e-03 -1.4998e-03 -1.4998e-03 -1.4998e-03 -1.4998e-03 -1.4998e-03 -1.4998e-03 -1.4998e-03 -1.4998e-03 -1.4998e-03 -1.4998e-03 -1.4998e-03 -1.4998e-03 -1.4997e-03 -1.4997e-03 -1.4997e-03 
-0000.00200 -1.9999e-03 -1.9999e-03 -1.9999e-03 -1.9999e-03 -1.9999e-03 -1.9999e-03 -1.9999e-03 -1.9999e-03 -1.9999e-03 -1.9999e-03 -1.9999e-03 -1.9999e-03 -1.9999e-03 -1.9999e-03 -1.9999e-03 -1.9999e-03 -1.9999e-03 -1.9999e-03 -1.9998e-03 -1.9998e-03 -1.9998e-03 -1.9998e-03 -1.9998e-03 -1.9998e-03 -1.9998e-03 -1.9998e-03 -1.9998e-03 -1.9998e-03 -1.9998e-03 -1.9998e-03 -1.9998e-03 -1.9998e-03 -1.9998e-03 -1.9998e-03 -1.9998e-03 -1.9998e-03 -1.9998e-03 -1.9998e-03 -1.9998e-03 -1.9998e-03 -1.9998e-03 -1.9998e-03 -1.9998e-03 -1.9997e-03 -1.9997e-03 -1.9997e-03 -1.9997e-03 -1.9997e-03 -1.9997e-03 -1.9997e-03 -1.9997e-03 -1.9997e-03 -1.9997e-03 -1.9997e-03 -1.9997e-03 -1.9997e-03 -1.9997e-03 -1.9996e-03 -1.9996e-03 -1.9996e-03 -1.9996e-03 