# Author: FAC idanalysis.IDKickMap
#
# Total Length of Longitudinal Interval [m]
0.75
# Number of Horizontal Points
25
# Number of Vertical Points
9
# Total Horizontal 2nd Order Kick [T2m2]
START
            -0000.01200 -0000.01100 -0000.01000 -0000.00900 -0000.00800 -0000.00700 -0000.00600 -0000.00500 -0000.00400 -0000.00300 -0000.00200 -0000.00100 +0000.00000 +0000.00100 +0000.00200 +0000.00300 +0000.00400 +0000.00500 +0000.00600 +0000.00700 +0000.00800 +0000.00900 +0000.01000 +0000.01100 +0000.01200
+0000.00200 -2.9195e-04 -2.7947e-04 -2.6866e-04 -2.5938e-04 -2.5045e-04 -2.4247e-04 -2.3628e-04 -2.3081e-04 -2.2576e-04 -2.2235e-04 -2.2042e-04 -2.1876e-04 -2.1786e-04 -2.1868e-04 -2.2021e-04 -2.2202e-04 -2.2534e-04 -2.3024e-04 -2.3555e-04 -2.4165e-04 -2.4953e-04 -2.5825e-04 -2.6733e-04 -2.7797e-04 -2.9018e-04
+0000.00150 -2.9192e-04 -2.8024e-04 -2.6961e-04 -2.6013e-04 -2.5138e-04 -2.4362e-04 -2.3718e-04 -2.3165e-04 -2.2690e-04 -2.2344e-04 -2.2119e-04 -2.1964e-04 -2.1896e-04 -2.1955e-04 -2.2099e-04 -2.2311e-04 -2.2646e-04 -2.3108e-04 -2.3648e-04 -2.4280e-04 -2.5043e-04 -2.5900e-04 -2.6827e-04 -2.7868e-04 -2.9004e-04
+0000.00100 -2.9188e-04 -2.8070e-04 -2.7023e-04 -2.6071e-04 -2.5205e-04 -2.4438e-04 -2.3785e-04 -2.3229e-04 -2.2766e-04 -2.2418e-04 -2.2180e-04 -2.2028e-04 -2.1969e-04 -2.2018e-04 -2.2159e-04 -2.2386e-04 -2.2723e-04 -2.3173e-04 -2.3715e-04 -2.4356e-04 -2.5109e-04 -2.5958e-04 -2.6888e-04 -2.7909e-04 -2.8991e-04
+0000.00050 -2.9183e-04 -2.8093e-04 -2.7058e-04 -2.6107e-04 -2.5245e-04 -2.4482e-04 -2.3825e-04 -2.3269e-04 -2.2811e-04 -2.2462e-04 -2.2218e-04 -2.2067e-04 -2.2012e-04 -2.2057e-04 -2.2197e-04 -2.2429e-04 -2.2767e-04 -2.3213e-04 -2.3756e-04 -2.4400e-04 -2.5149e-04 -2.5993e-04 -2.6923e-04 -2.7931e-04 -2.8982e-04
+0000.00000 -2.9181e-04 -2.8101e-04 -2.7069e-04 -2.6119e-04 -2.5259e-04 -2.4496e-04 -2.3839e-04 -2.3282e-04 -2.2826e-04 -2.2476e-04 -2.2231e-04 -2.2080e-04 -2.2025e-04 -2.2070e-04 -2.2210e-04 -2.2444e-04 -2.2782e-04 -2.3226e-04 -2.3770e-04 -2.4414e-04 -2.5162e-04 -2.6005e-04 -2.6934e-04 -2.7938e-04 -2.8979e-04
-0000.00050 -2.9183e-04 -2.8093e-04 -2.7058e-04 -2.6107e-04 -2.5245e-04 -2.4482e-04 -2.3825e-04 -2.3269e-04 -2.2811e-04 -2.2462e-04 -2.2218e-04 -2.2067e-04 -2.2012e-04 -2.2057e-04 -2.2197e-04 -2.2429e-04 -2.2767e-04 -2.3213e-04 -2.3756e-04 -2.4400e-04 -2.5149e-04 -2.5993e-04 -2.6923e-04 -2.7931e-04 -2.8982e-04
-0000.00100 -2.9188e-04 -2.8070e-04 -2.7023e-04 -2.6071e-04 -2.5205e-04 -2.4438e-04 -2.3784e-04 -2.3229e-04 -2.2766e-04 -2.2418e-04 -2.2180e-04 -2.2028e-04 -2.1969e-04 -2.2018e-04 -2.2159e-04 -2.2386e-04 -2.2723e-04 -2.3173e-04 -2.3715e-04 -2.4356e-04 -2.5109e-04 -2.5958e-04 -2.6888e-04 -2.7909e-04 -2.8991e-04
-0000.00150 -2.9193e-04 -2.8024e-04 -2.6961e-04 -2.6013e-04 -2.5138e-04 -2.4362e-04 -2.3718e-04 -2.3164e-04 -2.2690e-04 -2.2344e-04 -2.2119e-04 -2.1964e-04 -2.1896e-04 -2.1955e-04 -2.2099e-04 -2.2311e-04 -2.2646e-04 -2.3108e-04 -2.3648e-04 -2.4280e-04 -2.5044e-04 -2.5900e-04 -2.6827e-04 -2.7868e-04 -2.9003e-04
-0000.00200 -2.9195e-04 -2.7948e-04 -2.6866e-04 -2.5938e-04 -2.5045e-04 -2.4247e-04 -2.3627e-04 -2.3080e-04 -2.2576e-04 -2.2235e-04 -2.2042e-04 -2.1875e-04 -2.1786e-04 -2.1869e-04 -2.2021e-04 -2.2202e-04 -2.2534e-04 -2.3025e-04 -2.3555e-04 -2.4166e-04 -2.4953e-04 -2.5825e-04 -2.6733e-04 -2.7797e-04 -2.9018e-04
# Total Vertical 2nd Order Kick [T2m2]
START
            -0000.01200 -0000.01100 -0000.01000 -0000.00900 -0000.00800 -0000.00700 -0000.00600 -0000.00500 -0000.00400 -0000.00300 -0000.00200 -0000.00100 +0000.00000 +0000.00100 +0000.00200 +0000.00300 +0000.00400 +0000.00500 +0000.00600 +0000.00700 +0000.00800 +0000.00900 +0000.01000 +0000.01100 +0000.01200
+0000.00200 -8.2038e-05 -8.1229e-05 -7.9080e-05 -7.7368e-05 -7.5790e-05 -7.3425e-05 -7.1173e-05 -6.9576e-05 -6.7542e-05 -6.4934e-05 -6.3087e-05 -6.1588e-05 -5.9374e-05 -5.7201e-05 -5.5729e-05 -5.3848e-05 -5.1243e-05 -4.9242e-05 -4.7606e-05 -4.5306e-05 -4.3004e-05 -4.1471e-05 -3.9738e-05 -3.7663e-05 -3.7078e-05
+0000.00150 -5.6227e-05 -5.5778e-05 -5.4465e-05 -5.3163e-05 -5.1862e-05 -5.0220e-05 -4.8607e-05 -4.7256e-05 -4.5714e-05 -4.3950e-05 -4.2506e-05 -4.1231e-05 -3.9675e-05 -3.8134e-05 -3.6872e-05 -3.5418e-05 -3.3654e-05 -3.2122e-05 -3.0753e-05 -2.9122e-05 -2.7505e-05 -2.6227e-05 -2.4929e-05 -2.3665e-05 -2.3354e-05
+0000.00100 -3.5122e-05 -3.4903e-05 -3.4140e-05 -3.3279e-05 -3.2379e-05 -3.1327e-05 -3.0277e-05 -2.9327e-05 -2.8296e-05 -2.7181e-05 -2.6201e-05 -2.5302e-05 -2.4297e-05 -2.3298e-05 -2.2404e-05 -2.1422e-05 -2.0307e-05 -1.9278e-05 -1.8319e-05 -1.7262e-05 -1.6220e-05 -1.5330e-05 -1.4476e-05 -1.3742e-05 -1.3604e-05
+0000.00050 -1.6885e-05 -1.6800e-05 -1.6448e-05 -1.6023e-05 -1.5566e-05 -1.5050e-05 -1.4532e-05 -1.4046e-05 -1.3531e-05 -1.2987e-05 -1.2494e-05 -1.2033e-05 -1.1537e-05 -1.1044e-05 -1.0585e-05 -1.0091e-05 -9.5465e-06 -9.0307e-06 -8.5408e-06 -8.0191e-06 -7.5060e-06 -7.0534e-06 -6.6307e-06 -6.2916e-06 -6.2445e-06
+0000.00000 -7.9084e-09 -7.3068e-09 -7.3798e-09 -7.9753e-09 -8.8439e-09 -9.6423e-09 -1.0319e-08 -1.0956e-08 -1.1479e-08 -1.1841e-08 -1.2151e-08 -1.2449e-08 -1.2607e-08 -1.2524e-08 -1.2275e-08 -1.1991e-08 -1.1652e-08 -1.1142e-08 -1.0495e-08 -9.7965e-09 -8.9757e-09 -8.0617e-09 -7.3962e-09 -7.2707e-09 -7.8428e-09
-0000.00050 +1.6869e-05 +1.6786e-05 +1.6434e-05 +1.6007e-05 +1.5548e-05 +1.5031e-05 +1.4511e-05 +1.4024e-05 +1.3508e-05 +1.2963e-05 +1.2469e-05 +1.2008e-05 +1.1512e-05 +1.1018e-05 +1.0560e-05 +1.0067e-05 +9.5231e-06 +9.0083e-06 +8.5198e-06 +7.9995e-06 +7.4880e-06 +7.0373e-06 +6.6161e-06 +6.2772e-06 +6.2291e-06
-0000.00100 +3.5107e-05 +3.4889e-05 +3.4126e-05 +3.3264e-05 +3.2361e-05 +3.1307e-05 +3.0256e-05 +2.9305e-05 +2.8273e-05 +2.7157e-05 +2.6177e-05 +2.5277e-05 +2.4271e-05 +2.3273e-05 +2.2380e-05 +2.1398e-05 +2.0283e-05 +1.9255e-05 +1.8298e-05 +1.7243e-05 +1.6202e-05 +1.5315e-05 +1.4462e-05 +1.3728e-05 +1.3589e-05
-0000.00150 +5.6214e-05 +5.5764e-05 +5.4451e-05 +5.3148e-05 +5.1844e-05 +5.0200e-05 +4.8586e-05 +4.7233e-05 +4.5690e-05 +4.3926e-05 +4.2481e-05 +4.1205e-05 +3.9649e-05 +3.8109e-05 +3.6847e-05 +3.5394e-05 +3.3631e-05 +3.2099e-05 +3.0732e-05 +2.9102e-05 +2.7486e-05 +2.6211e-05 +2.4915e-05 +2.3652e-05 +2.3341e-05
-0000.00200 +8.2026e-05 +8.1216e-05 +7.9068e-05 +7.7353e-05 +7.5771e-05 +7.3405e-05 +7.1153e-05 +6.9553e-05 +6.7517e-05 +6.4911e-05 +6.3063e-05 +6.1563e-05 +5.9347e-05 +5.7175e-05 +5.5704e-05 +5.3825e-05 +5.1218e-05 +4.9219e-05 +4.7586e-05 +4.5286e-05 +4.2985e-05 +4.1456e-05 +3.9726e-05 +3.7650e-05 +3.7066e-05
# Horizontal Final Position [m]
START
            -0000.01200 -0000.01100 -0000.01000 -0000.00900 -0000.00800 -0000.00700 -0000.00600 -0000.00500 -0000.00400 -0000.00300 -0000.00200 -0000.00100 +0000.00000 +0000.00100 +0000.00200 +0000.00300 +0000.00400 +0000.00500 +0000.00600 +0000.00700 +0000.00800 +0000.00900 +0000.01000 +0000.01100 +0000.01200
+0000.00200 -1.2002e-02 -1.1002e-02 -1.0002e-02 -9.0025e-03 -8.0026e-03 -7.0027e-03 -6.0027e-03 -5.0028e-03 -4.0028e-03 -3.0029e-03 -2.0029e-03 -1.0029e-03 -2.8968e-06 +9.9711e-04 +1.9971e-03 +2.9971e-03 +3.9972e-03 +4.9972e-03 +5.9973e-03 +6.9973e-03 +7.9974e-03 +8.9975e-03 +9.9975e-03 +1.0998e-02 +1.1998e-02
+0000.00150 -1.2002e-02 -1.1002e-02 -1.0002e-02 -9.0025e-03 -8.0026e-03 -7.0027e-03 -6.0027e-03 -5.0028e-03 -4.0028e-03 -3.0029e-03 -2.0029e-03 -1.0029e-03 -2.8955e-06 +9.9711e-04 +1.9971e-03 +2.9971e-03 +3.9972e-03 +4.9972e-03 +5.9973e-03 +6.9973e-03 +7.9974e-03 +8.9975e-03 +9.9976e-03 +1.0998e-02 +1.1998e-02
+0000.00100 -1.2002e-02 -1.1002e-02 -1.0002e-02 -9.0025e-03 -8.0026e-03 -7.0027e-03 -6.0027e-03 -5.0028e-03 -4.0028e-03 -3.0029e-03 -2.0029e-03 -1.0029e-03 -2.8944e-06 +9.9711e-04 +1.9971e-03 +2.9971e-03 +3.9972e-03 +4.9972e-03 +5.9973e-03 +6.9973e-03 +7.9974e-03 +8.9975e-03 +9.9976e-03 +1.0998e-02 +1.1998e-02
+0000.00050 -1.2002e-02 -1.1002e-02 -1.0002e-02 -9.0025e-03 -8.0026e-03 -7.0027e-03 -6.0027e-03 -5.0028e-03 -4.0028e-03 -3.0029e-03 -2.0029e-03 -1.0029e-03 -2.8937e-06 +9.9711e-04 +1.9971e-03 +2.9971e-03 +3.9972e-03 +4.9972e-03 +5.9973e-03 +6.9973e-03 +7.9974e-03 +8.9975e-03 +9.9976e-03 +1.0998e-02 +1.1998e-02
+0000.00000 -1.2002e-02 -1.1002e-02 -1.0002e-02 -9.0025e-03 -8.0026e-03 -7.0027e-03 -6.0027e-03 -5.0028e-03 -4.0028e-03 -3.0029e-03 -2.0029e-03 -1.0029e-03 -2.8934e-06 +9.9711e-04 +1.9971e-03 +2.9971e-03 +3.9972e-03 +4.9972e-03 +5.9973e-03 +6.9973e-03 +7.9974e-03 +8.9975e-03 +9.9976e-03 +1.0998e-02 +1.1998e-02
-0000.00050 -1.2002e-02 -1.1002e-02 -1.0002e-02 -9.0025e-03 -8.0026e-03 -7.0027e-03 -6.0027e-03 -5.0028e-03 -4.0028e-03 -3.0029e-03 -2.0029e-03 -1.0029e-03 -2.8937e-06 +9.9711e-04 +1.9971e-03 +2.9971e-03 +3.9972e-03 +4.9972e-03 +5.9973e-03 +6.9973e-03 +7.9974e-03 +8.9975e-03 +9.9976e-03 +1.0998e-02 +1.1998e-02
-0000.00100 -1.2002e-02 -1.1002e-02 -1.0002e-02 -9.0025e-03 -8.0026e-03 -7.0027e-03 -6.0027e-03 -5.0028e-03 -4.0028e-03 -3.0029e-03 -2.0029e-03 -1.0029e-03 -2.8944e-06 +9.9711e-04 +1.9971e-03 +2.9971e-03 +3.9972e-03 +4.9972e-03 +5.9973e-03 +6.9973e-03 +7.9974e-03 +8.9975e-03 +9.9976e-03 +1.0998e-02 +1.1998e-02
-0000.00150 -1.2002e-02 -1.1002e-02 -1.0002e-02 -9.0025e-03 -8.0026e-03 -7.0027e-03 -6.0027e-03 -5.0028e-03 -4.0028e-03 -3.0029e-03 -2.0029e-03 -1.0029e-03 -2.8955e-06 +9.9711e-04 +1.9971e-03 +2.9971e-03 +3.9972e-03 +4.9972e-03 +5.9973e-03 +6.9973e-03 +7.9974e-03 +8.9975e-03 +9.9976e-03 +1.0998e-02 +1.1998e-02
-0000.00200 -1.2002e-02 -1.1002e-02 -1.0002e-02 -9.0025e-03 -8.0026e-03 -7.0027e-03 -6.0027e-03 -5.0028e-03 -4.0028e-03 -3.0029e-03 -2.0029e-03 -1.0029e-03 -2.8968e-06 +9.9711e-04 +1.9971e-03 +2.9971e-03 +3.9972e-03 +4.9972e-03 +5.9973e-03 +6.9973e-03 +7.9974e-03 +8.9975e-03 +9.9975e-03 +1.0998e-02 +1.1998e-02
# Vertical Final Position [m]
START
            -0000.01200 -0000.01100 -0000.01000 -0000.00900 -0000.00800 -0000.00700 -0000.00600 -0000.00500 -0000.00400 -0000.00300 -0000.00200 -0000.00100 +0000.00000 +0000.00100 +0000.00200 +0000.00300 +0000.00400 +0000.00500 +0000.00600 +0000.00700 +0000.00800 +0000.00900 +0000.01000 +0000.01100 +0000.01200
+0000.00200 +2.0002e-03 +2.0002e-03 +2.0001e-03 +2.0001e-03 +2.0001e-03 +2.0001e-03 +2.0000e-03 +2.0000e-03 +2.0000e-03 +2.0000e-03 +2.0000e-03 +2.0000e-03 +1.9999e-03 +1.9999e-03 +1.9999e-03 +1.9999e-03 +1.9999e-03 +1.9999e-03 +1.9998e-03 +1.9998e-03 +1.9998e-03 +1.9998e-03 +1.9997e-03 +1.9997e-03 +1.9997e-03
+0000.00150 +1.5001e-03 +1.5001e-03 +1.5001e-03 +1.5001e-03 +1.5001e-03 +1.5001e-03 +1.5000e-03 +1.5000e-03 +1.5000e-03 +1.5000e-03 +1.5000e-03 +1.5000e-03 +1.5000e-03 +1.4999e-03 +1.4999e-03 +1.4999e-03 +1.4999e-03 +1.4999e-03 +1.4999e-03 +1.4999e-03 +1.4998e-03 +1.4998e-03 +1.4998e-03 +1.4998e-03 +1.4998e-03
+0000.00100 +1.0001e-03 +1.0001e-03 +1.0001e-03 +1.0001e-03 +1.0001e-03 +1.0000e-03 +1.0000e-03 +1.0000e-03 +1.0000e-03 +1.0000e-03 +9.9999e-04 +9.9998e-04 +9.9998e-04 +9.9997e-04 +9.9996e-04 +9.9995e-04 +9.9994e-04 +9.9993e-04 +9.9992e-04 +9.9991e-04 +9.9990e-04 +9.9989e-04 +9.9988e-04 +9.9987e-04 +9.9986e-04
+0000.00050 +5.0004e-04 +5.0004e-04 +5.0004e-04 +5.0003e-04 +5.0003e-04 +5.0002e-04 +5.0002e-04 +5.0001e-04 +5.0001e-04 +5.0000e-04 +5.0000e-04 +4.9999e-04 +4.9999e-04 +4.9998e-04 +4.9998e-04 +4.9998e-04 +4.9997e-04 +4.9997e-04 +4.9996e-04 +4.9996e-04 +4.9995e-04 +4.9994e-04 +4.9994e-04 +4.9993e-04 +4.9993e-04
+0000.00000 -7.7964e-12 -6.2813e-12 -6.0171e-12 -7.1437e-12 -9.1088e-12 -1.0819e-11 -1.2305e-11 -1.3984e-11 -1.5459e-11 -1.6366e-11 -1.7041e-11 -1.7705e-11 -1.8032e-11 -1.7756e-11 -1.7121e-11 -1.6459e-11 -1.5569e-11 -1.4107e-11 -1.2422e-11 -1.0923e-11 -9.1994e-12 -7.1884e-12 -5.9738e-12 -6.1539e-12 -7.6071e-12
-0000.00050 -5.0004e-04 -5.0004e-04 -5.0004e-04 -5.0003e-04 -5.0003e-04 -5.0002e-04 -5.0002e-04 -5.0001e-04 -5.0001e-04 -5.0000e-04 -5.0000e-04 -4.9999e-04 -4.9999e-04 -4.9998e-04 -4.9998e-04 -4.9998e-04 -4.9997e-04 -4.9997e-04 -4.9996e-04 -4.9996e-04 -4.9995e-04 -4.9994e-04 -4.9994e-04 -4.9993e-04 -4.9993e-04
-0000.00100 -1.0001e-03 -1.0001e-03 -1.0001e-03 -1.0001e-03 -1.0001e-03 -1.0000e-03 -1.0000e-03 -1.0000e-03 -1.0000e-03 -1.0000e-03 -9.9999e-04 -9.9998e-04 -9.9998e-04 -9.9997e-04 -9.9996e-04 -9.9995e-04 -9.9994e-04 -9.9993e-04 -9.9992e-04 -9.9991e-04 -9.9990e-04 -9.9989e-04 -9.9988e-04 -9.9987e-04 -9.9986e-04
-0000.00150 -1.5001e-03 -1.5001e-03 -1.5001e-03 -1.5001e-03 -1.5001e-03 -1.5001e-03 -1.5000e-03 -1.5000e-03 -1.5000e-03 -1.5000e-03 -1.5000e-03 -1.5000e-03 -1.5000e-03 -1.4999e-03 -1.4999e-03 -1.4999e-03 -1.4999e-03 -1.4999e-03 -1.4999e-03 -1.4999e-03 -1.4998e-03 -1.4998e-03 -1.4998e-03 -1.4998e-03 -1.4998e-03
-0000.00200 -2.0002e-03 -2.0002e-03 -2.0001e-03 -2.0001e-03 -2.0001e-03 -2.0001e-03 -2.0000e-03 -2.0000e-03 -2.0000e-03 -2.0000e-03 -2.0000e-03 -2.0000e-03 -1.9999e-03 -1.9999e-03 -1.9999e-03 -1.9999e-03 -1.9999e-03 -1.9999e-03 -1.9998e-03 -1.9998e-03 -1.9998e-03 -1.9998e-03 -1.9997e-03 -1.9997e-03 -1.9997e-03
