# Author: FAC idanalysis.IDKickMap
# Termination_kicks [T2m2]: +0.0000e+00 +0.0000e+00 +0.0000e+00 +0.0000e+00 
# Total Length of Longitudinal Interval [m]
0.13
# Number of Horizontal Points
61
# Number of Vertical Points
9
# Total Horizontal 2nd Order Kick [T2m2]
START
            -0000.01000 -0000.00967 -0000.00933 -0000.00900 -0000.00867 -0000.00833 -0000.00800 -0000.00767 -0000.00733 -0000.00700 -0000.00667 -0000.00633 -0000.00600 -0000.00567 -0000.00533 -0000.00500 -0000.00467 -0000.00433 -0000.00400 -0000.00367 -0000.00333 -0000.00300 -0000.00267 -0000.00233 -0000.00200 -0000.00167 -0000.00133 -0000.00100 -0000.00067 -0000.00033 +0000.00000 +0000.00033 +0000.00067 +0000.00100 +0000.00133 +0000.00167 +0000.00200 +0000.00233 +0000.00267 +0000.00300 +0000.00333 +0000.00367 +0000.00400 +0000.00433 +0000.00467 +0000.00500 +0000.00533 +0000.00567 +0000.00600 +0000.00633 +0000.00667 +0000.00700 +0000.00733 +0000.00767 +0000.00800 +0000.00833 +0000.00867 +0000.00900 +0000.00933 +0000.00967 +0000.01000 
+0000.00200 -7.4419e-04 -7.4014e-04 -7.3630e-04 -7.3266e-04 -7.2922e-04 -7.2597e-04 -7.2289e-04 -7.2000e-04 -7.1728e-04 -7.1472e-04 -7.1232e-04 -7.1007e-04 -7.0797e-04 -7.0602e-04 -7.0421e-04 -7.0253e-04 -7.0099e-04 -6.9957e-04 -6.9827e-04 -6.9710e-04 -6.9604e-04 -6.9509e-04 -6.9426e-04 -6.9353e-04 -6.9291e-04 -6.9239e-04 -6.9197e-04 -6.9166e-04 -6.9144e-04 -6.9131e-04 -6.9128e-04 -6.9134e-04 -6.9150e-04 -6.9175e-04 -6.9209e-04 -6.9252e-04 -6.9305e-04 -6.9367e-04 -6.9438e-04 -6.9518e-04 -6.9607e-04 -6.9707e-04 -6.9815e-04 -6.9934e-04 -7.0062e-04 -7.0201e-04 -7.0350e-04 -7.0510e-04 -7.0680e-04 -7.0862e-04 -7.1055e-04 -7.1259e-04 -7.1476e-04 -7.1705e-04 -7.1947e-04 -7.2203e-04 -7.2472e-04 -7.2755e-04 -7.3052e-04 -7.3365e-04 -7.3693e-04 
+0000.00150 -3.8927e-04 -3.8580e-04 -3.8246e-04 -3.7925e-04 -3.7618e-04 -3.7323e-04 -3.7041e-04 -3.6772e-04 -3.6516e-04 -3.6272e-04 -3.6041e-04 -3.5822e-04 -3.5615e-04 -3.5421e-04 -3.5239e-04 -3.5069e-04 -3.4910e-04 -3.4764e-04 -3.4629e-04 -3.4506e-04 -3.4395e-04 -3.4295e-04 -3.4206e-04 -3.4129e-04 -3.4063e-04 -3.4009e-04 -3.3965e-04 -3.3932e-04 -3.3911e-04 -3.3900e-04 -3.3900e-04 -3.3911e-04 -3.3933e-04 -3.3965e-04 -3.4008e-04 -3.4061e-04 -3.4124e-04 -3.4198e-04 -3.4282e-04 -3.4376e-04 -3.4481e-04 -3.4595e-04 -3.4720e-04 -3.4854e-04 -3.4998e-04 -3.5152e-04 -3.5316e-04 -3.5490e-04 -3.5673e-04 -3.5866e-04 -3.6068e-04 -3.6280e-04 -3.6501e-04 -3.6732e-04 -3.6972e-04 -3.7221e-04 -3.7479e-04 -3.7747e-04 -3.8024e-04 -3.8310e-04 -3.8605e-04 
+0000.00100 -3.8864e-04 -3.8531e-04 -3.8211e-04 -3.7902e-04 -3.7604e-04 -3.7319e-04 -3.7045e-04 -3.6783e-04 -3.6532e-04 -3.6293e-04 -3.6065e-04 -3.5849e-04 -3.5644e-04 -3.5451e-04 -3.5269e-04 -3.5098e-04 -3.4939e-04 -3.4791e-04 -3.4654e-04 -3.4529e-04 -3.4415e-04 -3.4311e-04 -3.4220e-04 -3.4139e-04 -3.4069e-04 -3.4011e-04 -3.3963e-04 -3.3926e-04 -3.3901e-04 -3.3886e-04 -3.3882e-04 -3.3890e-04 -3.3908e-04 -3.3936e-04 -3.3976e-04 -3.4026e-04 -3.4087e-04 -3.4159e-04 -3.4242e-04 -3.4335e-04 -3.4438e-04 -3.4553e-04 -3.4677e-04 -3.4813e-04 -3.4959e-04 -3.5115e-04 -3.5281e-04 -3.5459e-04 -3.5646e-04 -3.5844e-04 -3.6052e-04 -3.6270e-04 -3.6499e-04 -3.6737e-04 -3.6986e-04 -3.7245e-04 -3.7514e-04 -3.7794e-04 -3.8083e-04 -3.8382e-04 -3.8692e-04 
+0000.00050 -3.8873e-04 -3.8549e-04 -3.8235e-04 -3.7933e-04 -3.7641e-04 -3.7361e-04 -3.7091e-04 -3.6832e-04 -3.6584e-04 -3.6347e-04 -3.6122e-04 -3.5907e-04 -3.5703e-04 -3.5510e-04 -3.5328e-04 -3.5157e-04 -3.4997e-04 -3.4848e-04 -3.4710e-04 -3.4583e-04 -3.4468e-04 -3.4363e-04 -3.4269e-04 -3.4187e-04 -3.4115e-04 -3.4054e-04 -3.4005e-04 -3.3966e-04 -3.3939e-04 -3.3922e-04 -3.3917e-04 -3.3922e-04 -3.3938e-04 -3.3966e-04 -3.4004e-04 -3.4053e-04 -3.4114e-04 -3.4185e-04 -3.4267e-04 -3.4359e-04 -3.4463e-04 -3.4578e-04 -3.4703e-04 -3.4839e-04 -3.4986e-04 -3.5143e-04 -3.5311e-04 -3.5490e-04 -3.5679e-04 -3.5879e-04 -3.6090e-04 -3.6311e-04 -3.6543e-04 -3.6785e-04 -3.7037e-04 -3.7300e-04 -3.7574e-04 -3.7857e-04 -3.8151e-04 -3.8455e-04 -3.8769e-04 
+0000.00000 -3.8876e-04 -3.8554e-04 -3.8244e-04 -3.7943e-04 -3.7654e-04 -3.7375e-04 -3.7106e-04 -3.6849e-04 -3.6602e-04 -3.6365e-04 -3.6140e-04 -3.5925e-04 -3.5722e-04 -3.5529e-04 -3.5347e-04 -3.5176e-04 -3.5016e-04 -3.4867e-04 -3.4728e-04 -3.4601e-04 -3.4485e-04 -3.4380e-04 -3.4285e-04 -3.4202e-04 -3.4130e-04 -3.4069e-04 -3.4018e-04 -3.3979e-04 -3.3951e-04 -3.3934e-04 -3.3928e-04 -3.3933e-04 -3.3949e-04 -3.3976e-04 -3.4014e-04 -3.4063e-04 -3.4123e-04 -3.4194e-04 -3.4276e-04 -3.4369e-04 -3.4472e-04 -3.4587e-04 -3.4712e-04 -3.4848e-04 -3.4996e-04 -3.5153e-04 -3.5322e-04 -3.5501e-04 -3.5691e-04 -3.5892e-04 -3.6103e-04 -3.6325e-04 -3.6558e-04 -3.6801e-04 -3.7054e-04 -3.7318e-04 -3.7592e-04 -3.7876e-04 -3.8171e-04 -3.8476e-04 -3.8791e-04 
-0000.00050 -3.8873e-04 -3.8549e-04 -3.8235e-04 -3.7933e-04 -3.7641e-04 -3.7361e-04 -3.7091e-04 -3.6832e-04 -3.6584e-04 -3.6347e-04 -3.6121e-04 -3.5906e-04 -3.5702e-04 -3.5509e-04 -3.5327e-04 -3.5157e-04 -3.4997e-04 -3.4848e-04 -3.4710e-04 -3.4583e-04 -3.4467e-04 -3.4363e-04 -3.4269e-04 -3.4186e-04 -3.4115e-04 -3.4054e-04 -3.4005e-04 -3.3966e-04 -3.3939e-04 -3.3922e-04 -3.3917e-04 -3.3922e-04 -3.3938e-04 -3.3966e-04 -3.4004e-04 -3.4054e-04 -3.4114e-04 -3.4185e-04 -3.4267e-04 -3.4360e-04 -3.4463e-04 -3.4578e-04 -3.4703e-04 -3.4839e-04 -3.4986e-04 -3.5143e-04 -3.5312e-04 -3.5490e-04 -3.5680e-04 -3.5880e-04 -3.6090e-04 -3.6312e-04 -3.6543e-04 -3.6785e-04 -3.7038e-04 -3.7301e-04 -3.7574e-04 -3.7857e-04 -3.8151e-04 -3.8455e-04 -3.8769e-04 
-0000.00100 -3.8864e-04 -3.8531e-04 -3.8211e-04 -3.7902e-04 -3.7604e-04 -3.7319e-04 -3.7045e-04 -3.6782e-04 -3.6531e-04 -3.6292e-04 -3.6064e-04 -3.5848e-04 -3.5643e-04 -3.5450e-04 -3.5268e-04 -3.5097e-04 -3.4938e-04 -3.4790e-04 -3.4654e-04 -3.4528e-04 -3.4414e-04 -3.4311e-04 -3.4219e-04 -3.4138e-04 -3.4069e-04 -3.4010e-04 -3.3963e-04 -3.3926e-04 -3.3901e-04 -3.3886e-04 -3.3882e-04 -3.3889e-04 -3.3908e-04 -3.3936e-04 -3.3976e-04 -3.4026e-04 -3.4088e-04 -3.4159e-04 -3.4242e-04 -3.4335e-04 -3.4439e-04 -3.4553e-04 -3.4678e-04 -3.4813e-04 -3.4959e-04 -3.5115e-04 -3.5282e-04 -3.5459e-04 -3.5647e-04 -3.5844e-04 -3.6052e-04 -3.6271e-04 -3.6499e-04 -3.6738e-04 -3.6987e-04 -3.7246e-04 -3.7515e-04 -3.7794e-04 -3.8083e-04 -3.8382e-04 -3.8691e-04 
-0000.00150 -3.8927e-04 -3.8579e-04 -3.8245e-04 -3.7925e-04 -3.7617e-04 -3.7322e-04 -3.7040e-04 -3.6771e-04 -3.6515e-04 -3.6271e-04 -3.6040e-04 -3.5821e-04 -3.5614e-04 -3.5420e-04 -3.5238e-04 -3.5067e-04 -3.4909e-04 -3.4763e-04 -3.4628e-04 -3.4505e-04 -3.4394e-04 -3.4294e-04 -3.4205e-04 -3.4128e-04 -3.4063e-04 -3.4008e-04 -3.3965e-04 -3.3932e-04 -3.3911e-04 -3.3900e-04 -3.3900e-04 -3.3911e-04 -3.3933e-04 -3.3965e-04 -3.4008e-04 -3.4061e-04 -3.4125e-04 -3.4199e-04 -3.4283e-04 -3.4377e-04 -3.4482e-04 -3.4596e-04 -3.4721e-04 -3.4855e-04 -3.4999e-04 -3.5154e-04 -3.5317e-04 -3.5491e-04 -3.5674e-04 -3.5867e-04 -3.6069e-04 -3.6281e-04 -3.6502e-04 -3.6733e-04 -3.6972e-04 -3.7222e-04 -3.7480e-04 -3.7747e-04 -3.8024e-04 -3.8310e-04 -3.8604e-04 
-0000.00200 -7.4420e-04 -7.4015e-04 -7.3630e-04 -7.3266e-04 -7.2922e-04 -7.2596e-04 -7.2289e-04 -7.1999e-04 -7.1727e-04 -7.1471e-04 -7.1231e-04 -7.1006e-04 -7.0796e-04 -7.0601e-04 -7.0420e-04 -7.0252e-04 -7.0097e-04 -6.9956e-04 -6.9826e-04 -6.9709e-04 -6.9603e-04 -6.9508e-04 -6.9425e-04 -6.9352e-04 -6.9290e-04 -6.9239e-04 -6.9197e-04 -6.9165e-04 -6.9143e-04 -6.9131e-04 -6.9128e-04 -6.9134e-04 -6.9150e-04 -6.9175e-04 -6.9210e-04 -6.9253e-04 -6.9305e-04 -6.9367e-04 -6.9438e-04 -6.9519e-04 -6.9608e-04 -6.9707e-04 -6.9816e-04 -6.9935e-04 -7.0063e-04 -7.0202e-04 -7.0351e-04 -7.0511e-04 -7.0681e-04 -7.0863e-04 -7.1056e-04 -7.1260e-04 -7.1477e-04 -7.1706e-04 -7.1948e-04 -7.2203e-04 -7.2472e-04 -7.2754e-04 -7.3052e-04 -7.3364e-04 -7.3692e-04 
# Total Vertical 2nd Order Kick [T2m2]
START
            -0000.01000 -0000.00967 -0000.00933 -0000.00900 -0000.00867 -0000.00833 -0000.00800 -0000.00767 -0000.00733 -0000.00700 -0000.00667 -0000.00633 -0000.00600 -0000.00567 -0000.00533 -0000.00500 -0000.00467 -0000.00433 -0000.00400 -0000.00367 -0000.00333 -0000.00300 -0000.00267 -0000.00233 -0000.00200 -0000.00167 -0000.00133 -0000.00100 -0000.00067 -0000.00033 +0000.00000 +0000.00033 +0000.00067 +0000.00100 +0000.00133 +0000.00167 +0000.00200 +0000.00233 +0000.00267 +0000.00300 +0000.00333 +0000.00367 +0000.00400 +0000.00433 +0000.00467 +0000.00500 +0000.00533 +0000.00567 +0000.00600 +0000.00633 +0000.00667 +0000.00700 +0000.00733 +0000.00767 +0000.00800 +0000.00833 +0000.00867 +0000.00900 +0000.00933 +0000.00967 +0000.01000 
+0000.00200 -2.4498e-04 -2.4358e-04 -2.4223e-04 -2.4093e-04 -2.3969e-04 -2.3850e-04 -2.3736e-04 -2.3628e-04 -2.3524e-04 -2.3425e-04 -2.3331e-04 -2.3241e-04 -2.3156e-04 -2.3075e-04 -2.2998e-04 -2.2925e-04 -2.2856e-04 -2.2791e-04 -2.2729e-04 -2.2671e-04 -2.2615e-04 -2.2563e-04 -2.2513e-04 -2.2466e-04 -2.2421e-04 -2.2379e-04 -2.2338e-04 -2.2298e-04 -2.2260e-04 -2.2223e-04 -2.2187e-04 -2.2152e-04 -2.2117e-04 -2.2081e-04 -2.2046e-04 -2.2010e-04 -2.1973e-04 -2.1935e-04 -2.1895e-04 -2.1853e-04 -2.1810e-04 -2.1763e-04 -2.1714e-04 -2.1662e-04 -2.1606e-04 -2.1546e-04 -2.1482e-04 -2.1413e-04 -2.1340e-04 -2.1260e-04 -2.1175e-04 -2.1083e-04 -2.0985e-04 -2.0879e-04 -2.0766e-04 -2.0645e-04 -2.0516e-04 -2.0377e-04 -2.0230e-04 -2.0072e-04 -1.9904e-04 
+0000.00150 -1.6049e-04 -1.5983e-04 -1.5918e-04 -1.5855e-04 -1.5793e-04 -1.5732e-04 -1.5672e-04 -1.5614e-04 -1.5556e-04 -1.5500e-04 -1.5445e-04 -1.5391e-04 -1.5338e-04 -1.5285e-04 -1.5234e-04 -1.5183e-04 -1.5134e-04 -1.5085e-04 -1.5036e-04 -1.4989e-04 -1.4942e-04 -1.4895e-04 -1.4849e-04 -1.4804e-04 -1.4759e-04 -1.4714e-04 -1.4669e-04 -1.4625e-04 -1.4581e-04 -1.4537e-04 -1.4494e-04 -1.4450e-04 -1.4406e-04 -1.4362e-04 -1.4318e-04 -1.4274e-04 -1.4230e-04 -1.4185e-04 -1.4140e-04 -1.4094e-04 -1.4048e-04 -1.4001e-04 -1.3954e-04 -1.3906e-04 -1.3857e-04 -1.3807e-04 -1.3756e-04 -1.3705e-04 -1.3652e-04 -1.3598e-04 -1.3543e-04 -1.3487e-04 -1.3430e-04 -1.3371e-04 -1.3310e-04 -1.3248e-04 -1.3184e-04 -1.3119e-04 -1.3052e-04 -1.2982e-04 -1.2911e-04 
+0000.00100 -9.7633e-05 -9.7290e-05 -9.6947e-05 -9.6605e-05 -9.6263e-05 -9.5922e-05 -9.5581e-05 -9.5242e-05 -9.4903e-05 -9.4565e-05 -9.4228e-05 -9.3892e-05 -9.3557e-05 -9.3224e-05 -9.2891e-05 -9.2560e-05 -9.2230e-05 -9.1901e-05 -9.1574e-05 -9.1247e-05 -9.0922e-05 -9.0598e-05 -9.0275e-05 -8.9953e-05 -8.9632e-05 -8.9312e-05 -8.8992e-05 -8.8674e-05 -8.8356e-05 -8.8039e-05 -8.7723e-05 -8.7407e-05 -8.7091e-05 -8.6775e-05 -8.6459e-05 -8.6144e-05 -8.5828e-05 -8.5511e-05 -8.5194e-05 -8.4876e-05 -8.4557e-05 -8.4238e-05 -8.3916e-05 -8.3593e-05 -8.3269e-05 -8.2942e-05 -8.2614e-05 -8.2282e-05 -8.1949e-05 -8.1612e-05 -8.1272e-05 -8.0928e-05 -8.0581e-05 -8.0229e-05 -7.9873e-05 -7.9513e-05 -7.9147e-05 -7.8777e-05 -7.8400e-05 -7.8018e-05 -7.7629e-05 
+0000.00050 -4.6275e-05 -4.6129e-05 -4.5981e-05 -4.5830e-05 -4.5677e-05 -4.5522e-05 -4.5366e-05 -4.5208e-05 -4.5049e-05 -4.4889e-05 -4.4727e-05 -4.4565e-05 -4.4401e-05 -4.4237e-05 -4.4073e-05 -4.3908e-05 -4.3743e-05 -4.3577e-05 -4.3411e-05 -4.3245e-05 -4.3079e-05 -4.2913e-05 -4.2748e-05 -4.2582e-05 -4.2417e-05 -4.2251e-05 -4.2087e-05 -4.1922e-05 -4.1758e-05 -4.1594e-05 -4.1430e-05 -4.1267e-05 -4.1105e-05 -4.0942e-05 -4.0780e-05 -4.0618e-05 -4.0457e-05 -4.0296e-05 -4.0135e-05 -3.9974e-05 -3.9813e-05 -3.9652e-05 -3.9491e-05 -3.9331e-05 -3.9169e-05 -3.9008e-05 -3.8846e-05 -3.8684e-05 -3.8522e-05 -3.8358e-05 -3.8194e-05 -3.8029e-05 -3.7862e-05 -3.7695e-05 -3.7526e-05 -3.7355e-05 -3.7183e-05 -3.7009e-05 -3.6833e-05 -3.6655e-05 -3.6475e-05 
+0000.00000 -8.5750e-08 -8.5768e-08 -8.5921e-08 -8.6194e-08 -8.6575e-08 -8.7049e-08 -8.7604e-08 -8.8229e-08 -8.8911e-08 -8.9639e-08 -9.0403e-08 -9.1192e-08 -9.1997e-08 -9.2809e-08 -9.3620e-08 -9.4420e-08 -9.5202e-08 -9.5960e-08 -9.6687e-08 -9.7376e-08 -9.8022e-08 -9.8619e-08 -9.9164e-08 -9.9652e-08 -1.0008e-07 -1.0044e-07 -1.0074e-07 -1.0097e-07 -1.0113e-07 -1.0122e-07 -1.0123e-07 -1.0118e-07 -1.0105e-07 -1.0085e-07 -1.0059e-07 -1.0025e-07 -9.9852e-08 -9.9391e-08 -9.8872e-08 -9.8297e-08 -9.7673e-08 -9.7003e-08 -9.6292e-08 -9.5548e-08 -9.4776e-08 -9.3984e-08 -9.3177e-08 -9.2366e-08 -9.1557e-08 -9.0760e-08 -8.9984e-08 -8.9240e-08 -8.8537e-08 -8.7886e-08 -8.7300e-08 -8.6789e-08 -8.6366e-08 -8.6044e-08 -8.5837e-08 -8.5758e-08 -8.5822e-08 
-0000.00050 +4.6104e-05 +4.5958e-05 +4.5809e-05 +4.5658e-05 +4.5504e-05 +4.5349e-05 +4.5191e-05 +4.5032e-05 +4.4871e-05 +4.4710e-05 +4.4546e-05 +4.4382e-05 +4.4218e-05 +4.4052e-05 +4.3886e-05 +4.3719e-05 +4.3552e-05 +4.3385e-05 +4.3218e-05 +4.3051e-05 +4.2883e-05 +4.2716e-05 +4.2549e-05 +4.2383e-05 +4.2216e-05 +4.2051e-05 +4.1885e-05 +4.1720e-05 +4.1555e-05 +4.1391e-05 +4.1228e-05 +4.1065e-05 +4.0902e-05 +4.0740e-05 +4.0579e-05 +4.0418e-05 +4.0257e-05 +4.0097e-05 +3.9937e-05 +3.9777e-05 +3.9617e-05 +3.9458e-05 +3.9299e-05 +3.9139e-05 +3.8980e-05 +3.8820e-05 +3.8660e-05 +3.8500e-05 +3.8338e-05 +3.8177e-05 +3.8014e-05 +3.7850e-05 +3.7685e-05 +3.7519e-05 +3.7351e-05 +3.7182e-05 +3.7011e-05 +3.6838e-05 +3.6662e-05 +3.6484e-05 +3.6303e-05 
-0000.00100 +9.7462e-05 +9.7119e-05 +9.6776e-05 +9.6433e-05 +9.6091e-05 +9.5748e-05 +9.5407e-05 +9.5066e-05 +9.4725e-05 +9.4386e-05 +9.4048e-05 +9.3710e-05 +9.3374e-05 +9.3038e-05 +9.2704e-05 +9.2371e-05 +9.2040e-05 +9.1709e-05 +9.1380e-05 +9.1052e-05 +9.0726e-05 +9.0400e-05 +9.0076e-05 +8.9753e-05 +8.9431e-05 +8.9110e-05 +8.8790e-05 +8.8471e-05 +8.8153e-05 +8.7836e-05 +8.7519e-05 +8.7203e-05 +8.6888e-05 +8.6572e-05 +8.6257e-05 +8.5942e-05 +8.5627e-05 +8.5311e-05 +8.4995e-05 +8.4679e-05 +8.4361e-05 +8.4043e-05 +8.3723e-05 +8.3401e-05 +8.3079e-05 +8.2754e-05 +8.2427e-05 +8.2097e-05 +8.1765e-05 +8.1430e-05 +8.1091e-05 +8.0750e-05 +8.0404e-05 +8.0054e-05 +7.9700e-05 +7.9340e-05 +7.8976e-05 +7.8606e-05 +7.8231e-05 +7.7849e-05 +7.7461e-05 
-0000.00150 +1.6032e-04 +1.5966e-04 +1.5901e-04 +1.5838e-04 +1.5776e-04 +1.5715e-04 +1.5655e-04 +1.5596e-04 +1.5539e-04 +1.5483e-04 +1.5427e-04 +1.5373e-04 +1.5320e-04 +1.5267e-04 +1.5216e-04 +1.5165e-04 +1.5115e-04 +1.5066e-04 +1.5017e-04 +1.4969e-04 +1.4922e-04 +1.4876e-04 +1.4829e-04 +1.4784e-04 +1.4739e-04 +1.4694e-04 +1.4649e-04 +1.4605e-04 +1.4561e-04 +1.4517e-04 +1.4473e-04 +1.4429e-04 +1.4386e-04 +1.4342e-04 +1.4298e-04 +1.4254e-04 +1.4209e-04 +1.4165e-04 +1.4119e-04 +1.4074e-04 +1.4028e-04 +1.3981e-04 +1.3934e-04 +1.3886e-04 +1.3838e-04 +1.3788e-04 +1.3738e-04 +1.3686e-04 +1.3634e-04 +1.3580e-04 +1.3525e-04 +1.3469e-04 +1.3412e-04 +1.3353e-04 +1.3293e-04 +1.3231e-04 +1.3168e-04 +1.3102e-04 +1.3035e-04 +1.2966e-04 +1.2895e-04 
-0000.00200 +2.4482e-04 +2.4341e-04 +2.4206e-04 +2.4077e-04 +2.3953e-04 +2.3834e-04 +2.3720e-04 +2.3611e-04 +2.3507e-04 +2.3408e-04 +2.3313e-04 +2.3223e-04 +2.3138e-04 +2.3056e-04 +2.2979e-04 +2.2906e-04 +2.2837e-04 +2.2772e-04 +2.2710e-04 +2.2651e-04 +2.2596e-04 +2.2543e-04 +2.2493e-04 +2.2446e-04 +2.2401e-04 +2.2358e-04 +2.2317e-04 +2.2278e-04 +2.2239e-04 +2.2203e-04 +2.2166e-04 +2.2131e-04 +2.2096e-04 +2.2061e-04 +2.2025e-04 +2.1989e-04 +2.1952e-04 +2.1914e-04 +2.1875e-04 +2.1834e-04 +2.1790e-04 +2.1744e-04 +2.1695e-04 +2.1643e-04 +2.1588e-04 +2.1528e-04 +2.1464e-04 +2.1396e-04 +2.1322e-04 +2.1243e-04 +2.1158e-04 +2.1066e-04 +2.0968e-04 +2.0863e-04 +2.0750e-04 +2.0629e-04 +2.0500e-04 +2.0361e-04 +2.0214e-04 +2.0056e-04 +1.9888e-04 
# Horizontal Final Position [m]
START
            -0000.01000 -0000.00967 -0000.00933 -0000.00900 -0000.00867 -0000.00833 -0000.00800 -0000.00767 -0000.00733 -0000.00700 -0000.00667 -0000.00633 -0000.00600 -0000.00567 -0000.00533 -0000.00500 -0000.00467 -0000.00433 -0000.00400 -0000.00367 -0000.00333 -0000.00300 -0000.00267 -0000.00233 -0000.00200 -0000.00167 -0000.00133 -0000.00100 -0000.00067 -0000.00033 +0000.00000 +0000.00033 +0000.00067 +0000.00100 +0000.00133 +0000.00167 +0000.00200 +0000.00233 +0000.00267 +0000.00300 +0000.00333 +0000.00367 +0000.00400 +0000.00433 +0000.00467 +0000.00500 +0000.00533 +0000.00567 +0000.00600 +0000.00633 +0000.00667 +0000.00700 +0000.00733 +0000.00767 +0000.00800 +0000.00833 +0000.00867 +0000.00900 +0000.00933 +0000.00967 +0000.01000 
+0000.00200 -9.9996e-03 -9.6663e-03 -9.3330e-03 -8.9997e-03 -8.6664e-03 -8.3331e-03 -7.9998e-03 -7.6665e-03 -7.3332e-03 -6.9999e-03 -6.6666e-03 -6.3333e-03 -6.0000e-03 -5.6667e-03 -5.3333e-03 -5.0000e-03 -4.6667e-03 -4.3334e-03 -4.0001e-03 -3.6667e-03 -3.3334e-03 -3.0001e-03 -2.6668e-03 -2.3334e-03 -2.0001e-03 -1.6668e-03 -1.3334e-03 -1.0001e-03 -6.6677e-04 -3.3343e-04 -9.2602e-08 +3.3325e-04 +6.6659e-04 +9.9993e-04 +1.3333e-03 +1.6666e-03 +2.0000e-03 +2.3333e-03 +2.6666e-03 +3.0000e-03 +3.3333e-03 +3.6667e-03 +4.0000e-03 +4.3334e-03 +4.6667e-03 +5.0001e-03 +5.3334e-03 +5.6667e-03 +6.0001e-03 +6.3334e-03 +6.6668e-03 +7.0001e-03 +7.3334e-03 +7.6668e-03 +8.0001e-03 +8.3335e-03 +8.6668e-03 +9.0001e-03 +9.3334e-03 +9.6668e-03 +1.0000e-02 
+0000.00150 -9.9994e-03 -9.6661e-03 -9.3329e-03 -8.9996e-03 -8.6663e-03 -8.3330e-03 -7.9997e-03 -7.6664e-03 -7.3331e-03 -6.9998e-03 -6.6665e-03 -6.3332e-03 -5.9999e-03 -5.6665e-03 -5.3332e-03 -4.9999e-03 -4.6666e-03 -4.3333e-03 -3.9999e-03 -3.6666e-03 -3.3333e-03 -3.0000e-03 -2.6666e-03 -2.3333e-03 -2.0000e-03 -1.6666e-03 -1.3333e-03 -9.9997e-04 -6.6664e-04 -3.3331e-04 +2.2378e-08 +3.3336e-04 +6.6669e-04 +1.0000e-03 +1.3334e-03 +1.6667e-03 +2.0000e-03 +2.3334e-03 +2.6667e-03 +3.0000e-03 +3.3334e-03 +3.6667e-03 +4.0000e-03 +4.3334e-03 +4.6667e-03 +5.0001e-03 +5.3334e-03 +5.6668e-03 +6.0001e-03 +6.3335e-03 +6.6668e-03 +7.0002e-03 +7.3335e-03 +7.6669e-03 +8.0002e-03 +8.3336e-03 +8.6670e-03 +9.0004e-03 +9.3337e-03 +9.6671e-03 +1.0001e-02 
+0000.00100 -9.9994e-03 -9.6661e-03 -9.3329e-03 -8.9996e-03 -8.6663e-03 -8.3330e-03 -7.9997e-03 -7.6664e-03 -7.3331e-03 -6.9998e-03 -6.6665e-03 -6.3332e-03 -5.9999e-03 -5.6665e-03 -5.3332e-03 -4.9999e-03 -4.6666e-03 -4.3333e-03 -3.9999e-03 -3.6666e-03 -3.3333e-03 -3.0000e-03 -2.6666e-03 -2.3333e-03 -2.0000e-03 -1.6666e-03 -1.3333e-03 -9.9998e-04 -6.6665e-04 -3.3332e-04 +7.4547e-09 +3.3334e-04 +6.6667e-04 +1.0000e-03 +1.3333e-03 +1.6667e-03 +2.0000e-03 +2.3333e-03 +2.6667e-03 +3.0000e-03 +3.3334e-03 +3.6667e-03 +4.0000e-03 +4.3334e-03 +4.6667e-03 +5.0001e-03 +5.3334e-03 +5.6668e-03 +6.0001e-03 +6.3335e-03 +6.6669e-03 +7.0002e-03 +7.3336e-03 +7.6670e-03 +8.0004e-03 +8.3338e-03 +8.6671e-03 +9.0005e-03 +9.3339e-03 +9.6674e-03 +1.0001e-02 
+0000.00050 -9.9994e-03 -9.6661e-03 -9.3329e-03 -8.9996e-03 -8.6663e-03 -8.3330e-03 -7.9997e-03 -7.6664e-03 -7.3331e-03 -6.9998e-03 -6.6665e-03 -6.3332e-03 -5.9999e-03 -5.6665e-03 -5.3332e-03 -4.9999e-03 -4.6666e-03 -4.3333e-03 -3.9999e-03 -3.6666e-03 -3.3333e-03 -3.0000e-03 -2.6666e-03 -2.3333e-03 -2.0000e-03 -1.6666e-03 -1.3333e-03 -9.9998e-04 -6.6665e-04 -3.3332e-04 +7.4836e-09 +3.3334e-04 +6.6667e-04 +1.0000e-03 +1.3333e-03 +1.6667e-03 +2.0000e-03 +2.3333e-03 +2.6667e-03 +3.0000e-03 +3.3334e-03 +3.6667e-03 +4.0000e-03 +4.3334e-03 +4.6667e-03 +5.0001e-03 +5.3334e-03 +5.6668e-03 +6.0001e-03 +6.3335e-03 +6.6669e-03 +7.0002e-03 +7.3336e-03 +7.6670e-03 +8.0004e-03 +8.3338e-03 +8.6671e-03 +9.0005e-03 +9.3339e-03 +9.6674e-03 +1.0001e-02 
+0000.00000 -9.9994e-03 -9.6661e-03 -9.3329e-03 -8.9996e-03 -8.6663e-03 -8.3330e-03 -7.9997e-03 -7.6664e-03 -7.3331e-03 -6.9998e-03 -6.6665e-03 -6.3332e-03 -5.9999e-03 -5.6665e-03 -5.3332e-03 -4.9999e-03 -4.6666e-03 -4.3333e-03 -3.9999e-03 -3.6666e-03 -3.3333e-03 -3.0000e-03 -2.6666e-03 -2.3333e-03 -2.0000e-03 -1.6666e-03 -1.3333e-03 -9.9998e-04 -6.6665e-04 -3.3332e-04 +7.4995e-09 +3.3334e-04 +6.6667e-04 +1.0000e-03 +1.3333e-03 +1.6667e-03 +2.0000e-03 +2.3333e-03 +2.6667e-03 +3.0000e-03 +3.3334e-03 +3.6667e-03 +4.0000e-03 +4.3334e-03 +4.6667e-03 +5.0001e-03 +5.3334e-03 +5.6668e-03 +6.0001e-03 +6.3335e-03 +6.6669e-03 +7.0002e-03 +7.3336e-03 +7.6670e-03 +8.0004e-03 +8.3338e-03 +8.6671e-03 +9.0005e-03 +9.3339e-03 +9.6674e-03 +1.0001e-02 
-0000.00050 -9.9994e-03 -9.6661e-03 -9.3329e-03 -8.9996e-03 -8.6663e-03 -8.3330e-03 -7.9997e-03 -7.6664e-03 -7.3331e-03 -6.9998e-03 -6.6665e-03 -6.3332e-03 -5.9999e-03 -5.6665e-03 -5.3332e-03 -4.9999e-03 -4.6666e-03 -4.3333e-03 -3.9999e-03 -3.6666e-03 -3.3333e-03 -3.0000e-03 -2.6666e-03 -2.3333e-03 -2.0000e-03 -1.6666e-03 -1.3333e-03 -9.9998e-04 -6.6665e-04 -3.3332e-04 +7.4836e-09 +3.3334e-04 +6.6667e-04 +1.0000e-03 +1.3333e-03 +1.6667e-03 +2.0000e-03 +2.3333e-03 +2.6667e-03 +3.0000e-03 +3.3334e-03 +3.6667e-03 +4.0000e-03 +4.3334e-03 +4.6667e-03 +5.0001e-03 +5.3334e-03 +5.6668e-03 +6.0001e-03 +6.3335e-03 +6.6669e-03 +7.0002e-03 +7.3336e-03 +7.6670e-03 +8.0004e-03 +8.3338e-03 +8.6671e-03 +9.0005e-03 +9.3339e-03 +9.6674e-03 +1.0001e-02 
-0000.00100 -9.9994e-03 -9.6661e-03 -9.3329e-03 -8.9996e-03 -8.6663e-03 -8.3330e-03 -7.9997e-03 -7.6664e-03 -7.3331e-03 -6.9998e-03 -6.6665e-03 -6.3332e-03 -5.9999e-03 -5.6665e-03 -5.3332e-03 -4.9999e-03 -4.6666e-03 -4.3333e-03 -3.9999e-03 -3.6666e-03 -3.3333e-03 -3.0000e-03 -2.6666e-03 -2.3333e-03 -2.0000e-03 -1.6666e-03 -1.3333e-03 -9.9998e-04 -6.6665e-04 -3.3332e-04 +7.4545e-09 +3.3334e-04 +6.6667e-04 +1.0000e-03 +1.3333e-03 +1.6667e-03 +2.0000e-03 +2.3333e-03 +2.6667e-03 +3.0000e-03 +3.3334e-03 +3.6667e-03 +4.0000e-03 +4.3334e-03 +4.6667e-03 +5.0001e-03 +5.3334e-03 +5.6668e-03 +6.0001e-03 +6.3335e-03 +6.6669e-03 +7.0002e-03 +7.3336e-03 +7.6670e-03 +8.0004e-03 +8.3338e-03 +8.6671e-03 +9.0005e-03 +9.3339e-03 +9.6674e-03 +1.0001e-02 
-0000.00150 -9.9994e-03 -9.6661e-03 -9.3329e-03 -8.9996e-03 -8.6663e-03 -8.3330e-03 -7.9997e-03 -7.6664e-03 -7.3331e-03 -6.9998e-03 -6.6665e-03 -6.3332e-03 -5.9999e-03 -5.6665e-03 -5.3332e-03 -4.9999e-03 -4.6666e-03 -4.3333e-03 -3.9999e-03 -3.6666e-03 -3.3333e-03 -3.0000e-03 -2.6666e-03 -2.3333e-03 -2.0000e-03 -1.6666e-03 -1.3333e-03 -9.9997e-04 -6.6664e-04 -3.3331e-04 +2.2377e-08 +3.3336e-04 +6.6669e-04 +1.0000e-03 +1.3334e-03 +1.6667e-03 +2.0000e-03 +2.3334e-03 +2.6667e-03 +3.0000e-03 +3.3334e-03 +3.6667e-03 +4.0000e-03 +4.3334e-03 +4.6667e-03 +5.0001e-03 +5.3334e-03 +5.6668e-03 +6.0001e-03 +6.3335e-03 +6.6668e-03 +7.0002e-03 +7.3335e-03 +7.6669e-03 +8.0002e-03 +8.3336e-03 +8.6670e-03 +9.0004e-03 +9.3337e-03 +9.6671e-03 +1.0001e-02 
-0000.00200 -9.9996e-03 -9.6663e-03 -9.3330e-03 -8.9997e-03 -8.6664e-03 -8.3331e-03 -7.9998e-03 -7.6665e-03 -7.3332e-03 -6.9999e-03 -6.6666e-03 -6.3333e-03 -6.0000e-03 -5.6667e-03 -5.3333e-03 -5.0000e-03 -4.6667e-03 -4.3334e-03 -4.0001e-03 -3.6667e-03 -3.3334e-03 -3.0001e-03 -2.6668e-03 -2.3334e-03 -2.0001e-03 -1.6668e-03 -1.3334e-03 -1.0001e-03 -6.6677e-04 -3.3343e-04 -9.2602e-08 +3.3325e-04 +6.6659e-04 +9.9993e-04 +1.3333e-03 +1.6666e-03 +2.0000e-03 +2.3333e-03 +2.6666e-03 +3.0000e-03 +3.3333e-03 +3.6667e-03 +4.0000e-03 +4.3334e-03 +4.6667e-03 +5.0001e-03 +5.3334e-03 +5.6667e-03 +6.0001e-03 +6.3334e-03 +6.6668e-03 +7.0001e-03 +7.3334e-03 +7.6668e-03 +8.0001e-03 +8.3335e-03 +8.6668e-03 +9.0001e-03 +9.3334e-03 +9.6668e-03 +1.0000e-02 
# Vertical Final Position [m]
START
            -0000.01000 -0000.00967 -0000.00933 -0000.00900 -0000.00867 -0000.00833 -0000.00800 -0000.00767 -0000.00733 -0000.00700 -0000.00667 -0000.00633 -0000.00600 -0000.00567 -0000.00533 -0000.00500 -0000.00467 -0000.00433 -0000.00400 -0000.00367 -0000.00333 -0000.00300 -0000.00267 -0000.00233 -0000.00200 -0000.00167 -0000.00133 -0000.00100 -0000.00067 -0000.00033 +0000.00000 +0000.00033 +0000.00067 +0000.00100 +0000.00133 +0000.00167 +0000.00200 +0000.00233 +0000.00267 +0000.00300 +0000.00333 +0000.00367 +0000.00400 +0000.00433 +0000.00467 +0000.00500 +0000.00533 +0000.00567 +0000.00600 +0000.00633 +0000.00667 +0000.00700 +0000.00733 +0000.00767 +0000.00800 +0000.00833 +0000.00867 +0000.00900 +0000.00933 +0000.00967 +0000.01000 
+0000.00200 +2.0000e-03 +2.0000e-03 +2.0000e-03 +2.0000e-03 +2.0000e-03 +2.0000e-03 +1.9999e-03 +1.9999e-03 +1.9999e-03 +1.9999e-03 +1.9999e-03 +1.9999e-03 +1.9999e-03 +1.9999e-03 +1.9999e-03 +1.9999e-03 +1.9999e-03 +1.9999e-03 +1.9999e-03 +1.9998e-03 +1.9998e-03 +1.9998e-03 +1.9998e-03 +1.9998e-03 +1.9998e-03 +1.9998e-03 +1.9998e-03 +1.9998e-03 +1.9998e-03 +1.9998e-03 +1.9998e-03 +1.9998e-03 +1.9998e-03 +1.9998e-03 +1.9998e-03 +1.9998e-03 +1.9997e-03 +1.9997e-03 +1.9997e-03 +1.9997e-03 +1.9997e-03 +1.9997e-03 +1.9997e-03 +1.9997e-03 +1.9997e-03 +1.9997e-03 +1.9997e-03 +1.9997e-03 +1.9997e-03 +1.9997e-03 +1.9996e-03 +1.9996e-03 +1.9996e-03 +1.9996e-03 +1.9996e-03 +1.9996e-03 +1.9996e-03 +1.9996e-03 +1.9996e-03 +1.9996e-03 +1.9996e-03 
+0000.00150 +1.5000e-03 +1.5000e-03 +1.5000e-03 +1.5000e-03 +1.5000e-03 +1.5000e-03 +1.5000e-03 +1.5000e-03 +1.5000e-03 +1.5000e-03 +1.5000e-03 +1.4999e-03 +1.4999e-03 +1.4999e-03 +1.4999e-03 +1.4999e-03 +1.4999e-03 +1.4999e-03 +1.4999e-03 +1.4999e-03 +1.4999e-03 +1.4999e-03 +1.4999e-03 +1.4999e-03 +1.4999e-03 +1.4999e-03 +1.4999e-03 +1.4999e-03 +1.4999e-03 +1.4999e-03 +1.4999e-03 +1.4999e-03 +1.4998e-03 +1.4998e-03 +1.4998e-03 +1.4998e-03 +1.4998e-03 +1.4998e-03 +1.4998e-03 +1.4998e-03 +1.4998e-03 +1.4998e-03 +1.4998e-03 +1.4998e-03 +1.4998e-03 +1.4998e-03 +1.4998e-03 +1.4998e-03 +1.4998e-03 +1.4998e-03 +1.4998e-03 +1.4998e-03 +1.4998e-03 +1.4997e-03 +1.4997e-03 +1.4997e-03 +1.4997e-03 +1.4997e-03 +1.4997e-03 +1.4997e-03 +1.4997e-03 
+0000.00100 +1.0000e-03 +1.0000e-03 +1.0000e-03 +1.0000e-03 +1.0000e-03 +1.0000e-03 +9.9999e-04 +9.9999e-04 +9.9998e-04 +9.9998e-04 +9.9997e-04 +9.9997e-04 +9.9996e-04 +9.9996e-04 +9.9996e-04 +9.9995e-04 +9.9995e-04 +9.9995e-04 +9.9994e-04 +9.9994e-04 +9.9994e-04 +9.9994e-04 +9.9993e-04 +9.9993e-04 +9.9993e-04 +9.9993e-04 +9.9993e-04 +9.9992e-04 +9.9992e-04 +9.9992e-04 +9.9992e-04 +9.9991e-04 +9.9991e-04 +9.9991e-04 +9.9991e-04 +9.9990e-04 +9.9990e-04 +9.9990e-04 +9.9989e-04 +9.9989e-04 +9.9989e-04 +9.9988e-04 +9.9988e-04 +9.9987e-04 +9.9987e-04 +9.9987e-04 +9.9986e-04 +9.9986e-04 +9.9985e-04 +9.9985e-04 +9.9984e-04 +9.9984e-04 +9.9983e-04 +9.9983e-04 +9.9982e-04 +9.9982e-04 +9.9981e-04 +9.9981e-04 +9.9980e-04 +9.9980e-04 +9.9979e-04 
+0000.00050 +5.0002e-04 +5.0002e-04 +5.0001e-04 +5.0001e-04 +5.0001e-04 +5.0000e-04 +5.0000e-04 +5.0000e-04 +5.0000e-04 +4.9999e-04 +4.9999e-04 +4.9999e-04 +4.9999e-04 +4.9999e-04 +4.9998e-04 +4.9998e-04 +4.9998e-04 +4.9998e-04 +4.9998e-04 +4.9998e-04 +4.9997e-04 +4.9997e-04 +4.9997e-04 +4.9997e-04 +4.9997e-04 +4.9997e-04 +4.9997e-04 +4.9996e-04 +4.9996e-04 +4.9996e-04 +4.9996e-04 +4.9996e-04 +4.9996e-04 +4.9996e-04 +4.9995e-04 +4.9995e-04 +4.9995e-04 +4.9995e-04 +4.9995e-04 +4.9995e-04 +4.9994e-04 +4.9994e-04 +4.9994e-04 +4.9994e-04 +4.9994e-04 +4.9994e-04 +4.9993e-04 +4.9993e-04 +4.9993e-04 +4.9993e-04 +4.9993e-04 +4.9992e-04 +4.9992e-04 +4.9992e-04 +4.9992e-04 +4.9991e-04 +4.9991e-04 +4.9991e-04 +4.9991e-04 +4.9990e-04 +4.9990e-04 
+0000.00000 -1.0560e-10 -1.0604e-10 -1.0663e-10 -1.0733e-10 -1.0815e-10 -1.0905e-10 -1.1004e-10 -1.1108e-10 -1.1218e-10 -1.1332e-10 -1.1448e-10 -1.1565e-10 -1.1683e-10 -1.1800e-10 -1.1916e-10 -1.2028e-10 -1.2137e-10 -1.2242e-10 -1.2342e-10 -1.2436e-10 -1.2523e-10 -1.2604e-10 -1.2677e-10 -1.2742e-10 -1.2798e-10 -1.2846e-10 -1.2885e-10 -1.2914e-10 -1.2934e-10 -1.2944e-10 -1.2945e-10 -1.2936e-10 -1.2918e-10 -1.2890e-10 -1.2853e-10 -1.2806e-10 -1.2751e-10 -1.2688e-10 -1.2616e-10 -1.2537e-10 -1.2450e-10 -1.2358e-10 -1.2259e-10 -1.2155e-10 -1.2047e-10 -1.1935e-10 -1.1820e-10 -1.1704e-10 -1.1587e-10 -1.1469e-10 -1.1353e-10 -1.1240e-10 -1.1130e-10 -1.1025e-10 -1.0926e-10 -1.0835e-10 -1.0753e-10 -1.0681e-10 -1.0622e-10 -1.0576e-10 -1.0545e-10 
-0000.00050 -5.0002e-04 -5.0002e-04 -5.0001e-04 -5.0001e-04 -5.0001e-04 -5.0000e-04 -5.0000e-04 -5.0000e-04 -5.0000e-04 -4.9999e-04 -4.9999e-04 -4.9999e-04 -4.9999e-04 -4.9999e-04 -4.9998e-04 -4.9998e-04 -4.9998e-04 -4.9998e-04 -4.9998e-04 -4.9998e-04 -4.9997e-04 -4.9997e-04 -4.9997e-04 -4.9997e-04 -4.9997e-04 -4.9997e-04 -4.9997e-04 -4.9996e-04 -4.9996e-04 -4.9996e-04 -4.9996e-04 -4.9996e-04 -4.9996e-04 -4.9996e-04 -4.9995e-04 -4.9995e-04 -4.9995e-04 -4.9995e-04 -4.9995e-04 -4.9995e-04 -4.9994e-04 -4.9994e-04 -4.9994e-04 -4.9994e-04 -4.9994e-04 -4.9994e-04 -4.9993e-04 -4.9993e-04 -4.9993e-04 -4.9993e-04 -4.9993e-04 -4.9992e-04 -4.9992e-04 -4.9992e-04 -4.9992e-04 -4.9991e-04 -4.9991e-04 -4.9991e-04 -4.9991e-04 -4.9990e-04 -4.9990e-04 
-0000.00100 -1.0000e-03 -1.0000e-03 -1.0000e-03 -1.0000e-03 -1.0000e-03 -1.0000e-03 -9.9999e-04 -9.9999e-04 -9.9998e-04 -9.9998e-04 -9.9997e-04 -9.9997e-04 -9.9996e-04 -9.9996e-04 -9.9996e-04 -9.9995e-04 -9.9995e-04 -9.9995e-04 -9.9994e-04 -9.9994e-04 -9.9994e-04 -9.9994e-04 -9.9993e-04 -9.9993e-04 -9.9993e-04 -9.9993e-04 -9.9993e-04 -9.9992e-04 -9.9992e-04 -9.9992e-04 -9.9992e-04 -9.9991e-04 -9.9991e-04 -9.9991e-04 -9.9991e-04 -9.9990e-04 -9.9990e-04 -9.9990e-04 -9.9989e-04 -9.9989e-04 -9.9989e-04 -9.9988e-04 -9.9988e-04 -9.9987e-04 -9.9987e-04 -9.9987e-04 -9.9986e-04 -9.9986e-04 -9.9985e-04 -9.9985e-04 -9.9984e-04 -9.9984e-04 -9.9983e-04 -9.9983e-04 -9.9982e-04 -9.9982e-04 -9.9981e-04 -9.9981e-04 -9.9980e-04 -9.9980e-04 -9.9979e-04 
-0000.00150 -1.5000e-03 -1.5000e-03 -1.5000e-03 -1.5000e-03 -1.5000e-03 -1.5000e-03 -1.5000e-03 -1.5000e-03 -1.5000e-03 -1.5000e-03 -1.5000e-03 -1.4999e-03 -1.4999e-03 -1.4999e-03 -1.4999e-03 -1.4999e-03 -1.4999e-03 -1.4999e-03 -1.4999e-03 -1.4999e-03 -1.4999e-03 -1.4999e-03 -1.4999e-03 -1.4999e-03 -1.4999e-03 -1.4999e-03 -1.4999e-03 -1.4999e-03 -1.4999e-03 -1.4999e-03 -1.4999e-03 -1.4999e-03 -1.4998e-03 -1.4998e-03 -1.4998e-03 -1.4998e-03 -1.4998e-03 -1.4998e-03 -1.4998e-03 -1.4998e-03 -1.4998e-03 -1.4998e-03 -1.4998e-03 -1.4998e-03 -1.4998e-03 -1.4998e-03 -1.4998e-03 -1.4998e-03 -1.4998e-03 -1.4998e-03 -1.4998e-03 -1.4998e-03 -1.4998e-03 -1.4997e-03 -1.4997e-03 -1.4997e-03 -1.4997e-03 -1.4997e-03 -1.4997e-03 -1.4997e-03 -1.4997e-03 
-0000.00200 -2.0000e-03 -2.0000e-03 -2.0000e-03 -2.0000e-03 -2.0000e-03 -2.0000e-03 -1.9999e-03 -1.9999e-03 -1.9999e-03 -1.9999e-03 -1.9999e-03 -1.9999e-03 -1.9999e-03 -1.9999e-03 -1.9999e-03 -1.9999e-03 -1.9999e-03 -1.9999e-03 -1.9999e-03 -1.9998e-03 -1.9998e-03 -1.9998e-03 -1.9998e-03 -1.9998e-03 -1.9998e-03 -1.9998e-03 -1.9998e-03 -1.9998e-03 -1.9998e-03 -1.9998e-03 -1.9998e-03 -1.9998e-03 -1.9998e-03 -1.9998e-03 -1.9998e-03 -1.9998e-03 -1.9997e-03 -1.9997e-03 -1.9997e-03 -1.9997e-03 -1.9997e-03 -1.9997e-03 -1.9997e-03 -1.9997e-03 -1.9997e-03 -1.9997e-03 -1.9997e-03 -1.9997e-03 -1.9997e-03 -1.9997e-03 -1.9996e-03 -1.9996e-03 -1.9996e-03 -1.9996e-03 -1.9996e-03 -1.9996e-03 -1.9996e-03 -1.9996e-03 -1.9996e-03 -1.9996e-03 -1.9996e-03 