# Author: FAC idanalysis.IDKickMap
# Termination_kicks [T2m2]: +0.0000e+00 +0.0000e+00 +0.0000e+00 +0.0000e+00 
# Total Length of Longitudinal Interval [m]
0.13
# Number of Horizontal Points
61
# Number of Vertical Points
9
# Total Horizontal 2nd Order Kick [T2m2]
START
            -0000.01000 -0000.00967 -0000.00933 -0000.00900 -0000.00867 -0000.00833 -0000.00800 -0000.00767 -0000.00733 -0000.00700 -0000.00667 -0000.00633 -0000.00600 -0000.00567 -0000.00533 -0000.00500 -0000.00467 -0000.00433 -0000.00400 -0000.00367 -0000.00333 -0000.00300 -0000.00267 -0000.00233 -0000.00200 -0000.00167 -0000.00133 -0000.00100 -0000.00067 -0000.00033 +0000.00000 +0000.00033 +0000.00067 +0000.00100 +0000.00133 +0000.00167 +0000.00200 +0000.00233 +0000.00267 +0000.00300 +0000.00333 +0000.00367 +0000.00400 +0000.00433 +0000.00467 +0000.00500 +0000.00533 +0000.00567 +0000.00600 +0000.00633 +0000.00667 +0000.00700 +0000.00733 +0000.00767 +0000.00800 +0000.00833 +0000.00867 +0000.00900 +0000.00933 +0000.00967 +0000.01000 
+0000.00200 -2.6562e-04 -2.6281e-04 -2.5992e-04 -2.5697e-04 -2.5397e-04 -2.5095e-04 -2.4792e-04 -2.4490e-04 -2.4190e-04 -2.3893e-04 -2.3600e-04 -2.3314e-04 -2.3035e-04 -2.2765e-04 -2.2504e-04 -2.2253e-04 -2.2014e-04 -2.1787e-04 -2.1574e-04 -2.1375e-04 -2.1190e-04 -2.1021e-04 -2.0868e-04 -2.0731e-04 -2.0612e-04 -2.0509e-04 -2.0425e-04 -2.0359e-04 -2.0311e-04 -2.0281e-04 -2.0270e-04 -2.0277e-04 -2.0303e-04 -2.0348e-04 -2.0411e-04 -2.0492e-04 -2.0590e-04 -2.0707e-04 -2.0840e-04 -2.0990e-04 -2.1156e-04 -2.1338e-04 -2.1534e-04 -2.1745e-04 -2.1969e-04 -2.2206e-04 -2.2454e-04 -2.2713e-04 -2.2982e-04 -2.3260e-04 -2.3545e-04 -2.3836e-04 -2.4132e-04 -2.4432e-04 -2.4734e-04 -2.5037e-04 -2.5340e-04 -2.5640e-04 -2.5936e-04 -2.6227e-04 -2.6510e-04 
+0000.00150 -2.6487e-04 -2.6222e-04 -2.5949e-04 -2.5669e-04 -2.5383e-04 -2.5095e-04 -2.4805e-04 -2.4515e-04 -2.4227e-04 -2.3941e-04 -2.3659e-04 -2.3383e-04 -2.3113e-04 -2.2851e-04 -2.2598e-04 -2.2355e-04 -2.2123e-04 -2.1903e-04 -2.1696e-04 -2.1502e-04 -2.1323e-04 -2.1158e-04 -2.1009e-04 -2.0876e-04 -2.0760e-04 -2.0660e-04 -2.0578e-04 -2.0513e-04 -2.0466e-04 -2.0438e-04 -2.0427e-04 -2.0434e-04 -2.0460e-04 -2.0503e-04 -2.0564e-04 -2.0643e-04 -2.0740e-04 -2.0853e-04 -2.0983e-04 -2.1129e-04 -2.1291e-04 -2.1467e-04 -2.1659e-04 -2.1863e-04 -2.2081e-04 -2.2311e-04 -2.2551e-04 -2.2802e-04 -2.3062e-04 -2.3331e-04 -2.3606e-04 -2.3886e-04 -2.4171e-04 -2.4459e-04 -2.4749e-04 -2.5039e-04 -2.5327e-04 -2.5613e-04 -2.5894e-04 -2.6168e-04 -2.6435e-04 
+0000.00100 -2.6432e-04 -2.6179e-04 -2.5917e-04 -2.5647e-04 -2.5373e-04 -2.5094e-04 -2.4813e-04 -2.4532e-04 -2.4252e-04 -2.3974e-04 -2.3700e-04 -2.3431e-04 -2.3168e-04 -2.2912e-04 -2.2665e-04 -2.2428e-04 -2.2201e-04 -2.1986e-04 -2.1783e-04 -2.1593e-04 -2.1417e-04 -2.1256e-04 -2.1110e-04 -2.0979e-04 -2.0865e-04 -2.0767e-04 -2.0687e-04 -2.0623e-04 -2.0577e-04 -2.0549e-04 -2.0539e-04 -2.0546e-04 -2.0571e-04 -2.0614e-04 -2.0674e-04 -2.0751e-04 -2.0846e-04 -2.0957e-04 -2.1084e-04 -2.1228e-04 -2.1386e-04 -2.1559e-04 -2.1746e-04 -2.1947e-04 -2.2160e-04 -2.2384e-04 -2.2620e-04 -2.2865e-04 -2.3119e-04 -2.3380e-04 -2.3648e-04 -2.3921e-04 -2.4198e-04 -2.4478e-04 -2.4759e-04 -2.5039e-04 -2.5318e-04 -2.5593e-04 -2.5863e-04 -2.6126e-04 -2.6380e-04 
+0000.00050 -2.6400e-04 -2.6153e-04 -2.5898e-04 -2.5635e-04 -2.5366e-04 -2.5093e-04 -2.4818e-04 -2.4542e-04 -2.4267e-04 -2.3993e-04 -2.3724e-04 -2.3459e-04 -2.3200e-04 -2.2948e-04 -2.2705e-04 -2.2471e-04 -2.2247e-04 -2.2034e-04 -2.1834e-04 -2.1647e-04 -2.1473e-04 -2.1314e-04 -2.1170e-04 -2.1041e-04 -2.0928e-04 -2.0831e-04 -2.0752e-04 -2.0689e-04 -2.0644e-04 -2.0616e-04 -2.0606e-04 -2.0613e-04 -2.0637e-04 -2.0680e-04 -2.0739e-04 -2.0816e-04 -2.0909e-04 -2.1019e-04 -2.1145e-04 -2.1286e-04 -2.1443e-04 -2.1614e-04 -2.1799e-04 -2.1997e-04 -2.2207e-04 -2.2428e-04 -2.2660e-04 -2.2902e-04 -2.3152e-04 -2.3409e-04 -2.3673e-04 -2.3941e-04 -2.4214e-04 -2.4488e-04 -2.4764e-04 -2.5039e-04 -2.5311e-04 -2.5580e-04 -2.5844e-04 -2.6100e-04 -2.6348e-04 
+0000.00000 -2.6389e-04 -2.6144e-04 -2.5891e-04 -2.5630e-04 -2.5363e-04 -2.5092e-04 -2.4819e-04 -2.4545e-04 -2.4271e-04 -2.3999e-04 -2.3731e-04 -2.3467e-04 -2.3210e-04 -2.2959e-04 -2.2717e-04 -2.2484e-04 -2.2262e-04 -2.2050e-04 -2.1851e-04 -2.1664e-04 -2.1491e-04 -2.1333e-04 -2.1189e-04 -2.1061e-04 -2.0948e-04 -2.0852e-04 -2.0773e-04 -2.0711e-04 -2.0666e-04 -2.0638e-04 -2.0628e-04 -2.0635e-04 -2.0659e-04 -2.0702e-04 -2.0761e-04 -2.0837e-04 -2.0930e-04 -2.1040e-04 -2.1165e-04 -2.1306e-04 -2.1462e-04 -2.1632e-04 -2.1816e-04 -2.2013e-04 -2.2222e-04 -2.2443e-04 -2.2674e-04 -2.2914e-04 -2.3163e-04 -2.3419e-04 -2.3681e-04 -2.3948e-04 -2.4219e-04 -2.4492e-04 -2.4766e-04 -2.5039e-04 -2.5309e-04 -2.5576e-04 -2.5838e-04 -2.6092e-04 -2.6337e-04 
-0000.00050 -2.6400e-04 -2.6153e-04 -2.5898e-04 -2.5635e-04 -2.5366e-04 -2.5093e-04 -2.4818e-04 -2.4542e-04 -2.4266e-04 -2.3993e-04 -2.3723e-04 -2.3458e-04 -2.3199e-04 -2.2948e-04 -2.2704e-04 -2.2470e-04 -2.2246e-04 -2.2034e-04 -2.1834e-04 -2.1646e-04 -2.1473e-04 -2.1314e-04 -2.1169e-04 -2.1040e-04 -2.0928e-04 -2.0831e-04 -2.0752e-04 -2.0689e-04 -2.0644e-04 -2.0616e-04 -2.0605e-04 -2.0613e-04 -2.0637e-04 -2.0680e-04 -2.0739e-04 -2.0816e-04 -2.0909e-04 -2.1019e-04 -2.1145e-04 -2.1286e-04 -2.1443e-04 -2.1614e-04 -2.1799e-04 -2.1997e-04 -2.2207e-04 -2.2428e-04 -2.2660e-04 -2.2902e-04 -2.3152e-04 -2.3409e-04 -2.3673e-04 -2.3942e-04 -2.4214e-04 -2.4489e-04 -2.4764e-04 -2.5039e-04 -2.5312e-04 -2.5581e-04 -2.5844e-04 -2.6100e-04 -2.6348e-04 
-0000.00100 -2.6432e-04 -2.6179e-04 -2.5917e-04 -2.5647e-04 -2.5372e-04 -2.5094e-04 -2.4813e-04 -2.4532e-04 -2.4251e-04 -2.3973e-04 -2.3699e-04 -2.3430e-04 -2.3167e-04 -2.2911e-04 -2.2665e-04 -2.2427e-04 -2.2200e-04 -2.1985e-04 -2.1782e-04 -2.1593e-04 -2.1417e-04 -2.1255e-04 -2.1109e-04 -2.0979e-04 -2.0865e-04 -2.0767e-04 -2.0687e-04 -2.0623e-04 -2.0577e-04 -2.0549e-04 -2.0539e-04 -2.0546e-04 -2.0571e-04 -2.0614e-04 -2.0674e-04 -2.0751e-04 -2.0846e-04 -2.0957e-04 -2.1085e-04 -2.1228e-04 -2.1386e-04 -2.1559e-04 -2.1747e-04 -2.1947e-04 -2.2160e-04 -2.2385e-04 -2.2620e-04 -2.2865e-04 -2.3119e-04 -2.3380e-04 -2.3648e-04 -2.3921e-04 -2.4199e-04 -2.4478e-04 -2.4759e-04 -2.5039e-04 -2.5318e-04 -2.5593e-04 -2.5863e-04 -2.6126e-04 -2.6381e-04 
-0000.00150 -2.6486e-04 -2.6221e-04 -2.5948e-04 -2.5667e-04 -2.5383e-04 -2.5094e-04 -2.4804e-04 -2.4514e-04 -2.4226e-04 -2.3940e-04 -2.3658e-04 -2.3382e-04 -2.3112e-04 -2.2851e-04 -2.2598e-04 -2.2355e-04 -2.2123e-04 -2.1903e-04 -2.1696e-04 -2.1502e-04 -2.1323e-04 -2.1158e-04 -2.1009e-04 -2.0876e-04 -2.0760e-04 -2.0660e-04 -2.0578e-04 -2.0513e-04 -2.0467e-04 -2.0438e-04 -2.0427e-04 -2.0434e-04 -2.0460e-04 -2.0503e-04 -2.0565e-04 -2.0644e-04 -2.0740e-04 -2.0853e-04 -2.0983e-04 -2.1129e-04 -2.1291e-04 -2.1468e-04 -2.1659e-04 -2.1864e-04 -2.2081e-04 -2.2311e-04 -2.2552e-04 -2.2803e-04 -2.3063e-04 -2.3331e-04 -2.3606e-04 -2.3887e-04 -2.4172e-04 -2.4460e-04 -2.4750e-04 -2.5039e-04 -2.5328e-04 -2.5613e-04 -2.5894e-04 -2.6168e-04 -2.6435e-04 
-0000.00200 -2.6562e-04 -2.6280e-04 -2.5991e-04 -2.5696e-04 -2.5396e-04 -2.5095e-04 -2.4792e-04 -2.4489e-04 -2.4189e-04 -2.3892e-04 -2.3600e-04 -2.3313e-04 -2.3035e-04 -2.2764e-04 -2.2503e-04 -2.2253e-04 -2.2014e-04 -2.1787e-04 -2.1574e-04 -2.1374e-04 -2.1190e-04 -2.1021e-04 -2.0867e-04 -2.0731e-04 -2.0611e-04 -2.0509e-04 -2.0425e-04 -2.0358e-04 -2.0310e-04 -2.0281e-04 -2.0270e-04 -2.0277e-04 -2.0303e-04 -2.0348e-04 -2.0411e-04 -2.0492e-04 -2.0591e-04 -2.0707e-04 -2.0840e-04 -2.0990e-04 -2.1156e-04 -2.1338e-04 -2.1535e-04 -2.1745e-04 -2.1970e-04 -2.2206e-04 -2.2455e-04 -2.2714e-04 -2.2983e-04 -2.3260e-04 -2.3545e-04 -2.3836e-04 -2.4133e-04 -2.4433e-04 -2.4735e-04 -2.5038e-04 -2.5340e-04 -2.5640e-04 -2.5936e-04 -2.6227e-04 -2.6510e-04 
# Total Vertical 2nd Order Kick [T2m2]
START
            -0000.01000 -0000.00967 -0000.00933 -0000.00900 -0000.00867 -0000.00833 -0000.00800 -0000.00767 -0000.00733 -0000.00700 -0000.00667 -0000.00633 -0000.00600 -0000.00567 -0000.00533 -0000.00500 -0000.00467 -0000.00433 -0000.00400 -0000.00367 -0000.00333 -0000.00300 -0000.00267 -0000.00233 -0000.00200 -0000.00167 -0000.00133 -0000.00100 -0000.00067 -0000.00033 +0000.00000 +0000.00033 +0000.00067 +0000.00100 +0000.00133 +0000.00167 +0000.00200 +0000.00233 +0000.00267 +0000.00300 +0000.00333 +0000.00367 +0000.00400 +0000.00433 +0000.00467 +0000.00500 +0000.00533 +0000.00567 +0000.00600 +0000.00633 +0000.00667 +0000.00700 +0000.00733 +0000.00767 +0000.00800 +0000.00833 +0000.00867 +0000.00900 +0000.00933 +0000.00967 +0000.01000 
+0000.00200 -2.6562e-04 -2.6281e-04 -2.5992e-04 -2.5697e-04 -2.5397e-04 -2.5095e-04 -2.4792e-04 -2.4490e-04 -2.4190e-04 -2.3893e-04 -2.3600e-04 -2.3314e-04 -2.3035e-04 -2.2765e-04 -2.2504e-04 -2.2253e-04 -2.2014e-04 -2.1787e-04 -2.1574e-04 -2.1375e-04 -2.1190e-04 -2.1021e-04 -2.0868e-04 -2.0731e-04 -2.0612e-04 -2.0509e-04 -2.0425e-04 -2.0359e-04 -2.0311e-04 -2.0281e-04 -2.0270e-04 -2.0277e-04 -2.0303e-04 -2.0348e-04 -2.0411e-04 -2.0492e-04 -2.0590e-04 -2.0707e-04 -2.0840e-04 -2.0990e-04 -2.1156e-04 -2.1338e-04 -2.1534e-04 -2.1745e-04 -2.1969e-04 -2.2206e-04 -2.2454e-04 -2.2713e-04 -2.2982e-04 -2.3260e-04 -2.3545e-04 -2.3836e-04 -2.4132e-04 -2.4432e-04 -2.4734e-04 -2.5037e-04 -2.5340e-04 -2.5640e-04 -2.5936e-04 -2.6227e-04 -2.6510e-04 
+0000.00150 -2.6562e-04 -2.6281e-04 -2.5992e-04 -2.5697e-04 -2.5397e-04 -2.5095e-04 -2.4792e-04 -2.4490e-04 -2.4190e-04 -2.3893e-04 -2.3600e-04 -2.3314e-04 -2.3035e-04 -2.2765e-04 -2.2504e-04 -2.2253e-04 -2.2014e-04 -2.1787e-04 -2.1574e-04 -2.1375e-04 -2.1190e-04 -2.1021e-04 -2.0868e-04 -2.0731e-04 -2.0612e-04 -2.0509e-04 -2.0425e-04 -2.0359e-04 -2.0311e-04 -2.0281e-04 -2.0270e-04 -2.0277e-04 -2.0303e-04 -2.0348e-04 -2.0411e-04 -2.0492e-04 -2.0590e-04 -2.0707e-04 -2.0840e-04 -2.0990e-04 -2.1156e-04 -2.1338e-04 -2.1534e-04 -2.1745e-04 -2.1969e-04 -2.2206e-04 -2.2454e-04 -2.2713e-04 -2.2982e-04 -2.3260e-04 -2.3545e-04 -2.3836e-04 -2.4132e-04 -2.4432e-04 -2.4734e-04 -2.5037e-04 -2.5340e-04 -2.5640e-04 -2.5936e-04 -2.6227e-04 -2.6510e-04 
+0000.00100 -2.6562e-04 -2.6281e-04 -2.5992e-04 -2.5697e-04 -2.5397e-04 -2.5095e-04 -2.4792e-04 -2.4490e-04 -2.4190e-04 -2.3893e-04 -2.3600e-04 -2.3314e-04 -2.3035e-04 -2.2765e-04 -2.2504e-04 -2.2253e-04 -2.2014e-04 -2.1787e-04 -2.1574e-04 -2.1375e-04 -2.1190e-04 -2.1021e-04 -2.0868e-04 -2.0731e-04 -2.0612e-04 -2.0509e-04 -2.0425e-04 -2.0359e-04 -2.0311e-04 -2.0281e-04 -2.0270e-04 -2.0277e-04 -2.0303e-04 -2.0348e-04 -2.0411e-04 -2.0492e-04 -2.0590e-04 -2.0707e-04 -2.0840e-04 -2.0990e-04 -2.1156e-04 -2.1338e-04 -2.1534e-04 -2.1745e-04 -2.1969e-04 -2.2206e-04 -2.2454e-04 -2.2713e-04 -2.2982e-04 -2.3260e-04 -2.3545e-04 -2.3836e-04 -2.4132e-04 -2.4432e-04 -2.4734e-04 -2.5037e-04 -2.5340e-04 -2.5640e-04 -2.5936e-04 -2.6227e-04 -2.6510e-04 
+0000.00050 -2.6562e-04 -2.6281e-04 -2.5992e-04 -2.5697e-04 -2.5397e-04 -2.5095e-04 -2.4792e-04 -2.4490e-04 -2.4190e-04 -2.3893e-04 -2.3600e-04 -2.3314e-04 -2.3035e-04 -2.2765e-04 -2.2504e-04 -2.2253e-04 -2.2014e-04 -2.1787e-04 -2.1574e-04 -2.1375e-04 -2.1190e-04 -2.1021e-04 -2.0868e-04 -2.0731e-04 -2.0612e-04 -2.0509e-04 -2.0425e-04 -2.0359e-04 -2.0311e-04 -2.0281e-04 -2.0270e-04 -2.0277e-04 -2.0303e-04 -2.0348e-04 -2.0411e-04 -2.0492e-04 -2.0590e-04 -2.0707e-04 -2.0840e-04 -2.0990e-04 -2.1156e-04 -2.1338e-04 -2.1534e-04 -2.1745e-04 -2.1969e-04 -2.2206e-04 -2.2454e-04 -2.2713e-04 -2.2982e-04 -2.3260e-04 -2.3545e-04 -2.3836e-04 -2.4132e-04 -2.4432e-04 -2.4734e-04 -2.5037e-04 -2.5340e-04 -2.5640e-04 -2.5936e-04 -2.6227e-04 -2.6510e-04 
+0000.00000 -2.6562e-04 -2.6281e-04 -2.5992e-04 -2.5697e-04 -2.5397e-04 -2.5095e-04 -2.4792e-04 -2.4490e-04 -2.4190e-04 -2.3893e-04 -2.3600e-04 -2.3314e-04 -2.3035e-04 -2.2765e-04 -2.2504e-04 -2.2253e-04 -2.2014e-04 -2.1787e-04 -2.1574e-04 -2.1375e-04 -2.1190e-04 -2.1021e-04 -2.0868e-04 -2.0731e-04 -2.0612e-04 -2.0509e-04 -2.0425e-04 -2.0359e-04 -2.0311e-04 -2.0281e-04 -2.0270e-04 -2.0277e-04 -2.0303e-04 -2.0348e-04 -2.0411e-04 -2.0492e-04 -2.0590e-04 -2.0707e-04 -2.0840e-04 -2.0990e-04 -2.1156e-04 -2.1338e-04 -2.1534e-04 -2.1745e-04 -2.1969e-04 -2.2206e-04 -2.2454e-04 -2.2713e-04 -2.2982e-04 -2.3260e-04 -2.3545e-04 -2.3836e-04 -2.4132e-04 -2.4432e-04 -2.4734e-04 -2.5037e-04 -2.5340e-04 -2.5640e-04 -2.5936e-04 -2.6227e-04 -2.6510e-04 
-0000.00050 -2.6562e-04 -2.6281e-04 -2.5992e-04 -2.5697e-04 -2.5397e-04 -2.5095e-04 -2.4792e-04 -2.4490e-04 -2.4190e-04 -2.3893e-04 -2.3600e-04 -2.3314e-04 -2.3035e-04 -2.2765e-04 -2.2504e-04 -2.2253e-04 -2.2014e-04 -2.1787e-04 -2.1574e-04 -2.1375e-04 -2.1190e-04 -2.1021e-04 -2.0868e-04 -2.0731e-04 -2.0612e-04 -2.0509e-04 -2.0425e-04 -2.0359e-04 -2.0311e-04 -2.0281e-04 -2.0270e-04 -2.0277e-04 -2.0303e-04 -2.0348e-04 -2.0411e-04 -2.0492e-04 -2.0590e-04 -2.0707e-04 -2.0840e-04 -2.0990e-04 -2.1156e-04 -2.1338e-04 -2.1534e-04 -2.1745e-04 -2.1969e-04 -2.2206e-04 -2.2454e-04 -2.2713e-04 -2.2982e-04 -2.3260e-04 -2.3545e-04 -2.3836e-04 -2.4132e-04 -2.4432e-04 -2.4734e-04 -2.5037e-04 -2.5340e-04 -2.5640e-04 -2.5936e-04 -2.6227e-04 -2.6510e-04 
-0000.00100 -2.6562e-04 -2.6281e-04 -2.5992e-04 -2.5697e-04 -2.5397e-04 -2.5095e-04 -2.4792e-04 -2.4490e-04 -2.4190e-04 -2.3893e-04 -2.3600e-04 -2.3314e-04 -2.3035e-04 -2.2765e-04 -2.2504e-04 -2.2253e-04 -2.2014e-04 -2.1787e-04 -2.1574e-04 -2.1375e-04 -2.1190e-04 -2.1021e-04 -2.0868e-04 -2.0731e-04 -2.0612e-04 -2.0509e-04 -2.0425e-04 -2.0359e-04 -2.0311e-04 -2.0281e-04 -2.0270e-04 -2.0277e-04 -2.0303e-04 -2.0348e-04 -2.0411e-04 -2.0492e-04 -2.0590e-04 -2.0707e-04 -2.0840e-04 -2.0990e-04 -2.1156e-04 -2.1338e-04 -2.1534e-04 -2.1745e-04 -2.1969e-04 -2.2206e-04 -2.2454e-04 -2.2713e-04 -2.2982e-04 -2.3260e-04 -2.3545e-04 -2.3836e-04 -2.4132e-04 -2.4432e-04 -2.4734e-04 -2.5037e-04 -2.5340e-04 -2.5640e-04 -2.5936e-04 -2.6227e-04 -2.6510e-04 
-0000.00150 -2.6562e-04 -2.6281e-04 -2.5992e-04 -2.5697e-04 -2.5397e-04 -2.5095e-04 -2.4792e-04 -2.4490e-04 -2.4190e-04 -2.3893e-04 -2.3600e-04 -2.3314e-04 -2.3035e-04 -2.2765e-04 -2.2504e-04 -2.2253e-04 -2.2014e-04 -2.1787e-04 -2.1574e-04 -2.1375e-04 -2.1190e-04 -2.1021e-04 -2.0868e-04 -2.0731e-04 -2.0612e-04 -2.0509e-04 -2.0425e-04 -2.0359e-04 -2.0311e-04 -2.0281e-04 -2.0270e-04 -2.0277e-04 -2.0303e-04 -2.0348e-04 -2.0411e-04 -2.0492e-04 -2.0590e-04 -2.0707e-04 -2.0840e-04 -2.0990e-04 -2.1156e-04 -2.1338e-04 -2.1534e-04 -2.1745e-04 -2.1969e-04 -2.2206e-04 -2.2454e-04 -2.2713e-04 -2.2982e-04 -2.3260e-04 -2.3545e-04 -2.3836e-04 -2.4132e-04 -2.4432e-04 -2.4734e-04 -2.5037e-04 -2.5340e-04 -2.5640e-04 -2.5936e-04 -2.6227e-04 -2.6510e-04 
-0000.00200 -2.6562e-04 -2.6281e-04 -2.5992e-04 -2.5697e-04 -2.5397e-04 -2.5095e-04 -2.4792e-04 -2.4490e-04 -2.4190e-04 -2.3893e-04 -2.3600e-04 -2.3314e-04 -2.3035e-04 -2.2765e-04 -2.2504e-04 -2.2253e-04 -2.2014e-04 -2.1787e-04 -2.1574e-04 -2.1375e-04 -2.1190e-04 -2.1021e-04 -2.0868e-04 -2.0731e-04 -2.0612e-04 -2.0509e-04 -2.0425e-04 -2.0359e-04 -2.0311e-04 -2.0281e-04 -2.0270e-04 -2.0277e-04 -2.0303e-04 -2.0348e-04 -2.0411e-04 -2.0492e-04 -2.0590e-04 -2.0707e-04 -2.0840e-04 -2.0990e-04 -2.1156e-04 -2.1338e-04 -2.1534e-04 -2.1745e-04 -2.1969e-04 -2.2206e-04 -2.2454e-04 -2.2713e-04 -2.2982e-04 -2.3260e-04 -2.3545e-04 -2.3836e-04 -2.4132e-04 -2.4432e-04 -2.4734e-04 -2.5037e-04 -2.5340e-04 -2.5640e-04 -2.5936e-04 -2.6227e-04 -2.6510e-04 
# Horizontal Final Position [m]
START
            -0000.01000 -0000.00967 -0000.00933 -0000.00900 -0000.00867 -0000.00833 -0000.00800 -0000.00767 -0000.00733 -0000.00700 -0000.00667 -0000.00633 -0000.00600 -0000.00567 -0000.00533 -0000.00500 -0000.00467 -0000.00433 -0000.00400 -0000.00367 -0000.00333 -0000.00300 -0000.00267 -0000.00233 -0000.00200 -0000.00167 -0000.00133 -0000.00100 -0000.00067 -0000.00033 +0000.00000 +0000.00033 +0000.00067 +0000.00100 +0000.00133 +0000.00167 +0000.00200 +0000.00233 +0000.00267 +0000.00300 +0000.00333 +0000.00367 +0000.00400 +0000.00433 +0000.00467 +0000.00500 +0000.00533 +0000.00567 +0000.00600 +0000.00633 +0000.00667 +0000.00700 +0000.00733 +0000.00767 +0000.00800 +0000.00833 +0000.00867 +0000.00900 +0000.00933 +0000.00967 +0000.01000 
+0000.00200 -1.0003e-02 -9.6696e-03 -9.3363e-03 -9.0031e-03 -8.6698e-03 -8.3365e-03 -8.0032e-03 -7.6700e-03 -7.3367e-03 -7.0034e-03 -6.6701e-03 -6.3368e-03 -6.0035e-03 -5.6702e-03 -5.3369e-03 -5.0035e-03 -4.6702e-03 -4.3369e-03 -4.0036e-03 -3.6703e-03 -3.3369e-03 -3.0036e-03 -2.6703e-03 -2.3369e-03 -2.0036e-03 -1.6703e-03 -1.3369e-03 -1.0036e-03 -6.7025e-04 -3.3691e-04 -3.5723e-06 +3.2977e-04 +6.6311e-04 +9.9645e-04 +1.3298e-03 +1.6631e-03 +1.9965e-03 +2.3298e-03 +2.6632e-03 +2.9965e-03 +3.3298e-03 +3.6632e-03 +3.9965e-03 +4.3299e-03 +4.6632e-03 +4.9965e-03 +5.3299e-03 +5.6632e-03 +5.9965e-03 +6.3299e-03 +6.6632e-03 +6.9965e-03 +7.3299e-03 +7.6632e-03 +7.9965e-03 +8.3299e-03 +8.6632e-03 +8.9965e-03 +9.3298e-03 +9.6632e-03 +9.9965e-03 
+0000.00150 -1.0003e-02 -9.6696e-03 -9.3363e-03 -9.0031e-03 -8.6698e-03 -8.3365e-03 -8.0032e-03 -7.6700e-03 -7.3367e-03 -7.0034e-03 -6.6701e-03 -6.3368e-03 -6.0035e-03 -5.6702e-03 -5.3369e-03 -5.0035e-03 -4.6702e-03 -4.3369e-03 -4.0036e-03 -3.6703e-03 -3.3369e-03 -3.0036e-03 -2.6703e-03 -2.3369e-03 -2.0036e-03 -1.6703e-03 -1.3369e-03 -1.0036e-03 -6.7025e-04 -3.3691e-04 -3.5723e-06 +3.2977e-04 +6.6311e-04 +9.9645e-04 +1.3298e-03 +1.6631e-03 +1.9965e-03 +2.3298e-03 +2.6632e-03 +2.9965e-03 +3.3298e-03 +3.6632e-03 +3.9965e-03 +4.3299e-03 +4.6632e-03 +4.9965e-03 +5.3299e-03 +5.6632e-03 +5.9965e-03 +6.3299e-03 +6.6632e-03 +6.9965e-03 +7.3299e-03 +7.6632e-03 +7.9965e-03 +8.3299e-03 +8.6632e-03 +8.9965e-03 +9.3298e-03 +9.6632e-03 +9.9965e-03 
+0000.00100 -1.0003e-02 -9.6696e-03 -9.3363e-03 -9.0031e-03 -8.6698e-03 -8.3365e-03 -8.0032e-03 -7.6700e-03 -7.3367e-03 -7.0034e-03 -6.6701e-03 -6.3368e-03 -6.0035e-03 -5.6702e-03 -5.3369e-03 -5.0035e-03 -4.6702e-03 -4.3369e-03 -4.0036e-03 -3.6703e-03 -3.3369e-03 -3.0036e-03 -2.6703e-03 -2.3369e-03 -2.0036e-03 -1.6703e-03 -1.3369e-03 -1.0036e-03 -6.7025e-04 -3.3691e-04 -3.5723e-06 +3.2977e-04 +6.6311e-04 +9.9645e-04 +1.3298e-03 +1.6631e-03 +1.9965e-03 +2.3298e-03 +2.6632e-03 +2.9965e-03 +3.3298e-03 +3.6632e-03 +3.9965e-03 +4.3299e-03 +4.6632e-03 +4.9965e-03 +5.3299e-03 +5.6632e-03 +5.9965e-03 +6.3299e-03 +6.6632e-03 +6.9965e-03 +7.3299e-03 +7.6632e-03 +7.9965e-03 +8.3299e-03 +8.6632e-03 +8.9965e-03 +9.3298e-03 +9.6632e-03 +9.9965e-03 
+0000.00050 -1.0003e-02 -9.6696e-03 -9.3363e-03 -9.0031e-03 -8.6698e-03 -8.3365e-03 -8.0032e-03 -7.6700e-03 -7.3367e-03 -7.0034e-03 -6.6701e-03 -6.3368e-03 -6.0035e-03 -5.6702e-03 -5.3369e-03 -5.0035e-03 -4.6702e-03 -4.3369e-03 -4.0036e-03 -3.6703e-03 -3.3369e-03 -3.0036e-03 -2.6703e-03 -2.3369e-03 -2.0036e-03 -1.6703e-03 -1.3369e-03 -1.0036e-03 -6.7025e-04 -3.3691e-04 -3.5723e-06 +3.2977e-04 +6.6311e-04 +9.9645e-04 +1.3298e-03 +1.6631e-03 +1.9965e-03 +2.3298e-03 +2.6632e-03 +2.9965e-03 +3.3298e-03 +3.6632e-03 +3.9965e-03 +4.3299e-03 +4.6632e-03 +4.9965e-03 +5.3299e-03 +5.6632e-03 +5.9965e-03 +6.3299e-03 +6.6632e-03 +6.9965e-03 +7.3299e-03 +7.6632e-03 +7.9965e-03 +8.3299e-03 +8.6632e-03 +8.9965e-03 +9.3298e-03 +9.6632e-03 +9.9965e-03 
+0000.00000 -1.0003e-02 -9.6696e-03 -9.3363e-03 -9.0031e-03 -8.6698e-03 -8.3365e-03 -8.0032e-03 -7.6700e-03 -7.3367e-03 -7.0034e-03 -6.6701e-03 -6.3368e-03 -6.0035e-03 -5.6702e-03 -5.3369e-03 -5.0035e-03 -4.6702e-03 -4.3369e-03 -4.0036e-03 -3.6703e-03 -3.3369e-03 -3.0036e-03 -2.6703e-03 -2.3369e-03 -2.0036e-03 -1.6703e-03 -1.3369e-03 -1.0036e-03 -6.7025e-04 -3.3691e-04 -3.5723e-06 +3.2977e-04 +6.6311e-04 +9.9645e-04 +1.3298e-03 +1.6631e-03 +1.9965e-03 +2.3298e-03 +2.6632e-03 +2.9965e-03 +3.3298e-03 +3.6632e-03 +3.9965e-03 +4.3299e-03 +4.6632e-03 +4.9965e-03 +5.3299e-03 +5.6632e-03 +5.9965e-03 +6.3299e-03 +6.6632e-03 +6.9965e-03 +7.3299e-03 +7.6632e-03 +7.9965e-03 +8.3299e-03 +8.6632e-03 +8.9965e-03 +9.3298e-03 +9.6632e-03 +9.9965e-03 
-0000.00050 -1.0003e-02 -9.6696e-03 -9.3363e-03 -9.0031e-03 -8.6698e-03 -8.3365e-03 -8.0032e-03 -7.6700e-03 -7.3367e-03 -7.0034e-03 -6.6701e-03 -6.3368e-03 -6.0035e-03 -5.6702e-03 -5.3369e-03 -5.0035e-03 -4.6702e-03 -4.3369e-03 -4.0036e-03 -3.6703e-03 -3.3369e-03 -3.0036e-03 -2.6703e-03 -2.3369e-03 -2.0036e-03 -1.6703e-03 -1.3369e-03 -1.0036e-03 -6.7025e-04 -3.3691e-04 -3.5723e-06 +3.2977e-04 +6.6311e-04 +9.9645e-04 +1.3298e-03 +1.6631e-03 +1.9965e-03 +2.3298e-03 +2.6632e-03 +2.9965e-03 +3.3298e-03 +3.6632e-03 +3.9965e-03 +4.3299e-03 +4.6632e-03 +4.9965e-03 +5.3299e-03 +5.6632e-03 +5.9965e-03 +6.3299e-03 +6.6632e-03 +6.9965e-03 +7.3299e-03 +7.6632e-03 +7.9965e-03 +8.3299e-03 +8.6632e-03 +8.9965e-03 +9.3298e-03 +9.6632e-03 +9.9965e-03 
-0000.00100 -1.0003e-02 -9.6696e-03 -9.3363e-03 -9.0031e-03 -8.6698e-03 -8.3365e-03 -8.0032e-03 -7.6700e-03 -7.3367e-03 -7.0034e-03 -6.6701e-03 -6.3368e-03 -6.0035e-03 -5.6702e-03 -5.3369e-03 -5.0035e-03 -4.6702e-03 -4.3369e-03 -4.0036e-03 -3.6703e-03 -3.3369e-03 -3.0036e-03 -2.6703e-03 -2.3369e-03 -2.0036e-03 -1.6703e-03 -1.3369e-03 -1.0036e-03 -6.7025e-04 -3.3691e-04 -3.5723e-06 +3.2977e-04 +6.6311e-04 +9.9645e-04 +1.3298e-03 +1.6631e-03 +1.9965e-03 +2.3298e-03 +2.6632e-03 +2.9965e-03 +3.3298e-03 +3.6632e-03 +3.9965e-03 +4.3299e-03 +4.6632e-03 +4.9965e-03 +5.3299e-03 +5.6632e-03 +5.9965e-03 +6.3299e-03 +6.6632e-03 +6.9965e-03 +7.3299e-03 +7.6632e-03 +7.9965e-03 +8.3299e-03 +8.6632e-03 +8.9965e-03 +9.3298e-03 +9.6632e-03 +9.9965e-03 
-0000.00150 -1.0003e-02 -9.6696e-03 -9.3363e-03 -9.0031e-03 -8.6698e-03 -8.3365e-03 -8.0032e-03 -7.6700e-03 -7.3367e-03 -7.0034e-03 -6.6701e-03 -6.3368e-03 -6.0035e-03 -5.6702e-03 -5.3369e-03 -5.0035e-03 -4.6702e-03 -4.3369e-03 -4.0036e-03 -3.6703e-03 -3.3369e-03 -3.0036e-03 -2.6703e-03 -2.3369e-03 -2.0036e-03 -1.6703e-03 -1.3369e-03 -1.0036e-03 -6.7025e-04 -3.3691e-04 -3.5723e-06 +3.2977e-04 +6.6311e-04 +9.9645e-04 +1.3298e-03 +1.6631e-03 +1.9965e-03 +2.3298e-03 +2.6632e-03 +2.9965e-03 +3.3298e-03 +3.6632e-03 +3.9965e-03 +4.3299e-03 +4.6632e-03 +4.9965e-03 +5.3299e-03 +5.6632e-03 +5.9965e-03 +6.3299e-03 +6.6632e-03 +6.9965e-03 +7.3299e-03 +7.6632e-03 +7.9965e-03 +8.3299e-03 +8.6632e-03 +8.9965e-03 +9.3298e-03 +9.6632e-03 +9.9965e-03 
-0000.00200 -1.0003e-02 -9.6696e-03 -9.3363e-03 -9.0031e-03 -8.6698e-03 -8.3365e-03 -8.0032e-03 -7.6700e-03 -7.3367e-03 -7.0034e-03 -6.6701e-03 -6.3368e-03 -6.0035e-03 -5.6702e-03 -5.3369e-03 -5.0035e-03 -4.6702e-03 -4.3369e-03 -4.0036e-03 -3.6703e-03 -3.3369e-03 -3.0036e-03 -2.6703e-03 -2.3369e-03 -2.0036e-03 -1.6703e-03 -1.3369e-03 -1.0036e-03 -6.7025e-04 -3.3691e-04 -3.5723e-06 +3.2977e-04 +6.6311e-04 +9.9645e-04 +1.3298e-03 +1.6631e-03 +1.9965e-03 +2.3298e-03 +2.6632e-03 +2.9965e-03 +3.3298e-03 +3.6632e-03 +3.9965e-03 +4.3299e-03 +4.6632e-03 +4.9965e-03 +5.3299e-03 +5.6632e-03 +5.9965e-03 +6.3299e-03 +6.6632e-03 +6.9965e-03 +7.3299e-03 +7.6632e-03 +7.9965e-03 +8.3299e-03 +8.6632e-03 +8.9965e-03 +9.3298e-03 +9.6632e-03 +9.9965e-03 
# Vertical Final Position [m]
START
            -0000.01000 -0000.00967 -0000.00933 -0000.00900 -0000.00867 -0000.00833 -0000.00800 -0000.00767 -0000.00733 -0000.00700 -0000.00667 -0000.00633 -0000.00600 -0000.00567 -0000.00533 -0000.00500 -0000.00467 -0000.00433 -0000.00400 -0000.00367 -0000.00333 -0000.00300 -0000.00267 -0000.00233 -0000.00200 -0000.00167 -0000.00133 -0000.00100 -0000.00067 -0000.00033 +0000.00000 +0000.00033 +0000.00067 +0000.00100 +0000.00133 +0000.00167 +0000.00200 +0000.00233 +0000.00267 +0000.00300 +0000.00333 +0000.00367 +0000.00400 +0000.00433 +0000.00467 +0000.00500 +0000.00533 +0000.00567 +0000.00600 +0000.00633 +0000.00667 +0000.00700 +0000.00733 +0000.00767 +0000.00800 +0000.00833 +0000.00867 +0000.00900 +0000.00933 +0000.00967 +0000.01000 
+0000.00200 +2.0001e-03 +2.0001e-03 +2.0001e-03 +2.0001e-03 +2.0001e-03 +2.0001e-03 +2.0001e-03 +2.0001e-03 +2.0001e-03 +2.0001e-03 +2.0001e-03 +2.0001e-03 +2.0001e-03 +2.0001e-03 +2.0001e-03 +2.0001e-03 +2.0001e-03 +2.0001e-03 +2.0001e-03 +2.0001e-03 +2.0001e-03 +2.0001e-03 +2.0001e-03 +2.0000e-03 +2.0000e-03 +2.0000e-03 +2.0000e-03 +2.0000e-03 +2.0000e-03 +2.0000e-03 +2.0000e-03 +2.0000e-03 +2.0000e-03 +2.0000e-03 +2.0000e-03 +2.0000e-03 +2.0000e-03 +2.0000e-03 +1.9999e-03 +1.9999e-03 +1.9999e-03 +1.9999e-03 +1.9999e-03 +1.9999e-03 +1.9999e-03 +1.9999e-03 +1.9999e-03 +1.9999e-03 +1.9999e-03 +1.9999e-03 +1.9999e-03 +1.9999e-03 +1.9999e-03 +1.9999e-03 +1.9999e-03 +1.9999e-03 +1.9999e-03 +1.9999e-03 +1.9999e-03 +1.9999e-03 +1.9999e-03 
+0000.00150 +1.5001e-03 +1.5001e-03 +1.5001e-03 +1.5001e-03 +1.5001e-03 +1.5001e-03 +1.5001e-03 +1.5001e-03 +1.5001e-03 +1.5001e-03 +1.5001e-03 +1.5001e-03 +1.5001e-03 +1.5001e-03 +1.5001e-03 +1.5001e-03 +1.5001e-03 +1.5001e-03 +1.5001e-03 +1.5000e-03 +1.5000e-03 +1.5000e-03 +1.5000e-03 +1.5000e-03 +1.5000e-03 +1.5000e-03 +1.5000e-03 +1.5000e-03 +1.5000e-03 +1.5000e-03 +1.5000e-03 +1.5000e-03 +1.5000e-03 +1.5000e-03 +1.5000e-03 +1.5000e-03 +1.5000e-03 +1.5000e-03 +1.5000e-03 +1.5000e-03 +1.5000e-03 +1.5000e-03 +1.4999e-03 +1.4999e-03 +1.4999e-03 +1.4999e-03 +1.4999e-03 +1.4999e-03 +1.4999e-03 +1.4999e-03 +1.4999e-03 +1.4999e-03 +1.4999e-03 +1.4999e-03 +1.4999e-03 +1.4999e-03 +1.4999e-03 +1.4999e-03 +1.4999e-03 +1.4999e-03 +1.4999e-03 
+0000.00100 +1.0000e-03 +1.0000e-03 +1.0000e-03 +1.0000e-03 +1.0000e-03 +1.0000e-03 +1.0000e-03 +1.0000e-03 +1.0000e-03 +1.0000e-03 +1.0000e-03 +1.0000e-03 +1.0000e-03 +1.0000e-03 +1.0000e-03 +1.0000e-03 +1.0000e-03 +1.0000e-03 +1.0000e-03 +1.0000e-03 +1.0000e-03 +1.0000e-03 +1.0000e-03 +1.0000e-03 +1.0000e-03 +1.0000e-03 +1.0000e-03 +1.0000e-03 +1.0000e-03 +1.0000e-03 +9.9999e-04 +9.9999e-04 +9.9999e-04 +9.9999e-04 +9.9999e-04 +9.9999e-04 +9.9999e-04 +9.9998e-04 +9.9998e-04 +9.9998e-04 +9.9998e-04 +9.9998e-04 +9.9997e-04 +9.9997e-04 +9.9997e-04 +9.9997e-04 +9.9997e-04 +9.9997e-04 +9.9996e-04 +9.9996e-04 +9.9996e-04 +9.9996e-04 +9.9996e-04 +9.9996e-04 +9.9996e-04 +9.9996e-04 +9.9996e-04 +9.9996e-04 +9.9996e-04 +9.9996e-04 +9.9996e-04 
+0000.00050 +5.0002e-04 +5.0002e-04 +5.0002e-04 +5.0002e-04 +5.0002e-04 +5.0002e-04 +5.0002e-04 +5.0002e-04 +5.0002e-04 +5.0002e-04 +5.0002e-04 +5.0002e-04 +5.0002e-04 +5.0002e-04 +5.0002e-04 +5.0002e-04 +5.0002e-04 +5.0002e-04 +5.0001e-04 +5.0001e-04 +5.0001e-04 +5.0001e-04 +5.0001e-04 +5.0001e-04 +5.0001e-04 +5.0001e-04 +5.0000e-04 +5.0000e-04 +5.0000e-04 +5.0000e-04 +5.0000e-04 +5.0000e-04 +5.0000e-04 +5.0000e-04 +4.9999e-04 +4.9999e-04 +4.9999e-04 +4.9999e-04 +4.9999e-04 +4.9999e-04 +4.9999e-04 +4.9999e-04 +4.9999e-04 +4.9998e-04 +4.9998e-04 +4.9998e-04 +4.9998e-04 +4.9998e-04 +4.9998e-04 +4.9998e-04 +4.9998e-04 +4.9998e-04 +4.9998e-04 +4.9998e-04 +4.9998e-04 +4.9998e-04 +4.9998e-04 +4.9998e-04 +4.9998e-04 +4.9998e-04 +4.9998e-04 
+0000.00000 -7.9770e-11 -8.0655e-11 -8.1550e-11 -8.2452e-11 -8.3356e-11 -8.4260e-11 -8.5158e-11 -8.6047e-11 -8.6925e-11 -8.7787e-11 -8.8630e-11 -8.9451e-11 -9.0248e-11 -9.1018e-11 -9.1758e-11 -9.2465e-11 -9.3138e-11 -9.3773e-11 -9.4371e-11 -9.4927e-11 -9.5441e-11 -9.5911e-11 -9.6336e-11 -9.6714e-11 -9.7045e-11 -9.7327e-11 -9.7559e-11 -9.7741e-11 -9.7873e-11 -9.7953e-11 -9.7982e-11 -9.7960e-11 -9.7886e-11 -9.7761e-11 -9.7586e-11 -9.7360e-11 -9.7085e-11 -9.6761e-11 -9.6389e-11 -9.5971e-11 -9.5507e-11 -9.4998e-11 -9.4448e-11 -9.3856e-11 -9.3226e-11 -9.2558e-11 -9.1855e-11 -9.1120e-11 -9.0355e-11 -8.9562e-11 -8.8744e-11 -8.7904e-11 -8.7045e-11 -8.6170e-11 -8.5283e-11 -8.4386e-11 -8.3484e-11 -8.2581e-11 -8.1679e-11 -8.0784e-11 -7.9899e-11 
-0000.00050 -5.0002e-04 -5.0002e-04 -5.0002e-04 -5.0002e-04 -5.0002e-04 -5.0002e-04 -5.0002e-04 -5.0002e-04 -5.0002e-04 -5.0002e-04 -5.0002e-04 -5.0002e-04 -5.0002e-04 -5.0002e-04 -5.0002e-04 -5.0002e-04 -5.0002e-04 -5.0002e-04 -5.0001e-04 -5.0001e-04 -5.0001e-04 -5.0001e-04 -5.0001e-04 -5.0001e-04 -5.0001e-04 -5.0001e-04 -5.0000e-04 -5.0000e-04 -5.0000e-04 -5.0000e-04 -5.0000e-04 -5.0000e-04 -5.0000e-04 -5.0000e-04 -4.9999e-04 -4.9999e-04 -4.9999e-04 -4.9999e-04 -4.9999e-04 -4.9999e-04 -4.9999e-04 -4.9999e-04 -4.9999e-04 -4.9998e-04 -4.9998e-04 -4.9998e-04 -4.9998e-04 -4.9998e-04 -4.9998e-04 -4.9998e-04 -4.9998e-04 -4.9998e-04 -4.9998e-04 -4.9998e-04 -4.9998e-04 -4.9998e-04 -4.9998e-04 -4.9998e-04 -4.9998e-04 -4.9998e-04 -4.9998e-04 
-0000.00100 -1.0000e-03 -1.0000e-03 -1.0000e-03 -1.0000e-03 -1.0000e-03 -1.0000e-03 -1.0000e-03 -1.0000e-03 -1.0000e-03 -1.0000e-03 -1.0000e-03 -1.0000e-03 -1.0000e-03 -1.0000e-03 -1.0000e-03 -1.0000e-03 -1.0000e-03 -1.0000e-03 -1.0000e-03 -1.0000e-03 -1.0000e-03 -1.0000e-03 -1.0000e-03 -1.0000e-03 -1.0000e-03 -1.0000e-03 -1.0000e-03 -1.0000e-03 -1.0000e-03 -1.0000e-03 -9.9999e-04 -9.9999e-04 -9.9999e-04 -9.9999e-04 -9.9999e-04 -9.9999e-04 -9.9999e-04 -9.9998e-04 -9.9998e-04 -9.9998e-04 -9.9998e-04 -9.9998e-04 -9.9997e-04 -9.9997e-04 -9.9997e-04 -9.9997e-04 -9.9997e-04 -9.9997e-04 -9.9996e-04 -9.9996e-04 -9.9996e-04 -9.9996e-04 -9.9996e-04 -9.9996e-04 -9.9996e-04 -9.9996e-04 -9.9996e-04 -9.9996e-04 -9.9996e-04 -9.9996e-04 -9.9996e-04 
-0000.00150 -1.5001e-03 -1.5001e-03 -1.5001e-03 -1.5001e-03 -1.5001e-03 -1.5001e-03 -1.5001e-03 -1.5001e-03 -1.5001e-03 -1.5001e-03 -1.5001e-03 -1.5001e-03 -1.5001e-03 -1.5001e-03 -1.5001e-03 -1.5001e-03 -1.5001e-03 -1.5001e-03 -1.5001e-03 -1.5000e-03 -1.5000e-03 -1.5000e-03 -1.5000e-03 -1.5000e-03 -1.5000e-03 -1.5000e-03 -1.5000e-03 -1.5000e-03 -1.5000e-03 -1.5000e-03 -1.5000e-03 -1.5000e-03 -1.5000e-03 -1.5000e-03 -1.5000e-03 -1.5000e-03 -1.5000e-03 -1.5000e-03 -1.5000e-03 -1.5000e-03 -1.5000e-03 -1.5000e-03 -1.4999e-03 -1.4999e-03 -1.4999e-03 -1.4999e-03 -1.4999e-03 -1.4999e-03 -1.4999e-03 -1.4999e-03 -1.4999e-03 -1.4999e-03 -1.4999e-03 -1.4999e-03 -1.4999e-03 -1.4999e-03 -1.4999e-03 -1.4999e-03 -1.4999e-03 -1.4999e-03 -1.4999e-03 
-0000.00200 -2.0001e-03 -2.0001e-03 -2.0001e-03 -2.0001e-03 -2.0001e-03 -2.0001e-03 -2.0001e-03 -2.0001e-03 -2.0001e-03 -2.0001e-03 -2.0001e-03 -2.0001e-03 -2.0001e-03 -2.0001e-03 -2.0001e-03 -2.0001e-03 -2.0001e-03 -2.0001e-03 -2.0001e-03 -2.0001e-03 -2.0001e-03 -2.0001e-03 -2.0001e-03 -2.0000e-03 -2.0000e-03 -2.0000e-03 -2.0000e-03 -2.0000e-03 -2.0000e-03 -2.0000e-03 -2.0000e-03 -2.0000e-03 -2.0000e-03 -2.0000e-03 -2.0000e-03 -2.0000e-03 -2.0000e-03 -2.0000e-03 -1.9999e-03 -1.9999e-03 -1.9999e-03 -1.9999e-03 -1.9999e-03 -1.9999e-03 -1.9999e-03 -1.9999e-03 -1.9999e-03 -1.9999e-03 -1.9999e-03 -1.9999e-03 -1.9999e-03 -1.9999e-03 -1.9999e-03 -1.9999e-03 -1.9999e-03 -1.9999e-03 -1.9999e-03 -1.9999e-03 -1.9999e-03 -1.9999e-03 -1.9999e-03 