# Author: FAC idanalysis.IDKickMap
#
# Total Length of Longitudinal Interval [m]
0.13
# Number of Horizontal Points
25
# Number of Vertical Points
9
# Total Horizontal 2nd Order Kick [T2m2]
START
            -0000.01200 -0000.01100 -0000.01000 -0000.00900 -0000.00800 -0000.00700 -0000.00600 -0000.00500 -0000.00400 -0000.00300 -0000.00200 -0000.00100 +0000.00000 +0000.00100 +0000.00200 +0000.00300 +0000.00400 +0000.00500 +0000.00600 +0000.00700 +0000.00800 +0000.00900 +0000.01000 +0000.01100 +0000.01200
+0000.00200 +1.8653e-04 +1.8631e-04 +1.8338e-04 +1.7862e-04 +1.7285e-04 +1.6670e-04 +1.6069e-04 +1.5515e-04 +1.5034e-04 +1.4645e-04 +1.4361e-04 +1.4191e-04 +1.4141e-04 +1.4212e-04 +1.4403e-04 +1.4709e-04 +1.5120e-04 +1.5621e-04 +1.6196e-04 +1.6818e-04 +1.7453e-04 +1.8051e-04 +1.8549e-04 +1.8867e-04 +1.8915e-04
+0000.00150 +1.8395e-04 +1.8424e-04 +1.8191e-04 +1.7775e-04 +1.7250e-04 +1.6678e-04 +1.6109e-04 +1.5579e-04 +1.5116e-04 +1.4740e-04 +1.4464e-04 +1.4299e-04 +1.4251e-04 +1.4321e-04 +1.4507e-04 +1.4803e-04 +1.5200e-04 +1.5684e-04 +1.6233e-04 +1.6821e-04 +1.7412e-04 +1.7957e-04 +1.8393e-04 +1.8646e-04 +1.8640e-04
+0000.00100 +1.8215e-04 +1.8278e-04 +1.8087e-04 +1.7712e-04 +1.7224e-04 +1.6682e-04 +1.6136e-04 +1.5624e-04 +1.5174e-04 +1.4807e-04 +1.4537e-04 +1.4376e-04 +1.4329e-04 +1.4397e-04 +1.4580e-04 +1.4870e-04 +1.5257e-04 +1.5727e-04 +1.6258e-04 +1.6822e-04 +1.7382e-04 +1.7888e-04 +1.8280e-04 +1.8490e-04 +1.8448e-04
+0000.00050 +1.8109e-04 +1.8190e-04 +1.8024e-04 +1.7674e-04 +1.7207e-04 +1.6684e-04 +1.6152e-04 +1.5650e-04 +1.5208e-04 +1.4847e-04 +1.4581e-04 +1.4422e-04 +1.4376e-04 +1.4443e-04 +1.4623e-04 +1.4909e-04 +1.5291e-04 +1.5752e-04 +1.6272e-04 +1.6822e-04 +1.7363e-04 +1.7846e-04 +1.8213e-04 +1.8398e-04 +1.8335e-04
+0000.00000 +1.8073e-04 +1.8162e-04 +1.8003e-04 +1.7661e-04 +1.7202e-04 +1.6684e-04 +1.6157e-04 +1.5659e-04 +1.5219e-04 +1.4860e-04 +1.4596e-04 +1.4438e-04 +1.4391e-04 +1.4459e-04 +1.4638e-04 +1.4922e-04 +1.5302e-04 +1.5761e-04 +1.6277e-04 +1.6822e-04 +1.7356e-04 +1.7832e-04 +1.8191e-04 +1.8367e-04 +1.8298e-04
-0000.00050 +1.8108e-04 +1.8190e-04 +1.8024e-04 +1.7674e-04 +1.7207e-04 +1.6684e-04 +1.6152e-04 +1.5650e-04 +1.5208e-04 +1.4847e-04 +1.4581e-04 +1.4422e-04 +1.4376e-04 +1.4443e-04 +1.4623e-04 +1.4909e-04 +1.5291e-04 +1.5752e-04 +1.6272e-04 +1.6822e-04 +1.7363e-04 +1.7846e-04 +1.8213e-04 +1.8398e-04 +1.8335e-04
-0000.00100 +1.8215e-04 +1.8277e-04 +1.8087e-04 +1.7712e-04 +1.7224e-04 +1.6682e-04 +1.6136e-04 +1.5624e-04 +1.5174e-04 +1.4807e-04 +1.4538e-04 +1.4376e-04 +1.4329e-04 +1.4397e-04 +1.4580e-04 +1.4870e-04 +1.5257e-04 +1.5727e-04 +1.6258e-04 +1.6822e-04 +1.7382e-04 +1.7888e-04 +1.8280e-04 +1.8490e-04 +1.8449e-04
-0000.00150 +1.8394e-04 +1.8423e-04 +1.8191e-04 +1.7775e-04 +1.7250e-04 +1.6678e-04 +1.6109e-04 +1.5579e-04 +1.5116e-04 +1.4740e-04 +1.4464e-04 +1.4299e-04 +1.4251e-04 +1.4321e-04 +1.4507e-04 +1.4803e-04 +1.5200e-04 +1.5683e-04 +1.6233e-04 +1.6821e-04 +1.7412e-04 +1.7957e-04 +1.8393e-04 +1.8646e-04 +1.8640e-04
-0000.00200 +1.8652e-04 +1.8631e-04 +1.8338e-04 +1.7862e-04 +1.7285e-04 +1.6671e-04 +1.6069e-04 +1.5515e-04 +1.5035e-04 +1.4645e-04 +1.4361e-04 +1.4191e-04 +1.4141e-04 +1.4212e-04 +1.4403e-04 +1.4709e-04 +1.5119e-04 +1.5621e-04 +1.6195e-04 +1.6817e-04 +1.7452e-04 +1.8051e-04 +1.8550e-04 +1.8867e-04 +1.8916e-04
# Total Vertical 2nd Order Kick [T2m2]
START
            -0000.01200 -0000.01100 -0000.01000 -0000.00900 -0000.00800 -0000.00700 -0000.00600 -0000.00500 -0000.00400 -0000.00300 -0000.00200 -0000.00100 +0000.00000 +0000.00100 +0000.00200 +0000.00300 +0000.00400 +0000.00500 +0000.00600 +0000.00700 +0000.00800 +0000.00900 +0000.01000 +0000.01100 +0000.01200
+0000.00200 -8.4225e-06 -2.8446e-06 +1.4019e-06 +4.2293e-06 +5.7573e-06 +6.2037e-06 +5.8060e-06 +4.7740e-06 +3.2724e-06 +1.4262e-06 -6.6423e-07 -2.9110e-06 -5.2332e-06 -7.5542e-06 -9.7966e-06 -1.1878e-05 -1.3706e-05 -1.5178e-05 -1.6163e-05 -1.6490e-05 -1.5940e-05 -1.4264e-05 -1.1231e-05 -6.7079e-06 -7.6427e-07
+0000.00150 -6.1386e-06 -2.0350e-06 +1.1284e-06 +3.2689e-06 +4.4563e-06 +4.8384e-06 +4.5833e-06 +3.8443e-06 +2.7454e-06 +1.3829e-06 -1.6561e-07 -1.8329e-06 -3.5575e-06 -5.2809e-06 -6.9442e-06 -8.4842e-06 -9.8315e-06 -1.0905e-05 -1.1606e-05 -1.1803e-05 -1.1337e-05 -1.0032e-05 -7.7330e-06 -4.3637e-06 +5.0466e-10
+0000.00100 -4.0135e-06 -1.3150e-06 +7.8320e-07 +2.2187e-06 +3.0291e-06 +3.3057e-06 +3.1558e-06 +2.6797e-06 +1.9601e-06 +1.0623e-06 +3.9231e-08 -1.0638e-06 -2.2054e-06 -3.3460e-06 -4.4459e-06 -5.4626e-06 -6.3491e-06 -7.0504e-06 -7.4984e-06 -7.6070e-06 -7.2716e-06 -6.3804e-06 -4.8386e-06 -2.6057e-06 +2.5815e-07
+0000.00050 -1.9810e-06 -6.4219e-07 +4.0396e-07 +1.1242e-06 +1.5348e-06 +1.6793e-06 +1.6100e-06 +1.3767e-06 +1.0205e-06 +5.7466e-07 +6.5745e-08 -4.8329e-07 -1.0516e-06 -1.6194e-06 -2.1666e-06 -2.6718e-06 -3.1113e-06 -3.4572e-06 -3.6754e-06 -3.7226e-06 -3.5474e-06 -3.0957e-06 -2.3225e-06 -1.2108e-06 +2.0667e-07
+0000.00000 +9.0396e-09 +1.0719e-08 +1.1700e-08 +1.2014e-08 +1.1791e-08 +1.1210e-08 +1.0459e-08 +9.6941e-09 +9.0194e-09 +8.4880e-09 +8.1139e-09 +7.8915e-09 +7.8110e-09 +7.8690e-09 +8.0711e-09 +8.4286e-09 +8.9483e-09 +9.6163e-09 +1.0379e-08 +1.1131e-08 +1.1712e-08 +1.1933e-08 +1.1612e-08 +1.0618e-08 +8.9201e-09
-0000.00050 +1.9992e-06 +6.6381e-07 -3.8039e-07 -1.1000e-06 -1.5111e-06 -1.6568e-06 -1.5891e-06 -1.3573e-06 -1.0025e-06 -5.5773e-07 -4.9555e-08 +4.9904e-07 +1.0672e-06 +1.6351e-06 +2.1827e-06 +2.6886e-06 +3.1291e-06 +3.4765e-06 +3.6961e-06 +3.7449e-06 +3.5709e-06 +3.1197e-06 +2.3458e-06 +1.2322e-06 -1.8868e-07
-0000.00100 +4.0322e-06 +1.3372e-06 -7.5912e-07 -2.1942e-06 -3.0052e-06 -3.2831e-06 -3.1349e-06 -2.6604e-06 -1.9422e-06 -1.0455e-06 -2.3155e-08 +1.0794e-06 +2.2208e-06 +3.3616e-06 +4.4619e-06 +5.4793e-06 +6.3668e-06 +7.0695e-06 +7.5192e-06 +7.6294e-06 +7.2953e-06 +6.4048e-06 +4.8625e-06 +2.6276e-06 -2.3969e-07
-0000.00150 +6.1582e-06 +2.0581e-06 -1.1035e-06 -3.2437e-06 -4.4320e-06 -4.8156e-06 -4.5624e-06 -3.8252e-06 -2.7277e-06 -1.3663e-06 +1.8150e-07 +1.8483e-06 +3.5728e-06 +5.2964e-06 +6.9600e-06 +8.5007e-06 +9.8490e-06 +1.0924e-05 +1.1626e-05 +1.1825e-05 +1.1361e-05 +1.0057e-05 +7.7578e-06 +4.3866e-06 +1.8778e-08
-0000.00200 +8.4433e-06 +2.8691e-06 -1.3756e-06 -4.2031e-06 -5.7322e-06 -6.1806e-06 -5.7851e-06 -4.7551e-06 -3.2550e-06 -1.4099e-06 +6.7985e-07 +2.9262e-06 +5.2483e-06 +7.5694e-06 +9.8121e-06 +1.1894e-05 +1.3723e-05 +1.5196e-05 +1.6184e-05 +1.6513e-05 +1.5965e-05 +1.4290e-05 +1.1258e-05 +6.7321e-06 +7.8475e-07
# Horizontal Final Position [m]
START
            -0000.01200 -0000.01100 -0000.01000 -0000.00900 -0000.00800 -0000.00700 -0000.00600 -0000.00500 -0000.00400 -0000.00300 -0000.00200 -0000.00100 +0000.00000 +0000.00100 +0000.00200 +0000.00300 +0000.00400 +0000.00500 +0000.00600 +0000.00700 +0000.00800 +0000.00900 +0000.01000 +0000.01100 +0000.01200
+0000.00200 -1.2004e-02 -1.1004e-02 -1.0004e-02 -9.0038e-03 -8.0039e-03 -7.0040e-03 -6.0041e-03 -5.0043e-03 -4.0043e-03 -3.0044e-03 -2.0045e-03 -1.0045e-03 -4.4917e-06 +9.9552e-04 +1.9955e-03 +2.9956e-03 +3.9957e-03 +4.9957e-03 +5.9959e-03 +6.9960e-03 +7.9961e-03 +8.9962e-03 +9.9963e-03 +1.0996e-02 +1.1996e-02
+0000.00150 -1.2004e-02 -1.1004e-02 -1.0004e-02 -9.0038e-03 -8.0039e-03 -7.0040e-03 -6.0041e-03 -5.0042e-03 -4.0043e-03 -3.0044e-03 -2.0044e-03 -1.0045e-03 -4.4783e-06 +9.9553e-04 +1.9956e-03 +2.9956e-03 +3.9957e-03 +4.9958e-03 +5.9959e-03 +6.9960e-03 +7.9961e-03 +8.9962e-03 +9.9963e-03 +1.0996e-02 +1.1996e-02
+0000.00100 -1.2004e-02 -1.1004e-02 -1.0004e-02 -9.0038e-03 -8.0039e-03 -7.0040e-03 -6.0041e-03 -5.0042e-03 -4.0043e-03 -3.0044e-03 -2.0044e-03 -1.0045e-03 -4.4687e-06 +9.9554e-04 +1.9956e-03 +2.9956e-03 +3.9957e-03 +4.9958e-03 +5.9959e-03 +6.9960e-03 +7.9961e-03 +8.9962e-03 +9.9963e-03 +1.0996e-02 +1.1996e-02
+0000.00050 -1.2004e-02 -1.1004e-02 -1.0004e-02 -9.0038e-03 -8.0039e-03 -7.0040e-03 -6.0041e-03 -5.0042e-03 -4.0043e-03 -3.0044e-03 -2.0044e-03 -1.0045e-03 -4.4630e-06 +9.9555e-04 +1.9956e-03 +2.9956e-03 +3.9957e-03 +4.9958e-03 +5.9959e-03 +6.9960e-03 +7.9961e-03 +8.9962e-03 +9.9963e-03 +1.0996e-02 +1.1996e-02
+0000.00000 -1.2004e-02 -1.1004e-02 -1.0004e-02 -9.0038e-03 -8.0039e-03 -7.0040e-03 -6.0041e-03 -5.0042e-03 -4.0043e-03 -3.0044e-03 -2.0044e-03 -1.0045e-03 -4.4611e-06 +9.9555e-04 +1.9956e-03 +2.9956e-03 +3.9957e-03 +4.9958e-03 +5.9959e-03 +6.9960e-03 +7.9961e-03 +8.9962e-03 +9.9963e-03 +1.0996e-02 +1.1996e-02
-0000.00050 -1.2004e-02 -1.1004e-02 -1.0004e-02 -9.0038e-03 -8.0039e-03 -7.0040e-03 -6.0041e-03 -5.0042e-03 -4.0043e-03 -3.0044e-03 -2.0044e-03 -1.0045e-03 -4.4630e-06 +9.9555e-04 +1.9956e-03 +2.9956e-03 +3.9957e-03 +4.9958e-03 +5.9959e-03 +6.9960e-03 +7.9961e-03 +8.9962e-03 +9.9963e-03 +1.0996e-02 +1.1996e-02
-0000.00100 -1.2004e-02 -1.1004e-02 -1.0004e-02 -9.0038e-03 -8.0039e-03 -7.0040e-03 -6.0041e-03 -5.0042e-03 -4.0043e-03 -3.0044e-03 -2.0044e-03 -1.0045e-03 -4.4687e-06 +9.9554e-04 +1.9956e-03 +2.9956e-03 +3.9957e-03 +4.9958e-03 +5.9959e-03 +6.9960e-03 +7.9961e-03 +8.9962e-03 +9.9963e-03 +1.0996e-02 +1.1996e-02
-0000.00150 -1.2004e-02 -1.1004e-02 -1.0004e-02 -9.0038e-03 -8.0039e-03 -7.0040e-03 -6.0041e-03 -5.0042e-03 -4.0043e-03 -3.0044e-03 -2.0044e-03 -1.0045e-03 -4.4783e-06 +9.9553e-04 +1.9956e-03 +2.9956e-03 +3.9957e-03 +4.9958e-03 +5.9959e-03 +6.9960e-03 +7.9961e-03 +8.9962e-03 +9.9963e-03 +1.0996e-02 +1.1996e-02
-0000.00200 -1.2004e-02 -1.1004e-02 -1.0004e-02 -9.0038e-03 -8.0039e-03 -7.0040e-03 -6.0041e-03 -5.0043e-03 -4.0043e-03 -3.0044e-03 -2.0045e-03 -1.0045e-03 -4.4917e-06 +9.9552e-04 +1.9955e-03 +2.9956e-03 +3.9957e-03 +4.9957e-03 +5.9959e-03 +6.9960e-03 +7.9961e-03 +8.9962e-03 +9.9963e-03 +1.0996e-02 +1.1996e-02
# Vertical Final Position [m]
START
            -0000.01200 -0000.01100 -0000.01000 -0000.00900 -0000.00800 -0000.00700 -0000.00600 -0000.00500 -0000.00400 -0000.00300 -0000.00200 -0000.00100 +0000.00000 +0000.00100 +0000.00200 +0000.00300 +0000.00400 +0000.00500 +0000.00600 +0000.00700 +0000.00800 +0000.00900 +0000.01000 +0000.01100 +0000.01200
+0000.00200 +2.0001e-03 +2.0001e-03 +2.0002e-03 +2.0002e-03 +2.0002e-03 +2.0002e-03 +2.0002e-03 +2.0002e-03 +2.0001e-03 +2.0001e-03 +2.0001e-03 +2.0000e-03 +2.0000e-03 +2.0000e-03 +1.9999e-03 +1.9999e-03 +1.9998e-03 +1.9998e-03 +1.9998e-03 +1.9998e-03 +1.9998e-03 +1.9998e-03 +1.9998e-03 +1.9999e-03 +1.9999e-03
+0000.00150 +1.5000e-03 +1.5001e-03 +1.5001e-03 +1.5002e-03 +1.5002e-03 +1.5002e-03 +1.5001e-03 +1.5001e-03 +1.5001e-03 +1.5001e-03 +1.5001e-03 +1.5000e-03 +1.5000e-03 +1.5000e-03 +1.4999e-03 +1.4999e-03 +1.4999e-03 +1.4999e-03 +1.4998e-03 +1.4998e-03 +1.4998e-03 +1.4998e-03 +1.4999e-03 +1.4999e-03 +1.5000e-03
+0000.00100 +1.0000e-03 +1.0001e-03 +1.0001e-03 +1.0001e-03 +1.0001e-03 +1.0001e-03 +1.0001e-03 +1.0001e-03 +1.0001e-03 +1.0001e-03 +1.0000e-03 +1.0000e-03 +1.0000e-03 +9.9998e-04 +9.9996e-04 +9.9994e-04 +9.9992e-04 +9.9991e-04 +9.9990e-04 +9.9989e-04 +9.9989e-04 +9.9989e-04 +9.9991e-04 +9.9994e-04 +9.9997e-04
+0000.00050 +5.0001e-04 +5.0003e-04 +5.0004e-04 +5.0005e-04 +5.0005e-04 +5.0005e-04 +5.0005e-04 +5.0004e-04 +5.0004e-04 +5.0003e-04 +5.0002e-04 +5.0001e-04 +5.0000e-04 +4.9999e-04 +4.9998e-04 +4.9997e-04 +4.9996e-04 +4.9995e-04 +4.9995e-04 +4.9995e-04 +4.9994e-04 +4.9995e-04 +4.9996e-04 +4.9997e-04 +4.9998e-04
+0000.00000 -1.0389e-11 -1.2110e-11 -1.4061e-11 -1.6188e-11 -1.8385e-11 -2.0523e-11 -2.2477e-11 -2.4157e-11 -2.5514e-11 -2.6539e-11 -2.7248e-11 -2.7665e-11 -2.7809e-11 -2.7685e-11 -2.7286e-11 -2.6593e-11 -2.5581e-11 -2.4234e-11 -2.2561e-11 -2.0613e-11 -1.8484e-11 -1.6298e-11 -1.4191e-11 -1.2268e-11 -1.0584e-11
-0000.00050 -5.0001e-04 -5.0003e-04 -5.0004e-04 -5.0005e-04 -5.0005e-04 -5.0005e-04 -5.0005e-04 -5.0004e-04 -5.0004e-04 -5.0003e-04 -5.0002e-04 -5.0001e-04 -5.0000e-04 -4.9999e-04 -4.9998e-04 -4.9997e-04 -4.9996e-04 -4.9995e-04 -4.9995e-04 -4.9995e-04 -4.9994e-04 -4.9995e-04 -4.9996e-04 -4.9997e-04 -4.9998e-04
-0000.00100 -1.0000e-03 -1.0001e-03 -1.0001e-03 -1.0001e-03 -1.0001e-03 -1.0001e-03 -1.0001e-03 -1.0001e-03 -1.0001e-03 -1.0001e-03 -1.0000e-03 -1.0000e-03 -1.0000e-03 -9.9998e-04 -9.9996e-04 -9.9994e-04 -9.9992e-04 -9.9991e-04 -9.9990e-04 -9.9989e-04 -9.9989e-04 -9.9989e-04 -9.9991e-04 -9.9994e-04 -9.9997e-04
-0000.00150 -1.5000e-03 -1.5001e-03 -1.5001e-03 -1.5002e-03 -1.5002e-03 -1.5002e-03 -1.5001e-03 -1.5001e-03 -1.5001e-03 -1.5001e-03 -1.5001e-03 -1.5000e-03 -1.5000e-03 -1.5000e-03 -1.4999e-03 -1.4999e-03 -1.4999e-03 -1.4999e-03 -1.4998e-03 -1.4998e-03 -1.4998e-03 -1.4998e-03 -1.4999e-03 -1.4999e-03 -1.5000e-03
-0000.00200 -2.0001e-03 -2.0001e-03 -2.0002e-03 -2.0002e-03 -2.0002e-03 -2.0002e-03 -2.0002e-03 -2.0002e-03 -2.0001e-03 -2.0001e-03 -2.0001e-03 -2.0000e-03 -2.0000e-03 -2.0000e-03 -1.9999e-03 -1.9999e-03 -1.9998e-03 -1.9998e-03 -1.9998e-03 -1.9998e-03 -1.9998e-03 -1.9998e-03 -1.9998e-03 -1.9999e-03 -1.9999e-03
