# Author: FAC idanalysis.IDKickMap
#
# Total Length of Longitudinal Interval [m]
2
# Number of Horizontal Points
21
# Number of Vertical Points
5
# Total Horizontal 2nd Order Kick [T2m2]
START
            -0000.01000 -0000.00900 -0000.00800 -0000.00700 -0000.00600 -0000.00500 -0000.00400 -0000.00300 -0000.00200 -0000.00100 +0000.00000 +0000.00100 +0000.00200 +0000.00300 +0000.00400 +0000.00500 +0000.00600 +0000.00700 +0000.00800 +0000.00900 +0000.01000
+0000.00600 -7.4192e-05 -1.2449e-04 -1.6217e-04 +9.3067e-05 +2.9992e-05 +3.1285e-04 -1.4783e-03 +5.6284e-06 +1.1459e-05 +1.6438e-05 +7.4500e-07 -1.6312e-05 -1.1189e-05 -5.4033e-06 +6.8879e-04 -3.0901e-04 -2.9396e-05 -9.3904e-05 +1.9399e-04 +1.2494e-04 +7.4070e-05
+0000.00300 -2.1717e-05 -3.7353e-05 -6.0625e-05 -1.0444e-04 -1.8811e-04 +3.1371e-04 +8.9296e-03 +1.0522e-05 +4.5626e-06 +1.1883e-06 +1.4965e-07 -1.1770e-06 -4.4897e-06 -1.0509e-05 -5.3631e-03 -3.1302e-04 +1.8834e-04 +1.0462e-04 +6.0703e-05 +3.7400e-05 +2.1736e-05
+0000.00000 -1.0159e-05 -1.7070e-05 -2.8874e-05 -4.7846e-05 -7.0685e-05 -7.3033e-05 -4.3621e-05 -1.8702e-05 -7.7246e-06 -2.9543e-06 -7.4925e-09 +2.9369e-06 +7.6963e-06 +1.8648e-05 +4.3547e-05 +7.3010e-05 +7.0737e-05 +4.7901e-05 +2.8904e-05 +1.7081e-05 +1.0161e-05
-0000.00300 -2.1718e-05 -3.7353e-05 -6.0621e-05 -1.0445e-04 -1.8811e-04 +3.1376e-04 +8.9301e-03 +1.0584e-05 +4.5436e-06 +1.2254e-06 -5.9452e-08 -1.1999e-06 -4.4896e-06 -1.0569e-05 -5.3638e-03 -3.1310e-04 +1.8835e-04 +1.0462e-04 +6.0700e-05 +3.7400e-05 +2.1737e-05
-0000.00600 -7.4195e-05 -1.2448e-04 -1.6182e-04 +9.3895e-05 +3.0062e-05 +3.1294e-04 -1.4771e-03 +5.7311e-06 +1.1397e-05 +1.6506e-05 +1.3132e-07 -1.6353e-05 -1.1195e-05 -5.4807e-06 +6.8977e-04 -3.0913e-04 -2.9461e-05 -9.4720e-05 +1.9315e-04 +1.2493e-04 +7.4073e-05
# Total Vertical 2nd Order Kick [T2m2]
START
            -0000.01000 -0000.00900 -0000.00800 -0000.00700 -0000.00600 -0000.00500 -0000.00400 -0000.00300 -0000.00200 -0000.00100 +0000.00000 +0000.00100 +0000.00200 +0000.00300 +0000.00400 +0000.00500 +0000.00600 +0000.00700 +0000.00800 +0000.00900 +0000.01000
+0000.00600 -3.5045e-05 -6.1241e-05 -1.6859e-04 +1.3759e-06 +5.1887e-05 +3.6045e-05 -1.7586e-05 +1.6815e-05 +1.9509e-05 +1.8585e-05 -5.0747e-05 +1.8703e-05 +1.9681e-05 +1.7153e-05 -2.0495e-05 +3.6531e-05 +5.2341e-05 +1.0282e-06 +2.1179e-04 -6.0771e-05 -3.5307e-05
+0000.00300 -1.3402e-05 -2.5668e-05 -4.5354e-05 -6.5566e-05 -1.0863e-04 +1.5375e-04 +6.8936e-05 +4.9745e-05 +5.0350e-05 +5.0528e-05 +3.9476e-05 +5.0595e-05 +5.0496e-05 +4.9960e-05 +6.4067e-05 +1.5378e-04 -1.0851e-04 -6.5606e-05 -4.5431e-05 -2.5722e-05 -1.3438e-05
+0000.00000 +6.7339e-10 +7.2408e-10 +8.3583e-10 +1.2758e-09 +2.3478e-09 +3.5226e-09 +2.7168e-09 +4.7829e-10 -7.0602e-10 -1.2627e-09 -1.9200e-09 -1.7123e-09 -8.5844e-10 +8.6586e-10 +3.1623e-09 +3.6664e-09 +2.3280e-09 +1.2260e-09 +7.3248e-10 +5.5933e-10 +4.7147e-10
-0000.00300 +1.3405e-05 +2.5671e-05 +4.5354e-05 +6.5559e-05 +1.0865e-04 -1.5415e-04 -6.9350e-05 -5.0189e-05 -5.0805e-05 -5.0987e-05 -3.9948e-05 -5.1055e-05 -5.0944e-05 -5.0388e-05 -6.4463e-05 -1.5418e-04 +1.0854e-04 +6.5599e-05 +4.5431e-05 +2.5725e-05 +1.3439e-05
-0000.00600 +3.5047e-05 +6.1246e-05 +1.6856e-04 -1.8471e-06 -5.2271e-05 -3.6327e-05 +1.7260e-05 -1.7097e-05 -1.9779e-05 -1.8843e-05 +5.0501e-05 -1.8969e-05 -1.9943e-05 -1.7417e-05 +2.0155e-05 -3.6786e-05 -5.2741e-05 -1.4549e-06 -2.1176e-04 +6.0778e-05 +3.5309e-05
# Horizontal Final Position [m]
START
            -0000.01000 -0000.00900 -0000.00800 -0000.00700 -0000.00600 -0000.00500 -0000.00400 -0000.00300 -0000.00200 -0000.00100 +0000.00000 +0000.00100 +0000.00200 +0000.00300 +0000.00400 +0000.00500 +0000.00600 +0000.00700 +0000.00800 +0000.00900 +0000.01000
+0000.00600 -1.0005e-02 -9.0088e-03 -8.0240e-03 -7.0034e-03 -5.9990e-03 -4.9988e-03 -4.0002e-03 -2.9986e-03 -1.9993e-03 -9.9935e-04 +7.9713e-07 +1.0006e-03 +2.0007e-03 +3.0014e-03 +4.0016e-03 +5.0006e-03 +6.0010e-03 +6.9964e-03 +7.9980e-03 +8.9914e-03 +9.9950e-03
+0000.00300 -1.0004e-02 -9.0037e-03 -8.0035e-03 -7.0037e-03 -6.0038e-03 -4.9982e-03 -3.9891e-03 -3.0014e-03 -2.0022e-03 -1.0025e-03 -2.5411e-06 +9.9753e-04 +1.9978e-03 +2.9986e-03 +3.9920e-03 +5.0012e-03 +5.9966e-03 +6.9965e-03 +7.9966e-03 +8.9964e-03 +9.9965e-03
+0000.00000 -1.0003e-02 -9.0029e-03 -8.0027e-03 -7.0023e-03 -6.0017e-03 -5.0012e-03 -4.0012e-03 -3.0017e-03 -2.0022e-03 -1.0026e-03 -2.7066e-06 +9.9742e-04 +1.9978e-03 +2.9983e-03 +3.9989e-03 +4.9989e-03 +5.9985e-03 +6.9978e-03 +7.9974e-03 +8.9971e-03 +9.9971e-03
-0000.00300 -1.0004e-02 -9.0037e-03 -8.0035e-03 -7.0037e-03 -6.0038e-03 -4.9982e-03 -3.9891e-03 -3.0014e-03 -2.0022e-03 -1.0025e-03 -2.5414e-06 +9.9753e-04 +1.9978e-03 +2.9986e-03 +3.9920e-03 +5.0012e-03 +5.9966e-03 +6.9965e-03 +7.9966e-03 +8.9964e-03 +9.9965e-03
-0000.00600 -1.0005e-02 -9.0088e-03 -8.0240e-03 -7.0034e-03 -5.9990e-03 -4.9988e-03 -4.0002e-03 -2.9986e-03 -1.9993e-03 -9.9935e-04 +7.9647e-07 +1.0006e-03 +2.0007e-03 +3.0014e-03 +4.0016e-03 +5.0006e-03 +6.0010e-03 +6.9964e-03 +7.9980e-03 +8.9914e-03 +9.9950e-03
# Vertical Final Position [m]
START
            -0000.01000 -0000.00900 -0000.00800 -0000.00700 -0000.00600 -0000.00500 -0000.00400 -0000.00300 -0000.00200 -0000.00100 +0000.00000 +0000.00100 +0000.00200 +0000.00300 +0000.00400 +0000.00500 +0000.00600 +0000.00700 +0000.00800 +0000.00900 +0000.01000
+0000.00600 +6.0038e-03 +6.0032e-03 +5.9910e-03 +5.9929e-03 +5.9941e-03 +5.9947e-03 +5.9955e-03 +5.9963e-03 +5.9976e-03 +5.9989e-03 +5.9999e-03 +6.0011e-03 +6.0025e-03 +6.0038e-03 +6.0044e-03 +6.0053e-03 +6.0060e-03 +6.0071e-03 +6.0092e-03 +5.9967e-03 +5.9961e-03
+0000.00300 +3.0002e-03 +2.9997e-03 +2.9992e-03 +2.9987e-03 +2.9972e-03 +2.9996e-03 +2.9984e-03 +2.9983e-03 +2.9988e-03 +2.9994e-03 +3.0000e-03 +3.0007e-03 +3.0013e-03 +3.0018e-03 +3.0017e-03 +3.0007e-03 +3.0026e-03 +3.0012e-03 +3.0007e-03 +3.0002e-03 +2.9997e-03
+0000.00000 +8.9301e-12 +4.8311e-12 -1.2293e-12 -7.9157e-12 -1.4053e-11 -2.3411e-11 -3.6978e-11 -4.1806e-11 -3.8192e-11 -3.3115e-11 -3.0763e-11 -3.3508e-11 -3.8289e-11 -4.1448e-11 -3.6681e-11 -2.3459e-11 -1.4262e-11 -8.1650e-12 -1.5493e-12 +4.4415e-12 +8.5046e-12
-0000.00300 -3.0002e-03 -2.9997e-03 -2.9992e-03 -2.9987e-03 -2.9972e-03 -2.9996e-03 -2.9984e-03 -2.9983e-03 -2.9988e-03 -2.9994e-03 -3.0000e-03 -3.0007e-03 -3.0013e-03 -3.0018e-03 -3.0017e-03 -3.0007e-03 -3.0026e-03 -3.0012e-03 -3.0007e-03 -3.0002e-03 -2.9997e-03
-0000.00600 -6.0038e-03 -6.0032e-03 -5.9910e-03 -5.9929e-03 -5.9941e-03 -5.9947e-03 -5.9955e-03 -5.9963e-03 -5.9976e-03 -5.9989e-03 -6.0000e-03 -6.0011e-03 -6.0025e-03 -6.0038e-03 -6.0045e-03 -6.0053e-03 -6.0060e-03 -6.0071e-03 -6.0092e-03 -5.9967e-03 -5.9961e-03
