# Author: FAC idanalysis.IDKickMap
#
# Total Length of Longitudinal Interval [m]
0.13
# Number of Horizontal Points
25
# Number of Vertical Points
9
# Total Horizontal 2nd Order Kick [T2m2]
START
            -0000.01200 -0000.01100 -0000.01000 -0000.00900 -0000.00800 -0000.00700 -0000.00600 -0000.00500 -0000.00400 -0000.00300 -0000.00200 -0000.00100 +0000.00000 +0000.00100 +0000.00200 +0000.00300 +0000.00400 +0000.00500 +0000.00600 +0000.00700 +0000.00800 +0000.00900 +0000.01000 +0000.01100 +0000.01200
+0000.00200 +1.9540e-04 +1.9995e-04 +1.9638e-04 +1.8539e-04 +1.8034e-04 +1.8808e-04 +1.8700e-04 +1.7945e-04 +1.6932e-04 +1.8107e-04 +1.8253e-04 +1.7791e-04 +1.6442e-04 +1.7883e-04 +1.8269e-04 +1.8041e-04 +1.6814e-04 +1.8059e-04 +1.8749e-04 +1.8775e-04 +1.7947e-04 +1.8662e-04 +1.9721e-04 +2.0005e-04 +1.9525e-04
+0000.00150 +1.6759e-04 +1.6906e-04 +1.6577e-04 +1.5820e-04 +1.5471e-04 +1.5758e-04 +1.5639e-04 +1.5095e-04 +1.4670e-04 +1.5091e-04 +1.5187e-04 +1.4862e-04 +1.4425e-04 +1.4908e-04 +1.5198e-04 +1.5061e-04 +1.4659e-04 +1.5154e-04 +1.5674e-04 +1.5753e-04 +1.5463e-04 +1.5885e-04 +1.6638e-04 +1.6934e-04 +1.6780e-04
+0000.00100 +1.6859e-04 +1.6780e-04 +1.6465e-04 +1.5938e-04 +1.5644e-04 +1.5665e-04 +1.5520e-04 +1.5147e-04 +1.4899e-04 +1.5029e-04 +1.5063e-04 +1.4859e-04 +1.4673e-04 +1.4881e-04 +1.5071e-04 +1.5019e-04 +1.4902e-04 +1.5181e-04 +1.5547e-04 +1.5673e-04 +1.5656e-04 +1.5981e-04 +1.6512e-04 +1.6814e-04 +1.6892e-04
+0000.00050 +1.6916e-04 +1.6728e-04 +1.6419e-04 +1.6000e-04 +1.5725e-04 +1.5632e-04 +1.5469e-04 +1.5185e-04 +1.4995e-04 +1.5014e-04 +1.5008e-04 +1.4871e-04 +1.4772e-04 +1.4884e-04 +1.5015e-04 +1.5012e-04 +1.5002e-04 +1.5209e-04 +1.5492e-04 +1.5646e-04 +1.5743e-04 +1.6035e-04 +1.6459e-04 +1.6764e-04 +1.6954e-04
+0000.00000 +1.6934e-04 +1.6715e-04 +1.6408e-04 +1.6019e-04 +1.5748e-04 +1.5624e-04 +1.5456e-04 +1.5197e-04 +1.5021e-04 +1.5011e-04 +1.4993e-04 +1.4877e-04 +1.4799e-04 +1.4887e-04 +1.5000e-04 +1.5012e-04 +1.5030e-04 +1.5219e-04 +1.5477e-04 +1.5640e-04 +1.5768e-04 +1.6051e-04 +1.6444e-04 +1.6749e-04 +1.6972e-04
-0000.00050 +1.6917e-04 +1.6731e-04 +1.6422e-04 +1.6001e-04 +1.5725e-04 +1.5632e-04 +1.5470e-04 +1.5185e-04 +1.4994e-04 +1.5014e-04 +1.5009e-04 +1.4872e-04 +1.4772e-04 +1.4884e-04 +1.5015e-04 +1.5012e-04 +1.5003e-04 +1.5209e-04 +1.5492e-04 +1.5646e-04 +1.5743e-04 +1.6034e-04 +1.6457e-04 +1.6761e-04 +1.6953e-04
-0000.00100 +1.6861e-04 +1.6785e-04 +1.6469e-04 +1.5939e-04 +1.5644e-04 +1.5665e-04 +1.5521e-04 +1.5148e-04 +1.4898e-04 +1.5029e-04 +1.5063e-04 +1.4859e-04 +1.4673e-04 +1.4881e-04 +1.5070e-04 +1.5019e-04 +1.4903e-04 +1.5181e-04 +1.5545e-04 +1.5672e-04 +1.5657e-04 +1.5979e-04 +1.6508e-04 +1.6809e-04 +1.6890e-04
-0000.00150 +1.6763e-04 +1.6914e-04 +1.6585e-04 +1.5822e-04 +1.5469e-04 +1.5759e-04 +1.5641e-04 +1.5096e-04 +1.4669e-04 +1.5091e-04 +1.5188e-04 +1.4863e-04 +1.4425e-04 +1.4907e-04 +1.5198e-04 +1.5062e-04 +1.4660e-04 +1.5154e-04 +1.5671e-04 +1.5752e-04 +1.5464e-04 +1.5882e-04 +1.6631e-04 +1.6926e-04 +1.6776e-04
-0000.00200 +1.9548e-04 +2.0009e-04 +1.9650e-04 +1.8543e-04 +1.8029e-04 +1.8811e-04 +1.8705e-04 +1.7947e-04 +1.6928e-04 +1.8107e-04 +1.8255e-04 +1.7793e-04 +1.6442e-04 +1.7881e-04 +1.8267e-04 +1.8040e-04 +1.6819e-04 +1.8057e-04 +1.8744e-04 +1.8772e-04 +1.7952e-04 +1.8658e-04 +1.9709e-04 +1.9992e-04 +1.9517e-04
# Total Vertical 2nd Order Kick [T2m2]
START
            -0000.01200 -0000.01100 -0000.01000 -0000.00900 -0000.00800 -0000.00700 -0000.00600 -0000.00500 -0000.00400 -0000.00300 -0000.00200 -0000.00100 +0000.00000 +0000.00100 +0000.00200 +0000.00300 +0000.00400 +0000.00500 +0000.00600 +0000.00700 +0000.00800 +0000.00900 +0000.01000 +0000.01100 +0000.01200
+0000.00200 -1.9751e-04 -1.9201e-04 -1.8564e-04 -1.8154e-04 -1.9892e-04 -1.9543e-04 -1.8942e-04 -1.8475e-04 -1.9946e-04 -1.9911e-04 -1.9325e-04 -1.8818e-04 -1.9676e-04 -2.0236e-04 -1.9662e-04 -1.9120e-04 -1.9298e-04 -2.0608e-04 -2.0051e-04 -1.9469e-04 -1.9241e-04 -2.0962e-04 -2.0439e-04 -1.9795e-04 -1.9325e-04
+0000.00150 -1.2662e-04 -1.2514e-04 -1.2151e-04 -1.2066e-04 -1.2731e-04 -1.2741e-04 -1.2410e-04 -1.2237e-04 -1.2807e-04 -1.2982e-04 -1.2676e-04 -1.2439e-04 -1.2847e-04 -1.3185e-04 -1.2910e-04 -1.2628e-04 -1.2878e-04 -1.3402e-04 -1.3179e-04 -1.2856e-04 -1.2927e-04 -1.3584e-04 -1.3440e-04 -1.3069e-04 -1.2955e-04
+0000.00100 -7.5748e-05 -7.5441e-05 -7.3658e-05 -7.3590e-05 -7.6372e-05 -7.6834e-05 -7.5249e-05 -7.4693e-05 -7.7168e-05 -7.8306e-05 -7.6907e-05 -7.5926e-05 -7.7846e-05 -7.9535e-05 -7.8368e-05 -7.7088e-05 -7.8496e-05 -8.0830e-05 -8.0035e-05 -7.8484e-05 -7.9184e-05 -8.1936e-05 -8.1605e-05 -7.9751e-05 -7.9569e-05
+0000.00050 -3.5499e-05 -3.5470e-05 -3.4777e-05 -3.4827e-05 -3.5888e-05 -3.6153e-05 -3.5546e-05 -3.5393e-05 -3.6352e-05 -3.6862e-05 -3.6341e-05 -3.6000e-05 -3.6766e-05 -3.7456e-05 -3.7040e-05 -3.6565e-05 -3.7168e-05 -3.8081e-05 -3.7834e-05 -3.7234e-05 -3.7580e-05 -3.8624e-05 -3.8560e-05 -3.7812e-05 -3.7808e-05
+0000.00000 +4.5120e-08 +2.8765e-08 +6.1275e-09 -9.3185e-09 -1.3259e-08 -1.4787e-08 -1.9642e-08 -2.3910e-08 -2.3740e-08 -2.2169e-08 -2.3033e-08 -2.5445e-08 -2.6732e-08 -2.5380e-08 -2.2886e-08 -2.1965e-08 -2.3617e-08 -2.4089e-08 -2.0208e-08 -1.5635e-08 -1.4202e-08 -1.0290e-08 +5.0095e-09 +2.7426e-08 +4.3670e-08
-0000.00050 +3.5594e-05 +3.5529e-05 +3.4788e-05 +3.4805e-05 +3.5861e-05 +3.6125e-05 +3.5507e-05 +3.5344e-05 +3.6304e-05 +3.6819e-05 +3.6296e-05 +3.5948e-05 +3.6712e-05 +3.7405e-05 +3.6995e-05 +3.6522e-05 +3.7120e-05 +3.8032e-05 +3.7793e-05 +3.7203e-05 +3.7551e-05 +3.8600e-05 +3.8568e-05 +3.7868e-05 +3.7900e-05
-0000.00100 +7.5860e-05 +7.5505e-05 +7.3662e-05 +7.3557e-05 +7.6345e-05 +7.6810e-05 +7.5209e-05 +7.4639e-05 +7.7119e-05 +7.8265e-05 +7.6863e-05 +7.5874e-05 +7.7789e-05 +7.9483e-05 +7.8324e-05 +7.7048e-05 +7.8448e-05 +8.0775e-05 +7.9994e-05 +7.8458e-05 +7.9155e-05 +8.1901e-05 +8.1607e-05 +7.9812e-05 +7.9677e-05
-0000.00150 +1.2677e-04 +1.2521e-04 +1.2151e-04 +1.2060e-04 +1.2728e-04 +1.2740e-04 +1.2405e-04 +1.2231e-04 +1.2802e-04 +1.2979e-04 +1.2671e-04 +1.2433e-04 +1.2840e-04 +1.3180e-04 +1.2906e-04 +1.2624e-04 +1.2873e-04 +1.3395e-04 +1.3175e-04 +1.2855e-04 +1.2924e-04 +1.3577e-04 +1.3439e-04 +1.3075e-04 +1.2969e-04
-0000.00200 +1.9771e-04 +1.9208e-04 +1.8562e-04 +1.8143e-04 +1.9892e-04 +1.9543e-04 +1.8938e-04 +1.8466e-04 +1.9942e-04 +1.9908e-04 +1.9321e-04 +1.8812e-04 +1.9668e-04 +2.0231e-04 +1.9658e-04 +1.9117e-04 +1.9294e-04 +2.0600e-04 +2.0046e-04 +1.9469e-04 +1.9241e-04 +2.0950e-04 +2.0436e-04 +1.9803e-04 +1.9345e-04
# Horizontal Final Position [m]
START
            -0000.01200 -0000.01100 -0000.01000 -0000.00900 -0000.00800 -0000.00700 -0000.00600 -0000.00500 -0000.00400 -0000.00300 -0000.00200 -0000.00100 +0000.00000 +0000.00100 +0000.00200 +0000.00300 +0000.00400 +0000.00500 +0000.00600 +0000.00700 +0000.00800 +0000.00900 +0000.01000 +0000.01100 +0000.01200
+0000.00200 -1.2000e-02 -1.1000e-02 -1.0000e-02 -9.0001e-03 -8.0002e-03 -7.0002e-03 -6.0003e-03 -5.0003e-03 -4.0004e-03 -3.0004e-03 -2.0004e-03 -1.0004e-03 -4.1286e-07 +9.9961e-04 +1.9996e-03 +2.9996e-03 +3.9996e-03 +4.9997e-03 +5.9997e-03 +6.9998e-03 +7.9998e-03 +8.9999e-03 +1.0000e-02 +1.1000e-02 +1.2000e-02
+0000.00150 -1.2000e-02 -1.1000e-02 -1.0000e-02 -9.0002e-03 -8.0002e-03 -7.0003e-03 -6.0003e-03 -5.0004e-03 -4.0004e-03 -3.0004e-03 -2.0004e-03 -1.0004e-03 -4.3020e-07 +9.9958e-04 +1.9996e-03 +2.9996e-03 +3.9996e-03 +4.9996e-03 +5.9997e-03 +6.9997e-03 +7.9998e-03 +8.9998e-03 +9.9999e-03 +1.1000e-02 +1.2000e-02
+0000.00100 -1.2000e-02 -1.1000e-02 -1.0000e-02 -9.0002e-03 -8.0002e-03 -7.0003e-03 -6.0003e-03 -5.0004e-03 -4.0004e-03 -3.0004e-03 -2.0004e-03 -1.0004e-03 -4.2623e-07 +9.9958e-04 +1.9996e-03 +2.9996e-03 +3.9996e-03 +4.9997e-03 +5.9997e-03 +6.9997e-03 +7.9998e-03 +8.9998e-03 +9.9999e-03 +1.1000e-02 +1.2000e-02
+0000.00050 -1.2000e-02 -1.1000e-02 -1.0000e-02 -9.0002e-03 -8.0002e-03 -7.0003e-03 -6.0003e-03 -5.0003e-03 -4.0004e-03 -3.0004e-03 -2.0004e-03 -1.0004e-03 -4.2473e-07 +9.9958e-04 +1.9996e-03 +2.9996e-03 +3.9996e-03 +4.9997e-03 +5.9997e-03 +6.9997e-03 +7.9998e-03 +8.9998e-03 +9.9999e-03 +1.1000e-02 +1.2000e-02
+0000.00000 -1.2000e-02 -1.1000e-02 -1.0000e-02 -9.0002e-03 -8.0002e-03 -7.0003e-03 -6.0003e-03 -5.0003e-03 -4.0004e-03 -3.0004e-03 -2.0004e-03 -1.0004e-03 -4.2432e-07 +9.9958e-04 +1.9996e-03 +2.9996e-03 +3.9996e-03 +4.9997e-03 +5.9997e-03 +6.9997e-03 +7.9998e-03 +8.9998e-03 +9.9999e-03 +1.1000e-02 +1.2000e-02
-0000.00050 -1.2000e-02 -1.1000e-02 -1.0000e-02 -9.0002e-03 -8.0002e-03 -7.0003e-03 -6.0003e-03 -5.0003e-03 -4.0004e-03 -3.0004e-03 -2.0004e-03 -1.0004e-03 -4.2473e-07 +9.9958e-04 +1.9996e-03 +2.9996e-03 +3.9996e-03 +4.9997e-03 +5.9997e-03 +6.9997e-03 +7.9998e-03 +8.9998e-03 +9.9999e-03 +1.1000e-02 +1.2000e-02
-0000.00100 -1.2000e-02 -1.1000e-02 -1.0000e-02 -9.0002e-03 -8.0002e-03 -7.0003e-03 -6.0003e-03 -5.0004e-03 -4.0004e-03 -3.0004e-03 -2.0004e-03 -1.0004e-03 -4.2623e-07 +9.9958e-04 +1.9996e-03 +2.9996e-03 +3.9996e-03 +4.9997e-03 +5.9997e-03 +6.9997e-03 +7.9998e-03 +8.9998e-03 +9.9999e-03 +1.1000e-02 +1.2000e-02
-0000.00150 -1.2000e-02 -1.1000e-02 -1.0000e-02 -9.0002e-03 -8.0002e-03 -7.0003e-03 -6.0003e-03 -5.0004e-03 -4.0004e-03 -3.0004e-03 -2.0004e-03 -1.0004e-03 -4.3020e-07 +9.9958e-04 +1.9996e-03 +2.9996e-03 +3.9996e-03 +4.9996e-03 +5.9997e-03 +6.9997e-03 +7.9998e-03 +8.9998e-03 +9.9999e-03 +1.1000e-02 +1.2000e-02
-0000.00200 -1.2000e-02 -1.1000e-02 -1.0000e-02 -9.0001e-03 -8.0002e-03 -7.0002e-03 -6.0003e-03 -5.0003e-03 -4.0004e-03 -3.0004e-03 -2.0004e-03 -1.0004e-03 -4.1286e-07 +9.9961e-04 +1.9996e-03 +2.9996e-03 +3.9996e-03 +4.9997e-03 +5.9997e-03 +6.9998e-03 +7.9998e-03 +8.9999e-03 +1.0000e-02 +1.1000e-02 +1.2000e-02
# Vertical Final Position [m]
START
            -0000.01200 -0000.01100 -0000.01000 -0000.00900 -0000.00800 -0000.00700 -0000.00600 -0000.00500 -0000.00400 -0000.00300 -0000.00200 -0000.00100 +0000.00000 +0000.00100 +0000.00200 +0000.00300 +0000.00400 +0000.00500 +0000.00600 +0000.00700 +0000.00800 +0000.00900 +0000.01000 +0000.01100 +0000.01200
+0000.00200 +2.0000e-03 +2.0000e-03 +2.0000e-03 +2.0000e-03 +1.9999e-03 +1.9999e-03 +1.9999e-03 +1.9999e-03 +1.9998e-03 +1.9998e-03 +1.9998e-03 +1.9998e-03 +1.9998e-03 +1.9998e-03 +1.9998e-03 +1.9998e-03 +1.9998e-03 +1.9997e-03 +1.9997e-03 +1.9997e-03 +1.9997e-03 +1.9997e-03 +1.9997e-03 +1.9996e-03 +1.9996e-03
+0000.00150 +1.5000e-03 +1.5000e-03 +1.5000e-03 +1.5000e-03 +1.5000e-03 +1.4999e-03 +1.4999e-03 +1.4999e-03 +1.4999e-03 +1.4999e-03 +1.4999e-03 +1.4999e-03 +1.4999e-03 +1.4999e-03 +1.4999e-03 +1.4999e-03 +1.4998e-03 +1.4998e-03 +1.4998e-03 +1.4998e-03 +1.4998e-03 +1.4998e-03 +1.4998e-03 +1.4998e-03 +1.4997e-03
+0000.00100 +1.0000e-03 +1.0000e-03 +1.0000e-03 +9.9999e-04 +9.9998e-04 +9.9997e-04 +9.9996e-04 +9.9996e-04 +9.9995e-04 +9.9994e-04 +9.9993e-04 +9.9993e-04 +9.9992e-04 +9.9991e-04 +9.9991e-04 +9.9991e-04 +9.9990e-04 +9.9989e-04 +9.9988e-04 +9.9988e-04 +9.9987e-04 +9.9985e-04 +9.9985e-04 +9.9984e-04 +9.9983e-04
+0000.00050 +5.0001e-04 +5.0000e-04 +5.0000e-04 +5.0000e-04 +4.9999e-04 +4.9999e-04 +4.9998e-04 +4.9998e-04 +4.9998e-04 +4.9997e-04 +4.9997e-04 +4.9997e-04 +4.9996e-04 +4.9996e-04 +4.9996e-04 +4.9996e-04 +4.9995e-04 +4.9995e-04 +4.9994e-04 +4.9994e-04 +4.9994e-04 +4.9993e-04 +4.9993e-04 +4.9992e-04 +4.9992e-04
+0000.00000 +3.4287e-12 -9.3727e-12 -2.8052e-11 -4.0657e-11 -4.3275e-11 -4.4659e-11 -4.9890e-11 -5.4664e-11 -5.4924e-11 -5.3600e-11 -5.4582e-11 -5.7065e-11 -5.8408e-11 -5.7104e-11 -5.4631e-11 -5.3676e-11 -5.5152e-11 -5.5222e-11 -5.0808e-11 -4.5811e-11 -4.4457e-11 -4.1772e-11 -2.9179e-11 -1.0580e-11 +2.1970e-12
-0000.00050 -5.0001e-04 -5.0000e-04 -5.0000e-04 -5.0000e-04 -4.9999e-04 -4.9999e-04 -4.9998e-04 -4.9998e-04 -4.9998e-04 -4.9997e-04 -4.9997e-04 -4.9997e-04 -4.9996e-04 -4.9996e-04 -4.9996e-04 -4.9996e-04 -4.9995e-04 -4.9995e-04 -4.9994e-04 -4.9994e-04 -4.9994e-04 -4.9993e-04 -4.9993e-04 -4.9992e-04 -4.9992e-04
-0000.00100 -1.0000e-03 -1.0000e-03 -1.0000e-03 -9.9999e-04 -9.9998e-04 -9.9997e-04 -9.9996e-04 -9.9996e-04 -9.9995e-04 -9.9994e-04 -9.9993e-04 -9.9993e-04 -9.9992e-04 -9.9992e-04 -9.9991e-04 -9.9991e-04 -9.9990e-04 -9.9989e-04 -9.9988e-04 -9.9988e-04 -9.9987e-04 -9.9985e-04 -9.9985e-04 -9.9984e-04 -9.9983e-04
-0000.00150 -1.5000e-03 -1.5000e-03 -1.5000e-03 -1.5000e-03 -1.5000e-03 -1.4999e-03 -1.4999e-03 -1.4999e-03 -1.4999e-03 -1.4999e-03 -1.4999e-03 -1.4999e-03 -1.4999e-03 -1.4999e-03 -1.4999e-03 -1.4999e-03 -1.4998e-03 -1.4998e-03 -1.4998e-03 -1.4998e-03 -1.4998e-03 -1.4998e-03 -1.4998e-03 -1.4998e-03 -1.4997e-03
-0000.00200 -2.0000e-03 -2.0000e-03 -2.0000e-03 -2.0000e-03 -1.9999e-03 -1.9999e-03 -1.9999e-03 -1.9999e-03 -1.9998e-03 -1.9998e-03 -1.9998e-03 -1.9998e-03 -1.9998e-03 -1.9998e-03 -1.9998e-03 -1.9998e-03 -1.9998e-03 -1.9997e-03 -1.9997e-03 -1.9997e-03 -1.9997e-03 -1.9997e-03 -1.9997e-03 -1.9996e-03 -1.9996e-03
