# Author: FAC idanalysis.IDKickMap
# Total Length of Longitudinal Interval [m]
0.13
# Number of Horizontal Points
21
# Number of Vertical Points
5
# Total Horizontal 2nd Order Kick [T2m2]
START
            -0000.01000 -0000.00900 -0000.00800 -0000.00700 -0000.00600 -0000.00500 -0000.00400 -0000.00300 -0000.00200 -0000.00100 +0000.00000 +0000.00100 +0000.00200 +0000.00300 +0000.00400 +0000.00500 +0000.00600 +0000.00700 +0000.00800 +0000.00900 +0000.01000 
+0000.00600 +3.2000e-06 -1.4401e-04 -5.5590e-05 -3.8180e-05 -3.8390e-05 -5.6560e-05 -8.6310e-05 -4.3520e-05 -3.6170e-05 -4.4850e-05 -1.2570e-04 -5.8030e-05 -3.8370e-05 -3.8810e-05 -5.7480e-05 -9.3800e-05 -4.6310e-05 -3.8630e-05 -4.5220e-05 -7.6710e-05 -1.6360e-05 
+0000.00300 -7.3200e-06 -2.4700e-05 -2.6610e-05 -3.0650e-05 -2.8620e-05 -2.0530e-05 -1.7010e-05 -2.4620e-05 -2.7230e-05 -2.2880e-05 -1.4750e-05 -1.9640e-05 -2.6510e-05 -2.6700e-05 -2.0110e-05 -1.7560e-05 -2.6400e-05 -3.1350e-05 -3.0040e-05 -2.5130e-05 -3.6300e-06 
+0000.00000 +1.3100e-06 -2.8000e-07 -2.5700e-06 -3.7400e-06 -3.1300e-06 -1.6700e-06 -1.1400e-06 -1.6400e-06 -1.6700e-06 -7.4000e-07 +0.0000e+00 -6.3000e-07 -1.6000e-06 -1.6500e-06 -1.1100e-06 -1.5100e-06 -2.9200e-06 -3.5800e-06 -2.4300e-06 -5.0000e-08 +1.6400e-06 
-0000.00300 -7.2900e-06 -2.4690e-05 -2.6600e-05 -3.0640e-05 -2.8610e-05 -2.0520e-05 -1.7000e-05 -2.4610e-05 -2.7220e-05 -2.2870e-05 -1.4670e-05 -1.9650e-05 -2.6520e-05 -2.6700e-05 -2.0120e-05 -1.7570e-05 -2.6410e-05 -3.1360e-05 -3.0050e-05 -2.5140e-05 -3.6600e-06 
-0000.00600 +3.2600e-06 -1.4405e-04 -5.5570e-05 -3.8160e-05 -3.8360e-05 -5.6550e-05 -8.6310e-05 -4.3500e-05 -3.6150e-05 -4.4830e-05 -1.2551e-04 -5.8040e-05 -3.8390e-05 -3.8830e-05 -5.7490e-05 -9.3820e-05 -4.6330e-05 -3.8660e-05 -4.5240e-05 -7.6690e-05 -1.6420e-05 
# Total Vertical 2nd Order Kick [T2m2]
START
            -0000.01000 -0000.00900 -0000.00800 -0000.00700 -0000.00600 -0000.00500 -0000.00400 -0000.00300 -0000.00200 -0000.00100 +0000.00000 +0000.00100 +0000.00200 +0000.00300 +0000.00400 +0000.00500 +0000.00600 +0000.00700 +0000.00800 +0000.00900 +0000.01000 
+0000.00600 +4.3312e-04 +4.0809e-04 +3.2023e-04 +3.0853e-04 +2.9777e-04 +2.8382e-04 +1.6301e-04 +1.4451e-04 +1.3304e-04 +1.2105e-04 +1.4209e-04 -2.4851e-05 -3.7751e-05 -4.8669e-05 -6.0866e-05 -1.8482e-04 -2.0274e-04 -2.1301e-04 -2.2217e-04 -1.5916e-04 -3.3924e-04 
+0000.00300 +1.3004e-04 +1.3032e-04 +1.2871e-04 +1.1996e-04 +1.0939e-04 +9.9990e-05 +9.5225e-05 +8.9685e-05 +7.9877e-05 +6.9756e-05 +6.2974e-05 +6.0209e-05 +5.2230e-05 +4.1811e-05 +3.2113e-05 +2.7064e-05 +2.2074e-05 +1.2176e-05 +1.0949e-06 -5.8567e-06 -6.1076e-07 
+0000.00000 +4.8100e-10 +5.6400e-10 +1.2100e-09 +1.0950e-09 +6.7100e-10 +8.0800e-10 +1.4090e-09 +1.4640e-09 +8.6800e-10 +1.9700e-10 +0.0000e+00 +4.6100e-10 +1.2270e-09 +1.7990e-09 +1.6750e-09 +1.0090e-09 +8.8300e-10 +1.4110e-09 +1.6660e-09 +1.0870e-09 +9.2000e-10 
-0000.00300 -1.3052e-04 -1.3084e-04 -1.2925e-04 -1.2052e-04 -1.0996e-04 -1.0057e-04 -9.5827e-05 -9.0297e-05 -8.0495e-05 -7.0377e-05 -6.3600e-05 -6.0835e-05 -5.2853e-05 -4.2429e-05 -3.2721e-05 -2.7650e-05 -2.2645e-05 -1.2739e-05 -1.6464e-06 +5.3290e-06 +1.1952e-07 
-0000.00600 -4.3290e-04 -4.0785e-04 -3.1996e-04 -3.0826e-04 -2.9751e-04 -2.8355e-04 -1.6271e-04 -1.4422e-04 -1.3275e-04 -1.2076e-04 -1.4180e-04 +2.5141e-05 +3.8045e-05 +4.8966e-05 +6.1166e-05 +1.8510e-04 +2.0301e-04 +2.1329e-04 +2.2245e-04 +1.5943e-04 +3.3946e-04 
# Horizontal Final Position [m]
START
            -0000.01000 -0000.00900 -0000.00800 -0000.00700 -0000.00600 -0000.00500 -0000.00400 -0000.00300 -0000.00200 -0000.00100 +0000.00000 +0000.00100 +0000.00200 +0000.00300 +0000.00400 +0000.00500 +0000.00600 +0000.00700 +0000.00800 +0000.00900 +0000.01000 
+0000.00600 -9.9979e-03 -8.9986e-03 -7.9980e-03 -6.9979e-03 -5.9980e-03 -4.9982e-03 -3.9982e-03 -2.9980e-03 -1.9980e-03 -9.9805e-04 +1.3904e-06 +1.0019e-03 +2.0020e-03 +3.0020e-03 +4.0018e-03 +5.0018e-03 +6.0020e-03 +7.0021e-03 +8.0020e-03 +9.0015e-03 +1.0002e-02 
+0000.00300 -9.9975e-03 -8.9975e-03 -7.9976e-03 -6.9977e-03 -5.9977e-03 -4.9976e-03 -3.9977e-03 -2.9977e-03 -1.9977e-03 -9.9771e-04 +2.3257e-06 +1.0023e-03 +2.0023e-03 +3.0023e-03 +4.0023e-03 +5.0024e-03 +6.0023e-03 +7.0023e-03 +8.0024e-03 +9.0025e-03 +1.0003e-02 
+0000.00000 -9.9998e-03 -8.9998e-03 -7.9999e-03 -6.9999e-03 -5.9999e-03 -4.9999e-03 -4.0000e-03 -3.0000e-03 -2.0000e-03 -9.9998e-04 +1.7131e-08 +1.0000e-03 +2.0000e-03 +3.0000e-03 +4.0000e-03 +5.0001e-03 +6.0001e-03 +7.0001e-03 +8.0001e-03 +9.0002e-03 +1.0000e-02 
-0000.00300 -9.9975e-03 -8.9975e-03 -7.9976e-03 -6.9977e-03 -5.9977e-03 -4.9976e-03 -3.9977e-03 -2.9977e-03 -1.9977e-03 -9.9771e-04 +2.3258e-06 +1.0023e-03 +2.0023e-03 +3.0023e-03 +4.0023e-03 +5.0024e-03 +6.0023e-03 +7.0023e-03 +8.0024e-03 +9.0025e-03 +1.0003e-02 
-0000.00600 -9.9979e-03 -8.9986e-03 -7.9980e-03 -6.9979e-03 -5.9980e-03 -4.9982e-03 -3.9982e-03 -2.9980e-03 -1.9980e-03 -9.9805e-04 +1.3906e-06 +1.0019e-03 +2.0020e-03 +3.0020e-03 +4.0018e-03 +5.0018e-03 +6.0020e-03 +7.0021e-03 +8.0020e-03 +9.0015e-03 +1.0002e-02 
# Vertical Final Position [m]
START
            -0000.01000 -0000.00900 -0000.00800 -0000.00700 -0000.00600 -0000.00500 -0000.00400 -0000.00300 -0000.00200 -0000.00100 +0000.00000 +0000.00100 +0000.00200 +0000.00300 +0000.00400 +0000.00500 +0000.00600 +0000.00700 +0000.00800 +0000.00900 +0000.01000 
+0000.00600 +6.0033e-03 +6.0025e-03 +6.0021e-03 +6.0020e-03 +6.0019e-03 +6.0018e-03 +6.0009e-03 +6.0007e-03 +6.0006e-03 +6.0005e-03 +6.0001e-03 +5.9996e-03 +5.9994e-03 +5.9994e-03 +5.9992e-03 +5.9983e-03 +5.9982e-03 +5.9981e-03 +5.9980e-03 +5.9977e-03 +5.9968e-03 
+0000.00300 +3.0001e-03 +3.0002e-03 +3.0002e-03 +3.0002e-03 +3.0001e-03 +3.0001e-03 +3.0001e-03 +3.0001e-03 +3.0001e-03 +3.0000e-03 +3.0001e-03 +3.0001e-03 +3.0000e-03 +3.0000e-03 +3.0000e-03 +3.0000e-03 +3.0000e-03 +3.0000e-03 +2.9999e-03 +3.0000e-03 +3.0000e-03 
+0000.00000 -4.3047e-11 -4.3457e-11 -4.3098e-11 -4.3936e-11 -4.5298e-11 -4.5813e-11 -4.5431e-11 -4.5564e-11 -4.6507e-11 -4.7535e-11 -4.7887e-11 -4.7263e-11 -4.6115e-11 -4.5157e-11 -4.5051e-11 -4.5486e-11 -4.5003e-11 -4.3617e-11 -4.2722e-11 -4.3077e-11 -4.2789e-11 
-0000.00300 -3.0001e-03 -3.0002e-03 -3.0002e-03 -3.0002e-03 -3.0001e-03 -3.0001e-03 -3.0001e-03 -3.0001e-03 -3.0001e-03 -3.0000e-03 -3.0001e-03 -3.0001e-03 -3.0001e-03 -3.0000e-03 -3.0000e-03 -3.0000e-03 -3.0000e-03 -3.0000e-03 -2.9999e-03 -3.0000e-03 -3.0000e-03 
-0000.00600 -6.0033e-03 -6.0025e-03 -6.0021e-03 -6.0020e-03 -6.0019e-03 -6.0018e-03 -6.0009e-03 -6.0007e-03 -6.0006e-03 -6.0005e-03 -6.0001e-03 -5.9996e-03 -5.9994e-03 -5.9993e-03 -5.9992e-03 -5.9983e-03 -5.9982e-03 -5.9981e-03 -5.9980e-03 -5.9977e-03 -5.9968e-03 