# Author: FAC idanalysis.IDKickMap
# 
# Total Length of Longitudinal Interval [m]
None
# Number of Horizontal Points
25
# Number of Vertical Points
9
# Total Horizontal 2nd Order Kick [T2m2]
START
            -0000.01200 -0000.01100 -0000.01000 -0000.00900 -0000.00800 -0000.00700 -0000.00600 -0000.00500 -0000.00400 -0000.00300 -0000.00200 -0000.00100 +0000.00000 +0000.00100 +0000.00200 +0000.00300 +0000.00400 +0000.00500 +0000.00600 +0000.00700 +0000.00800 +0000.00900 +0000.01000 +0000.01100 +0000.01200 
+0000.00200 -5.0792e-05 -4.9022e-05 -4.7387e-05 -4.5901e-05 -4.4575e-05 -4.3407e-05 -4.2395e-05 -4.1538e-05 -4.0842e-05 -4.0303e-05 -3.9914e-05 -3.9671e-05 -3.9578e-05 -3.9636e-05 -3.9843e-05 -4.0195e-05 -4.0696e-05 -4.1354e-05 -4.2169e-05 -4.3140e-05 -4.4264e-05 -4.5546e-05 -4.6985e-05 -4.8572e-05 -5.0293e-05 
+0000.00150 -5.0907e-05 -4.9160e-05 -4.7540e-05 -4.6064e-05 -4.4741e-05 -4.3574e-05 -4.2563e-05 -4.1708e-05 -4.1010e-05 -4.0468e-05 -4.0077e-05 -3.9835e-05 -3.9743e-05 -3.9800e-05 -4.0006e-05 -4.0360e-05 -4.0864e-05 -4.1523e-05 -4.2338e-05 -4.3308e-05 -4.4431e-05 -4.5710e-05 -4.7140e-05 -4.8714e-05 -5.0416e-05 
+0000.00100 -5.0988e-05 -4.9257e-05 -4.7648e-05 -4.6179e-05 -4.4859e-05 -4.3694e-05 -4.2683e-05 -4.1829e-05 -4.1130e-05 -4.0587e-05 -4.0195e-05 -3.9953e-05 -3.9860e-05 -3.9917e-05 -4.0123e-05 -4.0478e-05 -4.0984e-05 -4.1644e-05 -4.2458e-05 -4.3427e-05 -4.4550e-05 -4.5826e-05 -4.7251e-05 -4.8815e-05 -5.0502e-05 
+0000.00050 -5.1036e-05 -4.9314e-05 -4.7713e-05 -4.6248e-05 -4.4930e-05 -4.3766e-05 -4.2756e-05 -4.1901e-05 -4.1202e-05 -4.0658e-05 -4.0265e-05 -4.0023e-05 -3.9930e-05 -3.9987e-05 -4.0193e-05 -4.0549e-05 -4.1056e-05 -4.1716e-05 -4.2530e-05 -4.3499e-05 -4.4622e-05 -4.5896e-05 -4.7317e-05 -4.8875e-05 -5.0553e-05 
+0000.00000 -5.1051e-05 -4.9333e-05 -4.7734e-05 -4.6271e-05 -4.4954e-05 -4.3790e-05 -4.2780e-05 -4.1925e-05 -4.1226e-05 -4.0681e-05 -4.0289e-05 -4.0046e-05 -3.9954e-05 -4.0011e-05 -4.0217e-05 -4.0573e-05 -4.1080e-05 -4.1740e-05 -4.2554e-05 -4.3523e-05 -4.4645e-05 -4.5919e-05 -4.7338e-05 -4.8895e-05 -5.0570e-05 
-0000.00050 -5.1035e-05 -4.9314e-05 -4.7712e-05 -4.6248e-05 -4.4930e-05 -4.3766e-05 -4.2756e-05 -4.1901e-05 -4.1202e-05 -4.0658e-05 -4.0265e-05 -4.0023e-05 -3.9930e-05 -3.9987e-05 -4.0193e-05 -4.0549e-05 -4.1056e-05 -4.1716e-05 -4.2530e-05 -4.3499e-05 -4.4622e-05 -4.5896e-05 -4.7317e-05 -4.8875e-05 -5.0554e-05 
-0000.00100 -5.0988e-05 -4.9256e-05 -4.7648e-05 -4.6179e-05 -4.4859e-05 -4.3694e-05 -4.2684e-05 -4.1829e-05 -4.1130e-05 -4.0587e-05 -4.0195e-05 -3.9953e-05 -3.9860e-05 -3.9917e-05 -4.0123e-05 -4.0478e-05 -4.0984e-05 -4.1643e-05 -4.2458e-05 -4.3427e-05 -4.4550e-05 -4.5826e-05 -4.7251e-05 -4.8815e-05 -5.0503e-05 
-0000.00150 -5.0907e-05 -4.9159e-05 -4.7540e-05 -4.6064e-05 -4.4741e-05 -4.3575e-05 -4.2563e-05 -4.1708e-05 -4.1010e-05 -4.0468e-05 -4.0078e-05 -3.9835e-05 -3.9743e-05 -3.9800e-05 -4.0006e-05 -4.0360e-05 -4.0864e-05 -4.1523e-05 -4.2338e-05 -4.3307e-05 -4.4431e-05 -4.5710e-05 -4.7141e-05 -4.8715e-05 -5.0416e-05 
-0000.00200 -5.0791e-05 -4.9022e-05 -4.7386e-05 -4.5901e-05 -4.4575e-05 -4.3407e-05 -4.2395e-05 -4.1539e-05 -4.0842e-05 -4.0303e-05 -3.9914e-05 -3.9672e-05 -3.9578e-05 -3.9636e-05 -3.9843e-05 -4.0195e-05 -4.0696e-05 -4.1353e-05 -4.2169e-05 -4.3140e-05 -4.4264e-05 -4.5546e-05 -4.6985e-05 -4.8573e-05 -5.0294e-05 
# Total Vertical 2nd Order Kick [T2m2]
START
            -0000.01200 -0000.01100 -0000.01000 -0000.00900 -0000.00800 -0000.00700 -0000.00600 -0000.00500 -0000.00400 -0000.00300 -0000.00200 -0000.00100 +0000.00000 +0000.00100 +0000.00200 +0000.00300 +0000.00400 +0000.00500 +0000.00600 +0000.00700 +0000.00800 +0000.00900 +0000.01000 +0000.01100 +0000.01200 
+0000.00200 -8.7995e-06 -8.5778e-06 -8.3149e-06 -8.0238e-06 -7.7189e-06 -7.4109e-06 -7.1019e-06 -6.7900e-06 -6.4780e-06 -6.1717e-06 -5.8721e-06 -5.5742e-06 -5.2745e-06 -4.9750e-06 -4.6778e-06 -4.3793e-06 -4.0741e-06 -3.7628e-06 -3.4512e-06 -3.1419e-06 -2.8330e-06 -2.5261e-06 -2.2308e-06 -1.9604e-06 -1.7260e-06 
+0000.00150 -6.2082e-06 -6.0461e-06 -5.8522e-06 -5.6369e-06 -5.4105e-06 -5.1801e-06 -4.9483e-06 -4.7149e-06 -4.4819e-06 -4.2523e-06 -4.0268e-06 -3.8028e-06 -3.5783e-06 -3.3539e-06 -3.1304e-06 -2.9056e-06 -2.6769e-06 -2.4444e-06 -2.2113e-06 -1.9792e-06 -1.7481e-06 -1.5199e-06 -1.3011e-06 -1.1009e-06 -9.2827e-07 
+0000.00100 -3.9639e-06 -3.8580e-06 -3.7303e-06 -3.5882e-06 -3.4383e-06 -3.2851e-06 -3.1305e-06 -2.9752e-06 -2.8202e-06 -2.6672e-06 -2.5166e-06 -2.3670e-06 -2.2174e-06 -2.0679e-06 -1.9186e-06 -1.7685e-06 -1.6160e-06 -1.4615e-06 -1.3063e-06 -1.1517e-06 -9.9795e-07 -8.4670e-07 -7.0205e-07 -5.6978e-07 -4.5628e-07 
+0000.00050 -1.9332e-06 -1.8810e-06 -1.8176e-06 -1.7470e-06 -1.6724e-06 -1.5959e-06 -1.5186e-06 -1.4410e-06 -1.3636e-06 -1.2871e-06 -1.2117e-06 -1.1368e-06 -1.0620e-06 -9.8724e-07 -9.1256e-07 -8.3742e-07 -7.6124e-07 -6.8409e-07 -6.0662e-07 -5.2937e-07 -4.5264e-07 -3.7729e-07 -3.0531e-07 -2.3951e-07 -1.8317e-07 
+0000.00000 -4.0506e-09 -4.2660e-09 -4.3939e-09 -4.4502e-09 -4.4535e-09 -4.4226e-09 -4.3727e-09 -4.3151e-09 -4.2587e-09 -4.2113e-09 -4.1774e-09 -4.1576e-09 -4.1499e-09 -4.1542e-09 -4.1731e-09 -4.2106e-09 -4.2676e-09 -4.3400e-09 -4.4195e-09 -4.4958e-09 -4.5558e-09 -4.5828e-09 -4.5566e-09 -4.4578e-09 -4.2698e-09 
-0000.00050 +1.9250e-06 +1.8724e-06 +1.8088e-06 +1.7381e-06 +1.6634e-06 +1.5870e-06 +1.5099e-06 +1.4324e-06 +1.3551e-06 +1.2787e-06 +1.2033e-06 +1.1285e-06 +1.0537e-06 +9.7894e-07 +9.0421e-07 +8.2900e-07 +7.5271e-07 +6.7541e-07 +5.9778e-07 +5.2038e-07 +4.4352e-07 +3.6811e-07 +2.9618e-07 +2.3058e-07 +1.7461e-07 
-0000.00100 +3.9557e-06 +3.8494e-06 +3.7215e-06 +3.5793e-06 +3.4293e-06 +3.2762e-06 +3.1218e-06 +2.9666e-06 +2.8117e-06 +2.6588e-06 +2.5082e-06 +2.3587e-06 +2.2091e-06 +2.0596e-06 +1.9103e-06 +1.7601e-06 +1.6075e-06 +1.4528e-06 +1.2974e-06 +1.1427e-06 +9.8880e-07 +8.3748e-07 +6.9286e-07 +5.6077e-07 +4.4763e-07 
-0000.00150 +6.1999e-06 +6.0374e-06 +5.8432e-06 +5.6279e-06 +5.4015e-06 +5.1712e-06 +4.9395e-06 +4.7063e-06 +4.4734e-06 +4.2439e-06 +4.0184e-06 +3.7945e-06 +3.5700e-06 +3.3456e-06 +3.1221e-06 +2.8973e-06 +2.6684e-06 +2.4357e-06 +2.2024e-06 +1.9702e-06 +1.7390e-06 +1.5106e-06 +1.2918e-06 +1.0917e-06 +9.1949e-07 
-0000.00200 +8.7910e-06 +8.5689e-06 +8.3058e-06 +8.0147e-06 +7.7099e-06 +7.4020e-06 +7.0931e-06 +6.7814e-06 +6.4695e-06 +6.1633e-06 +5.8638e-06 +5.5659e-06 +5.2663e-06 +4.9668e-06 +4.6696e-06 +4.3710e-06 +4.0656e-06 +3.7542e-06 +3.4423e-06 +3.1328e-06 +2.8238e-06 +2.5167e-06 +2.2214e-06 +1.9511e-06 +1.7170e-06 
# Horizontal Final Position [m]
START
            -0000.01200 -0000.01100 -0000.01000 -0000.00900 -0000.00800 -0000.00700 -0000.00600 -0000.00500 -0000.00400 -0000.00300 -0000.00200 -0000.00100 +0000.00000 +0000.00100 +0000.00200 +0000.00300 +0000.00400 +0000.00500 +0000.00600 +0000.00700 +0000.00800 +0000.00900 +0000.01000 +0000.01100 +0000.01200 
+0000.00200 -1.2004e-02 -1.1004e-02 -1.0004e-02 -9.0040e-03 -8.0040e-03 -7.0041e-03 -6.0041e-03 -5.0041e-03 -4.0041e-03 -3.0041e-03 -2.0041e-03 -1.0041e-03 -4.1306e-06 +9.9587e-04 +1.9959e-03 +2.9959e-03 +3.9959e-03 +4.9959e-03 +5.9959e-03 +6.9959e-03 +7.9960e-03 +8.9960e-03 +9.9960e-03 +1.0996e-02 +1.1996e-02 
+0000.00150 -1.2004e-02 -1.1004e-02 -1.0004e-02 -9.0040e-03 -8.0040e-03 -7.0041e-03 -6.0041e-03 -5.0041e-03 -4.0041e-03 -3.0041e-03 -2.0041e-03 -1.0041e-03 -4.1326e-06 +9.9587e-04 +1.9959e-03 +2.9959e-03 +3.9959e-03 +4.9959e-03 +5.9959e-03 +6.9959e-03 +7.9960e-03 +8.9960e-03 +9.9960e-03 +1.0996e-02 +1.1996e-02 
+0000.00100 -1.2004e-02 -1.1004e-02 -1.0004e-02 -9.0040e-03 -8.0040e-03 -7.0041e-03 -6.0041e-03 -5.0041e-03 -4.0041e-03 -3.0041e-03 -2.0041e-03 -1.0041e-03 -4.1341e-06 +9.9587e-04 +1.9959e-03 +2.9959e-03 +3.9959e-03 +4.9959e-03 +5.9959e-03 +6.9959e-03 +7.9960e-03 +8.9960e-03 +9.9960e-03 +1.0996e-02 +1.1996e-02 
+0000.00050 -1.2004e-02 -1.1004e-02 -1.0004e-02 -9.0040e-03 -8.0040e-03 -7.0041e-03 -6.0041e-03 -5.0041e-03 -4.0041e-03 -3.0041e-03 -2.0041e-03 -1.0041e-03 -4.1349e-06 +9.9587e-04 +1.9959e-03 +2.9959e-03 +3.9959e-03 +4.9959e-03 +5.9959e-03 +6.9959e-03 +7.9960e-03 +8.9960e-03 +9.9960e-03 +1.0996e-02 +1.1996e-02 
+0000.00000 -1.2004e-02 -1.1004e-02 -1.0004e-02 -9.0040e-03 -8.0040e-03 -7.0041e-03 -6.0041e-03 -5.0041e-03 -4.0041e-03 -3.0041e-03 -2.0041e-03 -1.0041e-03 -4.1352e-06 +9.9587e-04 +1.9959e-03 +2.9959e-03 +3.9959e-03 +4.9959e-03 +5.9959e-03 +6.9959e-03 +7.9960e-03 +8.9960e-03 +9.9960e-03 +1.0996e-02 +1.1996e-02 
-0000.00050 -1.2004e-02 -1.1004e-02 -1.0004e-02 -9.0040e-03 -8.0040e-03 -7.0041e-03 -6.0041e-03 -5.0041e-03 -4.0041e-03 -3.0041e-03 -2.0041e-03 -1.0041e-03 -4.1349e-06 +9.9587e-04 +1.9959e-03 +2.9959e-03 +3.9959e-03 +4.9959e-03 +5.9959e-03 +6.9959e-03 +7.9960e-03 +8.9960e-03 +9.9960e-03 +1.0996e-02 +1.1996e-02 
-0000.00100 -1.2004e-02 -1.1004e-02 -1.0004e-02 -9.0040e-03 -8.0040e-03 -7.0041e-03 -6.0041e-03 -5.0041e-03 -4.0041e-03 -3.0041e-03 -2.0041e-03 -1.0041e-03 -4.1341e-06 +9.9587e-04 +1.9959e-03 +2.9959e-03 +3.9959e-03 +4.9959e-03 +5.9959e-03 +6.9959e-03 +7.9960e-03 +8.9960e-03 +9.9960e-03 +1.0996e-02 +1.1996e-02 
-0000.00150 -1.2004e-02 -1.1004e-02 -1.0004e-02 -9.0040e-03 -8.0040e-03 -7.0041e-03 -6.0041e-03 -5.0041e-03 -4.0041e-03 -3.0041e-03 -2.0041e-03 -1.0041e-03 -4.1326e-06 +9.9587e-04 +1.9959e-03 +2.9959e-03 +3.9959e-03 +4.9959e-03 +5.9959e-03 +6.9959e-03 +7.9960e-03 +8.9960e-03 +9.9960e-03 +1.0996e-02 +1.1996e-02 
-0000.00200 -1.2004e-02 -1.1004e-02 -1.0004e-02 -9.0040e-03 -8.0040e-03 -7.0041e-03 -6.0041e-03 -5.0041e-03 -4.0041e-03 -3.0041e-03 -2.0041e-03 -1.0041e-03 -4.1306e-06 +9.9587e-04 +1.9959e-03 +2.9959e-03 +3.9959e-03 +4.9959e-03 +5.9959e-03 +6.9959e-03 +7.9960e-03 +8.9960e-03 +9.9960e-03 +1.0996e-02 +1.1996e-02 
# Vertical Final Position [m]
START
            -0000.01200 -0000.01100 -0000.01000 -0000.00900 -0000.00800 -0000.00700 -0000.00600 -0000.00500 -0000.00400 -0000.00300 -0000.00200 -0000.00100 +0000.00000 +0000.00100 +0000.00200 +0000.00300 +0000.00400 +0000.00500 +0000.00600 +0000.00700 +0000.00800 +0000.00900 +0000.01000 +0000.01100 +0000.01200 
+0000.00200 +2.0001e-03 +2.0001e-03 +2.0001e-03 +2.0001e-03 +2.0000e-03 +2.0000e-03 +2.0000e-03 +2.0000e-03 +2.0000e-03 +2.0000e-03 +2.0000e-03 +2.0000e-03 +2.0000e-03 +2.0000e-03 +2.0000e-03 +2.0000e-03 +2.0000e-03 +2.0000e-03 +2.0000e-03 +2.0000e-03 +1.9999e-03 +1.9999e-03 +1.9999e-03 +1.9999e-03 +1.9999e-03 
+0000.00150 +1.5001e-03 +1.5000e-03 +1.5000e-03 +1.5000e-03 +1.5000e-03 +1.5000e-03 +1.5000e-03 +1.5000e-03 +1.5000e-03 +1.5000e-03 +1.5000e-03 +1.5000e-03 +1.5000e-03 +1.5000e-03 +1.5000e-03 +1.5000e-03 +1.5000e-03 +1.5000e-03 +1.5000e-03 +1.5000e-03 +1.5000e-03 +1.5000e-03 +1.4999e-03 +1.4999e-03 +1.4999e-03 
+0000.00100 +1.0000e-03 +1.0000e-03 +1.0000e-03 +1.0000e-03 +1.0000e-03 +1.0000e-03 +1.0000e-03 +1.0000e-03 +1.0000e-03 +1.0000e-03 +1.0000e-03 +1.0000e-03 +1.0000e-03 +9.9999e-04 +9.9999e-04 +9.9999e-04 +9.9999e-04 +9.9998e-04 +9.9998e-04 +9.9998e-04 +9.9997e-04 +9.9997e-04 +9.9997e-04 +9.9996e-04 +9.9996e-04 
+0000.00050 +5.0002e-04 +5.0002e-04 +5.0001e-04 +5.0001e-04 +5.0001e-04 +5.0001e-04 +5.0001e-04 +5.0001e-04 +5.0000e-04 +5.0000e-04 +5.0000e-04 +5.0000e-04 +5.0000e-04 +5.0000e-04 +5.0000e-04 +4.9999e-04 +4.9999e-04 +4.9999e-04 +4.9999e-04 +4.9999e-04 +4.9999e-04 +4.9999e-04 +4.9998e-04 +4.9998e-04 +4.9998e-04 
+0000.00000 -1.3355e-11 -1.4156e-11 -1.4798e-11 -1.5305e-11 -1.5700e-11 -1.6006e-11 -1.6238e-11 -1.6410e-11 -1.6532e-11 -1.6613e-11 -1.6662e-11 -1.6685e-11 -1.6682e-11 -1.6656e-11 -1.6609e-11 -1.6542e-11 -1.6452e-11 -1.6332e-11 -1.6172e-11 -1.5961e-11 -1.5685e-11 -1.5325e-11 -1.4857e-11 -1.4256e-11 -1.3498e-11 
-0000.00050 -5.0002e-04 -5.0002e-04 -5.0001e-04 -5.0001e-04 -5.0001e-04 -5.0001e-04 -5.0001e-04 -5.0001e-04 -5.0000e-04 -5.0000e-04 -5.0000e-04 -5.0000e-04 -5.0000e-04 -5.0000e-04 -5.0000e-04 -4.9999e-04 -4.9999e-04 -4.9999e-04 -4.9999e-04 -4.9999e-04 -4.9999e-04 -4.9999e-04 -4.9998e-04 -4.9998e-04 -4.9998e-04 
-0000.00100 -1.0000e-03 -1.0000e-03 -1.0000e-03 -1.0000e-03 -1.0000e-03 -1.0000e-03 -1.0000e-03 -1.0000e-03 -1.0000e-03 -1.0000e-03 -1.0000e-03 -1.0000e-03 -1.0000e-03 -9.9999e-04 -9.9999e-04 -9.9999e-04 -9.9999e-04 -9.9998e-04 -9.9998e-04 -9.9998e-04 -9.9997e-04 -9.9997e-04 -9.9997e-04 -9.9996e-04 -9.9996e-04 
-0000.00150 -1.5001e-03 -1.5000e-03 -1.5000e-03 -1.5000e-03 -1.5000e-03 -1.5000e-03 -1.5000e-03 -1.5000e-03 -1.5000e-03 -1.5000e-03 -1.5000e-03 -1.5000e-03 -1.5000e-03 -1.5000e-03 -1.5000e-03 -1.5000e-03 -1.5000e-03 -1.5000e-03 -1.5000e-03 -1.5000e-03 -1.5000e-03 -1.5000e-03 -1.4999e-03 -1.4999e-03 -1.4999e-03 
-0000.00200 -2.0001e-03 -2.0001e-03 -2.0001e-03 -2.0001e-03 -2.0000e-03 -2.0000e-03 -2.0000e-03 -2.0000e-03 -2.0000e-03 -2.0000e-03 -2.0000e-03 -2.0000e-03 -2.0000e-03 -2.0000e-03 -2.0000e-03 -2.0000e-03 -2.0000e-03 -2.0000e-03 -2.0000e-03 -2.0000e-03 -1.9999e-03 -1.9999e-03 -1.9999e-03 -1.9999e-03 -1.9999e-03 