# Author: FAC idanalysis.IDKickMap
# Termination_kicks [T2m2]: +0.0000e+00 +0.0000e+00 +0.0000e+00 +0.0000e+00 
# Total Length of Longitudinal Interval [m]
0.13
# Number of Horizontal Points
61
# Number of Vertical Points
9
# Total Horizontal 2nd Order Kick [T2m2]
START
            -0000.01000 -0000.00967 -0000.00933 -0000.00900 -0000.00867 -0000.00833 -0000.00800 -0000.00767 -0000.00733 -0000.00700 -0000.00667 -0000.00633 -0000.00600 -0000.00567 -0000.00533 -0000.00500 -0000.00467 -0000.00433 -0000.00400 -0000.00367 -0000.00333 -0000.00300 -0000.00267 -0000.00233 -0000.00200 -0000.00167 -0000.00133 -0000.00100 -0000.00067 -0000.00033 +0000.00000 +0000.00033 +0000.00067 +0000.00100 +0000.00133 +0000.00167 +0000.00200 +0000.00233 +0000.00267 +0000.00300 +0000.00333 +0000.00367 +0000.00400 +0000.00433 +0000.00467 +0000.00500 +0000.00533 +0000.00567 +0000.00600 +0000.00633 +0000.00667 +0000.00700 +0000.00733 +0000.00767 +0000.00800 +0000.00833 +0000.00867 +0000.00900 +0000.00933 +0000.00967 +0000.01000 
+0000.00200 -5.0878e-04 -5.0170e-04 -4.9473e-04 -4.8790e-04 -4.8121e-04 -4.7468e-04 -4.6831e-04 -4.6212e-04 -4.5611e-04 -4.5031e-04 -4.4471e-04 -4.3932e-04 -4.3416e-04 -4.2922e-04 -4.2453e-04 -4.2008e-04 -4.1588e-04 -4.1194e-04 -4.0827e-04 -4.0486e-04 -4.0173e-04 -3.9888e-04 -3.9631e-04 -3.9403e-04 -3.9204e-04 -3.9035e-04 -3.8895e-04 -3.8784e-04 -3.8704e-04 -3.8654e-04 -3.8634e-04 -3.8645e-04 -3.8685e-04 -3.8756e-04 -3.8857e-04 -3.8988e-04 -3.9149e-04 -3.9339e-04 -3.9559e-04 -3.9808e-04 -4.0086e-04 -4.0392e-04 -4.0726e-04 -4.1087e-04 -4.1475e-04 -4.1890e-04 -4.2331e-04 -4.2797e-04 -4.3288e-04 -4.3802e-04 -4.4339e-04 -4.4899e-04 -4.5481e-04 -4.6082e-04 -4.6704e-04 -4.7344e-04 -4.8002e-04 -4.8677e-04 -4.9367e-04 -5.0072e-04 -5.0790e-04 
+0000.00150 -5.0784e-04 -5.0125e-04 -4.9473e-04 -4.8828e-04 -4.8194e-04 -4.7571e-04 -4.6960e-04 -4.6363e-04 -4.5782e-04 -4.5217e-04 -4.4671e-04 -4.4143e-04 -4.3635e-04 -4.3149e-04 -4.2684e-04 -4.2243e-04 -4.1826e-04 -4.1434e-04 -4.1067e-04 -4.0726e-04 -4.0412e-04 -4.0126e-04 -3.9868e-04 -3.9639e-04 -3.9439e-04 -3.9268e-04 -3.9127e-04 -3.9015e-04 -3.8934e-04 -3.8884e-04 -3.8864e-04 -3.8874e-04 -3.8915e-04 -3.8987e-04 -3.9089e-04 -3.9221e-04 -3.9383e-04 -3.9575e-04 -3.9796e-04 -4.0046e-04 -4.0324e-04 -4.0631e-04 -4.0965e-04 -4.1326e-04 -4.1713e-04 -4.2125e-04 -4.2562e-04 -4.3023e-04 -4.3506e-04 -4.4012e-04 -4.4538e-04 -4.5085e-04 -4.5650e-04 -4.6233e-04 -4.6832e-04 -4.7446e-04 -4.8075e-04 -4.8715e-04 -4.9366e-04 -5.0027e-04 -5.0696e-04 
+0000.00100 -5.0706e-04 -5.0083e-04 -4.9463e-04 -4.8847e-04 -4.8238e-04 -4.7636e-04 -4.7045e-04 -4.6465e-04 -4.5898e-04 -4.5345e-04 -4.4809e-04 -4.4289e-04 -4.3788e-04 -4.3307e-04 -4.2847e-04 -4.2409e-04 -4.1994e-04 -4.1603e-04 -4.1237e-04 -4.0896e-04 -4.0583e-04 -4.0296e-04 -4.0037e-04 -3.9807e-04 -3.9606e-04 -3.9434e-04 -3.9293e-04 -3.9181e-04 -3.9099e-04 -3.9048e-04 -3.9028e-04 -3.9039e-04 -3.9080e-04 -3.9152e-04 -3.9255e-04 -3.9387e-04 -3.9550e-04 -3.9743e-04 -3.9965e-04 -4.0215e-04 -4.0494e-04 -4.0801e-04 -4.1135e-04 -4.1495e-04 -4.1880e-04 -4.2290e-04 -4.2724e-04 -4.3181e-04 -4.3659e-04 -4.4158e-04 -4.4677e-04 -4.5213e-04 -4.5766e-04 -4.6335e-04 -4.6918e-04 -4.7513e-04 -4.8119e-04 -4.8735e-04 -4.9358e-04 -4.9986e-04 -5.0619e-04 
+0000.00050 -5.0655e-04 -5.0054e-04 -4.9454e-04 -4.8855e-04 -4.8261e-04 -4.7673e-04 -4.7094e-04 -4.6524e-04 -4.5966e-04 -4.5421e-04 -4.4890e-04 -4.4376e-04 -4.3879e-04 -4.3402e-04 -4.2944e-04 -4.2508e-04 -4.2094e-04 -4.1704e-04 -4.1339e-04 -4.0999e-04 -4.0685e-04 -4.0398e-04 -4.0139e-04 -3.9909e-04 -3.9707e-04 -3.9535e-04 -3.9393e-04 -3.9281e-04 -3.9199e-04 -3.9148e-04 -3.9128e-04 -3.9138e-04 -3.9180e-04 -3.9252e-04 -3.9355e-04 -3.9488e-04 -3.9651e-04 -3.9844e-04 -4.0066e-04 -4.0317e-04 -4.0596e-04 -4.0902e-04 -4.1236e-04 -4.1595e-04 -4.1980e-04 -4.2388e-04 -4.2820e-04 -4.3274e-04 -4.3749e-04 -4.4244e-04 -4.4757e-04 -4.5288e-04 -4.5834e-04 -4.6394e-04 -4.6967e-04 -4.7550e-04 -4.8143e-04 -4.8743e-04 -4.9349e-04 -4.9959e-04 -5.0570e-04 
+0000.00000 -5.0638e-04 -5.0044e-04 -4.9450e-04 -4.8857e-04 -4.8268e-04 -4.7685e-04 -4.7110e-04 -4.6543e-04 -4.5988e-04 -4.5445e-04 -4.4917e-04 -4.4404e-04 -4.3909e-04 -4.3432e-04 -4.2976e-04 -4.2540e-04 -4.2127e-04 -4.1738e-04 -4.1372e-04 -4.1032e-04 -4.0719e-04 -4.0432e-04 -4.0173e-04 -3.9942e-04 -3.9740e-04 -3.9568e-04 -3.9426e-04 -3.9313e-04 -3.9232e-04 -3.9181e-04 -3.9160e-04 -3.9171e-04 -3.9213e-04 -3.9285e-04 -3.9388e-04 -3.9521e-04 -3.9684e-04 -3.9877e-04 -4.0100e-04 -4.0351e-04 -4.0630e-04 -4.0936e-04 -4.1270e-04 -4.1629e-04 -4.2013e-04 -4.2421e-04 -4.2853e-04 -4.3306e-04 -4.3780e-04 -4.4273e-04 -4.4785e-04 -4.5313e-04 -4.5856e-04 -4.6414e-04 -4.6983e-04 -4.7563e-04 -4.8151e-04 -4.8746e-04 -4.9346e-04 -4.9949e-04 -5.0553e-04 
-0000.00050 -5.0655e-04 -5.0054e-04 -4.9453e-04 -4.8855e-04 -4.8261e-04 -4.7673e-04 -4.7094e-04 -4.6524e-04 -4.5966e-04 -4.5420e-04 -4.4890e-04 -4.4376e-04 -4.3879e-04 -4.3401e-04 -4.2944e-04 -4.2508e-04 -4.2094e-04 -4.1704e-04 -4.1339e-04 -4.0999e-04 -4.0685e-04 -4.0398e-04 -4.0139e-04 -3.9909e-04 -3.9707e-04 -3.9535e-04 -3.9393e-04 -3.9280e-04 -3.9199e-04 -3.9148e-04 -3.9128e-04 -3.9138e-04 -3.9180e-04 -3.9252e-04 -3.9355e-04 -3.9488e-04 -3.9651e-04 -3.9844e-04 -4.0066e-04 -4.0317e-04 -4.0596e-04 -4.0903e-04 -4.1236e-04 -4.1595e-04 -4.1980e-04 -4.2389e-04 -4.2821e-04 -4.3275e-04 -4.3750e-04 -4.4245e-04 -4.4758e-04 -4.5288e-04 -4.5834e-04 -4.6394e-04 -4.6967e-04 -4.7551e-04 -4.8144e-04 -4.8744e-04 -4.9350e-04 -4.9959e-04 -5.0570e-04 
-0000.00100 -5.0705e-04 -5.0083e-04 -4.9462e-04 -4.8847e-04 -4.8237e-04 -4.7636e-04 -4.7045e-04 -4.6465e-04 -4.5898e-04 -4.5345e-04 -4.4809e-04 -4.4289e-04 -4.3788e-04 -4.3307e-04 -4.2847e-04 -4.2409e-04 -4.1994e-04 -4.1603e-04 -4.1237e-04 -4.0896e-04 -4.0583e-04 -4.0296e-04 -4.0038e-04 -3.9807e-04 -3.9606e-04 -3.9434e-04 -3.9293e-04 -3.9181e-04 -3.9099e-04 -3.9049e-04 -3.9028e-04 -3.9039e-04 -3.9080e-04 -3.9152e-04 -3.9255e-04 -3.9387e-04 -3.9550e-04 -3.9743e-04 -3.9965e-04 -4.0215e-04 -4.0494e-04 -4.0801e-04 -4.1135e-04 -4.1495e-04 -4.1880e-04 -4.2290e-04 -4.2724e-04 -4.3181e-04 -4.3659e-04 -4.4158e-04 -4.4677e-04 -4.5213e-04 -4.5767e-04 -4.6335e-04 -4.6918e-04 -4.7513e-04 -4.8120e-04 -4.8735e-04 -4.9358e-04 -4.9987e-04 -5.0620e-04 
-0000.00150 -5.0783e-04 -5.0124e-04 -4.9472e-04 -4.8827e-04 -4.8193e-04 -4.7570e-04 -4.6959e-04 -4.6362e-04 -4.5781e-04 -4.5216e-04 -4.4670e-04 -4.4142e-04 -4.3634e-04 -4.3148e-04 -4.2684e-04 -4.2242e-04 -4.1825e-04 -4.1433e-04 -4.1066e-04 -4.0726e-04 -4.0412e-04 -4.0126e-04 -3.9868e-04 -3.9639e-04 -3.9438e-04 -3.9268e-04 -3.9126e-04 -3.9015e-04 -3.8934e-04 -3.8884e-04 -3.8864e-04 -3.8875e-04 -3.8916e-04 -3.8987e-04 -3.9089e-04 -3.9221e-04 -3.9383e-04 -3.9575e-04 -3.9796e-04 -4.0046e-04 -4.0325e-04 -4.0632e-04 -4.0966e-04 -4.1326e-04 -4.1713e-04 -4.2126e-04 -4.2563e-04 -4.3024e-04 -4.3507e-04 -4.4013e-04 -4.4539e-04 -4.5086e-04 -4.5651e-04 -4.6234e-04 -4.6833e-04 -4.7448e-04 -4.8076e-04 -4.8716e-04 -4.9368e-04 -5.0028e-04 -5.0697e-04 
-0000.00200 -5.0877e-04 -5.0168e-04 -4.9472e-04 -4.8788e-04 -4.8119e-04 -4.7466e-04 -4.6829e-04 -4.6210e-04 -4.5610e-04 -4.5029e-04 -4.4469e-04 -4.3930e-04 -4.3414e-04 -4.2921e-04 -4.2451e-04 -4.2006e-04 -4.1587e-04 -4.1193e-04 -4.0826e-04 -4.0485e-04 -4.0172e-04 -3.9887e-04 -3.9631e-04 -3.9403e-04 -3.9204e-04 -3.9034e-04 -3.8894e-04 -3.8784e-04 -3.8704e-04 -3.8654e-04 -3.8634e-04 -3.8645e-04 -3.8686e-04 -3.8757e-04 -3.8858e-04 -3.8989e-04 -3.9150e-04 -3.9340e-04 -3.9560e-04 -3.9809e-04 -4.0086e-04 -4.0392e-04 -4.0726e-04 -4.1088e-04 -4.1476e-04 -4.1891e-04 -4.2332e-04 -4.2798e-04 -4.3289e-04 -4.3803e-04 -4.4341e-04 -4.4900e-04 -4.5482e-04 -4.6084e-04 -4.6705e-04 -4.7346e-04 -4.8004e-04 -4.8678e-04 -4.9369e-04 -5.0074e-04 -5.0792e-04 
# Total Vertical 2nd Order Kick [T2m2]
START
            -0000.01000 -0000.00967 -0000.00933 -0000.00900 -0000.00867 -0000.00833 -0000.00800 -0000.00767 -0000.00733 -0000.00700 -0000.00667 -0000.00633 -0000.00600 -0000.00567 -0000.00533 -0000.00500 -0000.00467 -0000.00433 -0000.00400 -0000.00367 -0000.00333 -0000.00300 -0000.00267 -0000.00233 -0000.00200 -0000.00167 -0000.00133 -0000.00100 -0000.00067 -0000.00033 +0000.00000 +0000.00033 +0000.00067 +0000.00100 +0000.00133 +0000.00167 +0000.00200 +0000.00233 +0000.00267 +0000.00300 +0000.00333 +0000.00367 +0000.00400 +0000.00433 +0000.00467 +0000.00500 +0000.00533 +0000.00567 +0000.00600 +0000.00633 +0000.00667 +0000.00700 +0000.00733 +0000.00767 +0000.00800 +0000.00833 +0000.00867 +0000.00900 +0000.00933 +0000.00967 +0000.01000 
+0000.00200 -6.0348e-05 -6.0833e-05 -6.1125e-05 -6.1234e-05 -6.1167e-05 -6.0935e-05 -6.0546e-05 -6.0008e-05 -5.9330e-05 -5.8520e-05 -5.7587e-05 -5.6537e-05 -5.5380e-05 -5.4122e-05 -5.2771e-05 -5.1334e-05 -4.9819e-05 -4.8233e-05 -4.6583e-05 -4.4874e-05 -4.3115e-05 -4.1310e-05 -3.9467e-05 -3.7592e-05 -3.5690e-05 -3.3768e-05 -3.1830e-05 -2.9883e-05 -2.7932e-05 -2.5982e-05 -2.4038e-05 -2.2105e-05 -2.0188e-05 -1.8291e-05 -1.6419e-05 -1.4575e-05 -1.2765e-05 -1.0991e-05 -9.2588e-06 -7.5707e-06 -5.9307e-06 -4.3419e-06 -2.8077e-06 -1.3311e-06 +8.5067e-08 +1.4380e-06 +2.7253e-06 +3.9443e-06 +5.0928e-06 +6.1688e-06 +7.1701e-06 +8.0951e-06 +8.9421e-06 +9.7096e-06 +1.0396e-05 +1.1001e-05 +1.1522e-05 +1.1959e-05 +1.2312e-05 +1.2579e-05 +1.2760e-05 
+0000.00150 -4.2467e-05 -4.2923e-05 -4.3228e-05 -4.3389e-05 -4.3412e-05 -4.3306e-05 -4.3075e-05 -4.2728e-05 -4.2271e-05 -4.1710e-05 -4.1052e-05 -4.0302e-05 -3.9466e-05 -3.8552e-05 -3.7564e-05 -3.6508e-05 -3.5390e-05 -3.4215e-05 -3.2990e-05 -3.1718e-05 -3.0405e-05 -2.9057e-05 -2.7677e-05 -2.6272e-05 -2.4845e-05 -2.3402e-05 -2.1946e-05 -2.0482e-05 -1.9014e-05 -1.7547e-05 -1.6084e-05 -1.4629e-05 -1.3186e-05 -1.1759e-05 -1.0350e-05 -8.9646e-06 -7.6048e-06 -6.2740e-06 -4.9754e-06 -3.7117e-06 -2.4860e-06 -1.3009e-06 -1.5894e-07 +9.3727e-07 +1.9854e-06 +2.9832e-06 +3.9285e-06 +4.8193e-06 +5.6537e-06 +6.4299e-06 +7.1462e-06 +7.8010e-06 +8.3929e-06 +8.9206e-06 +9.3828e-06 +9.7785e-06 +1.0107e-05 +1.0366e-05 +1.0557e-05 +1.0678e-05 +1.0728e-05 
+0000.00100 -2.7035e-05 -2.7383e-05 -2.7627e-05 -2.7773e-05 -2.7824e-05 -2.7785e-05 -2.7661e-05 -2.7457e-05 -2.7177e-05 -2.6825e-05 -2.6406e-05 -2.5924e-05 -2.5383e-05 -2.4787e-05 -2.4141e-05 -2.3447e-05 -2.2711e-05 -2.1935e-05 -2.1124e-05 -2.0281e-05 -1.9409e-05 -1.8513e-05 -1.7595e-05 -1.6659e-05 -1.5708e-05 -1.4745e-05 -1.3773e-05 -1.2796e-05 -1.1815e-05 -1.0835e-05 -9.8573e-06 -8.8851e-06 -7.9210e-06 -6.9675e-06 -6.0271e-06 -5.1020e-06 -4.1947e-06 -3.3074e-06 -2.4421e-06 -1.6010e-06 -7.8599e-07 +9.2915e-10 +7.5796e-07 +1.4834e-06 +2.1754e-06 +2.8326e-06 +3.4532e-06 +4.0360e-06 +4.5796e-06 +5.0825e-06 +5.5437e-06 +5.9620e-06 +6.3364e-06 +6.6658e-06 +6.9493e-06 +7.1862e-06 +7.3756e-06 +7.5170e-06 +7.6097e-06 +7.6532e-06 +7.6470e-06 
+0000.00050 -1.3141e-05 -1.3329e-05 -1.3464e-05 -1.3549e-05 -1.3585e-05 -1.3576e-05 -1.3523e-05 -1.3430e-05 -1.3298e-05 -1.3129e-05 -1.2926e-05 -1.2690e-05 -1.2425e-05 -1.2132e-05 -1.1812e-05 -1.1469e-05 -1.1104e-05 -1.0719e-05 -1.0315e-05 -9.8954e-06 -9.4610e-06 -9.0138e-06 -8.5555e-06 -8.0879e-06 -7.6125e-06 -7.1310e-06 -6.6450e-06 -6.1559e-06 -5.6652e-06 -5.1745e-06 -4.6851e-06 -4.1984e-06 -3.7158e-06 -3.2384e-06 -2.7677e-06 -2.3047e-06 -1.8508e-06 -1.4069e-06 -9.7433e-07 -5.5401e-07 -1.4701e-07 +2.4569e-07 +6.2315e-07 +9.8446e-07 +1.3287e-06 +1.6552e-06 +1.9630e-06 +2.2514e-06 +2.5197e-06 +2.7672e-06 +2.9933e-06 +3.1974e-06 +3.3789e-06 +3.5373e-06 +3.6722e-06 +3.7831e-06 +3.8695e-06 +3.9312e-06 +3.9678e-06 +3.9790e-06 +3.9646e-06 
+0000.00000 +9.9508e-09 +8.6651e-09 +7.4035e-09 +6.1678e-09 +4.9602e-09 +3.7823e-09 +2.6361e-09 +1.5231e-09 +4.4514e-10 -5.9628e-10 -1.5997e-09 -2.5635e-09 -3.4865e-09 -4.3673e-09 -5.2047e-09 -5.9975e-09 -6.7447e-09 -7.4451e-09 -8.0978e-09 -8.7020e-09 -9.2567e-09 -9.7613e-09 -1.0215e-08 -1.0617e-08 -1.0968e-08 -1.1265e-08 -1.1510e-08 -1.1702e-08 -1.1840e-08 -1.1924e-08 -1.1955e-08 -1.1932e-08 -1.1854e-08 -1.1723e-08 -1.1538e-08 -1.1299e-08 -1.1007e-08 -1.0663e-08 -1.0265e-08 -9.8162e-09 -9.3154e-09 -8.7637e-09 -8.1619e-09 -7.5106e-09 -6.8107e-09 -6.0631e-09 -5.2688e-09 -4.4287e-09 -3.5439e-09 -2.6157e-09 -1.6453e-09 -6.3393e-10 +4.1701e-10 +1.5061e-09 +2.6317e-09 +3.7924e-09 +4.9865e-09 +6.2123e-09 +7.4680e-09 +8.7517e-09 +1.0062e-08 
-0000.00050 +1.3161e-05 +1.3346e-05 +1.3478e-05 +1.3560e-05 +1.3595e-05 +1.3583e-05 +1.3528e-05 +1.3432e-05 +1.3298e-05 +1.3127e-05 +1.2922e-05 +1.2685e-05 +1.2418e-05 +1.2123e-05 +1.1802e-05 +1.1457e-05 +1.1090e-05 +1.0704e-05 +1.0299e-05 +9.8777e-06 +9.4423e-06 +8.9941e-06 +8.5349e-06 +8.0665e-06 +7.5904e-06 +7.1084e-06 +6.6218e-06 +6.1324e-06 +5.6415e-06 +5.1506e-06 +4.6611e-06 +4.1745e-06 +3.6920e-06 +3.2149e-06 +2.7445e-06 +2.2821e-06 +1.8287e-06 +1.3855e-06 +9.5372e-07 +5.3429e-07 +1.2829e-07 -2.6332e-07 -6.3958e-07 -9.9958e-07 -1.3425e-06 -1.6674e-06 -1.9736e-06 -2.2603e-06 -2.5269e-06 -2.7725e-06 -2.9967e-06 -3.1988e-06 -3.3782e-06 -3.5344e-06 -3.6670e-06 -3.7756e-06 -3.8596e-06 -3.9188e-06 -3.9529e-06 -3.9615e-06 -3.9444e-06 
-0000.00100 +2.7055e-05 +2.7400e-05 +2.7642e-05 +2.7785e-05 +2.7833e-05 +2.7792e-05 +2.7666e-05 +2.7459e-05 +2.7177e-05 +2.6823e-05 +2.6402e-05 +2.5918e-05 +2.5375e-05 +2.4778e-05 +2.4130e-05 +2.3435e-05 +2.2697e-05 +2.1920e-05 +2.1107e-05 +2.0263e-05 +1.9390e-05 +1.8493e-05 +1.7574e-05 +1.6637e-05 +1.5685e-05 +1.4722e-05 +1.3750e-05 +1.2772e-05 +1.1791e-05 +1.0811e-05 +9.8330e-06 +8.8609e-06 +7.8969e-06 +6.9437e-06 +6.0036e-06 +5.0790e-06 +4.1723e-06 +3.2856e-06 +2.4211e-06 +1.5809e-06 +7.6692e-07 -1.8915e-08 -7.7476e-07 -1.4989e-06 -2.1895e-06 -2.8452e-06 -3.4643e-06 -4.0454e-06 -4.5871e-06 -5.0882e-06 -5.5475e-06 -5.9638e-06 -6.3360e-06 -6.6631e-06 -6.9444e-06 -7.1789e-06 -7.3659e-06 -7.5047e-06 -7.5948e-06 -7.6356e-06 -7.6267e-06 
-0000.00150 +4.2487e-05 +4.2940e-05 +4.3242e-05 +4.3400e-05 +4.3421e-05 +4.3312e-05 +4.3080e-05 +4.2731e-05 +4.2271e-05 +4.1708e-05 +4.1047e-05 +4.0295e-05 +3.9458e-05 +3.8542e-05 +3.7552e-05 +3.6495e-05 +3.5376e-05 +3.4200e-05 +3.2973e-05 +3.1700e-05 +3.0386e-05 +2.9036e-05 +2.7656e-05 +2.6250e-05 +2.4823e-05 +2.3378e-05 +2.1922e-05 +2.0458e-05 +1.8990e-05 +1.7522e-05 +1.6059e-05 +1.4604e-05 +1.3161e-05 +1.1734e-05 +1.0326e-05 +8.9411e-06 +7.5819e-06 +6.2518e-06 +4.9538e-06 +3.6911e-06 +2.4663e-06 +1.2822e-06 +1.4151e-07 -9.5343e-07 -2.0002e-06 -2.9965e-06 -3.9402e-06 -4.8293e-06 -5.6620e-06 -6.4363e-06 -7.1506e-06 -7.8033e-06 -8.3931e-06 -8.9185e-06 -9.3784e-06 -9.7716e-06 -1.0097e-05 -1.0354e-05 -1.0542e-05 -1.0660e-05 -1.0708e-05 
-0000.00200 +6.0368e-05 +6.0850e-05 +6.1139e-05 +6.1245e-05 +6.1176e-05 +6.0941e-05 +6.0549e-05 +6.0009e-05 +5.9329e-05 +5.8517e-05 +5.7581e-05 +5.6530e-05 +5.5370e-05 +5.4111e-05 +5.2758e-05 +5.1320e-05 +4.9804e-05 +4.8216e-05 +4.6565e-05 +4.4855e-05 +4.3094e-05 +4.1289e-05 +3.9445e-05 +3.7569e-05 +3.5667e-05 +3.3744e-05 +3.1806e-05 +2.9859e-05 +2.7907e-05 +2.5957e-05 +2.4013e-05 +2.2080e-05 +2.0163e-05 +1.8266e-05 +1.6394e-05 +1.4551e-05 +1.2741e-05 +1.0968e-05 +9.2365e-06 +7.5493e-06 +5.9102e-06 +4.3225e-06 +2.7894e-06 +1.3140e-06 -1.0081e-07 -1.4523e-06 -2.7380e-06 -3.9553e-06 -5.1021e-06 -6.1761e-06 -7.1755e-06 -8.0984e-06 -8.9431e-06 -9.7082e-06 -1.0392e-05 -1.0994e-05 -1.1513e-05 -1.1947e-05 -1.2297e-05 -1.2561e-05 -1.2739e-05 
# Horizontal Final Position [m]
START
            -0000.01000 -0000.00967 -0000.00933 -0000.00900 -0000.00867 -0000.00833 -0000.00800 -0000.00767 -0000.00733 -0000.00700 -0000.00667 -0000.00633 -0000.00600 -0000.00567 -0000.00533 -0000.00500 -0000.00467 -0000.00433 -0000.00400 -0000.00367 -0000.00333 -0000.00300 -0000.00267 -0000.00233 -0000.00200 -0000.00167 -0000.00133 -0000.00100 -0000.00067 -0000.00033 +0000.00000 +0000.00033 +0000.00067 +0000.00100 +0000.00133 +0000.00167 +0000.00200 +0000.00233 +0000.00267 +0000.00300 +0000.00333 +0000.00367 +0000.00400 +0000.00433 +0000.00467 +0000.00500 +0000.00533 +0000.00567 +0000.00600 +0000.00633 +0000.00667 +0000.00700 +0000.00733 +0000.00767 +0000.00800 +0000.00833 +0000.00867 +0000.00900 +0000.00933 +0000.00967 +0000.01000 
+0000.00200 -1.0003e-02 -9.6694e-03 -9.3361e-03 -9.0029e-03 -8.6696e-03 -8.3363e-03 -8.0030e-03 -7.6697e-03 -7.3364e-03 -7.0032e-03 -6.6699e-03 -6.3366e-03 -6.0033e-03 -5.6700e-03 -5.3367e-03 -5.0034e-03 -4.6700e-03 -4.3367e-03 -4.0034e-03 -3.6701e-03 -3.3368e-03 -3.0035e-03 -2.6701e-03 -2.3368e-03 -2.0035e-03 -1.6702e-03 -1.3368e-03 -1.0035e-03 -6.7016e-04 -3.3682e-04 -3.4806e-06 +3.2986e-04 +6.6320e-04 +9.9655e-04 +1.3299e-03 +1.6632e-03 +1.9966e-03 +2.3299e-03 +2.6633e-03 +2.9966e-03 +3.3300e-03 +3.6633e-03 +3.9967e-03 +4.3300e-03 +4.6634e-03 +4.9967e-03 +5.3301e-03 +5.6634e-03 +5.9968e-03 +6.3301e-03 +6.6635e-03 +6.9968e-03 +7.3301e-03 +7.6635e-03 +7.9968e-03 +8.3301e-03 +8.6635e-03 +8.9968e-03 +9.3301e-03 +9.6634e-03 +9.9967e-03 
+0000.00150 -1.0003e-02 -9.6694e-03 -9.3361e-03 -9.0029e-03 -8.6696e-03 -8.3363e-03 -8.0030e-03 -7.6697e-03 -7.3364e-03 -7.0032e-03 -6.6699e-03 -6.3366e-03 -6.0033e-03 -5.6700e-03 -5.3367e-03 -5.0034e-03 -4.6700e-03 -4.3367e-03 -4.0034e-03 -3.6701e-03 -3.3368e-03 -3.0035e-03 -2.6701e-03 -2.3368e-03 -2.0035e-03 -1.6702e-03 -1.3368e-03 -1.0035e-03 -6.7015e-04 -3.3682e-04 -3.4753e-06 +3.2987e-04 +6.6321e-04 +9.9655e-04 +1.3299e-03 +1.6632e-03 +1.9966e-03 +2.3299e-03 +2.6633e-03 +2.9966e-03 +3.3300e-03 +3.6633e-03 +3.9967e-03 +4.3300e-03 +4.6634e-03 +4.9967e-03 +5.3301e-03 +5.6634e-03 +5.9968e-03 +6.3301e-03 +6.6635e-03 +6.9968e-03 +7.3301e-03 +7.6635e-03 +7.9968e-03 +8.3301e-03 +8.6635e-03 +8.9968e-03 +9.3301e-03 +9.6634e-03 +9.9967e-03 
+0000.00100 -1.0003e-02 -9.6694e-03 -9.3361e-03 -9.0029e-03 -8.6696e-03 -8.3363e-03 -8.0030e-03 -7.6697e-03 -7.3364e-03 -7.0032e-03 -6.6699e-03 -6.3366e-03 -6.0033e-03 -5.6700e-03 -5.3367e-03 -5.0034e-03 -4.6700e-03 -4.3367e-03 -4.0034e-03 -3.6701e-03 -3.3368e-03 -3.0035e-03 -2.6701e-03 -2.3368e-03 -2.0035e-03 -1.6702e-03 -1.3368e-03 -1.0035e-03 -6.7015e-04 -3.3682e-04 -3.4752e-06 +3.2987e-04 +6.6321e-04 +9.9655e-04 +1.3299e-03 +1.6632e-03 +1.9966e-03 +2.3299e-03 +2.6633e-03 +2.9966e-03 +3.3300e-03 +3.6633e-03 +3.9967e-03 +4.3300e-03 +4.6634e-03 +4.9967e-03 +5.3301e-03 +5.6634e-03 +5.9968e-03 +6.3301e-03 +6.6635e-03 +6.9968e-03 +7.3301e-03 +7.6635e-03 +7.9968e-03 +8.3301e-03 +8.6635e-03 +8.9968e-03 +9.3301e-03 +9.6634e-03 +9.9967e-03 
+0000.00050 -1.0003e-02 -9.6694e-03 -9.3361e-03 -9.0029e-03 -8.6696e-03 -8.3363e-03 -8.0030e-03 -7.6697e-03 -7.3364e-03 -7.0032e-03 -6.6699e-03 -6.3366e-03 -6.0033e-03 -5.6700e-03 -5.3367e-03 -5.0034e-03 -4.6700e-03 -4.3367e-03 -4.0034e-03 -3.6701e-03 -3.3368e-03 -3.0035e-03 -2.6701e-03 -2.3368e-03 -2.0035e-03 -1.6702e-03 -1.3368e-03 -1.0035e-03 -6.7015e-04 -3.3681e-04 -3.4751e-06 +3.2987e-04 +6.6321e-04 +9.9655e-04 +1.3299e-03 +1.6632e-03 +1.9966e-03 +2.3299e-03 +2.6633e-03 +2.9966e-03 +3.3300e-03 +3.6633e-03 +3.9967e-03 +4.3300e-03 +4.6634e-03 +4.9967e-03 +5.3301e-03 +5.6634e-03 +5.9968e-03 +6.3301e-03 +6.6635e-03 +6.9968e-03 +7.3301e-03 +7.6635e-03 +7.9968e-03 +8.3301e-03 +8.6635e-03 +8.9968e-03 +9.3301e-03 +9.6634e-03 +9.9967e-03 
+0000.00000 -1.0003e-02 -9.6694e-03 -9.3361e-03 -9.0029e-03 -8.6696e-03 -8.3363e-03 -8.0030e-03 -7.6697e-03 -7.3364e-03 -7.0032e-03 -6.6699e-03 -6.3366e-03 -6.0033e-03 -5.6700e-03 -5.3367e-03 -5.0034e-03 -4.6700e-03 -4.3367e-03 -4.0034e-03 -3.6701e-03 -3.3368e-03 -3.0035e-03 -2.6701e-03 -2.3368e-03 -2.0035e-03 -1.6702e-03 -1.3368e-03 -1.0035e-03 -6.7015e-04 -3.3681e-04 -3.4751e-06 +3.2987e-04 +6.6321e-04 +9.9655e-04 +1.3299e-03 +1.6632e-03 +1.9966e-03 +2.3299e-03 +2.6633e-03 +2.9966e-03 +3.3300e-03 +3.6633e-03 +3.9967e-03 +4.3300e-03 +4.6634e-03 +4.9967e-03 +5.3301e-03 +5.6634e-03 +5.9968e-03 +6.3301e-03 +6.6635e-03 +6.9968e-03 +7.3301e-03 +7.6635e-03 +7.9968e-03 +8.3301e-03 +8.6635e-03 +8.9968e-03 +9.3301e-03 +9.6634e-03 +9.9967e-03 
-0000.00050 -1.0003e-02 -9.6694e-03 -9.3361e-03 -9.0029e-03 -8.6696e-03 -8.3363e-03 -8.0030e-03 -7.6697e-03 -7.3364e-03 -7.0032e-03 -6.6699e-03 -6.3366e-03 -6.0033e-03 -5.6700e-03 -5.3367e-03 -5.0034e-03 -4.6700e-03 -4.3367e-03 -4.0034e-03 -3.6701e-03 -3.3368e-03 -3.0035e-03 -2.6701e-03 -2.3368e-03 -2.0035e-03 -1.6702e-03 -1.3368e-03 -1.0035e-03 -6.7015e-04 -3.3681e-04 -3.4751e-06 +3.2987e-04 +6.6321e-04 +9.9655e-04 +1.3299e-03 +1.6632e-03 +1.9966e-03 +2.3299e-03 +2.6633e-03 +2.9966e-03 +3.3300e-03 +3.6633e-03 +3.9967e-03 +4.3300e-03 +4.6634e-03 +4.9967e-03 +5.3301e-03 +5.6634e-03 +5.9968e-03 +6.3301e-03 +6.6635e-03 +6.9968e-03 +7.3301e-03 +7.6635e-03 +7.9968e-03 +8.3301e-03 +8.6635e-03 +8.9968e-03 +9.3301e-03 +9.6634e-03 +9.9967e-03 
-0000.00100 -1.0003e-02 -9.6694e-03 -9.3361e-03 -9.0029e-03 -8.6696e-03 -8.3363e-03 -8.0030e-03 -7.6697e-03 -7.3364e-03 -7.0032e-03 -6.6699e-03 -6.3366e-03 -6.0033e-03 -5.6700e-03 -5.3367e-03 -5.0034e-03 -4.6700e-03 -4.3367e-03 -4.0034e-03 -3.6701e-03 -3.3368e-03 -3.0035e-03 -2.6701e-03 -2.3368e-03 -2.0035e-03 -1.6702e-03 -1.3368e-03 -1.0035e-03 -6.7015e-04 -3.3682e-04 -3.4752e-06 +3.2987e-04 +6.6321e-04 +9.9655e-04 +1.3299e-03 +1.6632e-03 +1.9966e-03 +2.3299e-03 +2.6633e-03 +2.9966e-03 +3.3300e-03 +3.6633e-03 +3.9967e-03 +4.3300e-03 +4.6634e-03 +4.9967e-03 +5.3301e-03 +5.6634e-03 +5.9968e-03 +6.3301e-03 +6.6635e-03 +6.9968e-03 +7.3301e-03 +7.6635e-03 +7.9968e-03 +8.3301e-03 +8.6635e-03 +8.9968e-03 +9.3301e-03 +9.6634e-03 +9.9967e-03 
-0000.00150 -1.0003e-02 -9.6694e-03 -9.3361e-03 -9.0029e-03 -8.6696e-03 -8.3363e-03 -8.0030e-03 -7.6697e-03 -7.3364e-03 -7.0032e-03 -6.6699e-03 -6.3366e-03 -6.0033e-03 -5.6700e-03 -5.3367e-03 -5.0034e-03 -4.6700e-03 -4.3367e-03 -4.0034e-03 -3.6701e-03 -3.3368e-03 -3.0035e-03 -2.6701e-03 -2.3368e-03 -2.0035e-03 -1.6702e-03 -1.3368e-03 -1.0035e-03 -6.7015e-04 -3.3682e-04 -3.4753e-06 +3.2987e-04 +6.6321e-04 +9.9655e-04 +1.3299e-03 +1.6632e-03 +1.9966e-03 +2.3299e-03 +2.6633e-03 +2.9966e-03 +3.3300e-03 +3.6633e-03 +3.9967e-03 +4.3300e-03 +4.6634e-03 +4.9967e-03 +5.3301e-03 +5.6634e-03 +5.9968e-03 +6.3301e-03 +6.6635e-03 +6.9968e-03 +7.3301e-03 +7.6635e-03 +7.9968e-03 +8.3301e-03 +8.6635e-03 +8.9968e-03 +9.3301e-03 +9.6634e-03 +9.9967e-03 
-0000.00200 -1.0003e-02 -9.6694e-03 -9.3361e-03 -9.0029e-03 -8.6696e-03 -8.3363e-03 -8.0030e-03 -7.6697e-03 -7.3364e-03 -7.0032e-03 -6.6699e-03 -6.3366e-03 -6.0033e-03 -5.6700e-03 -5.3367e-03 -5.0034e-03 -4.6700e-03 -4.3367e-03 -4.0034e-03 -3.6701e-03 -3.3368e-03 -3.0035e-03 -2.6701e-03 -2.3368e-03 -2.0035e-03 -1.6702e-03 -1.3368e-03 -1.0035e-03 -6.7016e-04 -3.3682e-04 -3.4806e-06 +3.2986e-04 +6.6320e-04 +9.9655e-04 +1.3299e-03 +1.6632e-03 +1.9966e-03 +2.3299e-03 +2.6633e-03 +2.9966e-03 +3.3300e-03 +3.6633e-03 +3.9967e-03 +4.3300e-03 +4.6634e-03 +4.9967e-03 +5.3301e-03 +5.6634e-03 +5.9968e-03 +6.3301e-03 +6.6635e-03 +6.9968e-03 +7.3301e-03 +7.6635e-03 +7.9968e-03 +8.3301e-03 +8.6635e-03 +8.9968e-03 +9.3301e-03 +9.6634e-03 +9.9967e-03 
# Vertical Final Position [m]
START
            -0000.01000 -0000.00967 -0000.00933 -0000.00900 -0000.00867 -0000.00833 -0000.00800 -0000.00767 -0000.00733 -0000.00700 -0000.00667 -0000.00633 -0000.00600 -0000.00567 -0000.00533 -0000.00500 -0000.00467 -0000.00433 -0000.00400 -0000.00367 -0000.00333 -0000.00300 -0000.00267 -0000.00233 -0000.00200 -0000.00167 -0000.00133 -0000.00100 -0000.00067 -0000.00033 +0000.00000 +0000.00033 +0000.00067 +0000.00100 +0000.00133 +0000.00167 +0000.00200 +0000.00233 +0000.00267 +0000.00300 +0000.00333 +0000.00367 +0000.00400 +0000.00433 +0000.00467 +0000.00500 +0000.00533 +0000.00567 +0000.00600 +0000.00633 +0000.00667 +0000.00700 +0000.00733 +0000.00767 +0000.00800 +0000.00833 +0000.00867 +0000.00900 +0000.00933 +0000.00967 +0000.01000 
+0000.00200 +2.0002e-03 +2.0002e-03 +2.0002e-03 +2.0002e-03 +2.0002e-03 +2.0002e-03 +2.0002e-03 +2.0002e-03 +2.0002e-03 +2.0001e-03 +2.0001e-03 +2.0001e-03 +2.0001e-03 +2.0001e-03 +2.0001e-03 +2.0001e-03 +2.0001e-03 +2.0001e-03 +2.0001e-03 +2.0001e-03 +2.0001e-03 +2.0001e-03 +2.0000e-03 +2.0000e-03 +2.0000e-03 +2.0000e-03 +2.0000e-03 +2.0000e-03 +2.0000e-03 +2.0000e-03 +2.0000e-03 +2.0000e-03 +2.0000e-03 +1.9999e-03 +1.9999e-03 +1.9999e-03 +1.9999e-03 +1.9999e-03 +1.9999e-03 +1.9999e-03 +1.9999e-03 +1.9999e-03 +1.9999e-03 +1.9999e-03 +1.9999e-03 +1.9999e-03 +1.9998e-03 +1.9998e-03 +1.9998e-03 +1.9998e-03 +1.9998e-03 +1.9998e-03 +1.9998e-03 +1.9998e-03 +1.9998e-03 +1.9998e-03 +1.9998e-03 +1.9998e-03 +1.9998e-03 +1.9998e-03 +1.9998e-03 
+0000.00150 +1.5001e-03 +1.5001e-03 +1.5001e-03 +1.5001e-03 +1.5001e-03 +1.5001e-03 +1.5001e-03 +1.5001e-03 +1.5001e-03 +1.5001e-03 +1.5001e-03 +1.5001e-03 +1.5001e-03 +1.5001e-03 +1.5001e-03 +1.5001e-03 +1.5001e-03 +1.5001e-03 +1.5001e-03 +1.5001e-03 +1.5001e-03 +1.5000e-03 +1.5000e-03 +1.5000e-03 +1.5000e-03 +1.5000e-03 +1.5000e-03 +1.5000e-03 +1.5000e-03 +1.5000e-03 +1.5000e-03 +1.5000e-03 +1.5000e-03 +1.5000e-03 +1.5000e-03 +1.5000e-03 +1.5000e-03 +1.4999e-03 +1.4999e-03 +1.4999e-03 +1.4999e-03 +1.4999e-03 +1.4999e-03 +1.4999e-03 +1.4999e-03 +1.4999e-03 +1.4999e-03 +1.4999e-03 +1.4999e-03 +1.4999e-03 +1.4999e-03 +1.4999e-03 +1.4999e-03 +1.4998e-03 +1.4998e-03 +1.4998e-03 +1.4998e-03 +1.4998e-03 +1.4998e-03 +1.4998e-03 +1.4998e-03 
+0000.00100 +1.0001e-03 +1.0001e-03 +1.0001e-03 +1.0001e-03 +1.0001e-03 +1.0001e-03 +1.0001e-03 +1.0001e-03 +1.0001e-03 +1.0001e-03 +1.0001e-03 +1.0001e-03 +1.0001e-03 +1.0001e-03 +1.0001e-03 +1.0001e-03 +1.0001e-03 +1.0001e-03 +1.0000e-03 +1.0000e-03 +1.0000e-03 +1.0000e-03 +1.0000e-03 +1.0000e-03 +1.0000e-03 +1.0000e-03 +9.9999e-04 +9.9999e-04 +9.9998e-04 +9.9998e-04 +9.9997e-04 +9.9997e-04 +9.9996e-04 +9.9996e-04 +9.9995e-04 +9.9995e-04 +9.9995e-04 +9.9995e-04 +9.9994e-04 +9.9994e-04 +9.9994e-04 +9.9994e-04 +9.9994e-04 +9.9993e-04 +9.9993e-04 +9.9993e-04 +9.9993e-04 +9.9993e-04 +9.9993e-04 +9.9993e-04 +9.9993e-04 +9.9993e-04 +9.9992e-04 +9.9992e-04 +9.9992e-04 +9.9992e-04 +9.9991e-04 +9.9991e-04 +9.9990e-04 +9.9990e-04 +9.9989e-04 
+0000.00050 +5.0004e-04 +5.0004e-04 +5.0004e-04 +5.0004e-04 +5.0004e-04 +5.0004e-04 +5.0004e-04 +5.0004e-04 +5.0004e-04 +5.0003e-04 +5.0003e-04 +5.0003e-04 +5.0003e-04 +5.0003e-04 +5.0003e-04 +5.0003e-04 +5.0002e-04 +5.0002e-04 +5.0002e-04 +5.0002e-04 +5.0002e-04 +5.0001e-04 +5.0001e-04 +5.0001e-04 +5.0001e-04 +5.0001e-04 +5.0000e-04 +5.0000e-04 +5.0000e-04 +5.0000e-04 +4.9999e-04 +4.9999e-04 +4.9999e-04 +4.9999e-04 +4.9999e-04 +4.9998e-04 +4.9998e-04 +4.9998e-04 +4.9998e-04 +4.9998e-04 +4.9997e-04 +4.9997e-04 +4.9997e-04 +4.9997e-04 +4.9997e-04 +4.9997e-04 +4.9996e-04 +4.9996e-04 +4.9996e-04 +4.9996e-04 +4.9996e-04 +4.9996e-04 +4.9996e-04 +4.9996e-04 +4.9995e-04 +4.9995e-04 +4.9995e-04 +4.9995e-04 +4.9995e-04 +4.9995e-04 +4.9995e-04 
+0000.00000 +4.2977e-11 +4.1794e-11 +4.0590e-11 +3.9371e-11 +3.8143e-11 +3.6913e-11 +3.5685e-11 +3.4466e-11 +3.3260e-11 +3.2072e-11 +3.0908e-11 +2.9772e-11 +2.8667e-11 +2.7599e-11 +2.6571e-11 +2.5586e-11 +2.4649e-11 +2.3762e-11 +2.2929e-11 +2.2151e-11 +2.1433e-11 +2.0775e-11 +2.0181e-11 +1.9651e-11 +1.9189e-11 +1.8794e-11 +1.8469e-11 +1.8215e-11 +1.8031e-11 +1.7920e-11 +1.7881e-11 +1.7914e-11 +1.8019e-11 +1.8196e-11 +1.8445e-11 +1.8764e-11 +1.9153e-11 +1.9610e-11 +2.0135e-11 +2.0725e-11 +2.1379e-11 +2.2094e-11 +2.2868e-11 +2.3699e-11 +2.4585e-11 +2.5521e-11 +2.6505e-11 +2.7534e-11 +2.8603e-11 +2.9710e-11 +3.0850e-11 +3.2018e-11 +3.3211e-11 +3.4423e-11 +3.5650e-11 +3.6886e-11 +3.8127e-11 +3.9366e-11 +4.0597e-11 +4.1816e-11 +4.3014e-11 
-0000.00050 -5.0004e-04 -5.0004e-04 -5.0004e-04 -5.0004e-04 -5.0004e-04 -5.0004e-04 -5.0004e-04 -5.0004e-04 -5.0004e-04 -5.0003e-04 -5.0003e-04 -5.0003e-04 -5.0003e-04 -5.0003e-04 -5.0003e-04 -5.0003e-04 -5.0002e-04 -5.0002e-04 -5.0002e-04 -5.0002e-04 -5.0002e-04 -5.0001e-04 -5.0001e-04 -5.0001e-04 -5.0001e-04 -5.0001e-04 -5.0000e-04 -5.0000e-04 -5.0000e-04 -5.0000e-04 -4.9999e-04 -4.9999e-04 -4.9999e-04 -4.9999e-04 -4.9999e-04 -4.9998e-04 -4.9998e-04 -4.9998e-04 -4.9998e-04 -4.9998e-04 -4.9997e-04 -4.9997e-04 -4.9997e-04 -4.9997e-04 -4.9997e-04 -4.9997e-04 -4.9996e-04 -4.9996e-04 -4.9996e-04 -4.9996e-04 -4.9996e-04 -4.9996e-04 -4.9996e-04 -4.9996e-04 -4.9995e-04 -4.9995e-04 -4.9995e-04 -4.9995e-04 -4.9995e-04 -4.9995e-04 -4.9995e-04 
-0000.00100 -1.0001e-03 -1.0001e-03 -1.0001e-03 -1.0001e-03 -1.0001e-03 -1.0001e-03 -1.0001e-03 -1.0001e-03 -1.0001e-03 -1.0001e-03 -1.0001e-03 -1.0001e-03 -1.0001e-03 -1.0001e-03 -1.0001e-03 -1.0001e-03 -1.0001e-03 -1.0001e-03 -1.0000e-03 -1.0000e-03 -1.0000e-03 -1.0000e-03 -1.0000e-03 -1.0000e-03 -1.0000e-03 -1.0000e-03 -9.9999e-04 -9.9999e-04 -9.9998e-04 -9.9998e-04 -9.9997e-04 -9.9997e-04 -9.9996e-04 -9.9996e-04 -9.9995e-04 -9.9995e-04 -9.9995e-04 -9.9995e-04 -9.9994e-04 -9.9994e-04 -9.9994e-04 -9.9994e-04 -9.9994e-04 -9.9993e-04 -9.9993e-04 -9.9993e-04 -9.9993e-04 -9.9993e-04 -9.9993e-04 -9.9993e-04 -9.9993e-04 -9.9993e-04 -9.9992e-04 -9.9992e-04 -9.9992e-04 -9.9992e-04 -9.9991e-04 -9.9991e-04 -9.9990e-04 -9.9990e-04 -9.9989e-04 
-0000.00150 -1.5001e-03 -1.5001e-03 -1.5001e-03 -1.5001e-03 -1.5001e-03 -1.5001e-03 -1.5001e-03 -1.5001e-03 -1.5001e-03 -1.5001e-03 -1.5001e-03 -1.5001e-03 -1.5001e-03 -1.5001e-03 -1.5001e-03 -1.5001e-03 -1.5001e-03 -1.5001e-03 -1.5001e-03 -1.5001e-03 -1.5001e-03 -1.5000e-03 -1.5000e-03 -1.5000e-03 -1.5000e-03 -1.5000e-03 -1.5000e-03 -1.5000e-03 -1.5000e-03 -1.5000e-03 -1.5000e-03 -1.5000e-03 -1.5000e-03 -1.5000e-03 -1.5000e-03 -1.5000e-03 -1.5000e-03 -1.4999e-03 -1.4999e-03 -1.4999e-03 -1.4999e-03 -1.4999e-03 -1.4999e-03 -1.4999e-03 -1.4999e-03 -1.4999e-03 -1.4999e-03 -1.4999e-03 -1.4999e-03 -1.4999e-03 -1.4999e-03 -1.4999e-03 -1.4999e-03 -1.4998e-03 -1.4998e-03 -1.4998e-03 -1.4998e-03 -1.4998e-03 -1.4998e-03 -1.4998e-03 -1.4998e-03 
-0000.00200 -2.0002e-03 -2.0002e-03 -2.0002e-03 -2.0002e-03 -2.0002e-03 -2.0002e-03 -2.0002e-03 -2.0002e-03 -2.0002e-03 -2.0001e-03 -2.0001e-03 -2.0001e-03 -2.0001e-03 -2.0001e-03 -2.0001e-03 -2.0001e-03 -2.0001e-03 -2.0001e-03 -2.0001e-03 -2.0001e-03 -2.0001e-03 -2.0001e-03 -2.0000e-03 -2.0000e-03 -2.0000e-03 -2.0000e-03 -2.0000e-03 -2.0000e-03 -2.0000e-03 -2.0000e-03 -2.0000e-03 -2.0000e-03 -2.0000e-03 -1.9999e-03 -1.9999e-03 -1.9999e-03 -1.9999e-03 -1.9999e-03 -1.9999e-03 -1.9999e-03 -1.9999e-03 -1.9999e-03 -1.9999e-03 -1.9999e-03 -1.9999e-03 -1.9999e-03 -1.9998e-03 -1.9998e-03 -1.9998e-03 -1.9998e-03 -1.9998e-03 -1.9998e-03 -1.9998e-03 -1.9998e-03 -1.9998e-03 -1.9998e-03 -1.9998e-03 -1.9998e-03 -1.9998e-03 -1.9998e-03 -1.9998e-03 