# Author: FAC idanalysis.IDKickMap
# Termination_kicks [T2m2]: +0.0000e+00 +0.0000e+00 +0.0000e+00 +0.0000e+00 
# Total Length of Longitudinal Interval [m]
0.13
# Number of Horizontal Points
21
# Number of Vertical Points
7
# Total Horizontal 2nd Order Kick [T2m2]
START
            -0000.01000 -0000.00900 -0000.00800 -0000.00700 -0000.00600 -0000.00500 -0000.00400 -0000.00300 -0000.00200 -0000.00100 +0000.00000 +0000.00100 +0000.00200 +0000.00300 +0000.00400 +0000.00500 +0000.00600 +0000.00700 +0000.00800 +0000.00900 +0000.01000 
+0000.00205 +7.0924e-05 +6.4178e-05 +6.0551e-05 +5.9240e-05 +5.9537e-05 +6.0830e-05 +6.2602e-05 +6.4428e-05 +6.5983e-05 +6.7032e-05 +6.7439e-05 +6.7161e-05 +6.6251e-05 +6.4855e-05 +6.3216e-05 +6.1672e-05 +6.0656e-05 +6.0694e-05 +6.2409e-05 +6.6519e-05 +7.3835e-05 
+0000.00137 -1.0633e-04 -1.1022e-04 -1.1239e-04 -1.1327e-04 -1.1326e-04 -1.1268e-04 -1.1182e-04 -1.1091e-04 -1.1013e-04 -1.0961e-04 -1.0943e-04 -1.0960e-04 -1.1011e-04 -1.1087e-04 -1.1176e-04 -1.1259e-04 -1.1313e-04 -1.1310e-04 -1.1216e-04 -1.0992e-04 -1.0595e-04 
+0000.00068 -1.0764e-04 -1.1041e-04 -1.1196e-04 -1.1259e-04 -1.1258e-04 -1.1218e-04 -1.1157e-04 -1.1092e-04 -1.1036e-04 -1.0999e-04 -1.0985e-04 -1.0997e-04 -1.1033e-04 -1.1086e-04 -1.1149e-04 -1.1207e-04 -1.1245e-04 -1.1242e-04 -1.1175e-04 -1.1015e-04 -1.0733e-04 
+0000.00000 -1.0803e-04 -1.1048e-04 -1.1185e-04 -1.1241e-04 -1.1240e-04 -1.1204e-04 -1.1151e-04 -1.1093e-04 -1.1044e-04 -1.1011e-04 -1.0999e-04 -1.1010e-04 -1.1041e-04 -1.1088e-04 -1.1142e-04 -1.1193e-04 -1.1227e-04 -1.1224e-04 -1.1164e-04 -1.1023e-04 -1.0773e-04 
-0000.00068 -1.0764e-04 -1.1041e-04 -1.1196e-04 -1.1259e-04 -1.1259e-04 -1.1218e-04 -1.1157e-04 -1.1092e-04 -1.1036e-04 -1.0999e-04 -1.0985e-04 -1.0997e-04 -1.1032e-04 -1.1086e-04 -1.1148e-04 -1.1207e-04 -1.1245e-04 -1.1242e-04 -1.1175e-04 -1.1015e-04 -1.0733e-04 
-0000.00137 -1.0633e-04 -1.1022e-04 -1.1239e-04 -1.1327e-04 -1.1326e-04 -1.1268e-04 -1.1182e-04 -1.1091e-04 -1.1013e-04 -1.0961e-04 -1.0943e-04 -1.0960e-04 -1.1011e-04 -1.1087e-04 -1.1175e-04 -1.1259e-04 -1.1313e-04 -1.1310e-04 -1.1216e-04 -1.0992e-04 -1.0595e-04 
-0000.00205 +7.0917e-05 +6.4173e-05 +6.0547e-05 +5.9237e-05 +5.9536e-05 +6.0829e-05 +6.2601e-05 +6.4428e-05 +6.5982e-05 +6.7032e-05 +6.7438e-05 +6.7160e-05 +6.6249e-05 +6.4854e-05 +6.3215e-05 +6.1671e-05 +6.0655e-05 +6.0694e-05 +6.2410e-05 +6.6521e-05 +7.3840e-05 
# Total Vertical 2nd Order Kick [T2m2]
START
            -0000.01000 -0000.00900 -0000.00800 -0000.00700 -0000.00600 -0000.00500 -0000.00400 -0000.00300 -0000.00200 -0000.00100 +0000.00000 +0000.00100 +0000.00200 +0000.00300 +0000.00400 +0000.00500 +0000.00600 +0000.00700 +0000.00800 +0000.00900 +0000.01000 
+0000.00205 +7.0924e-05 +6.4178e-05 +6.0551e-05 +5.9240e-05 +5.9537e-05 +6.0830e-05 +6.2602e-05 +6.4428e-05 +6.5983e-05 +6.7032e-05 +6.7439e-05 +6.7161e-05 +6.6251e-05 +6.4855e-05 +6.3216e-05 +6.1672e-05 +6.0656e-05 +6.0694e-05 +6.2409e-05 +6.6519e-05 +7.3835e-05 
+0000.00137 +7.0924e-05 +6.4178e-05 +6.0551e-05 +5.9240e-05 +5.9537e-05 +6.0830e-05 +6.2602e-05 +6.4428e-05 +6.5983e-05 +6.7032e-05 +6.7439e-05 +6.7161e-05 +6.6251e-05 +6.4855e-05 +6.3216e-05 +6.1672e-05 +6.0656e-05 +6.0694e-05 +6.2409e-05 +6.6519e-05 +7.3835e-05 
+0000.00068 +7.0924e-05 +6.4178e-05 +6.0551e-05 +5.9240e-05 +5.9537e-05 +6.0830e-05 +6.2602e-05 +6.4428e-05 +6.5983e-05 +6.7032e-05 +6.7439e-05 +6.7161e-05 +6.6251e-05 +6.4855e-05 +6.3216e-05 +6.1672e-05 +6.0656e-05 +6.0694e-05 +6.2409e-05 +6.6519e-05 +7.3835e-05 
+0000.00000 +7.0924e-05 +6.4178e-05 +6.0551e-05 +5.9240e-05 +5.9537e-05 +6.0830e-05 +6.2602e-05 +6.4428e-05 +6.5983e-05 +6.7032e-05 +6.7439e-05 +6.7161e-05 +6.6251e-05 +6.4855e-05 +6.3216e-05 +6.1672e-05 +6.0656e-05 +6.0694e-05 +6.2409e-05 +6.6519e-05 +7.3835e-05 
-0000.00068 +7.0924e-05 +6.4178e-05 +6.0551e-05 +5.9240e-05 +5.9537e-05 +6.0830e-05 +6.2602e-05 +6.4428e-05 +6.5983e-05 +6.7032e-05 +6.7439e-05 +6.7161e-05 +6.6251e-05 +6.4855e-05 +6.3216e-05 +6.1672e-05 +6.0656e-05 +6.0694e-05 +6.2409e-05 +6.6519e-05 +7.3835e-05 
-0000.00137 +7.0924e-05 +6.4178e-05 +6.0551e-05 +5.9240e-05 +5.9537e-05 +6.0830e-05 +6.2602e-05 +6.4428e-05 +6.5983e-05 +6.7032e-05 +6.7439e-05 +6.7161e-05 +6.6251e-05 +6.4855e-05 +6.3216e-05 +6.1672e-05 +6.0656e-05 +6.0694e-05 +6.2409e-05 +6.6519e-05 +7.3835e-05 
-0000.00205 +7.0924e-05 +6.4178e-05 +6.0551e-05 +5.9240e-05 +5.9537e-05 +6.0830e-05 +6.2602e-05 +6.4428e-05 +6.5983e-05 +6.7032e-05 +6.7439e-05 +6.7161e-05 +6.6251e-05 +6.4855e-05 +6.3216e-05 +6.1672e-05 +6.0656e-05 +6.0694e-05 +6.2409e-05 +6.6519e-05 +7.3835e-05 
# Horizontal Final Position [m]
START
            -0000.01000 -0000.00900 -0000.00800 -0000.00700 -0000.00600 -0000.00500 -0000.00400 -0000.00300 -0000.00200 -0000.00100 +0000.00000 +0000.00100 +0000.00200 +0000.00300 +0000.00400 +0000.00500 +0000.00600 +0000.00700 +0000.00800 +0000.00900 +0000.01000 
+0000.00205 -9.9987e-03 -8.9988e-03 -7.9988e-03 -6.9988e-03 -5.9989e-03 -4.9989e-03 -3.9989e-03 -2.9989e-03 -1.9989e-03 -9.9892e-04 +1.0799e-06 +1.0011e-03 +2.0011e-03 +3.0011e-03 +4.0011e-03 +5.0011e-03 +6.0012e-03 +7.0012e-03 +8.0011e-03 +9.0011e-03 +1.0001e-02 
+0000.00137 -9.9998e-03 -8.9998e-03 -7.9999e-03 -6.9999e-03 -5.9999e-03 -4.9999e-03 -4.0000e-03 -3.0000e-03 -2.0000e-03 -1.0000e-03 -1.0517e-08 +1.0000e-03 +2.0000e-03 +3.0000e-03 +4.0001e-03 +5.0001e-03 +6.0001e-03 +7.0001e-03 +8.0001e-03 +9.0001e-03 +1.0000e-02 
+0000.00068 -9.9998e-03 -8.9998e-03 -7.9998e-03 -6.9999e-03 -5.9999e-03 -4.9999e-03 -4.0000e-03 -3.0000e-03 -2.0000e-03 -1.0000e-03 -1.1379e-08 +1.0000e-03 +2.0000e-03 +3.0000e-03 +4.0001e-03 +5.0001e-03 +6.0001e-03 +7.0001e-03 +8.0001e-03 +9.0001e-03 +1.0000e-02 
+0000.00000 -9.9998e-03 -8.9998e-03 -7.9998e-03 -6.9999e-03 -5.9999e-03 -4.9999e-03 -4.0000e-03 -3.0000e-03 -2.0000e-03 -1.0000e-03 -1.1613e-08 +1.0000e-03 +2.0000e-03 +3.0000e-03 +4.0001e-03 +5.0001e-03 +6.0001e-03 +7.0001e-03 +8.0001e-03 +9.0001e-03 +1.0000e-02 
-0000.00068 -9.9998e-03 -8.9998e-03 -7.9998e-03 -6.9999e-03 -5.9999e-03 -4.9999e-03 -4.0000e-03 -3.0000e-03 -2.0000e-03 -1.0000e-03 -1.1379e-08 +1.0000e-03 +2.0000e-03 +3.0000e-03 +4.0001e-03 +5.0001e-03 +6.0001e-03 +7.0001e-03 +8.0001e-03 +9.0001e-03 +1.0000e-02 
-0000.00137 -9.9998e-03 -8.9998e-03 -7.9999e-03 -6.9999e-03 -5.9999e-03 -4.9999e-03 -4.0000e-03 -3.0000e-03 -2.0000e-03 -1.0000e-03 -1.0517e-08 +1.0000e-03 +2.0000e-03 +3.0000e-03 +4.0001e-03 +5.0001e-03 +6.0001e-03 +7.0001e-03 +8.0001e-03 +9.0001e-03 +1.0000e-02 
-0000.00205 -9.9987e-03 -8.9988e-03 -7.9988e-03 -6.9988e-03 -5.9989e-03 -4.9989e-03 -3.9989e-03 -2.9989e-03 -1.9989e-03 -9.9892e-04 +1.0799e-06 +1.0011e-03 +2.0011e-03 +3.0011e-03 +4.0011e-03 +5.0011e-03 +6.0012e-03 +7.0012e-03 +8.0011e-03 +9.0011e-03 +1.0001e-02 
# Vertical Final Position [m]
START
            -0000.01000 -0000.00900 -0000.00800 -0000.00700 -0000.00600 -0000.00500 -0000.00400 -0000.00300 -0000.00200 -0000.00100 +0000.00000 +0000.00100 +0000.00200 +0000.00300 +0000.00400 +0000.00500 +0000.00600 +0000.00700 +0000.00800 +0000.00900 +0000.01000 
+0000.00205 +2.0499e-03 +2.0498e-03 +2.0498e-03 +2.0498e-03 +2.0498e-03 +2.0498e-03 +2.0498e-03 +2.0498e-03 +2.0498e-03 +2.0498e-03 +2.0498e-03 +2.0498e-03 +2.0498e-03 +2.0497e-03 +2.0497e-03 +2.0497e-03 +2.0497e-03 +2.0497e-03 +2.0497e-03 +2.0497e-03 +2.0497e-03 
+0000.00137 +1.3666e-03 +1.3666e-03 +1.3666e-03 +1.3666e-03 +1.3666e-03 +1.3666e-03 +1.3666e-03 +1.3666e-03 +1.3665e-03 +1.3665e-03 +1.3665e-03 +1.3665e-03 +1.3665e-03 +1.3665e-03 +1.3665e-03 +1.3665e-03 +1.3665e-03 +1.3665e-03 +1.3665e-03 +1.3665e-03 +1.3665e-03 
+0000.00068 +6.8331e-04 +6.8330e-04 +6.8330e-04 +6.8330e-04 +6.8329e-04 +6.8329e-04 +6.8329e-04 +6.8328e-04 +6.8328e-04 +6.8328e-04 +6.8328e-04 +6.8327e-04 +6.8327e-04 +6.8327e-04 +6.8326e-04 +6.8326e-04 +6.8326e-04 +6.8325e-04 +6.8325e-04 +6.8325e-04 +6.8324e-04 
+0000.00000 -4.3066e-11 -4.3193e-11 -4.3568e-11 -4.4100e-11 -4.4711e-11 -4.5333e-11 -4.5909e-11 -4.6393e-11 -4.6748e-11 -4.6952e-11 -4.6988e-11 -4.6855e-11 -4.6560e-11 -4.6121e-11 -4.5568e-11 -4.4941e-11 -4.4290e-11 -4.3676e-11 -4.3174e-11 -4.2865e-11 -4.2843e-11 
-0000.00068 -6.8331e-04 -6.8330e-04 -6.8330e-04 -6.8330e-04 -6.8329e-04 -6.8329e-04 -6.8329e-04 -6.8328e-04 -6.8328e-04 -6.8328e-04 -6.8328e-04 -6.8327e-04 -6.8327e-04 -6.8327e-04 -6.8327e-04 -6.8326e-04 -6.8326e-04 -6.8326e-04 -6.8325e-04 -6.8325e-04 -6.8324e-04 
-0000.00137 -1.3666e-03 -1.3666e-03 -1.3666e-03 -1.3666e-03 -1.3666e-03 -1.3666e-03 -1.3666e-03 -1.3666e-03 -1.3665e-03 -1.3665e-03 -1.3665e-03 -1.3665e-03 -1.3665e-03 -1.3665e-03 -1.3665e-03 -1.3665e-03 -1.3665e-03 -1.3665e-03 -1.3665e-03 -1.3665e-03 -1.3665e-03 
-0000.00205 -2.0499e-03 -2.0498e-03 -2.0498e-03 -2.0498e-03 -2.0498e-03 -2.0498e-03 -2.0498e-03 -2.0498e-03 -2.0498e-03 -2.0498e-03 -2.0498e-03 -2.0498e-03 -2.0498e-03 -2.0497e-03 -2.0497e-03 -2.0497e-03 -2.0497e-03 -2.0497e-03 -2.0497e-03 -2.0497e-03 -2.0497e-03 