# Author: FAC idanalysis.IDKickMap
# Termination_kicks [T2m2]: +8.3888e-05 -4.9398e-04 +6.4639e-04 +8.6919e-04 
# Total Length of Longitudinal Interval [m]
2.77
# Number of Horizontal Points
37
# Number of Vertical Points
3
# Total Horizontal 2nd Order Kick [T2m2]
START
            -0000.01800 -0000.01700 -0000.01600 -0000.01500 -0000.01400 -0000.01300 -0000.01200 -0000.01100 -0000.01000 -0000.00900 -0000.00800 -0000.00700 -0000.00600 -0000.00500 -0000.00400 -0000.00300 -0000.00200 -0000.00100 +0000.00000 +0000.00100 +0000.00200 +0000.00300 +0000.00400 +0000.00500 +0000.00600 +0000.00700 +0000.00800 +0000.00900 +0000.01000 +0000.01100 +0000.01200 +0000.01300 +0000.01400 +0000.01500 +0000.01600 +0000.01700 +0000.01800 
+0000.01200 -1.2414e-04 -1.5756e-04 -2.0119e-04 -2.4047e-04 -2.7082e-04 -2.7874e-04 -3.0651e-04 -3.3969e-04 -3.4262e-04 -3.6892e-04 -3.7384e-04 -3.8226e-04 -3.7645e-04 -3.8095e-04 -3.7562e-04 -3.6682e-04 -3.6036e-04 -3.5107e-04 -3.5697e-04 -3.4770e-04 -3.0990e-04 -3.0039e-04 -2.9014e-04 -2.4971e-04 -2.2078e-04 -2.2303e-04 -2.0560e-04 -1.7631e-04 -1.5998e-04 -1.2123e-04 -1.2833e-04 -1.4419e-04 -1.1581e-04 -1.1758e-04 -1.1154e-04 -1.1387e-04 -1.3108e-04 
+0000.00000 -1.2414e-04 -1.5756e-04 -2.0119e-04 -2.4047e-04 -2.7082e-04 -2.7874e-04 -3.0651e-04 -3.3969e-04 -3.4262e-04 -3.6892e-04 -3.7384e-04 -3.8226e-04 -3.7645e-04 -3.8095e-04 -3.7562e-04 -3.6682e-04 -3.6036e-04 -3.5107e-04 -3.5697e-04 -3.4770e-04 -3.0990e-04 -3.0039e-04 -2.9014e-04 -2.4971e-04 -2.2078e-04 -2.2303e-04 -2.0560e-04 -1.7631e-04 -1.5998e-04 -1.2123e-04 -1.2833e-04 -1.4419e-04 -1.1581e-04 -1.1758e-04 -1.1154e-04 -1.1387e-04 -1.3108e-04 
-0000.01200 -1.2414e-04 -1.5756e-04 -2.0119e-04 -2.4047e-04 -2.7082e-04 -2.7874e-04 -3.0651e-04 -3.3969e-04 -3.4262e-04 -3.6892e-04 -3.7384e-04 -3.8226e-04 -3.7645e-04 -3.8095e-04 -3.7562e-04 -3.6682e-04 -3.6036e-04 -3.5107e-04 -3.5697e-04 -3.4770e-04 -3.0990e-04 -3.0039e-04 -2.9014e-04 -2.4971e-04 -2.2078e-04 -2.2303e-04 -2.0560e-04 -1.7631e-04 -1.5998e-04 -1.2123e-04 -1.2833e-04 -1.4419e-04 -1.1581e-04 -1.1758e-04 -1.1154e-04 -1.1387e-04 -1.3108e-04 
# Total Vertical 2nd Order Kick [T2m2]
START
            -0000.01800 -0000.01700 -0000.01600 -0000.01500 -0000.01400 -0000.01300 -0000.01200 -0000.01100 -0000.01000 -0000.00900 -0000.00800 -0000.00700 -0000.00600 -0000.00500 -0000.00400 -0000.00300 -0000.00200 -0000.00100 +0000.00000 +0000.00100 +0000.00200 +0000.00300 +0000.00400 +0000.00500 +0000.00600 +0000.00700 +0000.00800 +0000.00900 +0000.01000 +0000.01100 +0000.01200 +0000.01300 +0000.01400 +0000.01500 +0000.01600 +0000.01700 +0000.01800 
+0000.01200 -9.7233e-04 -9.4900e-04 -9.7100e-04 -9.9448e-04 -9.8760e-04 -1.0004e-03 -1.0089e-03 -1.0284e-03 -1.0395e-03 -1.0466e-03 -1.0455e-03 -1.0611e-03 -1.0785e-03 -1.0792e-03 -1.0954e-03 -1.0850e-03 -1.0766e-03 -1.0604e-03 -1.0549e-03 -1.0733e-03 -1.0507e-03 -1.0525e-03 -1.0246e-03 -9.8707e-04 -9.8329e-04 -9.5456e-04 -9.3281e-04 -8.9469e-04 -8.5495e-04 -8.1223e-04 -7.6687e-04 -7.2395e-04 -6.7031e-04 -6.1970e-04 -5.4846e-04 -4.7043e-04 -4.0456e-04 
+0000.00000 -9.7233e-04 -9.4900e-04 -9.7100e-04 -9.9448e-04 -9.8760e-04 -1.0004e-03 -1.0089e-03 -1.0284e-03 -1.0395e-03 -1.0466e-03 -1.0455e-03 -1.0611e-03 -1.0785e-03 -1.0792e-03 -1.0954e-03 -1.0850e-03 -1.0766e-03 -1.0604e-03 -1.0549e-03 -1.0733e-03 -1.0507e-03 -1.0525e-03 -1.0246e-03 -9.8707e-04 -9.8329e-04 -9.5456e-04 -9.3281e-04 -8.9469e-04 -8.5495e-04 -8.1223e-04 -7.6687e-04 -7.2395e-04 -6.7031e-04 -6.1970e-04 -5.4846e-04 -4.7043e-04 -4.0456e-04 
-0000.01200 -9.7233e-04 -9.4900e-04 -9.7100e-04 -9.9448e-04 -9.8760e-04 -1.0004e-03 -1.0089e-03 -1.0284e-03 -1.0395e-03 -1.0466e-03 -1.0455e-03 -1.0611e-03 -1.0785e-03 -1.0792e-03 -1.0954e-03 -1.0850e-03 -1.0766e-03 -1.0604e-03 -1.0549e-03 -1.0733e-03 -1.0507e-03 -1.0525e-03 -1.0246e-03 -9.8707e-04 -9.8329e-04 -9.5456e-04 -9.3281e-04 -8.9469e-04 -8.5495e-04 -8.1223e-04 -7.6687e-04 -7.2395e-04 -6.7031e-04 -6.1970e-04 -5.4846e-04 -4.7043e-04 -4.0456e-04 
# Horizontal Final Position [m]
START
            -0000.01800 -0000.01700 -0000.01600 -0000.01500 -0000.01400 -0000.01300 -0000.01200 -0000.01100 -0000.01000 -0000.00900 -0000.00800 -0000.00700 -0000.00600 -0000.00500 -0000.00400 -0000.00300 -0000.00200 -0000.00100 +0000.00000 +0000.00100 +0000.00200 +0000.00300 +0000.00400 +0000.00500 +0000.00600 +0000.00700 +0000.00800 +0000.00900 +0000.01000 +0000.01100 +0000.01200 +0000.01300 +0000.01400 +0000.01500 +0000.01600 +0000.01700 +0000.01800 
+0000.01200 -1.8017e-02 -1.7018e-02 -1.6019e-02 -1.5020e-02 -1.4020e-02 -1.3020e-02 -1.2020e-02 -1.1020e-02 -1.0019e-02 -9.0187e-03 -8.0175e-03 -7.0162e-03 -6.0145e-03 -5.0129e-03 -4.0108e-03 -3.0086e-03 -2.0062e-03 -1.0038e-03 -1.6659e-06 +1.0009e-03 +2.0041e-03 +3.0066e-03 +4.0092e-03 +5.0122e-03 +6.0151e-03 +7.0173e-03 +8.0199e-03 +9.0226e-03 +1.0025e-02 +1.1028e-02 +1.2029e-02 +1.3031e-02 +1.4033e-02 +1.5035e-02 +1.6037e-02 +1.7038e-02 +1.8039e-02 
+0000.00000 -1.8017e-02 -1.7018e-02 -1.6019e-02 -1.5020e-02 -1.4020e-02 -1.3020e-02 -1.2020e-02 -1.1020e-02 -1.0019e-02 -9.0187e-03 -8.0175e-03 -7.0162e-03 -6.0145e-03 -5.0129e-03 -4.0108e-03 -3.0086e-03 -2.0062e-03 -1.0038e-03 -1.6659e-06 +1.0009e-03 +2.0041e-03 +3.0066e-03 +4.0092e-03 +5.0122e-03 +6.0151e-03 +7.0173e-03 +8.0199e-03 +9.0226e-03 +1.0025e-02 +1.1028e-02 +1.2029e-02 +1.3031e-02 +1.4033e-02 +1.5035e-02 +1.6037e-02 +1.7038e-02 +1.8039e-02 
-0000.01200 -1.8017e-02 -1.7018e-02 -1.6019e-02 -1.5020e-02 -1.4020e-02 -1.3020e-02 -1.2020e-02 -1.1020e-02 -1.0019e-02 -9.0187e-03 -8.0175e-03 -7.0162e-03 -6.0145e-03 -5.0129e-03 -4.0108e-03 -3.0086e-03 -2.0062e-03 -1.0038e-03 -1.6659e-06 +1.0009e-03 +2.0041e-03 +3.0066e-03 +4.0092e-03 +5.0122e-03 +6.0151e-03 +7.0173e-03 +8.0199e-03 +9.0226e-03 +1.0025e-02 +1.1028e-02 +1.2029e-02 +1.3031e-02 +1.4033e-02 +1.5035e-02 +1.6037e-02 +1.7038e-02 +1.8039e-02 
# Vertical Final Position [m]
START
            -0000.01800 -0000.01700 -0000.01600 -0000.01500 -0000.01400 -0000.01300 -0000.01200 -0000.01100 -0000.01000 -0000.00900 -0000.00800 -0000.00700 -0000.00600 -0000.00500 -0000.00400 -0000.00300 -0000.00200 -0000.00100 +0000.00000 +0000.00100 +0000.00200 +0000.00300 +0000.00400 +0000.00500 +0000.00600 +0000.00700 +0000.00800 +0000.00900 +0000.01000 +0000.01100 +0000.01200 +0000.01300 +0000.01400 +0000.01500 +0000.01600 +0000.01700 +0000.01800 
+0000.01200 +1.1891e-02 +1.1894e-02 +1.1897e-02 +1.1901e-02 +1.1905e-02 +1.1909e-02 +1.1913e-02 +1.1917e-02 +1.1922e-02 +1.1927e-02 +1.1931e-02 +1.1936e-02 +1.1941e-02 +1.1946e-02 +1.1950e-02 +1.1955e-02 +1.1960e-02 +1.1964e-02 +1.1969e-02 +1.1973e-02 +1.1977e-02 +1.1981e-02 +1.1985e-02 +1.1989e-02 +1.1992e-02 +1.1996e-02 +1.1999e-02 +1.2003e-02 +1.2006e-02 +1.2009e-02 +1.2012e-02 +1.2016e-02 +1.2019e-02 +1.2021e-02 +1.2025e-02 +1.2028e-02 +1.2031e-02 
+0000.00000 -1.0936e-04 -1.0580e-04 -1.0274e-04 -9.9447e-05 -9.5272e-05 -9.1258e-05 -8.6969e-05 -8.2668e-05 -7.8172e-05 -7.3428e-05 -6.8502e-05 -6.3840e-05 -5.9168e-05 -5.4405e-05 -4.9858e-05 -4.5014e-05 -4.0297e-05 -3.5546e-05 -3.1217e-05 -2.7350e-05 -2.2936e-05 -1.9126e-05 -1.5067e-05 -1.0907e-05 -7.5519e-06 -3.9704e-06 -6.5087e-07 +2.8395e-06 +6.1522e-06 +9.3833e-06 +1.2489e-05 +1.5519e-05 +1.8556e-05 +2.1403e-05 +2.4590e-05 +2.7714e-05 +3.0648e-05 
-0000.01200 -1.2109e-02 -1.2106e-02 -1.2103e-02 -1.2099e-02 -1.2095e-02 -1.2091e-02 -1.2087e-02 -1.2083e-02 -1.2078e-02 -1.2073e-02 -1.2069e-02 -1.2064e-02 -1.2059e-02 -1.2054e-02 -1.2050e-02 -1.2045e-02 -1.2040e-02 -1.2036e-02 -1.2031e-02 -1.2027e-02 -1.2023e-02 -1.2019e-02 -1.2015e-02 -1.2011e-02 -1.2008e-02 -1.2004e-02 -1.2001e-02 -1.1997e-02 -1.1994e-02 -1.1991e-02 -1.1988e-02 -1.1984e-02 -1.1981e-02 -1.1979e-02 -1.1975e-02 -1.1972e-02 -1.1969e-02 