# Author: FAC idanalysis.IDKickMap
# Termination_kicks [T2m2]: -5.6673e-04 -2.3573e-04 +4.0117e-04 +3.3031e-04 
# Total Length of Longitudinal Interval [m]
2.77
# Number of Horizontal Points
37
# Number of Vertical Points
3
# Total Horizontal 2nd Order Kick [T2m2]
START
            -0000.01800 -0000.01700 -0000.01600 -0000.01500 -0000.01400 -0000.01300 -0000.01200 -0000.01100 -0000.01000 -0000.00900 -0000.00800 -0000.00700 -0000.00600 -0000.00500 -0000.00400 -0000.00300 -0000.00200 -0000.00100 +0000.00000 +0000.00100 +0000.00200 +0000.00300 +0000.00400 +0000.00500 +0000.00600 +0000.00700 +0000.00800 +0000.00900 +0000.01000 +0000.01100 +0000.01200 +0000.01300 +0000.01400 +0000.01500 +0000.01600 +0000.01700 +0000.01800 
+0000.01200 +4.8473e-04 +4.6897e-04 +4.4847e-04 +4.0357e-04 +3.8437e-04 +3.6524e-04 +3.3307e-04 +2.9842e-04 +2.6315e-04 +2.4929e-04 +2.3948e-04 +2.0775e-04 +1.9870e-04 +1.7931e-04 +1.6956e-04 +1.7167e-04 +1.5887e-04 +1.7687e-04 +2.0253e-04 +2.3850e-04 +2.7321e-04 +3.2459e-04 +3.8494e-04 +4.4909e-04 +5.1410e-04 +5.6883e-04 +6.4151e-04 +6.9408e-04 +7.4690e-04 +8.0731e-04 +8.2607e-04 +8.2192e-04 +8.2659e-04 +8.2981e-04 +8.1568e-04 +7.7392e-04 +7.4219e-04 
+0000.00000 +4.8473e-04 +4.6897e-04 +4.4847e-04 +4.0357e-04 +3.8437e-04 +3.6524e-04 +3.3307e-04 +2.9842e-04 +2.6315e-04 +2.4929e-04 +2.3948e-04 +2.0775e-04 +1.9870e-04 +1.7931e-04 +1.6956e-04 +1.7167e-04 +1.5887e-04 +1.7687e-04 +2.0253e-04 +2.3850e-04 +2.7321e-04 +3.2459e-04 +3.8494e-04 +4.4909e-04 +5.1410e-04 +5.6883e-04 +6.4151e-04 +6.9408e-04 +7.4690e-04 +8.0731e-04 +8.2607e-04 +8.2192e-04 +8.2659e-04 +8.2981e-04 +8.1568e-04 +7.7392e-04 +7.4219e-04 
-0000.01200 +4.8473e-04 +4.6897e-04 +4.4847e-04 +4.0357e-04 +3.8437e-04 +3.6524e-04 +3.3307e-04 +2.9842e-04 +2.6315e-04 +2.4929e-04 +2.3948e-04 +2.0775e-04 +1.9870e-04 +1.7931e-04 +1.6956e-04 +1.7167e-04 +1.5887e-04 +1.7687e-04 +2.0253e-04 +2.3850e-04 +2.7321e-04 +3.2459e-04 +3.8494e-04 +4.4909e-04 +5.1410e-04 +5.6883e-04 +6.4151e-04 +6.9408e-04 +7.4690e-04 +8.0731e-04 +8.2607e-04 +8.2192e-04 +8.2659e-04 +8.2981e-04 +8.1568e-04 +7.7392e-04 +7.4219e-04 
# Total Vertical 2nd Order Kick [T2m2]
START
            -0000.01800 -0000.01700 -0000.01600 -0000.01500 -0000.01400 -0000.01300 -0000.01200 -0000.01100 -0000.01000 -0000.00900 -0000.00800 -0000.00700 -0000.00600 -0000.00500 -0000.00400 -0000.00300 -0000.00200 -0000.00100 +0000.00000 +0000.00100 +0000.00200 +0000.00300 +0000.00400 +0000.00500 +0000.00600 +0000.00700 +0000.00800 +0000.00900 +0000.01000 +0000.01100 +0000.01200 +0000.01300 +0000.01400 +0000.01500 +0000.01600 +0000.01700 +0000.01800 
+0000.01200 -3.9214e-04 -4.5002e-04 -4.9727e-04 -5.5757e-04 -6.1727e-04 -6.7471e-04 -7.3303e-04 -7.8394e-04 -8.1930e-04 -8.7175e-04 -9.1542e-04 -9.6201e-04 -1.0138e-03 -1.0447e-03 -1.0808e-03 -1.1352e-03 -1.1669e-03 -1.2078e-03 -1.2234e-03 -1.2296e-03 -1.2341e-03 -1.2127e-03 -1.1800e-03 -1.1351e-03 -1.1023e-03 -1.0559e-03 -1.0047e-03 -9.5194e-04 -9.0374e-04 -8.5986e-04 -8.1014e-04 -7.5609e-04 -6.9868e-04 -6.4365e-04 -5.6616e-04 -4.8443e-04 -4.2066e-04 
+0000.00000 -3.9214e-04 -4.5002e-04 -4.9727e-04 -5.5757e-04 -6.1727e-04 -6.7471e-04 -7.3303e-04 -7.8394e-04 -8.1930e-04 -8.7175e-04 -9.1542e-04 -9.6201e-04 -1.0138e-03 -1.0447e-03 -1.0808e-03 -1.1352e-03 -1.1669e-03 -1.2078e-03 -1.2234e-03 -1.2296e-03 -1.2341e-03 -1.2127e-03 -1.1800e-03 -1.1351e-03 -1.1023e-03 -1.0559e-03 -1.0047e-03 -9.5194e-04 -9.0374e-04 -8.5986e-04 -8.1014e-04 -7.5609e-04 -6.9868e-04 -6.4365e-04 -5.6616e-04 -4.8443e-04 -4.2066e-04 
-0000.01200 -3.9214e-04 -4.5002e-04 -4.9727e-04 -5.5757e-04 -6.1727e-04 -6.7471e-04 -7.3303e-04 -7.8394e-04 -8.1930e-04 -8.7175e-04 -9.1542e-04 -9.6201e-04 -1.0138e-03 -1.0447e-03 -1.0808e-03 -1.1352e-03 -1.1669e-03 -1.2078e-03 -1.2234e-03 -1.2296e-03 -1.2341e-03 -1.2127e-03 -1.1800e-03 -1.1351e-03 -1.1023e-03 -1.0559e-03 -1.0047e-03 -9.5194e-04 -9.0374e-04 -8.5986e-04 -8.1014e-04 -7.5609e-04 -6.9868e-04 -6.4365e-04 -5.6616e-04 -4.8443e-04 -4.2066e-04 
# Horizontal Final Position [m]
START
            -0000.01800 -0000.01700 -0000.01600 -0000.01500 -0000.01400 -0000.01300 -0000.01200 -0000.01100 -0000.01000 -0000.00900 -0000.00800 -0000.00700 -0000.00600 -0000.00500 -0000.00400 -0000.00300 -0000.00200 -0000.00100 +0000.00000 +0000.00100 +0000.00200 +0000.00300 +0000.00400 +0000.00500 +0000.00600 +0000.00700 +0000.00800 +0000.00900 +0000.01000 +0000.01100 +0000.01200 +0000.01300 +0000.01400 +0000.01500 +0000.01600 +0000.01700 +0000.01800 
+0000.01200 -1.8041e-02 -1.7043e-02 -1.6045e-02 -1.5047e-02 -1.4048e-02 -1.3049e-02 -1.2049e-02 -1.1050e-02 -1.0049e-02 -9.0477e-03 -8.0458e-03 -7.0436e-03 -6.0404e-03 -5.0370e-03 -4.0331e-03 -3.0286e-03 -2.0244e-03 -1.0193e-03 -1.4132e-05 +9.9122e-04 +1.9965e-03 +3.0018e-03 +4.0072e-03 +5.0124e-03 +6.0174e-03 +7.0221e-03 +8.0269e-03 +9.0310e-03 +1.0035e-02 +1.1039e-02 +1.2042e-02 +1.3044e-02 +1.4047e-02 +1.5049e-02 +1.6051e-02 +1.7052e-02 +1.8054e-02 
+0000.00000 -1.8041e-02 -1.7043e-02 -1.6045e-02 -1.5047e-02 -1.4048e-02 -1.3049e-02 -1.2049e-02 -1.1050e-02 -1.0049e-02 -9.0477e-03 -8.0458e-03 -7.0436e-03 -6.0404e-03 -5.0370e-03 -4.0331e-03 -3.0286e-03 -2.0244e-03 -1.0193e-03 -1.4132e-05 +9.9122e-04 +1.9965e-03 +3.0018e-03 +4.0072e-03 +5.0124e-03 +6.0174e-03 +7.0221e-03 +8.0269e-03 +9.0310e-03 +1.0035e-02 +1.1039e-02 +1.2042e-02 +1.3044e-02 +1.4047e-02 +1.5049e-02 +1.6051e-02 +1.7052e-02 +1.8054e-02 
-0000.01200 -1.8041e-02 -1.7043e-02 -1.6045e-02 -1.5047e-02 -1.4048e-02 -1.3049e-02 -1.2049e-02 -1.1050e-02 -1.0049e-02 -9.0477e-03 -8.0458e-03 -7.0436e-03 -6.0404e-03 -5.0370e-03 -4.0331e-03 -3.0286e-03 -2.0244e-03 -1.0193e-03 -1.4132e-05 +9.9122e-04 +1.9965e-03 +3.0018e-03 +4.0072e-03 +5.0124e-03 +6.0174e-03 +7.0221e-03 +8.0269e-03 +9.0310e-03 +1.0035e-02 +1.1039e-02 +1.2042e-02 +1.3044e-02 +1.4047e-02 +1.5049e-02 +1.6051e-02 +1.7052e-02 +1.8054e-02 
# Vertical Final Position [m]
START
            -0000.01800 -0000.01700 -0000.01600 -0000.01500 -0000.01400 -0000.01300 -0000.01200 -0000.01100 -0000.01000 -0000.00900 -0000.00800 -0000.00700 -0000.00600 -0000.00500 -0000.00400 -0000.00300 -0000.00200 -0000.00100 +0000.00000 +0000.00100 +0000.00200 +0000.00300 +0000.00400 +0000.00500 +0000.00600 +0000.00700 +0000.00800 +0000.00900 +0000.01000 +0000.01100 +0000.01200 +0000.01300 +0000.01400 +0000.01500 +0000.01600 +0000.01700 +0000.01800 
+0000.01200 +1.1845e-02 +1.1849e-02 +1.1855e-02 +1.1861e-02 +1.1867e-02 +1.1875e-02 +1.1882e-02 +1.1891e-02 +1.1899e-02 +1.1908e-02 +1.1916e-02 +1.1925e-02 +1.1933e-02 +1.1940e-02 +1.1948e-02 +1.1954e-02 +1.1961e-02 +1.1967e-02 +1.1973e-02 +1.1978e-02 +1.1984e-02 +1.1989e-02 +1.1994e-02 +1.2000e-02 +1.2004e-02 +1.2008e-02 +1.2013e-02 +1.2016e-02 +1.2020e-02 +1.2023e-02 +1.2025e-02 +1.2028e-02 +1.2031e-02 +1.2033e-02 +1.2036e-02 +1.2039e-02 +1.2042e-02 
+0000.00000 -1.5542e-04 -1.5084e-04 -1.4535e-04 -1.3932e-04 -1.3256e-04 -1.2527e-04 -1.1754e-04 -1.0931e-04 -1.0052e-04 -9.2063e-05 -8.3553e-05 -7.5286e-05 -6.7418e-05 -5.9606e-05 -5.2337e-05 -4.5820e-05 -3.9319e-05 -3.3477e-05 -2.7396e-05 -2.1712e-05 -1.6318e-05 -1.0789e-05 -5.5154e-06 -3.4347e-07 +4.1827e-06 +8.4958e-06 +1.2553e-05 +1.6354e-05 +1.9673e-05 +2.2674e-05 +2.5442e-05 +2.8258e-05 +3.0855e-05 +3.3368e-05 +3.6160e-05 +3.9053e-05 +4.1539e-05 
-0000.01200 -1.2155e-02 -1.2151e-02 -1.2145e-02 -1.2139e-02 -1.2133e-02 -1.2125e-02 -1.2118e-02 -1.2109e-02 -1.2101e-02 -1.2092e-02 -1.2084e-02 -1.2075e-02 -1.2067e-02 -1.2060e-02 -1.2052e-02 -1.2046e-02 -1.2039e-02 -1.2033e-02 -1.2027e-02 -1.2022e-02 -1.2016e-02 -1.2011e-02 -1.2006e-02 -1.2000e-02 -1.1996e-02 -1.1992e-02 -1.1987e-02 -1.1984e-02 -1.1980e-02 -1.1977e-02 -1.1975e-02 -1.1972e-02 -1.1969e-02 -1.1967e-02 -1.1964e-02 -1.1961e-02 -1.1958e-02 