# Author: FAC idanalysis.IDKickMap
# Termination_kicks [T2m2]: -7.0725e-04 -1.8586e-04 +3.0856e-04 +1.3321e-04 
# Total Length of Longitudinal Interval [m]
2.77
# Number of Horizontal Points
37
# Number of Vertical Points
3
# Total Horizontal 2nd Order Kick [T2m2]
START
            -0000.01800 -0000.01700 -0000.01600 -0000.01500 -0000.01400 -0000.01300 -0000.01200 -0000.01100 -0000.01000 -0000.00900 -0000.00800 -0000.00700 -0000.00600 -0000.00500 -0000.00400 -0000.00300 -0000.00200 -0000.00100 +0000.00000 +0000.00100 +0000.00200 +0000.00300 +0000.00400 +0000.00500 +0000.00600 +0000.00700 +0000.00800 +0000.00900 +0000.01000 +0000.01100 +0000.01200 +0000.01300 +0000.01400 +0000.01500 +0000.01600 +0000.01700 +0000.01800 
+0000.01200 +6.9468e-04 +7.0310e-04 +7.1931e-04 +6.8254e-04 +6.5010e-04 +6.4397e-04 +6.1896e-04 +5.8510e-04 +5.3981e-04 +4.8565e-04 +4.5635e-04 +4.2665e-04 +4.0031e-04 +3.8498e-04 +3.8882e-04 +3.5898e-04 +3.6130e-04 +3.7491e-04 +3.9692e-04 +4.3198e-04 +4.5440e-04 +4.9325e-04 +5.7345e-04 +6.3656e-04 +7.2558e-04 +8.1109e-04 +8.9550e-04 +9.6485e-04 +1.0334e-03 +1.0752e-03 +1.0955e-03 +1.1266e-03 +1.1239e-03 +1.1225e-03 +1.0852e-03 +1.0598e-03 +1.0129e-03 
+0000.00000 +6.9468e-04 +7.0310e-04 +7.1931e-04 +6.8254e-04 +6.5010e-04 +6.4397e-04 +6.1896e-04 +5.8510e-04 +5.3981e-04 +4.8565e-04 +4.5635e-04 +4.2665e-04 +4.0031e-04 +3.8498e-04 +3.8882e-04 +3.5898e-04 +3.6130e-04 +3.7491e-04 +3.9692e-04 +4.3198e-04 +4.5440e-04 +4.9325e-04 +5.7345e-04 +6.3656e-04 +7.2558e-04 +8.1109e-04 +8.9550e-04 +9.6485e-04 +1.0334e-03 +1.0752e-03 +1.0955e-03 +1.1266e-03 +1.1239e-03 +1.1225e-03 +1.0852e-03 +1.0598e-03 +1.0129e-03 
-0000.01200 +6.9468e-04 +7.0310e-04 +7.1931e-04 +6.8254e-04 +6.5010e-04 +6.4397e-04 +6.1896e-04 +5.8510e-04 +5.3981e-04 +4.8565e-04 +4.5635e-04 +4.2665e-04 +4.0031e-04 +3.8498e-04 +3.8882e-04 +3.5898e-04 +3.6130e-04 +3.7491e-04 +3.9692e-04 +4.3198e-04 +4.5440e-04 +4.9325e-04 +5.7345e-04 +6.3656e-04 +7.2558e-04 +8.1109e-04 +8.9550e-04 +9.6485e-04 +1.0334e-03 +1.0752e-03 +1.0955e-03 +1.1266e-03 +1.1239e-03 +1.1225e-03 +1.0852e-03 +1.0598e-03 +1.0129e-03 
# Total Vertical 2nd Order Kick [T2m2]
START
            -0000.01800 -0000.01700 -0000.01600 -0000.01500 -0000.01400 -0000.01300 -0000.01200 -0000.01100 -0000.01000 -0000.00900 -0000.00800 -0000.00700 -0000.00600 -0000.00500 -0000.00400 -0000.00300 -0000.00200 -0000.00100 +0000.00000 +0000.00100 +0000.00200 +0000.00300 +0000.00400 +0000.00500 +0000.00600 +0000.00700 +0000.00800 +0000.00900 +0000.01000 +0000.01100 +0000.01200 +0000.01300 +0000.01400 +0000.01500 +0000.01600 +0000.01700 +0000.01800 
+0000.01200 -3.0940e-04 -3.7495e-04 -4.5271e-04 -5.3961e-04 -6.1986e-04 -7.0461e-04 -7.6969e-04 -8.3195e-04 -8.8173e-04 -8.9661e-04 -9.6564e-04 -1.0038e-03 -1.0922e-03 -1.1316e-03 -1.1857e-03 -1.2440e-03 -1.3181e-03 -1.3480e-03 -1.3816e-03 -1.3683e-03 -1.3880e-03 -1.3701e-03 -1.3343e-03 -1.2987e-03 -1.2585e-03 -1.1894e-03 -1.1299e-03 -1.0604e-03 -1.0087e-03 -9.5890e-04 -9.0039e-04 -8.4320e-04 -7.8779e-04 -7.2490e-04 -6.6837e-04 -5.9509e-04 -5.0060e-04 
+0000.00000 -3.0940e-04 -3.7495e-04 -4.5271e-04 -5.3961e-04 -6.1986e-04 -7.0461e-04 -7.6969e-04 -8.3195e-04 -8.8173e-04 -8.9661e-04 -9.6564e-04 -1.0038e-03 -1.0922e-03 -1.1316e-03 -1.1857e-03 -1.2440e-03 -1.3181e-03 -1.3480e-03 -1.3816e-03 -1.3683e-03 -1.3880e-03 -1.3701e-03 -1.3343e-03 -1.2987e-03 -1.2585e-03 -1.1894e-03 -1.1299e-03 -1.0604e-03 -1.0087e-03 -9.5890e-04 -9.0039e-04 -8.4320e-04 -7.8779e-04 -7.2490e-04 -6.6837e-04 -5.9509e-04 -5.0060e-04 
-0000.01200 -3.0940e-04 -3.7495e-04 -4.5271e-04 -5.3961e-04 -6.1986e-04 -7.0461e-04 -7.6969e-04 -8.3195e-04 -8.8173e-04 -8.9661e-04 -9.6564e-04 -1.0038e-03 -1.0922e-03 -1.1316e-03 -1.1857e-03 -1.2440e-03 -1.3181e-03 -1.3480e-03 -1.3816e-03 -1.3683e-03 -1.3880e-03 -1.3701e-03 -1.3343e-03 -1.2987e-03 -1.2585e-03 -1.1894e-03 -1.1299e-03 -1.0604e-03 -1.0087e-03 -9.5890e-04 -9.0039e-04 -8.4320e-04 -7.8779e-04 -7.2490e-04 -6.6837e-04 -5.9509e-04 -5.0060e-04 
# Horizontal Final Position [m]
START
            -0000.01800 -0000.01700 -0000.01600 -0000.01500 -0000.01400 -0000.01300 -0000.01200 -0000.01100 -0000.01000 -0000.00900 -0000.00800 -0000.00700 -0000.00600 -0000.00500 -0000.00400 -0000.00300 -0000.00200 -0000.00100 +0000.00000 +0000.00100 +0000.00200 +0000.00300 +0000.00400 +0000.00500 +0000.00600 +0000.00700 +0000.00800 +0000.00900 +0000.01000 +0000.01100 +0000.01200 +0000.01300 +0000.01400 +0000.01500 +0000.01600 +0000.01700 +0000.01800 
+0000.01200 -1.8045e-02 -1.7047e-02 -1.6048e-02 -1.5051e-02 -1.4053e-02 -1.3054e-02 -1.2054e-02 -1.1055e-02 -1.0054e-02 -9.0537e-03 -8.0517e-03 -7.0491e-03 -6.0458e-03 -5.0417e-03 -4.0369e-03 -3.0324e-03 -2.0271e-03 -1.0214e-03 -1.5701e-05 +9.9023e-04 +1.9958e-03 +3.0015e-03 +4.0075e-03 +5.0130e-03 +6.0188e-03 +7.0242e-03 +8.0293e-03 +9.0339e-03 +1.0038e-02 +1.1042e-02 +1.2045e-02 +1.3048e-02 +1.4051e-02 +1.5053e-02 +1.6054e-02 +1.7056e-02 +1.8057e-02 
+0000.00000 -1.8045e-02 -1.7047e-02 -1.6048e-02 -1.5051e-02 -1.4053e-02 -1.3054e-02 -1.2054e-02 -1.1055e-02 -1.0054e-02 -9.0537e-03 -8.0517e-03 -7.0491e-03 -6.0458e-03 -5.0417e-03 -4.0369e-03 -3.0324e-03 -2.0271e-03 -1.0214e-03 -1.5701e-05 +9.9023e-04 +1.9958e-03 +3.0015e-03 +4.0075e-03 +5.0130e-03 +6.0188e-03 +7.0242e-03 +8.0293e-03 +9.0339e-03 +1.0038e-02 +1.1042e-02 +1.2045e-02 +1.3048e-02 +1.4051e-02 +1.5053e-02 +1.6054e-02 +1.7056e-02 +1.8057e-02 
-0000.01200 -1.8045e-02 -1.7047e-02 -1.6048e-02 -1.5051e-02 -1.4053e-02 -1.3054e-02 -1.2054e-02 -1.1055e-02 -1.0054e-02 -9.0537e-03 -8.0517e-03 -7.0491e-03 -6.0458e-03 -5.0417e-03 -4.0369e-03 -3.0324e-03 -2.0271e-03 -1.0214e-03 -1.5701e-05 +9.9023e-04 +1.9958e-03 +3.0015e-03 +4.0075e-03 +5.0130e-03 +6.0188e-03 +7.0242e-03 +8.0293e-03 +9.0339e-03 +1.0038e-02 +1.1042e-02 +1.2045e-02 +1.3048e-02 +1.4051e-02 +1.5053e-02 +1.6054e-02 +1.7056e-02 +1.8057e-02 
# Vertical Final Position [m]
START
            -0000.01800 -0000.01700 -0000.01600 -0000.01500 -0000.01400 -0000.01300 -0000.01200 -0000.01100 -0000.01000 -0000.00900 -0000.00800 -0000.00700 -0000.00600 -0000.00500 -0000.00400 -0000.00300 -0000.00200 -0000.00100 +0000.00000 +0000.00100 +0000.00200 +0000.00300 +0000.00400 +0000.00500 +0000.00600 +0000.00700 +0000.00800 +0000.00900 +0000.01000 +0000.01100 +0000.01200 +0000.01300 +0000.01400 +0000.01500 +0000.01600 +0000.01700 +0000.01800 
+0000.01200 +1.1832e-02 +1.1837e-02 +1.1843e-02 +1.1849e-02 +1.1856e-02 +1.1864e-02 +1.1873e-02 +1.1882e-02 +1.1892e-02 +1.1902e-02 +1.1912e-02 +1.1921e-02 +1.1929e-02 +1.1938e-02 +1.1945e-02 +1.1952e-02 +1.1958e-02 +1.1965e-02 +1.1971e-02 +1.1977e-02 +1.1983e-02 +1.1988e-02 +1.1994e-02 +1.1999e-02 +1.2004e-02 +1.2008e-02 +1.2012e-02 +1.2016e-02 +1.2020e-02 +1.2022e-02 +1.2025e-02 +1.2028e-02 +1.2030e-02 +1.2033e-02 +1.2035e-02 +1.2037e-02 +1.2040e-02 
+0000.00000 -1.6791e-04 -1.6291e-04 -1.5732e-04 -1.5103e-04 -1.4367e-04 -1.3579e-04 -1.2694e-04 -1.1761e-04 -1.0783e-04 -9.7505e-05 -8.8318e-05 -7.8784e-05 -7.0637e-05 -6.2213e-05 -5.4636e-05 -4.7732e-05 -4.1626e-05 -3.5126e-05 -2.9239e-05 -2.2819e-05 -1.7369e-05 -1.1764e-05 -6.2311e-06 -1.1356e-06 +3.6388e-06 +8.3268e-06 +1.2413e-05 +1.6360e-05 +1.9618e-05 +2.2498e-05 +2.5242e-05 +2.7755e-05 +3.0118e-05 +3.2535e-05 +3.4717e-05 +3.7220e-05 +4.0172e-05 
-0000.01200 -1.2168e-02 -1.2163e-02 -1.2157e-02 -1.2151e-02 -1.2144e-02 -1.2136e-02 -1.2127e-02 -1.2118e-02 -1.2108e-02 -1.2098e-02 -1.2088e-02 -1.2079e-02 -1.2071e-02 -1.2062e-02 -1.2055e-02 -1.2048e-02 -1.2042e-02 -1.2035e-02 -1.2029e-02 -1.2023e-02 -1.2017e-02 -1.2012e-02 -1.2006e-02 -1.2001e-02 -1.1996e-02 -1.1992e-02 -1.1988e-02 -1.1984e-02 -1.1980e-02 -1.1978e-02 -1.1975e-02 -1.1972e-02 -1.1970e-02 -1.1967e-02 -1.1965e-02 -1.1963e-02 -1.1960e-02 