# Author: FAC idanalysis.IDKickMap
# Termination_kicks [T2m2]: +1.7810e-04 -3.4318e-04 +5.9176e-04 +7.6545e-04 
# Total Length of Longitudinal Interval [m]
2.773
# Number of Horizontal Points
37
# Number of Vertical Points
3
# Total Horizontal 2nd Order Kick [T2m2]
START
            -0000.01800 -0000.01700 -0000.01600 -0000.01500 -0000.01400 -0000.01300 -0000.01200 -0000.01100 -0000.01000 -0000.00900 -0000.00800 -0000.00700 -0000.00600 -0000.00500 -0000.00400 -0000.00300 -0000.00200 -0000.00100 +0000.00000 +0000.00100 +0000.00200 +0000.00300 +0000.00400 +0000.00500 +0000.00600 +0000.00700 +0000.00800 +0000.00900 +0000.01000 +0000.01100 +0000.01200 +0000.01300 +0000.01400 +0000.01500 +0000.01600 +0000.01700 +0000.01800 
+0000.01200 -1.9675e-04 -2.2599e-04 -2.5950e-04 -2.8534e-04 -3.2592e-04 -3.5376e-04 -3.7992e-04 -4.1566e-04 -4.2251e-04 -4.4216e-04 -4.5234e-04 -4.5928e-04 -4.6235e-04 -4.7375e-04 -4.8129e-04 -4.5380e-04 -4.2701e-04 -4.1326e-04 -4.0763e-04 -3.7552e-04 -3.5525e-04 -3.1285e-04 -2.6730e-04 -2.5581e-04 -2.6258e-04 -2.2782e-04 -2.0848e-04 -1.7940e-04 -1.5281e-04 -1.4606e-04 -1.3943e-04 -1.3794e-04 -1.1167e-04 -1.0697e-04 -1.3258e-04 -1.5010e-04 -1.5533e-04 
+0000.00000 -1.9675e-04 -2.2599e-04 -2.5950e-04 -2.8534e-04 -3.2592e-04 -3.5376e-04 -3.7992e-04 -4.1566e-04 -4.2251e-04 -4.4216e-04 -4.5234e-04 -4.5928e-04 -4.6235e-04 -4.7375e-04 -4.8129e-04 -4.5380e-04 -4.2701e-04 -4.1326e-04 -4.0763e-04 -3.7552e-04 -3.5525e-04 -3.1285e-04 -2.6730e-04 -2.5581e-04 -2.6258e-04 -2.2782e-04 -2.0848e-04 -1.7940e-04 -1.5281e-04 -1.4606e-04 -1.3943e-04 -1.3794e-04 -1.1167e-04 -1.0697e-04 -1.3258e-04 -1.5010e-04 -1.5533e-04 
-0000.01200 -1.9675e-04 -2.2599e-04 -2.5950e-04 -2.8534e-04 -3.2592e-04 -3.5376e-04 -3.7992e-04 -4.1566e-04 -4.2251e-04 -4.4216e-04 -4.5234e-04 -4.5928e-04 -4.6235e-04 -4.7375e-04 -4.8129e-04 -4.5380e-04 -4.2701e-04 -4.1326e-04 -4.0763e-04 -3.7552e-04 -3.5525e-04 -3.1285e-04 -2.6730e-04 -2.5581e-04 -2.6258e-04 -2.2782e-04 -2.0848e-04 -1.7940e-04 -1.5281e-04 -1.4606e-04 -1.3943e-04 -1.3794e-04 -1.1167e-04 -1.0697e-04 -1.3258e-04 -1.5010e-04 -1.5533e-04 
# Total Vertical 2nd Order Kick [T2m2]
START
            -0000.01800 -0000.01700 -0000.01600 -0000.01500 -0000.01400 -0000.01300 -0000.01200 -0000.01100 -0000.01000 -0000.00900 -0000.00800 -0000.00700 -0000.00600 -0000.00500 -0000.00400 -0000.00300 -0000.00200 -0000.00100 +0000.00000 +0000.00100 +0000.00200 +0000.00300 +0000.00400 +0000.00500 +0000.00600 +0000.00700 +0000.00800 +0000.00900 +0000.01000 +0000.01100 +0000.01200 +0000.01300 +0000.01400 +0000.01500 +0000.01600 +0000.01700 +0000.01800 
+0000.01200 -1.0017e-03 -1.0094e-03 -9.8587e-04 -9.8717e-04 -9.7119e-04 -9.6504e-04 -9.5837e-04 -9.4619e-04 -9.2431e-04 -9.0493e-04 -8.8117e-04 -8.5919e-04 -8.4449e-04 -8.1562e-04 -7.9865e-04 -7.8150e-04 -7.6515e-04 -7.4844e-04 -7.4194e-04 -7.2743e-04 -6.9543e-04 -6.9416e-04 -6.8131e-04 -6.7275e-04 -6.4245e-04 -6.7094e-04 -6.3145e-04 -6.0521e-04 -6.1146e-04 -5.9055e-04 -5.5198e-04 -5.1895e-04 -5.0069e-04 -4.6549e-04 -4.4061e-04 -4.0524e-04 -3.4124e-04 
+0000.00000 -1.0017e-03 -1.0094e-03 -9.8587e-04 -9.8717e-04 -9.7119e-04 -9.6504e-04 -9.5837e-04 -9.4619e-04 -9.2431e-04 -9.0493e-04 -8.8117e-04 -8.5919e-04 -8.4449e-04 -8.1562e-04 -7.9865e-04 -7.8150e-04 -7.6515e-04 -7.4844e-04 -7.4194e-04 -7.2743e-04 -6.9543e-04 -6.9416e-04 -6.8131e-04 -6.7275e-04 -6.4245e-04 -6.7094e-04 -6.3145e-04 -6.0521e-04 -6.1146e-04 -5.9055e-04 -5.5198e-04 -5.1895e-04 -5.0069e-04 -4.6549e-04 -4.4061e-04 -4.0524e-04 -3.4124e-04 
-0000.01200 -1.0017e-03 -1.0094e-03 -9.8587e-04 -9.8717e-04 -9.7119e-04 -9.6504e-04 -9.5837e-04 -9.4619e-04 -9.2431e-04 -9.0493e-04 -8.8117e-04 -8.5919e-04 -8.4449e-04 -8.1562e-04 -7.9865e-04 -7.8150e-04 -7.6515e-04 -7.4844e-04 -7.4194e-04 -7.2743e-04 -6.9543e-04 -6.9416e-04 -6.8131e-04 -6.7275e-04 -6.4245e-04 -6.7094e-04 -6.3145e-04 -6.0521e-04 -6.1146e-04 -5.9055e-04 -5.5198e-04 -5.1895e-04 -5.0069e-04 -4.6549e-04 -4.4061e-04 -4.0524e-04 -3.4124e-04 
# Horizontal Final Position [m]
START
            -0000.01800 -0000.01700 -0000.01600 -0000.01500 -0000.01400 -0000.01300 -0000.01200 -0000.01100 -0000.01000 -0000.00900 -0000.00800 -0000.00700 -0000.00600 -0000.00500 -0000.00400 -0000.00300 -0000.00200 -0000.00100 +0000.00000 +0000.00100 +0000.00200 +0000.00300 +0000.00400 +0000.00500 +0000.00600 +0000.00700 +0000.00800 +0000.00900 +0000.01000 +0000.01100 +0000.01200 +0000.01300 +0000.01400 +0000.01500 +0000.01600 +0000.01700 +0000.01800 
+0000.01200 -1.8017e-02 -1.7018e-02 -1.6019e-02 -1.5019e-02 -1.4020e-02 -1.3020e-02 -1.2020e-02 -1.1020e-02 -1.0019e-02 -9.0185e-03 -8.0173e-03 -7.0158e-03 -6.0141e-03 -5.0125e-03 -4.0106e-03 -3.0079e-03 -2.0050e-03 -1.0024e-03 +2.3727e-07 +1.0033e-03 +2.0061e-03 +3.0095e-03 +4.0128e-03 +5.0153e-03 +6.0175e-03 +7.0204e-03 +8.0230e-03 +9.0257e-03 +1.0028e-02 +1.1030e-02 +1.2032e-02 +1.3034e-02 +1.4036e-02 +1.5038e-02 +1.6039e-02 +1.7040e-02 +1.8041e-02 
+0000.00000 -1.8017e-02 -1.7018e-02 -1.6019e-02 -1.5019e-02 -1.4020e-02 -1.3020e-02 -1.2020e-02 -1.1020e-02 -1.0019e-02 -9.0185e-03 -8.0173e-03 -7.0158e-03 -6.0141e-03 -5.0125e-03 -4.0106e-03 -3.0079e-03 -2.0050e-03 -1.0024e-03 +2.3727e-07 +1.0033e-03 +2.0061e-03 +3.0095e-03 +4.0128e-03 +5.0153e-03 +6.0175e-03 +7.0204e-03 +8.0230e-03 +9.0257e-03 +1.0028e-02 +1.1030e-02 +1.2032e-02 +1.3034e-02 +1.4036e-02 +1.5038e-02 +1.6039e-02 +1.7040e-02 +1.8041e-02 
-0000.01200 -1.8017e-02 -1.7018e-02 -1.6019e-02 -1.5019e-02 -1.4020e-02 -1.3020e-02 -1.2020e-02 -1.1020e-02 -1.0019e-02 -9.0185e-03 -8.0173e-03 -7.0158e-03 -6.0141e-03 -5.0125e-03 -4.0106e-03 -3.0079e-03 -2.0050e-03 -1.0024e-03 +2.3727e-07 +1.0033e-03 +2.0061e-03 +3.0095e-03 +4.0128e-03 +5.0153e-03 +6.0175e-03 +7.0204e-03 +8.0230e-03 +9.0257e-03 +1.0028e-02 +1.1030e-02 +1.2032e-02 +1.3034e-02 +1.4036e-02 +1.5038e-02 +1.6039e-02 +1.7040e-02 +1.8041e-02 
# Vertical Final Position [m]
START
            -0000.01800 -0000.01700 -0000.01600 -0000.01500 -0000.01400 -0000.01300 -0000.01200 -0000.01100 -0000.01000 -0000.00900 -0000.00800 -0000.00700 -0000.00600 -0000.00500 -0000.00400 -0000.00300 -0000.00200 -0000.00100 +0000.00000 +0000.00100 +0000.00200 +0000.00300 +0000.00400 +0000.00500 +0000.00600 +0000.00700 +0000.00800 +0000.00900 +0000.01000 +0000.01100 +0000.01200 +0000.01300 +0000.01400 +0000.01500 +0000.01600 +0000.01700 +0000.01800 
+0000.01200 +1.1892e-02 +1.1895e-02 +1.1899e-02 +1.1903e-02 +1.1907e-02 +1.1912e-02 +1.1916e-02 +1.1921e-02 +1.1927e-02 +1.1932e-02 +1.1938e-02 +1.1943e-02 +1.1948e-02 +1.1954e-02 +1.1959e-02 +1.1964e-02 +1.1969e-02 +1.1974e-02 +1.1978e-02 +1.1983e-02 +1.1988e-02 +1.1991e-02 +1.1995e-02 +1.1999e-02 +1.2003e-02 +1.2005e-02 +1.2009e-02 +1.2012e-02 +1.2014e-02 +1.2017e-02 +1.2020e-02 +1.2023e-02 +1.2025e-02 +1.2027e-02 +1.2030e-02 +1.2032e-02 +1.2035e-02 
+0000.00000 -1.0813e-04 -1.0499e-04 -1.0096e-04 -9.7127e-05 -9.2779e-05 -8.8263e-05 -8.3569e-05 -7.8567e-05 -7.3333e-05 -6.7970e-05 -6.2480e-05 -5.6974e-05 -5.1694e-05 -4.6177e-05 -4.0895e-05 -3.5819e-05 -3.0899e-05 -2.6141e-05 -2.1537e-05 -1.7067e-05 -1.2488e-05 -8.7105e-06 -4.9051e-06 -1.2937e-06 +2.5090e-06 +4.9852e-06 +8.6007e-06 +1.1696e-05 +1.4220e-05 +1.6901e-05 +1.9817e-05 +2.2559e-05 +2.4844e-05 +2.7387e-05 +2.9504e-05 +3.1827e-05 +3.4504e-05 
-0000.01200 -1.2108e-02 -1.2105e-02 -1.2101e-02 -1.2097e-02 -1.2093e-02 -1.2088e-02 -1.2084e-02 -1.2079e-02 -1.2073e-02 -1.2068e-02 -1.2062e-02 -1.2057e-02 -1.2052e-02 -1.2046e-02 -1.2041e-02 -1.2036e-02 -1.2031e-02 -1.2026e-02 -1.2022e-02 -1.2017e-02 -1.2012e-02 -1.2009e-02 -1.2005e-02 -1.2001e-02 -1.1997e-02 -1.1995e-02 -1.1991e-02 -1.1988e-02 -1.1986e-02 -1.1983e-02 -1.1980e-02 -1.1977e-02 -1.1975e-02 -1.1973e-02 -1.1970e-02 -1.1968e-02 -1.1965e-02 