# Author: FAC idanalysis.IDKickMap
# Termination_kicks [T2m2]: -4.9315e-05 +2.0185e-04 +4.5507e-04 +1.0713e-03 
# Total Length of Longitudinal Interval [m]
2.77
# Number of Horizontal Points
37
# Number of Vertical Points
3
# Total Horizontal 2nd Order Kick [T2m2]
START
            -0000.01800 -0000.01700 -0000.01600 -0000.01500 -0000.01400 -0000.01300 -0000.01200 -0000.01100 -0000.01000 -0000.00900 -0000.00800 -0000.00700 -0000.00600 -0000.00500 -0000.00400 -0000.00300 -0000.00200 -0000.00100 +0000.00000 +0000.00100 +0000.00200 +0000.00300 +0000.00400 +0000.00500 +0000.00600 +0000.00700 +0000.00800 +0000.00900 +0000.01000 +0000.01100 +0000.01200 +0000.01300 +0000.01400 +0000.01500 +0000.01600 +0000.01700 +0000.01800 
+0000.01200 -5.4454e-05 -1.1553e-04 -1.5924e-04 -1.8481e-04 -2.3676e-04 -2.9356e-04 -3.4338e-04 -3.8601e-04 -4.1837e-04 -4.3959e-04 -4.5642e-04 -4.6687e-04 -4.6244e-04 -4.5767e-04 -4.4237e-04 -4.2892e-04 -3.8870e-04 -3.4232e-04 -3.0141e-04 -2.5097e-04 -1.9793e-04 -1.4373e-04 -8.6637e-05 -2.2894e-05 +2.4659e-05 +5.8002e-05 +1.1400e-04 +1.3372e-04 +1.5974e-04 +1.6976e-04 +1.9670e-04 +2.1812e-04 +2.0760e-04 +2.2407e-04 +1.9399e-04 +1.6660e-04 +1.6244e-04 
+0000.00000 -5.4454e-05 -1.1553e-04 -1.5924e-04 -1.8481e-04 -2.3676e-04 -2.9356e-04 -3.4338e-04 -3.8601e-04 -4.1837e-04 -4.3959e-04 -4.5642e-04 -4.6687e-04 -4.6244e-04 -4.5767e-04 -4.4237e-04 -4.2892e-04 -3.8870e-04 -3.4232e-04 -3.0141e-04 -2.5097e-04 -1.9793e-04 -1.4373e-04 -8.6637e-05 -2.2894e-05 +2.4659e-05 +5.8002e-05 +1.1400e-04 +1.3372e-04 +1.5974e-04 +1.6976e-04 +1.9670e-04 +2.1812e-04 +2.0760e-04 +2.2407e-04 +1.9399e-04 +1.6660e-04 +1.6244e-04 
-0000.01200 -5.4454e-05 -1.1553e-04 -1.5924e-04 -1.8481e-04 -2.3676e-04 -2.9356e-04 -3.4338e-04 -3.8601e-04 -4.1837e-04 -4.3959e-04 -4.5642e-04 -4.6687e-04 -4.6244e-04 -4.5767e-04 -4.4237e-04 -4.2892e-04 -3.8870e-04 -3.4232e-04 -3.0141e-04 -2.5097e-04 -1.9793e-04 -1.4373e-04 -8.6637e-05 -2.2894e-05 +2.4659e-05 +5.8002e-05 +1.1400e-04 +1.3372e-04 +1.5974e-04 +1.6976e-04 +1.9670e-04 +2.1812e-04 +2.0760e-04 +2.2407e-04 +1.9399e-04 +1.6660e-04 +1.6244e-04 
# Total Vertical 2nd Order Kick [T2m2]
START
            -0000.01800 -0000.01700 -0000.01600 -0000.01500 -0000.01400 -0000.01300 -0000.01200 -0000.01100 -0000.01000 -0000.00900 -0000.00800 -0000.00700 -0000.00600 -0000.00500 -0000.00400 -0000.00300 -0000.00200 -0000.00100 +0000.00000 +0000.00100 +0000.00200 +0000.00300 +0000.00400 +0000.00500 +0000.00600 +0000.00700 +0000.00800 +0000.00900 +0000.01000 +0000.01100 +0000.01200 +0000.01300 +0000.01400 +0000.01500 +0000.01600 +0000.01700 +0000.01800 
+0000.01200 -1.3638e-03 -1.3100e-03 -1.2788e-03 -1.2374e-03 -1.2058e-03 -1.1645e-03 -1.1283e-03 -1.0621e-03 -1.0127e-03 -9.6437e-04 -9.0332e-04 -8.4887e-04 -8.0017e-04 -7.5900e-04 -6.9221e-04 -6.6868e-04 -6.1150e-04 -5.9926e-04 -5.5589e-04 -5.4928e-04 -5.1708e-04 -5.3413e-04 -5.2681e-04 -5.4967e-04 -5.7374e-04 -5.6587e-04 -6.0106e-04 -6.3719e-04 -6.6901e-04 -7.0188e-04 -7.2945e-04 -7.5189e-04 -7.6339e-04 -7.5922e-04 -7.7487e-04 -7.7090e-04 -7.4786e-04 
+0000.00000 -1.3638e-03 -1.3100e-03 -1.2788e-03 -1.2374e-03 -1.2058e-03 -1.1645e-03 -1.1283e-03 -1.0621e-03 -1.0127e-03 -9.6437e-04 -9.0332e-04 -8.4887e-04 -8.0017e-04 -7.5900e-04 -6.9221e-04 -6.6868e-04 -6.1150e-04 -5.9926e-04 -5.5589e-04 -5.4928e-04 -5.1708e-04 -5.3413e-04 -5.2681e-04 -5.4967e-04 -5.7374e-04 -5.6587e-04 -6.0106e-04 -6.3719e-04 -6.6901e-04 -7.0188e-04 -7.2945e-04 -7.5189e-04 -7.6339e-04 -7.5922e-04 -7.7487e-04 -7.7090e-04 -7.4786e-04 
-0000.01200 -1.3638e-03 -1.3100e-03 -1.2788e-03 -1.2374e-03 -1.2058e-03 -1.1645e-03 -1.1283e-03 -1.0621e-03 -1.0127e-03 -9.6437e-04 -9.0332e-04 -8.4887e-04 -8.0017e-04 -7.5900e-04 -6.9221e-04 -6.6868e-04 -6.1150e-04 -5.9926e-04 -5.5589e-04 -5.4928e-04 -5.1708e-04 -5.3413e-04 -5.2681e-04 -5.4967e-04 -5.7374e-04 -5.6587e-04 -6.0106e-04 -6.3719e-04 -6.6901e-04 -7.0188e-04 -7.2945e-04 -7.5189e-04 -7.6339e-04 -7.5922e-04 -7.7487e-04 -7.7090e-04 -7.4786e-04 
# Horizontal Final Position [m]
START
            -0000.01800 -0000.01700 -0000.01600 -0000.01500 -0000.01400 -0000.01300 -0000.01200 -0000.01100 -0000.01000 -0000.00900 -0000.00800 -0000.00700 -0000.00600 -0000.00500 -0000.00400 -0000.00300 -0000.00200 -0000.00100 +0000.00000 +0000.00100 +0000.00200 +0000.00300 +0000.00400 +0000.00500 +0000.00600 +0000.00700 +0000.00800 +0000.00900 +0000.01000 +0000.01100 +0000.01200 +0000.01300 +0000.01400 +0000.01500 +0000.01600 +0000.01700 +0000.01800 
+0000.01200 -1.8029e-02 -1.7031e-02 -1.6032e-02 -1.5033e-02 -1.4034e-02 -1.3035e-02 -1.2036e-02 -1.1036e-02 -1.0035e-02 -9.0343e-03 -8.0328e-03 -7.0308e-03 -6.0283e-03 -5.0255e-03 -4.0222e-03 -3.0188e-03 -2.0146e-03 -1.0103e-03 -5.9809e-06 +9.9843e-04 +2.0030e-03 +3.0073e-03 +4.0116e-03 +5.0161e-03 +6.0200e-03 +7.0235e-03 +8.0273e-03 +9.0303e-03 +1.0033e-02 +1.1036e-02 +1.2038e-02 +1.3041e-02 +1.4042e-02 +1.5045e-02 +1.6046e-02 +1.7047e-02 +1.8048e-02 
+0000.00000 -1.8029e-02 -1.7031e-02 -1.6032e-02 -1.5033e-02 -1.4034e-02 -1.3035e-02 -1.2036e-02 -1.1036e-02 -1.0035e-02 -9.0343e-03 -8.0328e-03 -7.0308e-03 -6.0283e-03 -5.0255e-03 -4.0222e-03 -3.0188e-03 -2.0146e-03 -1.0103e-03 -5.9809e-06 +9.9843e-04 +2.0030e-03 +3.0073e-03 +4.0116e-03 +5.0161e-03 +6.0200e-03 +7.0235e-03 +8.0273e-03 +9.0303e-03 +1.0033e-02 +1.1036e-02 +1.2038e-02 +1.3041e-02 +1.4042e-02 +1.5045e-02 +1.6046e-02 +1.7047e-02 +1.8048e-02 
-0000.01200 -1.8029e-02 -1.7031e-02 -1.6032e-02 -1.5033e-02 -1.4034e-02 -1.3035e-02 -1.2036e-02 -1.1036e-02 -1.0035e-02 -9.0343e-03 -8.0328e-03 -7.0308e-03 -6.0283e-03 -5.0255e-03 -4.0222e-03 -3.0188e-03 -2.0146e-03 -1.0103e-03 -5.9809e-06 +9.9843e-04 +2.0030e-03 +3.0073e-03 +4.0116e-03 +5.0161e-03 +6.0200e-03 +7.0235e-03 +8.0273e-03 +9.0303e-03 +1.0033e-02 +1.1036e-02 +1.2038e-02 +1.3041e-02 +1.4042e-02 +1.5045e-02 +1.6046e-02 +1.7047e-02 +1.8048e-02 
# Vertical Final Position [m]
START
            -0000.01800 -0000.01700 -0000.01600 -0000.01500 -0000.01400 -0000.01300 -0000.01200 -0000.01100 -0000.01000 -0000.00900 -0000.00800 -0000.00700 -0000.00600 -0000.00500 -0000.00400 -0000.00300 -0000.00200 -0000.00100 +0000.00000 +0000.00100 +0000.00200 +0000.00300 +0000.00400 +0000.00500 +0000.00600 +0000.00700 +0000.00800 +0000.00900 +0000.01000 +0000.01100 +0000.01200 +0000.01300 +0000.01400 +0000.01500 +0000.01600 +0000.01700 +0000.01800 
+0000.01200 +1.1875e-02 +1.1881e-02 +1.1886e-02 +1.1892e-02 +1.1898e-02 +1.1905e-02 +1.1912e-02 +1.1920e-02 +1.1928e-02 +1.1936e-02 +1.1944e-02 +1.1952e-02 +1.1960e-02 +1.1967e-02 +1.1975e-02 +1.1981e-02 +1.1988e-02 +1.1994e-02 +1.2001e-02 +1.2006e-02 +1.2011e-02 +1.2015e-02 +1.2020e-02 +1.2023e-02 +1.2026e-02 +1.2030e-02 +1.2032e-02 +1.2034e-02 +1.2036e-02 +1.2038e-02 +1.2040e-02 +1.2042e-02 +1.2043e-02 +1.2045e-02 +1.2047e-02 +1.2048e-02 +1.2050e-02 
+0000.00000 -1.2458e-04 -1.1926e-04 -1.1383e-04 -1.0786e-04 -1.0151e-04 -9.4643e-05 -8.7553e-05 -7.9745e-05 -7.1991e-05 -6.4217e-05 -5.6021e-05 -4.8174e-05 -4.0393e-05 -3.2894e-05 -2.5235e-05 -1.8617e-05 -1.1606e-05 -5.6212e-06 +6.1563e-07 +5.8288e-06 +1.1283e-05 +1.5422e-05 +1.9791e-05 +2.3188e-05 +2.6441e-05 +2.9875e-05 +3.2345e-05 +3.4402e-05 +3.6434e-05 +3.8270e-05 +3.9938e-05 +4.1544e-05 +4.3245e-05 +4.5041e-05 +4.6522e-05 +4.8119e-05 +5.0218e-05 
-0000.01200 -1.2125e-02 -1.2119e-02 -1.2114e-02 -1.2108e-02 -1.2102e-02 -1.2095e-02 -1.2088e-02 -1.2080e-02 -1.2072e-02 -1.2064e-02 -1.2056e-02 -1.2048e-02 -1.2040e-02 -1.2033e-02 -1.2025e-02 -1.2019e-02 -1.2012e-02 -1.2006e-02 -1.1999e-02 -1.1994e-02 -1.1989e-02 -1.1985e-02 -1.1980e-02 -1.1977e-02 -1.1974e-02 -1.1970e-02 -1.1968e-02 -1.1966e-02 -1.1964e-02 -1.1962e-02 -1.1960e-02 -1.1958e-02 -1.1957e-02 -1.1955e-02 -1.1953e-02 -1.1952e-02 -1.1950e-02 