# Author: FAC idanalysis.IDKickMap
# Termination_kicks [T2m2]: -3.7515e-04 +5.7457e-04 +2.7422e-04 +9.0603e-04 
# Total Length of Longitudinal Interval [m]
2.77
# Number of Horizontal Points
37
# Number of Vertical Points
3
# Total Horizontal 2nd Order Kick [T2m2]
START
            -0000.01800 -0000.01700 -0000.01600 -0000.01500 -0000.01400 -0000.01300 -0000.01200 -0000.01100 -0000.01000 -0000.00900 -0000.00800 -0000.00700 -0000.00600 -0000.00500 -0000.00400 -0000.00300 -0000.00200 -0000.00100 +0000.00000 +0000.00100 +0000.00200 +0000.00300 +0000.00400 +0000.00500 +0000.00600 +0000.00700 +0000.00800 +0000.00900 +0000.01000 +0000.01100 +0000.01200 +0000.01300 +0000.01400 +0000.01500 +0000.01600 +0000.01700 +0000.01800 
+0000.01200 +3.0937e-04 +2.8071e-04 +2.4236e-04 +2.0077e-04 +1.5856e-04 +1.0090e-04 +5.4906e-05 -4.0522e-06 -4.4722e-05 -9.0862e-05 -1.4417e-04 -1.7580e-04 -1.9616e-04 -2.1300e-04 -2.0926e-04 -1.6675e-04 -1.3787e-04 -9.4051e-05 -3.5799e-05 +3.6541e-05 +1.3465e-04 +2.2019e-04 +3.0266e-04 +3.7049e-04 +4.4075e-04 +5.0527e-04 +5.8582e-04 +6.4393e-04 +6.7367e-04 +7.2068e-04 +7.1272e-04 +7.4003e-04 +7.3440e-04 +7.1569e-04 +6.7737e-04 +6.5570e-04 +6.1566e-04 
+0000.00000 +3.0937e-04 +2.8071e-04 +2.4236e-04 +2.0077e-04 +1.5856e-04 +1.0090e-04 +5.4906e-05 -4.0522e-06 -4.4722e-05 -9.0862e-05 -1.4417e-04 -1.7580e-04 -1.9616e-04 -2.1300e-04 -2.0926e-04 -1.6675e-04 -1.3787e-04 -9.4051e-05 -3.5799e-05 +3.6541e-05 +1.3465e-04 +2.2019e-04 +3.0266e-04 +3.7049e-04 +4.4075e-04 +5.0527e-04 +5.8582e-04 +6.4393e-04 +6.7367e-04 +7.2068e-04 +7.1272e-04 +7.4003e-04 +7.3440e-04 +7.1569e-04 +6.7737e-04 +6.5570e-04 +6.1566e-04 
-0000.01200 +3.0937e-04 +2.8071e-04 +2.4236e-04 +2.0077e-04 +1.5856e-04 +1.0090e-04 +5.4906e-05 -4.0522e-06 -4.4722e-05 -9.0862e-05 -1.4417e-04 -1.7580e-04 -1.9616e-04 -2.1300e-04 -2.0926e-04 -1.6675e-04 -1.3787e-04 -9.4051e-05 -3.5799e-05 +3.6541e-05 +1.3465e-04 +2.2019e-04 +3.0266e-04 +3.7049e-04 +4.4075e-04 +5.0527e-04 +5.8582e-04 +6.4393e-04 +6.7367e-04 +7.2068e-04 +7.1272e-04 +7.4003e-04 +7.3440e-04 +7.1569e-04 +6.7737e-04 +6.5570e-04 +6.1566e-04 
# Total Vertical 2nd Order Kick [T2m2]
START
            -0000.01800 -0000.01700 -0000.01600 -0000.01500 -0000.01400 -0000.01300 -0000.01200 -0000.01100 -0000.01000 -0000.00900 -0000.00800 -0000.00700 -0000.00600 -0000.00500 -0000.00400 -0000.00300 -0000.00200 -0000.00100 +0000.00000 +0000.00100 +0000.00200 +0000.00300 +0000.00400 +0000.00500 +0000.00600 +0000.00700 +0000.00800 +0000.00900 +0000.01000 +0000.01100 +0000.01200 +0000.01300 +0000.01400 +0000.01500 +0000.01600 +0000.01700 +0000.01800 
+0000.01200 -1.3532e-03 -1.3359e-03 -1.3185e-03 -1.2974e-03 -1.2826e-03 -1.2254e-03 -1.1741e-03 -1.1125e-03 -1.0510e-03 -9.7061e-04 -8.7431e-04 -7.9840e-04 -7.1061e-04 -6.2730e-04 -5.7034e-04 -5.0751e-04 -4.5442e-04 -4.1924e-04 -3.9623e-04 -3.7474e-04 -3.6516e-04 -3.8012e-04 -4.0443e-04 -4.4021e-04 -4.9045e-04 -5.4415e-04 -6.0957e-04 -6.6215e-04 -7.2824e-04 -7.7223e-04 -8.4228e-04 -9.1033e-04 -9.5985e-04 -1.0020e-03 -1.0208e-03 -1.0437e-03 -1.0367e-03 
+0000.00000 -1.3532e-03 -1.3359e-03 -1.3185e-03 -1.2974e-03 -1.2826e-03 -1.2254e-03 -1.1741e-03 -1.1125e-03 -1.0510e-03 -9.7061e-04 -8.7431e-04 -7.9840e-04 -7.1061e-04 -6.2730e-04 -5.7034e-04 -5.0751e-04 -4.5442e-04 -4.1924e-04 -3.9623e-04 -3.7474e-04 -3.6516e-04 -3.8012e-04 -4.0443e-04 -4.4021e-04 -4.9045e-04 -5.4415e-04 -6.0957e-04 -6.6215e-04 -7.2824e-04 -7.7223e-04 -8.4228e-04 -9.1033e-04 -9.5985e-04 -1.0020e-03 -1.0208e-03 -1.0437e-03 -1.0367e-03 
-0000.01200 -1.3532e-03 -1.3359e-03 -1.3185e-03 -1.2974e-03 -1.2826e-03 -1.2254e-03 -1.1741e-03 -1.1125e-03 -1.0510e-03 -9.7061e-04 -8.7431e-04 -7.9840e-04 -7.1061e-04 -6.2730e-04 -5.7034e-04 -5.0751e-04 -4.5442e-04 -4.1924e-04 -3.9623e-04 -3.7474e-04 -3.6516e-04 -3.8012e-04 -4.0443e-04 -4.4021e-04 -4.9045e-04 -5.4415e-04 -6.0957e-04 -6.6215e-04 -7.2824e-04 -7.7223e-04 -8.4228e-04 -9.1033e-04 -9.5985e-04 -1.0020e-03 -1.0208e-03 -1.0437e-03 -1.0367e-03 
# Horizontal Final Position [m]
START
            -0000.01800 -0000.01700 -0000.01600 -0000.01500 -0000.01400 -0000.01300 -0000.01200 -0000.01100 -0000.01000 -0000.00900 -0000.00800 -0000.00700 -0000.00600 -0000.00500 -0000.00400 -0000.00300 -0000.00200 -0000.00100 +0000.00000 +0000.00100 +0000.00200 +0000.00300 +0000.00400 +0000.00500 +0000.00600 +0000.00700 +0000.00800 +0000.00900 +0000.01000 +0000.01100 +0000.01200 +0000.01300 +0000.01400 +0000.01500 +0000.01600 +0000.01700 +0000.01800 
+0000.01200 -1.8041e-02 -1.7043e-02 -1.6045e-02 -1.5047e-02 -1.4049e-02 -1.3051e-02 -1.2051e-02 -1.1052e-02 -1.0051e-02 -9.0506e-03 -8.0492e-03 -7.0470e-03 -6.0438e-03 -5.0401e-03 -4.0357e-03 -3.0303e-03 -2.0248e-03 -1.0189e-03 -1.2739e-05 +9.9357e-04 +2.0003e-03 +3.0065e-03 +4.0124e-03 +5.0178e-03 +6.0228e-03 +7.0274e-03 +8.0320e-03 +9.0361e-03 +1.0039e-02 +1.1043e-02 +1.2045e-02 +1.3048e-02 +1.4049e-02 +1.5051e-02 +1.6052e-02 +1.7054e-02 +1.8054e-02 
+0000.00000 -1.8041e-02 -1.7043e-02 -1.6045e-02 -1.5047e-02 -1.4049e-02 -1.3051e-02 -1.2051e-02 -1.1052e-02 -1.0051e-02 -9.0506e-03 -8.0492e-03 -7.0470e-03 -6.0438e-03 -5.0401e-03 -4.0357e-03 -3.0303e-03 -2.0248e-03 -1.0189e-03 -1.2739e-05 +9.9357e-04 +2.0003e-03 +3.0065e-03 +4.0124e-03 +5.0178e-03 +6.0228e-03 +7.0274e-03 +8.0320e-03 +9.0361e-03 +1.0039e-02 +1.1043e-02 +1.2045e-02 +1.3048e-02 +1.4049e-02 +1.5051e-02 +1.6052e-02 +1.7054e-02 +1.8054e-02 
-0000.01200 -1.8041e-02 -1.7043e-02 -1.6045e-02 -1.5047e-02 -1.4049e-02 -1.3051e-02 -1.2051e-02 -1.1052e-02 -1.0051e-02 -9.0506e-03 -8.0492e-03 -7.0470e-03 -6.0438e-03 -5.0401e-03 -4.0357e-03 -3.0303e-03 -2.0248e-03 -1.0189e-03 -1.2739e-05 +9.9357e-04 +2.0003e-03 +3.0065e-03 +4.0124e-03 +5.0178e-03 +6.0228e-03 +7.0274e-03 +8.0320e-03 +9.0361e-03 +1.0039e-02 +1.1043e-02 +1.2045e-02 +1.3048e-02 +1.4049e-02 +1.5051e-02 +1.6052e-02 +1.7054e-02 +1.8054e-02 
# Vertical Final Position [m]
START
            -0000.01800 -0000.01700 -0000.01600 -0000.01500 -0000.01400 -0000.01300 -0000.01200 -0000.01100 -0000.01000 -0000.00900 -0000.00800 -0000.00700 -0000.00600 -0000.00500 -0000.00400 -0000.00300 -0000.00200 -0000.00100 +0000.00000 +0000.00100 +0000.00200 +0000.00300 +0000.00400 +0000.00500 +0000.00600 +0000.00700 +0000.00800 +0000.00900 +0000.01000 +0000.01100 +0000.01200 +0000.01300 +0000.01400 +0000.01500 +0000.01600 +0000.01700 +0000.01800 
+0000.01200 +1.1852e-02 +1.1858e-02 +1.1865e-02 +1.1872e-02 +1.1880e-02 +1.1890e-02 +1.1900e-02 +1.1910e-02 +1.1920e-02 +1.1931e-02 +1.1943e-02 +1.1953e-02 +1.1964e-02 +1.1974e-02 +1.1983e-02 +1.1992e-02 +1.2001e-02 +1.2008e-02 +1.2015e-02 +1.2021e-02 +1.2027e-02 +1.2032e-02 +1.2036e-02 +1.2040e-02 +1.2042e-02 +1.2045e-02 +1.2047e-02 +1.2048e-02 +1.2049e-02 +1.2051e-02 +1.2051e-02 +1.2051e-02 +1.2052e-02 +1.2053e-02 +1.2054e-02 +1.2055e-02 +1.2056e-02 
+0000.00000 -1.4779e-04 -1.4190e-04 -1.3524e-04 -1.2783e-04 -1.1976e-04 -1.1033e-04 -1.0046e-04 -9.0206e-05 -7.9680e-05 -6.8599e-05 -5.7414e-05 -4.6660e-05 -3.6022e-05 -2.5874e-05 -1.6594e-05 -7.6947e-06 +6.5288e-07 +8.1650e-06 +1.5017e-05 +2.1297e-05 +2.7068e-05 +3.1844e-05 +3.5962e-05 +3.9543e-05 +4.2455e-05 +4.4756e-05 +4.6550e-05 +4.8261e-05 +4.9371e-05 +5.0645e-05 +5.1201e-05 +5.1488e-05 +5.2114e-05 +5.2824e-05 +5.3855e-05 +5.4767e-05 +5.6240e-05 
-0000.01200 -1.2148e-02 -1.2142e-02 -1.2135e-02 -1.2128e-02 -1.2120e-02 -1.2110e-02 -1.2100e-02 -1.2090e-02 -1.2080e-02 -1.2069e-02 -1.2057e-02 -1.2047e-02 -1.2036e-02 -1.2026e-02 -1.2017e-02 -1.2008e-02 -1.1999e-02 -1.1992e-02 -1.1985e-02 -1.1979e-02 -1.1973e-02 -1.1968e-02 -1.1964e-02 -1.1960e-02 -1.1958e-02 -1.1955e-02 -1.1953e-02 -1.1952e-02 -1.1951e-02 -1.1949e-02 -1.1949e-02 -1.1949e-02 -1.1948e-02 -1.1947e-02 -1.1946e-02 -1.1945e-02 -1.1944e-02 