# Author: FAC idanalysis.IDKickMap
# Termination_kicks [T2m2]: -8.6699e-03 +8.0279e-04 +2.0380e-03 +1.3709e-03 
# Total Length of Longitudinal Interval [m]
2.654
# Number of Horizontal Points
31
# Number of Vertical Points
3
# Total Horizontal 2nd Order Kick [T2m2]
START
            -0000.01500 -0000.01400 -0000.01300 -0000.01200 -0000.01100 -0000.01000 -0000.00900 -0000.00800 -0000.00700 -0000.00600 -0000.00500 -0000.00400 -0000.00300 -0000.00200 -0000.00100 +0000.00000 +0000.00100 +0000.00200 +0000.00300 +0000.00400 +0000.00500 +0000.00600 +0000.00700 +0000.00800 +0000.00900 +0000.01000 +0000.01100 +0000.01200 +0000.01300 +0000.01400 +0000.01500 
+0000.01200 +4.6413e-03 +4.7419e-03 +4.8400e-03 +4.9393e-03 +5.0440e-03 +5.1526e-03 +5.2639e-03 +5.3753e-03 +5.4838e-03 +5.5915e-03 +5.7016e-03 +5.8155e-03 +5.9347e-03 +6.0584e-03 +6.1827e-03 +6.3065e-03 +6.4314e-03 +6.5614e-03 +6.6970e-03 +6.8338e-03 +6.9700e-03 +7.1147e-03 +7.2751e-03 +7.4438e-03 +7.6131e-03 +7.7882e-03 +7.9742e-03 +8.1682e-03 +8.3679e-03 +8.5779e-03 +8.8018e-03 
+0000.00000 +4.6413e-03 +4.7419e-03 +4.8400e-03 +4.9393e-03 +5.0440e-03 +5.1526e-03 +5.2639e-03 +5.3753e-03 +5.4838e-03 +5.5915e-03 +5.7016e-03 +5.8155e-03 +5.9347e-03 +6.0584e-03 +6.1827e-03 +6.3065e-03 +6.4314e-03 +6.5614e-03 +6.6970e-03 +6.8338e-03 +6.9700e-03 +7.1147e-03 +7.2751e-03 +7.4438e-03 +7.6131e-03 +7.7882e-03 +7.9742e-03 +8.1682e-03 +8.3679e-03 +8.5779e-03 +8.8018e-03 
-0000.01200 +4.6413e-03 +4.7419e-03 +4.8400e-03 +4.9393e-03 +5.0440e-03 +5.1526e-03 +5.2639e-03 +5.3753e-03 +5.4838e-03 +5.5915e-03 +5.7016e-03 +5.8155e-03 +5.9347e-03 +6.0584e-03 +6.1827e-03 +6.3065e-03 +6.4314e-03 +6.5614e-03 +6.6970e-03 +6.8338e-03 +6.9700e-03 +7.1147e-03 +7.2751e-03 +7.4438e-03 +7.6131e-03 +7.7882e-03 +7.9742e-03 +8.1682e-03 +8.3679e-03 +8.5779e-03 +8.8018e-03 
# Total Vertical 2nd Order Kick [T2m2]
START
            -0000.01500 -0000.01400 -0000.01300 -0000.01200 -0000.01100 -0000.01000 -0000.00900 -0000.00800 -0000.00700 -0000.00600 -0000.00500 -0000.00400 -0000.00300 -0000.00200 -0000.00100 +0000.00000 +0000.00100 +0000.00200 +0000.00300 +0000.00400 +0000.00500 +0000.00600 +0000.00700 +0000.00800 +0000.00900 +0000.01000 +0000.01100 +0000.01200 +0000.01300 +0000.01400 +0000.01500 
+0000.01200 -1.0269e-03 -1.0086e-03 -9.9379e-04 -9.7557e-04 -9.4616e-04 -9.0685e-04 -8.6345e-04 -8.2410e-04 -7.9465e-04 -7.7173e-04 -7.5132e-04 -7.3613e-04 -7.3038e-04 -7.3637e-04 -7.5348e-04 -7.7359e-04 -7.9041e-04 -8.1288e-04 -8.5187e-04 -9.0869e-04 -9.8182e-04 -1.0630e-03 -1.1431e-03 -1.2302e-03 -1.3368e-03 -1.4576e-03 -1.5819e-03 -1.7131e-03 -1.8578e-03 -2.0139e-03 -2.1761e-03 
+0000.00000 -1.0269e-03 -1.0086e-03 -9.9379e-04 -9.7557e-04 -9.4616e-04 -9.0685e-04 -8.6345e-04 -8.2410e-04 -7.9465e-04 -7.7173e-04 -7.5132e-04 -7.3613e-04 -7.3038e-04 -7.3637e-04 -7.5348e-04 -7.7359e-04 -7.9041e-04 -8.1288e-04 -8.5187e-04 -9.0869e-04 -9.8182e-04 -1.0630e-03 -1.1431e-03 -1.2302e-03 -1.3368e-03 -1.4576e-03 -1.5819e-03 -1.7131e-03 -1.8578e-03 -2.0139e-03 -2.1761e-03 
-0000.01200 -1.0269e-03 -1.0086e-03 -9.9379e-04 -9.7557e-04 -9.4616e-04 -9.0685e-04 -8.6345e-04 -8.2410e-04 -7.9465e-04 -7.7173e-04 -7.5132e-04 -7.3613e-04 -7.3038e-04 -7.3637e-04 -7.5348e-04 -7.7359e-04 -7.9041e-04 -8.1288e-04 -8.5187e-04 -9.0869e-04 -9.8182e-04 -1.0630e-03 -1.1431e-03 -1.2302e-03 -1.3368e-03 -1.4576e-03 -1.5819e-03 -1.7131e-03 -1.8578e-03 -2.0139e-03 -2.1761e-03 
# Horizontal Final Position [m]
START
            -0000.01500 -0000.01400 -0000.01300 -0000.01200 -0000.01100 -0000.01000 -0000.00900 -0000.00800 -0000.00700 -0000.00600 -0000.00500 -0000.00400 -0000.00300 -0000.00200 -0000.00100 +0000.00000 +0000.00100 +0000.00200 +0000.00300 +0000.00400 +0000.00500 +0000.00600 +0000.00700 +0000.00800 +0000.00900 +0000.01000 +0000.01100 +0000.01200 +0000.01300 +0000.01400 +0000.01500 
+0000.01200 -1.5248e-02 -1.4239e-02 -1.3231e-02 -1.2223e-02 -1.1215e-02 -1.0207e-02 -9.2004e-03 -8.1938e-03 -7.1877e-03 -6.1821e-03 -5.1768e-03 -4.1719e-03 -3.1673e-03 -2.1631e-03 -1.1594e-03 -1.5606e-04 +8.4685e-04 +1.8494e-03 +2.8516e-03 +3.8533e-03 +4.8545e-03 +5.8554e-03 +6.8560e-03 +7.8563e-03 +8.8561e-03 +9.8555e-03 +1.0855e-02 +1.1853e-02 +1.2851e-02 +1.3849e-02 +1.4847e-02 
+0000.00000 -1.5248e-02 -1.4239e-02 -1.3231e-02 -1.2223e-02 -1.1215e-02 -1.0207e-02 -9.2004e-03 -8.1938e-03 -7.1877e-03 -6.1821e-03 -5.1768e-03 -4.1719e-03 -3.1673e-03 -2.1631e-03 -1.1594e-03 -1.5606e-04 +8.4685e-04 +1.8494e-03 +2.8516e-03 +3.8533e-03 +4.8545e-03 +5.8554e-03 +6.8560e-03 +7.8563e-03 +8.8561e-03 +9.8555e-03 +1.0855e-02 +1.1853e-02 +1.2851e-02 +1.3849e-02 +1.4847e-02 
-0000.01200 -1.5248e-02 -1.4239e-02 -1.3231e-02 -1.2223e-02 -1.1215e-02 -1.0207e-02 -9.2004e-03 -8.1938e-03 -7.1877e-03 -6.1821e-03 -5.1768e-03 -4.1719e-03 -3.1673e-03 -2.1631e-03 -1.1594e-03 -1.5606e-04 +8.4685e-04 +1.8494e-03 +2.8516e-03 +3.8533e-03 +4.8545e-03 +5.8554e-03 +6.8560e-03 +7.8563e-03 +8.8561e-03 +9.8555e-03 +1.0855e-02 +1.1853e-02 +1.2851e-02 +1.3849e-02 +1.4847e-02 
# Vertical Final Position [m]
START
            -0000.01500 -0000.01400 -0000.01300 -0000.01200 -0000.01100 -0000.01000 -0000.00900 -0000.00800 -0000.00700 -0000.00600 -0000.00500 -0000.00400 -0000.00300 -0000.00200 -0000.00100 +0000.00000 +0000.00100 +0000.00200 +0000.00300 +0000.00400 +0000.00500 +0000.00600 +0000.00700 +0000.00800 +0000.00900 +0000.01000 +0000.01100 +0000.01200 +0000.01300 +0000.01400 +0000.01500 
+0000.01200 +1.2033e-02 +1.2032e-02 +1.2032e-02 +1.2031e-02 +1.2031e-02 +1.2030e-02 +1.2030e-02 +1.2029e-02 +1.2028e-02 +1.2027e-02 +1.2026e-02 +1.2024e-02 +1.2023e-02 +1.2021e-02 +1.2019e-02 +1.2016e-02 +1.2014e-02 +1.2011e-02 +1.2009e-02 +1.2006e-02 +1.2002e-02 +1.1999e-02 +1.1996e-02 +1.1992e-02 +1.1989e-02 +1.1985e-02 +1.1981e-02 +1.1977e-02 +1.1973e-02 +1.1968e-02 +1.1964e-02 
+0000.00000 +3.2669e-05 +3.2423e-05 +3.1976e-05 +3.1433e-05 +3.0918e-05 +3.0452e-05 +2.9992e-05 +2.9364e-05 +2.8415e-05 +2.7218e-05 +2.5884e-05 +2.4408e-05 +2.2749e-05 +2.0827e-05 +1.8605e-05 +1.6240e-05 +1.3878e-05 +1.1434e-05 +8.7797e-06 +5.8179e-06 +2.4976e-06 -9.3062e-07 -4.1921e-06 -7.5115e-06 -1.1207e-05 -1.5131e-05 -1.9031e-05 -2.2999e-05 -2.7205e-05 -3.1550e-05 -3.5856e-05 
-0000.01200 -1.1967e-02 -1.1968e-02 -1.1968e-02 -1.1969e-02 -1.1969e-02 -1.1970e-02 -1.1970e-02 -1.1971e-02 -1.1972e-02 -1.1973e-02 -1.1974e-02 -1.1976e-02 -1.1977e-02 -1.1979e-02 -1.1981e-02 -1.1984e-02 -1.1986e-02 -1.1989e-02 -1.1991e-02 -1.1994e-02 -1.1998e-02 -1.2001e-02 -1.2004e-02 -1.2008e-02 -1.2011e-02 -1.2015e-02 -1.2019e-02 -1.2023e-02 -1.2027e-02 -1.2032e-02 -1.2036e-02 