# Author: FAC idanalysis.IDKickMap
# Termination_kicks [T2m2]: -2.1456e-04 -4.0979e-04 +5.6311e-04 +6.6280e-04 
# Total Length of Longitudinal Interval [m]
2.77
# Number of Horizontal Points
37
# Number of Vertical Points
3
# Total Horizontal 2nd Order Kick [T2m2]
START
            -0000.01800 -0000.01700 -0000.01600 -0000.01500 -0000.01400 -0000.01300 -0000.01200 -0000.01100 -0000.01000 -0000.00900 -0000.00800 -0000.00700 -0000.00600 -0000.00500 -0000.00400 -0000.00300 -0000.00200 -0000.00100 +0000.00000 +0000.00100 +0000.00200 +0000.00300 +0000.00400 +0000.00500 +0000.00600 +0000.00700 +0000.00800 +0000.00900 +0000.01000 +0000.01100 +0000.01200 +0000.01300 +0000.01400 +0000.01500 +0000.01600 +0000.01700 +0000.01800 
+0000.01200 +9.8486e-05 +4.7960e-05 +2.9616e-05 +1.2045e-05 -4.5883e-06 -3.8314e-05 -5.8764e-05 -8.8025e-05 -1.2142e-04 -1.4075e-04 -1.5887e-04 -1.7935e-04 -1.7836e-04 -1.8619e-04 -1.9149e-04 -1.8505e-04 -1.7889e-04 -1.5408e-04 -1.1547e-04 -7.9203e-05 -6.2918e-05 -1.8845e-05 +3.5026e-07 +4.1904e-05 +8.5914e-05 +1.3172e-04 +1.6878e-04 +2.1187e-04 +2.5469e-04 +2.7544e-04 +2.8344e-04 +2.9522e-04 +2.8968e-04 +2.9314e-04 +2.9277e-04 +2.7568e-04 +2.6045e-04 
+0000.00000 +9.8486e-05 +4.7960e-05 +2.9616e-05 +1.2045e-05 -4.5883e-06 -3.8314e-05 -5.8764e-05 -8.8025e-05 -1.2142e-04 -1.4075e-04 -1.5887e-04 -1.7935e-04 -1.7836e-04 -1.8619e-04 -1.9149e-04 -1.8505e-04 -1.7889e-04 -1.5408e-04 -1.1547e-04 -7.9203e-05 -6.2918e-05 -1.8845e-05 +3.5026e-07 +4.1904e-05 +8.5914e-05 +1.3172e-04 +1.6878e-04 +2.1187e-04 +2.5469e-04 +2.7544e-04 +2.8344e-04 +2.9522e-04 +2.8968e-04 +2.9314e-04 +2.9277e-04 +2.7568e-04 +2.6045e-04 
-0000.01200 +9.8486e-05 +4.7960e-05 +2.9616e-05 +1.2045e-05 -4.5883e-06 -3.8314e-05 -5.8764e-05 -8.8025e-05 -1.2142e-04 -1.4075e-04 -1.5887e-04 -1.7935e-04 -1.7836e-04 -1.8619e-04 -1.9149e-04 -1.8505e-04 -1.7889e-04 -1.5408e-04 -1.1547e-04 -7.9203e-05 -6.2918e-05 -1.8845e-05 +3.5026e-07 +4.1904e-05 +8.5914e-05 +1.3172e-04 +1.6878e-04 +2.1187e-04 +2.5469e-04 +2.7544e-04 +2.8344e-04 +2.9522e-04 +2.8968e-04 +2.9314e-04 +2.9277e-04 +2.7568e-04 +2.6045e-04 
# Total Vertical 2nd Order Kick [T2m2]
START
            -0000.01800 -0000.01700 -0000.01600 -0000.01500 -0000.01400 -0000.01300 -0000.01200 -0000.01100 -0000.01000 -0000.00900 -0000.00800 -0000.00700 -0000.00600 -0000.00500 -0000.00400 -0000.00300 -0000.00200 -0000.00100 +0000.00000 +0000.00100 +0000.00200 +0000.00300 +0000.00400 +0000.00500 +0000.00600 +0000.00700 +0000.00800 +0000.00900 +0000.01000 +0000.01100 +0000.01200 +0000.01300 +0000.01400 +0000.01500 +0000.01600 +0000.01700 +0000.01800 
+0000.01200 -7.6712e-04 -7.8200e-04 -8.0280e-04 -8.4006e-04 -8.6453e-04 -8.9638e-04 -9.1289e-04 -9.4994e-04 -9.8312e-04 -1.0032e-03 -1.0410e-03 -1.0572e-03 -1.0801e-03 -1.0934e-03 -1.1140e-03 -1.1427e-03 -1.1644e-03 -1.1667e-03 -1.1660e-03 -1.1632e-03 -1.1524e-03 -1.1521e-03 -1.1339e-03 -1.1109e-03 -1.0736e-03 -1.0409e-03 -1.0068e-03 -9.7751e-04 -9.3515e-04 -8.9976e-04 -8.4690e-04 -8.1610e-04 -7.5311e-04 -6.7266e-04 -6.0974e-04 -5.2962e-04 -4.5393e-04 
+0000.00000 -7.6712e-04 -7.8200e-04 -8.0280e-04 -8.4006e-04 -8.6453e-04 -8.9638e-04 -9.1289e-04 -9.4994e-04 -9.8312e-04 -1.0032e-03 -1.0410e-03 -1.0572e-03 -1.0801e-03 -1.0934e-03 -1.1140e-03 -1.1427e-03 -1.1644e-03 -1.1667e-03 -1.1660e-03 -1.1632e-03 -1.1524e-03 -1.1521e-03 -1.1339e-03 -1.1109e-03 -1.0736e-03 -1.0409e-03 -1.0068e-03 -9.7751e-04 -9.3515e-04 -8.9976e-04 -8.4690e-04 -8.1610e-04 -7.5311e-04 -6.7266e-04 -6.0974e-04 -5.2962e-04 -4.5393e-04 
-0000.01200 -7.6712e-04 -7.8200e-04 -8.0280e-04 -8.4006e-04 -8.6453e-04 -8.9638e-04 -9.1289e-04 -9.4994e-04 -9.8312e-04 -1.0032e-03 -1.0410e-03 -1.0572e-03 -1.0801e-03 -1.0934e-03 -1.1140e-03 -1.1427e-03 -1.1644e-03 -1.1667e-03 -1.1660e-03 -1.1632e-03 -1.1524e-03 -1.1521e-03 -1.1339e-03 -1.1109e-03 -1.0736e-03 -1.0409e-03 -1.0068e-03 -9.7751e-04 -9.3515e-04 -8.9976e-04 -8.4690e-04 -8.1610e-04 -7.5311e-04 -6.7266e-04 -6.0974e-04 -5.2962e-04 -4.5393e-04 
# Horizontal Final Position [m]
START
            -0000.01800 -0000.01700 -0000.01600 -0000.01500 -0000.01400 -0000.01300 -0000.01200 -0000.01100 -0000.01000 -0000.00900 -0000.00800 -0000.00700 -0000.00600 -0000.00500 -0000.00400 -0000.00300 -0000.00200 -0000.00100 +0000.00000 +0000.00100 +0000.00200 +0000.00300 +0000.00400 +0000.00500 +0000.00600 +0000.00700 +0000.00800 +0000.00900 +0000.01000 +0000.01100 +0000.01200 +0000.01300 +0000.01400 +0000.01500 +0000.01600 +0000.01700 +0000.01800 
+0000.01200 -1.8029e-02 -1.7031e-02 -1.6032e-02 -1.5032e-02 -1.4033e-02 -1.3034e-02 -1.2034e-02 -1.1033e-02 -1.0033e-02 -9.0322e-03 -8.0309e-03 -7.0293e-03 -6.0269e-03 -5.0245e-03 -4.0217e-03 -3.0186e-03 -2.0153e-03 -1.0115e-03 -7.5195e-06 +9.9658e-04 +2.0002e-03 +3.0044e-03 +4.0080e-03 +5.0120e-03 +6.0158e-03 +7.0196e-03 +8.0231e-03 +9.0267e-03 +1.0030e-02 +1.1033e-02 +1.2036e-02 +1.3038e-02 +1.4040e-02 +1.5042e-02 +1.6044e-02 +1.7045e-02 +1.8047e-02 
+0000.00000 -1.8029e-02 -1.7031e-02 -1.6032e-02 -1.5032e-02 -1.4033e-02 -1.3034e-02 -1.2034e-02 -1.1033e-02 -1.0033e-02 -9.0322e-03 -8.0309e-03 -7.0293e-03 -6.0269e-03 -5.0245e-03 -4.0217e-03 -3.0186e-03 -2.0153e-03 -1.0115e-03 -7.5195e-06 +9.9658e-04 +2.0002e-03 +3.0044e-03 +4.0080e-03 +5.0120e-03 +6.0158e-03 +7.0196e-03 +8.0231e-03 +9.0267e-03 +1.0030e-02 +1.1033e-02 +1.2036e-02 +1.3038e-02 +1.4040e-02 +1.5042e-02 +1.6044e-02 +1.7045e-02 +1.8047e-02 
-0000.01200 -1.8029e-02 -1.7031e-02 -1.6032e-02 -1.5032e-02 -1.4033e-02 -1.3034e-02 -1.2034e-02 -1.1033e-02 -1.0033e-02 -9.0322e-03 -8.0309e-03 -7.0293e-03 -6.0269e-03 -5.0245e-03 -4.0217e-03 -3.0186e-03 -2.0153e-03 -1.0115e-03 -7.5195e-06 +9.9658e-04 +2.0002e-03 +3.0044e-03 +4.0080e-03 +5.0120e-03 +6.0158e-03 +7.0196e-03 +8.0231e-03 +9.0267e-03 +1.0030e-02 +1.1033e-02 +1.2036e-02 +1.3038e-02 +1.4040e-02 +1.5042e-02 +1.6044e-02 +1.7045e-02 +1.8047e-02 
# Vertical Final Position [m]
START
            -0000.01800 -0000.01700 -0000.01600 -0000.01500 -0000.01400 -0000.01300 -0000.01200 -0000.01100 -0000.01000 -0000.00900 -0000.00800 -0000.00700 -0000.00600 -0000.00500 -0000.00400 -0000.00300 -0000.00200 -0000.00100 +0000.00000 +0000.00100 +0000.00200 +0000.00300 +0000.00400 +0000.00500 +0000.00600 +0000.00700 +0000.00800 +0000.00900 +0000.01000 +0000.01100 +0000.01200 +0000.01300 +0000.01400 +0000.01500 +0000.01600 +0000.01700 +0000.01800 
+0000.01200 +1.1867e-02 +1.1871e-02 +1.1876e-02 +1.1880e-02 +1.1886e-02 +1.1891e-02 +1.1897e-02 +1.1903e-02 +1.1909e-02 +1.1916e-02 +1.1922e-02 +1.1928e-02 +1.1935e-02 +1.1941e-02 +1.1947e-02 +1.1953e-02 +1.1958e-02 +1.1964e-02 +1.1969e-02 +1.1974e-02 +1.1979e-02 +1.1984e-02 +1.1988e-02 +1.1993e-02 +1.1997e-02 +1.2001e-02 +1.2005e-02 +1.2008e-02 +1.2012e-02 +1.2015e-02 +1.2018e-02 +1.2021e-02 +1.2024e-02 +1.2027e-02 +1.2030e-02 +1.2033e-02 +1.2036e-02 
+0000.00000 -1.3279e-04 -1.2867e-04 -1.2421e-04 -1.1957e-04 -1.1427e-04 -1.0885e-04 -1.0277e-04 -9.6903e-05 -9.0748e-05 -8.4253e-05 -7.8029e-05 -7.1576e-05 -6.5325e-05 -5.9082e-05 -5.3068e-05 -4.7485e-05 -4.1912e-05 -3.6432e-05 -3.1028e-05 -2.5896e-05 -2.0934e-05 -1.6413e-05 -1.1873e-05 -7.4602e-06 -3.0962e-06 +8.9795e-07 +4.7351e-06 +8.1096e-06 +1.1509e-05 +1.4665e-05 +1.7929e-05 +2.0635e-05 +2.3802e-05 +2.7139e-05 +3.0019e-05 +3.3122e-05 +3.6174e-05 
-0000.01200 -1.2133e-02 -1.2129e-02 -1.2124e-02 -1.2120e-02 -1.2114e-02 -1.2109e-02 -1.2103e-02 -1.2097e-02 -1.2091e-02 -1.2084e-02 -1.2078e-02 -1.2072e-02 -1.2065e-02 -1.2059e-02 -1.2053e-02 -1.2047e-02 -1.2042e-02 -1.2036e-02 -1.2031e-02 -1.2026e-02 -1.2021e-02 -1.2016e-02 -1.2012e-02 -1.2007e-02 -1.2003e-02 -1.1999e-02 -1.1995e-02 -1.1992e-02 -1.1988e-02 -1.1985e-02 -1.1982e-02 -1.1979e-02 -1.1976e-02 -1.1973e-02 -1.1970e-02 -1.1967e-02 -1.1964e-02 