# Author: FAC idanalysis.IDKickMap
# Termination_kicks [T2m2]: -8.0557e-04 -1.0793e-04 +2.4626e-04 +3.9891e-05 
# Total Length of Longitudinal Interval [m]
2.77
# Number of Horizontal Points
37
# Number of Vertical Points
3
# Total Horizontal 2nd Order Kick [T2m2]
START
            -0000.01800 -0000.01700 -0000.01600 -0000.01500 -0000.01400 -0000.01300 -0000.01200 -0000.01100 -0000.01000 -0000.00900 -0000.00800 -0000.00700 -0000.00600 -0000.00500 -0000.00400 -0000.00300 -0000.00200 -0000.00100 +0000.00000 +0000.00100 +0000.00200 +0000.00300 +0000.00400 +0000.00500 +0000.00600 +0000.00700 +0000.00800 +0000.00900 +0000.01000 +0000.01100 +0000.01200 +0000.01300 +0000.01400 +0000.01500 +0000.01600 +0000.01700 +0000.01800 
+0000.01200 +8.3616e-04 +8.2106e-04 +8.2248e-04 +8.1140e-04 +8.1438e-04 +7.7835e-04 +7.4323e-04 +7.2409e-04 +6.8822e-04 +6.2909e-04 +5.8712e-04 +5.6379e-04 +5.1386e-04 +5.0314e-04 +4.6229e-04 +4.3117e-04 +4.2453e-04 +4.3125e-04 +4.6013e-04 +4.9779e-04 +5.1530e-04 +5.8704e-04 +6.4227e-04 +6.9374e-04 +7.7821e-04 +8.5818e-04 +9.5151e-04 +1.0464e-03 +1.1186e-03 +1.1778e-03 +1.2343e-03 +1.2341e-03 +1.2547e-03 +1.2541e-03 +1.2228e-03 +1.1678e-03 +1.1163e-03 
+0000.00000 +8.3616e-04 +8.2106e-04 +8.2248e-04 +8.1140e-04 +8.1438e-04 +7.7835e-04 +7.4323e-04 +7.2409e-04 +6.8822e-04 +6.2909e-04 +5.8712e-04 +5.6379e-04 +5.1386e-04 +5.0314e-04 +4.6229e-04 +4.3117e-04 +4.2453e-04 +4.3125e-04 +4.6013e-04 +4.9779e-04 +5.1530e-04 +5.8704e-04 +6.4227e-04 +6.9374e-04 +7.7821e-04 +8.5818e-04 +9.5151e-04 +1.0464e-03 +1.1186e-03 +1.1778e-03 +1.2343e-03 +1.2341e-03 +1.2547e-03 +1.2541e-03 +1.2228e-03 +1.1678e-03 +1.1163e-03 
-0000.01200 +8.3616e-04 +8.2106e-04 +8.2248e-04 +8.1140e-04 +8.1438e-04 +7.7835e-04 +7.4323e-04 +7.2409e-04 +6.8822e-04 +6.2909e-04 +5.8712e-04 +5.6379e-04 +5.1386e-04 +5.0314e-04 +4.6229e-04 +4.3117e-04 +4.2453e-04 +4.3125e-04 +4.6013e-04 +4.9779e-04 +5.1530e-04 +5.8704e-04 +6.4227e-04 +6.9374e-04 +7.7821e-04 +8.5818e-04 +9.5151e-04 +1.0464e-03 +1.1186e-03 +1.1778e-03 +1.2343e-03 +1.2341e-03 +1.2547e-03 +1.2541e-03 +1.2228e-03 +1.1678e-03 +1.1163e-03 
# Total Vertical 2nd Order Kick [T2m2]
START
            -0000.01800 -0000.01700 -0000.01600 -0000.01500 -0000.01400 -0000.01300 -0000.01200 -0000.01100 -0000.01000 -0000.00900 -0000.00800 -0000.00700 -0000.00600 -0000.00500 -0000.00400 -0000.00300 -0000.00200 -0000.00100 +0000.00000 +0000.00100 +0000.00200 +0000.00300 +0000.00400 +0000.00500 +0000.00600 +0000.00700 +0000.00800 +0000.00900 +0000.01000 +0000.01100 +0000.01200 +0000.01300 +0000.01400 +0000.01500 +0000.01600 +0000.01700 +0000.01800 
+0000.01200 -7.7945e-05 -1.6606e-04 -2.6212e-04 -3.6241e-04 -4.5429e-04 -5.3962e-04 -6.1103e-04 -6.6920e-04 -7.2653e-04 -7.8692e-04 -8.2647e-04 -8.9876e-04 -9.3863e-04 -1.0205e-03 -1.0856e-03 -1.1459e-03 -1.2016e-03 -1.2503e-03 -1.3004e-03 -1.3102e-03 -1.3077e-03 -1.2893e-03 -1.2542e-03 -1.1846e-03 -1.1290e-03 -1.0688e-03 -1.0039e-03 -9.4710e-04 -8.9384e-04 -8.4369e-04 -7.8870e-04 -7.2887e-04 -6.8241e-04 -6.1428e-04 -5.4074e-04 -4.7466e-04 -3.8470e-04 
+0000.00000 -7.7945e-05 -1.6606e-04 -2.6212e-04 -3.6241e-04 -4.5429e-04 -5.3962e-04 -6.1103e-04 -6.6920e-04 -7.2653e-04 -7.8692e-04 -8.2647e-04 -8.9876e-04 -9.3863e-04 -1.0205e-03 -1.0856e-03 -1.1459e-03 -1.2016e-03 -1.2503e-03 -1.3004e-03 -1.3102e-03 -1.3077e-03 -1.2893e-03 -1.2542e-03 -1.1846e-03 -1.1290e-03 -1.0688e-03 -1.0039e-03 -9.4710e-04 -8.9384e-04 -8.4369e-04 -7.8870e-04 -7.2887e-04 -6.8241e-04 -6.1428e-04 -5.4074e-04 -4.7466e-04 -3.8470e-04 
-0000.01200 -7.7945e-05 -1.6606e-04 -2.6212e-04 -3.6241e-04 -4.5429e-04 -5.3962e-04 -6.1103e-04 -6.6920e-04 -7.2653e-04 -7.8692e-04 -8.2647e-04 -8.9876e-04 -9.3863e-04 -1.0205e-03 -1.0856e-03 -1.1459e-03 -1.2016e-03 -1.2503e-03 -1.3004e-03 -1.3102e-03 -1.3077e-03 -1.2893e-03 -1.2542e-03 -1.1846e-03 -1.1290e-03 -1.0688e-03 -1.0039e-03 -9.4710e-04 -8.9384e-04 -8.4369e-04 -7.8870e-04 -7.2887e-04 -6.8241e-04 -6.1428e-04 -5.4074e-04 -4.7466e-04 -3.8470e-04 
# Horizontal Final Position [m]
START
            -0000.01800 -0000.01700 -0000.01600 -0000.01500 -0000.01400 -0000.01300 -0000.01200 -0000.01100 -0000.01000 -0000.00900 -0000.00800 -0000.00700 -0000.00600 -0000.00500 -0000.00400 -0000.00300 -0000.00200 -0000.00100 +0000.00000 +0000.00100 +0000.00200 +0000.00300 +0000.00400 +0000.00500 +0000.00600 +0000.00700 +0000.00800 +0000.00900 +0000.01000 +0000.01100 +0000.01200 +0000.01300 +0000.01400 +0000.01500 +0000.01600 +0000.01700 +0000.01800 
+0000.01200 -1.8048e-02 -1.7050e-02 -1.6052e-02 -1.5055e-02 -1.4056e-02 -1.3058e-02 -1.2059e-02 -1.1059e-02 -1.0059e-02 -9.0580e-03 -8.0560e-03 -7.0531e-03 -6.0499e-03 -5.0452e-03 -4.0410e-03 -3.0358e-03 -2.0302e-03 -1.0244e-03 -1.8079e-05 +9.8826e-04 +1.9940e-03 +3.0006e-03 +4.0065e-03 +5.0120e-03 +6.0179e-03 +7.0233e-03 +8.0286e-03 +9.0337e-03 +1.0038e-02 +1.1042e-02 +1.2046e-02 +1.3049e-02 +1.4052e-02 +1.5054e-02 +1.6055e-02 +1.7056e-02 +1.8057e-02 
+0000.00000 -1.8048e-02 -1.7050e-02 -1.6052e-02 -1.5055e-02 -1.4056e-02 -1.3058e-02 -1.2059e-02 -1.1059e-02 -1.0059e-02 -9.0580e-03 -8.0560e-03 -7.0531e-03 -6.0499e-03 -5.0452e-03 -4.0410e-03 -3.0358e-03 -2.0302e-03 -1.0244e-03 -1.8079e-05 +9.8826e-04 +1.9940e-03 +3.0006e-03 +4.0065e-03 +5.0120e-03 +6.0179e-03 +7.0233e-03 +8.0286e-03 +9.0337e-03 +1.0038e-02 +1.1042e-02 +1.2046e-02 +1.3049e-02 +1.4052e-02 +1.5054e-02 +1.6055e-02 +1.7056e-02 +1.8057e-02 
-0000.01200 -1.8048e-02 -1.7050e-02 -1.6052e-02 -1.5055e-02 -1.4056e-02 -1.3058e-02 -1.2059e-02 -1.1059e-02 -1.0059e-02 -9.0580e-03 -8.0560e-03 -7.0531e-03 -6.0499e-03 -5.0452e-03 -4.0410e-03 -3.0358e-03 -2.0302e-03 -1.0244e-03 -1.8079e-05 +9.8826e-04 +1.9940e-03 +3.0006e-03 +4.0065e-03 +5.0120e-03 +6.0179e-03 +7.0233e-03 +8.0286e-03 +9.0337e-03 +1.0038e-02 +1.1042e-02 +1.2046e-02 +1.3049e-02 +1.4052e-02 +1.5054e-02 +1.6055e-02 +1.7056e-02 +1.8057e-02 
# Vertical Final Position [m]
START
            -0000.01800 -0000.01700 -0000.01600 -0000.01500 -0000.01400 -0000.01300 -0000.01200 -0000.01100 -0000.01000 -0000.00900 -0000.00800 -0000.00700 -0000.00600 -0000.00500 -0000.00400 -0000.00300 -0000.00200 -0000.00100 +0000.00000 +0000.00100 +0000.00200 +0000.00300 +0000.00400 +0000.00500 +0000.00600 +0000.00700 +0000.00800 +0000.00900 +0000.01000 +0000.01100 +0000.01200 +0000.01300 +0000.01400 +0000.01500 +0000.01600 +0000.01700 +0000.01800 
+0000.01200 +1.1829e-02 +1.1834e-02 +1.1840e-02 +1.1846e-02 +1.1854e-02 +1.1863e-02 +1.1872e-02 +1.1882e-02 +1.1893e-02 +1.1903e-02 +1.1914e-02 +1.1923e-02 +1.1933e-02 +1.1941e-02 +1.1949e-02 +1.1956e-02 +1.1963e-02 +1.1969e-02 +1.1974e-02 +1.1981e-02 +1.1986e-02 +1.1992e-02 +1.1998e-02 +1.2004e-02 +1.2009e-02 +1.2013e-02 +1.2017e-02 +1.2021e-02 +1.2024e-02 +1.2027e-02 +1.2029e-02 +1.2032e-02 +1.2034e-02 +1.2036e-02 +1.2038e-02 +1.2041e-02 +1.2043e-02 
+0000.00000 -1.7067e-04 -1.6596e-04 -1.6024e-04 -1.5360e-04 -1.4602e-04 -1.3739e-04 -1.2792e-04 -1.1762e-04 -1.0722e-04 -9.6961e-05 -8.6280e-05 -7.6837e-05 -6.7171e-05 -5.9059e-05 -5.1331e-05 -4.4213e-05 -3.7498e-05 -3.1216e-05 -2.5535e-05 -1.9393e-05 -1.3542e-05 -7.7512e-06 -2.1455e-06 +3.6756e-06 +8.5953e-06 +1.3201e-05 +1.7317e-05 +2.0909e-05 +2.4026e-05 +2.6840e-05 +2.9286e-05 +3.1685e-05 +3.3701e-05 +3.6054e-05 +3.8447e-05 +4.0626e-05 +4.3338e-05 
-0000.01200 -1.2171e-02 -1.2166e-02 -1.2160e-02 -1.2154e-02 -1.2146e-02 -1.2137e-02 -1.2128e-02 -1.2118e-02 -1.2107e-02 -1.2097e-02 -1.2086e-02 -1.2077e-02 -1.2067e-02 -1.2059e-02 -1.2051e-02 -1.2044e-02 -1.2037e-02 -1.2031e-02 -1.2026e-02 -1.2019e-02 -1.2014e-02 -1.2008e-02 -1.2002e-02 -1.1996e-02 -1.1991e-02 -1.1987e-02 -1.1983e-02 -1.1979e-02 -1.1976e-02 -1.1973e-02 -1.1971e-02 -1.1968e-02 -1.1966e-02 -1.1964e-02 -1.1962e-02 -1.1959e-02 -1.1957e-02 