# Author: FAC idanalysis.IDKickMap
# Termination_kicks [T2m2]: -3.5793e-04 -3.4194e-04 +5.0565e-04 +5.3279e-04 
# Total Length of Longitudinal Interval [m]
2.77
# Number of Horizontal Points
37
# Number of Vertical Points
3
# Total Horizontal 2nd Order Kick [T2m2]
START
            -0000.01800 -0000.01700 -0000.01600 -0000.01500 -0000.01400 -0000.01300 -0000.01200 -0000.01100 -0000.01000 -0000.00900 -0000.00800 -0000.00700 -0000.00600 -0000.00500 -0000.00400 -0000.00300 -0000.00200 -0000.00100 +0000.00000 +0000.00100 +0000.00200 +0000.00300 +0000.00400 +0000.00500 +0000.00600 +0000.00700 +0000.00800 +0000.00900 +0000.01000 +0000.01100 +0000.01200 +0000.01300 +0000.01400 +0000.01500 +0000.01600 +0000.01700 +0000.01800 
+0000.01200 +2.9776e-04 +2.6680e-04 +2.4655e-04 +1.9742e-04 +1.6709e-04 +1.5749e-04 +9.8809e-05 +7.2762e-05 +4.3451e-05 +2.9059e-05 +1.5409e-05 -1.6895e-05 -2.0533e-05 -2.4375e-05 +1.1653e-06 -5.0499e-06 +7.2571e-06 +2.0291e-05 +5.2910e-05 +9.7905e-05 +1.2309e-04 +1.5050e-04 +2.0620e-04 +2.6560e-04 +3.1184e-04 +3.5831e-04 +4.0358e-04 +4.6123e-04 +4.8571e-04 +5.1850e-04 +5.4243e-04 +5.5299e-04 +5.5897e-04 +5.4034e-04 +5.2793e-04 +5.2424e-04 +5.0478e-04 
+0000.00000 +2.9776e-04 +2.6680e-04 +2.4655e-04 +1.9742e-04 +1.6709e-04 +1.5749e-04 +9.8809e-05 +7.2762e-05 +4.3451e-05 +2.9059e-05 +1.5409e-05 -1.6895e-05 -2.0533e-05 -2.4375e-05 +1.1653e-06 -5.0499e-06 +7.2571e-06 +2.0291e-05 +5.2910e-05 +9.7905e-05 +1.2309e-04 +1.5050e-04 +2.0620e-04 +2.6560e-04 +3.1184e-04 +3.5831e-04 +4.0358e-04 +4.6123e-04 +4.8571e-04 +5.1850e-04 +5.4243e-04 +5.5299e-04 +5.5897e-04 +5.4034e-04 +5.2793e-04 +5.2424e-04 +5.0478e-04 
-0000.01200 +2.9776e-04 +2.6680e-04 +2.4655e-04 +1.9742e-04 +1.6709e-04 +1.5749e-04 +9.8809e-05 +7.2762e-05 +4.3451e-05 +2.9059e-05 +1.5409e-05 -1.6895e-05 -2.0533e-05 -2.4375e-05 +1.1653e-06 -5.0499e-06 +7.2571e-06 +2.0291e-05 +5.2910e-05 +9.7905e-05 +1.2309e-04 +1.5050e-04 +2.0620e-04 +2.6560e-04 +3.1184e-04 +3.5831e-04 +4.0358e-04 +4.6123e-04 +4.8571e-04 +5.1850e-04 +5.4243e-04 +5.5299e-04 +5.5897e-04 +5.4034e-04 +5.2793e-04 +5.2424e-04 +5.0478e-04 
# Total Vertical 2nd Order Kick [T2m2]
START
            -0000.01800 -0000.01700 -0000.01600 -0000.01500 -0000.01400 -0000.01300 -0000.01200 -0000.01100 -0000.01000 -0000.00900 -0000.00800 -0000.00700 -0000.00600 -0000.00500 -0000.00400 -0000.00300 -0000.00200 -0000.00100 +0000.00000 +0000.00100 +0000.00200 +0000.00300 +0000.00400 +0000.00500 +0000.00600 +0000.00700 +0000.00800 +0000.00900 +0000.01000 +0000.01100 +0000.01200 +0000.01300 +0000.01400 +0000.01500 +0000.01600 +0000.01700 +0000.01800 
+0000.01200 -6.2215e-04 -6.4006e-04 -6.9768e-04 -7.4572e-04 -7.9989e-04 -8.2886e-04 -8.6957e-04 -9.0770e-04 -9.4854e-04 -9.8505e-04 -1.0082e-03 -1.0338e-03 -1.0712e-03 -1.0995e-03 -1.1289e-03 -1.1589e-03 -1.1891e-03 -1.2066e-03 -1.2117e-03 -1.2044e-03 -1.2041e-03 -1.1846e-03 -1.1668e-03 -1.1436e-03 -1.1100e-03 -1.0701e-03 -1.0343e-03 -9.9539e-04 -9.5147e-04 -9.2086e-04 -8.6219e-04 -8.0550e-04 -7.4855e-04 -6.9446e-04 -6.4351e-04 -5.5042e-04 -4.6864e-04 
+0000.00000 -6.2215e-04 -6.4006e-04 -6.9768e-04 -7.4572e-04 -7.9989e-04 -8.2886e-04 -8.6957e-04 -9.0770e-04 -9.4854e-04 -9.8505e-04 -1.0082e-03 -1.0338e-03 -1.0712e-03 -1.0995e-03 -1.1289e-03 -1.1589e-03 -1.1891e-03 -1.2066e-03 -1.2117e-03 -1.2044e-03 -1.2041e-03 -1.1846e-03 -1.1668e-03 -1.1436e-03 -1.1100e-03 -1.0701e-03 -1.0343e-03 -9.9539e-04 -9.5147e-04 -9.2086e-04 -8.6219e-04 -8.0550e-04 -7.4855e-04 -6.9446e-04 -6.4351e-04 -5.5042e-04 -4.6864e-04 
-0000.01200 -6.2215e-04 -6.4006e-04 -6.9768e-04 -7.4572e-04 -7.9989e-04 -8.2886e-04 -8.6957e-04 -9.0770e-04 -9.4854e-04 -9.8505e-04 -1.0082e-03 -1.0338e-03 -1.0712e-03 -1.0995e-03 -1.1289e-03 -1.1589e-03 -1.1891e-03 -1.2066e-03 -1.2117e-03 -1.2044e-03 -1.2041e-03 -1.1846e-03 -1.1668e-03 -1.1436e-03 -1.1100e-03 -1.0701e-03 -1.0343e-03 -9.9539e-04 -9.5147e-04 -9.2086e-04 -8.6219e-04 -8.0550e-04 -7.4855e-04 -6.9446e-04 -6.4351e-04 -5.5042e-04 -4.6864e-04 
# Horizontal Final Position [m]
START
            -0000.01800 -0000.01700 -0000.01600 -0000.01500 -0000.01400 -0000.01300 -0000.01200 -0000.01100 -0000.01000 -0000.00900 -0000.00800 -0000.00700 -0000.00600 -0000.00500 -0000.00400 -0000.00300 -0000.00200 -0000.00100 +0000.00000 +0000.00100 +0000.00200 +0000.00300 +0000.00400 +0000.00500 +0000.00600 +0000.00700 +0000.00800 +0000.00900 +0000.01000 +0000.01100 +0000.01200 +0000.01300 +0000.01400 +0000.01500 +0000.01600 +0000.01700 +0000.01800 
+0000.01200 -1.8033e-02 -1.7035e-02 -1.6036e-02 -1.5038e-02 -1.4039e-02 -1.3039e-02 -1.2040e-02 -1.1040e-02 -1.0040e-02 -9.0384e-03 -8.0367e-03 -7.0350e-03 -6.0323e-03 -5.0293e-03 -4.0256e-03 -3.0221e-03 -2.0182e-03 -1.0142e-03 -9.4810e-06 +9.9524e-04 +1.9996e-03 +3.0038e-03 +4.0086e-03 +5.0133e-03 +6.0176e-03 +7.0217e-03 +8.0256e-03 +9.0296e-03 +1.0033e-02 +1.1036e-02 +1.2039e-02 +1.3042e-02 +1.4044e-02 +1.5046e-02 +1.6048e-02 +1.7050e-02 +1.8051e-02 
+0000.00000 -1.8033e-02 -1.7035e-02 -1.6036e-02 -1.5038e-02 -1.4039e-02 -1.3039e-02 -1.2040e-02 -1.1040e-02 -1.0040e-02 -9.0384e-03 -8.0367e-03 -7.0350e-03 -6.0323e-03 -5.0293e-03 -4.0256e-03 -3.0221e-03 -2.0182e-03 -1.0142e-03 -9.4810e-06 +9.9524e-04 +1.9996e-03 +3.0038e-03 +4.0086e-03 +5.0133e-03 +6.0176e-03 +7.0217e-03 +8.0256e-03 +9.0296e-03 +1.0033e-02 +1.1036e-02 +1.2039e-02 +1.3042e-02 +1.4044e-02 +1.5046e-02 +1.6048e-02 +1.7050e-02 +1.8051e-02 
-0000.01200 -1.8033e-02 -1.7035e-02 -1.6036e-02 -1.5038e-02 -1.4039e-02 -1.3039e-02 -1.2040e-02 -1.1040e-02 -1.0040e-02 -9.0384e-03 -8.0367e-03 -7.0350e-03 -6.0323e-03 -5.0293e-03 -4.0256e-03 -3.0221e-03 -2.0182e-03 -1.0142e-03 -9.4810e-06 +9.9524e-04 +1.9996e-03 +3.0038e-03 +4.0086e-03 +5.0133e-03 +6.0176e-03 +7.0217e-03 +8.0256e-03 +9.0296e-03 +1.0033e-02 +1.1036e-02 +1.2039e-02 +1.3042e-02 +1.4044e-02 +1.5046e-02 +1.6048e-02 +1.7050e-02 +1.8051e-02 
# Vertical Final Position [m]
START
            -0000.01800 -0000.01700 -0000.01600 -0000.01500 -0000.01400 -0000.01300 -0000.01200 -0000.01100 -0000.01000 -0000.00900 -0000.00800 -0000.00700 -0000.00600 -0000.00500 -0000.00400 -0000.00300 -0000.00200 -0000.00100 +0000.00000 +0000.00100 +0000.00200 +0000.00300 +0000.00400 +0000.00500 +0000.00600 +0000.00700 +0000.00800 +0000.00900 +0000.01000 +0000.01100 +0000.01200 +0000.01300 +0000.01400 +0000.01500 +0000.01600 +0000.01700 +0000.01800 
+0000.01200 +1.1857e-02 +1.1862e-02 +1.1866e-02 +1.1871e-02 +1.1877e-02 +1.1883e-02 +1.1890e-02 +1.1897e-02 +1.1904e-02 +1.1911e-02 +1.1919e-02 +1.1926e-02 +1.1933e-02 +1.1940e-02 +1.1946e-02 +1.1953e-02 +1.1959e-02 +1.1964e-02 +1.1970e-02 +1.1976e-02 +1.1981e-02 +1.1986e-02 +1.1991e-02 +1.1995e-02 +1.2000e-02 +1.2004e-02 +1.2008e-02 +1.2011e-02 +1.2015e-02 +1.2018e-02 +1.2021e-02 +1.2024e-02 +1.2027e-02 +1.2029e-02 +1.2032e-02 +1.2035e-02 +1.2038e-02 
+0000.00000 -1.4295e-04 -1.3829e-04 -1.3382e-04 -1.2866e-04 -1.2303e-04 -1.1655e-04 -1.0991e-04 -1.0292e-04 -9.5851e-05 -8.8579e-05 -8.1131e-05 -7.3891e-05 -6.6940e-05 -6.0099e-05 -5.3586e-05 -4.7405e-05 -4.1496e-05 -3.5692e-05 -3.0024e-05 -2.4412e-05 -1.9316e-05 -1.4211e-05 -9.3458e-06 -4.7727e-06 -3.2663e-07 +3.8725e-06 +7.6271e-06 +1.1309e-05 +1.4649e-05 +1.7634e-05 +2.0848e-05 +2.3901e-05 +2.6790e-05 +2.9464e-05 +3.2069e-05 +3.5318e-05 +3.8269e-05 
-0000.01200 -1.2143e-02 -1.2138e-02 -1.2134e-02 -1.2129e-02 -1.2123e-02 -1.2117e-02 -1.2110e-02 -1.2103e-02 -1.2096e-02 -1.2089e-02 -1.2081e-02 -1.2074e-02 -1.2067e-02 -1.2060e-02 -1.2054e-02 -1.2047e-02 -1.2041e-02 -1.2036e-02 -1.2030e-02 -1.2024e-02 -1.2019e-02 -1.2014e-02 -1.2009e-02 -1.2005e-02 -1.2000e-02 -1.1996e-02 -1.1992e-02 -1.1989e-02 -1.1985e-02 -1.1982e-02 -1.1979e-02 -1.1976e-02 -1.1973e-02 -1.1971e-02 -1.1968e-02 -1.1965e-02 -1.1962e-02 