# Author: FAC idanalysis.IDKickMap
# Termination_kicks [T2m2]: -1.8929e-04 +3.5305e-04 +3.9257e-04 +1.0060e-03 
# Total Length of Longitudinal Interval [m]
2.773
# Number of Horizontal Points
37
# Number of Vertical Points
3
# Total Horizontal 2nd Order Kick [T2m2]
START
            -0000.01800 -0000.01700 -0000.01600 -0000.01500 -0000.01400 -0000.01300 -0000.01200 -0000.01100 -0000.01000 -0000.00900 -0000.00800 -0000.00700 -0000.00600 -0000.00500 -0000.00400 -0000.00300 -0000.00200 -0000.00100 +0000.00000 +0000.00100 +0000.00200 +0000.00300 +0000.00400 +0000.00500 +0000.00600 +0000.00700 +0000.00800 +0000.00900 +0000.01000 +0000.01100 +0000.01200 +0000.01300 +0000.01400 +0000.01500 +0000.01600 +0000.01700 +0000.01800 
+0000.01200 +1.0788e-04 +5.1792e-05 -1.0829e-06 -4.2690e-05 -7.4592e-05 -1.1534e-04 -1.6844e-04 -1.9863e-04 -2.5418e-04 -2.8298e-04 -3.0342e-04 -3.2769e-04 -3.4679e-04 -3.3578e-04 -3.2641e-04 -2.9299e-04 -2.4855e-04 -1.9599e-04 -1.5924e-04 -1.0038e-04 -2.7196e-05 +1.9848e-05 +7.8288e-05 +1.5414e-04 +2.1241e-04 +2.7431e-04 +3.2070e-04 +3.6780e-04 +4.0350e-04 +4.2481e-04 +4.5827e-04 +4.7216e-04 +4.5573e-04 +4.4315e-04 +4.2470e-04 +3.9541e-04 +3.6762e-04 
+0000.00000 +1.0788e-04 +5.1792e-05 -1.0829e-06 -4.2690e-05 -7.4592e-05 -1.1534e-04 -1.6844e-04 -1.9863e-04 -2.5418e-04 -2.8298e-04 -3.0342e-04 -3.2769e-04 -3.4679e-04 -3.3578e-04 -3.2641e-04 -2.9299e-04 -2.4855e-04 -1.9599e-04 -1.5924e-04 -1.0038e-04 -2.7196e-05 +1.9848e-05 +7.8288e-05 +1.5414e-04 +2.1241e-04 +2.7431e-04 +3.2070e-04 +3.6780e-04 +4.0350e-04 +4.2481e-04 +4.5827e-04 +4.7216e-04 +4.5573e-04 +4.4315e-04 +4.2470e-04 +3.9541e-04 +3.6762e-04 
-0000.01200 +1.0788e-04 +5.1792e-05 -1.0829e-06 -4.2690e-05 -7.4592e-05 -1.1534e-04 -1.6844e-04 -1.9863e-04 -2.5418e-04 -2.8298e-04 -3.0342e-04 -3.2769e-04 -3.4679e-04 -3.3578e-04 -3.2641e-04 -2.9299e-04 -2.4855e-04 -1.9599e-04 -1.5924e-04 -1.0038e-04 -2.7196e-05 +1.9848e-05 +7.8288e-05 +1.5414e-04 +2.1241e-04 +2.7431e-04 +3.2070e-04 +3.6780e-04 +4.0350e-04 +4.2481e-04 +4.5827e-04 +4.7216e-04 +4.5573e-04 +4.4315e-04 +4.2470e-04 +3.9541e-04 +3.6762e-04 
# Total Vertical 2nd Order Kick [T2m2]
START
            -0000.01800 -0000.01700 -0000.01600 -0000.01500 -0000.01400 -0000.01300 -0000.01200 -0000.01100 -0000.01000 -0000.00900 -0000.00800 -0000.00700 -0000.00600 -0000.00500 -0000.00400 -0000.00300 -0000.00200 -0000.00100 +0000.00000 +0000.00100 +0000.00200 +0000.00300 +0000.00400 +0000.00500 +0000.00600 +0000.00700 +0000.00800 +0000.00900 +0000.01000 +0000.01100 +0000.01200 +0000.01300 +0000.01400 +0000.01500 +0000.01600 +0000.01700 +0000.01800 
+0000.01200 -1.3830e-03 -1.3437e-03 -1.3222e-03 -1.2802e-03 -1.2490e-03 -1.1943e-03 -1.1610e-03 -1.0961e-03 -1.0523e-03 -9.8577e-04 -8.9967e-04 -8.4466e-04 -7.7942e-04 -7.0749e-04 -6.5511e-04 -5.9946e-04 -5.5363e-04 -5.1997e-04 -4.9689e-04 -4.8872e-04 -4.7189e-04 -4.7993e-04 -5.0984e-04 -5.1368e-04 -5.5539e-04 -5.7533e-04 -6.1728e-04 -6.6983e-04 -7.2766e-04 -7.5103e-04 -7.9403e-04 -8.1838e-04 -8.6261e-04 -8.7911e-04 -8.8610e-04 -8.9193e-04 -8.8840e-04 
+0000.00000 -1.3830e-03 -1.3437e-03 -1.3222e-03 -1.2802e-03 -1.2490e-03 -1.1943e-03 -1.1610e-03 -1.0961e-03 -1.0523e-03 -9.8577e-04 -8.9967e-04 -8.4466e-04 -7.7942e-04 -7.0749e-04 -6.5511e-04 -5.9946e-04 -5.5363e-04 -5.1997e-04 -4.9689e-04 -4.8872e-04 -4.7189e-04 -4.7993e-04 -5.0984e-04 -5.1368e-04 -5.5539e-04 -5.7533e-04 -6.1728e-04 -6.6983e-04 -7.2766e-04 -7.5103e-04 -7.9403e-04 -8.1838e-04 -8.6261e-04 -8.7911e-04 -8.8610e-04 -8.9193e-04 -8.8840e-04 
-0000.01200 -1.3830e-03 -1.3437e-03 -1.3222e-03 -1.2802e-03 -1.2490e-03 -1.1943e-03 -1.1610e-03 -1.0961e-03 -1.0523e-03 -9.8577e-04 -8.9967e-04 -8.4466e-04 -7.7942e-04 -7.0749e-04 -6.5511e-04 -5.9946e-04 -5.5363e-04 -5.1997e-04 -4.9689e-04 -4.8872e-04 -4.7189e-04 -4.7993e-04 -5.0984e-04 -5.1368e-04 -5.5539e-04 -5.7533e-04 -6.1728e-04 -6.6983e-04 -7.2766e-04 -7.5103e-04 -7.9403e-04 -8.1838e-04 -8.6261e-04 -8.7911e-04 -8.8610e-04 -8.9193e-04 -8.8840e-04 
# Horizontal Final Position [m]
START
            -0000.01800 -0000.01700 -0000.01600 -0000.01500 -0000.01400 -0000.01300 -0000.01200 -0000.01100 -0000.01000 -0000.00900 -0000.00800 -0000.00700 -0000.00600 -0000.00500 -0000.00400 -0000.00300 -0000.00200 -0000.00100 +0000.00000 +0000.00100 +0000.00200 +0000.00300 +0000.00400 +0000.00500 +0000.00600 +0000.00700 +0000.00800 +0000.00900 +0000.01000 +0000.01100 +0000.01200 +0000.01300 +0000.01400 +0000.01500 +0000.01600 +0000.01700 +0000.01800 
+0000.01200 -1.8034e-02 -1.7036e-02 -1.6038e-02 -1.5040e-02 -1.4041e-02 -1.3041e-02 -1.2042e-02 -1.1042e-02 -1.0042e-02 -9.0407e-03 -8.0391e-03 -7.0371e-03 -6.0346e-03 -5.0312e-03 -4.0276e-03 -3.0230e-03 -2.0182e-03 -1.0131e-03 -8.3217e-06 +9.9698e-04 +2.0024e-03 +3.0072e-03 +4.0122e-03 +5.0171e-03 +6.0214e-03 +7.0258e-03 +8.0295e-03 +9.0332e-03 +1.0037e-02 +1.1039e-02 +1.2042e-02 +1.3045e-02 +1.4046e-02 +1.5048e-02 +1.6049e-02 +1.7051e-02 +1.8052e-02 
+0000.00000 -1.8034e-02 -1.7036e-02 -1.6038e-02 -1.5040e-02 -1.4041e-02 -1.3041e-02 -1.2042e-02 -1.1042e-02 -1.0042e-02 -9.0407e-03 -8.0391e-03 -7.0371e-03 -6.0346e-03 -5.0312e-03 -4.0276e-03 -3.0230e-03 -2.0182e-03 -1.0131e-03 -8.3217e-06 +9.9698e-04 +2.0024e-03 +3.0072e-03 +4.0122e-03 +5.0171e-03 +6.0214e-03 +7.0258e-03 +8.0295e-03 +9.0332e-03 +1.0037e-02 +1.1039e-02 +1.2042e-02 +1.3045e-02 +1.4046e-02 +1.5048e-02 +1.6049e-02 +1.7051e-02 +1.8052e-02 
-0000.01200 -1.8034e-02 -1.7036e-02 -1.6038e-02 -1.5040e-02 -1.4041e-02 -1.3041e-02 -1.2042e-02 -1.1042e-02 -1.0042e-02 -9.0407e-03 -8.0391e-03 -7.0371e-03 -6.0346e-03 -5.0312e-03 -4.0276e-03 -3.0230e-03 -2.0182e-03 -1.0131e-03 -8.3217e-06 +9.9698e-04 +2.0024e-03 +3.0072e-03 +4.0122e-03 +5.0171e-03 +6.0214e-03 +7.0258e-03 +8.0295e-03 +9.0332e-03 +1.0037e-02 +1.1039e-02 +1.2042e-02 +1.3045e-02 +1.4046e-02 +1.5048e-02 +1.6049e-02 +1.7051e-02 +1.8052e-02 
# Vertical Final Position [m]
START
            -0000.01800 -0000.01700 -0000.01600 -0000.01500 -0000.01400 -0000.01300 -0000.01200 -0000.01100 -0000.01000 -0000.00900 -0000.00800 -0000.00700 -0000.00600 -0000.00500 -0000.00400 -0000.00300 -0000.00200 -0000.00100 +0000.00000 +0000.00100 +0000.00200 +0000.00300 +0000.00400 +0000.00500 +0000.00600 +0000.00700 +0000.00800 +0000.00900 +0000.01000 +0000.01100 +0000.01200 +0000.01300 +0000.01400 +0000.01500 +0000.01600 +0000.01700 +0000.01800 
+0000.01200 +1.1865e-02 +1.1870e-02 +1.1876e-02 +1.1883e-02 +1.1890e-02 +1.1898e-02 +1.1906e-02 +1.1915e-02 +1.1924e-02 +1.1933e-02 +1.1943e-02 +1.1952e-02 +1.1961e-02 +1.1970e-02 +1.1978e-02 +1.1986e-02 +1.1993e-02 +1.2000e-02 +1.2006e-02 +1.2012e-02 +1.2017e-02 +1.2022e-02 +1.2026e-02 +1.2030e-02 +1.2033e-02 +1.2036e-02 +1.2038e-02 +1.2040e-02 +1.2041e-02 +1.2043e-02 +1.2045e-02 +1.2046e-02 +1.2047e-02 +1.2048e-02 +1.2050e-02 +1.2051e-02 +1.2053e-02 
+0000.00000 -1.3527e-04 -1.2964e-04 -1.2373e-04 -1.1694e-04 -1.0975e-04 -1.0170e-04 -9.3681e-05 -8.4790e-05 -7.6070e-05 -6.6769e-05 -5.7233e-05 -4.8252e-05 -3.9219e-05 -3.0453e-05 -2.2281e-05 -1.4241e-05 -6.8167e-06 +6.4755e-08 +6.3749e-06 +1.1980e-05 +1.7462e-05 +2.2101e-05 +2.6001e-05 +2.9896e-05 +3.2845e-05 +3.5903e-05 +3.8170e-05 +3.9975e-05 +4.1445e-05 +4.3288e-05 +4.4568e-05 +4.6005e-05 +4.7003e-05 +4.8382e-05 +4.9753e-05 +5.1192e-05 +5.2745e-05 
-0000.01200 -1.2135e-02 -1.2130e-02 -1.2124e-02 -1.2117e-02 -1.2110e-02 -1.2102e-02 -1.2094e-02 -1.2085e-02 -1.2076e-02 -1.2067e-02 -1.2057e-02 -1.2048e-02 -1.2039e-02 -1.2030e-02 -1.2022e-02 -1.2014e-02 -1.2007e-02 -1.2000e-02 -1.1994e-02 -1.1988e-02 -1.1983e-02 -1.1978e-02 -1.1974e-02 -1.1970e-02 -1.1967e-02 -1.1964e-02 -1.1962e-02 -1.1960e-02 -1.1959e-02 -1.1957e-02 -1.1955e-02 -1.1954e-02 -1.1953e-02 -1.1952e-02 -1.1950e-02 -1.1949e-02 -1.1947e-02 