# Author: FAC idanalysis.IDKickMap
# Termination_kicks [T2m2]: -5.5986e-04 +1.0325e-04 +2.1537e-04 +3.3508e-05 
# Total Length of Longitudinal Interval [m]
2.773
# Number of Horizontal Points
37
# Number of Vertical Points
3
# Total Horizontal 2nd Order Kick [T2m2]
START
            -0000.01800 -0000.01700 -0000.01600 -0000.01500 -0000.01400 -0000.01300 -0000.01200 -0000.01100 -0000.01000 -0000.00900 -0000.00800 -0000.00700 -0000.00600 -0000.00500 -0000.00400 -0000.00300 -0000.00200 -0000.00100 +0000.00000 +0000.00100 +0000.00200 +0000.00300 +0000.00400 +0000.00500 +0000.00600 +0000.00700 +0000.00800 +0000.00900 +0000.01000 +0000.01100 +0000.01200 +0000.01300 +0000.01400 +0000.01500 +0000.01600 +0000.01700 +0000.01800 
+0000.01200 +6.7867e-04 +6.5083e-04 +6.1581e-04 +5.9518e-04 +5.7220e-04 +5.3217e-04 +5.0043e-04 +4.4536e-04 +4.0858e-04 +3.3966e-04 +3.0272e-04 +2.6241e-04 +2.3508e-04 +2.3062e-04 +2.2271e-04 +2.2592e-04 +2.4737e-04 +3.1121e-04 +3.5633e-04 +4.2933e-04 +5.2597e-04 +5.9999e-04 +6.5864e-04 +7.4165e-04 +8.2901e-04 +8.8629e-04 +9.5615e-04 +1.0037e-03 +1.0371e-03 +1.0788e-03 +1.1263e-03 +1.1293e-03 +1.1205e-03 +1.1006e-03 +1.0683e-03 +1.0109e-03 +9.4490e-04 
+0000.00000 +6.7867e-04 +6.5083e-04 +6.1581e-04 +5.9518e-04 +5.7220e-04 +5.3217e-04 +5.0043e-04 +4.4536e-04 +4.0858e-04 +3.3966e-04 +3.0272e-04 +2.6241e-04 +2.3508e-04 +2.3062e-04 +2.2271e-04 +2.2592e-04 +2.4737e-04 +3.1121e-04 +3.5633e-04 +4.2933e-04 +5.2597e-04 +5.9999e-04 +6.5864e-04 +7.4165e-04 +8.2901e-04 +8.8629e-04 +9.5615e-04 +1.0037e-03 +1.0371e-03 +1.0788e-03 +1.1263e-03 +1.1293e-03 +1.1205e-03 +1.1006e-03 +1.0683e-03 +1.0109e-03 +9.4490e-04 
-0000.01200 +6.7867e-04 +6.5083e-04 +6.1581e-04 +5.9518e-04 +5.7220e-04 +5.3217e-04 +5.0043e-04 +4.4536e-04 +4.0858e-04 +3.3966e-04 +3.0272e-04 +2.6241e-04 +2.3508e-04 +2.3062e-04 +2.2271e-04 +2.2592e-04 +2.4737e-04 +3.1121e-04 +3.5633e-04 +4.2933e-04 +5.2597e-04 +5.9999e-04 +6.5864e-04 +7.4165e-04 +8.2901e-04 +8.8629e-04 +9.5615e-04 +1.0037e-03 +1.0371e-03 +1.0788e-03 +1.1263e-03 +1.1293e-03 +1.1205e-03 +1.1006e-03 +1.0683e-03 +1.0109e-03 +9.4490e-04 
# Total Vertical 2nd Order Kick [T2m2]
START
            -0000.01800 -0000.01700 -0000.01600 -0000.01500 -0000.01400 -0000.01300 -0000.01200 -0000.01100 -0000.01000 -0000.00900 -0000.00800 -0000.00700 -0000.00600 -0000.00500 -0000.00400 -0000.00300 -0000.00200 -0000.00100 +0000.00000 +0000.00100 +0000.00200 +0000.00300 +0000.00400 +0000.00500 +0000.00600 +0000.00700 +0000.00800 +0000.00900 +0000.01000 +0000.01100 +0000.01200 +0000.01300 +0000.01400 +0000.01500 +0000.01600 +0000.01700 +0000.01800 
+0000.01200 -5.9478e-04 -6.5258e-04 -7.2362e-04 -7.8570e-04 -8.3147e-04 -8.6714e-04 -9.0100e-04 -9.0136e-04 -9.0244e-04 -8.9214e-04 -8.5904e-04 -8.2752e-04 -7.8923e-04 -7.4692e-04 -7.1122e-04 -6.9516e-04 -6.6694e-04 -6.3308e-04 -6.2018e-04 -6.1109e-04 -6.1613e-04 -6.1217e-04 -6.2615e-04 -6.1010e-04 -6.3838e-04 -6.5764e-04 -6.6463e-04 -6.8781e-04 -7.0498e-04 -7.1140e-04 -7.1689e-04 -7.2607e-04 -7.3240e-04 -7.0356e-04 -6.7437e-04 -6.4708e-04 -5.9434e-04 
+0000.00000 -5.9478e-04 -6.5258e-04 -7.2362e-04 -7.8570e-04 -8.3147e-04 -8.6714e-04 -9.0100e-04 -9.0136e-04 -9.0244e-04 -8.9214e-04 -8.5904e-04 -8.2752e-04 -7.8923e-04 -7.4692e-04 -7.1122e-04 -6.9516e-04 -6.6694e-04 -6.3308e-04 -6.2018e-04 -6.1109e-04 -6.1613e-04 -6.1217e-04 -6.2615e-04 -6.1010e-04 -6.3838e-04 -6.5764e-04 -6.6463e-04 -6.8781e-04 -7.0498e-04 -7.1140e-04 -7.1689e-04 -7.2607e-04 -7.3240e-04 -7.0356e-04 -6.7437e-04 -6.4708e-04 -5.9434e-04 
-0000.01200 -5.9478e-04 -6.5258e-04 -7.2362e-04 -7.8570e-04 -8.3147e-04 -8.6714e-04 -9.0100e-04 -9.0136e-04 -9.0244e-04 -8.9214e-04 -8.5904e-04 -8.2752e-04 -7.8923e-04 -7.4692e-04 -7.1122e-04 -6.9516e-04 -6.6694e-04 -6.3308e-04 -6.2018e-04 -6.1109e-04 -6.1613e-04 -6.1217e-04 -6.2615e-04 -6.1010e-04 -6.3838e-04 -6.5764e-04 -6.6463e-04 -6.8781e-04 -7.0498e-04 -7.1140e-04 -7.1689e-04 -7.2607e-04 -7.3240e-04 -7.0356e-04 -6.7437e-04 -6.4708e-04 -5.9434e-04 
# Horizontal Final Position [m]
START
            -0000.01800 -0000.01700 -0000.01600 -0000.01500 -0000.01400 -0000.01300 -0000.01200 -0000.01100 -0000.01000 -0000.00900 -0000.00800 -0000.00700 -0000.00600 -0000.00500 -0000.00400 -0000.00300 -0000.00200 -0000.00100 +0000.00000 +0000.00100 +0000.00200 +0000.00300 +0000.00400 +0000.00500 +0000.00600 +0000.00700 +0000.00800 +0000.00900 +0000.01000 +0000.01100 +0000.01200 +0000.01300 +0000.01400 +0000.01500 +0000.01600 +0000.01700 +0000.01800 
+0000.01200 -1.8045e-02 -1.7047e-02 -1.6050e-02 -1.5052e-02 -1.4054e-02 -1.3055e-02 -1.2056e-02 -1.1057e-02 -1.0056e-02 -9.0558e-03 -8.0539e-03 -7.0511e-03 -6.0478e-03 -5.0432e-03 -4.0382e-03 -3.0324e-03 -2.0262e-03 -1.0189e-03 -1.2036e-05 +9.9523e-04 +2.0027e-03 +3.0094e-03 +4.0155e-03 +5.0215e-03 +6.0272e-03 +7.0319e-03 +8.0365e-03 +9.0403e-03 +1.0044e-02 +1.1047e-02 +1.2050e-02 +1.3052e-02 +1.4054e-02 +1.5056e-02 +1.6057e-02 +1.7058e-02 +1.8058e-02 
+0000.00000 -1.8045e-02 -1.7047e-02 -1.6050e-02 -1.5052e-02 -1.4054e-02 -1.3055e-02 -1.2056e-02 -1.1057e-02 -1.0056e-02 -9.0558e-03 -8.0539e-03 -7.0511e-03 -6.0478e-03 -5.0432e-03 -4.0382e-03 -3.0324e-03 -2.0262e-03 -1.0189e-03 -1.2036e-05 +9.9523e-04 +2.0027e-03 +3.0094e-03 +4.0155e-03 +5.0215e-03 +6.0272e-03 +7.0319e-03 +8.0365e-03 +9.0403e-03 +1.0044e-02 +1.1047e-02 +1.2050e-02 +1.3052e-02 +1.4054e-02 +1.5056e-02 +1.6057e-02 +1.7058e-02 +1.8058e-02 
-0000.01200 -1.8045e-02 -1.7047e-02 -1.6050e-02 -1.5052e-02 -1.4054e-02 -1.3055e-02 -1.2056e-02 -1.1057e-02 -1.0056e-02 -9.0558e-03 -8.0539e-03 -7.0511e-03 -6.0478e-03 -5.0432e-03 -4.0382e-03 -3.0324e-03 -2.0262e-03 -1.0189e-03 -1.2036e-05 +9.9523e-04 +2.0027e-03 +3.0094e-03 +4.0155e-03 +5.0215e-03 +6.0272e-03 +7.0319e-03 +8.0365e-03 +9.0403e-03 +1.0044e-02 +1.1047e-02 +1.2050e-02 +1.3052e-02 +1.4054e-02 +1.5056e-02 +1.6057e-02 +1.7058e-02 +1.8058e-02 
# Vertical Final Position [m]
START
            -0000.01800 -0000.01700 -0000.01600 -0000.01500 -0000.01400 -0000.01300 -0000.01200 -0000.01100 -0000.01000 -0000.00900 -0000.00800 -0000.00700 -0000.00600 -0000.00500 -0000.00400 -0000.00300 -0000.00200 -0000.00100 +0000.00000 +0000.00100 +0000.00200 +0000.00300 +0000.00400 +0000.00500 +0000.00600 +0000.00700 +0000.00800 +0000.00900 +0000.01000 +0000.01100 +0000.01200 +0000.01300 +0000.01400 +0000.01500 +0000.01600 +0000.01700 +0000.01800 
+0000.01200 +1.1831e-02 +1.1836e-02 +1.1841e-02 +1.1848e-02 +1.1856e-02 +1.1865e-02 +1.1875e-02 +1.1885e-02 +1.1896e-02 +1.1907e-02 +1.1919e-02 +1.1930e-02 +1.1940e-02 +1.1951e-02 +1.1961e-02 +1.1969e-02 +1.1978e-02 +1.1986e-02 +1.1993e-02 +1.1999e-02 +1.2005e-02 +1.2010e-02 +1.2015e-02 +1.2019e-02 +1.2022e-02 +1.2025e-02 +1.2028e-02 +1.2030e-02 +1.2032e-02 +1.2033e-02 +1.2035e-02 +1.2036e-02 +1.2037e-02 +1.2038e-02 +1.2040e-02 +1.2042e-02 +1.2044e-02 
+0000.00000 -1.6949e-04 -1.6445e-04 -1.5868e-04 -1.5182e-04 -1.4383e-04 -1.3500e-04 -1.2537e-04 -1.1482e-04 -1.0407e-04 -9.2902e-05 -8.1420e-05 -7.0326e-05 -5.9553e-05 -4.9063e-05 -3.9374e-05 -3.0609e-05 -2.2176e-05 -1.4231e-05 -7.2474e-06 -8.3241e-07 +4.8609e-06 +1.0112e-05 +1.4586e-05 +1.9084e-05 +2.2274e-05 +2.5185e-05 +2.7898e-05 +2.9855e-05 +3.1542e-05 +3.3186e-05 +3.4644e-05 +3.5773e-05 +3.6855e-05 +3.8494e-05 +4.0076e-05 +4.1711e-05 +4.3617e-05 
-0000.01200 -1.2169e-02 -1.2164e-02 -1.2159e-02 -1.2152e-02 -1.2144e-02 -1.2135e-02 -1.2125e-02 -1.2115e-02 -1.2104e-02 -1.2093e-02 -1.2081e-02 -1.2070e-02 -1.2060e-02 -1.2049e-02 -1.2039e-02 -1.2031e-02 -1.2022e-02 -1.2014e-02 -1.2007e-02 -1.2001e-02 -1.1995e-02 -1.1990e-02 -1.1985e-02 -1.1981e-02 -1.1978e-02 -1.1975e-02 -1.1972e-02 -1.1970e-02 -1.1968e-02 -1.1967e-02 -1.1965e-02 -1.1964e-02 -1.1963e-02 -1.1962e-02 -1.1960e-02 -1.1958e-02 -1.1956e-02 