# Author: FAC idanalysis.IDKickMap
# Termination_kicks [T2m2]: -8.8433e-03 +8.2406e-04 +1.8645e-03 +1.3922e-03 
# Total Length of Longitudinal Interval [m]
2.8
# Number of Horizontal Points
31
# Number of Vertical Points
3
# Total Horizontal 2nd Order Kick [T2m2]
START
            -0000.01500 -0000.01400 -0000.01300 -0000.01200 -0000.01100 -0000.01000 -0000.00900 -0000.00800 -0000.00700 -0000.00600 -0000.00500 -0000.00400 -0000.00300 -0000.00200 -0000.00100 +0000.00000 +0000.00100 +0000.00200 +0000.00300 +0000.00400 +0000.00500 +0000.00600 +0000.00700 +0000.00800 +0000.00900 +0000.01000 +0000.01100 +0000.01200 +0000.01300 +0000.01400 +0000.01500 
+0000.01200 +4.9883e-03 +5.0889e-03 +5.1869e-03 +5.2862e-03 +5.3909e-03 +5.4996e-03 +5.6108e-03 +5.7222e-03 +5.8307e-03 +5.9385e-03 +6.0485e-03 +6.1624e-03 +6.2817e-03 +6.4053e-03 +6.5296e-03 +6.6534e-03 +6.7783e-03 +6.9083e-03 +7.0439e-03 +7.1807e-03 +7.3169e-03 +7.4616e-03 +7.6220e-03 +7.7907e-03 +7.9600e-03 +8.1351e-03 +8.3211e-03 +8.5152e-03 +8.7149e-03 +8.9248e-03 +9.1488e-03 
+0000.00000 +4.9883e-03 +5.0889e-03 +5.1869e-03 +5.2862e-03 +5.3909e-03 +5.4996e-03 +5.6108e-03 +5.7222e-03 +5.8307e-03 +5.9385e-03 +6.0485e-03 +6.1624e-03 +6.2817e-03 +6.4053e-03 +6.5296e-03 +6.6534e-03 +6.7783e-03 +6.9083e-03 +7.0439e-03 +7.1807e-03 +7.3169e-03 +7.4616e-03 +7.6220e-03 +7.7907e-03 +7.9600e-03 +8.1351e-03 +8.3211e-03 +8.5152e-03 +8.7149e-03 +8.9248e-03 +9.1488e-03 
-0000.01200 +4.9883e-03 +5.0889e-03 +5.1869e-03 +5.2862e-03 +5.3909e-03 +5.4996e-03 +5.6108e-03 +5.7222e-03 +5.8307e-03 +5.9385e-03 +6.0485e-03 +6.1624e-03 +6.2817e-03 +6.4053e-03 +6.5296e-03 +6.6534e-03 +6.7783e-03 +6.9083e-03 +7.0439e-03 +7.1807e-03 +7.3169e-03 +7.4616e-03 +7.6220e-03 +7.7907e-03 +7.9600e-03 +8.1351e-03 +8.3211e-03 +8.5152e-03 +8.7149e-03 +8.9248e-03 +9.1488e-03 
# Total Vertical 2nd Order Kick [T2m2]
START
            -0000.01500 -0000.01400 -0000.01300 -0000.01200 -0000.01100 -0000.01000 -0000.00900 -0000.00800 -0000.00700 -0000.00600 -0000.00500 -0000.00400 -0000.00300 -0000.00200 -0000.00100 +0000.00000 +0000.00100 +0000.00200 +0000.00300 +0000.00400 +0000.00500 +0000.00600 +0000.00700 +0000.00800 +0000.00900 +0000.01000 +0000.01100 +0000.01200 +0000.01300 +0000.01400 +0000.01500 
+0000.01200 -1.0694e-03 -1.0512e-03 -1.0363e-03 -1.0181e-03 -9.8871e-04 -9.4941e-04 -9.0601e-04 -8.6666e-04 -8.3721e-04 -8.1428e-04 -7.9387e-04 -7.7868e-04 -7.7294e-04 -7.7893e-04 -7.9603e-04 -8.1615e-04 -8.3296e-04 -8.5544e-04 -8.9442e-04 -9.5125e-04 -1.0244e-03 -1.1056e-03 -1.1857e-03 -1.2728e-03 -1.3794e-03 -1.5001e-03 -1.6245e-03 -1.7556e-03 -1.9004e-03 -2.0565e-03 -2.2186e-03 
+0000.00000 -1.0694e-03 -1.0512e-03 -1.0363e-03 -1.0181e-03 -9.8871e-04 -9.4941e-04 -9.0601e-04 -8.6666e-04 -8.3721e-04 -8.1428e-04 -7.9387e-04 -7.7868e-04 -7.7294e-04 -7.7893e-04 -7.9603e-04 -8.1615e-04 -8.3296e-04 -8.5544e-04 -8.9442e-04 -9.5125e-04 -1.0244e-03 -1.1056e-03 -1.1857e-03 -1.2728e-03 -1.3794e-03 -1.5001e-03 -1.6245e-03 -1.7556e-03 -1.9004e-03 -2.0565e-03 -2.2186e-03 
-0000.01200 -1.0694e-03 -1.0512e-03 -1.0363e-03 -1.0181e-03 -9.8871e-04 -9.4941e-04 -9.0601e-04 -8.6666e-04 -8.3721e-04 -8.1428e-04 -7.9387e-04 -7.7868e-04 -7.7294e-04 -7.7893e-04 -7.9603e-04 -8.1615e-04 -8.3296e-04 -8.5544e-04 -8.9442e-04 -9.5125e-04 -1.0244e-03 -1.1056e-03 -1.1857e-03 -1.2728e-03 -1.3794e-03 -1.5001e-03 -1.6245e-03 -1.7556e-03 -1.9004e-03 -2.0565e-03 -2.2186e-03 
# Horizontal Final Position [m]
START
            -0000.01500 -0000.01400 -0000.01300 -0000.01200 -0000.01100 -0000.01000 -0000.00900 -0000.00800 -0000.00700 -0000.00600 -0000.00500 -0000.00400 -0000.00300 -0000.00200 -0000.00100 +0000.00000 +0000.00100 +0000.00200 +0000.00300 +0000.00400 +0000.00500 +0000.00600 +0000.00700 +0000.00800 +0000.00900 +0000.01000 +0000.01100 +0000.01200 +0000.01300 +0000.01400 +0000.01500 
+0000.01200 -1.5248e-02 -1.4239e-02 -1.3231e-02 -1.2223e-02 -1.1215e-02 -1.0207e-02 -9.2004e-03 -8.1938e-03 -7.1877e-03 -6.1821e-03 -5.1768e-03 -4.1719e-03 -3.1673e-03 -2.1631e-03 -1.1594e-03 -1.5606e-04 +8.4685e-04 +1.8494e-03 +2.8516e-03 +3.8533e-03 +4.8545e-03 +5.8554e-03 +6.8560e-03 +7.8563e-03 +8.8561e-03 +9.8555e-03 +1.0855e-02 +1.1853e-02 +1.2851e-02 +1.3849e-02 +1.4847e-02 
+0000.00000 -1.5248e-02 -1.4239e-02 -1.3231e-02 -1.2223e-02 -1.1215e-02 -1.0207e-02 -9.2004e-03 -8.1938e-03 -7.1877e-03 -6.1821e-03 -5.1768e-03 -4.1719e-03 -3.1673e-03 -2.1631e-03 -1.1594e-03 -1.5606e-04 +8.4685e-04 +1.8494e-03 +2.8516e-03 +3.8533e-03 +4.8545e-03 +5.8554e-03 +6.8560e-03 +7.8563e-03 +8.8561e-03 +9.8555e-03 +1.0855e-02 +1.1853e-02 +1.2851e-02 +1.3849e-02 +1.4847e-02 
-0000.01200 -1.5248e-02 -1.4239e-02 -1.3231e-02 -1.2223e-02 -1.1215e-02 -1.0207e-02 -9.2004e-03 -8.1938e-03 -7.1877e-03 -6.1821e-03 -5.1768e-03 -4.1719e-03 -3.1673e-03 -2.1631e-03 -1.1594e-03 -1.5606e-04 +8.4685e-04 +1.8494e-03 +2.8516e-03 +3.8533e-03 +4.8545e-03 +5.8554e-03 +6.8560e-03 +7.8563e-03 +8.8561e-03 +9.8555e-03 +1.0855e-02 +1.1853e-02 +1.2851e-02 +1.3849e-02 +1.4847e-02 
# Vertical Final Position [m]
START
            -0000.01500 -0000.01400 -0000.01300 -0000.01200 -0000.01100 -0000.01000 -0000.00900 -0000.00800 -0000.00700 -0000.00600 -0000.00500 -0000.00400 -0000.00300 -0000.00200 -0000.00100 +0000.00000 +0000.00100 +0000.00200 +0000.00300 +0000.00400 +0000.00500 +0000.00600 +0000.00700 +0000.00800 +0000.00900 +0000.01000 +0000.01100 +0000.01200 +0000.01300 +0000.01400 +0000.01500 
+0000.01200 +1.2033e-02 +1.2032e-02 +1.2032e-02 +1.2031e-02 +1.2031e-02 +1.2030e-02 +1.2030e-02 +1.2029e-02 +1.2028e-02 +1.2027e-02 +1.2026e-02 +1.2024e-02 +1.2023e-02 +1.2021e-02 +1.2019e-02 +1.2016e-02 +1.2014e-02 +1.2011e-02 +1.2009e-02 +1.2006e-02 +1.2002e-02 +1.1999e-02 +1.1996e-02 +1.1992e-02 +1.1989e-02 +1.1985e-02 +1.1981e-02 +1.1977e-02 +1.1973e-02 +1.1968e-02 +1.1964e-02 
+0000.00000 +3.2669e-05 +3.2423e-05 +3.1976e-05 +3.1433e-05 +3.0918e-05 +3.0452e-05 +2.9992e-05 +2.9364e-05 +2.8415e-05 +2.7218e-05 +2.5884e-05 +2.4408e-05 +2.2749e-05 +2.0827e-05 +1.8605e-05 +1.6240e-05 +1.3878e-05 +1.1434e-05 +8.7797e-06 +5.8179e-06 +2.4976e-06 -9.3062e-07 -4.1921e-06 -7.5115e-06 -1.1207e-05 -1.5131e-05 -1.9031e-05 -2.2999e-05 -2.7205e-05 -3.1550e-05 -3.5856e-05 
-0000.01200 -1.1967e-02 -1.1968e-02 -1.1968e-02 -1.1969e-02 -1.1969e-02 -1.1970e-02 -1.1970e-02 -1.1971e-02 -1.1972e-02 -1.1973e-02 -1.1974e-02 -1.1976e-02 -1.1977e-02 -1.1979e-02 -1.1981e-02 -1.1984e-02 -1.1986e-02 -1.1989e-02 -1.1991e-02 -1.1994e-02 -1.1998e-02 -1.2001e-02 -1.2004e-02 -1.2008e-02 -1.2011e-02 -1.2015e-02 -1.2019e-02 -1.2023e-02 -1.2027e-02 -1.2032e-02 -1.2036e-02 