# Author: FAC idanalysis.IDKickMap
# Termination_kicks [T2m2]: +2.1616e-04 -4.2869e-05 +5.5585e-04 +1.1575e-03 
# Total Length of Longitudinal Interval [m]
2.773
# Number of Horizontal Points
37
# Number of Vertical Points
3
# Total Horizontal 2nd Order Kick [T2m2]
START
            -0000.01800 -0000.01700 -0000.01600 -0000.01500 -0000.01400 -0000.01300 -0000.01200 -0000.01100 -0000.01000 -0000.00900 -0000.00800 -0000.00700 -0000.00600 -0000.00500 -0000.00400 -0000.00300 -0000.00200 -0000.00100 +0000.00000 +0000.00100 +0000.00200 +0000.00300 +0000.00400 +0000.00500 +0000.00600 +0000.00700 +0000.00800 +0000.00900 +0000.01000 +0000.01100 +0000.01200 +0000.01300 +0000.01400 +0000.01500 +0000.01600 +0000.01700 +0000.01800 
+0000.01200 -2.5333e-04 -3.2863e-04 -3.7279e-04 -4.1536e-04 -4.4433e-04 -4.9516e-04 -5.0009e-04 -5.3275e-04 -5.4681e-04 -5.6408e-04 -5.9461e-04 -5.8721e-04 -5.9309e-04 -5.9687e-04 -5.7395e-04 -5.6979e-04 -5.5221e-04 -5.4340e-04 -5.1778e-04 -4.9652e-04 -4.6998e-04 -4.3959e-04 -4.2359e-04 -3.6068e-04 -3.1791e-04 -2.9644e-04 -2.6614e-04 -2.4725e-04 -2.4660e-04 -2.4284e-04 -2.2685e-04 -2.2583e-04 -2.3557e-04 -2.2791e-04 -2.0525e-04 -2.3126e-04 -2.4513e-04 
+0000.00000 -2.5333e-04 -3.2863e-04 -3.7279e-04 -4.1536e-04 -4.4433e-04 -4.9516e-04 -5.0009e-04 -5.3275e-04 -5.4681e-04 -5.6408e-04 -5.9461e-04 -5.8721e-04 -5.9309e-04 -5.9687e-04 -5.7395e-04 -5.6979e-04 -5.5221e-04 -5.4340e-04 -5.1778e-04 -4.9652e-04 -4.6998e-04 -4.3959e-04 -4.2359e-04 -3.6068e-04 -3.1791e-04 -2.9644e-04 -2.6614e-04 -2.4725e-04 -2.4660e-04 -2.4284e-04 -2.2685e-04 -2.2583e-04 -2.3557e-04 -2.2791e-04 -2.0525e-04 -2.3126e-04 -2.4513e-04 
-0000.01200 -2.5333e-04 -3.2863e-04 -3.7279e-04 -4.1536e-04 -4.4433e-04 -4.9516e-04 -5.0009e-04 -5.3275e-04 -5.4681e-04 -5.6408e-04 -5.9461e-04 -5.8721e-04 -5.9309e-04 -5.9687e-04 -5.7395e-04 -5.6979e-04 -5.5221e-04 -5.4340e-04 -5.1778e-04 -4.9652e-04 -4.6998e-04 -4.3959e-04 -4.2359e-04 -3.6068e-04 -3.1791e-04 -2.9644e-04 -2.6614e-04 -2.4725e-04 -2.4660e-04 -2.4284e-04 -2.2685e-04 -2.2583e-04 -2.3557e-04 -2.2791e-04 -2.0525e-04 -2.3126e-04 -2.4513e-04 
# Total Vertical 2nd Order Kick [T2m2]
START
            -0000.01800 -0000.01700 -0000.01600 -0000.01500 -0000.01400 -0000.01300 -0000.01200 -0000.01100 -0000.01000 -0000.00900 -0000.00800 -0000.00700 -0000.00600 -0000.00500 -0000.00400 -0000.00300 -0000.00200 -0000.00100 +0000.00000 +0000.00100 +0000.00200 +0000.00300 +0000.00400 +0000.00500 +0000.00600 +0000.00700 +0000.00800 +0000.00900 +0000.01000 +0000.01100 +0000.01200 +0000.01300 +0000.01400 +0000.01500 +0000.01600 +0000.01700 +0000.01800 
+0000.01200 -1.3154e-03 -1.2760e-03 -1.2585e-03 -1.1944e-03 -1.1596e-03 -1.1163e-03 -1.0732e-03 -1.0294e-03 -9.8308e-04 -9.3086e-04 -8.9129e-04 -8.4320e-04 -8.1167e-04 -7.6840e-04 -7.3676e-04 -7.2554e-04 -6.7826e-04 -6.5855e-04 -6.4217e-04 -6.1933e-04 -6.0269e-04 -5.9341e-04 -5.8705e-04 -6.1190e-04 -5.9510e-04 -5.7790e-04 -5.9124e-04 -5.9373e-04 -6.0018e-04 -5.9875e-04 -5.8868e-04 -5.8437e-04 -5.8367e-04 -5.7650e-04 -5.4139e-04 -5.3099e-04 -5.2274e-04 
+0000.00000 -1.3154e-03 -1.2760e-03 -1.2585e-03 -1.1944e-03 -1.1596e-03 -1.1163e-03 -1.0732e-03 -1.0294e-03 -9.8308e-04 -9.3086e-04 -8.9129e-04 -8.4320e-04 -8.1167e-04 -7.6840e-04 -7.3676e-04 -7.2554e-04 -6.7826e-04 -6.5855e-04 -6.4217e-04 -6.1933e-04 -6.0269e-04 -5.9341e-04 -5.8705e-04 -6.1190e-04 -5.9510e-04 -5.7790e-04 -5.9124e-04 -5.9373e-04 -6.0018e-04 -5.9875e-04 -5.8868e-04 -5.8437e-04 -5.8367e-04 -5.7650e-04 -5.4139e-04 -5.3099e-04 -5.2274e-04 
-0000.01200 -1.3154e-03 -1.2760e-03 -1.2585e-03 -1.1944e-03 -1.1596e-03 -1.1163e-03 -1.0732e-03 -1.0294e-03 -9.8308e-04 -9.3086e-04 -8.9129e-04 -8.4320e-04 -8.1167e-04 -7.6840e-04 -7.3676e-04 -7.2554e-04 -6.7826e-04 -6.5855e-04 -6.4217e-04 -6.1933e-04 -6.0269e-04 -5.9341e-04 -5.8705e-04 -6.1190e-04 -5.9510e-04 -5.7790e-04 -5.9124e-04 -5.9373e-04 -6.0018e-04 -5.9875e-04 -5.8868e-04 -5.8437e-04 -5.8367e-04 -5.7650e-04 -5.4139e-04 -5.3099e-04 -5.2274e-04 
# Horizontal Final Position [m]
START
            -0000.01800 -0000.01700 -0000.01600 -0000.01500 -0000.01400 -0000.01300 -0000.01200 -0000.01100 -0000.01000 -0000.00900 -0000.00800 -0000.00700 -0000.00600 -0000.00500 -0000.00400 -0000.00300 -0000.00200 -0000.00100 +0000.00000 +0000.00100 +0000.00200 +0000.00300 +0000.00400 +0000.00500 +0000.00600 +0000.00700 +0000.00800 +0000.00900 +0000.01000 +0000.01100 +0000.01200 +0000.01300 +0000.01400 +0000.01500 +0000.01600 +0000.01700 +0000.01800 
+0000.01200 -1.8017e-02 -1.7018e-02 -1.6019e-02 -1.5020e-02 -1.4021e-02 -1.3021e-02 -1.2021e-02 -1.1021e-02 -1.0020e-02 -9.0191e-03 -8.0184e-03 -7.0168e-03 -6.0152e-03 -5.0134e-03 -4.0108e-03 -3.0087e-03 -2.0060e-03 -1.0035e-03 -6.8581e-07 +1.0021e-03 +2.0052e-03 +3.0081e-03 +4.0108e-03 +5.0143e-03 +6.0174e-03 +7.0200e-03 +8.0228e-03 +9.0252e-03 +1.0027e-02 +1.1029e-02 +1.2031e-02 +1.3033e-02 +1.4034e-02 +1.5036e-02 +1.6038e-02 +1.7039e-02 +1.8040e-02 
+0000.00000 -1.8017e-02 -1.7018e-02 -1.6019e-02 -1.5020e-02 -1.4021e-02 -1.3021e-02 -1.2021e-02 -1.1021e-02 -1.0020e-02 -9.0191e-03 -8.0184e-03 -7.0168e-03 -6.0152e-03 -5.0134e-03 -4.0108e-03 -3.0087e-03 -2.0060e-03 -1.0035e-03 -6.8581e-07 +1.0021e-03 +2.0052e-03 +3.0081e-03 +4.0108e-03 +5.0143e-03 +6.0174e-03 +7.0200e-03 +8.0228e-03 +9.0252e-03 +1.0027e-02 +1.1029e-02 +1.2031e-02 +1.3033e-02 +1.4034e-02 +1.5036e-02 +1.6038e-02 +1.7039e-02 +1.8040e-02 
-0000.01200 -1.8017e-02 -1.7018e-02 -1.6019e-02 -1.5020e-02 -1.4021e-02 -1.3021e-02 -1.2021e-02 -1.1021e-02 -1.0020e-02 -9.0191e-03 -8.0184e-03 -7.0168e-03 -6.0152e-03 -5.0134e-03 -4.0108e-03 -3.0087e-03 -2.0060e-03 -1.0035e-03 -6.8581e-07 +1.0021e-03 +2.0052e-03 +3.0081e-03 +4.0108e-03 +5.0143e-03 +6.0174e-03 +7.0200e-03 +8.0228e-03 +9.0252e-03 +1.0027e-02 +1.1029e-02 +1.2031e-02 +1.3033e-02 +1.4034e-02 +1.5036e-02 +1.6038e-02 +1.7039e-02 +1.8040e-02 
# Vertical Final Position [m]
START
            -0000.01800 -0000.01700 -0000.01600 -0000.01500 -0000.01400 -0000.01300 -0000.01200 -0000.01100 -0000.01000 -0000.00900 -0000.00800 -0000.00700 -0000.00600 -0000.00500 -0000.00400 -0000.00300 -0000.00200 -0000.00100 +0000.00000 +0000.00100 +0000.00200 +0000.00300 +0000.00400 +0000.00500 +0000.00600 +0000.00700 +0000.00800 +0000.00900 +0000.01000 +0000.01100 +0000.01200 +0000.01300 +0000.01400 +0000.01500 +0000.01600 +0000.01700 +0000.01800 
+0000.01200 +1.1899e-02 +1.1902e-02 +1.1906e-02 +1.1911e-02 +1.1916e-02 +1.1921e-02 +1.1926e-02 +1.1932e-02 +1.1937e-02 +1.1943e-02 +1.1949e-02 +1.1955e-02 +1.1960e-02 +1.1966e-02 +1.1972e-02 +1.1976e-02 +1.1982e-02 +1.1987e-02 +1.1991e-02 +1.1996e-02 +1.2000e-02 +1.2004e-02 +1.2008e-02 +1.2011e-02 +1.2014e-02 +1.2018e-02 +1.2020e-02 +1.2023e-02 +1.2026e-02 +1.2028e-02 +1.2030e-02 +1.2033e-02 +1.2035e-02 +1.2037e-02 +1.2039e-02 +1.2041e-02 +1.2043e-02 
+0000.00000 -1.0147e-04 -9.7572e-05 -9.3751e-05 -8.8772e-05 -8.4293e-05 -7.9077e-05 -7.3807e-05 -6.8331e-05 -6.2695e-05 -5.6844e-05 -5.1092e-05 -4.5216e-05 -3.9734e-05 -3.3950e-05 -2.8482e-05 -2.3560e-05 -1.8085e-05 -1.3214e-05 -8.5946e-06 -3.9840e-06 +2.5932e-07 +4.2320e-06 +7.9130e-06 +1.0937e-05 +1.4496e-05 +1.7867e-05 +2.0471e-05 +2.3138e-05 +2.5570e-05 +2.8019e-05 +3.0409e-05 +3.2618e-05 +3.4589e-05 +3.6560e-05 +3.9117e-05 +4.1005e-05 +4.2774e-05 
-0000.01200 -1.2101e-02 -1.2098e-02 -1.2094e-02 -1.2089e-02 -1.2084e-02 -1.2079e-02 -1.2074e-02 -1.2068e-02 -1.2063e-02 -1.2057e-02 -1.2051e-02 -1.2045e-02 -1.2040e-02 -1.2034e-02 -1.2028e-02 -1.2024e-02 -1.2018e-02 -1.2013e-02 -1.2009e-02 -1.2004e-02 -1.2000e-02 -1.1996e-02 -1.1992e-02 -1.1989e-02 -1.1986e-02 -1.1982e-02 -1.1980e-02 -1.1977e-02 -1.1974e-02 -1.1972e-02 -1.1970e-02 -1.1967e-02 -1.1965e-02 -1.1963e-02 -1.1961e-02 -1.1959e-02 -1.1957e-02 