# Author: FAC idanalysis.IDKickMap
# Termination_kicks [T2m2]: +1.5923e-04 +5.5944e-04 -6.1853e-03 +1.0440e-03 
# Total Length of Longitudinal Interval [m]
2.654
# Number of Horizontal Points
31
# Number of Vertical Points
3
# Total Horizontal 2nd Order Kick [T2m2]
START
            -0000.01500 -0000.01400 -0000.01300 -0000.01200 -0000.01100 -0000.01000 -0000.00900 -0000.00800 -0000.00700 -0000.00600 -0000.00500 -0000.00400 -0000.00300 -0000.00200 -0000.00100 +0000.00000 +0000.00100 +0000.00200 +0000.00300 +0000.00400 +0000.00500 +0000.00600 +0000.00700 +0000.00800 +0000.00900 +0000.01000 +0000.01100 +0000.01200 +0000.01300 +0000.01400 +0000.01500 
+0000.01200 +3.7445e-03 +4.0194e-03 +4.2912e-03 +4.5527e-03 +4.7960e-03 +5.0244e-03 +5.2435e-03 +5.4553e-03 +5.6606e-03 +5.8631e-03 +6.0652e-03 +6.2586e-03 +6.4363e-03 +6.6094e-03 +6.7903e-03 +6.9739e-03 +7.1537e-03 +7.3360e-03 +7.5274e-03 +7.7257e-03 +7.9287e-03 +8.1358e-03 +8.3484e-03 +8.5737e-03 +8.8194e-03 +9.0836e-03 +9.3629e-03 +9.6582e-03 +9.9726e-03 +1.0307e-02 +1.0661e-02 
+0000.00000 +3.7445e-03 +4.0194e-03 +4.2912e-03 +4.5527e-03 +4.7960e-03 +5.0244e-03 +5.2435e-03 +5.4553e-03 +5.6606e-03 +5.8631e-03 +6.0652e-03 +6.2586e-03 +6.4363e-03 +6.6094e-03 +6.7903e-03 +6.9739e-03 +7.1537e-03 +7.3360e-03 +7.5274e-03 +7.7257e-03 +7.9287e-03 +8.1358e-03 +8.3484e-03 +8.5737e-03 +8.8194e-03 +9.0836e-03 +9.3629e-03 +9.6582e-03 +9.9726e-03 +1.0307e-02 +1.0661e-02 
-0000.01200 +3.7445e-03 +4.0194e-03 +4.2912e-03 +4.5527e-03 +4.7960e-03 +5.0244e-03 +5.2435e-03 +5.4553e-03 +5.6606e-03 +5.8631e-03 +6.0652e-03 +6.2586e-03 +6.4363e-03 +6.6094e-03 +6.7903e-03 +6.9739e-03 +7.1537e-03 +7.3360e-03 +7.5274e-03 +7.7257e-03 +7.9287e-03 +8.1358e-03 +8.3484e-03 +8.5737e-03 +8.8194e-03 +9.0836e-03 +9.3629e-03 +9.6582e-03 +9.9726e-03 +1.0307e-02 +1.0661e-02 
# Total Vertical 2nd Order Kick [T2m2]
START
            -0000.01500 -0000.01400 -0000.01300 -0000.01200 -0000.01100 -0000.01000 -0000.00900 -0000.00800 -0000.00700 -0000.00600 -0000.00500 -0000.00400 -0000.00300 -0000.00200 -0000.00100 +0000.00000 +0000.00100 +0000.00200 +0000.00300 +0000.00400 +0000.00500 +0000.00600 +0000.00700 +0000.00800 +0000.00900 +0000.01000 +0000.01100 +0000.01200 +0000.01300 +0000.01400 +0000.01500 
+0000.01200 -4.5963e-04 -4.0755e-04 -3.3798e-04 -2.4751e-04 -1.3716e-04 -2.9027e-05 +5.6998e-05 +1.3419e-04 +2.1867e-04 +3.0234e-04 +3.7327e-04 +4.2920e-04 +4.7170e-04 +5.0748e-04 +5.4121e-04 +5.6099e-04 +5.5360e-04 +5.2594e-04 +4.8948e-04 +4.4094e-04 +3.7224e-04 +2.8162e-04 +1.7177e-04 +5.3689e-05 -6.4259e-05 -1.9278e-04 -3.4147e-04 -5.0438e-04 -6.8109e-04 -8.8484e-04 -1.1189e-03 
+0000.00000 -4.5963e-04 -4.0755e-04 -3.3798e-04 -2.4751e-04 -1.3716e-04 -2.9027e-05 +5.6998e-05 +1.3419e-04 +2.1867e-04 +3.0234e-04 +3.7327e-04 +4.2920e-04 +4.7170e-04 +5.0748e-04 +5.4121e-04 +5.6099e-04 +5.5360e-04 +5.2594e-04 +4.8948e-04 +4.4094e-04 +3.7224e-04 +2.8162e-04 +1.7177e-04 +5.3689e-05 -6.4259e-05 -1.9278e-04 -3.4147e-04 -5.0438e-04 -6.8109e-04 -8.8484e-04 -1.1189e-03 
-0000.01200 -4.5963e-04 -4.0755e-04 -3.3798e-04 -2.4751e-04 -1.3716e-04 -2.9027e-05 +5.6998e-05 +1.3419e-04 +2.1867e-04 +3.0234e-04 +3.7327e-04 +4.2920e-04 +4.7170e-04 +5.0748e-04 +5.4121e-04 +5.6099e-04 +5.5360e-04 +5.2594e-04 +4.8948e-04 +4.4094e-04 +3.7224e-04 +2.8162e-04 +1.7177e-04 +5.3689e-05 -6.4259e-05 -1.9278e-04 -3.4147e-04 -5.0438e-04 -6.8109e-04 -8.8484e-04 -1.1189e-03 
# Horizontal Final Position [m]
START
            -0000.01500 -0000.01400 -0000.01300 -0000.01200 -0000.01100 -0000.01000 -0000.00900 -0000.00800 -0000.00700 -0000.00600 -0000.00500 -0000.00400 -0000.00300 -0000.00200 -0000.00100 +0000.00000 +0000.00100 +0000.00200 +0000.00300 +0000.00400 +0000.00500 +0000.00600 +0000.00700 +0000.00800 +0000.00900 +0000.01000 +0000.01100 +0000.01200 +0000.01300 +0000.01400 +0000.01500 
+0000.01200 -1.5102e-02 -1.4084e-02 -1.3067e-02 -1.2051e-02 -1.1037e-02 -1.0023e-02 -9.0104e-03 -7.9985e-03 -6.9875e-03 -5.9774e-03 -4.9680e-03 -3.9595e-03 -2.9520e-03 -1.9453e-03 -9.3918e-04 +6.6229e-05 +1.0708e-03 +2.0747e-03 +3.0779e-03 +4.0804e-03 +5.0822e-03 +6.0832e-03 +7.0834e-03 +8.0829e-03 +9.0819e-03 +1.0080e-02 +1.1078e-02 +1.2075e-02 +1.3071e-02 +1.4066e-02 +1.5061e-02 
+0000.00000 -1.5102e-02 -1.4084e-02 -1.3067e-02 -1.2051e-02 -1.1037e-02 -1.0023e-02 -9.0104e-03 -7.9985e-03 -6.9875e-03 -5.9774e-03 -4.9680e-03 -3.9595e-03 -2.9520e-03 -1.9453e-03 -9.3918e-04 +6.6229e-05 +1.0708e-03 +2.0747e-03 +3.0779e-03 +4.0804e-03 +5.0822e-03 +6.0832e-03 +7.0834e-03 +8.0829e-03 +9.0819e-03 +1.0080e-02 +1.1078e-02 +1.2075e-02 +1.3071e-02 +1.4066e-02 +1.5061e-02 
-0000.01200 -1.5102e-02 -1.4084e-02 -1.3067e-02 -1.2051e-02 -1.1037e-02 -1.0023e-02 -9.0104e-03 -7.9985e-03 -6.9875e-03 -5.9774e-03 -4.9680e-03 -3.9595e-03 -2.9520e-03 -1.9453e-03 -9.3918e-04 +6.6229e-05 +1.0708e-03 +2.0747e-03 +3.0779e-03 +4.0804e-03 +5.0822e-03 +6.0832e-03 +7.0834e-03 +8.0829e-03 +9.0819e-03 +1.0080e-02 +1.1078e-02 +1.2075e-02 +1.3071e-02 +1.4066e-02 +1.5061e-02 
# Vertical Final Position [m]
START
            -0000.01500 -0000.01400 -0000.01300 -0000.01200 -0000.01100 -0000.01000 -0000.00900 -0000.00800 -0000.00700 -0000.00600 -0000.00500 -0000.00400 -0000.00300 -0000.00200 -0000.00100 +0000.00000 +0000.00100 +0000.00200 +0000.00300 +0000.00400 +0000.00500 +0000.00600 +0000.00700 +0000.00800 +0000.00900 +0000.01000 +0000.01100 +0000.01200 +0000.01300 +0000.01400 +0000.01500 
+0000.01200 +1.2047e-02 +1.2047e-02 +1.2047e-02 +1.2047e-02 +1.2048e-02 +1.2048e-02 +1.2047e-02 +1.2046e-02 +1.2045e-02 +1.2044e-02 +1.2042e-02 +1.2040e-02 +1.2037e-02 +1.2035e-02 +1.2032e-02 +1.2029e-02 +1.2026e-02 +1.2022e-02 +1.2018e-02 +1.2014e-02 +1.2009e-02 +1.2005e-02 +1.2000e-02 +1.1995e-02 +1.1990e-02 +1.1985e-02 +1.1980e-02 +1.1974e-02 +1.1969e-02 +1.1963e-02 +1.1957e-02 
+0000.00000 +4.6701e-05 +4.6873e-05 +4.7107e-05 +4.7433e-05 +4.7785e-05 +4.7755e-05 +4.7010e-05 +4.5913e-05 +4.4861e-05 +4.3632e-05 +4.1928e-05 +3.9808e-05 +3.7418e-05 +3.4856e-05 +3.2170e-05 +2.9197e-05 +2.5762e-05 +2.1946e-05 +1.7919e-05 +1.3771e-05 +9.4947e-06 +4.9191e-06 -5.9465e-08 -5.1464e-06 -1.0058e-05 -1.5001e-05 -2.0213e-05 -2.5634e-05 -3.1255e-05 -3.7213e-05 -4.3485e-05 
-0000.01200 -1.1953e-02 -1.1953e-02 -1.1953e-02 -1.1953e-02 -1.1952e-02 -1.1952e-02 -1.1953e-02 -1.1954e-02 -1.1955e-02 -1.1956e-02 -1.1958e-02 -1.1960e-02 -1.1963e-02 -1.1965e-02 -1.1968e-02 -1.1971e-02 -1.1974e-02 -1.1978e-02 -1.1982e-02 -1.1986e-02 -1.1991e-02 -1.1995e-02 -1.2000e-02 -1.2005e-02 -1.2010e-02 -1.2015e-02 -1.2020e-02 -1.2026e-02 -1.2031e-02 -1.2037e-02 -1.2043e-02 