# Author: FAC idanalysis.IDKickMap
#
# Total Length of Longitudinal Interval [m]
1.3
# Number of Horizontal Points
23
# Number of Vertical Points
9
# Total Horizontal 2nd Order Kick [T2m2]
START
            -0000.01100 -0000.01000 -0000.00900 -0000.00800 -0000.00700 -0000.00600 -0000.00500 -0000.00400 -0000.00300 -0000.00200 -0000.00100 +0000.00000 +0000.00100 +0000.00200 +0000.00300 +0000.00400 +0000.00500 +0000.00600 +0000.00700 +0000.00800 +0000.00900 +0000.01000 +0000.01100
+0000.00380 -7.6641e-04 -6.7046e-04 -5.3808e-04 -4.0129e-04 -2.6420e-04 -1.3692e-04 -7.8962e-05 -7.1915e-05 -9.7795e-05 -1.0517e-04 -9.7454e-05 -8.3484e-05 -5.9327e-05 -6.8435e-05 -9.5359e-05 -1.2328e-04 -1.9660e-04 -2.6715e-04 -3.8329e-04 -5.1525e-04 -6.4456e-04 -7.3626e-04 -8.0938e-04
+0000.00285 -7.6641e-04 -6.7046e-04 -5.3808e-04 -4.0129e-04 -2.6420e-04 -1.3692e-04 -7.8962e-05 -7.1915e-05 -9.7795e-05 -1.0517e-04 -9.7454e-05 -8.3484e-05 -5.9327e-05 -6.8435e-05 -9.5359e-05 -1.2328e-04 -1.9660e-04 -2.6715e-04 -3.8329e-04 -5.1525e-04 -6.4456e-04 -7.3626e-04 -8.0938e-04
+0000.00190 -7.6641e-04 -6.7046e-04 -5.3808e-04 -4.0129e-04 -2.6420e-04 -1.3692e-04 -7.8962e-05 -7.1915e-05 -9.7795e-05 -1.0517e-04 -9.7454e-05 -8.3484e-05 -5.9327e-05 -6.8435e-05 -9.5359e-05 -1.2328e-04 -1.9660e-04 -2.6715e-04 -3.8329e-04 -5.1525e-04 -6.4456e-04 -7.3626e-04 -8.0938e-04
+0000.00095 -7.6641e-04 -6.7046e-04 -5.3808e-04 -4.0129e-04 -2.6420e-04 -1.3692e-04 -7.8962e-05 -7.1915e-05 -9.7795e-05 -1.0517e-04 -9.7454e-05 -8.3484e-05 -5.9327e-05 -6.8435e-05 -9.5359e-05 -1.2328e-04 -1.9660e-04 -2.6715e-04 -3.8329e-04 -5.1525e-04 -6.4456e-04 -7.3626e-04 -8.0938e-04
+0000.00000 -7.6641e-04 -6.7046e-04 -5.3808e-04 -4.0129e-04 -2.6420e-04 -1.3692e-04 -7.8962e-05 -7.1915e-05 -9.7795e-05 -1.0517e-04 -9.7454e-05 -8.3484e-05 -5.9327e-05 -6.8435e-05 -9.5359e-05 -1.2328e-04 -1.9660e-04 -2.6715e-04 -3.8329e-04 -5.1525e-04 -6.4456e-04 -7.3626e-04 -8.0938e-04
-0000.00095 -7.6641e-04 -6.7046e-04 -5.3808e-04 -4.0129e-04 -2.6420e-04 -1.3692e-04 -7.8962e-05 -7.1915e-05 -9.7795e-05 -1.0517e-04 -9.7454e-05 -8.3484e-05 -5.9327e-05 -6.8435e-05 -9.5359e-05 -1.2328e-04 -1.9660e-04 -2.6715e-04 -3.8329e-04 -5.1525e-04 -6.4456e-04 -7.3626e-04 -8.0938e-04
-0000.00190 -7.6641e-04 -6.7046e-04 -5.3808e-04 -4.0129e-04 -2.6420e-04 -1.3692e-04 -7.8962e-05 -7.1915e-05 -9.7795e-05 -1.0517e-04 -9.7454e-05 -8.3484e-05 -5.9327e-05 -6.8435e-05 -9.5359e-05 -1.2328e-04 -1.9660e-04 -2.6715e-04 -3.8329e-04 -5.1525e-04 -6.4456e-04 -7.3626e-04 -8.0938e-04
-0000.00285 -7.6641e-04 -6.7046e-04 -5.3808e-04 -4.0129e-04 -2.6420e-04 -1.3692e-04 -7.8962e-05 -7.1915e-05 -9.7795e-05 -1.0517e-04 -9.7454e-05 -8.3484e-05 -5.9327e-05 -6.8435e-05 -9.5359e-05 -1.2328e-04 -1.9660e-04 -2.6715e-04 -3.8329e-04 -5.1525e-04 -6.4456e-04 -7.3626e-04 -8.0938e-04
-0000.00380 -7.6641e-04 -6.7046e-04 -5.3808e-04 -4.0129e-04 -2.6420e-04 -1.3692e-04 -7.8962e-05 -7.1915e-05 -9.7795e-05 -1.0517e-04 -9.7454e-05 -8.3484e-05 -5.9327e-05 -6.8435e-05 -9.5359e-05 -1.2328e-04 -1.9660e-04 -2.6715e-04 -3.8329e-04 -5.1525e-04 -6.4456e-04 -7.3626e-04 -8.0938e-04
# Total Vertical 2nd Order Kick [T2m2]
START
            -0000.01100 -0000.01000 -0000.00900 -0000.00800 -0000.00700 -0000.00600 -0000.00500 -0000.00400 -0000.00300 -0000.00200 -0000.00100 +0000.00000 +0000.00100 +0000.00200 +0000.00300 +0000.00400 +0000.00500 +0000.00600 +0000.00700 +0000.00800 +0000.00900 +0000.01000 +0000.01100
+0000.00380 +4.5124e-04 +3.2917e-04 +2.7143e-04 +1.7277e-04 +1.1436e-04 +5.7114e-05 -4.4181e-05 -3.4559e-05 -4.1949e-05 +1.4202e-06 -1.9295e-05 +2.7460e-05 +6.3066e-06 +2.7074e-05 +2.9451e-05 +6.0849e-05 +9.0644e-05 +9.1512e-05 +1.0860e-04 +1.6248e-04 +2.3759e-04 +3.1216e-04 +4.8577e-04
+0000.00285 +4.5124e-04 +3.2917e-04 +2.7143e-04 +1.7277e-04 +1.1436e-04 +5.7114e-05 -4.4181e-05 -3.4559e-05 -4.1949e-05 +1.4202e-06 -1.9295e-05 +2.7460e-05 +6.3066e-06 +2.7074e-05 +2.9451e-05 +6.0849e-05 +9.0644e-05 +9.1512e-05 +1.0860e-04 +1.6248e-04 +2.3759e-04 +3.1216e-04 +4.8577e-04
+0000.00190 +4.5124e-04 +3.2917e-04 +2.7143e-04 +1.7277e-04 +1.1436e-04 +5.7114e-05 -4.4181e-05 -3.4559e-05 -4.1949e-05 +1.4202e-06 -1.9295e-05 +2.7460e-05 +6.3066e-06 +2.7074e-05 +2.9451e-05 +6.0849e-05 +9.0644e-05 +9.1512e-05 +1.0860e-04 +1.6248e-04 +2.3759e-04 +3.1216e-04 +4.8577e-04
+0000.00095 +4.5124e-04 +3.2917e-04 +2.7143e-04 +1.7277e-04 +1.1436e-04 +5.7114e-05 -4.4181e-05 -3.4559e-05 -4.1949e-05 +1.4202e-06 -1.9295e-05 +2.7460e-05 +6.3066e-06 +2.7074e-05 +2.9451e-05 +6.0849e-05 +9.0644e-05 +9.1512e-05 +1.0860e-04 +1.6248e-04 +2.3759e-04 +3.1216e-04 +4.8577e-04
+0000.00000 +4.5124e-04 +3.2917e-04 +2.7143e-04 +1.7277e-04 +1.1436e-04 +5.7114e-05 -4.4181e-05 -3.4559e-05 -4.1949e-05 +1.4202e-06 -1.9295e-05 +2.7460e-05 +6.3066e-06 +2.7074e-05 +2.9451e-05 +6.0849e-05 +9.0644e-05 +9.1512e-05 +1.0860e-04 +1.6248e-04 +2.3759e-04 +3.1216e-04 +4.8577e-04
-0000.00095 +4.5124e-04 +3.2917e-04 +2.7143e-04 +1.7277e-04 +1.1436e-04 +5.7114e-05 -4.4181e-05 -3.4559e-05 -4.1949e-05 +1.4202e-06 -1.9295e-05 +2.7460e-05 +6.3066e-06 +2.7074e-05 +2.9451e-05 +6.0849e-05 +9.0644e-05 +9.1512e-05 +1.0860e-04 +1.6248e-04 +2.3759e-04 +3.1216e-04 +4.8577e-04
-0000.00190 +4.5124e-04 +3.2917e-04 +2.7143e-04 +1.7277e-04 +1.1436e-04 +5.7114e-05 -4.4181e-05 -3.4559e-05 -4.1949e-05 +1.4202e-06 -1.9295e-05 +2.7460e-05 +6.3066e-06 +2.7074e-05 +2.9451e-05 +6.0849e-05 +9.0644e-05 +9.1512e-05 +1.0860e-04 +1.6248e-04 +2.3759e-04 +3.1216e-04 +4.8577e-04
-0000.00285 +4.5124e-04 +3.2917e-04 +2.7143e-04 +1.7277e-04 +1.1436e-04 +5.7114e-05 -4.4181e-05 -3.4559e-05 -4.1949e-05 +1.4202e-06 -1.9295e-05 +2.7460e-05 +6.3066e-06 +2.7074e-05 +2.9451e-05 +6.0849e-05 +9.0644e-05 +9.1512e-05 +1.0860e-04 +1.6248e-04 +2.3759e-04 +3.1216e-04 +4.8577e-04
-0000.00380 +4.5124e-04 +3.2917e-04 +2.7143e-04 +1.7277e-04 +1.1436e-04 +5.7114e-05 -4.4181e-05 -3.4559e-05 -4.1949e-05 +1.4202e-06 -1.9295e-05 +2.7460e-05 +6.3066e-06 +2.7074e-05 +2.9451e-05 +6.0849e-05 +9.0644e-05 +9.1512e-05 +1.0860e-04 +1.6248e-04 +2.3759e-04 +3.1216e-04 +4.8577e-04
# Horizontal Final Position [m]
START
            -0000.01100 -0000.01000 -0000.00900 -0000.00800 -0000.00700 -0000.00600 -0000.00500 -0000.00400 -0000.00300 -0000.00200 -0000.00100 +0000.00000 +0000.00100 +0000.00200 +0000.00300 +0000.00400 +0000.00500 +0000.00600 +0000.00700 +0000.00800 +0000.00900 +0000.01000 +0000.01100
+0000.00380 -1.1006e-02 -1.0005e-02 -9.0037e-03 -8.0022e-03 -7.0007e-03 -5.9994e-03 -4.9988e-03 -3.9988e-03 -2.9991e-03 -1.9995e-03 -9.9974e-04 +1.0196e-07 +1.0002e-03 +2.0001e-03 +3.0001e-03 +4.0002e-03 +4.9998e-03 +5.9992e-03 +6.9981e-03 +7.9966e-03 +8.9950e-03 +9.9937e-03 +1.0993e-02
+0000.00285 -1.1006e-02 -1.0005e-02 -9.0037e-03 -8.0022e-03 -7.0007e-03 -5.9994e-03 -4.9988e-03 -3.9988e-03 -2.9991e-03 -1.9995e-03 -9.9974e-04 +1.0196e-07 +1.0002e-03 +2.0001e-03 +3.0001e-03 +4.0002e-03 +4.9998e-03 +5.9992e-03 +6.9981e-03 +7.9966e-03 +8.9950e-03 +9.9937e-03 +1.0993e-02
+0000.00190 -1.1006e-02 -1.0005e-02 -9.0037e-03 -8.0022e-03 -7.0007e-03 -5.9994e-03 -4.9988e-03 -3.9988e-03 -2.9991e-03 -1.9995e-03 -9.9974e-04 +1.0196e-07 +1.0002e-03 +2.0001e-03 +3.0001e-03 +4.0002e-03 +4.9998e-03 +5.9992e-03 +6.9981e-03 +7.9966e-03 +8.9950e-03 +9.9937e-03 +1.0993e-02
+0000.00095 -1.1006e-02 -1.0005e-02 -9.0037e-03 -8.0022e-03 -7.0007e-03 -5.9994e-03 -4.9988e-03 -3.9988e-03 -2.9991e-03 -1.9995e-03 -9.9974e-04 +1.0196e-07 +1.0002e-03 +2.0001e-03 +3.0001e-03 +4.0002e-03 +4.9998e-03 +5.9992e-03 +6.9981e-03 +7.9966e-03 +8.9950e-03 +9.9937e-03 +1.0993e-02
+0000.00000 -1.1006e-02 -1.0005e-02 -9.0037e-03 -8.0022e-03 -7.0007e-03 -5.9994e-03 -4.9988e-03 -3.9988e-03 -2.9991e-03 -1.9995e-03 -9.9974e-04 +1.0196e-07 +1.0002e-03 +2.0001e-03 +3.0001e-03 +4.0002e-03 +4.9998e-03 +5.9992e-03 +6.9981e-03 +7.9966e-03 +8.9950e-03 +9.9937e-03 +1.0993e-02
-0000.00095 -1.1006e-02 -1.0005e-02 -9.0037e-03 -8.0022e-03 -7.0007e-03 -5.9994e-03 -4.9988e-03 -3.9988e-03 -2.9991e-03 -1.9995e-03 -9.9974e-04 +1.0196e-07 +1.0002e-03 +2.0001e-03 +3.0001e-03 +4.0002e-03 +4.9998e-03 +5.9992e-03 +6.9981e-03 +7.9966e-03 +8.9950e-03 +9.9937e-03 +1.0993e-02
-0000.00190 -1.1006e-02 -1.0005e-02 -9.0037e-03 -8.0022e-03 -7.0007e-03 -5.9994e-03 -4.9988e-03 -3.9988e-03 -2.9991e-03 -1.9995e-03 -9.9974e-04 +1.0196e-07 +1.0002e-03 +2.0001e-03 +3.0001e-03 +4.0002e-03 +4.9998e-03 +5.9992e-03 +6.9981e-03 +7.9966e-03 +8.9950e-03 +9.9937e-03 +1.0993e-02
-0000.00285 -1.1006e-02 -1.0005e-02 -9.0037e-03 -8.0022e-03 -7.0007e-03 -5.9994e-03 -4.9988e-03 -3.9988e-03 -2.9991e-03 -1.9995e-03 -9.9974e-04 +1.0196e-07 +1.0002e-03 +2.0001e-03 +3.0001e-03 +4.0002e-03 +4.9998e-03 +5.9992e-03 +6.9981e-03 +7.9966e-03 +8.9950e-03 +9.9937e-03 +1.0993e-02
-0000.00380 -1.1006e-02 -1.0005e-02 -9.0037e-03 -8.0022e-03 -7.0007e-03 -5.9994e-03 -4.9988e-03 -3.9988e-03 -2.9991e-03 -1.9995e-03 -9.9974e-04 +1.0196e-07 +1.0002e-03 +2.0001e-03 +3.0001e-03 +4.0002e-03 +4.9998e-03 +5.9992e-03 +6.9981e-03 +7.9966e-03 +8.9950e-03 +9.9937e-03 +1.0993e-02
# Vertical Final Position [m]
START
            -0000.01100 -0000.01000 -0000.00900 -0000.00800 -0000.00700 -0000.00600 -0000.00500 -0000.00400 -0000.00300 -0000.00200 -0000.00100 +0000.00000 +0000.00100 +0000.00200 +0000.00300 +0000.00400 +0000.00500 +0000.00600 +0000.00700 +0000.00800 +0000.00900 +0000.01000 +0000.01100
+0000.00380 +3.7999e-03 +3.7989e-03 +3.7990e-03 +3.7989e-03 +3.7991e-03 +3.7991e-03 +3.7987e-03 +3.7991e-03 +3.7993e-03 +3.7999e-03 +3.7998e-03 +3.8002e-03 +3.8000e-03 +3.8001e-03 +3.8000e-03 +3.8001e-03 +3.8000e-03 +3.7994e-03 +3.7988e-03 +3.7986e-03 +3.7989e-03 +3.7998e-03 +3.8020e-03
+0000.00285 +2.8499e-03 +2.8489e-03 +2.8490e-03 +2.8489e-03 +2.8491e-03 +2.8491e-03 +2.8487e-03 +2.8491e-03 +2.8493e-03 +2.8499e-03 +2.8498e-03 +2.8502e-03 +2.8500e-03 +2.8501e-03 +2.8500e-03 +2.8501e-03 +2.8500e-03 +2.8494e-03 +2.8488e-03 +2.8486e-03 +2.8489e-03 +2.8498e-03 +2.8520e-03
+0000.00190 +1.8999e-03 +1.8989e-03 +1.8990e-03 +1.8989e-03 +1.8991e-03 +1.8991e-03 +1.8987e-03 +1.8991e-03 +1.8993e-03 +1.8999e-03 +1.8998e-03 +1.9002e-03 +1.9000e-03 +1.9001e-03 +1.9000e-03 +1.9001e-03 +1.9000e-03 +1.8994e-03 +1.8988e-03 +1.8986e-03 +1.8989e-03 +1.8998e-03 +1.9020e-03
+0000.00095 +9.4990e-04 +9.4889e-04 +9.4897e-04 +9.4893e-04 +9.4910e-04 +9.4912e-04 +9.4871e-04 +9.4908e-04 +9.4931e-04 +9.4987e-04 +9.4983e-04 +9.5021e-04 +9.5000e-04 +9.5010e-04 +9.5002e-04 +9.5011e-04 +9.4998e-04 +9.4941e-04 +9.4881e-04 +9.4859e-04 +9.4892e-04 +9.4978e-04 +9.5201e-04
+0000.00000 -1.0237e-07 -1.1110e-06 -1.0267e-06 -1.0742e-06 -9.0035e-07 -8.8041e-07 -1.2885e-06 -9.2107e-07 -6.9185e-07 -1.3090e-07 -1.6560e-07 +2.0670e-07 -4.6952e-09 +9.5696e-08 +2.1279e-08 +1.0852e-07 -2.0150e-08 -5.8990e-07 -1.1931e-06 -1.4087e-06 -1.0799e-06 -2.2181e-07 +2.0067e-06
-0000.00095 -9.5010e-04 -9.5111e-04 -9.5103e-04 -9.5107e-04 -9.5090e-04 -9.5088e-04 -9.5129e-04 -9.5092e-04 -9.5069e-04 -9.5013e-04 -9.5017e-04 -9.4979e-04 -9.5000e-04 -9.4990e-04 -9.4998e-04 -9.4989e-04 -9.5002e-04 -9.5059e-04 -9.5119e-04 -9.5141e-04 -9.5108e-04 -9.5022e-04 -9.4799e-04
-0000.00190 -1.9001e-03 -1.9011e-03 -1.9010e-03 -1.9011e-03 -1.9009e-03 -1.9009e-03 -1.9013e-03 -1.9009e-03 -1.9007e-03 -1.9001e-03 -1.9002e-03 -1.8998e-03 -1.9000e-03 -1.8999e-03 -1.9000e-03 -1.8999e-03 -1.9000e-03 -1.9006e-03 -1.9012e-03 -1.9014e-03 -1.9011e-03 -1.9002e-03 -1.8980e-03
-0000.00285 -2.8501e-03 -2.8511e-03 -2.8510e-03 -2.8511e-03 -2.8509e-03 -2.8509e-03 -2.8513e-03 -2.8509e-03 -2.8507e-03 -2.8501e-03 -2.8502e-03 -2.8498e-03 -2.8500e-03 -2.8499e-03 -2.8500e-03 -2.8499e-03 -2.8500e-03 -2.8506e-03 -2.8512e-03 -2.8514e-03 -2.8511e-03 -2.8502e-03 -2.8480e-03
-0000.00380 -3.8001e-03 -3.8011e-03 -3.8010e-03 -3.8011e-03 -3.8009e-03 -3.8009e-03 -3.8013e-03 -3.8009e-03 -3.8007e-03 -3.8001e-03 -3.8002e-03 -3.7998e-03 -3.8000e-03 -3.7999e-03 -3.8000e-03 -3.7999e-03 -3.8000e-03 -3.8006e-03 -3.8012e-03 -3.8014e-03 -3.8011e-03 -3.8002e-03 -3.7980e-03
