# Author: FAC idanalysis.IDKickMap
#
# Total Length of Longitudinal Interval [m]
0.13
# Number of Horizontal Points
23
# Number of Vertical Points
9
# Total Horizontal 2nd Order Kick [T2m2]
START
            -0000.01100 -0000.01000 -0000.00900 -0000.00800 -0000.00700 -0000.00600 -0000.00500 -0000.00400 -0000.00300 -0000.00200 -0000.00100 +0000.00000 +0000.00100 +0000.00200 +0000.00300 +0000.00400 +0000.00500 +0000.00600 +0000.00700 +0000.00800 +0000.00900 +0000.01000 +0000.01100
+0000.00380 -5.1055e-04 -3.8922e-04 -2.9427e-04 -1.5007e-04 -1.6302e-05 +1.0125e-04 +1.3381e-04 +1.3120e-04 +1.2147e-04 +1.0434e-04 +9.6879e-05 +1.2055e-04 +1.3532e-04 +1.4333e-04 +1.0651e-04 +8.5618e-05 +7.0696e-06 -6.6516e-05 -1.8664e-04 -3.1646e-04 -4.3507e-04 -5.4147e-04 -5.9291e-04
+0000.00285 -5.1055e-04 -3.8922e-04 -2.9427e-04 -1.5007e-04 -1.6302e-05 +1.0125e-04 +1.3381e-04 +1.3120e-04 +1.2147e-04 +1.0434e-04 +9.6879e-05 +1.2055e-04 +1.3532e-04 +1.4333e-04 +1.0651e-04 +8.5618e-05 +7.0696e-06 -6.6516e-05 -1.8664e-04 -3.1646e-04 -4.3507e-04 -5.4147e-04 -5.9291e-04
+0000.00190 -5.1055e-04 -3.8922e-04 -2.9427e-04 -1.5007e-04 -1.6302e-05 +1.0125e-04 +1.3381e-04 +1.3120e-04 +1.2147e-04 +1.0434e-04 +9.6879e-05 +1.2055e-04 +1.3532e-04 +1.4333e-04 +1.0651e-04 +8.5618e-05 +7.0696e-06 -6.6516e-05 -1.8664e-04 -3.1646e-04 -4.3507e-04 -5.4147e-04 -5.9291e-04
+0000.00095 -5.1055e-04 -3.8922e-04 -2.9427e-04 -1.5007e-04 -1.6302e-05 +1.0125e-04 +1.3381e-04 +1.3120e-04 +1.2147e-04 +1.0434e-04 +9.6879e-05 +1.2055e-04 +1.3532e-04 +1.4333e-04 +1.0651e-04 +8.5618e-05 +7.0696e-06 -6.6516e-05 -1.8664e-04 -3.1646e-04 -4.3507e-04 -5.4147e-04 -5.9291e-04
+0000.00000 -5.1055e-04 -3.8922e-04 -2.9427e-04 -1.5007e-04 -1.6302e-05 +1.0125e-04 +1.3381e-04 +1.3120e-04 +1.2147e-04 +1.0434e-04 +9.6879e-05 +1.2055e-04 +1.3532e-04 +1.4333e-04 +1.0651e-04 +8.5618e-05 +7.0696e-06 -6.6516e-05 -1.8664e-04 -3.1646e-04 -4.3507e-04 -5.4147e-04 -5.9291e-04
-0000.00095 -5.1055e-04 -3.8922e-04 -2.9427e-04 -1.5007e-04 -1.6302e-05 +1.0125e-04 +1.3381e-04 +1.3120e-04 +1.2147e-04 +1.0434e-04 +9.6879e-05 +1.2055e-04 +1.3532e-04 +1.4333e-04 +1.0651e-04 +8.5618e-05 +7.0696e-06 -6.6516e-05 -1.8664e-04 -3.1646e-04 -4.3507e-04 -5.4147e-04 -5.9291e-04
-0000.00190 -5.1055e-04 -3.8922e-04 -2.9427e-04 -1.5007e-04 -1.6302e-05 +1.0125e-04 +1.3381e-04 +1.3120e-04 +1.2147e-04 +1.0434e-04 +9.6879e-05 +1.2055e-04 +1.3532e-04 +1.4333e-04 +1.0651e-04 +8.5618e-05 +7.0696e-06 -6.6516e-05 -1.8664e-04 -3.1646e-04 -4.3507e-04 -5.4147e-04 -5.9291e-04
-0000.00285 -5.1055e-04 -3.8922e-04 -2.9427e-04 -1.5007e-04 -1.6302e-05 +1.0125e-04 +1.3381e-04 +1.3120e-04 +1.2147e-04 +1.0434e-04 +9.6879e-05 +1.2055e-04 +1.3532e-04 +1.4333e-04 +1.0651e-04 +8.5618e-05 +7.0696e-06 -6.6516e-05 -1.8664e-04 -3.1646e-04 -4.3507e-04 -5.4147e-04 -5.9291e-04
-0000.00380 -5.1055e-04 -3.8922e-04 -2.9427e-04 -1.5007e-04 -1.6302e-05 +1.0125e-04 +1.3381e-04 +1.3120e-04 +1.2147e-04 +1.0434e-04 +9.6879e-05 +1.2055e-04 +1.3532e-04 +1.4333e-04 +1.0651e-04 +8.5618e-05 +7.0696e-06 -6.6516e-05 -1.8664e-04 -3.1646e-04 -4.3507e-04 -5.4147e-04 -5.9291e-04
# Total Vertical 2nd Order Kick [T2m2]
START
            -0000.01100 -0000.01000 -0000.00900 -0000.00800 -0000.00700 -0000.00600 -0000.00500 -0000.00400 -0000.00300 -0000.00200 -0000.00100 +0000.00000 +0000.00100 +0000.00200 +0000.00300 +0000.00400 +0000.00500 +0000.00600 +0000.00700 +0000.00800 +0000.00900 +0000.01000 +0000.01100
+0000.00380 +4.8719e-04 +3.7388e-04 +3.0369e-04 +2.0667e-04 +1.5131e-04 +8.0897e-05 +4.0252e-05 -1.5797e-06 -4.0911e-06 +1.6249e-07 -6.4675e-06 -1.5871e-05 +6.2198e-06 -1.1244e-05 +1.4540e-05 +1.3962e-05 +2.0036e-06 -3.9472e-06 +8.4900e-05 +1.1083e-04 +2.0161e-04 +2.8809e-04 +3.6796e-04
+0000.00285 +4.8719e-04 +3.7388e-04 +3.0369e-04 +2.0667e-04 +1.5131e-04 +8.0897e-05 +4.0252e-05 -1.5797e-06 -4.0911e-06 +1.6249e-07 -6.4675e-06 -1.5871e-05 +6.2198e-06 -1.1244e-05 +1.4540e-05 +1.3962e-05 +2.0036e-06 -3.9472e-06 +8.4900e-05 +1.1083e-04 +2.0161e-04 +2.8809e-04 +3.6796e-04
+0000.00190 +4.8719e-04 +3.7388e-04 +3.0369e-04 +2.0667e-04 +1.5131e-04 +8.0897e-05 +4.0252e-05 -1.5797e-06 -4.0911e-06 +1.6249e-07 -6.4675e-06 -1.5871e-05 +6.2198e-06 -1.1244e-05 +1.4540e-05 +1.3962e-05 +2.0036e-06 -3.9472e-06 +8.4900e-05 +1.1083e-04 +2.0161e-04 +2.8809e-04 +3.6796e-04
+0000.00095 +4.8719e-04 +3.7388e-04 +3.0369e-04 +2.0667e-04 +1.5131e-04 +8.0897e-05 +4.0252e-05 -1.5797e-06 -4.0911e-06 +1.6249e-07 -6.4675e-06 -1.5871e-05 +6.2198e-06 -1.1244e-05 +1.4540e-05 +1.3962e-05 +2.0036e-06 -3.9472e-06 +8.4900e-05 +1.1083e-04 +2.0161e-04 +2.8809e-04 +3.6796e-04
+0000.00000 +4.8719e-04 +3.7388e-04 +3.0369e-04 +2.0667e-04 +1.5131e-04 +8.0897e-05 +4.0252e-05 -1.5797e-06 -4.0911e-06 +1.6249e-07 -6.4675e-06 -1.5871e-05 +6.2198e-06 -1.1244e-05 +1.4540e-05 +1.3962e-05 +2.0036e-06 -3.9472e-06 +8.4900e-05 +1.1083e-04 +2.0161e-04 +2.8809e-04 +3.6796e-04
-0000.00095 +4.8719e-04 +3.7388e-04 +3.0369e-04 +2.0667e-04 +1.5131e-04 +8.0897e-05 +4.0252e-05 -1.5797e-06 -4.0911e-06 +1.6249e-07 -6.4675e-06 -1.5871e-05 +6.2198e-06 -1.1244e-05 +1.4540e-05 +1.3962e-05 +2.0036e-06 -3.9472e-06 +8.4900e-05 +1.1083e-04 +2.0161e-04 +2.8809e-04 +3.6796e-04
-0000.00190 +4.8719e-04 +3.7388e-04 +3.0369e-04 +2.0667e-04 +1.5131e-04 +8.0897e-05 +4.0252e-05 -1.5797e-06 -4.0911e-06 +1.6249e-07 -6.4675e-06 -1.5871e-05 +6.2198e-06 -1.1244e-05 +1.4540e-05 +1.3962e-05 +2.0036e-06 -3.9472e-06 +8.4900e-05 +1.1083e-04 +2.0161e-04 +2.8809e-04 +3.6796e-04
-0000.00285 +4.8719e-04 +3.7388e-04 +3.0369e-04 +2.0667e-04 +1.5131e-04 +8.0897e-05 +4.0252e-05 -1.5797e-06 -4.0911e-06 +1.6249e-07 -6.4675e-06 -1.5871e-05 +6.2198e-06 -1.1244e-05 +1.4540e-05 +1.3962e-05 +2.0036e-06 -3.9472e-06 +8.4900e-05 +1.1083e-04 +2.0161e-04 +2.8809e-04 +3.6796e-04
-0000.00380 +4.8719e-04 +3.7388e-04 +3.0369e-04 +2.0667e-04 +1.5131e-04 +8.0897e-05 +4.0252e-05 -1.5797e-06 -4.0911e-06 +1.6249e-07 -6.4675e-06 -1.5871e-05 +6.2198e-06 -1.1244e-05 +1.4540e-05 +1.3962e-05 +2.0036e-06 -3.9472e-06 +8.4900e-05 +1.1083e-04 +2.0161e-04 +2.8809e-04 +3.6796e-04
# Horizontal Final Position [m]
START
            -0000.01100 -0000.01000 -0000.00900 -0000.00800 -0000.00700 -0000.00600 -0000.00500 -0000.00400 -0000.00300 -0000.00200 -0000.00100 +0000.00000 +0000.00100 +0000.00200 +0000.00300 +0000.00400 +0000.00500 +0000.00600 +0000.00700 +0000.00800 +0000.00900 +0000.01000 +0000.01100
+0000.00380 -1.1004e-02 -1.0003e-02 -9.0020e-03 -8.0004e-03 -6.9989e-03 -5.9977e-03 -4.9973e-03 -3.9974e-03 -2.9976e-03 -1.9981e-03 -9.9844e-04 +1.4620e-06 +1.0014e-03 +2.0016e-03 +3.0015e-03 +4.0016e-03 +5.0012e-03 +6.0006e-03 +6.9995e-03 +7.9981e-03 +8.9966e-03 +9.9951e-03 +1.0994e-02
+0000.00285 -1.1004e-02 -1.0003e-02 -9.0020e-03 -8.0004e-03 -6.9989e-03 -5.9977e-03 -4.9973e-03 -3.9974e-03 -2.9976e-03 -1.9981e-03 -9.9844e-04 +1.4620e-06 +1.0014e-03 +2.0016e-03 +3.0015e-03 +4.0016e-03 +5.0012e-03 +6.0006e-03 +6.9995e-03 +7.9981e-03 +8.9966e-03 +9.9951e-03 +1.0994e-02
+0000.00190 -1.1004e-02 -1.0003e-02 -9.0020e-03 -8.0004e-03 -6.9989e-03 -5.9977e-03 -4.9973e-03 -3.9974e-03 -2.9976e-03 -1.9981e-03 -9.9844e-04 +1.4620e-06 +1.0014e-03 +2.0016e-03 +3.0015e-03 +4.0016e-03 +5.0012e-03 +6.0006e-03 +6.9995e-03 +7.9981e-03 +8.9966e-03 +9.9951e-03 +1.0994e-02
+0000.00095 -1.1004e-02 -1.0003e-02 -9.0020e-03 -8.0004e-03 -6.9989e-03 -5.9977e-03 -4.9973e-03 -3.9974e-03 -2.9976e-03 -1.9981e-03 -9.9844e-04 +1.4620e-06 +1.0014e-03 +2.0016e-03 +3.0015e-03 +4.0016e-03 +5.0012e-03 +6.0006e-03 +6.9995e-03 +7.9981e-03 +8.9966e-03 +9.9951e-03 +1.0994e-02
+0000.00000 -1.1004e-02 -1.0003e-02 -9.0020e-03 -8.0004e-03 -6.9989e-03 -5.9977e-03 -4.9973e-03 -3.9974e-03 -2.9976e-03 -1.9981e-03 -9.9844e-04 +1.4620e-06 +1.0014e-03 +2.0016e-03 +3.0015e-03 +4.0016e-03 +5.0012e-03 +6.0006e-03 +6.9995e-03 +7.9981e-03 +8.9966e-03 +9.9951e-03 +1.0994e-02
-0000.00095 -1.1004e-02 -1.0003e-02 -9.0020e-03 -8.0004e-03 -6.9989e-03 -5.9977e-03 -4.9973e-03 -3.9974e-03 -2.9976e-03 -1.9981e-03 -9.9844e-04 +1.4620e-06 +1.0014e-03 +2.0016e-03 +3.0015e-03 +4.0016e-03 +5.0012e-03 +6.0006e-03 +6.9995e-03 +7.9981e-03 +8.9966e-03 +9.9951e-03 +1.0994e-02
-0000.00190 -1.1004e-02 -1.0003e-02 -9.0020e-03 -8.0004e-03 -6.9989e-03 -5.9977e-03 -4.9973e-03 -3.9974e-03 -2.9976e-03 -1.9981e-03 -9.9844e-04 +1.4620e-06 +1.0014e-03 +2.0016e-03 +3.0015e-03 +4.0016e-03 +5.0012e-03 +6.0006e-03 +6.9995e-03 +7.9981e-03 +8.9966e-03 +9.9951e-03 +1.0994e-02
-0000.00285 -1.1004e-02 -1.0003e-02 -9.0020e-03 -8.0004e-03 -6.9989e-03 -5.9977e-03 -4.9973e-03 -3.9974e-03 -2.9976e-03 -1.9981e-03 -9.9844e-04 +1.4620e-06 +1.0014e-03 +2.0016e-03 +3.0015e-03 +4.0016e-03 +5.0012e-03 +6.0006e-03 +6.9995e-03 +7.9981e-03 +8.9966e-03 +9.9951e-03 +1.0994e-02
-0000.00380 -1.1004e-02 -1.0003e-02 -9.0020e-03 -8.0004e-03 -6.9989e-03 -5.9977e-03 -4.9973e-03 -3.9974e-03 -2.9976e-03 -1.9981e-03 -9.9844e-04 +1.4620e-06 +1.0014e-03 +2.0016e-03 +3.0015e-03 +4.0016e-03 +5.0012e-03 +6.0006e-03 +6.9995e-03 +7.9981e-03 +8.9966e-03 +9.9951e-03 +1.0994e-02
# Vertical Final Position [m]
START
            -0000.01100 -0000.01000 -0000.00900 -0000.00800 -0000.00700 -0000.00600 -0000.00500 -0000.00400 -0000.00300 -0000.00200 -0000.00100 +0000.00000 +0000.00100 +0000.00200 +0000.00300 +0000.00400 +0000.00500 +0000.00600 +0000.00700 +0000.00800 +0000.00900 +0000.01000 +0000.01100
+0000.00380 +3.8002e-03 +3.7992e-03 +3.7992e-03 +3.7992e-03 +3.7994e-03 +3.7993e-03 +3.7993e-03 +3.7993e-03 +3.7996e-03 +3.7998e-03 +3.7999e-03 +3.7998e-03 +3.7999e-03 +3.7997e-03 +3.7998e-03 +3.7996e-03 +3.7992e-03 +3.7986e-03 +3.7985e-03 +3.7981e-03 +3.7986e-03 +3.7995e-03 +3.8011e-03
+0000.00285 +2.8502e-03 +2.8492e-03 +2.8492e-03 +2.8492e-03 +2.8494e-03 +2.8493e-03 +2.8493e-03 +2.8493e-03 +2.8496e-03 +2.8498e-03 +2.8499e-03 +2.8498e-03 +2.8499e-03 +2.8497e-03 +2.8498e-03 +2.8496e-03 +2.8492e-03 +2.8486e-03 +2.8485e-03 +2.8481e-03 +2.8486e-03 +2.8495e-03 +2.8511e-03
+0000.00190 +1.9002e-03 +1.8992e-03 +1.8992e-03 +1.8992e-03 +1.8994e-03 +1.8993e-03 +1.8993e-03 +1.8993e-03 +1.8996e-03 +1.8998e-03 +1.8999e-03 +1.8998e-03 +1.8999e-03 +1.8997e-03 +1.8998e-03 +1.8996e-03 +1.8992e-03 +1.8986e-03 +1.8985e-03 +1.8981e-03 +1.8986e-03 +1.8995e-03 +1.9011e-03
+0000.00095 +9.5020e-04 +9.4924e-04 +9.4924e-04 +9.4921e-04 +9.4938e-04 +9.4928e-04 +9.4933e-04 +9.4933e-04 +9.4959e-04 +9.4981e-04 +9.4987e-04 +9.4979e-04 +9.4987e-04 +9.4968e-04 +9.4977e-04 +9.4961e-04 +9.4919e-04 +9.4859e-04 +9.4853e-04 +9.4811e-04 +9.4856e-04 +9.4951e-04 +9.5108e-04
+0000.00000 +2.0249e-07 -7.5640e-07 -7.5761e-07 -7.8783e-07 -6.2139e-07 -7.1888e-07 -6.6747e-07 -6.6633e-07 -4.1193e-07 -1.9089e-07 -1.3264e-07 -2.1024e-07 -1.2626e-07 -3.2027e-07 -2.3059e-07 -3.8513e-07 -8.0741e-07 -1.4145e-06 -1.4670e-06 -1.8912e-06 -1.4353e-06 -4.8628e-07 +1.0834e-06
-0000.00095 -9.4980e-04 -9.5076e-04 -9.5076e-04 -9.5079e-04 -9.5062e-04 -9.5072e-04 -9.5067e-04 -9.5067e-04 -9.5041e-04 -9.5019e-04 -9.5013e-04 -9.5021e-04 -9.5013e-04 -9.5032e-04 -9.5023e-04 -9.5039e-04 -9.5081e-04 -9.5141e-04 -9.5147e-04 -9.5189e-04 -9.5144e-04 -9.5049e-04 -9.4892e-04
-0000.00190 -1.8998e-03 -1.9008e-03 -1.9008e-03 -1.9008e-03 -1.9006e-03 -1.9007e-03 -1.9007e-03 -1.9007e-03 -1.9004e-03 -1.9002e-03 -1.9001e-03 -1.9002e-03 -1.9001e-03 -1.9003e-03 -1.9002e-03 -1.9004e-03 -1.9008e-03 -1.9014e-03 -1.9015e-03 -1.9019e-03 -1.9014e-03 -1.9005e-03 -1.8989e-03
-0000.00285 -2.8498e-03 -2.8508e-03 -2.8508e-03 -2.8508e-03 -2.8506e-03 -2.8507e-03 -2.8507e-03 -2.8507e-03 -2.8504e-03 -2.8502e-03 -2.8501e-03 -2.8502e-03 -2.8501e-03 -2.8503e-03 -2.8502e-03 -2.8504e-03 -2.8508e-03 -2.8514e-03 -2.8515e-03 -2.8519e-03 -2.8514e-03 -2.8505e-03 -2.8489e-03
-0000.00380 -3.7998e-03 -3.8008e-03 -3.8008e-03 -3.8008e-03 -3.8006e-03 -3.8007e-03 -3.8007e-03 -3.8007e-03 -3.8004e-03 -3.8002e-03 -3.8001e-03 -3.8002e-03 -3.8001e-03 -3.8003e-03 -3.8002e-03 -3.8004e-03 -3.8008e-03 -3.8014e-03 -3.8015e-03 -3.8019e-03 -3.8014e-03 -3.8005e-03 -3.7989e-03
