# Author: FAC idanalysis.IDKickMap
# 
# Total Length of Longitudinal Interval [m]
1.3
# Number of Horizontal Points
23
# Number of Vertical Points
3
# Total Horizontal 2nd Order Kick [T2m2]
START
            -0000.01100 -0000.01000 -0000.00900 -0000.00800 -0000.00700 -0000.00600 -0000.00500 -0000.00400 -0000.00300 -0000.00200 -0000.00100 +0000.00000 +0000.00100 +0000.00200 +0000.00300 +0000.00400 +0000.00500 +0000.00600 +0000.00700 +0000.00800 +0000.00900 +0000.01000 +0000.01100 
+0000.00380 -5.1105e-04 -3.9392e-04 -2.9498e-04 -1.5085e-04 -1.8890e-05 +1.0038e-04 +1.3299e-04 +1.2966e-04 +1.1781e-04 +1.0400e-04 +9.5612e-05 +1.1848e-04 +1.3332e-04 +1.3945e-04 +1.0594e-04 +8.0310e-05 +5.3397e-06 -7.0755e-05 -1.8802e-04 -3.1705e-04 -4.3902e-04 -5.4446e-04 -5.9654e-04 
+0000.00000 -5.1105e-04 -3.9392e-04 -2.9498e-04 -1.5085e-04 -1.8890e-05 +1.0038e-04 +1.3299e-04 +1.2966e-04 +1.1781e-04 +1.0400e-04 +9.5612e-05 +1.1848e-04 +1.3332e-04 +1.3945e-04 +1.0594e-04 +8.0310e-05 +5.3397e-06 -7.0755e-05 -1.8802e-04 -3.1705e-04 -4.3902e-04 -5.4446e-04 -5.9654e-04 
-0000.00380 -5.1105e-04 -3.9392e-04 -2.9498e-04 -1.5085e-04 -1.8890e-05 +1.0038e-04 +1.3299e-04 +1.2966e-04 +1.1781e-04 +1.0400e-04 +9.5612e-05 +1.1848e-04 +1.3332e-04 +1.3945e-04 +1.0594e-04 +8.0310e-05 +5.3397e-06 -7.0755e-05 -1.8802e-04 -3.1705e-04 -4.3902e-04 -5.4446e-04 -5.9654e-04 
# Total Vertical 2nd Order Kick [T2m2]
START
            -0000.01100 -0000.01000 -0000.00900 -0000.00800 -0000.00700 -0000.00600 -0000.00500 -0000.00400 -0000.00300 -0000.00200 -0000.00100 +0000.00000 +0000.00100 +0000.00200 +0000.00300 +0000.00400 +0000.00500 +0000.00600 +0000.00700 +0000.00800 +0000.00900 +0000.01000 +0000.01100 
+0000.00380 +4.8729e-04 +3.7396e-04 +3.0381e-04 +2.0683e-04 +1.5141e-04 +8.0979e-05 +4.0776e-05 -1.3917e-06 -4.1873e-06 +2.0193e-07 -6.3702e-06 -1.5405e-05 +6.2629e-06 -1.0931e-05 +1.4465e-05 +1.4042e-05 +2.3677e-06 -3.3651e-06 +8.5444e-05 +1.1116e-04 +2.0154e-04 +2.8835e-04 +3.6859e-04 
+0000.00000 +4.8729e-04 +3.7396e-04 +3.0381e-04 +2.0683e-04 +1.5141e-04 +8.0979e-05 +4.0776e-05 -1.3917e-06 -4.1873e-06 +2.0193e-07 -6.3702e-06 -1.5405e-05 +6.2629e-06 -1.0931e-05 +1.4465e-05 +1.4042e-05 +2.3677e-06 -3.3651e-06 +8.5444e-05 +1.1116e-04 +2.0154e-04 +2.8835e-04 +3.6859e-04 
-0000.00380 +4.8729e-04 +3.7396e-04 +3.0381e-04 +2.0683e-04 +1.5141e-04 +8.0979e-05 +4.0776e-05 -1.3917e-06 -4.1873e-06 +2.0193e-07 -6.3702e-06 -1.5405e-05 +6.2629e-06 -1.0931e-05 +1.4465e-05 +1.4042e-05 +2.3677e-06 -3.3651e-06 +8.5444e-05 +1.1116e-04 +2.0154e-04 +2.8835e-04 +3.6859e-04 
# Horizontal Final Position [m]
START
            -0000.01100 -0000.01000 -0000.00900 -0000.00800 -0000.00700 -0000.00600 -0000.00500 -0000.00400 -0000.00300 -0000.00200 -0000.00100 +0000.00000 +0000.00100 +0000.00200 +0000.00300 +0000.00400 +0000.00500 +0000.00600 +0000.00700 +0000.00800 +0000.00900 +0000.01000 +0000.01100 
+0000.00380 -1.1004e-02 -1.0003e-02 -9.0020e-03 -8.0004e-03 -6.9990e-03 -5.9977e-03 -4.9974e-03 -3.9974e-03 -2.9977e-03 -1.9981e-03 -9.9846e-04 +1.4438e-06 +1.0014e-03 +2.0015e-03 +3.0015e-03 +4.0015e-03 +5.0011e-03 +6.0006e-03 +6.9995e-03 +7.9981e-03 +8.9965e-03 +9.9951e-03 +1.0994e-02 
+0000.00000 -1.1004e-02 -1.0003e-02 -9.0020e-03 -8.0004e-03 -6.9990e-03 -5.9977e-03 -4.9974e-03 -3.9974e-03 -2.9977e-03 -1.9981e-03 -9.9846e-04 +1.4438e-06 +1.0014e-03 +2.0015e-03 +3.0015e-03 +4.0015e-03 +5.0011e-03 +6.0006e-03 +6.9995e-03 +7.9981e-03 +8.9965e-03 +9.9951e-03 +1.0994e-02 
-0000.00380 -1.1004e-02 -1.0003e-02 -9.0020e-03 -8.0004e-03 -6.9990e-03 -5.9977e-03 -4.9974e-03 -3.9974e-03 -2.9977e-03 -1.9981e-03 -9.9846e-04 +1.4438e-06 +1.0014e-03 +2.0015e-03 +3.0015e-03 +4.0015e-03 +5.0011e-03 +6.0006e-03 +6.9995e-03 +7.9981e-03 +8.9965e-03 +9.9951e-03 +1.0994e-02 
# Vertical Final Position [m]
START
            -0000.01100 -0000.01000 -0000.00900 -0000.00800 -0000.00700 -0000.00600 -0000.00500 -0000.00400 -0000.00300 -0000.00200 -0000.00100 +0000.00000 +0000.00100 +0000.00200 +0000.00300 +0000.00400 +0000.00500 +0000.00600 +0000.00700 +0000.00800 +0000.00900 +0000.01000 +0000.01100 
+0000.00380 +3.8002e-03 +3.7992e-03 +3.7992e-03 +3.7992e-03 +3.7994e-03 +3.7993e-03 +3.7993e-03 +3.7993e-03 +3.7996e-03 +3.7998e-03 +3.7999e-03 +3.7998e-03 +3.7999e-03 +3.7997e-03 +3.7998e-03 +3.7996e-03 +3.7992e-03 +3.7986e-03 +3.7985e-03 +3.7981e-03 +3.7986e-03 +3.7995e-03 +3.8011e-03 
+0000.00000 +1.9618e-07 -7.5980e-07 -7.5729e-07 -7.8922e-07 -6.2390e-07 -7.1877e-07 -6.6339e-07 -6.6630e-07 -4.1190e-07 -1.9046e-07 -1.3200e-07 -2.0719e-07 -1.2547e-07 -3.1776e-07 -2.3086e-07 -3.8426e-07 -8.0542e-07 -1.4091e-06 -1.4648e-06 -1.8890e-06 -1.4373e-06 -4.8442e-07 +1.0828e-06 
-0000.00380 -3.7998e-03 -3.8008e-03 -3.8008e-03 -3.8008e-03 -3.8006e-03 -3.8007e-03 -3.8007e-03 -3.8007e-03 -3.8004e-03 -3.8002e-03 -3.8001e-03 -3.8002e-03 -3.8001e-03 -3.8003e-03 -3.8002e-03 -3.8004e-03 -3.8008e-03 -3.8014e-03 -3.8015e-03 -3.8019e-03 -3.8014e-03 -3.8005e-03 -3.7989e-03 