# Author: FAC idanalysis.IDKickMap
# Termination_kicks [T2m2]: -3.3291e-02 +1.3954e-03 +2.6953e-02 +2.1469e-03 
# Total Length of Longitudinal Interval [m]
2.8
# Number of Horizontal Points
31
# Number of Vertical Points
3
# Total Horizontal 2nd Order Kick [T2m2]
START
            -0000.01500 -0000.01400 -0000.01300 -0000.01200 -0000.01100 -0000.01000 -0000.00900 -0000.00800 -0000.00700 -0000.00600 -0000.00500 -0000.00400 -0000.00300 -0000.00200 -0000.00100 +0000.00000 +0000.00100 +0000.00200 +0000.00300 +0000.00400 +0000.00500 +0000.00600 +0000.00700 +0000.00800 +0000.00900 +0000.01000 +0000.01100 +0000.01200 +0000.01300 +0000.01400 +0000.01500 
+0000.01200 +5.0198e-03 +5.1053e-03 +5.2132e-03 +5.3075e-03 +5.4091e-03 +5.5180e-03 +5.6200e-03 +5.7229e-03 +5.8340e-03 +5.9589e-03 +6.0681e-03 +6.1703e-03 +6.2769e-03 +6.3919e-03 +6.5106e-03 +6.6167e-03 +6.7379e-03 +6.8515e-03 +6.9821e-03 +7.1130e-03 +7.2324e-03 +7.3547e-03 +7.5103e-03 +7.6667e-03 +7.8341e-03 +7.9940e-03 +8.1673e-03 +8.3401e-03 +8.5264e-03 +8.7344e-03 +8.9403e-03 
+0000.00000 +5.0198e-03 +5.1053e-03 +5.2132e-03 +5.3075e-03 +5.4091e-03 +5.5180e-03 +5.6200e-03 +5.7229e-03 +5.8340e-03 +5.9589e-03 +6.0681e-03 +6.1703e-03 +6.2769e-03 +6.3919e-03 +6.5106e-03 +6.6167e-03 +6.7379e-03 +6.8515e-03 +6.9821e-03 +7.1130e-03 +7.2324e-03 +7.3547e-03 +7.5103e-03 +7.6667e-03 +7.8341e-03 +7.9940e-03 +8.1673e-03 +8.3401e-03 +8.5264e-03 +8.7344e-03 +8.9403e-03 
-0000.01200 +5.0198e-03 +5.1053e-03 +5.2132e-03 +5.3075e-03 +5.4091e-03 +5.5180e-03 +5.6200e-03 +5.7229e-03 +5.8340e-03 +5.9589e-03 +6.0681e-03 +6.1703e-03 +6.2769e-03 +6.3919e-03 +6.5106e-03 +6.6167e-03 +6.7379e-03 +6.8515e-03 +6.9821e-03 +7.1130e-03 +7.2324e-03 +7.3547e-03 +7.5103e-03 +7.6667e-03 +7.8341e-03 +7.9940e-03 +8.1673e-03 +8.3401e-03 +8.5264e-03 +8.7344e-03 +8.9403e-03 
# Total Vertical 2nd Order Kick [T2m2]
START
            -0000.01500 -0000.01400 -0000.01300 -0000.01200 -0000.01100 -0000.01000 -0000.00900 -0000.00800 -0000.00700 -0000.00600 -0000.00500 -0000.00400 -0000.00300 -0000.00200 -0000.00100 +0000.00000 +0000.00100 +0000.00200 +0000.00300 +0000.00400 +0000.00500 +0000.00600 +0000.00700 +0000.00800 +0000.00900 +0000.01000 +0000.01100 +0000.01200 +0000.01300 +0000.01400 +0000.01500 
+0000.01200 +4.4698e-04 +3.6036e-04 +2.9338e-04 +2.0813e-04 +1.4876e-04 +7.8213e-05 +4.8146e-06 -7.1048e-05 -1.3669e-04 -2.1751e-04 -3.2024e-04 -4.1004e-04 -4.9100e-04 -5.8952e-04 -7.0971e-04 -8.3087e-04 -9.7329e-04 -1.1075e-03 -1.2638e-03 -1.4190e-03 -1.5661e-03 -1.7508e-03 -1.9332e-03 -2.1473e-03 -2.3477e-03 -2.5577e-03 -2.7984e-03 -2.9985e-03 -3.2435e-03 -3.5123e-03 -3.7561e-03 
+0000.00000 +4.4698e-04 +3.6036e-04 +2.9338e-04 +2.0813e-04 +1.4876e-04 +7.8213e-05 +4.8146e-06 -7.1048e-05 -1.3669e-04 -2.1751e-04 -3.2024e-04 -4.1004e-04 -4.9100e-04 -5.8952e-04 -7.0971e-04 -8.3087e-04 -9.7329e-04 -1.1075e-03 -1.2638e-03 -1.4190e-03 -1.5661e-03 -1.7508e-03 -1.9332e-03 -2.1473e-03 -2.3477e-03 -2.5577e-03 -2.7984e-03 -2.9985e-03 -3.2435e-03 -3.5123e-03 -3.7561e-03 
-0000.01200 +4.4698e-04 +3.6036e-04 +2.9338e-04 +2.0813e-04 +1.4876e-04 +7.8213e-05 +4.8146e-06 -7.1048e-05 -1.3669e-04 -2.1751e-04 -3.2024e-04 -4.1004e-04 -4.9100e-04 -5.8952e-04 -7.0971e-04 -8.3087e-04 -9.7329e-04 -1.1075e-03 -1.2638e-03 -1.4190e-03 -1.5661e-03 -1.7508e-03 -1.9332e-03 -2.1473e-03 -2.3477e-03 -2.5577e-03 -2.7984e-03 -2.9985e-03 -3.2435e-03 -3.5123e-03 -3.7561e-03 
# Horizontal Final Position [m]
START
            -0000.01500 -0000.01400 -0000.01300 -0000.01200 -0000.01100 -0000.01000 -0000.00900 -0000.00800 -0000.00700 -0000.00600 -0000.00500 -0000.00400 -0000.00300 -0000.00200 -0000.00100 +0000.00000 +0000.00100 +0000.00200 +0000.00300 +0000.00400 +0000.00500 +0000.00600 +0000.00700 +0000.00800 +0000.00900 +0000.01000 +0000.01100 +0000.01200 +0000.01300 +0000.01400 +0000.01500 
+0000.01200 -1.5896e-02 -1.4889e-02 -1.3881e-02 -1.2875e-02 -1.1868e-02 -1.0861e-02 -9.8551e-03 -8.8494e-03 -7.8436e-03 -6.8381e-03 -5.8331e-03 -4.8285e-03 -3.8242e-03 -2.8200e-03 -1.8161e-03 -8.1280e-04 +1.9046e-04 +1.1932e-03 +2.1959e-03 +3.1983e-03 +4.2001e-03 +5.2016e-03 +6.2034e-03 +7.2046e-03 +8.2057e-03 +9.2062e-03 +1.0207e-02 +1.1207e-02 +1.2206e-02 +1.3206e-02 +1.4205e-02 
+0000.00000 -1.5896e-02 -1.4889e-02 -1.3881e-02 -1.2875e-02 -1.1868e-02 -1.0861e-02 -9.8551e-03 -8.8494e-03 -7.8436e-03 -6.8381e-03 -5.8331e-03 -4.8285e-03 -3.8242e-03 -2.8200e-03 -1.8161e-03 -8.1280e-04 +1.9046e-04 +1.1932e-03 +2.1959e-03 +3.1983e-03 +4.2001e-03 +5.2016e-03 +6.2034e-03 +7.2046e-03 +8.2057e-03 +9.2062e-03 +1.0207e-02 +1.1207e-02 +1.2206e-02 +1.3206e-02 +1.4205e-02 
-0000.01200 -1.5896e-02 -1.4889e-02 -1.3881e-02 -1.2875e-02 -1.1868e-02 -1.0861e-02 -9.8551e-03 -8.8494e-03 -7.8436e-03 -6.8381e-03 -5.8331e-03 -4.8285e-03 -3.8242e-03 -2.8200e-03 -1.8161e-03 -8.1280e-04 +1.9046e-04 +1.1932e-03 +2.1959e-03 +3.1983e-03 +4.2001e-03 +5.2016e-03 +6.2034e-03 +7.2046e-03 +8.2057e-03 +9.2062e-03 +1.0207e-02 +1.1207e-02 +1.2206e-02 +1.3206e-02 +1.4205e-02 
# Vertical Final Position [m]
START
            -0000.01500 -0000.01400 -0000.01300 -0000.01200 -0000.01100 -0000.01000 -0000.00900 -0000.00800 -0000.00700 -0000.00600 -0000.00500 -0000.00400 -0000.00300 -0000.00200 -0000.00100 +0000.00000 +0000.00100 +0000.00200 +0000.00300 +0000.00400 +0000.00500 +0000.00600 +0000.00700 +0000.00800 +0000.00900 +0000.01000 +0000.01100 +0000.01200 +0000.01300 +0000.01400 +0000.01500 
+0000.01200 +1.2077e-02 +1.2075e-02 +1.2073e-02 +1.2071e-02 +1.2069e-02 +1.2067e-02 +1.2064e-02 +1.2062e-02 +1.2059e-02 +1.2056e-02 +1.2053e-02 +1.2050e-02 +1.2046e-02 +1.2043e-02 +1.2039e-02 +1.2035e-02 +1.2031e-02 +1.2026e-02 +1.2022e-02 +1.2017e-02 +1.2013e-02 +1.2008e-02 +1.2002e-02 +1.1997e-02 +1.1992e-02 +1.1986e-02 +1.1980e-02 +1.1975e-02 +1.1969e-02 +1.1963e-02 +1.1958e-02 
+0000.00000 +7.6746e-05 +7.4730e-05 +7.3064e-05 +7.0888e-05 +6.8943e-05 +6.6691e-05 +6.4270e-05 +6.1632e-05 +5.9203e-05 +5.6234e-05 +5.2792e-05 +4.9583e-05 +4.6418e-05 +4.2937e-05 +3.8968e-05 +3.4986e-05 +3.0599e-05 +2.6329e-05 +2.1615e-05 +1.7019e-05 +1.2605e-05 +7.5628e-06 +2.4819e-06 -3.2334e-06 -8.3968e-06 -1.3842e-05 -1.9769e-05 -2.4731e-05 -3.0686e-05 -3.6766e-05 -4.2399e-05 
-0000.01200 -1.1923e-02 -1.1925e-02 -1.1927e-02 -1.1929e-02 -1.1931e-02 -1.1933e-02 -1.1936e-02 -1.1938e-02 -1.1941e-02 -1.1944e-02 -1.1947e-02 -1.1950e-02 -1.1954e-02 -1.1957e-02 -1.1961e-02 -1.1965e-02 -1.1969e-02 -1.1974e-02 -1.1978e-02 -1.1983e-02 -1.1987e-02 -1.1992e-02 -1.1998e-02 -1.2003e-02 -1.2008e-02 -1.2014e-02 -1.2020e-02 -1.2025e-02 -1.2031e-02 -1.2037e-02 -1.2042e-02 