# Author: FAC idanalysis.IDKickMap
# Termination_kicks [T2m2]: -8.0594e-04 -1.0681e-04 +2.4620e-04 +4.0094e-05 
# Total Length of Longitudinal Interval [m]
2.773
# Number of Horizontal Points
37
# Number of Vertical Points
3
# Total Horizontal 2nd Order Kick [T2m2]
START
            -0000.01800 -0000.01700 -0000.01600 -0000.01500 -0000.01400 -0000.01300 -0000.01200 -0000.01100 -0000.01000 -0000.00900 -0000.00800 -0000.00700 -0000.00600 -0000.00500 -0000.00400 -0000.00300 -0000.00200 -0000.00100 +0000.00000 +0000.00100 +0000.00200 +0000.00300 +0000.00400 +0000.00500 +0000.00600 +0000.00700 +0000.00800 +0000.00900 +0000.01000 +0000.01100 +0000.01200 +0000.01300 +0000.01400 +0000.01500 +0000.01600 +0000.01700 +0000.01800 
+0000.01200 +8.3659e-04 +8.2149e-04 +8.2291e-04 +8.1183e-04 +8.1481e-04 +7.7878e-04 +7.4366e-04 +7.2452e-04 +6.8865e-04 +6.2952e-04 +5.8755e-04 +5.6422e-04 +5.1429e-04 +5.0357e-04 +4.6272e-04 +4.3160e-04 +4.2496e-04 +4.3168e-04 +4.6056e-04 +4.9822e-04 +5.1573e-04 +5.8747e-04 +6.4270e-04 +6.9417e-04 +7.7865e-04 +8.5861e-04 +9.5194e-04 +1.0468e-03 +1.1190e-03 +1.1783e-03 +1.2347e-03 +1.2345e-03 +1.2551e-03 +1.2546e-03 +1.2232e-03 +1.1682e-03 +1.1167e-03 
+0000.00000 +8.3659e-04 +8.2149e-04 +8.2291e-04 +8.1183e-04 +8.1481e-04 +7.7878e-04 +7.4366e-04 +7.2452e-04 +6.8865e-04 +6.2952e-04 +5.8755e-04 +5.6422e-04 +5.1429e-04 +5.0357e-04 +4.6272e-04 +4.3160e-04 +4.2496e-04 +4.3168e-04 +4.6056e-04 +4.9822e-04 +5.1573e-04 +5.8747e-04 +6.4270e-04 +6.9417e-04 +7.7865e-04 +8.5861e-04 +9.5194e-04 +1.0468e-03 +1.1190e-03 +1.1783e-03 +1.2347e-03 +1.2345e-03 +1.2551e-03 +1.2546e-03 +1.2232e-03 +1.1682e-03 +1.1167e-03 
-0000.01200 +8.3659e-04 +8.2149e-04 +8.2291e-04 +8.1183e-04 +8.1481e-04 +7.7878e-04 +7.4366e-04 +7.2452e-04 +6.8865e-04 +6.2952e-04 +5.8755e-04 +5.6422e-04 +5.1429e-04 +5.0357e-04 +4.6272e-04 +4.3160e-04 +4.2496e-04 +4.3168e-04 +4.6056e-04 +4.9822e-04 +5.1573e-04 +5.8747e-04 +6.4270e-04 +6.9417e-04 +7.7865e-04 +8.5861e-04 +9.5194e-04 +1.0468e-03 +1.1190e-03 +1.1783e-03 +1.2347e-03 +1.2345e-03 +1.2551e-03 +1.2546e-03 +1.2232e-03 +1.1682e-03 +1.1167e-03 
# Total Vertical 2nd Order Kick [T2m2]
START
            -0000.01800 -0000.01700 -0000.01600 -0000.01500 -0000.01400 -0000.01300 -0000.01200 -0000.01100 -0000.01000 -0000.00900 -0000.00800 -0000.00700 -0000.00600 -0000.00500 -0000.00400 -0000.00300 -0000.00200 -0000.00100 +0000.00000 +0000.00100 +0000.00200 +0000.00300 +0000.00400 +0000.00500 +0000.00600 +0000.00700 +0000.00800 +0000.00900 +0000.01000 +0000.01100 +0000.01200 +0000.01300 +0000.01400 +0000.01500 +0000.01600 +0000.01700 +0000.01800 
+0000.01200 -7.9265e-05 -1.6738e-04 -2.6344e-04 -3.6373e-04 -4.5561e-04 -5.4094e-04 -6.1235e-04 -6.7052e-04 -7.2785e-04 -7.8824e-04 -8.2779e-04 -9.0008e-04 -9.3995e-04 -1.0218e-03 -1.0869e-03 -1.1472e-03 -1.2029e-03 -1.2516e-03 -1.3017e-03 -1.3115e-03 -1.3090e-03 -1.2907e-03 -1.2555e-03 -1.1859e-03 -1.1303e-03 -1.0701e-03 -1.0052e-03 -9.4842e-04 -8.9516e-04 -8.4501e-04 -7.9002e-04 -7.3019e-04 -6.8373e-04 -6.1560e-04 -5.4206e-04 -4.7598e-04 -3.8602e-04 
+0000.00000 -7.9265e-05 -1.6738e-04 -2.6344e-04 -3.6373e-04 -4.5561e-04 -5.4094e-04 -6.1235e-04 -6.7052e-04 -7.2785e-04 -7.8824e-04 -8.2779e-04 -9.0008e-04 -9.3995e-04 -1.0218e-03 -1.0869e-03 -1.1472e-03 -1.2029e-03 -1.2516e-03 -1.3017e-03 -1.3115e-03 -1.3090e-03 -1.2907e-03 -1.2555e-03 -1.1859e-03 -1.1303e-03 -1.0701e-03 -1.0052e-03 -9.4842e-04 -8.9516e-04 -8.4501e-04 -7.9002e-04 -7.3019e-04 -6.8373e-04 -6.1560e-04 -5.4206e-04 -4.7598e-04 -3.8602e-04 
-0000.01200 -7.9265e-05 -1.6738e-04 -2.6344e-04 -3.6373e-04 -4.5561e-04 -5.4094e-04 -6.1235e-04 -6.7052e-04 -7.2785e-04 -7.8824e-04 -8.2779e-04 -9.0008e-04 -9.3995e-04 -1.0218e-03 -1.0869e-03 -1.1472e-03 -1.2029e-03 -1.2516e-03 -1.3017e-03 -1.3115e-03 -1.3090e-03 -1.2907e-03 -1.2555e-03 -1.1859e-03 -1.1303e-03 -1.0701e-03 -1.0052e-03 -9.4842e-04 -8.9516e-04 -8.4501e-04 -7.9002e-04 -7.3019e-04 -6.8373e-04 -6.1560e-04 -5.4206e-04 -4.7598e-04 -3.8602e-04 
# Horizontal Final Position [m]
START
            -0000.01800 -0000.01700 -0000.01600 -0000.01500 -0000.01400 -0000.01300 -0000.01200 -0000.01100 -0000.01000 -0000.00900 -0000.00800 -0000.00700 -0000.00600 -0000.00500 -0000.00400 -0000.00300 -0000.00200 -0000.00100 +0000.00000 +0000.00100 +0000.00200 +0000.00300 +0000.00400 +0000.00500 +0000.00600 +0000.00700 +0000.00800 +0000.00900 +0000.01000 +0000.01100 +0000.01200 +0000.01300 +0000.01400 +0000.01500 +0000.01600 +0000.01700 +0000.01800 
+0000.01200 -1.8048e-02 -1.7050e-02 -1.6052e-02 -1.5055e-02 -1.4056e-02 -1.3058e-02 -1.2059e-02 -1.1059e-02 -1.0059e-02 -9.0580e-03 -8.0560e-03 -7.0531e-03 -6.0499e-03 -5.0452e-03 -4.0410e-03 -3.0358e-03 -2.0302e-03 -1.0244e-03 -1.8079e-05 +9.8826e-04 +1.9940e-03 +3.0006e-03 +4.0065e-03 +5.0120e-03 +6.0179e-03 +7.0233e-03 +8.0286e-03 +9.0337e-03 +1.0038e-02 +1.1042e-02 +1.2046e-02 +1.3049e-02 +1.4052e-02 +1.5054e-02 +1.6055e-02 +1.7056e-02 +1.8057e-02 
+0000.00000 -1.8048e-02 -1.7050e-02 -1.6052e-02 -1.5055e-02 -1.4056e-02 -1.3058e-02 -1.2059e-02 -1.1059e-02 -1.0059e-02 -9.0580e-03 -8.0560e-03 -7.0531e-03 -6.0499e-03 -5.0452e-03 -4.0410e-03 -3.0358e-03 -2.0302e-03 -1.0244e-03 -1.8079e-05 +9.8826e-04 +1.9940e-03 +3.0006e-03 +4.0065e-03 +5.0120e-03 +6.0179e-03 +7.0233e-03 +8.0286e-03 +9.0337e-03 +1.0038e-02 +1.1042e-02 +1.2046e-02 +1.3049e-02 +1.4052e-02 +1.5054e-02 +1.6055e-02 +1.7056e-02 +1.8057e-02 
-0000.01200 -1.8048e-02 -1.7050e-02 -1.6052e-02 -1.5055e-02 -1.4056e-02 -1.3058e-02 -1.2059e-02 -1.1059e-02 -1.0059e-02 -9.0580e-03 -8.0560e-03 -7.0531e-03 -6.0499e-03 -5.0452e-03 -4.0410e-03 -3.0358e-03 -2.0302e-03 -1.0244e-03 -1.8079e-05 +9.8826e-04 +1.9940e-03 +3.0006e-03 +4.0065e-03 +5.0120e-03 +6.0179e-03 +7.0233e-03 +8.0286e-03 +9.0337e-03 +1.0038e-02 +1.1042e-02 +1.2046e-02 +1.3049e-02 +1.4052e-02 +1.5054e-02 +1.6055e-02 +1.7056e-02 +1.8057e-02 
# Vertical Final Position [m]
START
            -0000.01800 -0000.01700 -0000.01600 -0000.01500 -0000.01400 -0000.01300 -0000.01200 -0000.01100 -0000.01000 -0000.00900 -0000.00800 -0000.00700 -0000.00600 -0000.00500 -0000.00400 -0000.00300 -0000.00200 -0000.00100 +0000.00000 +0000.00100 +0000.00200 +0000.00300 +0000.00400 +0000.00500 +0000.00600 +0000.00700 +0000.00800 +0000.00900 +0000.01000 +0000.01100 +0000.01200 +0000.01300 +0000.01400 +0000.01500 +0000.01600 +0000.01700 +0000.01800 
+0000.01200 +1.1829e-02 +1.1834e-02 +1.1840e-02 +1.1846e-02 +1.1854e-02 +1.1863e-02 +1.1872e-02 +1.1882e-02 +1.1893e-02 +1.1903e-02 +1.1914e-02 +1.1923e-02 +1.1933e-02 +1.1941e-02 +1.1949e-02 +1.1956e-02 +1.1963e-02 +1.1969e-02 +1.1974e-02 +1.1981e-02 +1.1986e-02 +1.1992e-02 +1.1998e-02 +1.2004e-02 +1.2009e-02 +1.2013e-02 +1.2017e-02 +1.2021e-02 +1.2024e-02 +1.2027e-02 +1.2029e-02 +1.2032e-02 +1.2034e-02 +1.2036e-02 +1.2038e-02 +1.2041e-02 +1.2043e-02 
+0000.00000 -1.7067e-04 -1.6596e-04 -1.6024e-04 -1.5360e-04 -1.4602e-04 -1.3739e-04 -1.2792e-04 -1.1762e-04 -1.0722e-04 -9.6961e-05 -8.6280e-05 -7.6837e-05 -6.7171e-05 -5.9059e-05 -5.1331e-05 -4.4213e-05 -3.7498e-05 -3.1216e-05 -2.5535e-05 -1.9393e-05 -1.3542e-05 -7.7512e-06 -2.1455e-06 +3.6756e-06 +8.5954e-06 +1.3201e-05 +1.7317e-05 +2.0909e-05 +2.4026e-05 +2.6840e-05 +2.9286e-05 +3.1685e-05 +3.3701e-05 +3.6054e-05 +3.8447e-05 +4.0626e-05 +4.3338e-05 
-0000.01200 -1.2171e-02 -1.2166e-02 -1.2160e-02 -1.2154e-02 -1.2146e-02 -1.2137e-02 -1.2128e-02 -1.2118e-02 -1.2107e-02 -1.2097e-02 -1.2086e-02 -1.2077e-02 -1.2067e-02 -1.2059e-02 -1.2051e-02 -1.2044e-02 -1.2037e-02 -1.2031e-02 -1.2026e-02 -1.2019e-02 -1.2014e-02 -1.2008e-02 -1.2002e-02 -1.1996e-02 -1.1991e-02 -1.1987e-02 -1.1983e-02 -1.1979e-02 -1.1976e-02 -1.1973e-02 -1.1971e-02 -1.1968e-02 -1.1966e-02 -1.1964e-02 -1.1962e-02 -1.1959e-02 -1.1957e-02 