# Author: FAC idanalysis.IDKickMap
# 
# Total Length of Longitudinal Interval [m]
None
# Number of Horizontal Points
21
# Number of Vertical Points
3
# Total Horizontal 2nd Order Kick [T2m2]
START
            -0000.01000 -0000.00900 -0000.00800 -0000.00700 -0000.00600 -0000.00500 -0000.00400 -0000.00300 -0000.00200 -0000.00100 +0000.00000 +0000.00100 +0000.00200 +0000.00300 +0000.00400 +0000.00500 +0000.00600 +0000.00700 +0000.00800 +0000.00900 +0000.01000 
+0000.00049 -7.1928e-04 -7.9242e-04 -8.4602e-04 -8.9932e-04 -9.2173e-04 -8.8571e-04 -8.4642e-04 -7.7037e-04 -6.6948e-04 -5.2653e-04 -3.9227e-04 -2.2201e-04 -6.1566e-05 +1.0595e-04 +2.9592e-04 +4.2439e-04 +1.3060e-02 +1.4369e-02 +1.9241e-02 +2.0066e-02 +1.7639e-02 
+0000.00000 -4.8094e-04 -5.6329e-04 -6.3324e-04 -7.0317e-04 -7.4171e-04 -7.6563e-04 -7.2193e-04 -6.6853e-04 -5.8567e-04 -4.4900e-04 -3.2987e-04 -1.6383e-04 -2.5215e-05 +1.4952e-04 +2.9393e-04 +4.1872e-04 +5.3234e-04 +6.2330e-04 +7.1265e-04 +7.8976e-04 +8.5178e-04 
-0000.00049 -6.0399e-03 -1.0585e-02 -1.8201e-02 -2.1021e-02 -2.1154e-02 -9.4483e-04 -9.2870e-04 -8.5775e-04 -7.5756e-04 -6.4947e-04 -5.0588e-04 -3.4195e-04 -1.8513e-04 -2.0962e-05 +1.2702e-04 +2.5939e-04 +3.8458e-04 +4.9086e-04 +6.0408e-04 +6.5271e-04 +7.0483e-04 
# Total Vertical 2nd Order Kick [T2m2]
START
            -0000.01000 -0000.00900 -0000.00800 -0000.00700 -0000.00600 -0000.00500 -0000.00400 -0000.00300 -0000.00200 -0000.00100 +0000.00000 +0000.00100 +0000.00200 +0000.00300 +0000.00400 +0000.00500 +0000.00600 +0000.00700 +0000.00800 +0000.00900 +0000.01000 
+0000.00049 -5.2328e-04 -7.8406e-04 -1.0977e-03 -1.4334e-03 -1.7972e-03 -2.1836e-03 -2.5590e-03 -2.9178e-03 -3.2041e-03 -3.4243e-03 -3.5518e-03 -3.5721e-03 -3.4742e-03 -3.2804e-03 -3.0418e-03 -2.7554e-03 +4.9936e-03 +5.9924e-03 +9.8398e-03 +9.0790e-03 +6.3483e-03 
+0000.00000 +7.7305e-04 +9.5281e-04 +1.1425e-03 +1.3513e-03 +1.5825e-03 +1.8246e-03 +6.0425e-03 +6.7432e-03 +7.1377e-03 +7.3176e-03 +7.3447e-03 +7.2180e-03 +6.9815e-03 +6.6364e-03 +6.1744e-03 +5.6555e-03 +5.0906e-03 +4.5233e-03 +3.9453e-03 +3.3998e-03 +2.8879e-03 
-0000.00049 -1.2256e-02 -1.1835e-02 -8.9488e-03 -4.0465e-03 -3.5176e-03 +1.8307e-03 +1.9962e-03 +2.1383e-03 +2.2732e-03 +2.3445e-03 +2.3912e-03 +2.4038e-03 +2.3757e-03 +2.3213e-03 +2.2260e-03 +2.1043e-03 +1.9698e-03 +1.8043e-03 +1.6771e-03 +1.5120e-03 +1.3629e-03 
# Horizontal Final Position [m]
START
            -0000.01000 -0000.00900 -0000.00800 -0000.00700 -0000.00600 -0000.00500 -0000.00400 -0000.00300 -0000.00200 -0000.00100 +0000.00000 +0000.00100 +0000.00200 +0000.00300 +0000.00400 +0000.00500 +0000.00600 +0000.00700 +0000.00800 +0000.00900 +0000.01000 
+0000.00049 -1.0065e-02 -9.0643e-03 -8.0628e-03 -7.0606e-03 -6.0574e-03 -5.0525e-03 -4.0474e-03 -3.0411e-03 -2.0343e-03 -1.0266e-03 -1.9106e-05 +9.8909e-04 +1.9969e-03 +3.0047e-03 +4.0128e-03 +5.0194e-03 +6.2963e-03 +7.3413e-03 +8.4625e-03 +9.4936e-03 +1.0447e-02 
+0000.00000 -1.0066e-02 -9.0659e-03 -8.0645e-03 -7.0625e-03 -6.0592e-03 -5.0552e-03 -4.0491e-03 -3.0428e-03 -2.0359e-03 -1.0280e-03 -2.0512e-05 +9.8795e-04 +1.9956e-03 +3.0038e-03 +4.0112e-03 +5.0180e-03 +6.0243e-03 +7.0299e-03 +8.0353e-03 +9.0402e-03 +1.0045e-02 
-0000.00049 -1.0183e-02 -9.3013e-03 -8.4822e-03 -7.4886e-03 -6.3534e-03 -5.0632e-03 -4.0578e-03 -3.0509e-03 -2.0435e-03 -1.0359e-03 -2.7578e-05 +9.8096e-04 +1.9894e-03 +2.9977e-03 +4.0055e-03 +5.0127e-03 +6.0195e-03 +7.0257e-03 +8.0317e-03 +9.0363e-03 +1.0041e-02 
# Vertical Final Position [m]
START
            -0000.01000 -0000.00900 -0000.00800 -0000.00700 -0000.00600 -0000.00500 -0000.00400 -0000.00300 -0000.00200 -0000.00100 +0000.00000 +0000.00100 +0000.00200 +0000.00300 +0000.00400 +0000.00500 +0000.00600 +0000.00700 +0000.00800 +0000.00900 +0000.01000 
+0000.00049 +3.8664e-04 +3.9316e-04 +3.9866e-04 +4.0353e-04 +4.0760e-04 +4.1060e-04 +4.1337e-04 +4.1580e-04 +4.1908e-04 +4.2288e-04 +4.2786e-04 +4.3429e-04 +4.4244e-04 +4.5144e-04 +4.6096e-04 +4.7056e-04 +6.0645e-04 +6.3374e-04 +7.2483e-04 +7.1201e-04 +6.5128e-04 
+0000.00000 -7.8016e-05 -6.2946e-05 -4.7790e-05 -3.2510e-05 -1.7095e-05 -1.7226e-06 +7.9597e-05 +1.0636e-04 +1.2425e-04 +1.3637e-04 +1.4447e-04 +1.4883e-04 +1.5030e-04 +1.4888e-04 +1.4459e-04 +1.3846e-04 +1.3101e-04 +1.2310e-04 +1.1458e-04 +1.0633e-04 +9.8415e-05 
-0000.00049 -8.3996e-04 -8.1618e-04 -7.2533e-04 -5.8763e-04 -5.5157e-04 -4.9114e-04 -4.7837e-04 -4.6677e-04 -4.5597e-04 -4.4704e-04 -4.3928e-04 -4.3273e-04 -4.2747e-04 -4.2336e-04 -4.2054e-04 -4.1880e-04 -4.1781e-04 -4.1790e-04 -4.1765e-04 -4.1857e-04 -4.1945e-04 