# Author: FAC idanalysis.IDKickMap
# 
# Total Length of Longitudinal Interval [m]
None
# Number of Horizontal Points
21
# Number of Vertical Points
3
# Total Horizontal 2nd Order Kick [T2m2]
START
            -0000.01000 -0000.00900 -0000.00800 -0000.00700 -0000.00600 -0000.00500 -0000.00400 -0000.00300 -0000.00200 -0000.00100 +0000.00000 +0000.00100 +0000.00200 +0000.00300 +0000.00400 +0000.00500 +0000.00600 +0000.00700 +0000.00800 +0000.00900 +0000.01000 
+0000.00049 -8.2046e-04 -8.9976e-04 -9.8963e-04 -1.0380e-03 -1.0900e-03 -1.0753e-03 -1.0152e-03 -8.9871e-04 -7.2452e-04 -5.2945e-04 -2.9456e-04 -2.5288e-05 +7.3945e-04 +1.1035e-03 +6.7664e-04 +1.0120e-03 +6.6933e-04 +1.1105e-03 +3.2952e-04 +1.1147e-03 +6.1644e-04 
+0000.00000 -6.6907e-04 -7.5381e-04 -8.4386e-04 -9.0761e-04 -9.2805e-04 -9.3265e-04 -8.9128e-04 -8.0279e-04 -6.4091e-04 -3.9626e-04 -1.1208e-04 +1.4037e-04 +3.9556e-04 +6.2429e-04 +8.3944e-04 +1.0004e-03 +1.1412e-03 +1.2489e-03 +1.3257e-03 +1.3736e-03 +1.3875e-03 
-0000.00049 -3.9882e-03 -3.9466e-03 -2.4847e-03 -4.0944e-03 -1.9726e-03 -1.9602e-03 -1.6475e-03 -8.3098e-04 -1.8953e-03 -6.0869e-04 -3.3897e-04 -1.1417e-04 +1.5848e-04 +4.1089e-04 +6.2545e-04 +8.0305e-04 +9.5014e-04 +1.0396e-03 +1.1293e-03 +1.1487e-03 +1.1888e-03 
# Total Vertical 2nd Order Kick [T2m2]
START
            -0000.01000 -0000.00900 -0000.00800 -0000.00700 -0000.00600 -0000.00500 -0000.00400 -0000.00300 -0000.00200 -0000.00100 +0000.00000 +0000.00100 +0000.00200 +0000.00300 +0000.00400 +0000.00500 +0000.00600 +0000.00700 +0000.00800 +0000.00900 +0000.01000 
+0000.00049 -6.1311e-04 -5.9145e-04 -5.6807e-04 -5.4680e-04 -5.0415e-04 -4.6620e-04 -4.1948e-04 -4.0326e-04 -3.7826e-04 -3.7729e-04 -3.6351e-04 -3.6389e-04 +7.4134e-03 +6.6276e-03 +7.7422e-03 +7.7459e-03 +4.8855e-03 +7.3169e-03 +1.5195e-02 +9.5143e-03 +1.2347e-02 
+0000.00000 -6.1139e-04 -5.9583e-04 -5.6388e-04 -5.2433e-04 -4.8153e-04 -4.5810e-04 -4.2437e-04 -3.8819e-04 -3.5149e-04 -3.3655e-04 -3.7535e-04 -3.8055e-04 -3.7314e-04 -3.6830e-04 -3.6743e-04 -3.7715e-04 -3.9327e-04 -4.1292e-04 -4.3377e-04 -4.3278e-04 -4.4798e-04 
-0000.00049 -5.7197e-03 -5.4121e-03 -1.1798e-02 -1.2805e-03 -1.3018e-02 -1.3898e-02 -1.4334e-02 -1.3703e-02 -3.4936e-03 -9.1707e-05 -6.3832e-05 -7.1427e-05 -6.7986e-05 -7.8659e-05 -8.7063e-05 -1.0741e-04 -1.1599e-04 -1.1703e-04 -1.3783e-04 -1.5765e-04 -1.7965e-04 
# Horizontal Final Position [m]
START
            -0000.01000 -0000.00900 -0000.00800 -0000.00700 -0000.00600 -0000.00500 -0000.00400 -0000.00300 -0000.00200 -0000.00100 +0000.00000 +0000.00100 +0000.00200 +0000.00300 +0000.00400 +0000.00500 +0000.00600 +0000.00700 +0000.00800 +0000.00900 +0000.01000 
+0000.00049 -1.0071e-02 -9.0709e-03 -8.0698e-03 -7.0672e-03 -6.0640e-03 -5.0588e-03 -4.0525e-03 -3.0445e-03 -2.0351e-03 -1.0253e-03 -1.4686e-05 +9.9651e-04 +2.0116e-03 +3.0268e-03 +4.0270e-03 +5.0380e-03 +6.0350e-03 +7.0477e-03 +8.0340e-03 +9.0534e-03 +1.0045e-02 
+0000.00000 -1.0074e-02 -9.0741e-03 -8.0729e-03 -7.0704e-03 -6.0663e-03 -5.0612e-03 -4.0548e-03 -3.0470e-03 -2.0375e-03 -1.0264e-03 -1.4511e-05 +9.9632e-04 +2.0072e-03 +3.0170e-03 +4.0263e-03 +5.0339e-03 +6.0407e-03 +7.0463e-03 +8.0510e-03 +9.0549e-03 +1.0058e-02 
-0000.00049 -1.0128e-02 -9.1261e-03 -8.0857e-03 -7.1279e-03 -6.0740e-03 -5.0721e-03 -4.0621e-03 -3.0463e-03 -2.0486e-03 -1.0339e-03 -2.2051e-05 +9.8879e-04 +2.0002e-03 +3.0107e-03 +4.0201e-03 +5.0283e-03 +6.0354e-03 +7.0410e-03 +8.0461e-03 +9.0496e-03 +1.0053e-02 
# Vertical Final Position [m]
START
            -0000.01000 -0000.00900 -0000.00800 -0000.00700 -0000.00600 -0000.00500 -0000.00400 -0000.00300 -0000.00200 -0000.00100 +0000.00000 +0000.00100 +0000.00200 +0000.00300 +0000.00400 +0000.00500 +0000.00600 +0000.00700 +0000.00800 +0000.00900 +0000.01000 
+0000.00049 +3.8548e-04 +3.9729e-04 +4.0877e-04 +4.1999e-04 +4.3119e-04 +4.4176e-04 +4.5180e-04 +4.6085e-04 +4.6928e-04 +4.7680e-04 +4.8412e-04 +4.9067e-04 +5.5103e-04 +5.9526e-04 +6.3846e-04 +6.5400e-04 +6.0193e-04 +6.5641e-04 +8.2564e-04 +7.0832e-04 +7.7071e-04 
+0000.00000 -1.0361e-04 -9.1582e-05 -7.9426e-05 -6.7392e-05 -5.5847e-05 -4.5246e-05 -3.5115e-05 -2.5699e-05 -1.6833e-05 -9.1428e-06 -2.8789e-06 +3.5896e-06 +9.5878e-06 +1.4966e-05 +1.9777e-05 +2.3796e-05 +2.7238e-05 +2.9981e-05 +3.2338e-05 +3.4642e-05 +3.6235e-05 
-0000.00049 -6.6362e-04 -6.5211e-04 -8.2029e-04 -5.3340e-04 -8.1436e-04 -8.0090e-04 -7.6027e-04 -6.7339e-04 -5.1964e-04 -4.9160e-04 -4.8427e-04 -4.7802e-04 -4.7229e-04 -4.6728e-04 -4.6295e-04 -4.5934e-04 -4.5599e-04 -4.5294e-04 -4.5082e-04 -4.4902e-04 -4.4761e-04 