# Author: FAC idanalysis.IDKickMap
# 
# Total Length of Longitudinal Interval [m]
None
# Number of Horizontal Points
21
# Number of Vertical Points
3
# Total Horizontal 2nd Order Kick [T2m2]
START
            -0000.01000 -0000.00900 -0000.00800 -0000.00700 -0000.00600 -0000.00500 -0000.00400 -0000.00300 -0000.00200 -0000.00100 +0000.00000 +0000.00100 +0000.00200 +0000.00300 +0000.00400 +0000.00500 +0000.00600 +0000.00700 +0000.00800 +0000.00900 +0000.01000 
+0000.00049 -9.5141e-04 -1.0482e-03 -1.1191e-03 -1.1890e-03 -1.2208e-03 -1.2084e-03 -1.1452e-03 -1.0290e-03 -8.6776e-04 -6.7810e-04 +2.4700e-04 +7.8995e-04 +2.9711e-04 +8.7861e-04 +1.1230e-03 +1.3554e-03 +1.2737e-03 +1.3644e-03 +2.3849e-03 +2.6312e-03 +1.7106e-03 
+0000.00000 -8.6868e-04 -9.6335e-04 -1.0592e-03 -1.1174e-03 -1.1450e-03 -1.1460e-03 -1.0939e-03 -9.7176e-04 -7.8705e-04 -5.3226e-04 -2.7219e-04 -9.5224e-06 +2.4542e-04 +4.7850e-04 +7.0213e-04 +8.8547e-04 +1.0417e-03 +1.1256e-03 +1.2157e-03 +1.2588e-03 +1.2812e-03 
-0000.00049 -2.1200e-03 -2.2379e-03 -2.2339e-03 -1.6931e-03 -1.8831e-03 -1.7622e-03 -1.2588e-03 -1.1475e-03 -9.6537e-04 -7.5428e-04 -5.1385e-04 -2.2565e-04 +3.0308e-05 +2.7052e-04 +4.9441e-04 +6.9311e-04 +8.4703e-04 +9.5513e-04 +1.0423e-03 +1.0979e-03 +1.1509e-03 
# Total Vertical 2nd Order Kick [T2m2]
START
            -0000.01000 -0000.00900 -0000.00800 -0000.00700 -0000.00600 -0000.00500 -0000.00400 -0000.00300 -0000.00200 -0000.00100 +0000.00000 +0000.00100 +0000.00200 +0000.00300 +0000.00400 +0000.00500 +0000.00600 +0000.00700 +0000.00800 +0000.00900 +0000.01000 
+0000.00049 +5.1038e-04 +6.0383e-04 +7.1695e-04 +8.3248e-04 +9.3738e-04 +1.0507e-03 +1.1367e-03 +1.2062e-03 +1.2655e-03 +5.4864e-05 +8.7708e-03 +8.8040e-03 +1.6160e-02 +1.5310e-02 +6.4407e-03 +3.1746e-03 +1.3596e-02 +1.5356e-02 +2.9038e-03 +2.7939e-03 +1.2624e-02 
+0000.00000 +5.1835e-04 +6.1613e-04 +7.2541e-04 +8.5481e-04 +9.7300e-04 +1.0765e-03 +1.1630e-03 +1.2033e-03 +1.2421e-03 +1.2665e-03 +1.2964e-03 +1.2971e-03 +1.2913e-03 +1.2693e-03 +1.2498e-03 +1.1920e-03 +1.1337e-03 +1.0635e-03 +9.7714e-04 +9.0505e-04 +8.1094e-04 
-0000.00049 -1.3317e-02 -1.2195e-02 -1.1915e-02 -8.7830e-03 -1.3150e-02 -9.0866e-03 +1.3433e-03 +1.4277e-03 +1.4968e-03 +1.5339e-03 +1.5597e-03 +1.5588e-03 +1.5506e-03 +1.5413e-03 +1.4831e-03 +1.4281e-03 +1.3736e-03 +1.2880e-03 +1.2018e-03 +1.1160e-03 +1.0084e-03 
# Horizontal Final Position [m]
START
            -0000.01000 -0000.00900 -0000.00800 -0000.00700 -0000.00600 -0000.00500 -0000.00400 -0000.00300 -0000.00200 -0000.00100 +0000.00000 +0000.00100 +0000.00200 +0000.00300 +0000.00400 +0000.00500 +0000.00600 +0000.00700 +0000.00800 +0000.00900 +0000.01000 
+0000.00049 -1.0071e-02 -9.0708e-03 -8.0694e-03 -7.0672e-03 -6.0638e-03 -5.0589e-03 -4.0524e-03 -3.0447e-03 -2.0358e-03 -1.0249e-03 -2.2780e-06 +1.0156e-03 +2.0102e-03 +3.0279e-03 +4.0378e-03 +5.0466e-03 +6.0474e-03 +7.0524e-03 +8.0801e-03 +9.0885e-03 +1.0068e-02 
+0000.00000 -1.0075e-02 -9.0750e-03 -8.0739e-03 -7.0715e-03 -6.0676e-03 -5.0627e-03 -4.0561e-03 -3.0479e-03 -2.0383e-03 -1.0273e-03 -1.6115e-05 +9.9496e-04 +2.0055e-03 +3.0153e-03 +4.0244e-03 +5.0323e-03 +6.0392e-03 +7.0444e-03 +8.0493e-03 +9.0529e-03 +1.0056e-02 
-0000.00049 -1.0076e-02 -9.0802e-03 -8.0819e-03 -7.0713e-03 -6.0741e-03 -5.0687e-03 -4.0634e-03 -3.0551e-03 -2.0452e-03 -1.0346e-03 -2.3646e-05 +9.8807e-04 +1.9988e-03 +3.0089e-03 +4.0184e-03 +5.0268e-03 +6.0339e-03 +7.0397e-03 +8.0447e-03 +9.0488e-03 +1.0053e-02 
# Vertical Final Position [m]
START
            -0000.01000 -0000.00900 -0000.00800 -0000.00700 -0000.00600 -0000.00500 -0000.00400 -0000.00300 -0000.00200 -0000.00100 +0000.00000 +0000.00100 +0000.00200 +0000.00300 +0000.00400 +0000.00500 +0000.00600 +0000.00700 +0000.00800 +0000.00900 +0000.01000 
+0000.00049 +4.0453e-04 +4.1734e-04 +4.3045e-04 +4.4330e-04 +4.5540e-04 +4.6712e-04 +4.7786e-04 +4.8764e-04 +4.9681e-04 +5.0060e-04 +6.6555e-04 +6.8819e-04 +8.6203e-04 +8.5826e-04 +6.5693e-04 +5.7889e-04 +8.3850e-04 +8.8263e-04 +5.7362e-04 +5.7083e-04 +8.1475e-04 
+0000.00000 -8.4459e-05 -7.1134e-05 -5.7754e-05 -4.4286e-05 -3.1503e-05 -1.9662e-05 -8.6573e-06 +6.4191e-07 +9.6842e-06 +1.7550e-05 +2.5105e-05 +3.1450e-05 +3.7247e-05 +4.2228e-05 +4.6709e-05 +4.9956e-05 +5.2663e-05 +5.4673e-05 +5.5820e-05 +5.6948e-05 +5.7251e-05 
-0000.00049 -8.6851e-04 -8.2508e-04 -7.9967e-04 -6.9882e-04 -7.4532e-04 -6.1483e-04 -4.9274e-04 -4.8239e-04 -4.7287e-04 -4.6471e-04 -4.5732e-04 -4.5097e-04 -4.4546e-04 -4.4042e-04 -4.3681e-04 -4.3380e-04 -4.3116e-04 -4.2961e-04 -4.2855e-04 -4.2784e-04 -4.2796e-04 