# Author: FAC idanalysis.IDKickMap
# 
# Total Length of Longitudinal Interval [m]
None
# Number of Horizontal Points
21
# Number of Vertical Points
3
# Total Horizontal 2nd Order Kick [T2m2]
START
            -0000.01000 -0000.00900 -0000.00800 -0000.00700 -0000.00600 -0000.00500 -0000.00400 -0000.00300 -0000.00200 -0000.00100 +0000.00000 +0000.00100 +0000.00200 +0000.00300 +0000.00400 +0000.00500 +0000.00600 +0000.00700 +0000.00800 +0000.00900 +0000.01000 
+0000.00049 +1.6784e-04 +1.6934e-04 +1.4765e-04 +1.2679e-04 +1.0852e-04 +8.4766e-05 +5.4976e-05 +9.6633e-06 -5.6758e-05 -1.1431e-04 -1.7355e-04 -2.8586e-04 -7.9630e-03 +9.7778e-03 +1.9785e-04 +3.6626e-02 -8.4336e-03 +3.7255e-02 -3.0940e-02 +3.7076e-02 -2.4404e-02 
+0000.00000 +1.8104e-04 +1.6342e-04 +1.6933e-04 +1.3418e-04 +9.0033e-05 +8.6042e-05 +6.5413e-05 +3.6718e-05 -1.2067e-05 -5.8400e-05 -9.6175e-05 -1.4023e-04 -1.6840e-04 -1.6724e-04 -1.6416e-04 -1.2325e-04 -7.1395e-05 +1.1596e-05 +1.1594e-04 +2.1591e-04 +2.8627e-04 
-0000.00049 +6.4976e-03 +3.0760e-02 +2.3390e-02 -2.2042e-03 -6.4160e-03 -1.2261e-03 -1.3580e-02 +3.1896e-02 -7.8641e-05 -1.0146e-04 -1.4187e-04 -1.7184e-04 -1.9868e-04 -2.0901e-04 -1.8644e-04 -1.6028e-04 -9.8418e-05 -1.4552e-05 +8.2422e-05 +1.8978e-04 +2.8121e-04 
# Total Vertical 2nd Order Kick [T2m2]
START
            -0000.01000 -0000.00900 -0000.00800 -0000.00700 -0000.00600 -0000.00500 -0000.00400 -0000.00300 -0000.00200 -0000.00100 +0000.00000 +0000.00100 +0000.00200 +0000.00300 +0000.00400 +0000.00500 +0000.00600 +0000.00700 +0000.00800 +0000.00900 +0000.01000 
+0000.00049 -1.4641e-04 -9.0998e-05 -2.5250e-05 +4.2780e-05 +9.7947e-05 +1.5430e-04 +1.9003e-04 +2.4318e-04 +2.5025e-04 +2.6296e-04 +2.4329e-04 +2.4872e-04 +9.7624e-04 +3.5561e-04 +8.3125e-04 +1.0414e-03 +1.3754e-03 +1.1013e-03 +2.0015e-03 +1.5498e-03 +1.3884e-03 
+0000.00000 +2.3020e-06 +6.5493e-05 +1.4568e-04 +1.8683e-04 +2.4799e-04 +3.0972e-04 +3.4685e-04 +3.7563e-04 +3.9394e-04 +3.9300e-04 +3.8287e-04 +3.6583e-04 +3.3823e-04 +3.2679e-04 +2.8315e-04 +2.4975e-04 +1.9796e-04 +1.6056e-04 +1.1575e-04 +7.5779e-05 +3.1312e-05 
-0000.00049 -2.0222e-03 -1.8092e-03 -1.7898e-03 -1.4383e-03 -1.1126e-03 -9.9812e-04 -1.0185e-03 -9.7959e-04 +5.1797e-04 +5.0509e-04 +5.0058e-04 +4.9789e-04 +4.7173e-04 +4.6085e-04 +4.3921e-04 +4.0860e-04 +3.7605e-04 +3.5141e-04 +3.1756e-04 +2.6408e-04 +2.2367e-04 
# Horizontal Final Position [m]
START
            -0000.01000 -0000.00900 -0000.00800 -0000.00700 -0000.00600 -0000.00500 -0000.00400 -0000.00300 -0000.00200 -0000.00100 +0000.00000 +0000.00100 +0000.00200 +0000.00300 +0000.00400 +0000.00500 +0000.00600 +0000.00700 +0000.00800 +0000.00900 +0000.01000 
+0000.00049 -1.0046e-02 -9.0441e-03 -8.0420e-03 -7.0394e-03 -6.0361e-03 -5.0326e-03 -4.0289e-03 -3.0255e-03 -2.0226e-03 -1.0193e-03 -1.6315e-05 +9.8720e-04 +1.8810e-03 +3.1801e-03 +4.0064e-03 +5.7773e-03 +5.8275e-03 +7.8345e-03 +7.3321e-03 +9.8554e-03 +9.4701e-03 
+0000.00000 -1.0052e-02 -9.0500e-03 -8.0472e-03 -7.0446e-03 -6.0415e-03 -5.0374e-03 -4.0333e-03 -3.0292e-03 -2.0256e-03 -1.0219e-03 -1.8218e-05 +9.8528e-04 +1.9889e-03 +2.9932e-03 +3.9976e-03 +5.0025e-03 +6.0076e-03 +7.0132e-03 +8.0191e-03 +9.0247e-03 +1.0030e-02 
-0000.00049 -9.8315e-03 -8.1885e-03 -7.4270e-03 -7.0752e-03 -6.1619e-03 -5.0541e-03 -4.1954e-03 -2.8733e-03 -2.0304e-03 -1.0261e-03 -2.2226e-05 +9.8167e-04 +1.9856e-03 +2.9899e-03 +3.9949e-03 +4.9997e-03 +6.0053e-03 +7.0111e-03 +8.0171e-03 +9.0231e-03 +1.0029e-02 
# Vertical Final Position [m]
START
            -0000.01000 -0000.00900 -0000.00800 -0000.00700 -0000.00600 -0000.00500 -0000.00400 -0000.00300 -0000.00200 -0000.00100 +0000.00000 +0000.00100 +0000.00200 +0000.00300 +0000.00400 +0000.00500 +0000.00600 +0000.00700 +0000.00800 +0000.00900 +0000.01000 
+0000.00049 +3.9460e-04 +4.0686e-04 +4.1908e-04 +4.3105e-04 +4.4225e-04 +4.5300e-04 +4.6269e-04 +4.7222e-04 +4.8033e-04 +4.8796e-04 +4.9445e-04 +5.0074e-04 +5.1448e-04 +5.0661e-04 +5.1671e-04 +5.2182e-04 +5.2973e-04 +5.2421e-04 +5.4456e-04 +5.3479e-04 +5.3145e-04 
+0000.00000 -9.1781e-05 -7.9012e-05 -6.6199e-05 -5.4527e-05 -4.2932e-05 -3.1966e-05 -2.2122e-05 -1.3025e-05 -4.8352e-06 +2.5566e-06 +9.2862e-06 +1.5310e-05 +2.0782e-05 +2.5976e-05 +3.0103e-05 +3.3945e-05 +3.6939e-05 +3.9539e-05 +4.1621e-05 +4.3348e-05 +4.4622e-05 
-0000.00049 -5.5634e-04 -5.4871e-04 -5.4569e-04 -5.3429e-04 -5.2373e-04 -5.1757e-04 -5.1256e-04 -5.0493e-04 -4.9051e-04 -4.8342e-04 -4.7675e-04 -4.7035e-04 -4.6491e-04 -4.5969e-04 -4.5520e-04 -4.5130e-04 -4.4804e-04 -4.4531e-04 -4.4301e-04 -4.4161e-04 -4.4039e-04 