# Author: FAC idanalysis.IDKickMap
#
# Total Length of Longitudinal Interval [m]
0.13
# Number of Horizontal Points
25
# Number of Vertical Points
9
# Total Horizontal 2nd Order Kick [T2m2]
START
            -0000.01200 -0000.01100 -0000.01000 -0000.00900 -0000.00800 -0000.00700 -0000.00600 -0000.00500 -0000.00400 -0000.00300 -0000.00200 -0000.00100 +0000.00000 +0000.00100 +0000.00200 +0000.00300 +0000.00400 +0000.00500 +0000.00600 +0000.00700 +0000.00800 +0000.00900 +0000.01000 +0000.01100 +0000.01200
+0000.00380 -1.1984e-05 -1.2095e-05 -1.0024e-05 -7.6764e-06 -5.6300e-06 -4.0228e-06 -2.8383e-06 -2.0103e-06 -1.4631e-06 -1.1259e-06 -9.3650e-07 -8.4045e-07 -7.8915e-07 -7.3687e-07 -6.3787e-07 -4.4339e-07 -9.8849e-08 +4.5845e-07 +1.3000e-06 +2.5028e-06 +4.1353e-06 +6.2181e-06 +8.6211e-06 +1.0781e-05 +1.0819e-05
+0000.00285 -1.6844e-05 -1.2576e-05 -9.2769e-06 -6.6852e-06 -4.7047e-06 -3.2347e-06 -2.1709e-06 -1.4187e-06 -8.9815e-07 -5.4442e-07 -3.0502e-07 -1.3669e-07 -2.1483e-09 +1.3300e-07 +3.0319e-07 +5.4589e-07 +9.0468e-07 +1.4325e-06 +2.1951e-06 +3.2733e-06 +4.7633e-06 +6.7717e-06 +9.4026e-06 +1.2760e-05 +1.7126e-05
+0000.00190 -2.7119e-05 -1.8379e-05 -1.2564e-05 -8.5799e-06 -5.8220e-06 -3.9106e-06 -2.5905e-06 -1.6847e-06 -1.0685e-06 -6.5173e-07 -3.6772e-07 -1.6469e-07 +1.5562e-10 +1.6546e-07 +3.6992e-07 +6.5649e-07 +1.0772e-06 +1.6993e-06 +2.6136e-06 +3.9462e-06 +5.8756e-06 +8.6599e-06 +1.2684e-05 +1.8561e-05 +2.7403e-05
+0000.00095 -3.1702e-05 -2.1612e-05 -1.4572e-05 -9.7793e-06 -6.5369e-06 -4.3431e-06 -2.8578e-06 -1.8535e-06 -1.1761e-06 -7.1946e-07 -4.0734e-07 -1.8254e-07 +1.3006e-09 +1.8554e-07 +4.1157e-07 +7.2591e-07 +1.1861e-06 +1.8687e-06 +2.8808e-06 +4.3777e-06 +6.5887e-06 +9.8568e-06 +1.4688e-05 +2.1784e-05 +3.1948e-05
+0000.00000 -3.2895e-05 -2.2608e-05 -1.5234e-05 -1.0186e-05 -6.7820e-06 -4.4916e-06 -2.9496e-06 -1.9113e-06 -1.2130e-06 -7.4261e-07 -4.2091e-07 -1.8869e-07 +1.6155e-09 +1.9230e-07 +4.2570e-07 +7.4953e-07 +1.2233e-06 +1.9267e-06 +2.9726e-06 +4.5260e-06 +6.8334e-06 +1.0263e-05 +1.5348e-05 +2.2775e-05 +3.3123e-05
-0000.00095 -3.1702e-05 -2.1612e-05 -1.4572e-05 -9.7793e-06 -6.5369e-06 -4.3431e-06 -2.8578e-06 -1.8535e-06 -1.1761e-06 -7.1946e-07 -4.0734e-07 -1.8254e-07 +1.3002e-09 +1.8554e-07 +4.1157e-07 +7.2591e-07 +1.1861e-06 +1.8687e-06 +2.8808e-06 +4.3777e-06 +6.5887e-06 +9.8568e-06 +1.4688e-05 +2.1784e-05 +3.1948e-05
-0000.00190 -2.7119e-05 -1.8379e-05 -1.2564e-05 -8.5799e-06 -5.8220e-06 -3.9106e-06 -2.5905e-06 -1.6847e-06 -1.0685e-06 -6.5173e-07 -3.6772e-07 -1.6469e-07 +1.5465e-10 +1.6546e-07 +3.6992e-07 +6.5649e-07 +1.0772e-06 +1.6993e-06 +2.6136e-06 +3.9462e-06 +5.8756e-06 +8.6599e-06 +1.2684e-05 +1.8561e-05 +2.7403e-05
-0000.00285 -1.6844e-05 -1.2576e-05 -9.2769e-06 -6.6852e-06 -4.7047e-06 -3.2347e-06 -2.1709e-06 -1.4187e-06 -8.9815e-07 -5.4442e-07 -3.0502e-07 -1.3669e-07 -2.1497e-09 +1.3300e-07 +3.0319e-07 +5.4589e-07 +9.0467e-07 +1.4325e-06 +2.1951e-06 +3.2733e-06 +4.7633e-06 +6.7717e-06 +9.4026e-06 +1.2760e-05 +1.7126e-05
-0000.00380 -1.1984e-05 -1.2095e-05 -1.0024e-05 -7.6764e-06 -5.6300e-06 -4.0228e-06 -2.8383e-06 -2.0103e-06 -1.4631e-06 -1.1259e-06 -9.3649e-07 -8.4044e-07 -7.8914e-07 -7.3686e-07 -6.3786e-07 -4.4338e-07 -9.8840e-08 +4.5846e-07 +1.3000e-06 +2.5029e-06 +4.1353e-06 +6.2181e-06 +8.6211e-06 +1.0781e-05 +1.0819e-05
# Total Vertical 2nd Order Kick [T2m2]
START
            -0000.01200 -0000.01100 -0000.01000 -0000.00900 -0000.00800 -0000.00700 -0000.00600 -0000.00500 -0000.00400 -0000.00300 -0000.00200 -0000.00100 +0000.00000 +0000.00100 +0000.00200 +0000.00300 +0000.00400 +0000.00500 +0000.00600 +0000.00700 +0000.00800 +0000.00900 +0000.01000 +0000.01100 +0000.01200
+0000.00380 -3.2652e-04 -3.1474e-04 -3.0872e-04 -3.0536e-04 -3.0340e-04 -3.0221e-04 -3.0147e-04 -3.0099e-04 -3.0067e-04 -3.0047e-04 -3.0034e-04 -3.0027e-04 -3.0025e-04 -3.0027e-04 -3.0034e-04 -3.0046e-04 -3.0067e-04 -3.0099e-04 -3.0148e-04 -3.0225e-04 -3.0347e-04 -3.0550e-04 -3.0895e-04 -3.1517e-04 -3.2731e-04
+0000.00285 -1.9308e-04 -1.8278e-04 -1.7734e-04 -1.7430e-04 -1.7255e-04 -1.7151e-04 -1.7086e-04 -1.7045e-04 -1.7019e-04 -1.7002e-04 -1.6992e-04 -1.6986e-04 -1.6984e-04 -1.6986e-04 -1.6992e-04 -1.7002e-04 -1.7019e-04 -1.7046e-04 -1.7087e-04 -1.7153e-04 -1.7260e-04 -1.7438e-04 -1.7748e-04 -1.8304e-04 -1.9356e-04
+0000.00190 -1.0632e-04 -1.0033e-04 -9.6648e-05 -9.4479e-05 -9.3203e-05 -9.2440e-05 -9.1974e-05 -9.1682e-05 -9.1495e-05 -9.1376e-05 -9.1302e-05 -9.1261e-05 -9.1248e-05 -9.1261e-05 -9.1302e-05 -9.1377e-05 -9.1497e-05 -9.1686e-05 -9.1982e-05 -9.2454e-05 -9.3228e-05 -9.4522e-05 -9.6722e-05 -1.0045e-04 -1.0653e-04
+0000.00095 -4.6759e-05 -4.4302e-05 -4.2550e-05 -4.1449e-05 -4.0785e-05 -4.0385e-05 -4.0140e-05 -3.9988e-05 -3.9891e-05 -3.9829e-05 -3.9790e-05 -3.9770e-05 -3.9763e-05 -3.9770e-05 -3.9791e-05 -3.9829e-05 -3.9892e-05 -3.9990e-05 -4.0144e-05 -4.0391e-05 -4.0795e-05 -4.1467e-05 -4.2580e-05 -4.4349e-05 -4.6824e-05
+0000.00000 -8.2488e-12 -6.5109e-12 -5.2129e-12 -4.2458e-12 -3.4770e-12 -2.8666e-12 -2.3741e-12 -1.9531e-12 -1.5864e-12 -1.2656e-12 -9.7006e-13 -6.9618e-13 -4.3462e-13 -1.7838e-13 +8.1616e-14 +3.5257e-13 +6.3831e-13 +9.5608e-13 +1.3169e-12 +1.7392e-12 +2.2549e-12 +2.8954e-12 +3.7553e-12 +4.8974e-12 +6.4275e-12
-0000.00095 +4.6759e-05 +4.4302e-05 +4.2550e-05 +4.1449e-05 +4.0785e-05 +4.0385e-05 +4.0140e-05 +3.9988e-05 +3.9891e-05 +3.9829e-05 +3.9790e-05 +3.9770e-05 +3.9763e-05 +3.9770e-05 +3.9791e-05 +3.9829e-05 +3.9892e-05 +3.9990e-05 +4.0144e-05 +4.0391e-05 +4.0795e-05 +4.1467e-05 +4.2580e-05 +4.4349e-05 +4.6824e-05
-0000.00190 +1.0632e-04 +1.0033e-04 +9.6648e-05 +9.4479e-05 +9.3203e-05 +9.2440e-05 +9.1974e-05 +9.1682e-05 +9.1495e-05 +9.1376e-05 +9.1302e-05 +9.1261e-05 +9.1248e-05 +9.1261e-05 +9.1302e-05 +9.1377e-05 +9.1497e-05 +9.1686e-05 +9.1982e-05 +9.2454e-05 +9.3228e-05 +9.4522e-05 +9.6722e-05 +1.0045e-04 +1.0653e-04
-0000.00285 +1.9308e-04 +1.8278e-04 +1.7734e-04 +1.7430e-04 +1.7255e-04 +1.7151e-04 +1.7086e-04 +1.7045e-04 +1.7019e-04 +1.7002e-04 +1.6992e-04 +1.6986e-04 +1.6984e-04 +1.6986e-04 +1.6992e-04 +1.7002e-04 +1.7019e-04 +1.7046e-04 +1.7087e-04 +1.7153e-04 +1.7260e-04 +1.7438e-04 +1.7748e-04 +1.8304e-04 +1.9356e-04
-0000.00380 +3.2652e-04 +3.1474e-04 +3.0872e-04 +3.0536e-04 +3.0340e-04 +3.0221e-04 +3.0147e-04 +3.0099e-04 +3.0067e-04 +3.0047e-04 +3.0034e-04 +3.0027e-04 +3.0025e-04 +3.0027e-04 +3.0034e-04 +3.0046e-04 +3.0067e-04 +3.0099e-04 +3.0148e-04 +3.0225e-04 +3.0347e-04 +3.0550e-04 +3.0895e-04 +3.1517e-04 +3.2731e-04
# Horizontal Final Position [m]
START
            -0000.01200 -0000.01100 -0000.01000 -0000.00900 -0000.00800 -0000.00700 -0000.00600 -0000.00500 -0000.00400 -0000.00300 -0000.00200 -0000.00100 +0000.00000 +0000.00100 +0000.00200 +0000.00300 +0000.00400 +0000.00500 +0000.00600 +0000.00700 +0000.00800 +0000.00900 +0000.01000 +0000.01100 +0000.01200
+0000.00380 -1.1981e-02 -1.0981e-02 -9.9813e-03 -8.9814e-03 -7.9815e-03 -6.9817e-03 -5.9818e-03 -4.9819e-03 -3.9820e-03 -2.9820e-03 -1.9821e-03 -9.8211e-04 +1.7882e-05 +1.0179e-03 +2.0179e-03 +3.0180e-03 +4.0180e-03 +5.0181e-03 +6.0182e-03 +7.0183e-03 +8.0185e-03 +9.0186e-03 +1.0019e-02 +1.1019e-02 +1.2019e-02
+0000.00285 -1.1982e-02 -1.0981e-02 -9.9814e-03 -8.9814e-03 -7.9815e-03 -6.9815e-03 -5.9816e-03 -4.9817e-03 -3.9817e-03 -2.9818e-03 -1.9818e-03 -9.8183e-04 +1.8160e-05 +1.0182e-03 +2.0182e-03 +3.0182e-03 +4.0183e-03 +5.0184e-03 +6.0184e-03 +7.0185e-03 +8.0186e-03 +9.0186e-03 +1.0019e-02 +1.1019e-02 +1.2018e-02
+0000.00190 -1.1983e-02 -1.0982e-02 -9.9818e-03 -8.9816e-03 -7.9816e-03 -6.9816e-03 -5.9816e-03 -4.9817e-03 -3.9817e-03 -2.9817e-03 -1.9818e-03 -9.8180e-04 +1.8193e-05 +1.0182e-03 +2.0182e-03 +3.0183e-03 +4.0183e-03 +5.0183e-03 +6.0184e-03 +7.0184e-03 +8.0184e-03 +9.0184e-03 +1.0018e-02 +1.1018e-02 +1.2018e-02
+0000.00095 -1.1983e-02 -1.0982e-02 -9.9820e-03 -8.9818e-03 -7.9817e-03 -6.9816e-03 -5.9817e-03 -4.9817e-03 -3.9817e-03 -2.9817e-03 -1.9818e-03 -9.8178e-04 +1.8212e-05 +1.0182e-03 +2.0182e-03 +3.0183e-03 +4.0183e-03 +5.0183e-03 +6.0184e-03 +7.0184e-03 +8.0183e-03 +9.0182e-03 +1.0018e-02 +1.1018e-02 +1.2017e-02
+0000.00000 -1.1983e-02 -1.0983e-02 -9.9821e-03 -8.9819e-03 -7.9817e-03 -6.9817e-03 -5.9817e-03 -4.9817e-03 -3.9817e-03 -2.9817e-03 -1.9818e-03 -9.8178e-04 +1.8218e-05 +1.0182e-03 +2.0182e-03 +3.0183e-03 +4.0183e-03 +5.0183e-03 +6.0183e-03 +7.0183e-03 +8.0183e-03 +9.0182e-03 +1.0018e-02 +1.1017e-02 +1.2017e-02
-0000.00095 -1.1983e-02 -1.0982e-02 -9.9820e-03 -8.9818e-03 -7.9817e-03 -6.9816e-03 -5.9817e-03 -4.9817e-03 -3.9817e-03 -2.9817e-03 -1.9818e-03 -9.8178e-04 +1.8212e-05 +1.0182e-03 +2.0182e-03 +3.0183e-03 +4.0183e-03 +5.0183e-03 +6.0184e-03 +7.0184e-03 +8.0183e-03 +9.0182e-03 +1.0018e-02 +1.1018e-02 +1.2017e-02
-0000.00190 -1.1983e-02 -1.0982e-02 -9.9818e-03 -8.9816e-03 -7.9816e-03 -6.9816e-03 -5.9816e-03 -4.9817e-03 -3.9817e-03 -2.9817e-03 -1.9818e-03 -9.8180e-04 +1.8193e-05 +1.0182e-03 +2.0182e-03 +3.0183e-03 +4.0183e-03 +5.0183e-03 +6.0184e-03 +7.0184e-03 +8.0184e-03 +9.0184e-03 +1.0018e-02 +1.1018e-02 +1.2018e-02
-0000.00285 -1.1982e-02 -1.0981e-02 -9.9814e-03 -8.9814e-03 -7.9815e-03 -6.9815e-03 -5.9816e-03 -4.9817e-03 -3.9817e-03 -2.9818e-03 -1.9818e-03 -9.8183e-04 +1.8160e-05 +1.0182e-03 +2.0182e-03 +3.0182e-03 +4.0183e-03 +5.0184e-03 +6.0184e-03 +7.0185e-03 +8.0186e-03 +9.0186e-03 +1.0019e-02 +1.1019e-02 +1.2018e-02
-0000.00380 -1.1981e-02 -1.0981e-02 -9.9813e-03 -8.9814e-03 -7.9815e-03 -6.9817e-03 -5.9818e-03 -4.9819e-03 -3.9820e-03 -2.9820e-03 -1.9821e-03 -9.8211e-04 +1.7882e-05 +1.0179e-03 +2.0179e-03 +3.0180e-03 +4.0180e-03 +5.0181e-03 +6.0182e-03 +7.0183e-03 +8.0185e-03 +9.0186e-03 +1.0019e-02 +1.1019e-02 +1.2019e-02
# Vertical Final Position [m]
START
            -0000.01200 -0000.01100 -0000.01000 -0000.00900 -0000.00800 -0000.00700 -0000.00600 -0000.00500 -0000.00400 -0000.00300 -0000.00200 -0000.00100 +0000.00000 +0000.00100 +0000.00200 +0000.00300 +0000.00400 +0000.00500 +0000.00600 +0000.00700 +0000.00800 +0000.00900 +0000.01000 +0000.01100 +0000.01200
+0000.00380 +3.7976e-03 +3.7985e-03 +3.7990e-03 +3.7993e-03 +3.7995e-03 +3.7997e-03 +3.7997e-03 +3.7997e-03 +3.7997e-03 +3.7997e-03 +3.7997e-03 +3.7996e-03 +3.7995e-03 +3.7995e-03 +3.7994e-03 +3.7994e-03 +3.7994e-03 +3.7994e-03 +3.7994e-03 +3.7994e-03 +3.7996e-03 +3.7998e-03 +3.8001e-03 +3.8006e-03 +3.8014e-03
+0000.00285 +2.8477e-03 +2.8486e-03 +2.8491e-03 +2.8494e-03 +2.8496e-03 +2.8498e-03 +2.8498e-03 +2.8499e-03 +2.8499e-03 +2.8498e-03 +2.8498e-03 +2.8498e-03 +2.8497e-03 +2.8497e-03 +2.8497e-03 +2.8496e-03 +2.8496e-03 +2.8496e-03 +2.8497e-03 +2.8497e-03 +2.8498e-03 +2.8500e-03 +2.8504e-03 +2.8509e-03 +2.8518e-03
+0000.00190 +1.8982e-03 +1.8989e-03 +1.8993e-03 +1.8996e-03 +1.8997e-03 +1.8998e-03 +1.8999e-03 +1.8999e-03 +1.8999e-03 +1.8999e-03 +1.8999e-03 +1.8999e-03 +1.8999e-03 +1.8998e-03 +1.8998e-03 +1.8998e-03 +1.8998e-03 +1.8998e-03 +1.8998e-03 +1.8999e-03 +1.9000e-03 +1.9001e-03 +1.9004e-03 +1.9008e-03 +1.9015e-03
+0000.00095 +9.4904e-04 +9.4940e-04 +9.4963e-04 +9.4978e-04 +9.4987e-04 +9.4992e-04 +9.4995e-04 +9.4997e-04 +9.4997e-04 +9.4997e-04 +9.4996e-04 +9.4995e-04 +9.4994e-04 +9.4993e-04 +9.4992e-04 +9.4991e-04 +9.4991e-04 +9.4991e-04 +9.4993e-04 +9.4996e-04 +9.5001e-04 +9.5010e-04 +9.5025e-04 +9.5048e-04 +9.5083e-04
+0000.00000 -1.1125e-14 -8.8206e-15 -7.1132e-15 -5.8700e-15 -4.9147e-15 -4.1701e-15 -3.5797e-15 -3.0952e-15 -2.6875e-15 -2.3406e-15 -2.0367e-15 -1.7625e-15 -1.5089e-15 -1.2669e-15 -1.0255e-15 -7.7425e-16 -5.0764e-16 -2.0859e-16 +1.4252e-16 +5.6702e-16 +1.1041e-15 +1.8134e-15 +2.7951e-15 +4.1785e-15 +6.1715e-15
-0000.00095 -9.4904e-04 -9.4940e-04 -9.4963e-04 -9.4978e-04 -9.4987e-04 -9.4992e-04 -9.4995e-04 -9.4997e-04 -9.4997e-04 -9.4997e-04 -9.4996e-04 -9.4995e-04 -9.4994e-04 -9.4993e-04 -9.4992e-04 -9.4991e-04 -9.4991e-04 -9.4991e-04 -9.4993e-04 -9.4996e-04 -9.5001e-04 -9.5010e-04 -9.5025e-04 -9.5048e-04 -9.5083e-04
-0000.00190 -1.8982e-03 -1.8989e-03 -1.8993e-03 -1.8996e-03 -1.8997e-03 -1.8998e-03 -1.8999e-03 -1.8999e-03 -1.8999e-03 -1.8999e-03 -1.8999e-03 -1.8999e-03 -1.8999e-03 -1.8998e-03 -1.8998e-03 -1.8998e-03 -1.8998e-03 -1.8998e-03 -1.8998e-03 -1.8999e-03 -1.9000e-03 -1.9001e-03 -1.9004e-03 -1.9008e-03 -1.9015e-03
-0000.00285 -2.8477e-03 -2.8486e-03 -2.8491e-03 -2.8494e-03 -2.8496e-03 -2.8498e-03 -2.8498e-03 -2.8499e-03 -2.8499e-03 -2.8498e-03 -2.8498e-03 -2.8498e-03 -2.8497e-03 -2.8497e-03 -2.8497e-03 -2.8496e-03 -2.8496e-03 -2.8496e-03 -2.8497e-03 -2.8497e-03 -2.8498e-03 -2.8500e-03 -2.8504e-03 -2.8509e-03 -2.8518e-03
-0000.00380 -3.7976e-03 -3.7985e-03 -3.7990e-03 -3.7993e-03 -3.7995e-03 -3.7997e-03 -3.7997e-03 -3.7997e-03 -3.7997e-03 -3.7997e-03 -3.7997e-03 -3.7996e-03 -3.7995e-03 -3.7995e-03 -3.7994e-03 -3.7994e-03 -3.7994e-03 -3.7994e-03 -3.7994e-03 -3.7994e-03 -3.7996e-03 -3.7998e-03 -3.8001e-03 -3.8006e-03 -3.8014e-03
