# Author: FAC idanalysis.IDKickMap
# Termination_kicks [T2m2]: -1.0583e-04 -1.9948e-04 +4.9280e-04 +5.5771e-04 
# Total Length of Longitudinal Interval [m]
2.77
# Number of Horizontal Points
37
# Number of Vertical Points
3
# Total Horizontal 2nd Order Kick [T2m2]
START
            -0000.01800 -0000.01700 -0000.01600 -0000.01500 -0000.01400 -0000.01300 -0000.01200 -0000.01100 -0000.01000 -0000.00900 -0000.00800 -0000.00700 -0000.00600 -0000.00500 -0000.00400 -0000.00300 -0000.00200 -0000.00100 +0000.00000 +0000.00100 +0000.00200 +0000.00300 +0000.00400 +0000.00500 +0000.00600 +0000.00700 +0000.00800 +0000.00900 +0000.01000 +0000.01100 +0000.01200 +0000.01300 +0000.01400 +0000.01500 +0000.01600 +0000.01700 +0000.01800 
+0000.01200 +2.7029e-06 -2.6958e-05 -6.3427e-05 -9.9049e-05 -1.4128e-04 -1.7375e-04 -2.2693e-04 -2.5074e-04 -2.5929e-04 -3.0908e-04 -3.2005e-04 -3.2909e-04 -3.1407e-04 -3.2363e-04 -3.1883e-04 -2.8001e-04 -2.5584e-04 -2.2468e-04 -1.9635e-04 -1.2740e-04 -7.5752e-05 -3.5166e-05 +1.0135e-05 +4.8435e-05 +9.4178e-05 +1.3530e-04 +1.7164e-04 +2.1330e-04 +2.4863e-04 +2.6900e-04 +2.7129e-04 +2.8390e-04 +2.8261e-04 +2.6789e-04 +2.6636e-04 +2.3493e-04 +2.2182e-04 
+0000.00000 +2.7029e-06 -2.6958e-05 -6.3427e-05 -9.9049e-05 -1.4128e-04 -1.7375e-04 -2.2693e-04 -2.5074e-04 -2.5929e-04 -3.0908e-04 -3.2005e-04 -3.2909e-04 -3.1407e-04 -3.2363e-04 -3.1883e-04 -2.8001e-04 -2.5584e-04 -2.2468e-04 -1.9635e-04 -1.2740e-04 -7.5752e-05 -3.5166e-05 +1.0135e-05 +4.8435e-05 +9.4178e-05 +1.3530e-04 +1.7164e-04 +2.1330e-04 +2.4863e-04 +2.6900e-04 +2.7129e-04 +2.8390e-04 +2.8261e-04 +2.6789e-04 +2.6636e-04 +2.3493e-04 +2.2182e-04 
-0000.01200 +2.7029e-06 -2.6958e-05 -6.3427e-05 -9.9049e-05 -1.4128e-04 -1.7375e-04 -2.2693e-04 -2.5074e-04 -2.5929e-04 -3.0908e-04 -3.2005e-04 -3.2909e-04 -3.1407e-04 -3.2363e-04 -3.1883e-04 -2.8001e-04 -2.5584e-04 -2.2468e-04 -1.9635e-04 -1.2740e-04 -7.5752e-05 -3.5166e-05 +1.0135e-05 +4.8435e-05 +9.4178e-05 +1.3530e-04 +1.7164e-04 +2.1330e-04 +2.4863e-04 +2.6900e-04 +2.7129e-04 +2.8390e-04 +2.8261e-04 +2.6789e-04 +2.6636e-04 +2.3493e-04 +2.2182e-04 
# Total Vertical 2nd Order Kick [T2m2]
START
            -0000.01800 -0000.01700 -0000.01600 -0000.01500 -0000.01400 -0000.01300 -0000.01200 -0000.01100 -0000.01000 -0000.00900 -0000.00800 -0000.00700 -0000.00600 -0000.00500 -0000.00400 -0000.00300 -0000.00200 -0000.00100 +0000.00000 +0000.00100 +0000.00200 +0000.00300 +0000.00400 +0000.00500 +0000.00600 +0000.00700 +0000.00800 +0000.00900 +0000.01000 +0000.01100 +0000.01200 +0000.01300 +0000.01400 +0000.01500 +0000.01600 +0000.01700 +0000.01800 
+0000.01200 -8.6532e-04 -8.7110e-04 -8.7319e-04 -8.8388e-04 -8.9694e-04 -8.9634e-04 -8.9086e-04 -8.7235e-04 -8.7903e-04 -8.6110e-04 -8.3551e-04 -8.2835e-04 -7.8915e-04 -7.7120e-04 -7.5552e-04 -7.3024e-04 -7.1700e-04 -7.0806e-04 -6.8408e-04 -6.7019e-04 -6.6929e-04 -6.6218e-04 -6.4759e-04 -6.5071e-04 -6.4828e-04 -6.4945e-04 -6.3433e-04 -6.3253e-04 -6.3075e-04 -6.1904e-04 -6.1817e-04 -6.0251e-04 -5.6887e-04 -5.4756e-04 -4.9281e-04 -4.4225e-04 -3.8051e-04 
+0000.00000 -8.6532e-04 -8.7110e-04 -8.7319e-04 -8.8388e-04 -8.9694e-04 -8.9634e-04 -8.9086e-04 -8.7235e-04 -8.7903e-04 -8.6110e-04 -8.3551e-04 -8.2835e-04 -7.8915e-04 -7.7120e-04 -7.5552e-04 -7.3024e-04 -7.1700e-04 -7.0806e-04 -6.8408e-04 -6.7019e-04 -6.6929e-04 -6.6218e-04 -6.4759e-04 -6.5071e-04 -6.4828e-04 -6.4945e-04 -6.3433e-04 -6.3253e-04 -6.3075e-04 -6.1904e-04 -6.1817e-04 -6.0251e-04 -5.6887e-04 -5.4756e-04 -4.9281e-04 -4.4225e-04 -3.8051e-04 
-0000.01200 -8.6532e-04 -8.7110e-04 -8.7319e-04 -8.8388e-04 -8.9694e-04 -8.9634e-04 -8.9086e-04 -8.7235e-04 -8.7903e-04 -8.6110e-04 -8.3551e-04 -8.2835e-04 -7.8915e-04 -7.7120e-04 -7.5552e-04 -7.3024e-04 -7.1700e-04 -7.0806e-04 -6.8408e-04 -6.7019e-04 -6.6929e-04 -6.6218e-04 -6.4759e-04 -6.5071e-04 -6.4828e-04 -6.4945e-04 -6.3433e-04 -6.3253e-04 -6.3075e-04 -6.1904e-04 -6.1817e-04 -6.0251e-04 -5.6887e-04 -5.4756e-04 -4.9281e-04 -4.4225e-04 -3.8051e-04 
# Horizontal Final Position [m]
START
            -0000.01800 -0000.01700 -0000.01600 -0000.01500 -0000.01400 -0000.01300 -0000.01200 -0000.01100 -0000.01000 -0000.00900 -0000.00800 -0000.00700 -0000.00600 -0000.00500 -0000.00400 -0000.00300 -0000.00200 -0000.00100 +0000.00000 +0000.00100 +0000.00200 +0000.00300 +0000.00400 +0000.00500 +0000.00600 +0000.00700 +0000.00800 +0000.00900 +0000.01000 +0000.01100 +0000.01200 +0000.01300 +0000.01400 +0000.01500 +0000.01600 +0000.01700 +0000.01800 
+0000.01200 -1.8030e-02 -1.7031e-02 -1.6033e-02 -1.5034e-02 -1.4035e-02 -1.3035e-02 -1.2036e-02 -1.1036e-02 -1.0034e-02 -9.0340e-03 -8.0324e-03 -7.0304e-03 -6.0276e-03 -5.0250e-03 -4.0218e-03 -3.0178e-03 -2.0140e-03 -1.0099e-03 -5.7477e-06 +9.9915e-04 +2.0037e-03 +3.0079e-03 +4.0122e-03 +5.0163e-03 +6.0202e-03 +7.0239e-03 +8.0273e-03 +9.0308e-03 +1.0034e-02 +1.1037e-02 +1.2039e-02 +1.3041e-02 +1.4043e-02 +1.5045e-02 +1.6046e-02 +1.7047e-02 +1.8049e-02 
+0000.00000 -1.8030e-02 -1.7031e-02 -1.6033e-02 -1.5034e-02 -1.4035e-02 -1.3035e-02 -1.2036e-02 -1.1036e-02 -1.0034e-02 -9.0340e-03 -8.0324e-03 -7.0304e-03 -6.0276e-03 -5.0250e-03 -4.0218e-03 -3.0178e-03 -2.0140e-03 -1.0099e-03 -5.7477e-06 +9.9915e-04 +2.0037e-03 +3.0079e-03 +4.0122e-03 +5.0163e-03 +6.0202e-03 +7.0239e-03 +8.0273e-03 +9.0308e-03 +1.0034e-02 +1.1037e-02 +1.2039e-02 +1.3041e-02 +1.4043e-02 +1.5045e-02 +1.6046e-02 +1.7047e-02 +1.8049e-02 
-0000.01200 -1.8030e-02 -1.7031e-02 -1.6033e-02 -1.5034e-02 -1.4035e-02 -1.3035e-02 -1.2036e-02 -1.1036e-02 -1.0034e-02 -9.0340e-03 -8.0324e-03 -7.0304e-03 -6.0276e-03 -5.0250e-03 -4.0218e-03 -3.0178e-03 -2.0140e-03 -1.0099e-03 -5.7477e-06 +9.9915e-04 +2.0037e-03 +3.0079e-03 +4.0122e-03 +5.0163e-03 +6.0202e-03 +7.0239e-03 +8.0273e-03 +9.0308e-03 +1.0034e-02 +1.1037e-02 +1.2039e-02 +1.3041e-02 +1.4043e-02 +1.5045e-02 +1.6046e-02 +1.7047e-02 +1.8049e-02 
# Vertical Final Position [m]
START
            -0000.01800 -0000.01700 -0000.01600 -0000.01500 -0000.01400 -0000.01300 -0000.01200 -0000.01100 -0000.01000 -0000.00900 -0000.00800 -0000.00700 -0000.00600 -0000.00500 -0000.00400 -0000.00300 -0000.00200 -0000.00100 +0000.00000 +0000.00100 +0000.00200 +0000.00300 +0000.00400 +0000.00500 +0000.00600 +0000.00700 +0000.00800 +0000.00900 +0000.01000 +0000.01100 +0000.01200 +0000.01300 +0000.01400 +0000.01500 +0000.01600 +0000.01700 +0000.01800 
+0000.01200 +1.1868e-02 +1.1872e-02 +1.1877e-02 +1.1883e-02 +1.1888e-02 +1.1894e-02 +1.1901e-02 +1.1908e-02 +1.1915e-02 +1.1922e-02 +1.1930e-02 +1.1937e-02 +1.1945e-02 +1.1952e-02 +1.1959e-02 +1.1965e-02 +1.1972e-02 +1.1978e-02 +1.1984e-02 +1.1989e-02 +1.1994e-02 +1.1998e-02 +1.2003e-02 +1.2007e-02 +1.2010e-02 +1.2014e-02 +1.2017e-02 +1.2020e-02 +1.2022e-02 +1.2025e-02 +1.2027e-02 +1.2029e-02 +1.2032e-02 +1.2034e-02 +1.2036e-02 +1.2039e-02 +1.2041e-02 
+0000.00000 -1.3182e-04 -1.2757e-04 -1.2261e-04 -1.1746e-04 -1.1185e-04 -1.0557e-04 -9.9018e-05 -9.1854e-05 -8.5024e-05 -7.7717e-05 -7.0142e-05 -6.2944e-05 -5.5389e-05 -4.8310e-05 -4.1343e-05 -3.4615e-05 -2.8358e-05 -2.2433e-05 -1.6489e-05 -1.1139e-05 -6.2912e-06 -1.6427e-06 +2.7745e-06 +6.5961e-06 +1.0292e-05 +1.3571e-05 +1.6832e-05 +1.9656e-05 +2.2204e-05 +2.4735e-05 +2.6904e-05 +2.9206e-05 +3.1578e-05 +3.3688e-05 +3.6354e-05 +3.8831e-05 +4.1382e-05 
-0000.01200 -1.2132e-02 -1.2128e-02 -1.2123e-02 -1.2117e-02 -1.2112e-02 -1.2106e-02 -1.2099e-02 -1.2092e-02 -1.2085e-02 -1.2078e-02 -1.2070e-02 -1.2063e-02 -1.2055e-02 -1.2048e-02 -1.2041e-02 -1.2035e-02 -1.2028e-02 -1.2022e-02 -1.2016e-02 -1.2011e-02 -1.2006e-02 -1.2002e-02 -1.1997e-02 -1.1993e-02 -1.1990e-02 -1.1986e-02 -1.1983e-02 -1.1980e-02 -1.1978e-02 -1.1975e-02 -1.1973e-02 -1.1971e-02 -1.1968e-02 -1.1966e-02 -1.1964e-02 -1.1961e-02 -1.1959e-02 