# Author: FAC idanalysis.IDKickMap
# Termination_kicks [T2m2]: -5.5937e-04 +1.0160e-04 +2.1569e-04 +3.3590e-05 
# Total Length of Longitudinal Interval [m]
2.77
# Number of Horizontal Points
37
# Number of Vertical Points
3
# Total Horizontal 2nd Order Kick [T2m2]
START
            -0000.01800 -0000.01700 -0000.01600 -0000.01500 -0000.01400 -0000.01300 -0000.01200 -0000.01100 -0000.01000 -0000.00900 -0000.00800 -0000.00700 -0000.00600 -0000.00500 -0000.00400 -0000.00300 -0000.00200 -0000.00100 +0000.00000 +0000.00100 +0000.00200 +0000.00300 +0000.00400 +0000.00500 +0000.00600 +0000.00700 +0000.00800 +0000.00900 +0000.01000 +0000.01100 +0000.01200 +0000.01300 +0000.01400 +0000.01500 +0000.01600 +0000.01700 +0000.01800 
+0000.01200 +6.7786e-04 +6.5002e-04 +6.1500e-04 +5.9436e-04 +5.7138e-04 +5.3136e-04 +4.9962e-04 +4.4454e-04 +4.0777e-04 +3.3884e-04 +3.0191e-04 +2.6160e-04 +2.3427e-04 +2.2981e-04 +2.2190e-04 +2.2511e-04 +2.4656e-04 +3.1040e-04 +3.5552e-04 +4.2852e-04 +5.2516e-04 +5.9917e-04 +6.5783e-04 +7.4083e-04 +8.2819e-04 +8.8547e-04 +9.5533e-04 +1.0029e-03 +1.0363e-03 +1.0780e-03 +1.1255e-03 +1.1284e-03 +1.1197e-03 +1.0997e-03 +1.0675e-03 +1.0100e-03 +9.4408e-04 
+0000.00000 +6.7786e-04 +6.5002e-04 +6.1500e-04 +5.9436e-04 +5.7138e-04 +5.3136e-04 +4.9962e-04 +4.4454e-04 +4.0777e-04 +3.3884e-04 +3.0191e-04 +2.6160e-04 +2.3427e-04 +2.2981e-04 +2.2190e-04 +2.2511e-04 +2.4656e-04 +3.1040e-04 +3.5552e-04 +4.2852e-04 +5.2516e-04 +5.9917e-04 +6.5783e-04 +7.4083e-04 +8.2819e-04 +8.8547e-04 +9.5533e-04 +1.0029e-03 +1.0363e-03 +1.0780e-03 +1.1255e-03 +1.1284e-03 +1.1197e-03 +1.0997e-03 +1.0675e-03 +1.0100e-03 +9.4408e-04 
-0000.01200 +6.7786e-04 +6.5002e-04 +6.1500e-04 +5.9436e-04 +5.7138e-04 +5.3136e-04 +4.9962e-04 +4.4454e-04 +4.0777e-04 +3.3884e-04 +3.0191e-04 +2.6160e-04 +2.3427e-04 +2.2981e-04 +2.2190e-04 +2.2511e-04 +2.4656e-04 +3.1040e-04 +3.5552e-04 +4.2852e-04 +5.2516e-04 +5.9917e-04 +6.5783e-04 +7.4083e-04 +8.2819e-04 +8.8547e-04 +9.5533e-04 +1.0029e-03 +1.0363e-03 +1.0780e-03 +1.1255e-03 +1.1284e-03 +1.1197e-03 +1.0997e-03 +1.0675e-03 +1.0100e-03 +9.4408e-04 
# Total Vertical 2nd Order Kick [T2m2]
START
            -0000.01800 -0000.01700 -0000.01600 -0000.01500 -0000.01400 -0000.01300 -0000.01200 -0000.01100 -0000.01000 -0000.00900 -0000.00800 -0000.00700 -0000.00600 -0000.00500 -0000.00400 -0000.00300 -0000.00200 -0000.00100 +0000.00000 +0000.00100 +0000.00200 +0000.00300 +0000.00400 +0000.00500 +0000.00600 +0000.00700 +0000.00800 +0000.00900 +0000.01000 +0000.01100 +0000.01200 +0000.01300 +0000.01400 +0000.01500 +0000.01600 +0000.01700 +0000.01800 
+0000.01200 -5.9321e-04 -6.5101e-04 -7.2206e-04 -7.8414e-04 -8.2991e-04 -8.6557e-04 -8.9943e-04 -8.9979e-04 -9.0088e-04 -8.9057e-04 -8.5747e-04 -8.2596e-04 -7.8767e-04 -7.4535e-04 -7.0965e-04 -6.9359e-04 -6.6538e-04 -6.3151e-04 -6.1862e-04 -6.0952e-04 -6.1456e-04 -6.1061e-04 -6.2458e-04 -6.0854e-04 -6.3681e-04 -6.5608e-04 -6.6307e-04 -6.8625e-04 -7.0341e-04 -7.0984e-04 -7.1533e-04 -7.2450e-04 -7.3083e-04 -7.0200e-04 -6.7280e-04 -6.4551e-04 -5.9277e-04 
+0000.00000 -5.9321e-04 -6.5101e-04 -7.2206e-04 -7.8414e-04 -8.2991e-04 -8.6557e-04 -8.9943e-04 -8.9979e-04 -9.0088e-04 -8.9057e-04 -8.5747e-04 -8.2596e-04 -7.8767e-04 -7.4535e-04 -7.0965e-04 -6.9359e-04 -6.6538e-04 -6.3151e-04 -6.1862e-04 -6.0952e-04 -6.1456e-04 -6.1061e-04 -6.2458e-04 -6.0854e-04 -6.3681e-04 -6.5608e-04 -6.6307e-04 -6.8625e-04 -7.0341e-04 -7.0984e-04 -7.1533e-04 -7.2450e-04 -7.3083e-04 -7.0200e-04 -6.7280e-04 -6.4551e-04 -5.9277e-04 
-0000.01200 -5.9321e-04 -6.5101e-04 -7.2206e-04 -7.8414e-04 -8.2991e-04 -8.6557e-04 -8.9943e-04 -8.9979e-04 -9.0088e-04 -8.9057e-04 -8.5747e-04 -8.2596e-04 -7.8767e-04 -7.4535e-04 -7.0965e-04 -6.9359e-04 -6.6538e-04 -6.3151e-04 -6.1862e-04 -6.0952e-04 -6.1456e-04 -6.1061e-04 -6.2458e-04 -6.0854e-04 -6.3681e-04 -6.5608e-04 -6.6307e-04 -6.8625e-04 -7.0341e-04 -7.0984e-04 -7.1533e-04 -7.2450e-04 -7.3083e-04 -7.0200e-04 -6.7280e-04 -6.4551e-04 -5.9277e-04 
# Horizontal Final Position [m]
START
            -0000.01800 -0000.01700 -0000.01600 -0000.01500 -0000.01400 -0000.01300 -0000.01200 -0000.01100 -0000.01000 -0000.00900 -0000.00800 -0000.00700 -0000.00600 -0000.00500 -0000.00400 -0000.00300 -0000.00200 -0000.00100 +0000.00000 +0000.00100 +0000.00200 +0000.00300 +0000.00400 +0000.00500 +0000.00600 +0000.00700 +0000.00800 +0000.00900 +0000.01000 +0000.01100 +0000.01200 +0000.01300 +0000.01400 +0000.01500 +0000.01600 +0000.01700 +0000.01800 
+0000.01200 -1.8045e-02 -1.7047e-02 -1.6050e-02 -1.5052e-02 -1.4054e-02 -1.3055e-02 -1.2056e-02 -1.1057e-02 -1.0056e-02 -9.0558e-03 -8.0539e-03 -7.0511e-03 -6.0478e-03 -5.0432e-03 -4.0382e-03 -3.0324e-03 -2.0262e-03 -1.0189e-03 -1.2036e-05 +9.9523e-04 +2.0027e-03 +3.0094e-03 +4.0155e-03 +5.0215e-03 +6.0272e-03 +7.0319e-03 +8.0365e-03 +9.0403e-03 +1.0044e-02 +1.1047e-02 +1.2050e-02 +1.3052e-02 +1.4054e-02 +1.5056e-02 +1.6057e-02 +1.7058e-02 +1.8058e-02 
+0000.00000 -1.8045e-02 -1.7047e-02 -1.6050e-02 -1.5052e-02 -1.4054e-02 -1.3055e-02 -1.2056e-02 -1.1057e-02 -1.0056e-02 -9.0558e-03 -8.0539e-03 -7.0511e-03 -6.0478e-03 -5.0432e-03 -4.0382e-03 -3.0324e-03 -2.0262e-03 -1.0189e-03 -1.2036e-05 +9.9523e-04 +2.0027e-03 +3.0094e-03 +4.0155e-03 +5.0215e-03 +6.0272e-03 +7.0319e-03 +8.0365e-03 +9.0403e-03 +1.0044e-02 +1.1047e-02 +1.2050e-02 +1.3052e-02 +1.4054e-02 +1.5056e-02 +1.6057e-02 +1.7058e-02 +1.8058e-02 
-0000.01200 -1.8045e-02 -1.7047e-02 -1.6050e-02 -1.5052e-02 -1.4054e-02 -1.3055e-02 -1.2056e-02 -1.1057e-02 -1.0056e-02 -9.0558e-03 -8.0539e-03 -7.0511e-03 -6.0478e-03 -5.0432e-03 -4.0382e-03 -3.0324e-03 -2.0262e-03 -1.0189e-03 -1.2036e-05 +9.9523e-04 +2.0027e-03 +3.0094e-03 +4.0155e-03 +5.0215e-03 +6.0272e-03 +7.0319e-03 +8.0365e-03 +9.0403e-03 +1.0044e-02 +1.1047e-02 +1.2050e-02 +1.3052e-02 +1.4054e-02 +1.5056e-02 +1.6057e-02 +1.7058e-02 +1.8058e-02 
# Vertical Final Position [m]
START
            -0000.01800 -0000.01700 -0000.01600 -0000.01500 -0000.01400 -0000.01300 -0000.01200 -0000.01100 -0000.01000 -0000.00900 -0000.00800 -0000.00700 -0000.00600 -0000.00500 -0000.00400 -0000.00300 -0000.00200 -0000.00100 +0000.00000 +0000.00100 +0000.00200 +0000.00300 +0000.00400 +0000.00500 +0000.00600 +0000.00700 +0000.00800 +0000.00900 +0000.01000 +0000.01100 +0000.01200 +0000.01300 +0000.01400 +0000.01500 +0000.01600 +0000.01700 +0000.01800 
+0000.01200 +1.1831e-02 +1.1836e-02 +1.1841e-02 +1.1848e-02 +1.1856e-02 +1.1865e-02 +1.1875e-02 +1.1885e-02 +1.1896e-02 +1.1907e-02 +1.1919e-02 +1.1930e-02 +1.1940e-02 +1.1951e-02 +1.1961e-02 +1.1969e-02 +1.1978e-02 +1.1986e-02 +1.1993e-02 +1.1999e-02 +1.2005e-02 +1.2010e-02 +1.2015e-02 +1.2019e-02 +1.2022e-02 +1.2025e-02 +1.2028e-02 +1.2030e-02 +1.2032e-02 +1.2033e-02 +1.2035e-02 +1.2036e-02 +1.2037e-02 +1.2038e-02 +1.2040e-02 +1.2042e-02 +1.2044e-02 
+0000.00000 -1.6949e-04 -1.6445e-04 -1.5868e-04 -1.5182e-04 -1.4383e-04 -1.3500e-04 -1.2537e-04 -1.1482e-04 -1.0407e-04 -9.2902e-05 -8.1420e-05 -7.0326e-05 -5.9553e-05 -4.9063e-05 -3.9374e-05 -3.0609e-05 -2.2176e-05 -1.4231e-05 -7.2474e-06 -8.3241e-07 +4.8609e-06 +1.0112e-05 +1.4586e-05 +1.9084e-05 +2.2274e-05 +2.5185e-05 +2.7898e-05 +2.9855e-05 +3.1542e-05 +3.3186e-05 +3.4644e-05 +3.5773e-05 +3.6855e-05 +3.8494e-05 +4.0076e-05 +4.1711e-05 +4.3617e-05 
-0000.01200 -1.2169e-02 -1.2164e-02 -1.2159e-02 -1.2152e-02 -1.2144e-02 -1.2135e-02 -1.2125e-02 -1.2115e-02 -1.2104e-02 -1.2093e-02 -1.2081e-02 -1.2070e-02 -1.2060e-02 -1.2049e-02 -1.2039e-02 -1.2031e-02 -1.2022e-02 -1.2014e-02 -1.2007e-02 -1.2001e-02 -1.1995e-02 -1.1990e-02 -1.1985e-02 -1.1981e-02 -1.1978e-02 -1.1975e-02 -1.1972e-02 -1.1970e-02 -1.1968e-02 -1.1967e-02 -1.1965e-02 -1.1964e-02 -1.1963e-02 -1.1962e-02 -1.1960e-02 -1.1958e-02 -1.1956e-02 