# Author: FAC idanalysis.IDKickMap
# Termination_kicks [T2m2]: -5.6106e-04 +2.5755e-04 +3.8282e-04 +5.9506e-04 
# Total Length of Longitudinal Interval [m]
2.773
# Number of Horizontal Points
37
# Number of Vertical Points
3
# Total Horizontal 2nd Order Kick [T2m2]
START
            -0000.01800 -0000.01700 -0000.01600 -0000.01500 -0000.01400 -0000.01300 -0000.01200 -0000.01100 -0000.01000 -0000.00900 -0000.00800 -0000.00700 -0000.00600 -0000.00500 -0000.00400 -0000.00300 -0000.00200 -0000.00100 +0000.00000 +0000.00100 +0000.00200 +0000.00300 +0000.00400 +0000.00500 +0000.00600 +0000.00700 +0000.00800 +0000.00900 +0000.01000 +0000.01100 +0000.01200 +0000.01300 +0000.01400 +0000.01500 +0000.01600 +0000.01700 +0000.01800 
+0000.01200 +5.7949e-04 +5.4054e-04 +5.4506e-04 +4.8837e-04 +4.6280e-04 +4.4862e-04 +4.3864e-04 +3.7723e-04 +3.3443e-04 +3.1079e-04 +3.1315e-04 +2.8456e-04 +2.4687e-04 +2.1029e-04 +1.7455e-04 +1.5548e-04 +1.2322e-04 +1.0316e-04 +9.4967e-05 +8.2492e-05 +8.1899e-05 +7.9411e-05 +9.4346e-05 +1.3510e-04 +1.8897e-04 +2.5929e-04 +2.9666e-04 +3.3857e-04 +4.1650e-04 +4.5885e-04 +4.8580e-04 +5.2660e-04 +5.2395e-04 +5.3754e-04 +5.0209e-04 +5.0481e-04 +4.6252e-04 
+0000.00000 +5.7949e-04 +5.4054e-04 +5.4506e-04 +4.8837e-04 +4.6280e-04 +4.4862e-04 +4.3864e-04 +3.7723e-04 +3.3443e-04 +3.1079e-04 +3.1315e-04 +2.8456e-04 +2.4687e-04 +2.1029e-04 +1.7455e-04 +1.5548e-04 +1.2322e-04 +1.0316e-04 +9.4967e-05 +8.2492e-05 +8.1899e-05 +7.9411e-05 +9.4346e-05 +1.3510e-04 +1.8897e-04 +2.5929e-04 +2.9666e-04 +3.3857e-04 +4.1650e-04 +4.5885e-04 +4.8580e-04 +5.2660e-04 +5.2395e-04 +5.3754e-04 +5.0209e-04 +5.0481e-04 +4.6252e-04 
-0000.01200 +5.7949e-04 +5.4054e-04 +5.4506e-04 +4.8837e-04 +4.6280e-04 +4.4862e-04 +4.3864e-04 +3.7723e-04 +3.3443e-04 +3.1079e-04 +3.1315e-04 +2.8456e-04 +2.4687e-04 +2.1029e-04 +1.7455e-04 +1.5548e-04 +1.2322e-04 +1.0316e-04 +9.4967e-05 +8.2492e-05 +8.1899e-05 +7.9411e-05 +9.4346e-05 +1.3510e-04 +1.8897e-04 +2.5929e-04 +2.9666e-04 +3.3857e-04 +4.1650e-04 +4.5885e-04 +4.8580e-04 +5.2660e-04 +5.2395e-04 +5.3754e-04 +5.0209e-04 +5.0481e-04 +4.6252e-04 
# Total Vertical 2nd Order Kick [T2m2]
START
            -0000.01800 -0000.01700 -0000.01600 -0000.01500 -0000.01400 -0000.01300 -0000.01200 -0000.01100 -0000.01000 -0000.00900 -0000.00800 -0000.00700 -0000.00600 -0000.00500 -0000.00400 -0000.00300 -0000.00200 -0000.00100 +0000.00000 +0000.00100 +0000.00200 +0000.00300 +0000.00400 +0000.00500 +0000.00600 +0000.00700 +0000.00800 +0000.00900 +0000.01000 +0000.01100 +0000.01200 +0000.01300 +0000.01400 +0000.01500 +0000.01600 +0000.01700 +0000.01800 
+0000.01200 -1.0322e-03 -1.0361e-03 -1.0341e-03 -1.0681e-03 -1.0649e-03 -1.0388e-03 -1.0157e-03 -9.8309e-04 -9.5787e-04 -9.3325e-04 -8.5977e-04 -8.2401e-04 -7.7404e-04 -7.2806e-04 -6.9874e-04 -6.5615e-04 -6.4468e-04 -6.4529e-04 -6.3256e-04 -6.4928e-04 -6.5463e-04 -6.8363e-04 -6.9802e-04 -7.2065e-04 -7.4456e-04 -7.5456e-04 -8.0063e-04 -8.0557e-04 -8.1746e-04 -8.3436e-04 -8.4540e-04 -8.6305e-04 -8.7935e-04 -8.6971e-04 -8.3328e-04 -8.2981e-04 -7.8474e-04 
+0000.00000 -1.0322e-03 -1.0361e-03 -1.0341e-03 -1.0681e-03 -1.0649e-03 -1.0388e-03 -1.0157e-03 -9.8309e-04 -9.5787e-04 -9.3325e-04 -8.5977e-04 -8.2401e-04 -7.7404e-04 -7.2806e-04 -6.9874e-04 -6.5615e-04 -6.4468e-04 -6.4529e-04 -6.3256e-04 -6.4928e-04 -6.5463e-04 -6.8363e-04 -6.9802e-04 -7.2065e-04 -7.4456e-04 -7.5456e-04 -8.0063e-04 -8.0557e-04 -8.1746e-04 -8.3436e-04 -8.4540e-04 -8.6305e-04 -8.7935e-04 -8.6971e-04 -8.3328e-04 -8.2981e-04 -7.8474e-04 
-0000.01200 -1.0322e-03 -1.0361e-03 -1.0341e-03 -1.0681e-03 -1.0649e-03 -1.0388e-03 -1.0157e-03 -9.8309e-04 -9.5787e-04 -9.3325e-04 -8.5977e-04 -8.2401e-04 -7.7404e-04 -7.2806e-04 -6.9874e-04 -6.5615e-04 -6.4468e-04 -6.4529e-04 -6.3256e-04 -6.4928e-04 -6.5463e-04 -6.8363e-04 -6.9802e-04 -7.2065e-04 -7.4456e-04 -7.5456e-04 -8.0063e-04 -8.0557e-04 -8.1746e-04 -8.3436e-04 -8.4540e-04 -8.6305e-04 -8.7935e-04 -8.6971e-04 -8.3328e-04 -8.2981e-04 -7.8474e-04 
# Horizontal Final Position [m]
START
            -0000.01800 -0000.01700 -0000.01600 -0000.01500 -0000.01400 -0000.01300 -0000.01200 -0000.01100 -0000.01000 -0000.00900 -0000.00800 -0000.00700 -0000.00600 -0000.00500 -0000.00400 -0000.00300 -0000.00200 -0000.00100 +0000.00000 +0000.00100 +0000.00200 +0000.00300 +0000.00400 +0000.00500 +0000.00600 +0000.00700 +0000.00800 +0000.00900 +0000.01000 +0000.01100 +0000.01200 +0000.01300 +0000.01400 +0000.01500 +0000.01600 +0000.01700 +0000.01800 
+0000.01200 -1.8035e-02 -1.7038e-02 -1.6039e-02 -1.5041e-02 -1.4042e-02 -1.3043e-02 -1.2043e-02 -1.1043e-02 -1.0043e-02 -9.0418e-03 -8.0396e-03 -7.0376e-03 -6.0353e-03 -5.0327e-03 -4.0297e-03 -3.0264e-03 -2.0233e-03 -1.0199e-03 -1.6273e-05 +9.8722e-04 +1.9911e-03 +2.9948e-03 +3.9988e-03 +5.0033e-03 +6.0079e-03 +7.0126e-03 +8.0169e-03 +9.0211e-03 +1.0026e-02 +1.1030e-02 +1.2033e-02 +1.3037e-02 +1.4040e-02 +1.5042e-02 +1.6044e-02 +1.7046e-02 +1.8048e-02 
+0000.00000 -1.8035e-02 -1.7038e-02 -1.6039e-02 -1.5041e-02 -1.4042e-02 -1.3043e-02 -1.2043e-02 -1.1043e-02 -1.0043e-02 -9.0418e-03 -8.0396e-03 -7.0376e-03 -6.0353e-03 -5.0327e-03 -4.0297e-03 -3.0264e-03 -2.0233e-03 -1.0199e-03 -1.6273e-05 +9.8722e-04 +1.9911e-03 +2.9948e-03 +3.9988e-03 +5.0033e-03 +6.0079e-03 +7.0126e-03 +8.0169e-03 +9.0211e-03 +1.0026e-02 +1.1030e-02 +1.2033e-02 +1.3037e-02 +1.4040e-02 +1.5042e-02 +1.6044e-02 +1.7046e-02 +1.8048e-02 
-0000.01200 -1.8035e-02 -1.7038e-02 -1.6039e-02 -1.5041e-02 -1.4042e-02 -1.3043e-02 -1.2043e-02 -1.1043e-02 -1.0043e-02 -9.0418e-03 -8.0396e-03 -7.0376e-03 -6.0353e-03 -5.0327e-03 -4.0297e-03 -3.0264e-03 -2.0233e-03 -1.0199e-03 -1.6273e-05 +9.8722e-04 +1.9911e-03 +2.9948e-03 +3.9988e-03 +5.0033e-03 +6.0079e-03 +7.0126e-03 +8.0169e-03 +9.0211e-03 +1.0026e-02 +1.1030e-02 +1.2033e-02 +1.3037e-02 +1.4040e-02 +1.5042e-02 +1.6044e-02 +1.7046e-02 +1.8048e-02 
# Vertical Final Position [m]
START
            -0000.01800 -0000.01700 -0000.01600 -0000.01500 -0000.01400 -0000.01300 -0000.01200 -0000.01100 -0000.01000 -0000.00900 -0000.00800 -0000.00700 -0000.00600 -0000.00500 -0000.00400 -0000.00300 -0000.00200 -0000.00100 +0000.00000 +0000.00100 +0000.00200 +0000.00300 +0000.00400 +0000.00500 +0000.00600 +0000.00700 +0000.00800 +0000.00900 +0000.01000 +0000.01100 +0000.01200 +0000.01300 +0000.01400 +0000.01500 +0000.01600 +0000.01700 +0000.01800 
+0000.01200 +1.1847e-02 +1.1853e-02 +1.1859e-02 +1.1866e-02 +1.1874e-02 +1.1883e-02 +1.1892e-02 +1.1902e-02 +1.1912e-02 +1.1922e-02 +1.1933e-02 +1.1943e-02 +1.1952e-02 +1.1962e-02 +1.1970e-02 +1.1979e-02 +1.1986e-02 +1.1993e-02 +1.2000e-02 +1.2005e-02 +1.2011e-02 +1.2015e-02 +1.2020e-02 +1.2024e-02 +1.2027e-02 +1.2030e-02 +1.2032e-02 +1.2035e-02 +1.2037e-02 +1.2039e-02 +1.2040e-02 +1.2042e-02 +1.2043e-02 +1.2045e-02 +1.2047e-02 +1.2048e-02 +1.2050e-02 
+0000.00000 -1.5254e-04 -1.4699e-04 -1.4050e-04 -1.3399e-04 -1.2604e-04 -1.1717e-04 -1.0782e-04 -9.7936e-05 -8.8016e-05 -7.8089e-05 -6.7288e-05 -5.7499e-05 -4.7586e-05 -3.8236e-05 -2.9565e-05 -2.1096e-05 -1.3685e-05 -6.8954e-06 -3.3951e-07 +5.3007e-06 +1.0772e-05 +1.5256e-05 +1.9656e-05 +2.3507e-05 +2.6899e-05 +3.0128e-05 +3.2287e-05 +3.4888e-05 +3.6979e-05 +3.8857e-05 +4.0456e-05 +4.1813e-05 +4.2988e-05 +4.4529e-05 +4.6501e-05 +4.7918e-05 +5.0028e-05 
-0000.01200 -1.2153e-02 -1.2147e-02 -1.2141e-02 -1.2134e-02 -1.2126e-02 -1.2117e-02 -1.2108e-02 -1.2098e-02 -1.2088e-02 -1.2078e-02 -1.2067e-02 -1.2057e-02 -1.2048e-02 -1.2038e-02 -1.2030e-02 -1.2021e-02 -1.2014e-02 -1.2007e-02 -1.2000e-02 -1.1995e-02 -1.1989e-02 -1.1985e-02 -1.1980e-02 -1.1976e-02 -1.1973e-02 -1.1970e-02 -1.1968e-02 -1.1965e-02 -1.1963e-02 -1.1961e-02 -1.1960e-02 -1.1958e-02 -1.1957e-02 -1.1955e-02 -1.1953e-02 -1.1952e-02 -1.1950e-02 