# Author: FAC idanalysis.IDKickMap
# Termination_kicks [T2m2]: -3.6776e-04 +8.5853e-05 +5.0165e-04 +7.1054e-04 
# Total Length of Longitudinal Interval [m]
2.773
# Number of Horizontal Points
37
# Number of Vertical Points
3
# Total Horizontal 2nd Order Kick [T2m2]
START
            -0000.01800 -0000.01700 -0000.01600 -0000.01500 -0000.01400 -0000.01300 -0000.01200 -0000.01100 -0000.01000 -0000.00900 -0000.00800 -0000.00700 -0000.00600 -0000.00500 -0000.00400 -0000.00300 -0000.00200 -0000.00100 +0000.00000 +0000.00100 +0000.00200 +0000.00300 +0000.00400 +0000.00500 +0000.00600 +0000.00700 +0000.00800 +0000.00900 +0000.01000 +0000.01100 +0000.01200 +0000.01300 +0000.01400 +0000.01500 +0000.01600 +0000.01700 +0000.01800 
+0000.01200 +4.3701e-04 +4.0400e-04 +3.7194e-04 +3.4728e-04 +3.1811e-04 +2.9460e-04 +2.6097e-04 +2.5171e-04 +2.2898e-04 +2.0249e-04 +1.8045e-04 +1.5707e-04 +1.4833e-04 +1.4371e-04 +1.2886e-04 +9.8901e-05 +9.0301e-05 +8.2665e-05 +8.1737e-05 +6.5860e-05 +7.0710e-05 +8.9461e-05 +9.8299e-05 +1.2741e-04 +1.3211e-04 +1.7167e-04 +2.1431e-04 +2.4935e-04 +2.7792e-04 +3.1596e-04 +3.3793e-04 +3.4116e-04 +3.5464e-04 +3.6889e-04 +3.4180e-04 +3.3405e-04 +3.0565e-04 
+0000.00000 +4.3701e-04 +4.0400e-04 +3.7194e-04 +3.4728e-04 +3.1811e-04 +2.9460e-04 +2.6097e-04 +2.5171e-04 +2.2898e-04 +2.0249e-04 +1.8045e-04 +1.5707e-04 +1.4833e-04 +1.4371e-04 +1.2886e-04 +9.8901e-05 +9.0301e-05 +8.2665e-05 +8.1737e-05 +6.5860e-05 +7.0710e-05 +8.9461e-05 +9.8299e-05 +1.2741e-04 +1.3211e-04 +1.7167e-04 +2.1431e-04 +2.4935e-04 +2.7792e-04 +3.1596e-04 +3.3793e-04 +3.4116e-04 +3.5464e-04 +3.6889e-04 +3.4180e-04 +3.3405e-04 +3.0565e-04 
-0000.01200 +4.3701e-04 +4.0400e-04 +3.7194e-04 +3.4728e-04 +3.1811e-04 +2.9460e-04 +2.6097e-04 +2.5171e-04 +2.2898e-04 +2.0249e-04 +1.8045e-04 +1.5707e-04 +1.4833e-04 +1.4371e-04 +1.2886e-04 +9.8901e-05 +9.0301e-05 +8.2665e-05 +8.1737e-05 +6.5860e-05 +7.0710e-05 +8.9461e-05 +9.8299e-05 +1.2741e-04 +1.3211e-04 +1.7167e-04 +2.1431e-04 +2.4935e-04 +2.7792e-04 +3.1596e-04 +3.3793e-04 +3.4116e-04 +3.5464e-04 +3.6889e-04 +3.4180e-04 +3.3405e-04 +3.0565e-04 
# Total Vertical 2nd Order Kick [T2m2]
START
            -0000.01800 -0000.01700 -0000.01600 -0000.01500 -0000.01400 -0000.01300 -0000.01200 -0000.01100 -0000.01000 -0000.00900 -0000.00800 -0000.00700 -0000.00600 -0000.00500 -0000.00400 -0000.00300 -0000.00200 -0000.00100 +0000.00000 +0000.00100 +0000.00200 +0000.00300 +0000.00400 +0000.00500 +0000.00600 +0000.00700 +0000.00800 +0000.00900 +0000.01000 +0000.01100 +0000.01200 +0000.01300 +0000.01400 +0000.01500 +0000.01600 +0000.01700 +0000.01800 
+0000.01200 -1.0490e-03 -1.0452e-03 -1.0326e-03 -1.0437e-03 -1.0349e-03 -1.0148e-03 -9.9984e-04 -9.7068e-04 -9.4006e-04 -9.2291e-04 -8.7960e-04 -8.5141e-04 -8.3414e-04 -8.1679e-04 -7.7434e-04 -7.4681e-04 -7.2917e-04 -7.1106e-04 -7.1154e-04 -7.1052e-04 -7.0739e-04 -7.2627e-04 -7.2944e-04 -7.4785e-04 -7.4720e-04 -7.8612e-04 -7.9731e-04 -8.1457e-04 -8.2595e-04 -8.2281e-04 -8.3737e-04 -8.3365e-04 -8.2752e-04 -8.0236e-04 -7.8347e-04 -7.4992e-04 -7.0586e-04 
+0000.00000 -1.0490e-03 -1.0452e-03 -1.0326e-03 -1.0437e-03 -1.0349e-03 -1.0148e-03 -9.9984e-04 -9.7068e-04 -9.4006e-04 -9.2291e-04 -8.7960e-04 -8.5141e-04 -8.3414e-04 -8.1679e-04 -7.7434e-04 -7.4681e-04 -7.2917e-04 -7.1106e-04 -7.1154e-04 -7.1052e-04 -7.0739e-04 -7.2627e-04 -7.2944e-04 -7.4785e-04 -7.4720e-04 -7.8612e-04 -7.9731e-04 -8.1457e-04 -8.2595e-04 -8.2281e-04 -8.3737e-04 -8.3365e-04 -8.2752e-04 -8.0236e-04 -7.8347e-04 -7.4992e-04 -7.0586e-04 
-0000.01200 -1.0490e-03 -1.0452e-03 -1.0326e-03 -1.0437e-03 -1.0349e-03 -1.0148e-03 -9.9984e-04 -9.7068e-04 -9.4006e-04 -9.2291e-04 -8.7960e-04 -8.5141e-04 -8.3414e-04 -8.1679e-04 -7.7434e-04 -7.4681e-04 -7.2917e-04 -7.1106e-04 -7.1154e-04 -7.1052e-04 -7.0739e-04 -7.2627e-04 -7.2944e-04 -7.4785e-04 -7.4720e-04 -7.8612e-04 -7.9731e-04 -8.1457e-04 -8.2595e-04 -8.2281e-04 -8.3737e-04 -8.3365e-04 -8.2752e-04 -8.0236e-04 -7.8347e-04 -7.4992e-04 -7.0586e-04 
# Horizontal Final Position [m]
START
            -0000.01800 -0000.01700 -0000.01600 -0000.01500 -0000.01400 -0000.01300 -0000.01200 -0000.01100 -0000.01000 -0000.00900 -0000.00800 -0000.00700 -0000.00600 -0000.00500 -0000.00400 -0000.00300 -0000.00200 -0000.00100 +0000.00000 +0000.00100 +0000.00200 +0000.00300 +0000.00400 +0000.00500 +0000.00600 +0000.00700 +0000.00800 +0000.00900 +0000.01000 +0000.01100 +0000.01200 +0000.01300 +0000.01400 +0000.01500 +0000.01600 +0000.01700 +0000.01800 
+0000.01200 -1.8028e-02 -1.7029e-02 -1.6031e-02 -1.5032e-02 -1.4033e-02 -1.3033e-02 -1.2034e-02 -1.1033e-02 -1.0033e-02 -9.0318e-03 -8.0304e-03 -7.0287e-03 -6.0266e-03 -5.0240e-03 -4.0213e-03 -3.0189e-03 -2.0159e-03 -1.0128e-03 -9.5313e-06 +9.9350e-04 +1.9969e-03 +3.0006e-03 +4.0041e-03 +5.0079e-03 +6.0111e-03 +7.0151e-03 +8.0189e-03 +9.0226e-03 +1.0026e-02 +1.1030e-02 +1.2033e-02 +1.3035e-02 +1.4038e-02 +1.5041e-02 +1.6043e-02 +1.7045e-02 +1.8046e-02 
+0000.00000 -1.8028e-02 -1.7029e-02 -1.6031e-02 -1.5032e-02 -1.4033e-02 -1.3033e-02 -1.2034e-02 -1.1033e-02 -1.0033e-02 -9.0318e-03 -8.0304e-03 -7.0287e-03 -6.0266e-03 -5.0240e-03 -4.0213e-03 -3.0189e-03 -2.0159e-03 -1.0128e-03 -9.5313e-06 +9.9350e-04 +1.9969e-03 +3.0006e-03 +4.0041e-03 +5.0079e-03 +6.0111e-03 +7.0151e-03 +8.0189e-03 +9.0226e-03 +1.0026e-02 +1.1030e-02 +1.2033e-02 +1.3035e-02 +1.4038e-02 +1.5041e-02 +1.6043e-02 +1.7045e-02 +1.8046e-02 
-0000.01200 -1.8028e-02 -1.7029e-02 -1.6031e-02 -1.5032e-02 -1.4033e-02 -1.3033e-02 -1.2034e-02 -1.1033e-02 -1.0033e-02 -9.0318e-03 -8.0304e-03 -7.0287e-03 -6.0266e-03 -5.0240e-03 -4.0213e-03 -3.0189e-03 -2.0159e-03 -1.0128e-03 -9.5313e-06 +9.9350e-04 +1.9969e-03 +3.0006e-03 +4.0041e-03 +5.0079e-03 +6.0111e-03 +7.0151e-03 +8.0189e-03 +9.0226e-03 +1.0026e-02 +1.1030e-02 +1.2033e-02 +1.3035e-02 +1.4038e-02 +1.5041e-02 +1.6043e-02 +1.7045e-02 +1.8046e-02 
# Vertical Final Position [m]
START
            -0000.01800 -0000.01700 -0000.01600 -0000.01500 -0000.01400 -0000.01300 -0000.01200 -0000.01100 -0000.01000 -0000.00900 -0000.00800 -0000.00700 -0000.00600 -0000.00500 -0000.00400 -0000.00300 -0000.00200 -0000.00100 +0000.00000 +0000.00100 +0000.00200 +0000.00300 +0000.00400 +0000.00500 +0000.00600 +0000.00700 +0000.00800 +0000.00900 +0000.01000 +0000.01100 +0000.01200 +0000.01300 +0000.01400 +0000.01500 +0000.01600 +0000.01700 +0000.01800 
+0000.01200 +1.1861e-02 +1.1866e-02 +1.1872e-02 +1.1878e-02 +1.1885e-02 +1.1892e-02 +1.1900e-02 +1.1908e-02 +1.1917e-02 +1.1925e-02 +1.1934e-02 +1.1943e-02 +1.1951e-02 +1.1958e-02 +1.1966e-02 +1.1974e-02 +1.1981e-02 +1.1987e-02 +1.1993e-02 +1.1999e-02 +1.2004e-02 +1.2008e-02 +1.2013e-02 +1.2016e-02 +1.2020e-02 +1.2023e-02 +1.2026e-02 +1.2028e-02 +1.2031e-02 +1.2033e-02 +1.2035e-02 +1.2037e-02 +1.2039e-02 +1.2041e-02 +1.2043e-02 +1.2045e-02 +1.2047e-02 
+0000.00000 -1.3868e-04 -1.3363e-04 -1.2783e-04 -1.2185e-04 -1.1504e-04 -1.0752e-04 -9.9763e-05 -9.1562e-05 -8.2943e-05 -7.4647e-05 -6.5936e-05 -5.7398e-05 -4.9464e-05 -4.1619e-05 -3.3642e-05 -2.6161e-05 -1.9341e-05 -1.2800e-05 -7.0427e-06 -1.4119e-06 +3.8576e-06 +8.2973e-06 +1.2683e-05 +1.6431e-05 +2.0243e-05 +2.2943e-05 +2.5831e-05 +2.8277e-05 +3.0586e-05 +3.2979e-05 +3.4849e-05 +3.6734e-05 +3.8667e-05 +4.0718e-05 +4.2640e-05 +4.4729e-05 +4.6949e-05 
-0000.01200 -1.2139e-02 -1.2134e-02 -1.2128e-02 -1.2122e-02 -1.2115e-02 -1.2108e-02 -1.2100e-02 -1.2092e-02 -1.2083e-02 -1.2075e-02 -1.2066e-02 -1.2057e-02 -1.2049e-02 -1.2042e-02 -1.2034e-02 -1.2026e-02 -1.2019e-02 -1.2013e-02 -1.2007e-02 -1.2001e-02 -1.1996e-02 -1.1992e-02 -1.1987e-02 -1.1984e-02 -1.1980e-02 -1.1977e-02 -1.1974e-02 -1.1972e-02 -1.1969e-02 -1.1967e-02 -1.1965e-02 -1.1963e-02 -1.1961e-02 -1.1959e-02 -1.1957e-02 -1.1955e-02 -1.1953e-02 