# Author: FAC idanalysis.IDKickMap
# Termination_kicks [T2m2]: -4.2517e-04 +2.2155e-05 +3.1532e-04 +2.1876e-04 
# Total Length of Longitudinal Interval [m]
2.773
# Number of Horizontal Points
37
# Number of Vertical Points
3
# Total Horizontal 2nd Order Kick [T2m2]
START
            -0000.01800 -0000.01700 -0000.01600 -0000.01500 -0000.01400 -0000.01300 -0000.01200 -0000.01100 -0000.01000 -0000.00900 -0000.00800 -0000.00700 -0000.00600 -0000.00500 -0000.00400 -0000.00300 -0000.00200 -0000.00100 +0000.00000 +0000.00100 +0000.00200 +0000.00300 +0000.00400 +0000.00500 +0000.00600 +0000.00700 +0000.00800 +0000.00900 +0000.01000 +0000.01100 +0000.01200 +0000.01300 +0000.01400 +0000.01500 +0000.01600 +0000.01700 +0000.01800 
+0000.01200 +4.5782e-04 +4.2088e-04 +3.8711e-04 +3.5639e-04 +3.0433e-04 +2.7687e-04 +2.3399e-04 +1.9229e-04 +1.6613e-04 +1.0753e-04 +8.8727e-05 +5.1483e-05 +2.0427e-05 +1.1250e-05 +6.8317e-06 +2.8652e-05 +6.6778e-05 +1.2616e-04 +1.6015e-04 +2.3321e-04 +2.9702e-04 +3.7764e-04 +4.4720e-04 +5.0754e-04 +5.6382e-04 +6.2649e-04 +6.9815e-04 +7.4775e-04 +7.9309e-04 +7.8732e-04 +8.2024e-04 +8.2849e-04 +8.1787e-04 +7.9713e-04 +7.7340e-04 +7.0551e-04 +6.7183e-04 
+0000.00000 +4.5782e-04 +4.2088e-04 +3.8711e-04 +3.5639e-04 +3.0433e-04 +2.7687e-04 +2.3399e-04 +1.9229e-04 +1.6613e-04 +1.0753e-04 +8.8727e-05 +5.1483e-05 +2.0427e-05 +1.1250e-05 +6.8317e-06 +2.8652e-05 +6.6778e-05 +1.2616e-04 +1.6015e-04 +2.3321e-04 +2.9702e-04 +3.7764e-04 +4.4720e-04 +5.0754e-04 +5.6382e-04 +6.2649e-04 +6.9815e-04 +7.4775e-04 +7.9309e-04 +7.8732e-04 +8.2024e-04 +8.2849e-04 +8.1787e-04 +7.9713e-04 +7.7340e-04 +7.0551e-04 +6.7183e-04 
-0000.01200 +4.5782e-04 +4.2088e-04 +3.8711e-04 +3.5639e-04 +3.0433e-04 +2.7687e-04 +2.3399e-04 +1.9229e-04 +1.6613e-04 +1.0753e-04 +8.8727e-05 +5.1483e-05 +2.0427e-05 +1.1250e-05 +6.8317e-06 +2.8652e-05 +6.6778e-05 +1.2616e-04 +1.6015e-04 +2.3321e-04 +2.9702e-04 +3.7764e-04 +4.4720e-04 +5.0754e-04 +5.6382e-04 +6.2649e-04 +6.9815e-04 +7.4775e-04 +7.9309e-04 +7.8732e-04 +8.2024e-04 +8.2849e-04 +8.1787e-04 +7.9713e-04 +7.7340e-04 +7.0551e-04 +6.7183e-04 
# Total Vertical 2nd Order Kick [T2m2]
START
            -0000.01800 -0000.01700 -0000.01600 -0000.01500 -0000.01400 -0000.01300 -0000.01200 -0000.01100 -0000.01000 -0000.00900 -0000.00800 -0000.00700 -0000.00600 -0000.00500 -0000.00400 -0000.00300 -0000.00200 -0000.00100 +0000.00000 +0000.00100 +0000.00200 +0000.00300 +0000.00400 +0000.00500 +0000.00600 +0000.00700 +0000.00800 +0000.00900 +0000.01000 +0000.01100 +0000.01200 +0000.01300 +0000.01400 +0000.01500 +0000.01600 +0000.01700 +0000.01800 
+0000.01200 -6.5175e-04 -6.8896e-04 -7.3250e-04 -7.7068e-04 -8.1342e-04 -8.3398e-04 -8.4982e-04 -8.4846e-04 -8.4441e-04 -8.2201e-04 -7.9822e-04 -7.7764e-04 -7.2368e-04 -7.0099e-04 -6.6880e-04 -6.6152e-04 -6.3079e-04 -5.9884e-04 -5.8016e-04 -5.7154e-04 -5.6820e-04 -5.6684e-04 -5.5367e-04 -5.6652e-04 -5.6340e-04 -5.7149e-04 -5.7087e-04 -5.9142e-04 -6.0019e-04 -6.0277e-04 -6.2088e-04 -5.9972e-04 -5.7754e-04 -5.5666e-04 -5.2090e-04 -4.8179e-04 -4.2578e-04 
+0000.00000 -6.5175e-04 -6.8896e-04 -7.3250e-04 -7.7068e-04 -8.1342e-04 -8.3398e-04 -8.4982e-04 -8.4846e-04 -8.4441e-04 -8.2201e-04 -7.9822e-04 -7.7764e-04 -7.2368e-04 -7.0099e-04 -6.6880e-04 -6.6152e-04 -6.3079e-04 -5.9884e-04 -5.8016e-04 -5.7154e-04 -5.6820e-04 -5.6684e-04 -5.5367e-04 -5.6652e-04 -5.6340e-04 -5.7149e-04 -5.7087e-04 -5.9142e-04 -6.0019e-04 -6.0277e-04 -6.2088e-04 -5.9972e-04 -5.7754e-04 -5.5666e-04 -5.2090e-04 -4.8179e-04 -4.2578e-04 
-0000.01200 -6.5175e-04 -6.8896e-04 -7.3250e-04 -7.7068e-04 -8.1342e-04 -8.3398e-04 -8.4982e-04 -8.4846e-04 -8.4441e-04 -8.2201e-04 -7.9822e-04 -7.7764e-04 -7.2368e-04 -7.0099e-04 -6.6880e-04 -6.6152e-04 -6.3079e-04 -5.9884e-04 -5.8016e-04 -5.7154e-04 -5.6820e-04 -5.6684e-04 -5.5367e-04 -5.6652e-04 -5.6340e-04 -5.7149e-04 -5.7087e-04 -5.9142e-04 -6.0019e-04 -6.0277e-04 -6.2088e-04 -5.9972e-04 -5.7754e-04 -5.5666e-04 -5.2090e-04 -4.8179e-04 -4.2578e-04 
# Horizontal Final Position [m]
START
            -0000.01800 -0000.01700 -0000.01600 -0000.01500 -0000.01400 -0000.01300 -0000.01200 -0000.01100 -0000.01000 -0000.00900 -0000.00800 -0000.00700 -0000.00600 -0000.00500 -0000.00400 -0000.00300 -0000.00200 -0000.00100 +0000.00000 +0000.00100 +0000.00200 +0000.00300 +0000.00400 +0000.00500 +0000.00600 +0000.00700 +0000.00800 +0000.00900 +0000.01000 +0000.01100 +0000.01200 +0000.01300 +0000.01400 +0000.01500 +0000.01600 +0000.01700 +0000.01800 
+0000.01200 -1.8041e-02 -1.7043e-02 -1.6045e-02 -1.5047e-02 -1.4049e-02 -1.3050e-02 -1.2051e-02 -1.1051e-02 -1.0050e-02 -9.0495e-03 -8.0474e-03 -7.0452e-03 -6.0422e-03 -5.0382e-03 -4.0338e-03 -3.0287e-03 -2.0229e-03 -1.0166e-03 -1.0668e-05 +9.9582e-04 +2.0020e-03 +3.0082e-03 +4.0141e-03 +5.0194e-03 +6.0242e-03 +7.0289e-03 +8.0334e-03 +9.0372e-03 +1.0041e-02 +1.1043e-02 +1.2046e-02 +1.3049e-02 +1.4050e-02 +1.5052e-02 +1.6053e-02 +1.7054e-02 +1.8055e-02 
+0000.00000 -1.8041e-02 -1.7043e-02 -1.6045e-02 -1.5047e-02 -1.4049e-02 -1.3050e-02 -1.2051e-02 -1.1051e-02 -1.0050e-02 -9.0495e-03 -8.0474e-03 -7.0452e-03 -6.0422e-03 -5.0382e-03 -4.0338e-03 -3.0287e-03 -2.0229e-03 -1.0166e-03 -1.0668e-05 +9.9582e-04 +2.0020e-03 +3.0082e-03 +4.0141e-03 +5.0194e-03 +6.0242e-03 +7.0289e-03 +8.0334e-03 +9.0372e-03 +1.0041e-02 +1.1043e-02 +1.2046e-02 +1.3049e-02 +1.4050e-02 +1.5052e-02 +1.6053e-02 +1.7054e-02 +1.8055e-02 
-0000.01200 -1.8041e-02 -1.7043e-02 -1.6045e-02 -1.5047e-02 -1.4049e-02 -1.3050e-02 -1.2051e-02 -1.1051e-02 -1.0050e-02 -9.0495e-03 -8.0474e-03 -7.0452e-03 -6.0422e-03 -5.0382e-03 -4.0338e-03 -3.0287e-03 -2.0229e-03 -1.0166e-03 -1.0668e-05 +9.9582e-04 +2.0020e-03 +3.0082e-03 +4.0141e-03 +5.0194e-03 +6.0242e-03 +7.0289e-03 +8.0334e-03 +9.0372e-03 +1.0041e-02 +1.1043e-02 +1.2046e-02 +1.3049e-02 +1.4050e-02 +1.5052e-02 +1.6053e-02 +1.7054e-02 +1.8055e-02 
# Vertical Final Position [m]
START
            -0000.01800 -0000.01700 -0000.01600 -0000.01500 -0000.01400 -0000.01300 -0000.01200 -0000.01100 -0000.01000 -0000.00900 -0000.00800 -0000.00700 -0000.00600 -0000.00500 -0000.00400 -0000.00300 -0000.00200 -0000.00100 +0000.00000 +0000.00100 +0000.00200 +0000.00300 +0000.00400 +0000.00500 +0000.00600 +0000.00700 +0000.00800 +0000.00900 +0000.01000 +0000.01100 +0000.01200 +0000.01300 +0000.01400 +0000.01500 +0000.01600 +0000.01700 +0000.01800 
+0000.01200 +1.1843e-02 +1.1848e-02 +1.1853e-02 +1.1860e-02 +1.1867e-02 +1.1875e-02 +1.1884e-02 +1.1893e-02 +1.1903e-02 +1.1913e-02 +1.1923e-02 +1.1933e-02 +1.1943e-02 +1.1952e-02 +1.1961e-02 +1.1969e-02 +1.1977e-02 +1.1985e-02 +1.1991e-02 +1.1998e-02 +1.2003e-02 +1.2008e-02 +1.2013e-02 +1.2017e-02 +1.2021e-02 +1.2024e-02 +1.2027e-02 +1.2029e-02 +1.2031e-02 +1.2033e-02 +1.2034e-02 +1.2036e-02 +1.2038e-02 +1.2040e-02 +1.2042e-02 +1.2044e-02 +1.2046e-02 
+0000.00000 -1.5713e-04 -1.5218e-04 -1.4653e-04 -1.4007e-04 -1.3291e-04 -1.2483e-04 -1.1620e-04 -1.0679e-04 -9.7060e-05 -8.7036e-05 -7.6964e-05 -6.7101e-05 -5.6963e-05 -4.7748e-05 -3.8835e-05 -3.0816e-05 -2.2883e-05 -1.5353e-05 -8.5538e-06 -2.4684e-06 +3.1096e-06 +8.1690e-06 +1.3033e-05 +1.6959e-05 +2.0691e-05 +2.3835e-05 +2.6739e-05 +2.8932e-05 +3.1016e-05 +3.2983e-05 +3.4385e-05 +3.6344e-05 +3.8117e-05 +3.9865e-05 +4.1782e-05 +4.3756e-05 +4.5963e-05 
-0000.01200 -1.2157e-02 -1.2152e-02 -1.2147e-02 -1.2140e-02 -1.2133e-02 -1.2125e-02 -1.2116e-02 -1.2107e-02 -1.2097e-02 -1.2087e-02 -1.2077e-02 -1.2067e-02 -1.2057e-02 -1.2048e-02 -1.2039e-02 -1.2031e-02 -1.2023e-02 -1.2015e-02 -1.2009e-02 -1.2002e-02 -1.1997e-02 -1.1992e-02 -1.1987e-02 -1.1983e-02 -1.1979e-02 -1.1976e-02 -1.1973e-02 -1.1971e-02 -1.1969e-02 -1.1967e-02 -1.1966e-02 -1.1964e-02 -1.1962e-02 -1.1960e-02 -1.1958e-02 -1.1956e-02 -1.1954e-02 