# Author: FAC idanalysis.IDKickMap
# Termination_kicks [T2m2]: -3.3752e-04 +5.3172e-04 +4.3731e-04 +8.9971e-04 
# Total Length of Longitudinal Interval [m]
2.77
# Number of Horizontal Points
37
# Number of Vertical Points
3
# Total Horizontal 2nd Order Kick [T2m2]
START
            -0000.01800 -0000.01700 -0000.01600 -0000.01500 -0000.01400 -0000.01300 -0000.01200 -0000.01100 -0000.01000 -0000.00900 -0000.00800 -0000.00700 -0000.00600 -0000.00500 -0000.00400 -0000.00300 -0000.00200 -0000.00100 +0000.00000 +0000.00100 +0000.00200 +0000.00300 +0000.00400 +0000.00500 +0000.00600 +0000.00700 +0000.00800 +0000.00900 +0000.01000 +0000.01100 +0000.01200 +0000.01300 +0000.01400 +0000.01500 +0000.01600 +0000.01700 +0000.01800 
+0000.01200 +3.8666e-04 +3.6365e-04 +3.0380e-04 +2.5234e-04 +1.9371e-04 +1.6236e-04 +1.0399e-04 +9.4843e-05 +6.2663e-05 +1.6349e-05 -1.6010e-05 -5.5731e-05 -7.1023e-05 -9.7096e-05 -1.0074e-04 -9.8037e-05 -8.8470e-05 -8.4117e-05 -7.2941e-05 -3.4269e-05 -6.7164e-06 +2.2187e-05 +5.6242e-05 +8.1656e-05 +1.2945e-04 +1.8338e-04 +2.2799e-04 +2.6941e-04 +2.8656e-04 +3.3914e-04 +3.7237e-04 +4.0786e-04 +3.9663e-04 +3.9746e-04 +3.8862e-04 +3.6963e-04 +3.6717e-04 
+0000.00000 +3.8666e-04 +3.6365e-04 +3.0380e-04 +2.5234e-04 +1.9371e-04 +1.6236e-04 +1.0399e-04 +9.4843e-05 +6.2663e-05 +1.6349e-05 -1.6010e-05 -5.5731e-05 -7.1023e-05 -9.7096e-05 -1.0074e-04 -9.8037e-05 -8.8470e-05 -8.4117e-05 -7.2941e-05 -3.4269e-05 -6.7164e-06 +2.2187e-05 +5.6242e-05 +8.1656e-05 +1.2945e-04 +1.8338e-04 +2.2799e-04 +2.6941e-04 +2.8656e-04 +3.3914e-04 +3.7237e-04 +4.0786e-04 +3.9663e-04 +3.9746e-04 +3.8862e-04 +3.6963e-04 +3.6717e-04 
-0000.01200 +3.8666e-04 +3.6365e-04 +3.0380e-04 +2.5234e-04 +1.9371e-04 +1.6236e-04 +1.0399e-04 +9.4843e-05 +6.2663e-05 +1.6349e-05 -1.6010e-05 -5.5731e-05 -7.1023e-05 -9.7096e-05 -1.0074e-04 -9.8037e-05 -8.8470e-05 -8.4117e-05 -7.2941e-05 -3.4269e-05 -6.7164e-06 +2.2187e-05 +5.6242e-05 +8.1656e-05 +1.2945e-04 +1.8338e-04 +2.2799e-04 +2.6941e-04 +2.8656e-04 +3.3914e-04 +3.7237e-04 +4.0786e-04 +3.9663e-04 +3.9746e-04 +3.8862e-04 +3.6963e-04 +3.6717e-04 
# Total Vertical 2nd Order Kick [T2m2]
START
            -0000.01800 -0000.01700 -0000.01600 -0000.01500 -0000.01400 -0000.01300 -0000.01200 -0000.01100 -0000.01000 -0000.00900 -0000.00800 -0000.00700 -0000.00600 -0000.00500 -0000.00400 -0000.00300 -0000.00200 -0000.00100 +0000.00000 +0000.00100 +0000.00200 +0000.00300 +0000.00400 +0000.00500 +0000.00600 +0000.00700 +0000.00800 +0000.00900 +0000.01000 +0000.01100 +0000.01200 +0000.01300 +0000.01400 +0000.01500 +0000.01600 +0000.01700 +0000.01800 
+0000.01200 -1.4562e-03 -1.4026e-03 -1.3402e-03 -1.2788e-03 -1.2258e-03 -1.1472e-03 -1.0597e-03 -9.9622e-04 -8.9673e-04 -7.9450e-04 -6.8786e-04 -5.6916e-04 -4.6722e-04 -3.6343e-04 -2.5528e-04 -1.6405e-04 -1.2144e-04 -8.7580e-05 -2.7939e-05 -1.0232e-05 -2.1169e-05 -4.2168e-05 -9.8928e-05 -1.5528e-04 -1.9874e-04 -2.7669e-04 -3.4040e-04 -4.2483e-04 -5.1017e-04 -5.6206e-04 -6.4246e-04 -6.9769e-04 -7.5172e-04 -7.8389e-04 -8.2742e-04 -8.5768e-04 -8.7528e-04 
+0000.00000 -1.4562e-03 -1.4026e-03 -1.3402e-03 -1.2788e-03 -1.2258e-03 -1.1472e-03 -1.0597e-03 -9.9622e-04 -8.9673e-04 -7.9450e-04 -6.8786e-04 -5.6916e-04 -4.6722e-04 -3.6343e-04 -2.5528e-04 -1.6405e-04 -1.2144e-04 -8.7580e-05 -2.7939e-05 -1.0232e-05 -2.1169e-05 -4.2168e-05 -9.8928e-05 -1.5528e-04 -1.9874e-04 -2.7669e-04 -3.4040e-04 -4.2483e-04 -5.1017e-04 -5.6206e-04 -6.4246e-04 -6.9769e-04 -7.5172e-04 -7.8389e-04 -8.2742e-04 -8.5768e-04 -8.7528e-04 
-0000.01200 -1.4562e-03 -1.4026e-03 -1.3402e-03 -1.2788e-03 -1.2258e-03 -1.1472e-03 -1.0597e-03 -9.9622e-04 -8.9673e-04 -7.9450e-04 -6.8786e-04 -5.6916e-04 -4.6722e-04 -3.6343e-04 -2.5528e-04 -1.6405e-04 -1.2144e-04 -8.7580e-05 -2.7939e-05 -1.0232e-05 -2.1169e-05 -4.2168e-05 -9.8928e-05 -1.5528e-04 -1.9874e-04 -2.7669e-04 -3.4040e-04 -4.2483e-04 -5.1017e-04 -5.6206e-04 -6.4246e-04 -6.9769e-04 -7.5172e-04 -7.8389e-04 -8.2742e-04 -8.5768e-04 -8.7528e-04 
# Horizontal Final Position [m]
START
            -0000.01800 -0000.01700 -0000.01600 -0000.01500 -0000.01400 -0000.01300 -0000.01200 -0000.01100 -0000.01000 -0000.00900 -0000.00800 -0000.00700 -0000.00600 -0000.00500 -0000.00400 -0000.00300 -0000.00200 -0000.00100 +0000.00000 +0000.00100 +0000.00200 +0000.00300 +0000.00400 +0000.00500 +0000.00600 +0000.00700 +0000.00800 +0000.00900 +0000.01000 +0000.01100 +0000.01200 +0000.01300 +0000.01400 +0000.01500 +0000.01600 +0000.01700 +0000.01800 
+0000.01200 -1.8030e-02 -1.7032e-02 -1.6034e-02 -1.5035e-02 -1.4037e-02 -1.3037e-02 -1.2038e-02 -1.1038e-02 -1.0037e-02 -9.0368e-03 -8.0355e-03 -7.0341e-03 -6.0317e-03 -5.0293e-03 -4.0262e-03 -3.0228e-03 -2.0191e-03 -1.0153e-03 -1.1409e-05 +9.9306e-04 +1.9974e-03 +3.0016e-03 +4.0059e-03 +5.0098e-03 +6.0140e-03 +7.0184e-03 +8.0223e-03 +9.0260e-03 +1.0029e-02 +1.1033e-02 +1.2036e-02 +1.3039e-02 +1.4041e-02 +1.5043e-02 +1.6045e-02 +1.7047e-02 +1.8048e-02 
+0000.00000 -1.8030e-02 -1.7032e-02 -1.6034e-02 -1.5035e-02 -1.4037e-02 -1.3037e-02 -1.2038e-02 -1.1038e-02 -1.0037e-02 -9.0368e-03 -8.0355e-03 -7.0341e-03 -6.0317e-03 -5.0293e-03 -4.0262e-03 -3.0228e-03 -2.0191e-03 -1.0153e-03 -1.1409e-05 +9.9306e-04 +1.9974e-03 +3.0016e-03 +4.0059e-03 +5.0098e-03 +6.0140e-03 +7.0184e-03 +8.0223e-03 +9.0260e-03 +1.0029e-02 +1.1033e-02 +1.2036e-02 +1.3039e-02 +1.4041e-02 +1.5043e-02 +1.6045e-02 +1.7047e-02 +1.8048e-02 
-0000.01200 -1.8030e-02 -1.7032e-02 -1.6034e-02 -1.5035e-02 -1.4037e-02 -1.3037e-02 -1.2038e-02 -1.1038e-02 -1.0037e-02 -9.0368e-03 -8.0355e-03 -7.0341e-03 -6.0317e-03 -5.0293e-03 -4.0262e-03 -3.0228e-03 -2.0191e-03 -1.0153e-03 -1.1409e-05 +9.9306e-04 +1.9974e-03 +3.0016e-03 +4.0059e-03 +5.0098e-03 +6.0140e-03 +7.0184e-03 +8.0223e-03 +9.0260e-03 +1.0029e-02 +1.1033e-02 +1.2036e-02 +1.3039e-02 +1.4041e-02 +1.5043e-02 +1.6045e-02 +1.7047e-02 +1.8048e-02 
# Vertical Final Position [m]
START
            -0000.01800 -0000.01700 -0000.01600 -0000.01500 -0000.01400 -0000.01300 -0000.01200 -0000.01100 -0000.01000 -0000.00900 -0000.00800 -0000.00700 -0000.00600 -0000.00500 -0000.00400 -0000.00300 -0000.00200 -0000.00100 +0000.00000 +0000.00100 +0000.00200 +0000.00300 +0000.00400 +0000.00500 +0000.00600 +0000.00700 +0000.00800 +0000.00900 +0000.01000 +0000.01100 +0000.01200 +0000.01300 +0000.01400 +0000.01500 +0000.01600 +0000.01700 +0000.01800 
+0000.01200 +1.1866e-02 +1.1872e-02 +1.1879e-02 +1.1886e-02 +1.1894e-02 +1.1902e-02 +1.1911e-02 +1.1921e-02 +1.1930e-02 +1.1940e-02 +1.1951e-02 +1.1961e-02 +1.1971e-02 +1.1980e-02 +1.1990e-02 +1.1998e-02 +1.2006e-02 +1.2013e-02 +1.2020e-02 +1.2026e-02 +1.2030e-02 +1.2035e-02 +1.2038e-02 +1.2041e-02 +1.2044e-02 +1.2045e-02 +1.2047e-02 +1.2048e-02 +1.2049e-02 +1.2050e-02 +1.2051e-02 +1.2052e-02 +1.2052e-02 +1.2053e-02 +1.2054e-02 +1.2055e-02 +1.2056e-02 
+0000.00000 -1.3405e-04 -1.2806e-04 -1.2135e-04 -1.1395e-04 -1.0629e-04 -9.7675e-05 -8.8557e-05 -7.9422e-05 -6.9517e-05 -5.9515e-05 -4.9336e-05 -3.9154e-05 -2.9230e-05 -1.9734e-05 -1.0434e-05 -1.6155e-06 +5.7961e-06 +1.2731e-05 +1.9713e-05 +2.5527e-05 +3.0400e-05 +3.4740e-05 +3.8017e-05 +4.0929e-05 +4.3675e-05 +4.5456e-05 +4.7199e-05 +4.8394e-05 +4.9180e-05 +5.0307e-05 +5.0891e-05 +5.1686e-05 +5.2289e-05 +5.3313e-05 +5.4018e-05 +5.4836e-05 +5.5987e-05 
-0000.01200 -1.2134e-02 -1.2128e-02 -1.2121e-02 -1.2114e-02 -1.2106e-02 -1.2098e-02 -1.2089e-02 -1.2079e-02 -1.2070e-02 -1.2060e-02 -1.2049e-02 -1.2039e-02 -1.2029e-02 -1.2020e-02 -1.2010e-02 -1.2002e-02 -1.1994e-02 -1.1987e-02 -1.1980e-02 -1.1974e-02 -1.1970e-02 -1.1965e-02 -1.1962e-02 -1.1959e-02 -1.1956e-02 -1.1955e-02 -1.1953e-02 -1.1952e-02 -1.1951e-02 -1.1950e-02 -1.1949e-02 -1.1948e-02 -1.1948e-02 -1.1947e-02 -1.1946e-02 -1.1945e-02 -1.1944e-02 