# Author: FAC idanalysis.IDKickMap
# Termination_kicks [T2m2]: -5.4965e-04 +7.7371e-04 +3.2452e-04 +8.0774e-04 
# Total Length of Longitudinal Interval [m]
2.77
# Number of Horizontal Points
37
# Number of Vertical Points
3
# Total Horizontal 2nd Order Kick [T2m2]
START
            -0000.01800 -0000.01700 -0000.01600 -0000.01500 -0000.01400 -0000.01300 -0000.01200 -0000.01100 -0000.01000 -0000.00900 -0000.00800 -0000.00700 -0000.00600 -0000.00500 -0000.00400 -0000.00300 -0000.00200 -0000.00100 +0000.00000 +0000.00100 +0000.00200 +0000.00300 +0000.00400 +0000.00500 +0000.00600 +0000.00700 +0000.00800 +0000.00900 +0000.01000 +0000.01100 +0000.01200 +0000.01300 +0000.01400 +0000.01500 +0000.01600 +0000.01700 +0000.01800 
+0000.01200 +5.9407e-04 +5.6122e-04 +5.1594e-04 +4.7867e-04 +4.5281e-04 +3.8154e-04 +3.3699e-04 +2.6550e-04 +2.3518e-04 +2.1611e-04 +1.6119e-04 +1.4138e-04 +1.2100e-04 +8.9330e-05 +6.2733e-05 +6.2189e-05 +6.2772e-05 +6.1606e-05 +7.7437e-05 +8.4843e-05 +1.1455e-04 +1.5415e-04 +1.9580e-04 +2.5816e-04 +3.0627e-04 +3.6872e-04 +4.1052e-04 +4.5956e-04 +5.2875e-04 +5.6205e-04 +6.1547e-04 +6.4029e-04 +6.6001e-04 +6.6565e-04 +6.6269e-04 +6.3516e-04 +5.9240e-04 
+0000.00000 +5.9407e-04 +5.6122e-04 +5.1594e-04 +4.7867e-04 +4.5281e-04 +3.8154e-04 +3.3699e-04 +2.6550e-04 +2.3518e-04 +2.1611e-04 +1.6119e-04 +1.4138e-04 +1.2100e-04 +8.9330e-05 +6.2733e-05 +6.2189e-05 +6.2772e-05 +6.1606e-05 +7.7437e-05 +8.4843e-05 +1.1455e-04 +1.5415e-04 +1.9580e-04 +2.5816e-04 +3.0627e-04 +3.6872e-04 +4.1052e-04 +4.5956e-04 +5.2875e-04 +5.6205e-04 +6.1547e-04 +6.4029e-04 +6.6001e-04 +6.6565e-04 +6.6269e-04 +6.3516e-04 +5.9240e-04 
-0000.01200 +5.9407e-04 +5.6122e-04 +5.1594e-04 +4.7867e-04 +4.5281e-04 +3.8154e-04 +3.3699e-04 +2.6550e-04 +2.3518e-04 +2.1611e-04 +1.6119e-04 +1.4138e-04 +1.2100e-04 +8.9330e-05 +6.2733e-05 +6.2189e-05 +6.2772e-05 +6.1606e-05 +7.7437e-05 +8.4843e-05 +1.1455e-04 +1.5415e-04 +1.9580e-04 +2.5816e-04 +3.0627e-04 +3.6872e-04 +4.1052e-04 +4.5956e-04 +5.2875e-04 +5.6205e-04 +6.1547e-04 +6.4029e-04 +6.6001e-04 +6.6565e-04 +6.6269e-04 +6.3516e-04 +5.9240e-04 
# Total Vertical 2nd Order Kick [T2m2]
START
            -0000.01800 -0000.01700 -0000.01600 -0000.01500 -0000.01400 -0000.01300 -0000.01200 -0000.01100 -0000.01000 -0000.00900 -0000.00800 -0000.00700 -0000.00600 -0000.00500 -0000.00400 -0000.00300 -0000.00200 -0000.00100 +0000.00000 +0000.00100 +0000.00200 +0000.00300 +0000.00400 +0000.00500 +0000.00600 +0000.00700 +0000.00800 +0000.00900 +0000.01000 +0000.01100 +0000.01200 +0000.01300 +0000.01400 +0000.01500 +0000.01600 +0000.01700 +0000.01800 
+0000.01200 -1.4851e-03 -1.4500e-03 -1.4288e-03 -1.3778e-03 -1.3212e-03 -1.2507e-03 -1.1519e-03 -1.0539e-03 -9.3117e-04 -8.0284e-04 -6.6748e-04 -5.2389e-04 -3.7313e-04 -2.4580e-04 -1.3024e-04 -5.8080e-06 +6.7165e-05 +1.3884e-04 +1.8179e-04 +1.9126e-04 +1.7437e-04 +1.2717e-04 +6.9179e-05 -1.5188e-05 -1.2350e-04 -2.2283e-04 -3.1866e-04 -4.3446e-04 -5.3865e-04 -6.4878e-04 -7.4589e-04 -8.3365e-04 -9.1155e-04 -9.9306e-04 -1.0447e-03 -1.0825e-03 -1.0982e-03 
+0000.00000 -1.4851e-03 -1.4500e-03 -1.4288e-03 -1.3778e-03 -1.3212e-03 -1.2507e-03 -1.1519e-03 -1.0539e-03 -9.3117e-04 -8.0284e-04 -6.6748e-04 -5.2389e-04 -3.7313e-04 -2.4580e-04 -1.3024e-04 -5.8080e-06 +6.7165e-05 +1.3884e-04 +1.8179e-04 +1.9126e-04 +1.7437e-04 +1.2717e-04 +6.9179e-05 -1.5188e-05 -1.2350e-04 -2.2283e-04 -3.1866e-04 -4.3446e-04 -5.3865e-04 -6.4878e-04 -7.4589e-04 -8.3365e-04 -9.1155e-04 -9.9306e-04 -1.0447e-03 -1.0825e-03 -1.0982e-03 
-0000.01200 -1.4851e-03 -1.4500e-03 -1.4288e-03 -1.3778e-03 -1.3212e-03 -1.2507e-03 -1.1519e-03 -1.0539e-03 -9.3117e-04 -8.0284e-04 -6.6748e-04 -5.2389e-04 -3.7313e-04 -2.4580e-04 -1.3024e-04 -5.8080e-06 +6.7165e-05 +1.3884e-04 +1.8179e-04 +1.9126e-04 +1.7437e-04 +1.2717e-04 +6.9179e-05 -1.5188e-05 -1.2350e-04 -2.2283e-04 -3.1866e-04 -4.3446e-04 -5.3865e-04 -6.4878e-04 -7.4589e-04 -8.3365e-04 -9.1155e-04 -9.9306e-04 -1.0447e-03 -1.0825e-03 -1.0982e-03 
# Horizontal Final Position [m]
START
            -0000.01800 -0000.01700 -0000.01600 -0000.01500 -0000.01400 -0000.01300 -0000.01200 -0000.01100 -0000.01000 -0000.00900 -0000.00800 -0000.00700 -0000.00600 -0000.00500 -0000.00400 -0000.00300 -0000.00200 -0000.00100 +0000.00000 +0000.00100 +0000.00200 +0000.00300 +0000.00400 +0000.00500 +0000.00600 +0000.00700 +0000.00800 +0000.00900 +0000.01000 +0000.01100 +0000.01200 +0000.01300 +0000.01400 +0000.01500 +0000.01600 +0000.01700 +0000.01800 
+0000.01200 -1.8037e-02 -1.7039e-02 -1.6042e-02 -1.5043e-02 -1.4045e-02 -1.3046e-02 -1.2047e-02 -1.1048e-02 -1.0047e-02 -9.0462e-03 -8.0450e-03 -7.0428e-03 -6.0400e-03 -5.0371e-03 -4.0338e-03 -3.0297e-03 -2.0254e-03 -1.0210e-03 -1.6162e-05 +9.8847e-04 +1.9934e-03 +2.9985e-03 +4.0034e-03 +5.0085e-03 +6.0132e-03 +7.0181e-03 +8.0222e-03 +9.0263e-03 +1.0031e-02 +1.1034e-02 +1.2038e-02 +1.3041e-02 +1.4044e-02 +1.5046e-02 +1.6048e-02 +1.7050e-02 +1.8051e-02 
+0000.00000 -1.8037e-02 -1.7039e-02 -1.6042e-02 -1.5043e-02 -1.4045e-02 -1.3046e-02 -1.2047e-02 -1.1048e-02 -1.0047e-02 -9.0462e-03 -8.0450e-03 -7.0428e-03 -6.0400e-03 -5.0371e-03 -4.0338e-03 -3.0297e-03 -2.0254e-03 -1.0210e-03 -1.6162e-05 +9.8847e-04 +1.9934e-03 +2.9985e-03 +4.0034e-03 +5.0085e-03 +6.0132e-03 +7.0181e-03 +8.0222e-03 +9.0263e-03 +1.0031e-02 +1.1034e-02 +1.2038e-02 +1.3041e-02 +1.4044e-02 +1.5046e-02 +1.6048e-02 +1.7050e-02 +1.8051e-02 
-0000.01200 -1.8037e-02 -1.7039e-02 -1.6042e-02 -1.5043e-02 -1.4045e-02 -1.3046e-02 -1.2047e-02 -1.1048e-02 -1.0047e-02 -9.0462e-03 -8.0450e-03 -7.0428e-03 -6.0400e-03 -5.0371e-03 -4.0338e-03 -3.0297e-03 -2.0254e-03 -1.0210e-03 -1.6162e-05 +9.8847e-04 +1.9934e-03 +2.9985e-03 +4.0034e-03 +5.0085e-03 +6.0132e-03 +7.0181e-03 +8.0222e-03 +9.0263e-03 +1.0031e-02 +1.1034e-02 +1.2038e-02 +1.3041e-02 +1.4044e-02 +1.5046e-02 +1.6048e-02 +1.7050e-02 +1.8051e-02 
# Vertical Final Position [m]
START
            -0000.01800 -0000.01700 -0000.01600 -0000.01500 -0000.01400 -0000.01300 -0000.01200 -0000.01100 -0000.01000 -0000.00900 -0000.00800 -0000.00700 -0000.00600 -0000.00500 -0000.00400 -0000.00300 -0000.00200 -0000.00100 +0000.00000 +0000.00100 +0000.00200 +0000.00300 +0000.00400 +0000.00500 +0000.00600 +0000.00700 +0000.00800 +0000.00900 +0000.01000 +0000.01100 +0000.01200 +0000.01300 +0000.01400 +0000.01500 +0000.01600 +0000.01700 +0000.01800 
+0000.01200 +1.1853e-02 +1.1859e-02 +1.1866e-02 +1.1874e-02 +1.1883e-02 +1.1893e-02 +1.1904e-02 +1.1915e-02 +1.1927e-02 +1.1939e-02 +1.1951e-02 +1.1963e-02 +1.1975e-02 +1.1986e-02 +1.1996e-02 +1.2007e-02 +1.2016e-02 +1.2024e-02 +1.2031e-02 +1.2037e-02 +1.2042e-02 +1.2046e-02 +1.2050e-02 +1.2052e-02 +1.2054e-02 +1.2055e-02 +1.2056e-02 +1.2057e-02 +1.2057e-02 +1.2057e-02 +1.2057e-02 +1.2057e-02 +1.2057e-02 +1.2057e-02 +1.2057e-02 +1.2058e-02 +1.2059e-02 
+0000.00000 -1.4723e-04 -1.4091e-04 -1.3405e-04 -1.2590e-04 -1.1699e-04 -1.0721e-04 -9.6428e-05 -8.5212e-05 -7.3348e-05 -6.1339e-05 -4.9206e-05 -3.7124e-05 -2.5175e-05 -1.3973e-05 -3.5027e-06 +6.8012e-06 +1.5549e-05 +2.3775e-05 +3.1003e-05 +3.7086e-05 +4.2155e-05 +4.6250e-05 +4.9658e-05 +5.2209e-05 +5.3775e-05 +5.5135e-05 +5.6222e-05 +5.6594e-05 +5.6915e-05 +5.6891e-05 +5.6801e-05 +5.6769e-05 +5.6840e-05 +5.6687e-05 +5.7023e-05 +5.7601e-05 +5.8525e-05 
-0000.01200 -1.2147e-02 -1.2141e-02 -1.2134e-02 -1.2126e-02 -1.2117e-02 -1.2107e-02 -1.2096e-02 -1.2085e-02 -1.2073e-02 -1.2061e-02 -1.2049e-02 -1.2037e-02 -1.2025e-02 -1.2014e-02 -1.2004e-02 -1.1993e-02 -1.1984e-02 -1.1976e-02 -1.1969e-02 -1.1963e-02 -1.1958e-02 -1.1954e-02 -1.1950e-02 -1.1948e-02 -1.1946e-02 -1.1945e-02 -1.1944e-02 -1.1943e-02 -1.1943e-02 -1.1943e-02 -1.1943e-02 -1.1943e-02 -1.1943e-02 -1.1943e-02 -1.1943e-02 -1.1942e-02 -1.1941e-02 