# Author: FAC idanalysis.IDKickMap
# Termination_kicks [T2m2]: -8.0907e-04 +1.0924e-03 +1.7007e-04 +7.0302e-04 
# Total Length of Longitudinal Interval [m]
2.77
# Number of Horizontal Points
37
# Number of Vertical Points
3
# Total Horizontal 2nd Order Kick [T2m2]
START
            -0000.01800 -0000.01700 -0000.01600 -0000.01500 -0000.01400 -0000.01300 -0000.01200 -0000.01100 -0000.01000 -0000.00900 -0000.00800 -0000.00700 -0000.00600 -0000.00500 -0000.00400 -0000.00300 -0000.00200 -0000.00100 +0000.00000 +0000.00100 +0000.00200 +0000.00300 +0000.00400 +0000.00500 +0000.00600 +0000.00700 +0000.00800 +0000.00900 +0000.01000 +0000.01100 +0000.01200 +0000.01300 +0000.01400 +0000.01500 +0000.01600 +0000.01700 +0000.01800 
+0000.01200 +9.2051e-04 +9.0182e-04 +8.9258e-04 +8.6308e-04 +8.2748e-04 +7.8146e-04 +7.4675e-04 +6.9928e-04 +6.4330e-04 +5.9772e-04 +5.5390e-04 +4.9573e-04 +4.5355e-04 +4.0405e-04 +4.0087e-04 +3.6656e-04 +3.3744e-04 +3.4519e-04 +3.2239e-04 +3.4580e-04 +3.5094e-04 +4.1291e-04 +4.5818e-04 +5.1319e-04 +5.8238e-04 +6.5059e-04 +7.3910e-04 +8.3344e-04 +9.2576e-04 +1.0011e-03 +1.0498e-03 +1.0826e-03 +1.0993e-03 +1.0861e-03 +1.0764e-03 +1.0468e-03 +9.8382e-04 
+0000.00000 +9.2051e-04 +9.0182e-04 +8.9258e-04 +8.6308e-04 +8.2748e-04 +7.8146e-04 +7.4675e-04 +6.9928e-04 +6.4330e-04 +5.9772e-04 +5.5390e-04 +4.9573e-04 +4.5355e-04 +4.0405e-04 +4.0087e-04 +3.6656e-04 +3.3744e-04 +3.4519e-04 +3.2239e-04 +3.4580e-04 +3.5094e-04 +4.1291e-04 +4.5818e-04 +5.1319e-04 +5.8238e-04 +6.5059e-04 +7.3910e-04 +8.3344e-04 +9.2576e-04 +1.0011e-03 +1.0498e-03 +1.0826e-03 +1.0993e-03 +1.0861e-03 +1.0764e-03 +1.0468e-03 +9.8382e-04 
-0000.01200 +9.2051e-04 +9.0182e-04 +8.9258e-04 +8.6308e-04 +8.2748e-04 +7.8146e-04 +7.4675e-04 +6.9928e-04 +6.4330e-04 +5.9772e-04 +5.5390e-04 +4.9573e-04 +4.5355e-04 +4.0405e-04 +4.0087e-04 +3.6656e-04 +3.3744e-04 +3.4519e-04 +3.2239e-04 +3.4580e-04 +3.5094e-04 +4.1291e-04 +4.5818e-04 +5.1319e-04 +5.8238e-04 +6.5059e-04 +7.3910e-04 +8.3344e-04 +9.2576e-04 +1.0011e-03 +1.0498e-03 +1.0826e-03 +1.0993e-03 +1.0861e-03 +1.0764e-03 +1.0468e-03 +9.8382e-04 
# Total Vertical 2nd Order Kick [T2m2]
START
            -0000.01800 -0000.01700 -0000.01600 -0000.01500 -0000.01400 -0000.01300 -0000.01200 -0000.01100 -0000.01000 -0000.00900 -0000.00800 -0000.00700 -0000.00600 -0000.00500 -0000.00400 -0000.00300 -0000.00200 -0000.00100 +0000.00000 +0000.00100 +0000.00200 +0000.00300 +0000.00400 +0000.00500 +0000.00600 +0000.00700 +0000.00800 +0000.00900 +0000.01000 +0000.01100 +0000.01200 +0000.01300 +0000.01400 +0000.01500 +0000.01600 +0000.01700 +0000.01800 
+0000.01200 -1.6021e-03 -1.5817e-03 -1.5624e-03 -1.5242e-03 -1.4778e-03 -1.4196e-03 -1.3034e-03 -1.1753e-03 -1.0466e-03 -8.6798e-04 -6.8854e-04 -4.9481e-04 -2.8967e-04 -1.1244e-04 +6.1486e-05 +2.1882e-04 +3.5522e-04 +4.3017e-04 +4.7031e-04 +4.5939e-04 +4.3747e-04 +3.8607e-04 +2.7922e-04 +1.5758e-04 +1.0762e-05 -1.2999e-04 -2.9831e-04 -4.5377e-04 -6.0662e-04 -7.4838e-04 -8.9028e-04 -1.0048e-03 -1.1212e-03 -1.2153e-03 -1.3065e-03 -1.3625e-03 -1.4135e-03 
+0000.00000 -1.6021e-03 -1.5817e-03 -1.5624e-03 -1.5242e-03 -1.4778e-03 -1.4196e-03 -1.3034e-03 -1.1753e-03 -1.0466e-03 -8.6798e-04 -6.8854e-04 -4.9481e-04 -2.8967e-04 -1.1244e-04 +6.1486e-05 +2.1882e-04 +3.5522e-04 +4.3017e-04 +4.7031e-04 +4.5939e-04 +4.3747e-04 +3.8607e-04 +2.7922e-04 +1.5758e-04 +1.0762e-05 -1.2999e-04 -2.9831e-04 -4.5377e-04 -6.0662e-04 -7.4838e-04 -8.9028e-04 -1.0048e-03 -1.1212e-03 -1.2153e-03 -1.3065e-03 -1.3625e-03 -1.4135e-03 
-0000.01200 -1.6021e-03 -1.5817e-03 -1.5624e-03 -1.5242e-03 -1.4778e-03 -1.4196e-03 -1.3034e-03 -1.1753e-03 -1.0466e-03 -8.6798e-04 -6.8854e-04 -4.9481e-04 -2.8967e-04 -1.1244e-04 +6.1486e-05 +2.1882e-04 +3.5522e-04 +4.3017e-04 +4.7031e-04 +4.5939e-04 +4.3747e-04 +3.8607e-04 +2.7922e-04 +1.5758e-04 +1.0762e-05 -1.2999e-04 -2.9831e-04 -4.5377e-04 -6.0662e-04 -7.4838e-04 -8.9028e-04 -1.0048e-03 -1.1212e-03 -1.2153e-03 -1.3065e-03 -1.3625e-03 -1.4135e-03 
# Horizontal Final Position [m]
START
            -0000.01800 -0000.01700 -0000.01600 -0000.01500 -0000.01400 -0000.01300 -0000.01200 -0000.01100 -0000.01000 -0000.00900 -0000.00800 -0000.00700 -0000.00600 -0000.00500 -0000.00400 -0000.00300 -0000.00200 -0000.00100 +0000.00000 +0000.00100 +0000.00200 +0000.00300 +0000.00400 +0000.00500 +0000.00600 +0000.00700 +0000.00800 +0000.00900 +0000.01000 +0000.01100 +0000.01200 +0000.01300 +0000.01400 +0000.01500 +0000.01600 +0000.01700 +0000.01800 
+0000.01200 -1.8044e-02 -1.7047e-02 -1.6049e-02 -1.5051e-02 -1.4053e-02 -1.3055e-02 -1.2056e-02 -1.1057e-02 -1.0057e-02 -9.0561e-03 -8.0543e-03 -7.0522e-03 -6.0490e-03 -5.0455e-03 -4.0408e-03 -3.0363e-03 -2.0314e-03 -1.0259e-03 -2.0960e-05 +9.8495e-04 +1.9902e-03 +2.9964e-03 +4.0021e-03 +5.0077e-03 +6.0133e-03 +7.0186e-03 +8.0240e-03 +9.0293e-03 +1.0034e-02 +1.1039e-02 +1.2042e-02 +1.3046e-02 +1.4048e-02 +1.5051e-02 +1.6053e-02 +1.7054e-02 +1.8055e-02 
+0000.00000 -1.8044e-02 -1.7047e-02 -1.6049e-02 -1.5051e-02 -1.4053e-02 -1.3055e-02 -1.2056e-02 -1.1057e-02 -1.0057e-02 -9.0561e-03 -8.0543e-03 -7.0522e-03 -6.0490e-03 -5.0455e-03 -4.0408e-03 -3.0363e-03 -2.0314e-03 -1.0259e-03 -2.0960e-05 +9.8495e-04 +1.9902e-03 +2.9964e-03 +4.0021e-03 +5.0077e-03 +6.0133e-03 +7.0186e-03 +8.0240e-03 +9.0293e-03 +1.0034e-02 +1.1039e-02 +1.2042e-02 +1.3046e-02 +1.4048e-02 +1.5051e-02 +1.6053e-02 +1.7054e-02 +1.8055e-02 
-0000.01200 -1.8044e-02 -1.7047e-02 -1.6049e-02 -1.5051e-02 -1.4053e-02 -1.3055e-02 -1.2056e-02 -1.1057e-02 -1.0057e-02 -9.0561e-03 -8.0543e-03 -7.0522e-03 -6.0490e-03 -5.0455e-03 -4.0408e-03 -3.0363e-03 -2.0314e-03 -1.0259e-03 -2.0960e-05 +9.8495e-04 +1.9902e-03 +2.9964e-03 +4.0021e-03 +5.0077e-03 +6.0133e-03 +7.0186e-03 +8.0240e-03 +9.0293e-03 +1.0034e-02 +1.1039e-02 +1.2042e-02 +1.3046e-02 +1.4048e-02 +1.5051e-02 +1.6053e-02 +1.7054e-02 +1.8055e-02 
# Vertical Final Position [m]
START
            -0000.01800 -0000.01700 -0000.01600 -0000.01500 -0000.01400 -0000.01300 -0000.01200 -0000.01100 -0000.01000 -0000.00900 -0000.00800 -0000.00700 -0000.00600 -0000.00500 -0000.00400 -0000.00300 -0000.00200 -0000.00100 +0000.00000 +0000.00100 +0000.00200 +0000.00300 +0000.00400 +0000.00500 +0000.00600 +0000.00700 +0000.00800 +0000.00900 +0000.01000 +0000.01100 +0000.01200 +0000.01300 +0000.01400 +0000.01500 +0000.01600 +0000.01700 +0000.01800 
+0000.01200 +1.1836e-02 +1.1843e-02 +1.1850e-02 +1.1859e-02 +1.1870e-02 +1.1881e-02 +1.1894e-02 +1.1908e-02 +1.1922e-02 +1.1937e-02 +1.1951e-02 +1.1966e-02 +1.1981e-02 +1.1994e-02 +1.2007e-02 +1.2019e-02 +1.2030e-02 +1.2039e-02 +1.2046e-02 +1.2052e-02 +1.2058e-02 +1.2062e-02 +1.2065e-02 +1.2066e-02 +1.2067e-02 +1.2068e-02 +1.2067e-02 +1.2067e-02 +1.2066e-02 +1.2065e-02 +1.2064e-02 +1.2063e-02 +1.2062e-02 +1.2061e-02 +1.2060e-02 +1.2060e-02 +1.2061e-02 
+0000.00000 -1.6403e-04 -1.5737e-04 -1.4965e-04 -1.4057e-04 -1.3032e-04 -1.1906e-04 -1.0605e-04 -9.2310e-05 -7.8381e-05 -6.3339e-05 -4.8500e-05 -3.3672e-05 -1.9033e-05 -5.5909e-06 +7.2036e-06 +1.9004e-05 +2.9697e-05 +3.8636e-05 +4.6196e-05 +5.2335e-05 +5.7687e-05 +6.1927e-05 +6.4642e-05 +6.6394e-05 +6.7270e-05 +6.7783e-05 +6.7362e-05 +6.6743e-05 +6.5803e-05 +6.4796e-05 +6.3625e-05 +6.2841e-05 +6.1752e-05 +6.1083e-05 +6.0376e-05 +6.0430e-05 +6.0512e-05 
-0000.01200 -1.2164e-02 -1.2157e-02 -1.2150e-02 -1.2141e-02 -1.2130e-02 -1.2119e-02 -1.2106e-02 -1.2092e-02 -1.2078e-02 -1.2063e-02 -1.2049e-02 -1.2034e-02 -1.2019e-02 -1.2006e-02 -1.1993e-02 -1.1981e-02 -1.1970e-02 -1.1961e-02 -1.1954e-02 -1.1948e-02 -1.1942e-02 -1.1938e-02 -1.1935e-02 -1.1934e-02 -1.1933e-02 -1.1932e-02 -1.1933e-02 -1.1933e-02 -1.1934e-02 -1.1935e-02 -1.1936e-02 -1.1937e-02 -1.1938e-02 -1.1939e-02 -1.1940e-02 -1.1940e-02 -1.1939e-02 