# Author: FAC idanalysis.IDKickMap
# Termination_kicks [T2m2]: -3.8526e-03 +6.8659e-04 -3.6390e-03 +1.2090e-03 
# Total Length of Longitudinal Interval [m]
2.654
# Number of Horizontal Points
31
# Number of Vertical Points
3
# Total Horizontal 2nd Order Kick [T2m2]
START
            -0000.01500 -0000.01400 -0000.01300 -0000.01200 -0000.01100 -0000.01000 -0000.00900 -0000.00800 -0000.00700 -0000.00600 -0000.00500 -0000.00400 -0000.00300 -0000.00200 -0000.00100 +0000.00000 +0000.00100 +0000.00200 +0000.00300 +0000.00400 +0000.00500 +0000.00600 +0000.00700 +0000.00800 +0000.00900 +0000.01000 +0000.01100 +0000.01200 +0000.01300 +0000.01400 +0000.01500 
+0000.01200 +4.4641e-03 +4.6479e-03 +4.8257e-03 +5.0019e-03 +5.1832e-03 +5.3627e-03 +5.5299e-03 +5.6917e-03 +5.8590e-03 +6.0238e-03 +6.1742e-03 +6.3212e-03 +6.4795e-03 +6.6444e-03 +6.8053e-03 +6.9614e-03 +7.1166e-03 +7.2778e-03 +7.4495e-03 +7.6269e-03 +7.8050e-03 +7.9892e-03 +8.1869e-03 +8.3967e-03 +8.6152e-03 +8.8469e-03 +9.0968e-03 +9.3651e-03 +9.6511e-03 +9.9513e-03 +1.0263e-02 
+0000.00000 +4.4641e-03 +4.6479e-03 +4.8257e-03 +5.0019e-03 +5.1832e-03 +5.3627e-03 +5.5299e-03 +5.6917e-03 +5.8590e-03 +6.0238e-03 +6.1742e-03 +6.3212e-03 +6.4795e-03 +6.6444e-03 +6.8053e-03 +6.9614e-03 +7.1166e-03 +7.2778e-03 +7.4495e-03 +7.6269e-03 +7.8050e-03 +7.9892e-03 +8.1869e-03 +8.3967e-03 +8.6152e-03 +8.8469e-03 +9.0968e-03 +9.3651e-03 +9.6511e-03 +9.9513e-03 +1.0263e-02 
-0000.01200 +4.4641e-03 +4.6479e-03 +4.8257e-03 +5.0019e-03 +5.1832e-03 +5.3627e-03 +5.5299e-03 +5.6917e-03 +5.8590e-03 +6.0238e-03 +6.1742e-03 +6.3212e-03 +6.4795e-03 +6.6444e-03 +6.8053e-03 +6.9614e-03 +7.1166e-03 +7.2778e-03 +7.4495e-03 +7.6269e-03 +7.8050e-03 +7.9892e-03 +8.1869e-03 +8.3967e-03 +8.6152e-03 +8.8469e-03 +9.0968e-03 +9.3651e-03 +9.6511e-03 +9.9513e-03 +1.0263e-02 
# Total Vertical 2nd Order Kick [T2m2]
START
            -0000.01500 -0000.01400 -0000.01300 -0000.01200 -0000.01100 -0000.01000 -0000.00900 -0000.00800 -0000.00700 -0000.00600 -0000.00500 -0000.00400 -0000.00300 -0000.00200 -0000.00100 +0000.00000 +0000.00100 +0000.00200 +0000.00300 +0000.00400 +0000.00500 +0000.00600 +0000.00700 +0000.00800 +0000.00900 +0000.01000 +0000.01100 +0000.01200 +0000.01300 +0000.01400 +0000.01500 
+0000.01200 -6.7431e-04 -6.2425e-04 -5.5424e-04 -4.8468e-04 -4.3337e-04 -3.7851e-04 -2.9642e-04 -2.1690e-04 -1.7414e-04 -1.4274e-04 -9.0451e-05 -3.9253e-05 -1.7786e-05 -1.0274e-05 +5.1697e-06 +1.6805e-05 +5.2433e-06 -3.5005e-05 -9.9742e-05 -1.6467e-04 -2.1161e-04 -2.7174e-04 -3.7746e-04 -5.0455e-04 -6.2357e-04 -7.5336e-04 -9.1411e-04 -1.0755e-03 -1.2109e-03 -1.3654e-03 -1.5849e-03 
+0000.00000 -6.7431e-04 -6.2425e-04 -5.5424e-04 -4.8468e-04 -4.3337e-04 -3.7851e-04 -2.9642e-04 -2.1690e-04 -1.7414e-04 -1.4274e-04 -9.0451e-05 -3.9253e-05 -1.7786e-05 -1.0274e-05 +5.1697e-06 +1.6805e-05 +5.2433e-06 -3.5005e-05 -9.9742e-05 -1.6467e-04 -2.1161e-04 -2.7174e-04 -3.7746e-04 -5.0455e-04 -6.2357e-04 -7.5336e-04 -9.1411e-04 -1.0755e-03 -1.2109e-03 -1.3654e-03 -1.5849e-03 
-0000.01200 -6.7431e-04 -6.2425e-04 -5.5424e-04 -4.8468e-04 -4.3337e-04 -3.7851e-04 -2.9642e-04 -2.1690e-04 -1.7414e-04 -1.4274e-04 -9.0451e-05 -3.9253e-05 -1.7786e-05 -1.0274e-05 +5.1697e-06 +1.6805e-05 +5.2433e-06 -3.5005e-05 -9.9742e-05 -1.6467e-04 -2.1161e-04 -2.7174e-04 -3.7746e-04 -5.0455e-04 -6.2357e-04 -7.5336e-04 -9.1411e-04 -1.0755e-03 -1.2109e-03 -1.3654e-03 -1.5849e-03 
# Horizontal Final Position [m]
START
            -0000.01500 -0000.01400 -0000.01300 -0000.01200 -0000.01100 -0000.01000 -0000.00900 -0000.00800 -0000.00700 -0000.00600 -0000.00500 -0000.00400 -0000.00300 -0000.00200 -0000.00100 +0000.00000 +0000.00100 +0000.00200 +0000.00300 +0000.00400 +0000.00500 +0000.00600 +0000.00700 +0000.00800 +0000.00900 +0000.01000 +0000.01100 +0000.01200 +0000.01300 +0000.01400 +0000.01500 
+0000.01200 -1.5174e-02 -1.4160e-02 -1.3146e-02 -1.2134e-02 -1.1122e-02 -1.0110e-02 -9.0998e-03 -8.0901e-03 -7.0810e-03 -6.0725e-03 -5.0649e-03 -4.0580e-03 -3.0515e-03 -2.0457e-03 -1.0404e-03 -3.5845e-05 +9.6803e-04 +1.9713e-03 +2.9741e-03 +3.9764e-03 +4.9779e-03 +5.9789e-03 +6.9793e-03 +7.9792e-03 +8.9785e-03 +9.9772e-03 +1.0975e-02 +1.1973e-02 +1.2970e-02 +1.3967e-02 +1.4962e-02 
+0000.00000 -1.5174e-02 -1.4160e-02 -1.3146e-02 -1.2134e-02 -1.1122e-02 -1.0110e-02 -9.0998e-03 -8.0901e-03 -7.0810e-03 -6.0725e-03 -5.0649e-03 -4.0580e-03 -3.0515e-03 -2.0457e-03 -1.0404e-03 -3.5845e-05 +9.6803e-04 +1.9713e-03 +2.9741e-03 +3.9764e-03 +4.9779e-03 +5.9789e-03 +6.9793e-03 +7.9792e-03 +8.9785e-03 +9.9772e-03 +1.0975e-02 +1.1973e-02 +1.2970e-02 +1.3967e-02 +1.4962e-02 
-0000.01200 -1.5174e-02 -1.4160e-02 -1.3146e-02 -1.2134e-02 -1.1122e-02 -1.0110e-02 -9.0998e-03 -8.0901e-03 -7.0810e-03 -6.0725e-03 -5.0649e-03 -4.0580e-03 -3.0515e-03 -2.0457e-03 -1.0404e-03 -3.5845e-05 +9.6803e-04 +1.9713e-03 +2.9741e-03 +3.9764e-03 +4.9779e-03 +5.9789e-03 +6.9793e-03 +7.9792e-03 +8.9785e-03 +9.9772e-03 +1.0975e-02 +1.1973e-02 +1.2970e-02 +1.3967e-02 +1.4962e-02 
# Vertical Final Position [m]
START
            -0000.01500 -0000.01400 -0000.01300 -0000.01200 -0000.01100 -0000.01000 -0000.00900 -0000.00800 -0000.00700 -0000.00600 -0000.00500 -0000.00400 -0000.00300 -0000.00200 -0000.00100 +0000.00000 +0000.00100 +0000.00200 +0000.00300 +0000.00400 +0000.00500 +0000.00600 +0000.00700 +0000.00800 +0000.00900 +0000.01000 +0000.01100 +0000.01200 +0000.01300 +0000.01400 +0000.01500 
+0000.01200 +1.2042e-02 +1.2042e-02 +1.2042e-02 +1.2042e-02 +1.2042e-02 +1.2042e-02 +1.2041e-02 +1.2041e-02 +1.2039e-02 +1.2037e-02 +1.2036e-02 +1.2035e-02 +1.2032e-02 +1.2030e-02 +1.2027e-02 +1.2025e-02 +1.2022e-02 +1.2018e-02 +1.2015e-02 +1.2011e-02 +1.2007e-02 +1.2003e-02 +1.1999e-02 +1.1994e-02 +1.1990e-02 +1.1985e-02 +1.1980e-02 +1.1975e-02 +1.1970e-02 +1.1965e-02 +1.1960e-02 
+0000.00000 +4.1796e-05 +4.2095e-05 +4.2414e-05 +4.2469e-05 +4.2054e-05 +4.1563e-05 +4.1359e-05 +4.0817e-05 +3.9297e-05 +3.7478e-05 +3.6135e-05 +3.4671e-05 +3.2352e-05 +2.9666e-05 +2.7250e-05 +2.4819e-05 +2.1901e-05 +1.8425e-05 +1.4516e-05 +1.0614e-05 +7.0569e-06 +3.3425e-06 -1.0685e-06 -5.8178e-06 -1.0450e-05 -1.5206e-05 -2.0336e-05 -2.5342e-05 -2.9822e-05 -3.4563e-05 -4.0343e-05 
-0000.01200 -1.1958e-02 -1.1958e-02 -1.1958e-02 -1.1958e-02 -1.1958e-02 -1.1958e-02 -1.1959e-02 -1.1959e-02 -1.1961e-02 -1.1963e-02 -1.1964e-02 -1.1965e-02 -1.1968e-02 -1.1970e-02 -1.1973e-02 -1.1975e-02 -1.1978e-02 -1.1982e-02 -1.1985e-02 -1.1989e-02 -1.1993e-02 -1.1997e-02 -1.2001e-02 -1.2006e-02 -1.2010e-02 -1.2015e-02 -1.2020e-02 -1.2025e-02 -1.2030e-02 -1.2035e-02 -1.2040e-02 