# Author: FAC fieldmaptrack.IDKickMap
# 
# Total Length of Longitudinal Interval [m]
4.097
# Number of Horizontal Points
25
# Number of Vertical Points
25
# Total Horizontal 2nd Order Kick [T2m2]
START
            -0000.01200 -0000.01100 -0000.01000 -0000.00900 -0000.00800 -0000.00700 -0000.00600 -0000.00500 -0000.00400 -0000.00300 -0000.00200 -0000.00100 +0000.00000 +0000.00100 +0000.00200 +0000.00300 +0000.00400 +0000.00500 +0000.00600 +0000.00700 +0000.00800 +0000.00900 +0000.01000 +0000.01100 +0000.01200 
+0000.01200 +0.0000e+00 +0.0000e+00 +0.0000e+00 +0.0000e+00 +0.0000e+00 +0.0000e+00 +0.0000e+00 +0.0000e+00 +0.0000e+00 +0.0000e+00 +0.0000e+00 +0.0000e+00 +0.0000e+00 +0.0000e+00 +0.0000e+00 +0.0000e+00 +0.0000e+00 +0.0000e+00 +0.0000e+00 +0.0000e+00 +0.0000e+00 +0.0000e+00 +0.0000e+00 +0.0000e+00 +0.0000e+00 
+0000.01100 -4.6190e-04 -3.5317e-04 -4.9645e-04 +2.6042e-04 +4.5178e-05 +3.1382e-04 +4.0242e-04 +7.4930e-04 +9.2387e-04 +5.9628e-04 +9.6658e-04 +8.7890e-04 +1.1059e-03 +1.4222e-03 +1.7495e-03 +1.8156e-03 +1.8153e-03 +1.5693e-03 +2.2608e-03 +2.5521e-03 +2.4868e-03 +2.6454e-03 +2.9939e-03 +3.2917e-03 +3.6642e-03 
+0000.01000 -4.6190e-04 -3.5317e-04 -4.9645e-04 +2.6042e-04 +4.5178e-05 +3.1382e-04 +4.0242e-04 +7.4930e-04 +9.2387e-04 +5.9628e-04 +9.6658e-04 +8.7890e-04 +1.1059e-03 +1.4222e-03 +1.7495e-03 +1.8156e-03 +1.8153e-03 +1.5693e-03 +2.2608e-03 +2.5521e-03 +2.4868e-03 +2.6454e-03 +2.9939e-03 +3.2917e-03 +3.6642e-03 
+0000.00900 -4.6190e-04 -3.5317e-04 -4.9645e-04 +2.6042e-04 +4.5178e-05 +3.1382e-04 +4.0242e-04 +7.4930e-04 +9.2387e-04 +5.9628e-04 +9.6658e-04 +8.7890e-04 +1.1059e-03 +1.4222e-03 +1.7495e-03 +1.8156e-03 +1.8153e-03 +1.5693e-03 +2.2608e-03 +2.5521e-03 +2.4868e-03 +2.6454e-03 +2.9939e-03 +3.2917e-03 +3.6642e-03 
+0000.00800 -4.6190e-04 -3.5317e-04 -4.9645e-04 +2.6042e-04 +4.5178e-05 +3.1382e-04 +4.0242e-04 +7.4930e-04 +9.2387e-04 +5.9628e-04 +9.6658e-04 +8.7890e-04 +1.1059e-03 +1.4222e-03 +1.7495e-03 +1.8156e-03 +1.8153e-03 +1.5693e-03 +2.2608e-03 +2.5521e-03 +2.4868e-03 +2.6454e-03 +2.9939e-03 +3.2917e-03 +3.6642e-03 
+0000.00700 -4.6190e-04 -3.5317e-04 -4.9645e-04 +2.6042e-04 +4.5178e-05 +3.1382e-04 +4.0242e-04 +7.4930e-04 +9.2387e-04 +5.9628e-04 +9.6658e-04 +8.7890e-04 +1.1059e-03 +1.4222e-03 +1.7495e-03 +1.8156e-03 +1.8153e-03 +1.5693e-03 +2.2608e-03 +2.5521e-03 +2.4868e-03 +2.6454e-03 +2.9939e-03 +3.2917e-03 +3.6642e-03 
+0000.00600 -4.6190e-04 -3.5317e-04 -4.9645e-04 +2.6042e-04 +4.5178e-05 +3.1382e-04 +4.0242e-04 +7.4930e-04 +9.2387e-04 +5.9628e-04 +9.6658e-04 +8.7890e-04 +1.1059e-03 +1.4222e-03 +1.7495e-03 +1.8156e-03 +1.8153e-03 +1.5693e-03 +2.2608e-03 +2.5521e-03 +2.4868e-03 +2.6454e-03 +2.9939e-03 +3.2917e-03 +3.6642e-03 
+0000.00500 -4.6190e-04 -3.5317e-04 -4.9645e-04 +2.6042e-04 +4.5178e-05 +3.1382e-04 +4.0242e-04 +7.4930e-04 +9.2387e-04 +5.9628e-04 +9.6658e-04 +8.7890e-04 +1.1059e-03 +1.4222e-03 +1.7495e-03 +1.8156e-03 +1.8153e-03 +1.5693e-03 +2.2608e-03 +2.5521e-03 +2.4868e-03 +2.6454e-03 +2.9939e-03 +3.2917e-03 +3.6642e-03 
+0000.00400 -4.6190e-04 -3.5317e-04 -4.9645e-04 +2.6042e-04 +4.5178e-05 +3.1382e-04 +4.0242e-04 +7.4930e-04 +9.2387e-04 +5.9628e-04 +9.6658e-04 +8.7890e-04 +1.1059e-03 +1.4222e-03 +1.7495e-03 +1.8156e-03 +1.8153e-03 +1.5693e-03 +2.2608e-03 +2.5521e-03 +2.4868e-03 +2.6454e-03 +2.9939e-03 +3.2917e-03 +3.6642e-03 
+0000.00300 -4.6190e-04 -3.5317e-04 -4.9645e-04 +2.6042e-04 +4.5178e-05 +3.1382e-04 +4.0242e-04 +7.4930e-04 +9.2387e-04 +5.9628e-04 +9.6658e-04 +8.7890e-04 +1.1059e-03 +1.4222e-03 +1.7495e-03 +1.8156e-03 +1.8153e-03 +1.5693e-03 +2.2608e-03 +2.5521e-03 +2.4868e-03 +2.6454e-03 +2.9939e-03 +3.2917e-03 +3.6642e-03 
+0000.00200 -4.6190e-04 -3.5317e-04 -4.9645e-04 +2.6042e-04 +4.5178e-05 +3.1382e-04 +4.0242e-04 +7.4930e-04 +9.2387e-04 +5.9628e-04 +9.6658e-04 +8.7890e-04 +1.1059e-03 +1.4222e-03 +1.7495e-03 +1.8156e-03 +1.8153e-03 +1.5693e-03 +2.2608e-03 +2.5521e-03 +2.4868e-03 +2.6454e-03 +2.9939e-03 +3.2917e-03 +3.6642e-03 
+0000.00100 -4.6190e-04 -3.5317e-04 -4.9645e-04 +2.6042e-04 +4.5178e-05 +3.1382e-04 +4.0242e-04 +7.4930e-04 +9.2387e-04 +5.9628e-04 +9.6658e-04 +8.7890e-04 +1.1059e-03 +1.4222e-03 +1.7495e-03 +1.8156e-03 +1.8153e-03 +1.5693e-03 +2.2608e-03 +2.5521e-03 +2.4868e-03 +2.6454e-03 +2.9939e-03 +3.2917e-03 +3.6642e-03 
+0000.00000 -4.6190e-04 -3.5317e-04 -4.9645e-04 +2.6042e-04 +4.5178e-05 +3.1382e-04 +4.0242e-04 +7.4930e-04 +9.2387e-04 +5.9628e-04 +9.6658e-04 +8.7890e-04 +1.1059e-03 +1.4222e-03 +1.7495e-03 +1.8156e-03 +1.8153e-03 +1.5693e-03 +2.2608e-03 +2.5521e-03 +2.4868e-03 +2.6454e-03 +2.9939e-03 +3.2917e-03 +3.6642e-03 
-0000.00100 -4.6190e-04 -3.5317e-04 -4.9645e-04 +2.6042e-04 +4.5178e-05 +3.1382e-04 +4.0242e-04 +7.4930e-04 +9.2387e-04 +5.9628e-04 +9.6658e-04 +8.7890e-04 +1.1059e-03 +1.4222e-03 +1.7495e-03 +1.8156e-03 +1.8153e-03 +1.5693e-03 +2.2608e-03 +2.5521e-03 +2.4868e-03 +2.6454e-03 +2.9939e-03 +3.2917e-03 +3.6642e-03 
-0000.00200 -4.6190e-04 -3.5317e-04 -4.9645e-04 +2.6042e-04 +4.5178e-05 +3.1382e-04 +4.0242e-04 +7.4930e-04 +9.2387e-04 +5.9628e-04 +9.6658e-04 +8.7890e-04 +1.1059e-03 +1.4222e-03 +1.7495e-03 +1.8156e-03 +1.8153e-03 +1.5693e-03 +2.2608e-03 +2.5521e-03 +2.4868e-03 +2.6454e-03 +2.9939e-03 +3.2917e-03 +3.6642e-03 
-0000.00300 -4.6190e-04 -3.5317e-04 -4.9645e-04 +2.6042e-04 +4.5178e-05 +3.1382e-04 +4.0242e-04 +7.4930e-04 +9.2387e-04 +5.9628e-04 +9.6658e-04 +8.7890e-04 +1.1059e-03 +1.4222e-03 +1.7495e-03 +1.8156e-03 +1.8153e-03 +1.5693e-03 +2.2608e-03 +2.5521e-03 +2.4868e-03 +2.6454e-03 +2.9939e-03 +3.2917e-03 +3.6642e-03 
-0000.00400 -4.6190e-04 -3.5317e-04 -4.9645e-04 +2.6042e-04 +4.5178e-05 +3.1382e-04 +4.0242e-04 +7.4930e-04 +9.2387e-04 +5.9628e-04 +9.6658e-04 +8.7890e-04 +1.1059e-03 +1.4222e-03 +1.7495e-03 +1.8156e-03 +1.8153e-03 +1.5693e-03 +2.2608e-03 +2.5521e-03 +2.4868e-03 +2.6454e-03 +2.9939e-03 +3.2917e-03 +3.6642e-03 
-0000.00500 -4.6190e-04 -3.5317e-04 -4.9645e-04 +2.6042e-04 +4.5178e-05 +3.1382e-04 +4.0242e-04 +7.4930e-04 +9.2387e-04 +5.9628e-04 +9.6658e-04 +8.7890e-04 +1.1059e-03 +1.4222e-03 +1.7495e-03 +1.8156e-03 +1.8153e-03 +1.5693e-03 +2.2608e-03 +2.5521e-03 +2.4868e-03 +2.6454e-03 +2.9939e-03 +3.2917e-03 +3.6642e-03 
-0000.00600 -4.6190e-04 -3.5317e-04 -4.9645e-04 +2.6042e-04 +4.5178e-05 +3.1382e-04 +4.0242e-04 +7.4930e-04 +9.2387e-04 +5.9628e-04 +9.6658e-04 +8.7890e-04 +1.1059e-03 +1.4222e-03 +1.7495e-03 +1.8156e-03 +1.8153e-03 +1.5693e-03 +2.2608e-03 +2.5521e-03 +2.4868e-03 +2.6454e-03 +2.9939e-03 +3.2917e-03 +3.6642e-03 
-0000.00700 -4.6190e-04 -3.5317e-04 -4.9645e-04 +2.6042e-04 +4.5178e-05 +3.1382e-04 +4.0242e-04 +7.4930e-04 +9.2387e-04 +5.9628e-04 +9.6658e-04 +8.7890e-04 +1.1059e-03 +1.4222e-03 +1.7495e-03 +1.8156e-03 +1.8153e-03 +1.5693e-03 +2.2608e-03 +2.5521e-03 +2.4868e-03 +2.6454e-03 +2.9939e-03 +3.2917e-03 +3.6642e-03 
-0000.00800 -4.6190e-04 -3.5317e-04 -4.9645e-04 +2.6042e-04 +4.5178e-05 +3.1382e-04 +4.0242e-04 +7.4930e-04 +9.2387e-04 +5.9628e-04 +9.6658e-04 +8.7890e-04 +1.1059e-03 +1.4222e-03 +1.7495e-03 +1.8156e-03 +1.8153e-03 +1.5693e-03 +2.2608e-03 +2.5521e-03 +2.4868e-03 +2.6454e-03 +2.9939e-03 +3.2917e-03 +3.6642e-03 
-0000.00900 -4.6190e-04 -3.5317e-04 -4.9645e-04 +2.6042e-04 +4.5178e-05 +3.1382e-04 +4.0242e-04 +7.4930e-04 +9.2387e-04 +5.9628e-04 +9.6658e-04 +8.7890e-04 +1.1059e-03 +1.4222e-03 +1.7495e-03 +1.8156e-03 +1.8153e-03 +1.5693e-03 +2.2608e-03 +2.5521e-03 +2.4868e-03 +2.6454e-03 +2.9939e-03 +3.2917e-03 +3.6642e-03 
-0000.01000 -4.6190e-04 -3.5317e-04 -4.9645e-04 +2.6042e-04 +4.5178e-05 +3.1382e-04 +4.0242e-04 +7.4930e-04 +9.2387e-04 +5.9628e-04 +9.6658e-04 +8.7890e-04 +1.1059e-03 +1.4222e-03 +1.7495e-03 +1.8156e-03 +1.8153e-03 +1.5693e-03 +2.2608e-03 +2.5521e-03 +2.4868e-03 +2.6454e-03 +2.9939e-03 +3.2917e-03 +3.6642e-03 
-0000.01100 -4.6190e-04 -3.5317e-04 -4.9645e-04 +2.6042e-04 +4.5178e-05 +3.1382e-04 +4.0242e-04 +7.4930e-04 +9.2387e-04 +5.9628e-04 +9.6658e-04 +8.7890e-04 +1.1059e-03 +1.4222e-03 +1.7495e-03 +1.8156e-03 +1.8153e-03 +1.5693e-03 +2.2608e-03 +2.5521e-03 +2.4868e-03 +2.6454e-03 +2.9939e-03 +3.2917e-03 +3.6642e-03 
-0000.01200 -4.6190e-04 -3.5317e-04 -4.9645e-04 +2.6042e-04 +4.5178e-05 +3.1382e-04 +4.0242e-04 +7.4930e-04 +9.2387e-04 +5.9628e-04 +9.6658e-04 +8.7890e-04 +1.1059e-03 +1.4222e-03 +1.7495e-03 +1.8156e-03 +1.8153e-03 +1.5693e-03 +2.2608e-03 +2.5521e-03 +2.4868e-03 +2.6454e-03 +2.9939e-03 +3.2917e-03 +3.6642e-03 
# Total Vertical 2nd Order Kick [T2m2]
START
            -0000.01200 -0000.01100 -0000.01000 -0000.00900 -0000.00800 -0000.00700 -0000.00600 -0000.00500 -0000.00400 -0000.00300 -0000.00200 -0000.00100 +0000.00000 +0000.00100 +0000.00200 +0000.00300 +0000.00400 +0000.00500 +0000.00600 +0000.00700 +0000.00800 +0000.00900 +0000.01000 +0000.01100 +0000.01200 
+0000.01200 +0.0000e+00 +0.0000e+00 +0.0000e+00 +0.0000e+00 +0.0000e+00 +0.0000e+00 +0.0000e+00 +0.0000e+00 +0.0000e+00 +0.0000e+00 +0.0000e+00 +0.0000e+00 +0.0000e+00 +0.0000e+00 +0.0000e+00 +0.0000e+00 +0.0000e+00 +0.0000e+00 +0.0000e+00 +0.0000e+00 +0.0000e+00 +0.0000e+00 +0.0000e+00 +0.0000e+00 +0.0000e+00 
+0000.01100 +0.0000e+00 +0.0000e+00 +0.0000e+00 +0.0000e+00 +0.0000e+00 +0.0000e+00 +0.0000e+00 +0.0000e+00 +0.0000e+00 +0.0000e+00 +0.0000e+00 +0.0000e+00 +0.0000e+00 +0.0000e+00 +0.0000e+00 +0.0000e+00 +0.0000e+00 +0.0000e+00 +0.0000e+00 +0.0000e+00 +0.0000e+00 +0.0000e+00 +0.0000e+00 +0.0000e+00 +0.0000e+00 
+0000.01000 +0.0000e+00 +0.0000e+00 +0.0000e+00 +0.0000e+00 +0.0000e+00 +0.0000e+00 +0.0000e+00 +0.0000e+00 +0.0000e+00 +0.0000e+00 +0.0000e+00 +0.0000e+00 +0.0000e+00 +0.0000e+00 +0.0000e+00 +0.0000e+00 +0.0000e+00 +0.0000e+00 +0.0000e+00 +0.0000e+00 +0.0000e+00 +0.0000e+00 +0.0000e+00 +0.0000e+00 +0.0000e+00 
+0000.00900 +0.0000e+00 +0.0000e+00 +0.0000e+00 +0.0000e+00 +0.0000e+00 +0.0000e+00 +0.0000e+00 +0.0000e+00 +0.0000e+00 +0.0000e+00 +0.0000e+00 +0.0000e+00 +0.0000e+00 +0.0000e+00 +0.0000e+00 +0.0000e+00 +0.0000e+00 +0.0000e+00 +0.0000e+00 +0.0000e+00 +0.0000e+00 +0.0000e+00 +0.0000e+00 +0.0000e+00 +0.0000e+00 
+0000.00800 +0.0000e+00 +0.0000e+00 +0.0000e+00 +0.0000e+00 +0.0000e+00 +0.0000e+00 +0.0000e+00 +0.0000e+00 +0.0000e+00 +0.0000e+00 +0.0000e+00 +0.0000e+00 +0.0000e+00 +0.0000e+00 +0.0000e+00 +0.0000e+00 +0.0000e+00 +0.0000e+00 +0.0000e+00 +0.0000e+00 +0.0000e+00 +0.0000e+00 +0.0000e+00 +0.0000e+00 +0.0000e+00 
+0000.00700 +0.0000e+00 +0.0000e+00 +0.0000e+00 +0.0000e+00 +0.0000e+00 +0.0000e+00 +0.0000e+00 +0.0000e+00 +0.0000e+00 +0.0000e+00 +0.0000e+00 +0.0000e+00 +0.0000e+00 +0.0000e+00 +0.0000e+00 +0.0000e+00 +0.0000e+00 +0.0000e+00 +0.0000e+00 +0.0000e+00 +0.0000e+00 +0.0000e+00 +0.0000e+00 +0.0000e+00 +0.0000e+00 
+0000.00600 +0.0000e+00 +0.0000e+00 +0.0000e+00 +0.0000e+00 +0.0000e+00 +0.0000e+00 +0.0000e+00 +0.0000e+00 +0.0000e+00 +0.0000e+00 +0.0000e+00 +0.0000e+00 +0.0000e+00 +0.0000e+00 +0.0000e+00 +0.0000e+00 +0.0000e+00 +0.0000e+00 +0.0000e+00 +0.0000e+00 +0.0000e+00 +0.0000e+00 +0.0000e+00 +0.0000e+00 +0.0000e+00 
+0000.00500 +0.0000e+00 +0.0000e+00 +0.0000e+00 +0.0000e+00 +0.0000e+00 +0.0000e+00 +0.0000e+00 +0.0000e+00 +0.0000e+00 +0.0000e+00 +0.0000e+00 +0.0000e+00 +0.0000e+00 +0.0000e+00 +0.0000e+00 +0.0000e+00 +0.0000e+00 +0.0000e+00 +0.0000e+00 +0.0000e+00 +0.0000e+00 +0.0000e+00 +0.0000e+00 +0.0000e+00 +0.0000e+00 
+0000.00400 +0.0000e+00 +0.0000e+00 +0.0000e+00 +0.0000e+00 +0.0000e+00 +0.0000e+00 +0.0000e+00 +0.0000e+00 +0.0000e+00 +0.0000e+00 +0.0000e+00 +0.0000e+00 +0.0000e+00 +0.0000e+00 +0.0000e+00 +0.0000e+00 +0.0000e+00 +0.0000e+00 +0.0000e+00 +0.0000e+00 +0.0000e+00 +0.0000e+00 +0.0000e+00 +0.0000e+00 +0.0000e+00 
+0000.00300 +0.0000e+00 +0.0000e+00 +0.0000e+00 +0.0000e+00 +0.0000e+00 +0.0000e+00 +0.0000e+00 +0.0000e+00 +0.0000e+00 +0.0000e+00 +0.0000e+00 +0.0000e+00 +0.0000e+00 +0.0000e+00 +0.0000e+00 +0.0000e+00 +0.0000e+00 +0.0000e+00 +0.0000e+00 +0.0000e+00 +0.0000e+00 +0.0000e+00 +0.0000e+00 +0.0000e+00 +0.0000e+00 
+0000.00200 +0.0000e+00 +0.0000e+00 +0.0000e+00 +0.0000e+00 +0.0000e+00 +0.0000e+00 +0.0000e+00 +0.0000e+00 +0.0000e+00 +0.0000e+00 +0.0000e+00 +0.0000e+00 +0.0000e+00 +0.0000e+00 +0.0000e+00 +0.0000e+00 +0.0000e+00 +0.0000e+00 +0.0000e+00 +0.0000e+00 +0.0000e+00 +0.0000e+00 +0.0000e+00 +0.0000e+00 +0.0000e+00 
+0000.00100 +0.0000e+00 +0.0000e+00 +0.0000e+00 +0.0000e+00 +0.0000e+00 +0.0000e+00 +0.0000e+00 +0.0000e+00 +0.0000e+00 +0.0000e+00 +0.0000e+00 +0.0000e+00 +0.0000e+00 +0.0000e+00 +0.0000e+00 +0.0000e+00 +0.0000e+00 +0.0000e+00 +0.0000e+00 +0.0000e+00 +0.0000e+00 +0.0000e+00 +0.0000e+00 +0.0000e+00 +0.0000e+00 
+0000.00000 +0.0000e+00 +0.0000e+00 +0.0000e+00 +0.0000e+00 +0.0000e+00 +0.0000e+00 +0.0000e+00 +0.0000e+00 +0.0000e+00 +0.0000e+00 +0.0000e+00 +0.0000e+00 +0.0000e+00 +0.0000e+00 +0.0000e+00 +0.0000e+00 +0.0000e+00 +0.0000e+00 +0.0000e+00 +0.0000e+00 +0.0000e+00 +0.0000e+00 +0.0000e+00 +0.0000e+00 +0.0000e+00 
-0000.00100 +0.0000e+00 +0.0000e+00 +0.0000e+00 +0.0000e+00 +0.0000e+00 +0.0000e+00 +0.0000e+00 +0.0000e+00 +0.0000e+00 +0.0000e+00 +0.0000e+00 +0.0000e+00 +0.0000e+00 +0.0000e+00 +0.0000e+00 +0.0000e+00 +0.0000e+00 +0.0000e+00 +0.0000e+00 +0.0000e+00 +0.0000e+00 +0.0000e+00 +0.0000e+00 +0.0000e+00 +0.0000e+00 
-0000.00200 +0.0000e+00 +0.0000e+00 +0.0000e+00 +0.0000e+00 +0.0000e+00 +0.0000e+00 +0.0000e+00 +0.0000e+00 +0.0000e+00 +0.0000e+00 +0.0000e+00 +0.0000e+00 +0.0000e+00 +0.0000e+00 +0.0000e+00 +0.0000e+00 +0.0000e+00 +0.0000e+00 +0.0000e+00 +0.0000e+00 +0.0000e+00 +0.0000e+00 +0.0000e+00 +0.0000e+00 +0.0000e+00 
-0000.00300 +0.0000e+00 +0.0000e+00 +0.0000e+00 +0.0000e+00 +0.0000e+00 +0.0000e+00 +0.0000e+00 +0.0000e+00 +0.0000e+00 +0.0000e+00 +0.0000e+00 +0.0000e+00 +0.0000e+00 +0.0000e+00 +0.0000e+00 +0.0000e+00 +0.0000e+00 +0.0000e+00 +0.0000e+00 +0.0000e+00 +0.0000e+00 +0.0000e+00 +0.0000e+00 +0.0000e+00 +0.0000e+00 
-0000.00400 +0.0000e+00 +0.0000e+00 +0.0000e+00 +0.0000e+00 +0.0000e+00 +0.0000e+00 +0.0000e+00 +0.0000e+00 +0.0000e+00 +0.0000e+00 +0.0000e+00 +0.0000e+00 +0.0000e+00 +0.0000e+00 +0.0000e+00 +0.0000e+00 +0.0000e+00 +0.0000e+00 +0.0000e+00 +0.0000e+00 +0.0000e+00 +0.0000e+00 +0.0000e+00 +0.0000e+00 +0.0000e+00 
-0000.00500 +0.0000e+00 +0.0000e+00 +0.0000e+00 +0.0000e+00 +0.0000e+00 +0.0000e+00 +0.0000e+00 +0.0000e+00 +0.0000e+00 +0.0000e+00 +0.0000e+00 +0.0000e+00 +0.0000e+00 +0.0000e+00 +0.0000e+00 +0.0000e+00 +0.0000e+00 +0.0000e+00 +0.0000e+00 +0.0000e+00 +0.0000e+00 +0.0000e+00 +0.0000e+00 +0.0000e+00 +0.0000e+00 
-0000.00600 +0.0000e+00 +0.0000e+00 +0.0000e+00 +0.0000e+00 +0.0000e+00 +0.0000e+00 +0.0000e+00 +0.0000e+00 +0.0000e+00 +0.0000e+00 +0.0000e+00 +0.0000e+00 +0.0000e+00 +0.0000e+00 +0.0000e+00 +0.0000e+00 +0.0000e+00 +0.0000e+00 +0.0000e+00 +0.0000e+00 +0.0000e+00 +0.0000e+00 +0.0000e+00 +0.0000e+00 +0.0000e+00 
-0000.00700 +0.0000e+00 +0.0000e+00 +0.0000e+00 +0.0000e+00 +0.0000e+00 +0.0000e+00 +0.0000e+00 +0.0000e+00 +0.0000e+00 +0.0000e+00 +0.0000e+00 +0.0000e+00 +0.0000e+00 +0.0000e+00 +0.0000e+00 +0.0000e+00 +0.0000e+00 +0.0000e+00 +0.0000e+00 +0.0000e+00 +0.0000e+00 +0.0000e+00 +0.0000e+00 +0.0000e+00 +0.0000e+00 
-0000.00800 +0.0000e+00 +0.0000e+00 +0.0000e+00 +0.0000e+00 +0.0000e+00 +0.0000e+00 +0.0000e+00 +0.0000e+00 +0.0000e+00 +0.0000e+00 +0.0000e+00 +0.0000e+00 +0.0000e+00 +0.0000e+00 +0.0000e+00 +0.0000e+00 +0.0000e+00 +0.0000e+00 +0.0000e+00 +0.0000e+00 +0.0000e+00 +0.0000e+00 +0.0000e+00 +0.0000e+00 +0.0000e+00 
-0000.00900 +0.0000e+00 +0.0000e+00 +0.0000e+00 +0.0000e+00 +0.0000e+00 +0.0000e+00 +0.0000e+00 +0.0000e+00 +0.0000e+00 +0.0000e+00 +0.0000e+00 +0.0000e+00 +0.0000e+00 +0.0000e+00 +0.0000e+00 +0.0000e+00 +0.0000e+00 +0.0000e+00 +0.0000e+00 +0.0000e+00 +0.0000e+00 +0.0000e+00 +0.0000e+00 +0.0000e+00 +0.0000e+00 
-0000.01000 +0.0000e+00 +0.0000e+00 +0.0000e+00 +0.0000e+00 +0.0000e+00 +0.0000e+00 +0.0000e+00 +0.0000e+00 +0.0000e+00 +0.0000e+00 +0.0000e+00 +0.0000e+00 +0.0000e+00 +0.0000e+00 +0.0000e+00 +0.0000e+00 +0.0000e+00 +0.0000e+00 +0.0000e+00 +0.0000e+00 +0.0000e+00 +0.0000e+00 +0.0000e+00 +0.0000e+00 +0.0000e+00 
-0000.01100 +0.0000e+00 +0.0000e+00 +0.0000e+00 +0.0000e+00 +0.0000e+00 +0.0000e+00 +0.0000e+00 +0.0000e+00 +0.0000e+00 +0.0000e+00 +0.0000e+00 +0.0000e+00 +0.0000e+00 +0.0000e+00 +0.0000e+00 +0.0000e+00 +0.0000e+00 +0.0000e+00 +0.0000e+00 +0.0000e+00 +0.0000e+00 +0.0000e+00 +0.0000e+00 +0.0000e+00 +0.0000e+00 
-0000.01200 +0.0000e+00 +0.0000e+00 +0.0000e+00 +0.0000e+00 +0.0000e+00 +0.0000e+00 +0.0000e+00 +0.0000e+00 +0.0000e+00 +0.0000e+00 +0.0000e+00 +0.0000e+00 +0.0000e+00 +0.0000e+00 +0.0000e+00 +0.0000e+00 +0.0000e+00 +0.0000e+00 +0.0000e+00 +0.0000e+00 +0.0000e+00 +0.0000e+00 +0.0000e+00 +0.0000e+00 +0.0000e+00 
# Horizontal Final Position [m]
START
            -0000.01200 -0000.01100 -0000.01000 -0000.00900 -0000.00800 -0000.00700 -0000.00600 -0000.00500 -0000.00400 -0000.00300 -0000.00200 -0000.00100 +0000.00000 +0000.00100 +0000.00200 +0000.00300 +0000.00400 +0000.00500 +0000.00600 +0000.00700 +0000.00800 +0000.00900 +0000.01000 +0000.01100 +0000.01200 
+0000.01200 -1.2000e-02 -1.1000e-02 -1.0000e-02 -9.0000e-03 -8.0000e-03 -7.0000e-03 -6.0000e-03 -5.0000e-03 -4.0000e-03 -3.0000e-03 -2.0000e-03 -1.0000e-03 +1.0408e-17 +1.0000e-03 +2.0000e-03 +3.0000e-03 +4.0000e-03 +5.0000e-03 +6.0000e-03 +7.0000e-03 +8.0000e-03 +9.0000e-03 +1.0000e-02 +1.1000e-02 +1.2000e-02 
+0000.01100 -1.2020e-02 -1.1015e-02 -1.0015e-02 -8.9937e-03 -7.9963e-03 -6.9906e-03 -5.9867e-03 -4.9762e-03 -3.9701e-03 -2.9770e-03 -1.9695e-03 -9.7050e-04 +3.3861e-05 +1.0385e-03 +2.0425e-03 +3.0397e-03 +4.0382e-03 +5.0282e-03 +6.0407e-03 +7.0417e-03 +8.0356e-03 +9.0378e-03 +1.0035e-02 +1.1036e-02 +1.2037e-02 
+0000.01000 -1.2020e-02 -1.1015e-02 -1.0015e-02 -8.9937e-03 -7.9963e-03 -6.9906e-03 -5.9867e-03 -4.9762e-03 -3.9701e-03 -2.9770e-03 -1.9695e-03 -9.7050e-04 +3.3861e-05 +1.0385e-03 +2.0425e-03 +3.0397e-03 +4.0382e-03 +5.0282e-03 +6.0407e-03 +7.0417e-03 +8.0356e-03 +9.0378e-03 +1.0035e-02 +1.1036e-02 +1.2037e-02 
+0000.00900 -1.2020e-02 -1.1015e-02 -1.0015e-02 -8.9937e-03 -7.9963e-03 -6.9906e-03 -5.9867e-03 -4.9762e-03 -3.9701e-03 -2.9770e-03 -1.9695e-03 -9.7050e-04 +3.3861e-05 +1.0385e-03 +2.0425e-03 +3.0397e-03 +4.0382e-03 +5.0282e-03 +6.0407e-03 +7.0417e-03 +8.0356e-03 +9.0378e-03 +1.0035e-02 +1.1036e-02 +1.2037e-02 
+0000.00800 -1.2020e-02 -1.1015e-02 -1.0015e-02 -8.9937e-03 -7.9963e-03 -6.9906e-03 -5.9867e-03 -4.9762e-03 -3.9701e-03 -2.9770e-03 -1.9695e-03 -9.7050e-04 +3.3861e-05 +1.0385e-03 +2.0425e-03 +3.0397e-03 +4.0382e-03 +5.0282e-03 +6.0407e-03 +7.0417e-03 +8.0356e-03 +9.0378e-03 +1.0035e-02 +1.1036e-02 +1.2037e-02 
+0000.00700 -1.2020e-02 -1.1015e-02 -1.0015e-02 -8.9937e-03 -7.9963e-03 -6.9906e-03 -5.9867e-03 -4.9762e-03 -3.9701e-03 -2.9770e-03 -1.9695e-03 -9.7050e-04 +3.3861e-05 +1.0385e-03 +2.0425e-03 +3.0397e-03 +4.0382e-03 +5.0282e-03 +6.0407e-03 +7.0417e-03 +8.0356e-03 +9.0378e-03 +1.0035e-02 +1.1036e-02 +1.2037e-02 
+0000.00600 -1.2020e-02 -1.1015e-02 -1.0015e-02 -8.9937e-03 -7.9963e-03 -6.9906e-03 -5.9867e-03 -4.9762e-03 -3.9701e-03 -2.9770e-03 -1.9695e-03 -9.7050e-04 +3.3861e-05 +1.0385e-03 +2.0425e-03 +3.0397e-03 +4.0382e-03 +5.0282e-03 +6.0407e-03 +7.0417e-03 +8.0356e-03 +9.0378e-03 +1.0035e-02 +1.1036e-02 +1.2037e-02 
+0000.00500 -1.2020e-02 -1.1015e-02 -1.0015e-02 -8.9937e-03 -7.9963e-03 -6.9906e-03 -5.9867e-03 -4.9762e-03 -3.9701e-03 -2.9770e-03 -1.9695e-03 -9.7050e-04 +3.3861e-05 +1.0385e-03 +2.0425e-03 +3.0397e-03 +4.0382e-03 +5.0282e-03 +6.0407e-03 +7.0417e-03 +8.0356e-03 +9.0378e-03 +1.0035e-02 +1.1036e-02 +1.2037e-02 
+0000.00400 -1.2020e-02 -1.1015e-02 -1.0015e-02 -8.9937e-03 -7.9963e-03 -6.9906e-03 -5.9867e-03 -4.9762e-03 -3.9701e-03 -2.9770e-03 -1.9695e-03 -9.7050e-04 +3.3861e-05 +1.0385e-03 +2.0425e-03 +3.0397e-03 +4.0382e-03 +5.0282e-03 +6.0407e-03 +7.0417e-03 +8.0356e-03 +9.0378e-03 +1.0035e-02 +1.1036e-02 +1.2037e-02 
+0000.00300 -1.2020e-02 -1.1015e-02 -1.0015e-02 -8.9937e-03 -7.9963e-03 -6.9906e-03 -5.9867e-03 -4.9762e-03 -3.9701e-03 -2.9770e-03 -1.9695e-03 -9.7050e-04 +3.3861e-05 +1.0385e-03 +2.0425e-03 +3.0397e-03 +4.0382e-03 +5.0282e-03 +6.0407e-03 +7.0417e-03 +8.0356e-03 +9.0378e-03 +1.0035e-02 +1.1036e-02 +1.2037e-02 
+0000.00200 -1.2020e-02 -1.1015e-02 -1.0015e-02 -8.9937e-03 -7.9963e-03 -6.9906e-03 -5.9867e-03 -4.9762e-03 -3.9701e-03 -2.9770e-03 -1.9695e-03 -9.7050e-04 +3.3861e-05 +1.0385e-03 +2.0425e-03 +3.0397e-03 +4.0382e-03 +5.0282e-03 +6.0407e-03 +7.0417e-03 +8.0356e-03 +9.0378e-03 +1.0035e-02 +1.1036e-02 +1.2037e-02 
+0000.00100 -1.2020e-02 -1.1015e-02 -1.0015e-02 -8.9937e-03 -7.9963e-03 -6.9906e-03 -5.9867e-03 -4.9762e-03 -3.9701e-03 -2.9770e-03 -1.9695e-03 -9.7050e-04 +3.3861e-05 +1.0385e-03 +2.0425e-03 +3.0397e-03 +4.0382e-03 +5.0282e-03 +6.0407e-03 +7.0417e-03 +8.0356e-03 +9.0378e-03 +1.0035e-02 +1.1036e-02 +1.2037e-02 
+0000.00000 -1.2020e-02 -1.1015e-02 -1.0015e-02 -8.9937e-03 -7.9963e-03 -6.9906e-03 -5.9867e-03 -4.9762e-03 -3.9701e-03 -2.9770e-03 -1.9695e-03 -9.7050e-04 +3.3861e-05 +1.0385e-03 +2.0425e-03 +3.0397e-03 +4.0382e-03 +5.0282e-03 +6.0407e-03 +7.0417e-03 +8.0356e-03 +9.0378e-03 +1.0035e-02 +1.1036e-02 +1.2037e-02 
-0000.00100 -1.2020e-02 -1.1015e-02 -1.0015e-02 -8.9937e-03 -7.9963e-03 -6.9906e-03 -5.9867e-03 -4.9762e-03 -3.9701e-03 -2.9770e-03 -1.9695e-03 -9.7050e-04 +3.3861e-05 +1.0385e-03 +2.0425e-03 +3.0397e-03 +4.0382e-03 +5.0282e-03 +6.0407e-03 +7.0417e-03 +8.0356e-03 +9.0378e-03 +1.0035e-02 +1.1036e-02 +1.2037e-02 
-0000.00200 -1.2020e-02 -1.1015e-02 -1.0015e-02 -8.9937e-03 -7.9963e-03 -6.9906e-03 -5.9867e-03 -4.9762e-03 -3.9701e-03 -2.9770e-03 -1.9695e-03 -9.7050e-04 +3.3861e-05 +1.0385e-03 +2.0425e-03 +3.0397e-03 +4.0382e-03 +5.0282e-03 +6.0407e-03 +7.0417e-03 +8.0356e-03 +9.0378e-03 +1.0035e-02 +1.1036e-02 +1.2037e-02 
-0000.00300 -1.2020e-02 -1.1015e-02 -1.0015e-02 -8.9937e-03 -7.9963e-03 -6.9906e-03 -5.9867e-03 -4.9762e-03 -3.9701e-03 -2.9770e-03 -1.9695e-03 -9.7050e-04 +3.3861e-05 +1.0385e-03 +2.0425e-03 +3.0397e-03 +4.0382e-03 +5.0282e-03 +6.0407e-03 +7.0417e-03 +8.0356e-03 +9.0378e-03 +1.0035e-02 +1.1036e-02 +1.2037e-02 
-0000.00400 -1.2020e-02 -1.1015e-02 -1.0015e-02 -8.9937e-03 -7.9963e-03 -6.9906e-03 -5.9867e-03 -4.9762e-03 -3.9701e-03 -2.9770e-03 -1.9695e-03 -9.7050e-04 +3.3861e-05 +1.0385e-03 +2.0425e-03 +3.0397e-03 +4.0382e-03 +5.0282e-03 +6.0407e-03 +7.0417e-03 +8.0356e-03 +9.0378e-03 +1.0035e-02 +1.1036e-02 +1.2037e-02 
-0000.00500 -1.2020e-02 -1.1015e-02 -1.0015e-02 -8.9937e-03 -7.9963e-03 -6.9906e-03 -5.9867e-03 -4.9762e-03 -3.9701e-03 -2.9770e-03 -1.9695e-03 -9.7050e-04 +3.3861e-05 +1.0385e-03 +2.0425e-03 +3.0397e-03 +4.0382e-03 +5.0282e-03 +6.0407e-03 +7.0417e-03 +8.0356e-03 +9.0378e-03 +1.0035e-02 +1.1036e-02 +1.2037e-02 
-0000.00600 -1.2020e-02 -1.1015e-02 -1.0015e-02 -8.9937e-03 -7.9963e-03 -6.9906e-03 -5.9867e-03 -4.9762e-03 -3.9701e-03 -2.9770e-03 -1.9695e-03 -9.7050e-04 +3.3861e-05 +1.0385e-03 +2.0425e-03 +3.0397e-03 +4.0382e-03 +5.0282e-03 +6.0407e-03 +7.0417e-03 +8.0356e-03 +9.0378e-03 +1.0035e-02 +1.1036e-02 +1.2037e-02 
-0000.00700 -1.2020e-02 -1.1015e-02 -1.0015e-02 -8.9937e-03 -7.9963e-03 -6.9906e-03 -5.9867e-03 -4.9762e-03 -3.9701e-03 -2.9770e-03 -1.9695e-03 -9.7050e-04 +3.3861e-05 +1.0385e-03 +2.0425e-03 +3.0397e-03 +4.0382e-03 +5.0282e-03 +6.0407e-03 +7.0417e-03 +8.0356e-03 +9.0378e-03 +1.0035e-02 +1.1036e-02 +1.2037e-02 
-0000.00800 -1.2020e-02 -1.1015e-02 -1.0015e-02 -8.9937e-03 -7.9963e-03 -6.9906e-03 -5.9867e-03 -4.9762e-03 -3.9701e-03 -2.9770e-03 -1.9695e-03 -9.7050e-04 +3.3861e-05 +1.0385e-03 +2.0425e-03 +3.0397e-03 +4.0382e-03 +5.0282e-03 +6.0407e-03 +7.0417e-03 +8.0356e-03 +9.0378e-03 +1.0035e-02 +1.1036e-02 +1.2037e-02 
-0000.00900 -1.2020e-02 -1.1015e-02 -1.0015e-02 -8.9937e-03 -7.9963e-03 -6.9906e-03 -5.9867e-03 -4.9762e-03 -3.9701e-03 -2.9770e-03 -1.9695e-03 -9.7050e-04 +3.3861e-05 +1.0385e-03 +2.0425e-03 +3.0397e-03 +4.0382e-03 +5.0282e-03 +6.0407e-03 +7.0417e-03 +8.0356e-03 +9.0378e-03 +1.0035e-02 +1.1036e-02 +1.2037e-02 
-0000.01000 -1.2020e-02 -1.1015e-02 -1.0015e-02 -8.9937e-03 -7.9963e-03 -6.9906e-03 -5.9867e-03 -4.9762e-03 -3.9701e-03 -2.9770e-03 -1.9695e-03 -9.7050e-04 +3.3861e-05 +1.0385e-03 +2.0425e-03 +3.0397e-03 +4.0382e-03 +5.0282e-03 +6.0407e-03 +7.0417e-03 +8.0356e-03 +9.0378e-03 +1.0035e-02 +1.1036e-02 +1.2037e-02 
-0000.01100 -1.2020e-02 -1.1015e-02 -1.0015e-02 -8.9937e-03 -7.9963e-03 -6.9906e-03 -5.9867e-03 -4.9762e-03 -3.9701e-03 -2.9770e-03 -1.9695e-03 -9.7050e-04 +3.3861e-05 +1.0385e-03 +2.0425e-03 +3.0397e-03 +4.0382e-03 +5.0282e-03 +6.0407e-03 +7.0417e-03 +8.0356e-03 +9.0378e-03 +1.0035e-02 +1.1036e-02 +1.2037e-02 
-0000.01200 -1.2020e-02 -1.1015e-02 -1.0015e-02 -8.9937e-03 -7.9963e-03 -6.9906e-03 -5.9867e-03 -4.9762e-03 -3.9701e-03 -2.9770e-03 -1.9695e-03 -9.7050e-04 +3.3861e-05 +1.0385e-03 +2.0425e-03 +3.0397e-03 +4.0382e-03 +5.0282e-03 +6.0407e-03 +7.0417e-03 +8.0356e-03 +9.0378e-03 +1.0035e-02 +1.1036e-02 +1.2037e-02 
# Vertical Final Position [m]
START
            -0000.01200 -0000.01100 -0000.01000 -0000.00900 -0000.00800 -0000.00700 -0000.00600 -0000.00500 -0000.00400 -0000.00300 -0000.00200 -0000.00100 +0000.00000 +0000.00100 +0000.00200 +0000.00300 +0000.00400 +0000.00500 +0000.00600 +0000.00700 +0000.00800 +0000.00900 +0000.01000 +0000.01100 +0000.01200 
+0000.01200 +1.2000e-02 +1.2000e-02 +1.2000e-02 +1.2000e-02 +1.2000e-02 +1.2000e-02 +1.2000e-02 +1.2000e-02 +1.2000e-02 +1.2000e-02 +1.2000e-02 +1.2000e-02 +1.2000e-02 +1.2000e-02 +1.2000e-02 +1.2000e-02 +1.2000e-02 +1.2000e-02 +1.2000e-02 +1.2000e-02 +1.2000e-02 +1.2000e-02 +1.2000e-02 +1.2000e-02 +1.2000e-02 
+0000.01100 +1.1000e-02 +1.1000e-02 +1.1000e-02 +1.1000e-02 +1.1000e-02 +1.1000e-02 +1.1000e-02 +1.1000e-02 +1.1000e-02 +1.1000e-02 +1.1000e-02 +1.1000e-02 +1.1000e-02 +1.1000e-02 +1.1000e-02 +1.1000e-02 +1.1000e-02 +1.1000e-02 +1.1000e-02 +1.1000e-02 +1.1000e-02 +1.1000e-02 +1.1000e-02 +1.1000e-02 +1.1000e-02 
+0000.01000 +1.0000e-02 +1.0000e-02 +1.0000e-02 +1.0000e-02 +1.0000e-02 +1.0000e-02 +1.0000e-02 +1.0000e-02 +1.0000e-02 +1.0000e-02 +1.0000e-02 +1.0000e-02 +1.0000e-02 +1.0000e-02 +1.0000e-02 +1.0000e-02 +1.0000e-02 +1.0000e-02 +1.0000e-02 +1.0000e-02 +1.0000e-02 +1.0000e-02 +1.0000e-02 +1.0000e-02 +1.0000e-02 
+0000.00900 +9.0000e-03 +9.0000e-03 +9.0000e-03 +9.0000e-03 +9.0000e-03 +9.0000e-03 +9.0000e-03 +9.0000e-03 +9.0000e-03 +9.0000e-03 +9.0000e-03 +9.0000e-03 +9.0000e-03 +9.0000e-03 +9.0000e-03 +9.0000e-03 +9.0000e-03 +9.0000e-03 +9.0000e-03 +9.0000e-03 +9.0000e-03 +9.0000e-03 +9.0000e-03 +9.0000e-03 +9.0000e-03 
+0000.00800 +8.0000e-03 +8.0000e-03 +8.0000e-03 +8.0000e-03 +8.0000e-03 +8.0000e-03 +8.0000e-03 +8.0000e-03 +8.0000e-03 +8.0000e-03 +8.0000e-03 +8.0000e-03 +8.0000e-03 +8.0000e-03 +8.0000e-03 +8.0000e-03 +8.0000e-03 +8.0000e-03 +8.0000e-03 +8.0000e-03 +8.0000e-03 +8.0000e-03 +8.0000e-03 +8.0000e-03 +8.0000e-03 
+0000.00700 +7.0000e-03 +7.0000e-03 +7.0000e-03 +7.0000e-03 +7.0000e-03 +7.0000e-03 +7.0000e-03 +7.0000e-03 +7.0000e-03 +7.0000e-03 +7.0000e-03 +7.0000e-03 +7.0000e-03 +7.0000e-03 +7.0000e-03 +7.0000e-03 +7.0000e-03 +7.0000e-03 +7.0000e-03 +7.0000e-03 +7.0000e-03 +7.0000e-03 +7.0000e-03 +7.0000e-03 +7.0000e-03 
+0000.00600 +6.0000e-03 +6.0000e-03 +6.0000e-03 +6.0000e-03 +6.0000e-03 +6.0000e-03 +6.0000e-03 +6.0000e-03 +6.0000e-03 +6.0000e-03 +6.0000e-03 +6.0000e-03 +6.0000e-03 +6.0000e-03 +6.0000e-03 +6.0000e-03 +6.0000e-03 +6.0000e-03 +6.0000e-03 +6.0000e-03 +6.0000e-03 +6.0000e-03 +6.0000e-03 +6.0000e-03 +6.0000e-03 
+0000.00500 +5.0000e-03 +5.0000e-03 +5.0000e-03 +5.0000e-03 +5.0000e-03 +5.0000e-03 +5.0000e-03 +5.0000e-03 +5.0000e-03 +5.0000e-03 +5.0000e-03 +5.0000e-03 +5.0000e-03 +5.0000e-03 +5.0000e-03 +5.0000e-03 +5.0000e-03 +5.0000e-03 +5.0000e-03 +5.0000e-03 +5.0000e-03 +5.0000e-03 +5.0000e-03 +5.0000e-03 +5.0000e-03 
+0000.00400 +4.0000e-03 +4.0000e-03 +4.0000e-03 +4.0000e-03 +4.0000e-03 +4.0000e-03 +4.0000e-03 +4.0000e-03 +4.0000e-03 +4.0000e-03 +4.0000e-03 +4.0000e-03 +4.0000e-03 +4.0000e-03 +4.0000e-03 +4.0000e-03 +4.0000e-03 +4.0000e-03 +4.0000e-03 +4.0000e-03 +4.0000e-03 +4.0000e-03 +4.0000e-03 +4.0000e-03 +4.0000e-03 
+0000.00300 +3.0000e-03 +3.0000e-03 +3.0000e-03 +3.0000e-03 +3.0000e-03 +3.0000e-03 +3.0000e-03 +3.0000e-03 +3.0000e-03 +3.0000e-03 +3.0000e-03 +3.0000e-03 +3.0000e-03 +3.0000e-03 +3.0000e-03 +3.0000e-03 +3.0000e-03 +3.0000e-03 +3.0000e-03 +3.0000e-03 +3.0000e-03 +3.0000e-03 +3.0000e-03 +3.0000e-03 +3.0000e-03 
+0000.00200 +2.0000e-03 +2.0000e-03 +2.0000e-03 +2.0000e-03 +2.0000e-03 +2.0000e-03 +2.0000e-03 +2.0000e-03 +2.0000e-03 +2.0000e-03 +2.0000e-03 +2.0000e-03 +2.0000e-03 +2.0000e-03 +2.0000e-03 +2.0000e-03 +2.0000e-03 +2.0000e-03 +2.0000e-03 +2.0000e-03 +2.0000e-03 +2.0000e-03 +2.0000e-03 +2.0000e-03 +2.0000e-03 
+0000.00100 +1.0000e-03 +1.0000e-03 +1.0000e-03 +1.0000e-03 +1.0000e-03 +1.0000e-03 +1.0000e-03 +1.0000e-03 +1.0000e-03 +1.0000e-03 +1.0000e-03 +1.0000e-03 +1.0000e-03 +1.0000e-03 +1.0000e-03 +1.0000e-03 +1.0000e-03 +1.0000e-03 +1.0000e-03 +1.0000e-03 +1.0000e-03 +1.0000e-03 +1.0000e-03 +1.0000e-03 +1.0000e-03 
+0000.00000 +1.0408e-17 +1.0408e-17 +1.0408e-17 +1.0408e-17 +1.0408e-17 +1.0408e-17 +1.0408e-17 +1.0408e-17 +1.0408e-17 +1.0408e-17 +1.0408e-17 +1.0408e-17 +1.0408e-17 +1.0408e-17 +1.0408e-17 +1.0408e-17 +1.0408e-17 +1.0408e-17 +1.0408e-17 +1.0408e-17 +1.0408e-17 +1.0408e-17 +1.0408e-17 +1.0408e-17 +1.0408e-17 
-0000.00100 -1.0000e-03 -1.0000e-03 -1.0000e-03 -1.0000e-03 -1.0000e-03 -1.0000e-03 -1.0000e-03 -1.0000e-03 -1.0000e-03 -1.0000e-03 -1.0000e-03 -1.0000e-03 -1.0000e-03 -1.0000e-03 -1.0000e-03 -1.0000e-03 -1.0000e-03 -1.0000e-03 -1.0000e-03 -1.0000e-03 -1.0000e-03 -1.0000e-03 -1.0000e-03 -1.0000e-03 -1.0000e-03 
-0000.00200 -2.0000e-03 -2.0000e-03 -2.0000e-03 -2.0000e-03 -2.0000e-03 -2.0000e-03 -2.0000e-03 -2.0000e-03 -2.0000e-03 -2.0000e-03 -2.0000e-03 -2.0000e-03 -2.0000e-03 -2.0000e-03 -2.0000e-03 -2.0000e-03 -2.0000e-03 -2.0000e-03 -2.0000e-03 -2.0000e-03 -2.0000e-03 -2.0000e-03 -2.0000e-03 -2.0000e-03 -2.0000e-03 
-0000.00300 -3.0000e-03 -3.0000e-03 -3.0000e-03 -3.0000e-03 -3.0000e-03 -3.0000e-03 -3.0000e-03 -3.0000e-03 -3.0000e-03 -3.0000e-03 -3.0000e-03 -3.0000e-03 -3.0000e-03 -3.0000e-03 -3.0000e-03 -3.0000e-03 -3.0000e-03 -3.0000e-03 -3.0000e-03 -3.0000e-03 -3.0000e-03 -3.0000e-03 -3.0000e-03 -3.0000e-03 -3.0000e-03 
-0000.00400 -4.0000e-03 -4.0000e-03 -4.0000e-03 -4.0000e-03 -4.0000e-03 -4.0000e-03 -4.0000e-03 -4.0000e-03 -4.0000e-03 -4.0000e-03 -4.0000e-03 -4.0000e-03 -4.0000e-03 -4.0000e-03 -4.0000e-03 -4.0000e-03 -4.0000e-03 -4.0000e-03 -4.0000e-03 -4.0000e-03 -4.0000e-03 -4.0000e-03 -4.0000e-03 -4.0000e-03 -4.0000e-03 
-0000.00500 -5.0000e-03 -5.0000e-03 -5.0000e-03 -5.0000e-03 -5.0000e-03 -5.0000e-03 -5.0000e-03 -5.0000e-03 -5.0000e-03 -5.0000e-03 -5.0000e-03 -5.0000e-03 -5.0000e-03 -5.0000e-03 -5.0000e-03 -5.0000e-03 -5.0000e-03 -5.0000e-03 -5.0000e-03 -5.0000e-03 -5.0000e-03 -5.0000e-03 -5.0000e-03 -5.0000e-03 -5.0000e-03 
-0000.00600 -6.0000e-03 -6.0000e-03 -6.0000e-03 -6.0000e-03 -6.0000e-03 -6.0000e-03 -6.0000e-03 -6.0000e-03 -6.0000e-03 -6.0000e-03 -6.0000e-03 -6.0000e-03 -6.0000e-03 -6.0000e-03 -6.0000e-03 -6.0000e-03 -6.0000e-03 -6.0000e-03 -6.0000e-03 -6.0000e-03 -6.0000e-03 -6.0000e-03 -6.0000e-03 -6.0000e-03 -6.0000e-03 
-0000.00700 -7.0000e-03 -7.0000e-03 -7.0000e-03 -7.0000e-03 -7.0000e-03 -7.0000e-03 -7.0000e-03 -7.0000e-03 -7.0000e-03 -7.0000e-03 -7.0000e-03 -7.0000e-03 -7.0000e-03 -7.0000e-03 -7.0000e-03 -7.0000e-03 -7.0000e-03 -7.0000e-03 -7.0000e-03 -7.0000e-03 -7.0000e-03 -7.0000e-03 -7.0000e-03 -7.0000e-03 -7.0000e-03 
-0000.00800 -8.0000e-03 -8.0000e-03 -8.0000e-03 -8.0000e-03 -8.0000e-03 -8.0000e-03 -8.0000e-03 -8.0000e-03 -8.0000e-03 -8.0000e-03 -8.0000e-03 -8.0000e-03 -8.0000e-03 -8.0000e-03 -8.0000e-03 -8.0000e-03 -8.0000e-03 -8.0000e-03 -8.0000e-03 -8.0000e-03 -8.0000e-03 -8.0000e-03 -8.0000e-03 -8.0000e-03 -8.0000e-03 
-0000.00900 -9.0000e-03 -9.0000e-03 -9.0000e-03 -9.0000e-03 -9.0000e-03 -9.0000e-03 -9.0000e-03 -9.0000e-03 -9.0000e-03 -9.0000e-03 -9.0000e-03 -9.0000e-03 -9.0000e-03 -9.0000e-03 -9.0000e-03 -9.0000e-03 -9.0000e-03 -9.0000e-03 -9.0000e-03 -9.0000e-03 -9.0000e-03 -9.0000e-03 -9.0000e-03 -9.0000e-03 -9.0000e-03 
-0000.01000 -1.0000e-02 -1.0000e-02 -1.0000e-02 -1.0000e-02 -1.0000e-02 -1.0000e-02 -1.0000e-02 -1.0000e-02 -1.0000e-02 -1.0000e-02 -1.0000e-02 -1.0000e-02 -1.0000e-02 -1.0000e-02 -1.0000e-02 -1.0000e-02 -1.0000e-02 -1.0000e-02 -1.0000e-02 -1.0000e-02 -1.0000e-02 -1.0000e-02 -1.0000e-02 -1.0000e-02 -1.0000e-02 
-0000.01100 -1.1000e-02 -1.1000e-02 -1.1000e-02 -1.1000e-02 -1.1000e-02 -1.1000e-02 -1.1000e-02 -1.1000e-02 -1.1000e-02 -1.1000e-02 -1.1000e-02 -1.1000e-02 -1.1000e-02 -1.1000e-02 -1.1000e-02 -1.1000e-02 -1.1000e-02 -1.1000e-02 -1.1000e-02 -1.1000e-02 -1.1000e-02 -1.1000e-02 -1.1000e-02 -1.1000e-02 -1.1000e-02 
-0000.01200 -1.2000e-02 -1.2000e-02 -1.2000e-02 -1.2000e-02 -1.2000e-02 -1.2000e-02 -1.2000e-02 -1.2000e-02 -1.2000e-02 -1.2000e-02 -1.2000e-02 -1.2000e-02 -1.2000e-02 -1.2000e-02 -1.2000e-02 -1.2000e-02 -1.2000e-02 -1.2000e-02 -1.2000e-02 -1.2000e-02 -1.2000e-02 -1.2000e-02 -1.2000e-02 -1.2000e-02 -1.2000e-02 