# Author: FAC idanalysis.IDKickMap
# Termination_kicks [T2m2]: +2.1622e-04 -4.3359e-05 +5.5640e-04 +1.1569e-03 
# Total Length of Longitudinal Interval [m]
2.77
# Number of Horizontal Points
37
# Number of Vertical Points
3
# Total Horizontal 2nd Order Kick [T2m2]
START
            -0000.01800 -0000.01700 -0000.01600 -0000.01500 -0000.01400 -0000.01300 -0000.01200 -0000.01100 -0000.01000 -0000.00900 -0000.00800 -0000.00700 -0000.00600 -0000.00500 -0000.00400 -0000.00300 -0000.00200 -0000.00100 +0000.00000 +0000.00100 +0000.00200 +0000.00300 +0000.00400 +0000.00500 +0000.00600 +0000.00700 +0000.00800 +0000.00900 +0000.01000 +0000.01100 +0000.01200 +0000.01300 +0000.01400 +0000.01500 +0000.01600 +0000.01700 +0000.01800 
+0000.01200 -2.5394e-04 -3.2924e-04 -3.7339e-04 -4.1596e-04 -4.4493e-04 -4.9576e-04 -5.0070e-04 -5.3336e-04 -5.4741e-04 -5.6468e-04 -5.9522e-04 -5.8781e-04 -5.9369e-04 -5.9748e-04 -5.7455e-04 -5.7039e-04 -5.5282e-04 -5.4401e-04 -5.1838e-04 -4.9712e-04 -4.7058e-04 -4.4020e-04 -4.2420e-04 -3.6129e-04 -3.1851e-04 -2.9704e-04 -2.6675e-04 -2.4785e-04 -2.4721e-04 -2.4344e-04 -2.2745e-04 -2.2644e-04 -2.3617e-04 -2.2851e-04 -2.0586e-04 -2.3187e-04 -2.4574e-04 
+0000.00000 -2.5394e-04 -3.2924e-04 -3.7339e-04 -4.1596e-04 -4.4493e-04 -4.9576e-04 -5.0070e-04 -5.3336e-04 -5.4741e-04 -5.6468e-04 -5.9522e-04 -5.8781e-04 -5.9369e-04 -5.9748e-04 -5.7455e-04 -5.7039e-04 -5.5282e-04 -5.4401e-04 -5.1838e-04 -4.9712e-04 -4.7058e-04 -4.4020e-04 -4.2420e-04 -3.6129e-04 -3.1851e-04 -2.9704e-04 -2.6675e-04 -2.4785e-04 -2.4721e-04 -2.4344e-04 -2.2745e-04 -2.2644e-04 -2.3617e-04 -2.2851e-04 -2.0586e-04 -2.3187e-04 -2.4574e-04 
-0000.01200 -2.5394e-04 -3.2924e-04 -3.7339e-04 -4.1596e-04 -4.4493e-04 -4.9576e-04 -5.0070e-04 -5.3336e-04 -5.4741e-04 -5.6468e-04 -5.9522e-04 -5.8781e-04 -5.9369e-04 -5.9748e-04 -5.7455e-04 -5.7039e-04 -5.5282e-04 -5.4401e-04 -5.1838e-04 -4.9712e-04 -4.7058e-04 -4.4020e-04 -4.2420e-04 -3.6129e-04 -3.1851e-04 -2.9704e-04 -2.6675e-04 -2.4785e-04 -2.4721e-04 -2.4344e-04 -2.2745e-04 -2.2644e-04 -2.3617e-04 -2.2851e-04 -2.0586e-04 -2.3187e-04 -2.4574e-04 
# Total Vertical 2nd Order Kick [T2m2]
START
            -0000.01800 -0000.01700 -0000.01600 -0000.01500 -0000.01400 -0000.01300 -0000.01200 -0000.01100 -0000.01000 -0000.00900 -0000.00800 -0000.00700 -0000.00600 -0000.00500 -0000.00400 -0000.00300 -0000.00200 -0000.00100 +0000.00000 +0000.00100 +0000.00200 +0000.00300 +0000.00400 +0000.00500 +0000.00600 +0000.00700 +0000.00800 +0000.00900 +0000.01000 +0000.01100 +0000.01200 +0000.01300 +0000.01400 +0000.01500 +0000.01600 +0000.01700 +0000.01800 
+0000.01200 -1.3144e-03 -1.2750e-03 -1.2575e-03 -1.1934e-03 -1.1586e-03 -1.1153e-03 -1.0721e-03 -1.0283e-03 -9.8204e-04 -9.2982e-04 -8.9025e-04 -8.4217e-04 -8.1063e-04 -7.6737e-04 -7.3572e-04 -7.2450e-04 -6.7723e-04 -6.5751e-04 -6.4114e-04 -6.1830e-04 -6.0165e-04 -5.9238e-04 -5.8602e-04 -6.1087e-04 -5.9407e-04 -5.7687e-04 -5.9021e-04 -5.9270e-04 -5.9915e-04 -5.9772e-04 -5.8764e-04 -5.8333e-04 -5.8264e-04 -5.7547e-04 -5.4035e-04 -5.2996e-04 -5.2171e-04 
+0000.00000 -1.3144e-03 -1.2750e-03 -1.2575e-03 -1.1934e-03 -1.1586e-03 -1.1153e-03 -1.0721e-03 -1.0283e-03 -9.8204e-04 -9.2982e-04 -8.9025e-04 -8.4217e-04 -8.1063e-04 -7.6737e-04 -7.3572e-04 -7.2450e-04 -6.7723e-04 -6.5751e-04 -6.4114e-04 -6.1830e-04 -6.0165e-04 -5.9238e-04 -5.8602e-04 -6.1087e-04 -5.9407e-04 -5.7687e-04 -5.9021e-04 -5.9270e-04 -5.9915e-04 -5.9772e-04 -5.8764e-04 -5.8333e-04 -5.8264e-04 -5.7547e-04 -5.4035e-04 -5.2996e-04 -5.2171e-04 
-0000.01200 -1.3144e-03 -1.2750e-03 -1.2575e-03 -1.1934e-03 -1.1586e-03 -1.1153e-03 -1.0721e-03 -1.0283e-03 -9.8204e-04 -9.2982e-04 -8.9025e-04 -8.4217e-04 -8.1063e-04 -7.6737e-04 -7.3572e-04 -7.2450e-04 -6.7723e-04 -6.5751e-04 -6.4114e-04 -6.1830e-04 -6.0165e-04 -5.9238e-04 -5.8602e-04 -6.1087e-04 -5.9407e-04 -5.7687e-04 -5.9021e-04 -5.9270e-04 -5.9915e-04 -5.9772e-04 -5.8764e-04 -5.8333e-04 -5.8264e-04 -5.7547e-04 -5.4035e-04 -5.2996e-04 -5.2171e-04 
# Horizontal Final Position [m]
START
            -0000.01800 -0000.01700 -0000.01600 -0000.01500 -0000.01400 -0000.01300 -0000.01200 -0000.01100 -0000.01000 -0000.00900 -0000.00800 -0000.00700 -0000.00600 -0000.00500 -0000.00400 -0000.00300 -0000.00200 -0000.00100 +0000.00000 +0000.00100 +0000.00200 +0000.00300 +0000.00400 +0000.00500 +0000.00600 +0000.00700 +0000.00800 +0000.00900 +0000.01000 +0000.01100 +0000.01200 +0000.01300 +0000.01400 +0000.01500 +0000.01600 +0000.01700 +0000.01800 
+0000.01200 -1.8017e-02 -1.7018e-02 -1.6019e-02 -1.5020e-02 -1.4021e-02 -1.3021e-02 -1.2021e-02 -1.1021e-02 -1.0020e-02 -9.0191e-03 -8.0184e-03 -7.0168e-03 -6.0152e-03 -5.0134e-03 -4.0108e-03 -3.0087e-03 -2.0060e-03 -1.0035e-03 -6.8581e-07 +1.0021e-03 +2.0052e-03 +3.0081e-03 +4.0108e-03 +5.0143e-03 +6.0174e-03 +7.0200e-03 +8.0228e-03 +9.0252e-03 +1.0027e-02 +1.1029e-02 +1.2031e-02 +1.3033e-02 +1.4034e-02 +1.5036e-02 +1.6038e-02 +1.7039e-02 +1.8040e-02 
+0000.00000 -1.8017e-02 -1.7018e-02 -1.6019e-02 -1.5020e-02 -1.4021e-02 -1.3021e-02 -1.2021e-02 -1.1021e-02 -1.0020e-02 -9.0191e-03 -8.0184e-03 -7.0168e-03 -6.0152e-03 -5.0134e-03 -4.0108e-03 -3.0087e-03 -2.0060e-03 -1.0035e-03 -6.8581e-07 +1.0021e-03 +2.0052e-03 +3.0081e-03 +4.0108e-03 +5.0143e-03 +6.0174e-03 +7.0200e-03 +8.0228e-03 +9.0252e-03 +1.0027e-02 +1.1029e-02 +1.2031e-02 +1.3033e-02 +1.4034e-02 +1.5036e-02 +1.6038e-02 +1.7039e-02 +1.8040e-02 
-0000.01200 -1.8017e-02 -1.7018e-02 -1.6019e-02 -1.5020e-02 -1.4021e-02 -1.3021e-02 -1.2021e-02 -1.1021e-02 -1.0020e-02 -9.0191e-03 -8.0184e-03 -7.0168e-03 -6.0152e-03 -5.0134e-03 -4.0108e-03 -3.0087e-03 -2.0060e-03 -1.0035e-03 -6.8581e-07 +1.0021e-03 +2.0052e-03 +3.0081e-03 +4.0108e-03 +5.0143e-03 +6.0174e-03 +7.0200e-03 +8.0228e-03 +9.0252e-03 +1.0027e-02 +1.1029e-02 +1.2031e-02 +1.3033e-02 +1.4034e-02 +1.5036e-02 +1.6038e-02 +1.7039e-02 +1.8040e-02 
# Vertical Final Position [m]
START
            -0000.01800 -0000.01700 -0000.01600 -0000.01500 -0000.01400 -0000.01300 -0000.01200 -0000.01100 -0000.01000 -0000.00900 -0000.00800 -0000.00700 -0000.00600 -0000.00500 -0000.00400 -0000.00300 -0000.00200 -0000.00100 +0000.00000 +0000.00100 +0000.00200 +0000.00300 +0000.00400 +0000.00500 +0000.00600 +0000.00700 +0000.00800 +0000.00900 +0000.01000 +0000.01100 +0000.01200 +0000.01300 +0000.01400 +0000.01500 +0000.01600 +0000.01700 +0000.01800 
+0000.01200 +1.1899e-02 +1.1902e-02 +1.1906e-02 +1.1911e-02 +1.1916e-02 +1.1921e-02 +1.1926e-02 +1.1932e-02 +1.1937e-02 +1.1943e-02 +1.1949e-02 +1.1955e-02 +1.1960e-02 +1.1966e-02 +1.1972e-02 +1.1976e-02 +1.1982e-02 +1.1987e-02 +1.1991e-02 +1.1996e-02 +1.2000e-02 +1.2004e-02 +1.2008e-02 +1.2011e-02 +1.2014e-02 +1.2018e-02 +1.2020e-02 +1.2023e-02 +1.2026e-02 +1.2028e-02 +1.2030e-02 +1.2033e-02 +1.2035e-02 +1.2037e-02 +1.2039e-02 +1.2041e-02 +1.2043e-02 
+0000.00000 -1.0147e-04 -9.7572e-05 -9.3751e-05 -8.8772e-05 -8.4293e-05 -7.9077e-05 -7.3807e-05 -6.8331e-05 -6.2695e-05 -5.6844e-05 -5.1092e-05 -4.5216e-05 -3.9734e-05 -3.3950e-05 -2.8482e-05 -2.3560e-05 -1.8085e-05 -1.3214e-05 -8.5946e-06 -3.9840e-06 +2.5932e-07 +4.2320e-06 +7.9130e-06 +1.0937e-05 +1.4496e-05 +1.7867e-05 +2.0471e-05 +2.3138e-05 +2.5570e-05 +2.8019e-05 +3.0409e-05 +3.2618e-05 +3.4589e-05 +3.6560e-05 +3.9117e-05 +4.1005e-05 +4.2774e-05 
-0000.01200 -1.2101e-02 -1.2098e-02 -1.2094e-02 -1.2089e-02 -1.2084e-02 -1.2079e-02 -1.2074e-02 -1.2068e-02 -1.2063e-02 -1.2057e-02 -1.2051e-02 -1.2045e-02 -1.2040e-02 -1.2034e-02 -1.2028e-02 -1.2024e-02 -1.2018e-02 -1.2013e-02 -1.2009e-02 -1.2004e-02 -1.2000e-02 -1.1996e-02 -1.1992e-02 -1.1989e-02 -1.1986e-02 -1.1982e-02 -1.1980e-02 -1.1977e-02 -1.1974e-02 -1.1972e-02 -1.1970e-02 -1.1967e-02 -1.1965e-02 -1.1963e-02 -1.1961e-02 -1.1959e-02 -1.1957e-02 