# Author: FAC idanalysis.IDKickMap
# Termination_kicks [T2m2]: -5.9122e-04 +8.7644e-04 +1.1201e-04 +7.7529e-04 
# Total Length of Longitudinal Interval [m]
2.77
# Number of Horizontal Points
37
# Number of Vertical Points
3
# Total Horizontal 2nd Order Kick [T2m2]
START
            -0000.01800 -0000.01700 -0000.01600 -0000.01500 -0000.01400 -0000.01300 -0000.01200 -0000.01100 -0000.01000 -0000.00900 -0000.00800 -0000.00700 -0000.00600 -0000.00500 -0000.00400 -0000.00300 -0000.00200 -0000.00100 +0000.00000 +0000.00100 +0000.00200 +0000.00300 +0000.00400 +0000.00500 +0000.00600 +0000.00700 +0000.00800 +0000.00900 +0000.01000 +0000.01100 +0000.01200 +0000.01300 +0000.01400 +0000.01500 +0000.01600 +0000.01700 +0000.01800 
+0000.01200 +6.1119e-04 +5.9771e-04 +5.5773e-04 +5.1509e-04 +4.8484e-04 +4.4999e-04 +3.9264e-04 +3.4778e-04 +2.7497e-04 +2.2529e-04 +1.5909e-04 +1.1611e-04 +8.0159e-05 +4.2705e-05 +2.6749e-05 +4.5308e-05 +7.3775e-05 +1.5703e-04 +2.2935e-04 +3.0119e-04 +3.7674e-04 +4.5309e-04 +5.5106e-04 +6.4378e-04 +7.4592e-04 +8.0233e-04 +8.9469e-04 +9.5936e-04 +1.0214e-03 +1.0606e-03 +1.0871e-03 +1.1031e-03 +1.1028e-03 +1.0776e-03 +1.0238e-03 +9.6829e-04 +9.2367e-04 
+0000.00000 +6.1119e-04 +5.9771e-04 +5.5773e-04 +5.1509e-04 +4.8484e-04 +4.4999e-04 +3.9264e-04 +3.4778e-04 +2.7497e-04 +2.2529e-04 +1.5909e-04 +1.1611e-04 +8.0159e-05 +4.2705e-05 +2.6749e-05 +4.5308e-05 +7.3775e-05 +1.5703e-04 +2.2935e-04 +3.0119e-04 +3.7674e-04 +4.5309e-04 +5.5106e-04 +6.4378e-04 +7.4592e-04 +8.0233e-04 +8.9469e-04 +9.5936e-04 +1.0214e-03 +1.0606e-03 +1.0871e-03 +1.1031e-03 +1.1028e-03 +1.0776e-03 +1.0238e-03 +9.6829e-04 +9.2367e-04 
-0000.01200 +6.1119e-04 +5.9771e-04 +5.5773e-04 +5.1509e-04 +4.8484e-04 +4.4999e-04 +3.9264e-04 +3.4778e-04 +2.7497e-04 +2.2529e-04 +1.5909e-04 +1.1611e-04 +8.0159e-05 +4.2705e-05 +2.6749e-05 +4.5308e-05 +7.3775e-05 +1.5703e-04 +2.2935e-04 +3.0119e-04 +3.7674e-04 +4.5309e-04 +5.5106e-04 +6.4378e-04 +7.4592e-04 +8.0233e-04 +8.9469e-04 +9.5936e-04 +1.0214e-03 +1.0606e-03 +1.0871e-03 +1.1031e-03 +1.1028e-03 +1.0776e-03 +1.0238e-03 +9.6829e-04 +9.2367e-04 
# Total Vertical 2nd Order Kick [T2m2]
START
            -0000.01800 -0000.01700 -0000.01600 -0000.01500 -0000.01400 -0000.01300 -0000.01200 -0000.01100 -0000.01000 -0000.00900 -0000.00800 -0000.00700 -0000.00600 -0000.00500 -0000.00400 -0000.00300 -0000.00200 -0000.00100 +0000.00000 +0000.00100 +0000.00200 +0000.00300 +0000.00400 +0000.00500 +0000.00600 +0000.00700 +0000.00800 +0000.00900 +0000.01000 +0000.01100 +0000.01200 +0000.01300 +0000.01400 +0000.01500 +0000.01600 +0000.01700 +0000.01800 
+0000.01200 -1.4267e-03 -1.4351e-03 -1.4428e-03 -1.4460e-03 -1.4185e-03 -1.3930e-03 -1.3239e-03 -1.2606e-03 -1.1671e-03 -1.0709e-03 -9.6292e-04 -8.3496e-04 -7.2005e-04 -6.1783e-04 -5.2818e-04 -4.4325e-04 -3.6379e-04 -3.3261e-04 -2.9909e-04 -2.9679e-04 -3.0564e-04 -3.3047e-04 -3.5373e-04 -4.1918e-04 -4.8291e-04 -5.6034e-04 -6.5176e-04 -7.2850e-04 -8.2758e-04 -9.2075e-04 -1.0092e-03 -1.0851e-03 -1.1619e-03 -1.2163e-03 -1.2675e-03 -1.3234e-03 -1.3423e-03 
+0000.00000 -1.4267e-03 -1.4351e-03 -1.4428e-03 -1.4460e-03 -1.4185e-03 -1.3930e-03 -1.3239e-03 -1.2606e-03 -1.1671e-03 -1.0709e-03 -9.6292e-04 -8.3496e-04 -7.2005e-04 -6.1783e-04 -5.2818e-04 -4.4325e-04 -3.6379e-04 -3.3261e-04 -2.9909e-04 -2.9679e-04 -3.0564e-04 -3.3047e-04 -3.5373e-04 -4.1918e-04 -4.8291e-04 -5.6034e-04 -6.5176e-04 -7.2850e-04 -8.2758e-04 -9.2075e-04 -1.0092e-03 -1.0851e-03 -1.1619e-03 -1.2163e-03 -1.2675e-03 -1.3234e-03 -1.3423e-03 
-0000.01200 -1.4267e-03 -1.4351e-03 -1.4428e-03 -1.4460e-03 -1.4185e-03 -1.3930e-03 -1.3239e-03 -1.2606e-03 -1.1671e-03 -1.0709e-03 -9.6292e-04 -8.3496e-04 -7.2005e-04 -6.1783e-04 -5.2818e-04 -4.4325e-04 -3.6379e-04 -3.3261e-04 -2.9909e-04 -2.9679e-04 -3.0564e-04 -3.3047e-04 -3.5373e-04 -4.1918e-04 -4.8291e-04 -5.6034e-04 -6.5176e-04 -7.2850e-04 -8.2758e-04 -9.2075e-04 -1.0092e-03 -1.0851e-03 -1.1619e-03 -1.2163e-03 -1.2675e-03 -1.3234e-03 -1.3423e-03 
# Horizontal Final Position [m]
START
            -0000.01800 -0000.01700 -0000.01600 -0000.01500 -0000.01400 -0000.01300 -0000.01200 -0000.01100 -0000.01000 -0000.00900 -0000.00800 -0000.00700 -0000.00600 -0000.00500 -0000.00400 -0000.00300 -0000.00200 -0000.00100 +0000.00000 +0000.00100 +0000.00200 +0000.00300 +0000.00400 +0000.00500 +0000.00600 +0000.00700 +0000.00800 +0000.00900 +0000.01000 +0000.01100 +0000.01200 +0000.01300 +0000.01400 +0000.01500 +0000.01600 +0000.01700 +0000.01800 
+0000.01200 -1.8049e-02 -1.7051e-02 -1.6054e-02 -1.5057e-02 -1.4059e-02 -1.3061e-02 -1.2062e-02 -1.1063e-02 -1.0063e-02 -9.0620e-03 -8.0604e-03 -7.0578e-03 -6.0541e-03 -5.0499e-03 -4.0446e-03 -3.0383e-03 -2.0315e-03 -1.0236e-03 -1.5831e-05 +9.9182e-04 +1.9991e-03 +3.0061e-03 +4.0130e-03 +5.0193e-03 +6.0252e-03 +7.0299e-03 +8.0349e-03 +9.0389e-03 +1.0043e-02 +1.1046e-02 +1.2049e-02 +1.3051e-02 +1.4053e-02 +1.5055e-02 +1.6056e-02 +1.7056e-02 +1.8057e-02 
+0000.00000 -1.8049e-02 -1.7051e-02 -1.6054e-02 -1.5057e-02 -1.4059e-02 -1.3061e-02 -1.2062e-02 -1.1063e-02 -1.0063e-02 -9.0620e-03 -8.0604e-03 -7.0578e-03 -6.0541e-03 -5.0499e-03 -4.0446e-03 -3.0383e-03 -2.0315e-03 -1.0236e-03 -1.5831e-05 +9.9182e-04 +1.9991e-03 +3.0061e-03 +4.0130e-03 +5.0193e-03 +6.0252e-03 +7.0299e-03 +8.0349e-03 +9.0389e-03 +1.0043e-02 +1.1046e-02 +1.2049e-02 +1.3051e-02 +1.4053e-02 +1.5055e-02 +1.6056e-02 +1.7056e-02 +1.8057e-02 
-0000.01200 -1.8049e-02 -1.7051e-02 -1.6054e-02 -1.5057e-02 -1.4059e-02 -1.3061e-02 -1.2062e-02 -1.1063e-02 -1.0063e-02 -9.0620e-03 -8.0604e-03 -7.0578e-03 -6.0541e-03 -5.0499e-03 -4.0446e-03 -3.0383e-03 -2.0315e-03 -1.0236e-03 -1.5831e-05 +9.9182e-04 +1.9991e-03 +3.0061e-03 +4.0130e-03 +5.0193e-03 +6.0252e-03 +7.0299e-03 +8.0349e-03 +9.0389e-03 +1.0043e-02 +1.1046e-02 +1.2049e-02 +1.3051e-02 +1.4053e-02 +1.5055e-02 +1.6056e-02 +1.7056e-02 +1.8057e-02 
# Vertical Final Position [m]
START
            -0000.01800 -0000.01700 -0000.01600 -0000.01500 -0000.01400 -0000.01300 -0000.01200 -0000.01100 -0000.01000 -0000.00900 -0000.00800 -0000.00700 -0000.00600 -0000.00500 -0000.00400 -0000.00300 -0000.00200 -0000.00100 +0000.00000 +0000.00100 +0000.00200 +0000.00300 +0000.00400 +0000.00500 +0000.00600 +0000.00700 +0000.00800 +0000.00900 +0000.01000 +0000.01100 +0000.01200 +0000.01300 +0000.01400 +0000.01500 +0000.01600 +0000.01700 +0000.01800 
+0000.01200 +1.1836e-02 +1.1842e-02 +1.1849e-02 +1.1857e-02 +1.1867e-02 +1.1877e-02 +1.1889e-02 +1.1902e-02 +1.1915e-02 +1.1928e-02 +1.1942e-02 +1.1955e-02 +1.1968e-02 +1.1980e-02 +1.1991e-02 +1.2001e-02 +1.2011e-02 +1.2019e-02 +1.2026e-02 +1.2032e-02 +1.2038e-02 +1.2043e-02 +1.2048e-02 +1.2051e-02 +1.2053e-02 +1.2055e-02 +1.2056e-02 +1.2057e-02 +1.2057e-02 +1.2057e-02 +1.2057e-02 +1.2057e-02 +1.2057e-02 +1.2057e-02 +1.2057e-02 +1.2057e-02 +1.2058e-02 
+0000.00000 -1.6441e-04 -1.5837e-04 -1.5118e-04 -1.4292e-04 -1.3317e-04 -1.2258e-04 -1.1059e-04 -9.8139e-05 -8.4956e-05 -7.1660e-05 -5.8317e-05 -4.4888e-05 -3.2156e-05 -2.0333e-05 -9.2069e-06 +9.8023e-07 +1.0516e-05 +1.8508e-05 +2.6124e-05 +3.2482e-05 +3.8210e-05 +4.3126e-05 +4.7515e-05 +5.0628e-05 +5.3229e-05 +5.5110e-05 +5.6166e-05 +5.7216e-05 +5.7442e-05 +5.7293e-05 +5.7140e-05 +5.7082e-05 +5.6880e-05 +5.6908e-05 +5.7052e-05 +5.6918e-05 +5.7715e-05 
-0000.01200 -1.2164e-02 -1.2158e-02 -1.2151e-02 -1.2143e-02 -1.2133e-02 -1.2123e-02 -1.2111e-02 -1.2098e-02 -1.2085e-02 -1.2072e-02 -1.2058e-02 -1.2045e-02 -1.2032e-02 -1.2020e-02 -1.2009e-02 -1.1999e-02 -1.1989e-02 -1.1981e-02 -1.1974e-02 -1.1968e-02 -1.1962e-02 -1.1957e-02 -1.1952e-02 -1.1949e-02 -1.1947e-02 -1.1945e-02 -1.1944e-02 -1.1943e-02 -1.1943e-02 -1.1943e-02 -1.1943e-02 -1.1943e-02 -1.1943e-02 -1.1943e-02 -1.1943e-02 -1.1943e-02 -1.1942e-02 