# Author: FAC idanalysis.IDKickMap
# Termination_kicks [T2m2]: -1.8943e-04 +3.5337e-04 +3.9269e-04 +1.0053e-03 
# Total Length of Longitudinal Interval [m]
2.77
# Number of Horizontal Points
37
# Number of Vertical Points
3
# Total Horizontal 2nd Order Kick [T2m2]
START
            -0000.01800 -0000.01700 -0000.01600 -0000.01500 -0000.01400 -0000.01300 -0000.01200 -0000.01100 -0000.01000 -0000.00900 -0000.00800 -0000.00700 -0000.00600 -0000.00500 -0000.00400 -0000.00300 -0000.00200 -0000.00100 +0000.00000 +0000.00100 +0000.00200 +0000.00300 +0000.00400 +0000.00500 +0000.00600 +0000.00700 +0000.00800 +0000.00900 +0000.01000 +0000.01100 +0000.01200 +0000.01300 +0000.01400 +0000.01500 +0000.01600 +0000.01700 +0000.01800 
+0000.01200 +1.0790e-04 +5.1819e-05 -1.0560e-06 -4.2663e-05 -7.4565e-05 -1.1531e-04 -1.6842e-04 -1.9860e-04 -2.5415e-04 -2.8295e-04 -3.0339e-04 -3.2766e-04 -3.4676e-04 -3.3575e-04 -3.2638e-04 -2.9296e-04 -2.4853e-04 -1.9596e-04 -1.5922e-04 -1.0036e-04 -2.7170e-05 +1.9874e-05 +7.8314e-05 +1.5417e-04 +2.1244e-04 +2.7434e-04 +3.2072e-04 +3.6782e-04 +4.0352e-04 +4.2484e-04 +4.5829e-04 +4.7218e-04 +4.5575e-04 +4.4318e-04 +4.2472e-04 +3.9544e-04 +3.6765e-04 
+0000.00000 +1.0790e-04 +5.1819e-05 -1.0560e-06 -4.2663e-05 -7.4565e-05 -1.1531e-04 -1.6842e-04 -1.9860e-04 -2.5415e-04 -2.8295e-04 -3.0339e-04 -3.2766e-04 -3.4676e-04 -3.3575e-04 -3.2638e-04 -2.9296e-04 -2.4853e-04 -1.9596e-04 -1.5922e-04 -1.0036e-04 -2.7170e-05 +1.9874e-05 +7.8314e-05 +1.5417e-04 +2.1244e-04 +2.7434e-04 +3.2072e-04 +3.6782e-04 +4.0352e-04 +4.2484e-04 +4.5829e-04 +4.7218e-04 +4.5575e-04 +4.4318e-04 +4.2472e-04 +3.9544e-04 +3.6765e-04 
-0000.01200 +1.0790e-04 +5.1819e-05 -1.0560e-06 -4.2663e-05 -7.4565e-05 -1.1531e-04 -1.6842e-04 -1.9860e-04 -2.5415e-04 -2.8295e-04 -3.0339e-04 -3.2766e-04 -3.4676e-04 -3.3575e-04 -3.2638e-04 -2.9296e-04 -2.4853e-04 -1.9596e-04 -1.5922e-04 -1.0036e-04 -2.7170e-05 +1.9874e-05 +7.8314e-05 +1.5417e-04 +2.1244e-04 +2.7434e-04 +3.2072e-04 +3.6782e-04 +4.0352e-04 +4.2484e-04 +4.5829e-04 +4.7218e-04 +4.5575e-04 +4.4318e-04 +4.2472e-04 +3.9544e-04 +3.6765e-04 
# Total Vertical 2nd Order Kick [T2m2]
START
            -0000.01800 -0000.01700 -0000.01600 -0000.01500 -0000.01400 -0000.01300 -0000.01200 -0000.01100 -0000.01000 -0000.00900 -0000.00800 -0000.00700 -0000.00600 -0000.00500 -0000.00400 -0000.00300 -0000.00200 -0000.00100 +0000.00000 +0000.00100 +0000.00200 +0000.00300 +0000.00400 +0000.00500 +0000.00600 +0000.00700 +0000.00800 +0000.00900 +0000.01000 +0000.01100 +0000.01200 +0000.01300 +0000.01400 +0000.01500 +0000.01600 +0000.01700 +0000.01800 
+0000.01200 -1.3826e-03 -1.3433e-03 -1.3219e-03 -1.2798e-03 -1.2486e-03 -1.1940e-03 -1.1606e-03 -1.0957e-03 -1.0519e-03 -9.8538e-04 -8.9928e-04 -8.4427e-04 -7.7904e-04 -7.0710e-04 -6.5472e-04 -5.9908e-04 -5.5324e-04 -5.1958e-04 -4.9650e-04 -4.8833e-04 -4.7150e-04 -4.7955e-04 -5.0945e-04 -5.1329e-04 -5.5501e-04 -5.7494e-04 -6.1689e-04 -6.6945e-04 -7.2727e-04 -7.5065e-04 -7.9365e-04 -8.1800e-04 -8.6222e-04 -8.7872e-04 -8.8571e-04 -8.9154e-04 -8.8801e-04 
+0000.00000 -1.3826e-03 -1.3433e-03 -1.3219e-03 -1.2798e-03 -1.2486e-03 -1.1940e-03 -1.1606e-03 -1.0957e-03 -1.0519e-03 -9.8538e-04 -8.9928e-04 -8.4427e-04 -7.7904e-04 -7.0710e-04 -6.5472e-04 -5.9908e-04 -5.5324e-04 -5.1958e-04 -4.9650e-04 -4.8833e-04 -4.7150e-04 -4.7955e-04 -5.0945e-04 -5.1329e-04 -5.5501e-04 -5.7494e-04 -6.1689e-04 -6.6945e-04 -7.2727e-04 -7.5065e-04 -7.9365e-04 -8.1800e-04 -8.6222e-04 -8.7872e-04 -8.8571e-04 -8.9154e-04 -8.8801e-04 
-0000.01200 -1.3826e-03 -1.3433e-03 -1.3219e-03 -1.2798e-03 -1.2486e-03 -1.1940e-03 -1.1606e-03 -1.0957e-03 -1.0519e-03 -9.8538e-04 -8.9928e-04 -8.4427e-04 -7.7904e-04 -7.0710e-04 -6.5472e-04 -5.9908e-04 -5.5324e-04 -5.1958e-04 -4.9650e-04 -4.8833e-04 -4.7150e-04 -4.7955e-04 -5.0945e-04 -5.1329e-04 -5.5501e-04 -5.7494e-04 -6.1689e-04 -6.6945e-04 -7.2727e-04 -7.5065e-04 -7.9365e-04 -8.1800e-04 -8.6222e-04 -8.7872e-04 -8.8571e-04 -8.9154e-04 -8.8801e-04 
# Horizontal Final Position [m]
START
            -0000.01800 -0000.01700 -0000.01600 -0000.01500 -0000.01400 -0000.01300 -0000.01200 -0000.01100 -0000.01000 -0000.00900 -0000.00800 -0000.00700 -0000.00600 -0000.00500 -0000.00400 -0000.00300 -0000.00200 -0000.00100 +0000.00000 +0000.00100 +0000.00200 +0000.00300 +0000.00400 +0000.00500 +0000.00600 +0000.00700 +0000.00800 +0000.00900 +0000.01000 +0000.01100 +0000.01200 +0000.01300 +0000.01400 +0000.01500 +0000.01600 +0000.01700 +0000.01800 
+0000.01200 -1.8034e-02 -1.7036e-02 -1.6038e-02 -1.5040e-02 -1.4041e-02 -1.3041e-02 -1.2042e-02 -1.1042e-02 -1.0042e-02 -9.0407e-03 -8.0391e-03 -7.0371e-03 -6.0346e-03 -5.0312e-03 -4.0276e-03 -3.0230e-03 -2.0182e-03 -1.0131e-03 -8.3217e-06 +9.9698e-04 +2.0024e-03 +3.0072e-03 +4.0122e-03 +5.0171e-03 +6.0214e-03 +7.0258e-03 +8.0295e-03 +9.0332e-03 +1.0037e-02 +1.1039e-02 +1.2042e-02 +1.3045e-02 +1.4046e-02 +1.5048e-02 +1.6049e-02 +1.7051e-02 +1.8052e-02 
+0000.00000 -1.8034e-02 -1.7036e-02 -1.6038e-02 -1.5040e-02 -1.4041e-02 -1.3041e-02 -1.2042e-02 -1.1042e-02 -1.0042e-02 -9.0407e-03 -8.0391e-03 -7.0371e-03 -6.0346e-03 -5.0312e-03 -4.0276e-03 -3.0230e-03 -2.0182e-03 -1.0131e-03 -8.3217e-06 +9.9698e-04 +2.0024e-03 +3.0072e-03 +4.0122e-03 +5.0171e-03 +6.0214e-03 +7.0258e-03 +8.0295e-03 +9.0332e-03 +1.0037e-02 +1.1039e-02 +1.2042e-02 +1.3045e-02 +1.4046e-02 +1.5048e-02 +1.6049e-02 +1.7051e-02 +1.8052e-02 
-0000.01200 -1.8034e-02 -1.7036e-02 -1.6038e-02 -1.5040e-02 -1.4041e-02 -1.3041e-02 -1.2042e-02 -1.1042e-02 -1.0042e-02 -9.0407e-03 -8.0391e-03 -7.0371e-03 -6.0346e-03 -5.0312e-03 -4.0276e-03 -3.0230e-03 -2.0182e-03 -1.0131e-03 -8.3217e-06 +9.9698e-04 +2.0024e-03 +3.0072e-03 +4.0122e-03 +5.0171e-03 +6.0214e-03 +7.0258e-03 +8.0295e-03 +9.0332e-03 +1.0037e-02 +1.1039e-02 +1.2042e-02 +1.3045e-02 +1.4046e-02 +1.5048e-02 +1.6049e-02 +1.7051e-02 +1.8052e-02 
# Vertical Final Position [m]
START
            -0000.01800 -0000.01700 -0000.01600 -0000.01500 -0000.01400 -0000.01300 -0000.01200 -0000.01100 -0000.01000 -0000.00900 -0000.00800 -0000.00700 -0000.00600 -0000.00500 -0000.00400 -0000.00300 -0000.00200 -0000.00100 +0000.00000 +0000.00100 +0000.00200 +0000.00300 +0000.00400 +0000.00500 +0000.00600 +0000.00700 +0000.00800 +0000.00900 +0000.01000 +0000.01100 +0000.01200 +0000.01300 +0000.01400 +0000.01500 +0000.01600 +0000.01700 +0000.01800 
+0000.01200 +1.1865e-02 +1.1870e-02 +1.1876e-02 +1.1883e-02 +1.1890e-02 +1.1898e-02 +1.1906e-02 +1.1915e-02 +1.1924e-02 +1.1933e-02 +1.1943e-02 +1.1952e-02 +1.1961e-02 +1.1970e-02 +1.1978e-02 +1.1986e-02 +1.1993e-02 +1.2000e-02 +1.2006e-02 +1.2012e-02 +1.2017e-02 +1.2022e-02 +1.2026e-02 +1.2030e-02 +1.2033e-02 +1.2036e-02 +1.2038e-02 +1.2040e-02 +1.2041e-02 +1.2043e-02 +1.2045e-02 +1.2046e-02 +1.2047e-02 +1.2048e-02 +1.2050e-02 +1.2051e-02 +1.2053e-02 
+0000.00000 -1.3527e-04 -1.2964e-04 -1.2373e-04 -1.1694e-04 -1.0975e-04 -1.0170e-04 -9.3681e-05 -8.4790e-05 -7.6070e-05 -6.6769e-05 -5.7233e-05 -4.8252e-05 -3.9219e-05 -3.0453e-05 -2.2281e-05 -1.4241e-05 -6.8167e-06 +6.4755e-08 +6.3749e-06 +1.1980e-05 +1.7462e-05 +2.2101e-05 +2.6001e-05 +2.9896e-05 +3.2845e-05 +3.5903e-05 +3.8170e-05 +3.9975e-05 +4.1445e-05 +4.3288e-05 +4.4568e-05 +4.6005e-05 +4.7003e-05 +4.8382e-05 +4.9753e-05 +5.1192e-05 +5.2745e-05 
-0000.01200 -1.2135e-02 -1.2130e-02 -1.2124e-02 -1.2117e-02 -1.2110e-02 -1.2102e-02 -1.2094e-02 -1.2085e-02 -1.2076e-02 -1.2067e-02 -1.2057e-02 -1.2048e-02 -1.2039e-02 -1.2030e-02 -1.2022e-02 -1.2014e-02 -1.2007e-02 -1.2000e-02 -1.1994e-02 -1.1988e-02 -1.1983e-02 -1.1978e-02 -1.1974e-02 -1.1970e-02 -1.1967e-02 -1.1964e-02 -1.1962e-02 -1.1960e-02 -1.1959e-02 -1.1957e-02 -1.1955e-02 -1.1954e-02 -1.1953e-02 -1.1952e-02 -1.1950e-02 -1.1949e-02 -1.1947e-02 