# Author: FAC idanalysis.IDKickMap
# Termination_kicks [T2m2]: -5.0130e-04 +7.3494e-04 +1.7702e-04 +8.0579e-04 
# Total Length of Longitudinal Interval [m]
2.77
# Number of Horizontal Points
37
# Number of Vertical Points
3
# Total Horizontal 2nd Order Kick [T2m2]
START
            -0000.01800 -0000.01700 -0000.01600 -0000.01500 -0000.01400 -0000.01300 -0000.01200 -0000.01100 -0000.01000 -0000.00900 -0000.00800 -0000.00700 -0000.00600 -0000.00500 -0000.00400 -0000.00300 -0000.00200 -0000.00100 +0000.00000 +0000.00100 +0000.00200 +0000.00300 +0000.00400 +0000.00500 +0000.00600 +0000.00700 +0000.00800 +0000.00900 +0000.01000 +0000.01100 +0000.01200 +0000.01300 +0000.01400 +0000.01500 +0000.01600 +0000.01700 +0000.01800 
+0000.01200 +5.5800e-04 +5.1011e-04 +4.8490e-04 +4.5471e-04 +4.0988e-04 +3.5749e-04 +2.9178e-04 +2.3577e-04 +1.8991e-04 +1.1933e-04 +8.8481e-05 +4.7845e-05 +3.4352e-05 +3.5547e-06 +2.4252e-06 +1.9398e-05 +3.1832e-05 +8.7591e-05 +1.7389e-04 +2.4487e-04 +3.3278e-04 +4.2450e-04 +4.9160e-04 +5.9030e-04 +6.5863e-04 +7.3496e-04 +8.0992e-04 +8.6262e-04 +9.2326e-04 +9.5498e-04 +9.8501e-04 +9.9776e-04 +9.8203e-04 +9.5816e-04 +9.4821e-04 +9.0290e-04 +8.4808e-04 
+0000.00000 +5.5800e-04 +5.1011e-04 +4.8490e-04 +4.5471e-04 +4.0988e-04 +3.5749e-04 +2.9178e-04 +2.3577e-04 +1.8991e-04 +1.1933e-04 +8.8481e-05 +4.7845e-05 +3.4352e-05 +3.5547e-06 +2.4252e-06 +1.9398e-05 +3.1832e-05 +8.7591e-05 +1.7389e-04 +2.4487e-04 +3.3278e-04 +4.2450e-04 +4.9160e-04 +5.9030e-04 +6.5863e-04 +7.3496e-04 +8.0992e-04 +8.6262e-04 +9.2326e-04 +9.5498e-04 +9.8501e-04 +9.9776e-04 +9.8203e-04 +9.5816e-04 +9.4821e-04 +9.0290e-04 +8.4808e-04 
-0000.01200 +5.5800e-04 +5.1011e-04 +4.8490e-04 +4.5471e-04 +4.0988e-04 +3.5749e-04 +2.9178e-04 +2.3577e-04 +1.8991e-04 +1.1933e-04 +8.8481e-05 +4.7845e-05 +3.4352e-05 +3.5547e-06 +2.4252e-06 +1.9398e-05 +3.1832e-05 +8.7591e-05 +1.7389e-04 +2.4487e-04 +3.3278e-04 +4.2450e-04 +4.9160e-04 +5.9030e-04 +6.5863e-04 +7.3496e-04 +8.0992e-04 +8.6262e-04 +9.2326e-04 +9.5498e-04 +9.8501e-04 +9.9776e-04 +9.8203e-04 +9.5816e-04 +9.4821e-04 +9.0290e-04 +8.4808e-04 
# Total Vertical 2nd Order Kick [T2m2]
START
            -0000.01800 -0000.01700 -0000.01600 -0000.01500 -0000.01400 -0000.01300 -0000.01200 -0000.01100 -0000.01000 -0000.00900 -0000.00800 -0000.00700 -0000.00600 -0000.00500 -0000.00400 -0000.00300 -0000.00200 -0000.00100 +0000.00000 +0000.00100 +0000.00200 +0000.00300 +0000.00400 +0000.00500 +0000.00600 +0000.00700 +0000.00800 +0000.00900 +0000.01000 +0000.01100 +0000.01200 +0000.01300 +0000.01400 +0000.01500 +0000.01600 +0000.01700 +0000.01800 
+0000.01200 -1.5287e-03 -1.4924e-03 -1.5028e-03 -1.4985e-03 -1.4791e-03 -1.4362e-03 -1.3737e-03 -1.2973e-03 -1.2262e-03 -1.1356e-03 -1.0389e-03 -9.2120e-04 -8.3254e-04 -7.2958e-04 -6.5520e-04 -5.7777e-04 -5.2018e-04 -4.7788e-04 -4.3951e-04 -4.2663e-04 -4.3730e-04 -4.4329e-04 -4.8192e-04 -5.2400e-04 -5.7183e-04 -6.4615e-04 -7.4213e-04 -7.8989e-04 -9.0983e-04 -9.7767e-04 -1.0648e-03 -1.1337e-03 -1.2030e-03 -1.2533e-03 -1.2907e-03 -1.3362e-03 -1.3598e-03 
+0000.00000 -1.5287e-03 -1.4924e-03 -1.5028e-03 -1.4985e-03 -1.4791e-03 -1.4362e-03 -1.3737e-03 -1.2973e-03 -1.2262e-03 -1.1356e-03 -1.0389e-03 -9.2120e-04 -8.3254e-04 -7.2958e-04 -6.5520e-04 -5.7777e-04 -5.2018e-04 -4.7788e-04 -4.3951e-04 -4.2663e-04 -4.3730e-04 -4.4329e-04 -4.8192e-04 -5.2400e-04 -5.7183e-04 -6.4615e-04 -7.4213e-04 -7.8989e-04 -9.0983e-04 -9.7767e-04 -1.0648e-03 -1.1337e-03 -1.2030e-03 -1.2533e-03 -1.2907e-03 -1.3362e-03 -1.3598e-03 
-0000.01200 -1.5287e-03 -1.4924e-03 -1.5028e-03 -1.4985e-03 -1.4791e-03 -1.4362e-03 -1.3737e-03 -1.2973e-03 -1.2262e-03 -1.1356e-03 -1.0389e-03 -9.2120e-04 -8.3254e-04 -7.2958e-04 -6.5520e-04 -5.7777e-04 -5.2018e-04 -4.7788e-04 -4.3951e-04 -4.2663e-04 -4.3730e-04 -4.4329e-04 -4.8192e-04 -5.2400e-04 -5.7183e-04 -6.4615e-04 -7.4213e-04 -7.8989e-04 -9.0983e-04 -9.7767e-04 -1.0648e-03 -1.1337e-03 -1.2030e-03 -1.2533e-03 -1.2907e-03 -1.3362e-03 -1.3598e-03 
# Horizontal Final Position [m]
START
            -0000.01800 -0000.01700 -0000.01600 -0000.01500 -0000.01400 -0000.01300 -0000.01200 -0000.01100 -0000.01000 -0000.00900 -0000.00800 -0000.00700 -0000.00600 -0000.00500 -0000.00400 -0000.00300 -0000.00200 -0000.00100 +0000.00000 +0000.00100 +0000.00200 +0000.00300 +0000.00400 +0000.00500 +0000.00600 +0000.00700 +0000.00800 +0000.00900 +0000.01000 +0000.01100 +0000.01200 +0000.01300 +0000.01400 +0000.01500 +0000.01600 +0000.01700 +0000.01800 
+0000.01200 -1.8045e-02 -1.7047e-02 -1.6050e-02 -1.5052e-02 -1.4054e-02 -1.3056e-02 -1.2057e-02 -1.1058e-02 -1.0058e-02 -9.0570e-03 -8.0551e-03 -7.0525e-03 -6.0488e-03 -5.0448e-03 -4.0397e-03 -3.0338e-03 -2.0279e-03 -1.0211e-03 -1.3579e-05 +9.9347e-04 +2.0006e-03 +3.0075e-03 +4.0135e-03 +5.0198e-03 +6.0251e-03 +7.0300e-03 +8.0346e-03 +9.0385e-03 +1.0042e-02 +1.1045e-02 +1.2048e-02 +1.3051e-02 +1.4052e-02 +1.5054e-02 +1.6056e-02 +1.7057e-02 +1.8057e-02 
+0000.00000 -1.8045e-02 -1.7047e-02 -1.6050e-02 -1.5052e-02 -1.4054e-02 -1.3056e-02 -1.2057e-02 -1.1058e-02 -1.0058e-02 -9.0570e-03 -8.0551e-03 -7.0525e-03 -6.0488e-03 -5.0448e-03 -4.0397e-03 -3.0338e-03 -2.0279e-03 -1.0211e-03 -1.3579e-05 +9.9347e-04 +2.0006e-03 +3.0075e-03 +4.0135e-03 +5.0198e-03 +6.0251e-03 +7.0300e-03 +8.0346e-03 +9.0385e-03 +1.0042e-02 +1.1045e-02 +1.2048e-02 +1.3051e-02 +1.4052e-02 +1.5054e-02 +1.6056e-02 +1.7057e-02 +1.8057e-02 
-0000.01200 -1.8045e-02 -1.7047e-02 -1.6050e-02 -1.5052e-02 -1.4054e-02 -1.3056e-02 -1.2057e-02 -1.1058e-02 -1.0058e-02 -9.0570e-03 -8.0551e-03 -7.0525e-03 -6.0488e-03 -5.0448e-03 -4.0397e-03 -3.0338e-03 -2.0279e-03 -1.0211e-03 -1.3579e-05 +9.9347e-04 +2.0006e-03 +3.0075e-03 +4.0135e-03 +5.0198e-03 +6.0251e-03 +7.0300e-03 +8.0346e-03 +9.0385e-03 +1.0042e-02 +1.1045e-02 +1.2048e-02 +1.3051e-02 +1.4052e-02 +1.5054e-02 +1.6056e-02 +1.7057e-02 +1.8057e-02 
# Vertical Final Position [m]
START
            -0000.01800 -0000.01700 -0000.01600 -0000.01500 -0000.01400 -0000.01300 -0000.01200 -0000.01100 -0000.01000 -0000.00900 -0000.00800 -0000.00700 -0000.00600 -0000.00500 -0000.00400 -0000.00300 -0000.00200 -0000.00100 +0000.00000 +0000.00100 +0000.00200 +0000.00300 +0000.00400 +0000.00500 +0000.00600 +0000.00700 +0000.00800 +0000.00900 +0000.01000 +0000.01100 +0000.01200 +0000.01300 +0000.01400 +0000.01500 +0000.01600 +0000.01700 +0000.01800 
+0000.01200 +1.1839e-02 +1.1845e-02 +1.1852e-02 +1.1860e-02 +1.1869e-02 +1.1879e-02 +1.1890e-02 +1.1902e-02 +1.1914e-02 +1.1927e-02 +1.1939e-02 +1.1952e-02 +1.1963e-02 +1.1975e-02 +1.1985e-02 +1.1995e-02 +1.2004e-02 +1.2012e-02 +1.2019e-02 +1.2026e-02 +1.2031e-02 +1.2036e-02 +1.2040e-02 +1.2044e-02 +1.2047e-02 +1.2049e-02 +1.2050e-02 +1.2051e-02 +1.2051e-02 +1.2052e-02 +1.2052e-02 +1.2052e-02 +1.2052e-02 +1.2053e-02 +1.2053e-02 +1.2053e-02 +1.2054e-02 
+0000.00000 -1.6142e-04 -1.5475e-04 -1.4797e-04 -1.4008e-04 -1.3100e-04 -1.2083e-04 -1.0975e-04 -9.7822e-05 -8.5801e-05 -7.3330e-05 -6.0954e-05 -4.8341e-05 -3.6748e-05 -2.5427e-05 -1.5016e-05 -5.2852e-06 +3.5450e-06 +1.1565e-05 +1.9100e-05 +2.5560e-05 +3.1083e-05 +3.6240e-05 +4.0300e-05 +4.3806e-05 +4.6742e-05 +4.8722e-05 +4.9783e-05 +5.1394e-05 +5.1406e-05 +5.1960e-05 +5.1990e-05 +5.2277e-05 +5.2258e-05 +5.2540e-05 +5.2985e-05 +5.3342e-05 +5.4028e-05 
-0000.01200 -1.2161e-02 -1.2155e-02 -1.2148e-02 -1.2140e-02 -1.2131e-02 -1.2121e-02 -1.2110e-02 -1.2098e-02 -1.2086e-02 -1.2073e-02 -1.2061e-02 -1.2048e-02 -1.2037e-02 -1.2025e-02 -1.2015e-02 -1.2005e-02 -1.1996e-02 -1.1988e-02 -1.1981e-02 -1.1974e-02 -1.1969e-02 -1.1964e-02 -1.1960e-02 -1.1956e-02 -1.1953e-02 -1.1951e-02 -1.1950e-02 -1.1949e-02 -1.1949e-02 -1.1948e-02 -1.1948e-02 -1.1948e-02 -1.1948e-02 -1.1947e-02 -1.1947e-02 -1.1947e-02 -1.1946e-02 