# Author: FAC idanalysis.IDKickMap
# Termination_kicks [T2m2]: +0.0000e+00 +0.0000e+00 +0.0000e+00 +0.0000e+00 
# Total Length of Longitudinal Interval [m]
0.13
# Number of Horizontal Points
61
# Number of Vertical Points
9
# Total Horizontal 2nd Order Kick [T2m2]
START
            -0000.01000 -0000.00967 -0000.00933 -0000.00900 -0000.00867 -0000.00833 -0000.00800 -0000.00767 -0000.00733 -0000.00700 -0000.00667 -0000.00633 -0000.00600 -0000.00567 -0000.00533 -0000.00500 -0000.00467 -0000.00433 -0000.00400 -0000.00367 -0000.00333 -0000.00300 -0000.00267 -0000.00233 -0000.00200 -0000.00167 -0000.00133 -0000.00100 -0000.00067 -0000.00033 +0000.00000 +0000.00033 +0000.00067 +0000.00100 +0000.00133 +0000.00167 +0000.00200 +0000.00233 +0000.00267 +0000.00300 +0000.00333 +0000.00367 +0000.00400 +0000.00433 +0000.00467 +0000.00500 +0000.00533 +0000.00567 +0000.00600 +0000.00633 +0000.00667 +0000.00700 +0000.00733 +0000.00767 +0000.00800 +0000.00833 +0000.00867 +0000.00900 +0000.00933 +0000.00967 +0000.01000 
+0000.00200 +1.0390e-05 +9.6990e-06 +9.0260e-06 +8.3740e-06 +7.7420e-06 +7.1300e-06 +6.5390e-06 +5.9700e-06 +5.4230e-06 +4.8970e-06 +4.3940e-06 +3.9140e-06 +3.4570e-06 +3.0240e-06 +2.6140e-06 +2.2280e-06 +1.8660e-06 +1.5280e-06 +1.2160e-06 +9.2800e-07 +6.6500e-07 +4.2700e-07 +2.1500e-07 +2.8000e-08 -1.3300e-07 -2.6900e-07 -3.7900e-07 -4.6300e-07 -5.2100e-07 -5.5300e-07 -5.5900e-07 -5.3900e-07 -4.9300e-07 -4.2100e-07 -3.2400e-07 -2.0000e-07 -5.1000e-08 +1.2400e-07 +3.2500e-07 +5.5100e-07 +8.0200e-07 +1.0790e-06 +1.3800e-06 +1.7070e-06 +2.0580e-06 +2.4330e-06 +2.8330e-06 +3.2560e-06 +3.7040e-06 +4.1740e-06 +4.6680e-06 +5.1840e-06 +5.7230e-06 +6.2840e-06 +6.8660e-06 +7.4700e-06 +8.0950e-06 +8.7410e-06 +9.4060e-06 +1.0091e-05 +1.0796e-05 
+0000.00150 +1.0550e-05 +9.8690e-06 +9.2060e-06 +8.5620e-06 +7.9370e-06 +7.3320e-06 +6.7470e-06 +6.1830e-06 +5.6400e-06 +5.1190e-06 +4.6200e-06 +4.1430e-06 +3.6880e-06 +3.2570e-06 +2.8490e-06 +2.4650e-06 +2.1050e-06 +1.7690e-06 +1.4570e-06 +1.1700e-06 +9.0700e-07 +6.7000e-07 +4.5800e-07 +2.7200e-07 +1.1100e-07 -2.5000e-08 -1.3400e-07 -2.1800e-07 -2.7600e-07 -3.0800e-07 -3.1400e-07 -2.9500e-07 -2.4900e-07 -1.7700e-07 -8.0000e-08 +4.4000e-08 +1.9300e-07 +3.6700e-07 +5.6800e-07 +7.9300e-07 +1.0440e-06 +1.3200e-06 +1.6200e-06 +1.9450e-06 +2.2950e-06 +2.6690e-06 +3.0660e-06 +3.4880e-06 +3.9320e-06 +4.4000e-06 +4.8900e-06 +5.4030e-06 +5.9370e-06 +6.4930e-06 +7.0700e-06 +7.6680e-06 +8.2860e-06 +8.9230e-06 +9.5800e-06 +1.0256e-05 +1.0950e-05 
+0000.00100 +1.0663e-05 +9.9890e-06 +9.3330e-06 +8.6950e-06 +8.0750e-06 +7.4750e-06 +6.8950e-06 +6.3350e-06 +5.7950e-06 +5.2770e-06 +4.7800e-06 +4.3060e-06 +3.8540e-06 +3.4240e-06 +3.0180e-06 +2.6350e-06 +2.2750e-06 +1.9400e-06 +1.6290e-06 +1.3430e-06 +1.0810e-06 +8.4400e-07 +6.3300e-07 +4.4600e-07 +2.8500e-07 +1.5000e-07 +4.0000e-08 -4.3000e-08 -1.0100e-07 -1.3400e-07 -1.4000e-07 -1.2000e-07 -7.4000e-08 -3.0000e-09 +9.4000e-08 +2.1700e-07 +3.6600e-07 +5.4100e-07 +7.4000e-07 +9.6500e-07 +1.2160e-06 +1.4910e-06 +1.7910e-06 +2.1150e-06 +2.4640e-06 +2.8360e-06 +3.2320e-06 +3.6520e-06 +4.0950e-06 +4.5600e-06 +5.0480e-06 +5.5570e-06 +6.0890e-06 +6.6410e-06 +7.2140e-06 +7.8070e-06 +8.4200e-06 +9.0530e-06 +9.7030e-06 +1.0373e-05 +1.1059e-05 
+0000.00050 +1.0730e-05 +1.0061e-05 +9.4080e-06 +8.7740e-06 +8.1580e-06 +7.5600e-06 +6.9830e-06 +6.4250e-06 +5.8880e-06 +5.3710e-06 +4.8770e-06 +4.4030e-06 +3.9520e-06 +3.5240e-06 +3.1190e-06 +2.7360e-06 +2.3780e-06 +2.0430e-06 +1.7330e-06 +1.4470e-06 +1.1850e-06 +9.4900e-07 +7.3700e-07 +5.5100e-07 +3.9000e-07 +2.5500e-07 +1.4500e-07 +6.1000e-08 +3.0000e-09 -2.9000e-08 -3.5000e-08 -1.5000e-08 +3.0000e-08 +1.0200e-07 +1.9900e-07 +3.2200e-07 +4.7000e-07 +6.4500e-07 +8.4400e-07 +1.0690e-06 +1.3190e-06 +1.5940e-06 +1.8930e-06 +2.2170e-06 +2.5650e-06 +2.9360e-06 +3.3320e-06 +3.7500e-06 +4.1920e-06 +4.6560e-06 +5.1420e-06 +5.6500e-06 +6.1800e-06 +6.7300e-06 +7.3010e-06 +7.8910e-06 +8.5010e-06 +9.1300e-06 +9.7780e-06 +1.0443e-05 +1.1125e-05 
+0000.00000 +1.0752e-05 +1.0084e-05 +9.4330e-06 +8.8000e-06 +8.1850e-06 +7.5890e-06 +7.0120e-06 +6.4550e-06 +5.9190e-06 +5.4030e-06 +4.9090e-06 +4.4360e-06 +3.9850e-06 +3.5570e-06 +3.1520e-06 +2.7700e-06 +2.4120e-06 +2.0780e-06 +1.7670e-06 +1.4810e-06 +1.2200e-06 +9.8400e-07 +7.7200e-07 +5.8600e-07 +4.2500e-07 +2.9000e-07 +1.8000e-07 +9.7000e-08 +3.8000e-08 +6.0000e-09 +0.0000e+00 +2.0000e-08 +6.5000e-08 +1.3600e-07 +2.3300e-07 +3.5600e-07 +5.0500e-07 +6.7900e-07 +8.7800e-07 +1.1030e-06 +1.3530e-06 +1.6270e-06 +1.9260e-06 +2.2500e-06 +2.5980e-06 +2.9690e-06 +3.3640e-06 +3.7830e-06 +4.2240e-06 +4.6880e-06 +5.1730e-06 +5.6810e-06 +6.2100e-06 +6.7590e-06 +7.3290e-06 +7.9190e-06 +8.5280e-06 +9.1560e-06 +9.8020e-06 +1.0466e-05 +1.1147e-05 
-0000.00050 +1.0728e-05 +1.0059e-05 +9.4070e-06 +8.7730e-06 +8.1570e-06 +7.5600e-06 +6.9830e-06 +6.4250e-06 +5.8880e-06 +5.3720e-06 +4.8770e-06 +4.4040e-06 +3.9530e-06 +3.5250e-06 +3.1190e-06 +2.7370e-06 +2.3790e-06 +2.0440e-06 +1.7340e-06 +1.4470e-06 +1.1860e-06 +9.4900e-07 +7.3800e-07 +5.5200e-07 +3.9100e-07 +2.5500e-07 +1.4600e-07 +6.2000e-08 +4.0000e-09 -2.9000e-08 -3.5000e-08 -1.5000e-08 +3.0000e-08 +1.0100e-07 +1.9800e-07 +3.2100e-07 +4.7000e-07 +6.4400e-07 +8.4300e-07 +1.0680e-06 +1.3180e-06 +1.5930e-06 +1.8920e-06 +2.2160e-06 +2.5640e-06 +2.9350e-06 +3.3310e-06 +3.7490e-06 +4.1910e-06 +4.6550e-06 +5.1420e-06 +5.6500e-06 +6.1790e-06 +6.7300e-06 +7.3010e-06 +7.8910e-06 +8.5020e-06 +9.1310e-06 +9.7790e-06 +1.0444e-05 +1.1127e-05 
-0000.00100 +1.0660e-05 +9.9860e-06 +9.3310e-06 +8.6930e-06 +8.0740e-06 +7.4740e-06 +6.8950e-06 +6.3350e-06 +5.7960e-06 +5.2780e-06 +4.7820e-06 +4.3070e-06 +3.8550e-06 +3.4260e-06 +3.0200e-06 +2.6370e-06 +2.2770e-06 +1.9420e-06 +1.6310e-06 +1.3450e-06 +1.0830e-06 +8.4600e-07 +6.3400e-07 +4.4800e-07 +2.8700e-07 +1.5100e-07 +4.2000e-08 -4.3000e-08 -1.0100e-07 -1.3300e-07 -1.4000e-07 -1.2000e-07 -7.5000e-08 -3.0000e-09 +9.4000e-08 +2.1700e-07 +3.6500e-07 +5.3900e-07 +7.3900e-07 +9.6400e-07 +1.2140e-06 +1.4890e-06 +1.7890e-06 +2.1130e-06 +2.4620e-06 +2.8340e-06 +3.2300e-06 +3.6500e-06 +4.0930e-06 +4.5580e-06 +5.0460e-06 +5.5560e-06 +6.0880e-06 +6.6410e-06 +7.2140e-06 +7.8080e-06 +8.4220e-06 +9.0540e-06 +9.7060e-06 +1.0376e-05 +1.1064e-05 
-0000.00150 +1.0545e-05 +9.8650e-06 +9.2030e-06 +8.5600e-06 +7.9360e-06 +7.3320e-06 +6.7470e-06 +6.1840e-06 +5.6420e-06 +5.1210e-06 +4.6220e-06 +4.1450e-06 +3.6910e-06 +3.2600e-06 +2.8520e-06 +2.4680e-06 +2.1080e-06 +1.7720e-06 +1.4600e-06 +1.1730e-06 +9.1000e-07 +6.7300e-07 +4.6100e-07 +2.7400e-07 +1.1300e-07 -2.3000e-08 -1.3300e-07 -2.1700e-07 -2.7500e-07 -3.0800e-07 -3.1400e-07 -2.9500e-07 -2.4900e-07 -1.7800e-07 -8.1000e-08 +4.2000e-08 +1.9100e-07 +3.6500e-07 +5.6500e-07 +7.9100e-07 +1.0410e-06 +1.3170e-06 +1.6170e-06 +1.9430e-06 +2.2920e-06 +2.6660e-06 +3.0640e-06 +3.4850e-06 +3.9300e-06 +4.3980e-06 +4.8880e-06 +5.4010e-06 +5.9360e-06 +6.4930e-06 +7.0700e-06 +7.6690e-06 +8.2880e-06 +8.9260e-06 +9.5840e-06 +1.0261e-05 +1.0956e-05 
-0000.00200 +1.0383e-05 +9.6930e-06 +9.0230e-06 +8.3710e-06 +7.7400e-06 +7.1290e-06 +6.5400e-06 +5.9710e-06 +5.4240e-06 +4.8990e-06 +4.3970e-06 +3.9170e-06 +3.4600e-06 +3.0270e-06 +2.6170e-06 +2.2310e-06 +1.8700e-06 +1.5320e-06 +1.2190e-06 +9.3100e-07 +6.6800e-07 +4.3000e-07 +2.1800e-07 +3.1000e-08 -1.3100e-07 -2.6700e-07 -3.7700e-07 -4.6100e-07 -5.2000e-07 -5.5200e-07 -5.5900e-07 -5.3900e-07 -4.9400e-07 -4.2300e-07 -3.2500e-07 -2.0200e-07 -5.3000e-08 +1.2200e-07 +3.2200e-07 +5.4800e-07 +7.9900e-07 +1.0750e-06 +1.3770e-06 +1.7030e-06 +2.0540e-06 +2.4290e-06 +2.8290e-06 +3.2530e-06 +3.7000e-06 +4.1710e-06 +4.6650e-06 +5.1820e-06 +5.7210e-06 +6.2830e-06 +6.8660e-06 +7.4710e-06 +8.0970e-06 +8.7440e-06 +9.4100e-06 +1.0097e-05 +1.0803e-05 
# Total Vertical 2nd Order Kick [T2m2]
START
            -0000.01000 -0000.00967 -0000.00933 -0000.00900 -0000.00867 -0000.00833 -0000.00800 -0000.00767 -0000.00733 -0000.00700 -0000.00667 -0000.00633 -0000.00600 -0000.00567 -0000.00533 -0000.00500 -0000.00467 -0000.00433 -0000.00400 -0000.00367 -0000.00333 -0000.00300 -0000.00267 -0000.00233 -0000.00200 -0000.00167 -0000.00133 -0000.00100 -0000.00067 -0000.00033 +0000.00000 +0000.00033 +0000.00067 +0000.00100 +0000.00133 +0000.00167 +0000.00200 +0000.00233 +0000.00267 +0000.00300 +0000.00333 +0000.00367 +0000.00400 +0000.00433 +0000.00467 +0000.00500 +0000.00533 +0000.00567 +0000.00600 +0000.00633 +0000.00667 +0000.00700 +0000.00733 +0000.00767 +0000.00800 +0000.00833 +0000.00867 +0000.00900 +0000.00933 +0000.00967 +0000.01000 
+0000.00200 +2.8697e-06 +2.7736e-06 +2.6729e-06 +2.5679e-06 +2.4586e-06 +2.3453e-06 +2.2282e-06 +2.1075e-06 +1.9833e-06 +1.8559e-06 +1.7254e-06 +1.5920e-06 +1.4559e-06 +1.3172e-06 +1.1762e-06 +1.0329e-06 +8.8764e-07 +7.4050e-07 +5.9165e-07 +4.4127e-07 +2.8950e-07 +1.3651e-07 -1.7559e-08 -1.7254e-07 -3.2830e-07 -4.8467e-07 -6.4152e-07 -7.9870e-07 -9.5607e-07 -1.1135e-06 -1.2708e-06 -1.4279e-06 -1.5847e-06 -1.7409e-06 -1.8966e-06 -2.0515e-06 -2.2056e-06 -2.3587e-06 -2.5107e-06 -2.6615e-06 -2.8109e-06 -2.9589e-06 -3.1053e-06 -3.2501e-06 -3.3931e-06 -3.5343e-06 -3.6734e-06 -3.8105e-06 -3.9455e-06 -4.0781e-06 -4.2085e-06 -4.3363e-06 -4.4617e-06 -4.5844e-06 -4.7044e-06 -4.8217e-06 -4.9361e-06 -5.0475e-06 -5.1560e-06 -5.2613e-06 -5.3635e-06 
+0000.00150 +2.2131e-06 +2.1426e-06 +2.0686e-06 +1.9912e-06 +1.9105e-06 +1.8267e-06 +1.7399e-06 +1.6504e-06 +1.5581e-06 +1.4633e-06 +1.3661e-06 +1.2667e-06 +1.1652e-06 +1.0617e-06 +9.5629e-07 +8.4923e-07 +7.4060e-07 +6.3052e-07 +5.1911e-07 +4.0652e-07 +2.9285e-07 +1.7823e-07 +6.2791e-08 -5.3367e-08 -1.7012e-07 -2.8735e-07 -4.0494e-07 -5.2279e-07 -6.4078e-07 -7.5881e-07 -8.7677e-07 -9.9455e-07 -1.1120e-06 -1.2292e-06 -1.3458e-06 -1.4619e-06 -1.5773e-06 -1.6920e-06 -1.8058e-06 -1.9186e-06 -2.0304e-06 -2.1411e-06 -2.2506e-06 -2.3588e-06 -2.4657e-06 -2.5710e-06 -2.6749e-06 -2.7772e-06 -2.8777e-06 -2.9766e-06 -3.0736e-06 -3.1687e-06 -3.2619e-06 -3.3530e-06 -3.4420e-06 -3.5290e-06 -3.6137e-06 -3.6961e-06 -3.7762e-06 -3.8539e-06 -3.9292e-06 
+0000.00100 +1.5027e-06 +1.4567e-06 +1.4082e-06 +1.3573e-06 +1.3042e-06 +1.2489e-06 +1.1916e-06 +1.1323e-06 +1.0712e-06 +1.0084e-06 +9.4387e-07 +8.7784e-07 +8.1037e-07 +7.4155e-07 +6.7146e-07 +6.0021e-07 +5.2788e-07 +4.5456e-07 +3.8034e-07 +3.0531e-07 +2.2955e-07 +1.5314e-07 +7.6181e-08 -1.2610e-09 -7.9101e-08 -1.5726e-07 -2.3566e-07 -3.1423e-07 -3.9289e-07 -4.7157e-07 -5.5018e-07 -6.2868e-07 -7.0697e-07 -7.8500e-07 -8.6270e-07 -9.3999e-07 -1.0168e-06 -1.0931e-06 -1.1688e-06 -1.2439e-06 -1.3183e-06 -1.3918e-06 -1.4646e-06 -1.5365e-06 -1.6075e-06 -1.6774e-06 -1.7463e-06 -1.8142e-06 -1.8809e-06 -1.9464e-06 -2.0107e-06 -2.0737e-06 -2.1354e-06 -2.1957e-06 -2.2546e-06 -2.3121e-06 -2.3681e-06 -2.4225e-06 -2.4755e-06 -2.5268e-06 -2.5765e-06 
+0000.00050 +7.6024e-07 +7.3772e-07 +7.1389e-07 +6.8881e-07 +6.6255e-07 +6.3515e-07 +6.0668e-07 +5.7720e-07 +5.4675e-07 +5.1539e-07 +4.8318e-07 +4.5016e-07 +4.1640e-07 +3.8194e-07 +3.4683e-07 +3.1113e-07 +2.7487e-07 +2.3811e-07 +2.0090e-07 +1.6328e-07 +1.2529e-07 +8.6991e-08 +4.8410e-08 +9.5980e-09 -2.9405e-08 -6.8556e-08 -1.0782e-07 -1.4715e-07 -1.8651e-07 -2.2586e-07 -2.6517e-07 -3.0440e-07 -3.4352e-07 -3.8248e-07 -4.2126e-07 -4.5983e-07 -4.9815e-07 -5.3618e-07 -5.7391e-07 -6.1130e-07 -6.4832e-07 -6.8494e-07 -7.2114e-07 -7.5689e-07 -7.9217e-07 -8.2694e-07 -8.6120e-07 -8.9491e-07 -9.2805e-07 -9.6061e-07 -9.9255e-07 -1.0239e-06 -1.0545e-06 -1.0845e-06 -1.1138e-06 -1.1425e-06 -1.1704e-06 -1.1976e-06 -1.2240e-06 -1.2497e-06 -1.2746e-06 
+0000.00000 +2.8490e-09 +3.4240e-09 +3.8780e-09 +4.2210e-09 +4.4630e-09 +4.6150e-09 +4.6860e-09 +4.6840e-09 +4.6190e-09 +4.4980e-09 +4.3300e-09 +4.1230e-09 +3.8830e-09 +3.6170e-09 +3.3320e-09 +3.0340e-09 +2.7280e-09 +2.4210e-09 +2.1160e-09 +1.8190e-09 +1.5340e-09 +1.2640e-09 +1.0140e-09 +7.8600e-10 +5.8300e-10 +4.0800e-10 +2.6200e-10 +1.4700e-10 +6.4000e-11 +1.5000e-11 +0.0000e+00 +1.8000e-11 +7.1000e-11 +1.5700e-10 +2.7500e-10 +4.2400e-10 +6.0200e-10 +8.0800e-10 +1.0380e-09 +1.2900e-09 +1.5620e-09 +1.8480e-09 +2.1460e-09 +2.4510e-09 +2.7580e-09 +3.0630e-09 +3.3600e-09 +3.6430e-09 +3.9060e-09 +4.1430e-09 +4.3470e-09 +4.5100e-09 +4.6250e-09 +4.6840e-09 +4.6790e-09 +4.6000e-09 +4.4390e-09 +4.1860e-09 +3.8320e-09 +3.3660e-09 +2.7780e-09 
-0000.00050 -7.5428e-07 -7.3062e-07 -7.0590e-07 -6.8015e-07 -6.5342e-07 -6.2574e-07 -5.9714e-07 -5.6768e-07 -5.3737e-07 -5.0627e-07 -4.7441e-07 -4.4183e-07 -4.0856e-07 -3.7465e-07 -3.4013e-07 -3.0503e-07 -2.6940e-07 -2.3327e-07 -1.9667e-07 -1.5966e-07 -1.2225e-07 -8.4497e-08 -4.6427e-08 -8.0790e-09 +3.0511e-08 +6.9301e-08 +1.0827e-07 +1.4737e-07 +1.8656e-07 +2.2581e-07 +2.6509e-07 +3.0436e-07 +3.4358e-07 +3.8272e-07 +4.2174e-07 +4.6060e-07 +4.9928e-07 +5.3773e-07 +5.7593e-07 +6.1383e-07 +6.5140e-07 +6.8860e-07 +7.2541e-07 +7.6178e-07 +7.9769e-07 +8.3309e-07 +8.6795e-07 +9.0224e-07 +9.3593e-07 +9.6897e-07 +1.0014e-06 +1.0330e-06 +1.0639e-06 +1.0941e-06 +1.1234e-06 +1.1519e-06 +1.1795e-06 +1.2062e-06 +1.2320e-06 +1.2567e-06 +1.2805e-06 
-0000.00100 -1.4959e-06 -1.4487e-06 -1.3994e-06 -1.3479e-06 -1.2944e-06 -1.2388e-06 -1.1815e-06 -1.1223e-06 -1.0614e-06 -9.9888e-07 -9.3480e-07 -8.6926e-07 -8.0233e-07 -7.3410e-07 -6.6464e-07 -5.9404e-07 -5.2238e-07 -4.4973e-07 -3.7616e-07 -3.0177e-07 -2.2662e-07 -1.5080e-07 -7.4367e-08 +2.5890e-09 +8.0001e-08 +1.5778e-07 +2.3588e-07 +3.1420e-07 +3.9268e-07 +4.7125e-07 +5.4984e-07 +6.2837e-07 +7.0678e-07 +7.8499e-07 +8.6294e-07 +9.4056e-07 +1.0178e-06 +1.0946e-06 +1.1708e-06 +1.2464e-06 +1.3213e-06 +1.3955e-06 +1.4689e-06 +1.5415e-06 +1.6131e-06 +1.6837e-06 +1.7533e-06 +1.8218e-06 +1.8891e-06 +1.9551e-06 +2.0199e-06 +2.0833e-06 +2.1453e-06 +2.2058e-06 +2.2648e-06 +2.3222e-06 +2.3779e-06 +2.4319e-06 +2.4842e-06 +2.5346e-06 +2.5832e-06 
-0000.00150 -2.2048e-06 -2.1334e-06 -2.0586e-06 -1.9807e-06 -1.8997e-06 -1.8157e-06 -1.7290e-06 -1.6395e-06 -1.5476e-06 -1.4532e-06 -1.3565e-06 -1.2576e-06 -1.1567e-06 -1.0539e-06 -9.4926e-07 -8.4293e-07 -7.3503e-07 -6.2568e-07 -5.1499e-07 -4.0310e-07 -2.9009e-07 -1.7610e-07 -6.1239e-08 +5.4389e-08 +1.7067e-07 +2.8749e-07 +4.0475e-07 +5.2233e-07 +6.4013e-07 +7.5804e-07 +8.7596e-07 +9.9377e-07 +1.1114e-06 +1.2288e-06 +1.3457e-06 +1.4621e-06 +1.5779e-06 +1.6930e-06 +1.8074e-06 +1.9208e-06 +2.0332e-06 +2.1446e-06 +2.2548e-06 +2.3637e-06 +2.4713e-06 +2.5774e-06 +2.6820e-06 +2.7849e-06 +2.8862e-06 +2.9856e-06 +3.0832e-06 +3.1788e-06 +3.2724e-06 +3.3638e-06 +3.4530e-06 +3.5399e-06 +3.6245e-06 +3.7066e-06 +3.7862e-06 +3.8631e-06 +3.9374e-06 
-0000.00200 -2.8596e-06 -2.7626e-06 -2.6613e-06 -2.5558e-06 -2.4463e-06 -2.3330e-06 -2.2160e-06 -2.0956e-06 -1.9718e-06 -1.8449e-06 -1.7150e-06 -1.5823e-06 -1.4469e-06 -1.3090e-06 -1.1688e-06 -1.0264e-06 -8.8196e-07 -7.3565e-07 -5.8761e-07 -4.3801e-07 -2.8698e-07 -1.3468e-07 +1.8739e-08 +1.7314e-07 +3.2837e-07 +4.8429e-07 +6.4077e-07 +7.9765e-07 +9.5481e-07 +1.1121e-06 +1.2694e-06 +1.4266e-06 +1.5835e-06 +1.7399e-06 +1.8959e-06 +2.0512e-06 +2.2057e-06 +2.3593e-06 +2.5119e-06 +2.6633e-06 +2.8134e-06 +2.9622e-06 +3.1094e-06 +3.2550e-06 +3.3988e-06 +3.5408e-06 +3.6808e-06 +3.8187e-06 +3.9544e-06 +4.0878e-06 +4.2188e-06 +4.3473e-06 +4.4732e-06 +4.5963e-06 +4.7166e-06 +4.8340e-06 +4.9484e-06 +5.0597e-06 +5.1677e-06 +5.2725e-06 +5.3738e-06 
# Horizontal Final Position [m]
START
            -0000.01000 -0000.00967 -0000.00933 -0000.00900 -0000.00867 -0000.00833 -0000.00800 -0000.00767 -0000.00733 -0000.00700 -0000.00667 -0000.00633 -0000.00600 -0000.00567 -0000.00533 -0000.00500 -0000.00467 -0000.00433 -0000.00400 -0000.00367 -0000.00333 -0000.00300 -0000.00267 -0000.00233 -0000.00200 -0000.00167 -0000.00133 -0000.00100 -0000.00067 -0000.00033 +0000.00000 +0000.00033 +0000.00067 +0000.00100 +0000.00133 +0000.00167 +0000.00200 +0000.00233 +0000.00267 +0000.00300 +0000.00333 +0000.00367 +0000.00400 +0000.00433 +0000.00467 +0000.00500 +0000.00533 +0000.00567 +0000.00600 +0000.00633 +0000.00667 +0000.00700 +0000.00733 +0000.00767 +0000.00800 +0000.00833 +0000.00867 +0000.00900 +0000.00933 +0000.00967 +0000.01000 
+0000.00200 -1.0004e-02 -9.6704e-03 -9.3372e-03 -9.0039e-03 -8.6706e-03 -8.3373e-03 -8.0041e-03 -7.6708e-03 -7.3375e-03 -7.0042e-03 -6.6709e-03 -6.3376e-03 -6.0043e-03 -5.6709e-03 -5.3376e-03 -5.0043e-03 -4.6710e-03 -4.3377e-03 -4.0043e-03 -3.6710e-03 -3.3377e-03 -3.0044e-03 -2.6710e-03 -2.3377e-03 -2.0044e-03 -1.6710e-03 -1.3377e-03 -1.0043e-03 -6.7101e-04 -3.3767e-04 -4.3258e-06 +3.2902e-04 +6.6236e-04 +9.9570e-04 +1.3290e-03 +1.6624e-03 +1.9957e-03 +2.3291e-03 +2.6624e-03 +2.9958e-03 +3.3291e-03 +3.6624e-03 +3.9958e-03 +4.3291e-03 +4.6625e-03 +4.9958e-03 +5.3291e-03 +5.6625e-03 +5.9958e-03 +6.3291e-03 +6.6624e-03 +6.9958e-03 +7.3291e-03 +7.6624e-03 +7.9957e-03 +8.3291e-03 +8.6624e-03 +8.9957e-03 +9.3290e-03 +9.6623e-03 +9.9956e-03 
+0000.00150 -1.0004e-02 -9.6704e-03 -9.3372e-03 -9.0039e-03 -8.6706e-03 -8.3373e-03 -8.0041e-03 -7.6708e-03 -7.3375e-03 -7.0042e-03 -6.6709e-03 -6.3376e-03 -6.0043e-03 -5.6709e-03 -5.3376e-03 -5.0043e-03 -4.6710e-03 -4.3377e-03 -4.0043e-03 -3.6710e-03 -3.3377e-03 -3.0044e-03 -2.6710e-03 -2.3377e-03 -2.0044e-03 -1.6710e-03 -1.3377e-03 -1.0043e-03 -6.7100e-04 -3.3766e-04 -4.3204e-06 +3.2902e-04 +6.6236e-04 +9.9571e-04 +1.3290e-03 +1.6624e-03 +1.9957e-03 +2.3291e-03 +2.6624e-03 +2.9958e-03 +3.3291e-03 +3.6624e-03 +3.9958e-03 +4.3291e-03 +4.6625e-03 +4.9958e-03 +5.3291e-03 +5.6625e-03 +5.9958e-03 +6.3291e-03 +6.6624e-03 +6.9958e-03 +7.3291e-03 +7.6624e-03 +7.9957e-03 +8.3291e-03 +8.6624e-03 +8.9957e-03 +9.3290e-03 +9.6623e-03 +9.9956e-03 
+0000.00100 -1.0004e-02 -9.6704e-03 -9.3372e-03 -9.0039e-03 -8.6706e-03 -8.3373e-03 -8.0041e-03 -7.6708e-03 -7.3375e-03 -7.0042e-03 -6.6709e-03 -6.3376e-03 -6.0043e-03 -5.6709e-03 -5.3376e-03 -5.0043e-03 -4.6710e-03 -4.3377e-03 -4.0043e-03 -3.6710e-03 -3.3377e-03 -3.0044e-03 -2.6710e-03 -2.3377e-03 -2.0044e-03 -1.6710e-03 -1.3377e-03 -1.0043e-03 -6.7100e-04 -3.3766e-04 -4.3204e-06 +3.2902e-04 +6.6236e-04 +9.9571e-04 +1.3290e-03 +1.6624e-03 +1.9957e-03 +2.3291e-03 +2.6624e-03 +2.9958e-03 +3.3291e-03 +3.6624e-03 +3.9958e-03 +4.3291e-03 +4.6625e-03 +4.9958e-03 +5.3291e-03 +5.6625e-03 +5.9958e-03 +6.3291e-03 +6.6624e-03 +6.9958e-03 +7.3291e-03 +7.6624e-03 +7.9957e-03 +8.3291e-03 +8.6624e-03 +8.9957e-03 +9.3290e-03 +9.6623e-03 +9.9956e-03 
+0000.00050 -1.0004e-02 -9.6704e-03 -9.3372e-03 -9.0039e-03 -8.6706e-03 -8.3373e-03 -8.0041e-03 -7.6708e-03 -7.3375e-03 -7.0042e-03 -6.6709e-03 -6.3376e-03 -6.0043e-03 -5.6709e-03 -5.3376e-03 -5.0043e-03 -4.6710e-03 -4.3377e-03 -4.0043e-03 -3.6710e-03 -3.3377e-03 -3.0044e-03 -2.6710e-03 -2.3377e-03 -2.0044e-03 -1.6710e-03 -1.3377e-03 -1.0043e-03 -6.7100e-04 -3.3766e-04 -4.3204e-06 +3.2902e-04 +6.6236e-04 +9.9571e-04 +1.3290e-03 +1.6624e-03 +1.9957e-03 +2.3291e-03 +2.6624e-03 +2.9958e-03 +3.3291e-03 +3.6624e-03 +3.9958e-03 +4.3291e-03 +4.6625e-03 +4.9958e-03 +5.3291e-03 +5.6625e-03 +5.9958e-03 +6.3291e-03 +6.6624e-03 +6.9958e-03 +7.3291e-03 +7.6624e-03 +7.9957e-03 +8.3291e-03 +8.6624e-03 +8.9957e-03 +9.3290e-03 +9.6623e-03 +9.9956e-03 
+0000.00000 -1.0004e-02 -9.6704e-03 -9.3372e-03 -9.0039e-03 -8.6706e-03 -8.3373e-03 -8.0041e-03 -7.6708e-03 -7.3375e-03 -7.0042e-03 -6.6709e-03 -6.3376e-03 -6.0043e-03 -5.6709e-03 -5.3376e-03 -5.0043e-03 -4.6710e-03 -4.3377e-03 -4.0043e-03 -3.6710e-03 -3.3377e-03 -3.0044e-03 -2.6710e-03 -2.3377e-03 -2.0044e-03 -1.6710e-03 -1.3377e-03 -1.0043e-03 -6.7100e-04 -3.3766e-04 -4.3204e-06 +3.2902e-04 +6.6236e-04 +9.9571e-04 +1.3290e-03 +1.6624e-03 +1.9957e-03 +2.3291e-03 +2.6624e-03 +2.9958e-03 +3.3291e-03 +3.6624e-03 +3.9958e-03 +4.3291e-03 +4.6625e-03 +4.9958e-03 +5.3291e-03 +5.6625e-03 +5.9958e-03 +6.3291e-03 +6.6624e-03 +6.9958e-03 +7.3291e-03 +7.6624e-03 +7.9957e-03 +8.3291e-03 +8.6624e-03 +8.9957e-03 +9.3290e-03 +9.6623e-03 +9.9956e-03 
-0000.00050 -1.0004e-02 -9.6704e-03 -9.3372e-03 -9.0039e-03 -8.6706e-03 -8.3373e-03 -8.0041e-03 -7.6708e-03 -7.3375e-03 -7.0042e-03 -6.6709e-03 -6.3376e-03 -6.0043e-03 -5.6709e-03 -5.3376e-03 -5.0043e-03 -4.6710e-03 -4.3377e-03 -4.0043e-03 -3.6710e-03 -3.3377e-03 -3.0044e-03 -2.6710e-03 -2.3377e-03 -2.0044e-03 -1.6710e-03 -1.3377e-03 -1.0043e-03 -6.7100e-04 -3.3766e-04 -4.3204e-06 +3.2902e-04 +6.6236e-04 +9.9571e-04 +1.3290e-03 +1.6624e-03 +1.9957e-03 +2.3291e-03 +2.6624e-03 +2.9958e-03 +3.3291e-03 +3.6624e-03 +3.9958e-03 +4.3291e-03 +4.6625e-03 +4.9958e-03 +5.3291e-03 +5.6625e-03 +5.9958e-03 +6.3291e-03 +6.6624e-03 +6.9958e-03 +7.3291e-03 +7.6624e-03 +7.9957e-03 +8.3291e-03 +8.6624e-03 +8.9957e-03 +9.3290e-03 +9.6623e-03 +9.9956e-03 
-0000.00100 -1.0004e-02 -9.6704e-03 -9.3372e-03 -9.0039e-03 -8.6706e-03 -8.3373e-03 -8.0041e-03 -7.6708e-03 -7.3375e-03 -7.0042e-03 -6.6709e-03 -6.3376e-03 -6.0043e-03 -5.6709e-03 -5.3376e-03 -5.0043e-03 -4.6710e-03 -4.3377e-03 -4.0043e-03 -3.6710e-03 -3.3377e-03 -3.0044e-03 -2.6710e-03 -2.3377e-03 -2.0044e-03 -1.6710e-03 -1.3377e-03 -1.0043e-03 -6.7100e-04 -3.3766e-04 -4.3204e-06 +3.2902e-04 +6.6236e-04 +9.9571e-04 +1.3290e-03 +1.6624e-03 +1.9957e-03 +2.3291e-03 +2.6624e-03 +2.9958e-03 +3.3291e-03 +3.6624e-03 +3.9958e-03 +4.3291e-03 +4.6625e-03 +4.9958e-03 +5.3291e-03 +5.6625e-03 +5.9958e-03 +6.3291e-03 +6.6624e-03 +6.9958e-03 +7.3291e-03 +7.6624e-03 +7.9957e-03 +8.3291e-03 +8.6624e-03 +8.9957e-03 +9.3290e-03 +9.6623e-03 +9.9956e-03 
-0000.00150 -1.0004e-02 -9.6704e-03 -9.3372e-03 -9.0039e-03 -8.6706e-03 -8.3373e-03 -8.0041e-03 -7.6708e-03 -7.3375e-03 -7.0042e-03 -6.6709e-03 -6.3376e-03 -6.0043e-03 -5.6709e-03 -5.3376e-03 -5.0043e-03 -4.6710e-03 -4.3377e-03 -4.0043e-03 -3.6710e-03 -3.3377e-03 -3.0044e-03 -2.6710e-03 -2.3377e-03 -2.0044e-03 -1.6710e-03 -1.3377e-03 -1.0043e-03 -6.7100e-04 -3.3766e-04 -4.3204e-06 +3.2902e-04 +6.6236e-04 +9.9571e-04 +1.3290e-03 +1.6624e-03 +1.9957e-03 +2.3291e-03 +2.6624e-03 +2.9958e-03 +3.3291e-03 +3.6624e-03 +3.9958e-03 +4.3291e-03 +4.6625e-03 +4.9958e-03 +5.3291e-03 +5.6625e-03 +5.9958e-03 +6.3291e-03 +6.6624e-03 +6.9958e-03 +7.3291e-03 +7.6624e-03 +7.9957e-03 +8.3291e-03 +8.6624e-03 +8.9957e-03 +9.3290e-03 +9.6623e-03 +9.9956e-03 
-0000.00200 -1.0004e-02 -9.6704e-03 -9.3372e-03 -9.0039e-03 -8.6706e-03 -8.3373e-03 -8.0041e-03 -7.6708e-03 -7.3375e-03 -7.0042e-03 -6.6709e-03 -6.3376e-03 -6.0043e-03 -5.6709e-03 -5.3376e-03 -5.0043e-03 -4.6710e-03 -4.3377e-03 -4.0043e-03 -3.6710e-03 -3.3377e-03 -3.0044e-03 -2.6710e-03 -2.3377e-03 -2.0044e-03 -1.6710e-03 -1.3377e-03 -1.0043e-03 -6.7101e-04 -3.3767e-04 -4.3258e-06 +3.2902e-04 +6.6236e-04 +9.9570e-04 +1.3290e-03 +1.6624e-03 +1.9957e-03 +2.3291e-03 +2.6624e-03 +2.9958e-03 +3.3291e-03 +3.6624e-03 +3.9958e-03 +4.3291e-03 +4.6625e-03 +4.9958e-03 +5.3291e-03 +5.6625e-03 +5.9958e-03 +6.3291e-03 +6.6624e-03 +6.9958e-03 +7.3291e-03 +7.6624e-03 +7.9957e-03 +8.3291e-03 +8.6624e-03 +8.9957e-03 +9.3290e-03 +9.6623e-03 +9.9956e-03 
# Vertical Final Position [m]
START
            -0000.01000 -0000.00967 -0000.00933 -0000.00900 -0000.00867 -0000.00833 -0000.00800 -0000.00767 -0000.00733 -0000.00700 -0000.00667 -0000.00633 -0000.00600 -0000.00567 -0000.00533 -0000.00500 -0000.00467 -0000.00433 -0000.00400 -0000.00367 -0000.00333 -0000.00300 -0000.00267 -0000.00233 -0000.00200 -0000.00167 -0000.00133 -0000.00100 -0000.00067 -0000.00033 +0000.00000 +0000.00033 +0000.00067 +0000.00100 +0000.00133 +0000.00167 +0000.00200 +0000.00233 +0000.00267 +0000.00300 +0000.00333 +0000.00367 +0000.00400 +0000.00433 +0000.00467 +0000.00500 +0000.00533 +0000.00567 +0000.00600 +0000.00633 +0000.00667 +0000.00700 +0000.00733 +0000.00767 +0000.00800 +0000.00833 +0000.00867 +0000.00900 +0000.00933 +0000.00967 +0000.01000 
+0000.00200 +2.0001e-03 +2.0001e-03 +2.0001e-03 +2.0001e-03 +2.0001e-03 +2.0001e-03 +2.0001e-03 +2.0001e-03 +2.0001e-03 +2.0001e-03 +2.0001e-03 +2.0001e-03 +2.0001e-03 +2.0001e-03 +2.0001e-03 +2.0000e-03 +2.0000e-03 +2.0000e-03 +2.0000e-03 +2.0000e-03 +2.0000e-03 +2.0000e-03 +2.0000e-03 +2.0000e-03 +2.0000e-03 +2.0000e-03 +2.0000e-03 +2.0000e-03 +2.0000e-03 +2.0000e-03 +2.0000e-03 +2.0000e-03 +2.0000e-03 +2.0000e-03 +2.0000e-03 +2.0000e-03 +2.0000e-03 +2.0000e-03 +2.0000e-03 +2.0000e-03 +2.0000e-03 +2.0000e-03 +2.0000e-03 +2.0000e-03 +2.0000e-03 +2.0000e-03 +2.0000e-03 +2.0000e-03 +1.9999e-03 +1.9999e-03 +1.9999e-03 +1.9999e-03 +1.9999e-03 +1.9999e-03 +1.9999e-03 +1.9999e-03 +1.9999e-03 +1.9999e-03 +1.9999e-03 +1.9999e-03 +1.9999e-03 
+0000.00150 +1.5001e-03 +1.5001e-03 +1.5001e-03 +1.5001e-03 +1.5001e-03 +1.5001e-03 +1.5001e-03 +1.5000e-03 +1.5000e-03 +1.5000e-03 +1.5000e-03 +1.5000e-03 +1.5000e-03 +1.5000e-03 +1.5000e-03 +1.5000e-03 +1.5000e-03 +1.5000e-03 +1.5000e-03 +1.5000e-03 +1.5000e-03 +1.5000e-03 +1.5000e-03 +1.5000e-03 +1.5000e-03 +1.5000e-03 +1.5000e-03 +1.5000e-03 +1.5000e-03 +1.5000e-03 +1.5000e-03 +1.5000e-03 +1.5000e-03 +1.5000e-03 +1.5000e-03 +1.5000e-03 +1.5000e-03 +1.5000e-03 +1.5000e-03 +1.5000e-03 +1.5000e-03 +1.5000e-03 +1.5000e-03 +1.5000e-03 +1.5000e-03 +1.5000e-03 +1.5000e-03 +1.5000e-03 +1.5000e-03 +1.5000e-03 +1.5000e-03 +1.5000e-03 +1.5000e-03 +1.5000e-03 +1.5000e-03 +1.4999e-03 +1.4999e-03 +1.4999e-03 +1.4999e-03 +1.4999e-03 +1.4999e-03 
+0000.00100 +1.0000e-03 +1.0000e-03 +1.0000e-03 +1.0000e-03 +1.0000e-03 +1.0000e-03 +1.0000e-03 +1.0000e-03 +1.0000e-03 +1.0000e-03 +1.0000e-03 +1.0000e-03 +1.0000e-03 +1.0000e-03 +1.0000e-03 +1.0000e-03 +1.0000e-03 +1.0000e-03 +1.0000e-03 +1.0000e-03 +1.0000e-03 +1.0000e-03 +1.0000e-03 +1.0000e-03 +1.0000e-03 +1.0000e-03 +1.0000e-03 +1.0000e-03 +1.0000e-03 +1.0000e-03 +1.0000e-03 +1.0000e-03 +9.9999e-04 +9.9999e-04 +9.9999e-04 +9.9999e-04 +9.9999e-04 +9.9999e-04 +9.9999e-04 +9.9999e-04 +9.9999e-04 +9.9998e-04 +9.9998e-04 +9.9998e-04 +9.9998e-04 +9.9998e-04 +9.9998e-04 +9.9998e-04 +9.9997e-04 +9.9997e-04 +9.9997e-04 +9.9997e-04 +9.9997e-04 +9.9997e-04 +9.9997e-04 +9.9996e-04 +9.9996e-04 +9.9996e-04 +9.9996e-04 +9.9996e-04 +9.9996e-04 
+0000.00050 +5.0002e-04 +5.0002e-04 +5.0002e-04 +5.0002e-04 +5.0002e-04 +5.0002e-04 +5.0002e-04 +5.0002e-04 +5.0002e-04 +5.0002e-04 +5.0002e-04 +5.0001e-04 +5.0001e-04 +5.0001e-04 +5.0001e-04 +5.0001e-04 +5.0001e-04 +5.0001e-04 +5.0001e-04 +5.0001e-04 +5.0001e-04 +5.0001e-04 +5.0001e-04 +5.0001e-04 +5.0000e-04 +5.0000e-04 +5.0000e-04 +5.0000e-04 +5.0000e-04 +5.0000e-04 +5.0000e-04 +5.0000e-04 +5.0000e-04 +5.0000e-04 +5.0000e-04 +5.0000e-04 +4.9999e-04 +4.9999e-04 +4.9999e-04 +4.9999e-04 +4.9999e-04 +4.9999e-04 +4.9999e-04 +4.9999e-04 +4.9999e-04 +4.9999e-04 +4.9999e-04 +4.9999e-04 +4.9999e-04 +4.9999e-04 +4.9998e-04 +4.9998e-04 +4.9998e-04 +4.9998e-04 +4.9998e-04 +4.9998e-04 +4.9998e-04 +4.9998e-04 +4.9998e-04 +4.9998e-04 +4.9998e-04 
+0000.00000 +6.4222e-12 +6.4061e-12 +6.3361e-12 +6.2179e-12 +6.0570e-12 +5.8587e-12 +5.6278e-12 +5.3694e-12 +5.0880e-12 +4.7881e-12 +4.4740e-12 +4.1496e-12 +3.8188e-12 +3.4854e-12 +3.1527e-12 +2.8240e-12 +2.5024e-12 +2.1907e-12 +1.8916e-12 +1.6075e-12 +1.3408e-12 +1.0934e-12 +8.6728e-13 +6.6407e-13 +4.8526e-13 +3.3210e-13 +2.0568e-13 +1.0687e-13 +3.6347e-14 -5.4097e-15 -1.8119e-14 -1.7005e-15 +4.3731e-14 +1.1786e-13 +2.2017e-13 +3.4996e-13 +5.0630e-13 +6.8810e-13 +8.9405e-13 +1.1226e-12 +1.3722e-12 +1.6407e-12 +1.9262e-12 +2.2263e-12 +2.5386e-12 +2.8603e-12 +3.1885e-12 +3.5202e-12 +3.8521e-12 +4.1806e-12 +4.5021e-12 +4.8127e-12 +5.1084e-12 +5.3847e-12 +5.6373e-12 +5.8615e-12 +6.0523e-12 +6.2048e-12 +6.3136e-12 +6.3732e-12 +6.3780e-12 
-0000.00050 -5.0002e-04 -5.0002e-04 -5.0002e-04 -5.0002e-04 -5.0002e-04 -5.0002e-04 -5.0002e-04 -5.0002e-04 -5.0002e-04 -5.0002e-04 -5.0002e-04 -5.0001e-04 -5.0001e-04 -5.0001e-04 -5.0001e-04 -5.0001e-04 -5.0001e-04 -5.0001e-04 -5.0001e-04 -5.0001e-04 -5.0001e-04 -5.0001e-04 -5.0001e-04 -5.0001e-04 -5.0000e-04 -5.0000e-04 -5.0000e-04 -5.0000e-04 -5.0000e-04 -5.0000e-04 -5.0000e-04 -5.0000e-04 -5.0000e-04 -5.0000e-04 -5.0000e-04 -5.0000e-04 -4.9999e-04 -4.9999e-04 -4.9999e-04 -4.9999e-04 -4.9999e-04 -4.9999e-04 -4.9999e-04 -4.9999e-04 -4.9999e-04 -4.9999e-04 -4.9999e-04 -4.9999e-04 -4.9999e-04 -4.9999e-04 -4.9998e-04 -4.9998e-04 -4.9998e-04 -4.9998e-04 -4.9998e-04 -4.9998e-04 -4.9998e-04 -4.9998e-04 -4.9998e-04 -4.9998e-04 -4.9998e-04 
-0000.00100 -1.0000e-03 -1.0000e-03 -1.0000e-03 -1.0000e-03 -1.0000e-03 -1.0000e-03 -1.0000e-03 -1.0000e-03 -1.0000e-03 -1.0000e-03 -1.0000e-03 -1.0000e-03 -1.0000e-03 -1.0000e-03 -1.0000e-03 -1.0000e-03 -1.0000e-03 -1.0000e-03 -1.0000e-03 -1.0000e-03 -1.0000e-03 -1.0000e-03 -1.0000e-03 -1.0000e-03 -1.0000e-03 -1.0000e-03 -1.0000e-03 -1.0000e-03 -1.0000e-03 -1.0000e-03 -1.0000e-03 -1.0000e-03 -9.9999e-04 -9.9999e-04 -9.9999e-04 -9.9999e-04 -9.9999e-04 -9.9999e-04 -9.9999e-04 -9.9999e-04 -9.9999e-04 -9.9998e-04 -9.9998e-04 -9.9998e-04 -9.9998e-04 -9.9998e-04 -9.9998e-04 -9.9998e-04 -9.9997e-04 -9.9997e-04 -9.9997e-04 -9.9997e-04 -9.9997e-04 -9.9997e-04 -9.9997e-04 -9.9996e-04 -9.9996e-04 -9.9996e-04 -9.9996e-04 -9.9996e-04 -9.9996e-04 
-0000.00150 -1.5001e-03 -1.5001e-03 -1.5001e-03 -1.5001e-03 -1.5001e-03 -1.5001e-03 -1.5001e-03 -1.5000e-03 -1.5000e-03 -1.5000e-03 -1.5000e-03 -1.5000e-03 -1.5000e-03 -1.5000e-03 -1.5000e-03 -1.5000e-03 -1.5000e-03 -1.5000e-03 -1.5000e-03 -1.5000e-03 -1.5000e-03 -1.5000e-03 -1.5000e-03 -1.5000e-03 -1.5000e-03 -1.5000e-03 -1.5000e-03 -1.5000e-03 -1.5000e-03 -1.5000e-03 -1.5000e-03 -1.5000e-03 -1.5000e-03 -1.5000e-03 -1.5000e-03 -1.5000e-03 -1.5000e-03 -1.5000e-03 -1.5000e-03 -1.5000e-03 -1.5000e-03 -1.5000e-03 -1.5000e-03 -1.5000e-03 -1.5000e-03 -1.5000e-03 -1.5000e-03 -1.5000e-03 -1.5000e-03 -1.5000e-03 -1.5000e-03 -1.5000e-03 -1.5000e-03 -1.5000e-03 -1.5000e-03 -1.4999e-03 -1.4999e-03 -1.4999e-03 -1.4999e-03 -1.4999e-03 -1.4999e-03 
-0000.00200 -2.0001e-03 -2.0001e-03 -2.0001e-03 -2.0001e-03 -2.0001e-03 -2.0001e-03 -2.0001e-03 -2.0001e-03 -2.0001e-03 -2.0001e-03 -2.0001e-03 -2.0001e-03 -2.0001e-03 -2.0001e-03 -2.0001e-03 -2.0000e-03 -2.0000e-03 -2.0000e-03 -2.0000e-03 -2.0000e-03 -2.0000e-03 -2.0000e-03 -2.0000e-03 -2.0000e-03 -2.0000e-03 -2.0000e-03 -2.0000e-03 -2.0000e-03 -2.0000e-03 -2.0000e-03 -2.0000e-03 -2.0000e-03 -2.0000e-03 -2.0000e-03 -2.0000e-03 -2.0000e-03 -2.0000e-03 -2.0000e-03 -2.0000e-03 -2.0000e-03 -2.0000e-03 -2.0000e-03 -2.0000e-03 -2.0000e-03 -2.0000e-03 -2.0000e-03 -2.0000e-03 -2.0000e-03 -1.9999e-03 -1.9999e-03 -1.9999e-03 -1.9999e-03 -1.9999e-03 -1.9999e-03 -1.9999e-03 -1.9999e-03 -1.9999e-03 -1.9999e-03 -1.9999e-03 -1.9999e-03 -1.9999e-03 