# Author: FAC idanalysis.IDKickMap
# Termination_kicks [T2m2]: +0.0000e+00 +0.0000e+00 +0.0000e+00 +0.0000e+00 
# Total Length of Longitudinal Interval [m]
0.13
# Number of Horizontal Points
61
# Number of Vertical Points
9
# Total Horizontal 2nd Order Kick [T2m2]
START
            -0000.01000 -0000.00967 -0000.00933 -0000.00900 -0000.00867 -0000.00833 -0000.00800 -0000.00767 -0000.00733 -0000.00700 -0000.00667 -0000.00633 -0000.00600 -0000.00567 -0000.00533 -0000.00500 -0000.00467 -0000.00433 -0000.00400 -0000.00367 -0000.00333 -0000.00300 -0000.00267 -0000.00233 -0000.00200 -0000.00167 -0000.00133 -0000.00100 -0000.00067 -0000.00033 +0000.00000 +0000.00033 +0000.00067 +0000.00100 +0000.00133 +0000.00167 +0000.00200 +0000.00233 +0000.00267 +0000.00300 +0000.00333 +0000.00367 +0000.00400 +0000.00433 +0000.00467 +0000.00500 +0000.00533 +0000.00567 +0000.00600 +0000.00633 +0000.00667 +0000.00700 +0000.00733 +0000.00767 +0000.00800 +0000.00833 +0000.00867 +0000.00900 +0000.00933 +0000.00967 +0000.01000 
+0000.00200 +9.4410e-05 +8.9270e-05 +8.4130e-05 +7.9020e-05 +7.3950e-05 +6.8940e-05 +6.4010e-05 +5.9170e-05 +5.4430e-05 +4.9820e-05 +4.5330e-05 +4.0990e-05 +3.6810e-05 +3.2800e-05 +2.8960e-05 +2.5320e-05 +2.1870e-05 +1.8630e-05 +1.5600e-05 +1.2800e-05 +1.0230e-05 +7.8900e-06 +5.7900e-06 +3.9400e-06 +2.3400e-06 +9.9000e-07 -1.0000e-07 -9.3000e-07 -1.5000e-06 -1.8200e-06 -1.8700e-06 -1.6600e-06 -1.1900e-06 -4.6000e-07 +5.2000e-07 +1.7500e-06 +3.2400e-06 +4.9700e-06 +6.9400e-06 +9.1400e-06 +1.1570e-05 +1.4220e-05 +1.7090e-05 +2.0160e-05 +2.3420e-05 +2.6880e-05 +3.0510e-05 +3.4300e-05 +3.8250e-05 +4.2350e-05 +4.6570e-05 +5.0910e-05 +5.5350e-05 +5.9880e-05 +6.4480e-05 +6.9140e-05 +7.3830e-05 +7.8550e-05 +8.3280e-05 +8.7980e-05 +9.2660e-05 
+0000.00150 +8.6500e-05 +8.2460e-05 +7.8320e-05 +7.4110e-05 +6.9850e-05 +6.5560e-05 +6.1260e-05 +5.6980e-05 +5.2730e-05 +4.8540e-05 +4.4420e-05 +4.0380e-05 +3.6460e-05 +3.2650e-05 +2.8990e-05 +2.5470e-05 +2.2120e-05 +1.8950e-05 +1.5960e-05 +1.3170e-05 +1.0600e-05 +8.2400e-06 +6.1000e-06 +4.2100e-06 +2.5500e-06 +1.1400e-06 -3.0000e-08 -9.3000e-07 -1.5800e-06 -1.9600e-06 -2.0900e-06 -1.9500e-06 -1.5500e-06 -8.8000e-07 +4.0000e-08 +1.2300e-06 +2.6600e-06 +4.3500e-06 +6.2800e-06 +8.4500e-06 +1.0850e-05 +1.3480e-05 +1.6330e-05 +1.9370e-05 +2.2620e-05 +2.6050e-05 +2.9660e-05 +3.3420e-05 +3.7340e-05 +4.1380e-05 +4.5550e-05 +4.9820e-05 +5.4170e-05 +5.8590e-05 +6.3050e-05 +6.7550e-05 +7.2060e-05 +7.6550e-05 +8.1010e-05 +8.5420e-05 +8.9740e-05 
+0000.00100 +8.2210e-05 +7.9050e-05 +7.5700e-05 +7.2200e-05 +6.8560e-05 +6.4830e-05 +6.1010e-05 +5.7150e-05 +5.3270e-05 +4.9380e-05 +4.5520e-05 +4.1700e-05 +3.7940e-05 +3.4270e-05 +3.0710e-05 +2.7260e-05 +2.3950e-05 +2.0800e-05 +1.7820e-05 +1.5010e-05 +1.2400e-05 +1.0000e-05 +7.8200e-06 +5.8600e-06 +4.1400e-06 +2.6600e-06 +1.4300e-06 +4.5000e-07 -2.6000e-07 -7.1000e-07 -9.0000e-07 -8.1000e-07 -4.6000e-07 +1.5000e-07 +1.0400e-06 +2.1900e-06 +3.6000e-06 +5.2600e-06 +7.1800e-06 +9.3400e-06 +1.1730e-05 +1.4350e-05 +1.7190e-05 +2.0240e-05 +2.3490e-05 +2.6910e-05 +3.0510e-05 +3.4260e-05 +3.8160e-05 +4.2170e-05 +4.6290e-05 +5.0500e-05 +5.4770e-05 +5.9090e-05 +6.3430e-05 +6.7780e-05 +7.2100e-05 +7.6380e-05 +8.0590e-05 +8.4690e-05 +8.8670e-05 
+0000.00050 +7.9630e-05 +7.7010e-05 +7.4150e-05 +7.1070e-05 +6.7810e-05 +6.4410e-05 +6.0880e-05 +5.7270e-05 +5.3600e-05 +4.9890e-05 +4.6180e-05 +4.2480e-05 +3.8830e-05 +3.5230e-05 +3.1720e-05 +2.8310e-05 +2.5020e-05 +2.1880e-05 +1.8890e-05 +1.6070e-05 +1.3440e-05 +1.1010e-05 +8.7900e-06 +6.8000e-06 +5.0400e-06 +3.5200e-06 +2.2500e-06 +1.2400e-06 +4.9000e-07 +0.0000e+00 -2.2000e-07 -1.6000e-07 +1.6000e-07 +7.6000e-07 +1.6300e-06 +2.7700e-06 +4.1700e-06 +5.8300e-06 +7.7400e-06 +9.9000e-06 +1.2300e-05 +1.4920e-05 +1.7770e-05 +2.0820e-05 +2.4070e-05 +2.7500e-05 +3.1090e-05 +3.4840e-05 +3.8720e-05 +4.2710e-05 +4.6800e-05 +5.0960e-05 +5.5170e-05 +5.9420e-05 +6.3670e-05 +6.7900e-05 +7.2090e-05 +7.6200e-05 +8.0220e-05 +8.4100e-05 +8.7820e-05 
+0000.00000 +7.8780e-05 +7.6330e-05 +7.3630e-05 +7.0690e-05 +6.7560e-05 +6.4260e-05 +6.0840e-05 +5.7310e-05 +5.3710e-05 +5.0060e-05 +4.6400e-05 +4.2740e-05 +3.9110e-05 +3.5540e-05 +3.2050e-05 +2.8650e-05 +2.5370e-05 +2.2230e-05 +1.9230e-05 +1.6410e-05 +1.3780e-05 +1.1340e-05 +9.1100e-06 +7.1000e-06 +5.3300e-06 +3.8000e-06 +2.5100e-06 +1.4900e-06 +7.3000e-07 +2.3000e-07 +0.0000e+00 +5.0000e-08 +3.7000e-07 +9.6000e-07 +1.8200e-06 +2.9600e-06 +4.3600e-06 +6.0100e-06 +7.9300e-06 +1.0090e-05 +1.2490e-05 +1.5120e-05 +1.7970e-05 +2.1020e-05 +2.4270e-05 +2.7700e-05 +3.1300e-05 +3.5040e-05 +3.8910e-05 +4.2890e-05 +4.6970e-05 +5.1110e-05 +5.5310e-05 +5.9520e-05 +6.3740e-05 +6.7930e-05 +7.2070e-05 +7.6120e-05 +8.0070e-05 +8.3870e-05 +8.7500e-05 
-0000.00050 +7.9630e-05 +7.7010e-05 +7.4150e-05 +7.1070e-05 +6.7810e-05 +6.4410e-05 +6.0880e-05 +5.7270e-05 +5.3600e-05 +4.9890e-05 +4.6180e-05 +4.2480e-05 +3.8830e-05 +3.5230e-05 +3.1720e-05 +2.8310e-05 +2.5020e-05 +2.1880e-05 +1.8890e-05 +1.6070e-05 +1.3440e-05 +1.1010e-05 +8.7900e-06 +6.8000e-06 +5.0400e-06 +3.5200e-06 +2.2500e-06 +1.2400e-06 +4.9000e-07 +0.0000e+00 -2.2000e-07 -1.6000e-07 +1.6000e-07 +7.6000e-07 +1.6300e-06 +2.7700e-06 +4.1700e-06 +5.8200e-06 +7.7400e-06 +9.9000e-06 +1.2300e-05 +1.4920e-05 +1.7770e-05 +2.0820e-05 +2.4070e-05 +2.7500e-05 +3.1090e-05 +3.4840e-05 +3.8720e-05 +4.2710e-05 +4.6790e-05 +5.0960e-05 +5.5170e-05 +5.9420e-05 +6.3670e-05 +6.7900e-05 +7.2090e-05 +7.6200e-05 +8.0220e-05 +8.4100e-05 +8.7820e-05 
-0000.00100 +8.2220e-05 +7.9060e-05 +7.5710e-05 +7.2200e-05 +6.8570e-05 +6.4830e-05 +6.1020e-05 +5.7150e-05 +5.3270e-05 +4.9380e-05 +4.5520e-05 +4.1700e-05 +3.7940e-05 +3.4270e-05 +3.0710e-05 +2.7260e-05 +2.3950e-05 +2.0800e-05 +1.7820e-05 +1.5010e-05 +1.2400e-05 +1.0000e-05 +7.8200e-06 +5.8600e-06 +4.1400e-06 +2.6600e-06 +1.4300e-06 +4.5000e-07 -2.6000e-07 -7.1000e-07 -9.0000e-07 -8.1000e-07 -4.6000e-07 +1.5000e-07 +1.0400e-06 +2.1900e-06 +3.6000e-06 +5.2600e-06 +7.1800e-06 +9.3400e-06 +1.1730e-05 +1.4350e-05 +1.7190e-05 +2.0240e-05 +2.3490e-05 +2.6910e-05 +3.0510e-05 +3.4260e-05 +3.8160e-05 +4.2170e-05 +4.6290e-05 +5.0500e-05 +5.4770e-05 +5.9090e-05 +6.3430e-05 +6.7780e-05 +7.2100e-05 +7.6380e-05 +8.0580e-05 +8.4690e-05 +8.8670e-05 
-0000.00150 +8.6510e-05 +8.2460e-05 +7.8330e-05 +7.4110e-05 +6.9850e-05 +6.5560e-05 +6.1260e-05 +5.6980e-05 +5.2730e-05 +4.8540e-05 +4.4420e-05 +4.0390e-05 +3.6460e-05 +3.2660e-05 +2.8990e-05 +2.5470e-05 +2.2120e-05 +1.8950e-05 +1.5960e-05 +1.3180e-05 +1.0600e-05 +8.2400e-06 +6.1100e-06 +4.2100e-06 +2.5500e-06 +1.1400e-06 -2.0000e-08 -9.3000e-07 -1.5800e-06 -1.9600e-06 -2.0900e-06 -1.9500e-06 -1.5500e-06 -8.8000e-07 +4.0000e-08 +1.2300e-06 +2.6600e-06 +4.3500e-06 +6.2800e-06 +8.4500e-06 +1.0850e-05 +1.3480e-05 +1.6320e-05 +1.9370e-05 +2.2620e-05 +2.6050e-05 +2.9650e-05 +3.3420e-05 +3.7330e-05 +4.1380e-05 +4.5540e-05 +4.9810e-05 +5.4160e-05 +5.8580e-05 +6.3050e-05 +6.7540e-05 +7.2050e-05 +7.6540e-05 +8.1000e-05 +8.5410e-05 +8.9730e-05 
-0000.00200 +9.4420e-05 +8.9280e-05 +8.4140e-05 +7.9030e-05 +7.3960e-05 +6.8950e-05 +6.4020e-05 +5.9170e-05 +5.4440e-05 +4.9820e-05 +4.5340e-05 +4.1000e-05 +3.6810e-05 +3.2800e-05 +2.8960e-05 +2.5320e-05 +2.1870e-05 +1.8630e-05 +1.5600e-05 +1.2800e-05 +1.0230e-05 +7.8900e-06 +5.7900e-06 +3.9400e-06 +2.3400e-06 +9.9000e-07 -1.0000e-07 -9.3000e-07 -1.5100e-06 -1.8200e-06 -1.8700e-06 -1.6600e-06 -1.1900e-06 -4.7000e-07 +5.2000e-07 +1.7500e-06 +3.2400e-06 +4.9600e-06 +6.9300e-06 +9.1400e-06 +1.1570e-05 +1.4220e-05 +1.7080e-05 +2.0150e-05 +2.3420e-05 +2.6870e-05 +3.0500e-05 +3.4300e-05 +3.8250e-05 +4.2340e-05 +4.6570e-05 +5.0900e-05 +5.5350e-05 +5.9870e-05 +6.4470e-05 +6.9130e-05 +7.3830e-05 +7.8550e-05 +8.3270e-05 +8.7980e-05 +9.2650e-05 
# Total Vertical 2nd Order Kick [T2m2]
START
            -0000.01000 -0000.00967 -0000.00933 -0000.00900 -0000.00867 -0000.00833 -0000.00800 -0000.00767 -0000.00733 -0000.00700 -0000.00667 -0000.00633 -0000.00600 -0000.00567 -0000.00533 -0000.00500 -0000.00467 -0000.00433 -0000.00400 -0000.00367 -0000.00333 -0000.00300 -0000.00267 -0000.00233 -0000.00200 -0000.00167 -0000.00133 -0000.00100 -0000.00067 -0000.00033 +0000.00000 +0000.00033 +0000.00067 +0000.00100 +0000.00133 +0000.00167 +0000.00200 +0000.00233 +0000.00267 +0000.00300 +0000.00333 +0000.00367 +0000.00400 +0000.00433 +0000.00467 +0000.00500 +0000.00533 +0000.00567 +0000.00600 +0000.00633 +0000.00667 +0000.00700 +0000.00733 +0000.00767 +0000.00800 +0000.00833 +0000.00867 +0000.00900 +0000.00933 +0000.00967 +0000.01000 
+0000.00200 -1.3953e-04 -1.3640e-04 -1.3369e-04 -1.3137e-04 -1.2943e-04 -1.2784e-04 -1.2659e-04 -1.2566e-04 -1.2503e-04 -1.2467e-04 -1.2458e-04 -1.2473e-04 -1.2510e-04 -1.2569e-04 -1.2647e-04 -1.2742e-04 -1.2853e-04 -1.2979e-04 -1.3118e-04 -1.3269e-04 -1.3430e-04 -1.3600e-04 -1.3777e-04 -1.3960e-04 -1.4149e-04 -1.4341e-04 -1.4536e-04 -1.4733e-04 -1.4930e-04 -1.5127e-04 -1.5322e-04 -1.5515e-04 -1.5704e-04 -1.5889e-04 -1.6069e-04 -1.6243e-04 -1.6411e-04 -1.6571e-04 -1.6723e-04 -1.6867e-04 -1.7002e-04 -1.7127e-04 -1.7242e-04 -1.7347e-04 -1.7440e-04 -1.7522e-04 -1.7592e-04 -1.7651e-04 -1.7697e-04 -1.7731e-04 -1.7753e-04 -1.7761e-04 -1.7757e-04 -1.7740e-04 -1.7711e-04 -1.7668e-04 -1.7613e-04 -1.7546e-04 -1.7466e-04 -1.7374e-04 -1.7271e-04 
+0000.00150 -9.2032e-05 -8.9598e-05 -8.7485e-05 -8.5675e-05 -8.4153e-05 -8.2903e-05 -8.1910e-05 -8.1160e-05 -8.0638e-05 -8.0330e-05 -8.0221e-05 -8.0299e-05 -8.0549e-05 -8.0960e-05 -8.1518e-05 -8.2212e-05 -8.3028e-05 -8.3956e-05 -8.4984e-05 -8.6101e-05 -8.7296e-05 -8.8559e-05 -8.9880e-05 -9.1249e-05 -9.2656e-05 -9.4093e-05 -9.5549e-05 -9.7018e-05 -9.8490e-05 -9.9958e-05 -1.0142e-04 -1.0285e-04 -1.0426e-04 -1.0564e-04 -1.0698e-04 -1.0827e-04 -1.0952e-04 -1.1070e-04 -1.1183e-04 -1.1289e-04 -1.1387e-04 -1.1479e-04 -1.1562e-04 -1.1637e-04 -1.1704e-04 -1.1762e-04 -1.1810e-04 -1.1850e-04 -1.1880e-04 -1.1900e-04 -1.1910e-04 -1.1911e-04 -1.1901e-04 -1.1882e-04 -1.1852e-04 -1.1812e-04 -1.1763e-04 -1.1703e-04 -1.1634e-04 -1.1556e-04 -1.1467e-04 
+0000.00100 -5.6159e-05 -5.4487e-05 -5.3029e-05 -5.1775e-05 -5.0715e-05 -4.9838e-05 -4.9135e-05 -4.8595e-05 -4.8209e-05 -4.7968e-05 -4.7861e-05 -4.7882e-05 -4.8019e-05 -4.8266e-05 -4.8612e-05 -4.9051e-05 -4.9574e-05 -5.0174e-05 -5.0842e-05 -5.1571e-05 -5.2354e-05 -5.3185e-05 -5.4056e-05 -5.4960e-05 -5.5891e-05 -5.6844e-05 -5.7812e-05 -5.8788e-05 -5.9768e-05 -6.0747e-05 -6.1718e-05 -6.2678e-05 -6.3620e-05 -6.4541e-05 -6.5436e-05 -6.6301e-05 -6.7132e-05 -6.7926e-05 -6.8677e-05 -6.9384e-05 -7.0043e-05 -7.0651e-05 -7.1205e-05 -7.1702e-05 -7.2141e-05 -7.2519e-05 -7.2833e-05 -7.3083e-05 -7.3267e-05 -7.3383e-05 -7.3429e-05 -7.3406e-05 -7.3313e-05 -7.3147e-05 -7.2911e-05 -7.2602e-05 -7.2222e-05 -7.1769e-05 -7.1246e-05 -7.0652e-05 -6.9989e-05 
+0000.00050 -2.6630e-05 -2.5779e-05 -2.5036e-05 -2.4396e-05 -2.3852e-05 -2.3400e-05 -2.3035e-05 -2.2753e-05 -2.2548e-05 -2.2416e-05 -2.2351e-05 -2.2351e-05 -2.2410e-05 -2.2524e-05 -2.2689e-05 -2.2900e-05 -2.3154e-05 -2.3447e-05 -2.3776e-05 -2.4135e-05 -2.4522e-05 -2.4934e-05 -2.5366e-05 -2.5815e-05 -2.6279e-05 -2.6754e-05 -2.7237e-05 -2.7725e-05 -2.8216e-05 -2.8706e-05 -2.9193e-05 -2.9674e-05 -3.0147e-05 -3.0609e-05 -3.1059e-05 -3.1494e-05 -3.1912e-05 -3.2311e-05 -3.2689e-05 -3.3044e-05 -3.3375e-05 -3.3680e-05 -3.3957e-05 -3.4206e-05 -3.4424e-05 -3.4612e-05 -3.4766e-05 -3.4887e-05 -3.4974e-05 -3.5026e-05 -3.5041e-05 -3.5020e-05 -3.4962e-05 -3.4866e-05 -3.4732e-05 -3.4560e-05 -3.4350e-05 -3.4101e-05 -3.3814e-05 -3.3489e-05 -3.3126e-05 
+0000.00000 +5.6214e-09 +5.0394e-09 +4.5044e-09 +4.0154e-09 +3.5684e-09 +3.1614e-09 +2.7904e-09 +2.4544e-09 +2.1502e-09 +1.8759e-09 +1.6290e-09 +1.4077e-09 +1.2098e-09 +1.0334e-09 +8.7690e-10 +7.3840e-10 +6.1650e-10 +5.0960e-10 +4.1640e-10 +3.3550e-10 +2.6580e-10 +2.0630e-10 +1.5600e-10 +1.1390e-10 +7.9400e-11 +5.1700e-11 +3.0300e-11 +1.4700e-11 +4.6000e-12 -2.0000e-13 +0.0000e+00 +5.2000e-12 +1.5400e-11 +3.0800e-11 +5.1700e-11 +7.8500e-11 +1.1140e-10 +1.5120e-10 +1.9850e-10 +2.5400e-10 +3.1860e-10 +3.9330e-10 +4.7910e-10 +5.7720e-10 +6.8890e-10 +8.1560e-10 +9.5860e-10 +1.1197e-09 +1.3005e-09 +1.5027e-09 +1.7282e-09 +1.9791e-09 +2.2573e-09 +2.5654e-09 +2.9054e-09 +3.2794e-09 +3.6894e-09 +4.1404e-09 +4.6324e-09 +5.1694e-09 +5.7544e-09 
-0000.00050 +2.6640e-05 +2.5789e-05 +2.5044e-05 +2.4403e-05 +2.3858e-05 +2.3406e-05 +2.3040e-05 +2.2757e-05 +2.2551e-05 +2.2419e-05 +2.2354e-05 +2.2353e-05 +2.2412e-05 +2.2525e-05 +2.2690e-05 +2.2901e-05 +2.3155e-05 +2.3448e-05 +2.3776e-05 +2.4135e-05 +2.4522e-05 +2.4933e-05 +2.5365e-05 +2.5815e-05 +2.6279e-05 +2.6754e-05 +2.7237e-05 +2.7725e-05 +2.8215e-05 +2.8705e-05 +2.9192e-05 +2.9673e-05 +3.0146e-05 +3.0609e-05 +3.1059e-05 +3.1493e-05 +3.1911e-05 +3.2310e-05 +3.2688e-05 +3.3044e-05 +3.3375e-05 +3.3680e-05 +3.3957e-05 +3.4206e-05 +3.4425e-05 +3.4612e-05 +3.4767e-05 +3.4889e-05 +3.4976e-05 +3.5028e-05 +3.5044e-05 +3.5023e-05 +3.4965e-05 +3.4870e-05 +3.4737e-05 +3.4566e-05 +3.4356e-05 +3.4109e-05 +3.3823e-05 +3.3498e-05 +3.3136e-05 
-0000.00100 +5.6170e-05 +5.4496e-05 +5.3037e-05 +5.1782e-05 +5.0721e-05 +4.9843e-05 +4.9139e-05 +4.8598e-05 +4.8212e-05 +4.7970e-05 +4.7864e-05 +4.7883e-05 +4.8020e-05 +4.8267e-05 +4.8613e-05 +4.9052e-05 +4.9575e-05 +5.0174e-05 +5.0842e-05 +5.1571e-05 +5.2354e-05 +5.3185e-05 +5.4055e-05 +5.4959e-05 +5.5891e-05 +5.6843e-05 +5.7811e-05 +5.8788e-05 +5.9768e-05 +6.0746e-05 +6.1718e-05 +6.2677e-05 +6.3619e-05 +6.4540e-05 +6.5436e-05 +6.6301e-05 +6.7132e-05 +6.7925e-05 +6.8677e-05 +6.9384e-05 +7.0043e-05 +7.0651e-05 +7.1205e-05 +7.1703e-05 +7.2141e-05 +7.2519e-05 +7.2834e-05 +7.3085e-05 +7.3268e-05 +7.3385e-05 +7.3432e-05 +7.3409e-05 +7.3316e-05 +7.3152e-05 +7.2915e-05 +7.2608e-05 +7.2228e-05 +7.1777e-05 +7.1255e-05 +7.0662e-05 +7.0000e-05 
-0000.00150 +9.2042e-05 +8.9607e-05 +8.7493e-05 +8.5682e-05 +8.4159e-05 +8.2909e-05 +8.1915e-05 +8.1165e-05 +8.0642e-05 +8.0333e-05 +8.0224e-05 +8.0301e-05 +8.0551e-05 +8.0961e-05 +8.1519e-05 +8.2212e-05 +8.3028e-05 +8.3956e-05 +8.4983e-05 +8.6100e-05 +8.7295e-05 +8.8558e-05 +8.9879e-05 +9.1247e-05 +9.2654e-05 +9.4090e-05 +9.5547e-05 +9.7016e-05 +9.8488e-05 +9.9956e-05 +1.0141e-04 +1.0285e-04 +1.0426e-04 +1.0564e-04 +1.0697e-04 +1.0827e-04 +1.0951e-04 +1.1070e-04 +1.1182e-04 +1.1288e-04 +1.1387e-04 +1.1478e-04 +1.1561e-04 +1.1637e-04 +1.1703e-04 +1.1761e-04 +1.1810e-04 +1.1849e-04 +1.1879e-04 +1.1900e-04 +1.1910e-04 +1.1911e-04 +1.1901e-04 +1.1882e-04 +1.1852e-04 +1.1813e-04 +1.1763e-04 +1.1704e-04 +1.1635e-04 +1.1556e-04 +1.1468e-04 
-0000.00200 +1.3953e-04 +1.3640e-04 +1.3369e-04 +1.3137e-04 +1.2943e-04 +1.2784e-04 +1.2659e-04 +1.2566e-04 +1.2503e-04 +1.2467e-04 +1.2458e-04 +1.2473e-04 +1.2510e-04 +1.2569e-04 +1.2646e-04 +1.2742e-04 +1.2853e-04 +1.2979e-04 +1.3118e-04 +1.3269e-04 +1.3430e-04 +1.3599e-04 +1.3777e-04 +1.3960e-04 +1.4149e-04 +1.4341e-04 +1.4536e-04 +1.4733e-04 +1.4930e-04 +1.5127e-04 +1.5322e-04 +1.5514e-04 +1.5704e-04 +1.5889e-04 +1.6069e-04 +1.6243e-04 +1.6410e-04 +1.6571e-04 +1.6723e-04 +1.6867e-04 +1.7002e-04 +1.7127e-04 +1.7242e-04 +1.7346e-04 +1.7440e-04 +1.7522e-04 +1.7592e-04 +1.7651e-04 +1.7697e-04 +1.7731e-04 +1.7752e-04 +1.7761e-04 +1.7757e-04 +1.7740e-04 +1.7710e-04 +1.7668e-04 +1.7613e-04 +1.7546e-04 +1.7466e-04 +1.7374e-04 +1.7271e-04 
# Horizontal Final Position [m]
START
            -0000.01000 -0000.00967 -0000.00933 -0000.00900 -0000.00867 -0000.00833 -0000.00800 -0000.00767 -0000.00733 -0000.00700 -0000.00667 -0000.00633 -0000.00600 -0000.00567 -0000.00533 -0000.00500 -0000.00467 -0000.00433 -0000.00400 -0000.00367 -0000.00333 -0000.00300 -0000.00267 -0000.00233 -0000.00200 -0000.00167 -0000.00133 -0000.00100 -0000.00067 -0000.00033 +0000.00000 +0000.00033 +0000.00067 +0000.00100 +0000.00133 +0000.00167 +0000.00200 +0000.00233 +0000.00267 +0000.00300 +0000.00333 +0000.00367 +0000.00400 +0000.00433 +0000.00467 +0000.00500 +0000.00533 +0000.00567 +0000.00600 +0000.00633 +0000.00667 +0000.00700 +0000.00733 +0000.00767 +0000.00800 +0000.00833 +0000.00867 +0000.00900 +0000.00933 +0000.00967 +0000.01000 
+0000.00200 -9.9998e-03 -9.6666e-03 -9.3333e-03 -9.0001e-03 -8.6669e-03 -8.3337e-03 -8.0004e-03 -7.6672e-03 -7.3339e-03 -7.0007e-03 -6.6674e-03 -6.3341e-03 -6.0009e-03 -5.6676e-03 -5.3343e-03 -5.0010e-03 -4.6677e-03 -4.3344e-03 -4.0011e-03 -3.6678e-03 -3.3345e-03 -3.0012e-03 -2.6679e-03 -2.3346e-03 -2.0013e-03 -1.6680e-03 -1.3346e-03 -1.0013e-03 -6.6798e-04 -3.3465e-04 -1.3199e-06 +3.3201e-04 +6.6535e-04 +9.9869e-04 +1.3320e-03 +1.6654e-03 +1.9987e-03 +2.3321e-03 +2.6654e-03 +2.9988e-03 +3.3321e-03 +3.6655e-03 +3.9989e-03 +4.3322e-03 +4.6656e-03 +4.9990e-03 +5.3324e-03 +5.6658e-03 +5.9991e-03 +6.3325e-03 +6.6659e-03 +6.9993e-03 +7.3327e-03 +7.6662e-03 +7.9996e-03 +8.3330e-03 +8.6664e-03 +8.9999e-03 +9.3333e-03 +9.6668e-03 +1.0000e-02 
+0000.00150 -9.9997e-03 -9.6665e-03 -9.3333e-03 -9.0001e-03 -8.6669e-03 -8.3336e-03 -8.0004e-03 -7.6671e-03 -7.3339e-03 -7.0006e-03 -6.6674e-03 -6.3341e-03 -6.0008e-03 -5.6675e-03 -5.3343e-03 -5.0010e-03 -4.6677e-03 -4.3344e-03 -4.0011e-03 -3.6678e-03 -3.3345e-03 -3.0012e-03 -2.6679e-03 -2.3346e-03 -2.0012e-03 -1.6679e-03 -1.3346e-03 -1.0013e-03 -6.6795e-04 -3.3462e-04 -1.2918e-06 +3.3204e-04 +6.6538e-04 +9.9872e-04 +1.3321e-03 +1.6654e-03 +1.9988e-03 +2.3321e-03 +2.6655e-03 +2.9988e-03 +3.3322e-03 +3.6655e-03 +3.9989e-03 +4.3323e-03 +4.6656e-03 +4.9990e-03 +5.3324e-03 +5.6658e-03 +5.9992e-03 +6.3326e-03 +6.6660e-03 +6.9994e-03 +7.3328e-03 +7.6662e-03 +7.9996e-03 +8.3330e-03 +8.6664e-03 +8.9999e-03 +9.3333e-03 +9.6668e-03 +1.0000e-02 
+0000.00100 -9.9999e-03 -9.6667e-03 -9.3334e-03 -9.0002e-03 -8.6669e-03 -8.3337e-03 -8.0004e-03 -7.6672e-03 -7.3339e-03 -7.0006e-03 -6.6674e-03 -6.3341e-03 -6.0008e-03 -5.6675e-03 -5.3342e-03 -5.0010e-03 -4.6677e-03 -4.3344e-03 -4.0011e-03 -3.6678e-03 -3.3345e-03 -3.0012e-03 -2.6678e-03 -2.3345e-03 -2.0012e-03 -1.6679e-03 -1.3346e-03 -1.0012e-03 -6.6792e-04 -3.3459e-04 -1.2624e-06 +3.3207e-04 +6.6541e-04 +9.9875e-04 +1.3321e-03 +1.6654e-03 +1.9988e-03 +2.3321e-03 +2.6655e-03 +2.9988e-03 +3.3322e-03 +3.6656e-03 +3.9989e-03 +4.3323e-03 +4.6657e-03 +4.9990e-03 +5.3324e-03 +5.6658e-03 +5.9992e-03 +6.3326e-03 +6.6660e-03 +6.9993e-03 +7.3327e-03 +7.6661e-03 +7.9995e-03 +8.3330e-03 +8.6664e-03 +8.9998e-03 +9.3332e-03 +9.6666e-03 +1.0000e-02 
+0000.00050 -1.0000e-02 -9.6668e-03 -9.3335e-03 -9.0002e-03 -8.6669e-03 -8.3336e-03 -8.0004e-03 -7.6671e-03 -7.3338e-03 -7.0005e-03 -6.6673e-03 -6.3340e-03 -6.0007e-03 -5.6674e-03 -5.3342e-03 -5.0009e-03 -4.6676e-03 -4.3343e-03 -4.0010e-03 -3.6678e-03 -3.3345e-03 -3.0012e-03 -2.6679e-03 -2.3346e-03 -2.0013e-03 -1.6680e-03 -1.3346e-03 -1.0013e-03 -6.6800e-04 -3.3467e-04 -1.3414e-06 +3.3199e-04 +6.6533e-04 +9.9868e-04 +1.3320e-03 +1.6654e-03 +1.9987e-03 +2.3321e-03 +2.6655e-03 +2.9988e-03 +3.3322e-03 +3.6656e-03 +3.9990e-03 +4.3323e-03 +4.6657e-03 +4.9991e-03 +5.3325e-03 +5.6659e-03 +5.9993e-03 +6.3327e-03 +6.6661e-03 +6.9995e-03 +7.3329e-03 +7.6662e-03 +7.9996e-03 +8.3330e-03 +8.6664e-03 +8.9998e-03 +9.3332e-03 +9.6666e-03 +9.9999e-03 
+0000.00000 -1.0000e-02 -9.6668e-03 -9.3335e-03 -9.0002e-03 -8.6669e-03 -8.3336e-03 -8.0004e-03 -7.6671e-03 -7.3338e-03 -7.0005e-03 -6.6673e-03 -6.3340e-03 -6.0007e-03 -5.6674e-03 -5.3342e-03 -5.0009e-03 -4.6676e-03 -4.3343e-03 -4.0010e-03 -3.6678e-03 -3.3345e-03 -3.0012e-03 -2.6679e-03 -2.3346e-03 -2.0013e-03 -1.6680e-03 -1.3346e-03 -1.0013e-03 -6.6800e-04 -3.3467e-04 -1.3410e-06 +3.3199e-04 +6.6533e-04 +9.9868e-04 +1.3320e-03 +1.6654e-03 +1.9987e-03 +2.3321e-03 +2.6655e-03 +2.9988e-03 +3.3322e-03 +3.6656e-03 +3.9990e-03 +4.3323e-03 +4.6657e-03 +4.9991e-03 +5.3325e-03 +5.6659e-03 +5.9993e-03 +6.3327e-03 +6.6661e-03 +6.9995e-03 +7.3329e-03 +7.6662e-03 +7.9996e-03 +8.3330e-03 +8.6664e-03 +8.9998e-03 +9.3332e-03 +9.6666e-03 +9.9999e-03 
-0000.00050 -1.0000e-02 -9.6668e-03 -9.3335e-03 -9.0002e-03 -8.6669e-03 -8.3336e-03 -8.0004e-03 -7.6671e-03 -7.3338e-03 -7.0005e-03 -6.6673e-03 -6.3340e-03 -6.0007e-03 -5.6674e-03 -5.3342e-03 -5.0009e-03 -4.6676e-03 -4.3343e-03 -4.0010e-03 -3.6678e-03 -3.3345e-03 -3.0012e-03 -2.6679e-03 -2.3346e-03 -2.0013e-03 -1.6680e-03 -1.3346e-03 -1.0013e-03 -6.6800e-04 -3.3467e-04 -1.3414e-06 +3.3199e-04 +6.6533e-04 +9.9868e-04 +1.3320e-03 +1.6654e-03 +1.9987e-03 +2.3321e-03 +2.6655e-03 +2.9988e-03 +3.3322e-03 +3.6656e-03 +3.9990e-03 +4.3323e-03 +4.6657e-03 +4.9991e-03 +5.3325e-03 +5.6659e-03 +5.9993e-03 +6.3327e-03 +6.6661e-03 +6.9995e-03 +7.3329e-03 +7.6662e-03 +7.9996e-03 +8.3330e-03 +8.6664e-03 +8.9998e-03 +9.3332e-03 +9.6666e-03 +9.9999e-03 
-0000.00100 -9.9999e-03 -9.6667e-03 -9.3334e-03 -9.0002e-03 -8.6669e-03 -8.3337e-03 -8.0004e-03 -7.6672e-03 -7.3339e-03 -7.0006e-03 -6.6674e-03 -6.3341e-03 -6.0008e-03 -5.6675e-03 -5.3342e-03 -5.0010e-03 -4.6677e-03 -4.3344e-03 -4.0011e-03 -3.6678e-03 -3.3345e-03 -3.0012e-03 -2.6678e-03 -2.3345e-03 -2.0012e-03 -1.6679e-03 -1.3346e-03 -1.0012e-03 -6.6792e-04 -3.3459e-04 -1.2624e-06 +3.3207e-04 +6.6541e-04 +9.9875e-04 +1.3321e-03 +1.6654e-03 +1.9988e-03 +2.3321e-03 +2.6655e-03 +2.9988e-03 +3.3322e-03 +3.6656e-03 +3.9989e-03 +4.3323e-03 +4.6657e-03 +4.9990e-03 +5.3324e-03 +5.6658e-03 +5.9992e-03 +6.3326e-03 +6.6660e-03 +6.9993e-03 +7.3327e-03 +7.6661e-03 +7.9995e-03 +8.3330e-03 +8.6664e-03 +8.9998e-03 +9.3332e-03 +9.6666e-03 +1.0000e-02 
-0000.00150 -9.9997e-03 -9.6665e-03 -9.3333e-03 -9.0001e-03 -8.6669e-03 -8.3336e-03 -8.0004e-03 -7.6671e-03 -7.3339e-03 -7.0006e-03 -6.6674e-03 -6.3341e-03 -6.0008e-03 -5.6675e-03 -5.3343e-03 -5.0010e-03 -4.6677e-03 -4.3344e-03 -4.0011e-03 -3.6678e-03 -3.3345e-03 -3.0012e-03 -2.6679e-03 -2.3346e-03 -2.0012e-03 -1.6679e-03 -1.3346e-03 -1.0013e-03 -6.6795e-04 -3.3462e-04 -1.2918e-06 +3.3204e-04 +6.6538e-04 +9.9872e-04 +1.3321e-03 +1.6654e-03 +1.9988e-03 +2.3321e-03 +2.6655e-03 +2.9988e-03 +3.3322e-03 +3.6655e-03 +3.9989e-03 +4.3323e-03 +4.6656e-03 +4.9990e-03 +5.3324e-03 +5.6658e-03 +5.9992e-03 +6.3326e-03 +6.6660e-03 +6.9994e-03 +7.3328e-03 +7.6662e-03 +7.9996e-03 +8.3330e-03 +8.6664e-03 +8.9999e-03 +9.3333e-03 +9.6668e-03 +1.0000e-02 
-0000.00200 -9.9998e-03 -9.6666e-03 -9.3333e-03 -9.0001e-03 -8.6669e-03 -8.3337e-03 -8.0004e-03 -7.6672e-03 -7.3339e-03 -7.0007e-03 -6.6674e-03 -6.3341e-03 -6.0009e-03 -5.6676e-03 -5.3343e-03 -5.0010e-03 -4.6677e-03 -4.3344e-03 -4.0011e-03 -3.6678e-03 -3.3345e-03 -3.0012e-03 -2.6679e-03 -2.3346e-03 -2.0013e-03 -1.6680e-03 -1.3346e-03 -1.0013e-03 -6.6798e-04 -3.3465e-04 -1.3199e-06 +3.3201e-04 +6.6535e-04 +9.9869e-04 +1.3320e-03 +1.6654e-03 +1.9987e-03 +2.3321e-03 +2.6654e-03 +2.9988e-03 +3.3321e-03 +3.6655e-03 +3.9989e-03 +4.3322e-03 +4.6656e-03 +4.9990e-03 +5.3324e-03 +5.6658e-03 +5.9991e-03 +6.3325e-03 +6.6659e-03 +6.9993e-03 +7.3327e-03 +7.6662e-03 +7.9996e-03 +8.3330e-03 +8.6664e-03 +8.9999e-03 +9.3333e-03 +9.6668e-03 +1.0000e-02 
# Vertical Final Position [m]
START
            -0000.01000 -0000.00967 -0000.00933 -0000.00900 -0000.00867 -0000.00833 -0000.00800 -0000.00767 -0000.00733 -0000.00700 -0000.00667 -0000.00633 -0000.00600 -0000.00567 -0000.00533 -0000.00500 -0000.00467 -0000.00433 -0000.00400 -0000.00367 -0000.00333 -0000.00300 -0000.00267 -0000.00233 -0000.00200 -0000.00167 -0000.00133 -0000.00100 -0000.00067 -0000.00033 +0000.00000 +0000.00033 +0000.00067 +0000.00100 +0000.00133 +0000.00167 +0000.00200 +0000.00233 +0000.00267 +0000.00300 +0000.00333 +0000.00367 +0000.00400 +0000.00433 +0000.00467 +0000.00500 +0000.00533 +0000.00567 +0000.00600 +0000.00633 +0000.00667 +0000.00700 +0000.00733 +0000.00767 +0000.00800 +0000.00833 +0000.00867 +0000.00900 +0000.00933 +0000.00967 +0000.01000 
+0000.00200 +2.0003e-03 +2.0003e-03 +2.0003e-03 +2.0003e-03 +2.0003e-03 +2.0003e-03 +2.0003e-03 +2.0003e-03 +2.0003e-03 +2.0003e-03 +2.0003e-03 +2.0003e-03 +2.0003e-03 +2.0002e-03 +2.0002e-03 +2.0002e-03 +2.0002e-03 +2.0002e-03 +2.0001e-03 +2.0001e-03 +2.0001e-03 +2.0001e-03 +2.0001e-03 +2.0000e-03 +2.0000e-03 +2.0000e-03 +2.0000e-03 +1.9999e-03 +1.9999e-03 +1.9999e-03 +1.9999e-03 +1.9998e-03 +1.9998e-03 +1.9998e-03 +1.9998e-03 +1.9997e-03 +1.9997e-03 +1.9997e-03 +1.9997e-03 +1.9996e-03 +1.9996e-03 +1.9996e-03 +1.9996e-03 +1.9995e-03 +1.9995e-03 +1.9995e-03 +1.9995e-03 +1.9995e-03 +1.9995e-03 +1.9994e-03 +1.9994e-03 +1.9994e-03 +1.9994e-03 +1.9994e-03 +1.9994e-03 +1.9994e-03 +1.9994e-03 +1.9994e-03 +1.9994e-03 +1.9994e-03 +1.9994e-03 
+0000.00150 +1.5002e-03 +1.5002e-03 +1.5002e-03 +1.5002e-03 +1.5002e-03 +1.5002e-03 +1.5002e-03 +1.5002e-03 +1.5002e-03 +1.5002e-03 +1.5002e-03 +1.5002e-03 +1.5002e-03 +1.5002e-03 +1.5002e-03 +1.5002e-03 +1.5002e-03 +1.5001e-03 +1.5001e-03 +1.5001e-03 +1.5001e-03 +1.5001e-03 +1.5001e-03 +1.5000e-03 +1.5000e-03 +1.5000e-03 +1.5000e-03 +1.5000e-03 +1.4999e-03 +1.4999e-03 +1.4999e-03 +1.4999e-03 +1.4999e-03 +1.4998e-03 +1.4998e-03 +1.4998e-03 +1.4998e-03 +1.4998e-03 +1.4997e-03 +1.4997e-03 +1.4997e-03 +1.4997e-03 +1.4997e-03 +1.4997e-03 +1.4996e-03 +1.4996e-03 +1.4996e-03 +1.4996e-03 +1.4996e-03 +1.4996e-03 +1.4996e-03 +1.4996e-03 +1.4996e-03 +1.4996e-03 +1.4996e-03 +1.4996e-03 +1.4996e-03 +1.4996e-03 +1.4996e-03 +1.4996e-03 +1.4996e-03 
+0000.00100 +1.0001e-03 +1.0001e-03 +1.0001e-03 +1.0001e-03 +1.0001e-03 +1.0001e-03 +1.0002e-03 +1.0002e-03 +1.0002e-03 +1.0002e-03 +1.0002e-03 +1.0002e-03 +1.0001e-03 +1.0001e-03 +1.0001e-03 +1.0001e-03 +1.0001e-03 +1.0001e-03 +1.0001e-03 +1.0001e-03 +1.0001e-03 +1.0001e-03 +1.0001e-03 +1.0000e-03 +1.0000e-03 +1.0000e-03 +1.0000e-03 +9.9998e-04 +9.9997e-04 +9.9995e-04 +9.9994e-04 +9.9992e-04 +9.9991e-04 +9.9989e-04 +9.9988e-04 +9.9987e-04 +9.9985e-04 +9.9984e-04 +9.9983e-04 +9.9981e-04 +9.9980e-04 +9.9979e-04 +9.9978e-04 +9.9977e-04 +9.9976e-04 +9.9975e-04 +9.9975e-04 +9.9974e-04 +9.9973e-04 +9.9973e-04 +9.9973e-04 +9.9973e-04 +9.9973e-04 +9.9973e-04 +9.9973e-04 +9.9973e-04 +9.9974e-04 +9.9974e-04 +9.9975e-04 +9.9976e-04 +9.9977e-04 
+0000.00050 +5.0004e-04 +5.0005e-04 +5.0006e-04 +5.0006e-04 +5.0007e-04 +5.0007e-04 +5.0007e-04 +5.0008e-04 +5.0008e-04 +5.0008e-04 +5.0008e-04 +5.0008e-04 +5.0008e-04 +5.0007e-04 +5.0007e-04 +5.0007e-04 +5.0006e-04 +5.0006e-04 +5.0005e-04 +5.0005e-04 +5.0004e-04 +5.0004e-04 +5.0003e-04 +5.0002e-04 +5.0002e-04 +5.0001e-04 +5.0000e-04 +4.9999e-04 +4.9999e-04 +4.9998e-04 +4.9997e-04 +4.9996e-04 +4.9995e-04 +4.9995e-04 +4.9994e-04 +4.9993e-04 +4.9992e-04 +4.9992e-04 +4.9991e-04 +4.9990e-04 +4.9990e-04 +4.9989e-04 +4.9989e-04 +4.9988e-04 +4.9988e-04 +4.9987e-04 +4.9987e-04 +4.9987e-04 +4.9987e-04 +4.9986e-04 +4.9986e-04 +4.9986e-04 +4.9987e-04 +4.9987e-04 +4.9987e-04 +4.9987e-04 +4.9988e-04 +4.9988e-04 +4.9989e-04 +4.9989e-04 +4.9990e-04 
+0000.00000 +8.6847e-12 +7.3027e-12 +5.9749e-12 +4.7007e-12 +3.4792e-12 +2.3098e-12 +1.1917e-12 +1.2437e-13 -8.9294e-13 -1.8608e-12 -2.7798e-12 -3.6504e-12 -4.4733e-12 -5.2488e-12 -5.9775e-12 -6.6599e-12 -7.2963e-12 -7.8871e-12 -8.4326e-12 -8.9333e-12 -9.3895e-12 -9.8013e-12 -1.0169e-11 -1.0493e-11 -1.0773e-11 -1.1010e-11 -1.1204e-11 -1.1354e-11 -1.1462e-11 -1.1526e-11 -1.1547e-11 -1.1525e-11 -1.1460e-11 -1.1353e-11 -1.1202e-11 -1.1007e-11 -1.0770e-11 -1.0488e-11 -1.0164e-11 -9.7946e-12 -9.3816e-12 -8.9241e-12 -8.4219e-12 -7.8746e-12 -7.2818e-12 -6.6433e-12 -5.9586e-12 -5.2273e-12 -4.4489e-12 -3.6229e-12 -2.7488e-12 -1.8261e-12 -8.5424e-13 +1.6743e-13 +1.2395e-12 +2.3627e-12 +3.5376e-12 +4.7649e-12 +6.0454e-12 +7.3798e-12 +8.7690e-12 
-0000.00050 -5.0004e-04 -5.0005e-04 -5.0006e-04 -5.0006e-04 -5.0007e-04 -5.0007e-04 -5.0007e-04 -5.0008e-04 -5.0008e-04 -5.0008e-04 -5.0008e-04 -5.0008e-04 -5.0008e-04 -5.0007e-04 -5.0007e-04 -5.0007e-04 -5.0006e-04 -5.0006e-04 -5.0005e-04 -5.0005e-04 -5.0004e-04 -5.0004e-04 -5.0003e-04 -5.0002e-04 -5.0002e-04 -5.0001e-04 -5.0000e-04 -4.9999e-04 -4.9999e-04 -4.9998e-04 -4.9997e-04 -4.9996e-04 -4.9995e-04 -4.9995e-04 -4.9994e-04 -4.9993e-04 -4.9992e-04 -4.9992e-04 -4.9991e-04 -4.9990e-04 -4.9990e-04 -4.9989e-04 -4.9989e-04 -4.9988e-04 -4.9988e-04 -4.9987e-04 -4.9987e-04 -4.9987e-04 -4.9987e-04 -4.9986e-04 -4.9986e-04 -4.9986e-04 -4.9987e-04 -4.9987e-04 -4.9987e-04 -4.9987e-04 -4.9988e-04 -4.9988e-04 -4.9989e-04 -4.9989e-04 -4.9990e-04 
-0000.00100 -1.0001e-03 -1.0001e-03 -1.0001e-03 -1.0001e-03 -1.0001e-03 -1.0001e-03 -1.0002e-03 -1.0002e-03 -1.0002e-03 -1.0002e-03 -1.0002e-03 -1.0002e-03 -1.0001e-03 -1.0001e-03 -1.0001e-03 -1.0001e-03 -1.0001e-03 -1.0001e-03 -1.0001e-03 -1.0001e-03 -1.0001e-03 -1.0001e-03 -1.0001e-03 -1.0000e-03 -1.0000e-03 -1.0000e-03 -1.0000e-03 -9.9998e-04 -9.9997e-04 -9.9995e-04 -9.9994e-04 -9.9992e-04 -9.9991e-04 -9.9989e-04 -9.9988e-04 -9.9987e-04 -9.9985e-04 -9.9984e-04 -9.9983e-04 -9.9981e-04 -9.9980e-04 -9.9979e-04 -9.9978e-04 -9.9977e-04 -9.9976e-04 -9.9975e-04 -9.9975e-04 -9.9974e-04 -9.9973e-04 -9.9973e-04 -9.9973e-04 -9.9973e-04 -9.9973e-04 -9.9973e-04 -9.9973e-04 -9.9973e-04 -9.9974e-04 -9.9974e-04 -9.9975e-04 -9.9976e-04 -9.9977e-04 
-0000.00150 -1.5002e-03 -1.5002e-03 -1.5002e-03 -1.5002e-03 -1.5002e-03 -1.5002e-03 -1.5002e-03 -1.5002e-03 -1.5002e-03 -1.5002e-03 -1.5002e-03 -1.5002e-03 -1.5002e-03 -1.5002e-03 -1.5002e-03 -1.5002e-03 -1.5002e-03 -1.5001e-03 -1.5001e-03 -1.5001e-03 -1.5001e-03 -1.5001e-03 -1.5001e-03 -1.5000e-03 -1.5000e-03 -1.5000e-03 -1.5000e-03 -1.5000e-03 -1.4999e-03 -1.4999e-03 -1.4999e-03 -1.4999e-03 -1.4999e-03 -1.4998e-03 -1.4998e-03 -1.4998e-03 -1.4998e-03 -1.4998e-03 -1.4997e-03 -1.4997e-03 -1.4997e-03 -1.4997e-03 -1.4997e-03 -1.4997e-03 -1.4996e-03 -1.4996e-03 -1.4996e-03 -1.4996e-03 -1.4996e-03 -1.4996e-03 -1.4996e-03 -1.4996e-03 -1.4996e-03 -1.4996e-03 -1.4996e-03 -1.4996e-03 -1.4996e-03 -1.4996e-03 -1.4996e-03 -1.4996e-03 -1.4996e-03 
-0000.00200 -2.0003e-03 -2.0003e-03 -2.0003e-03 -2.0003e-03 -2.0003e-03 -2.0003e-03 -2.0003e-03 -2.0003e-03 -2.0003e-03 -2.0003e-03 -2.0003e-03 -2.0003e-03 -2.0003e-03 -2.0002e-03 -2.0002e-03 -2.0002e-03 -2.0002e-03 -2.0002e-03 -2.0001e-03 -2.0001e-03 -2.0001e-03 -2.0001e-03 -2.0001e-03 -2.0000e-03 -2.0000e-03 -2.0000e-03 -2.0000e-03 -1.9999e-03 -1.9999e-03 -1.9999e-03 -1.9999e-03 -1.9998e-03 -1.9998e-03 -1.9998e-03 -1.9998e-03 -1.9997e-03 -1.9997e-03 -1.9997e-03 -1.9997e-03 -1.9996e-03 -1.9996e-03 -1.9996e-03 -1.9996e-03 -1.9995e-03 -1.9995e-03 -1.9995e-03 -1.9995e-03 -1.9995e-03 -1.9995e-03 -1.9994e-03 -1.9994e-03 -1.9994e-03 -1.9994e-03 -1.9994e-03 -1.9994e-03 -1.9994e-03 -1.9994e-03 -1.9994e-03 -1.9994e-03 -1.9994e-03 -1.9994e-03 