# Author: FAC idanalysis.IDKickMap
# Termination_kicks [T2m2]: +0.0000e+00 +0.0000e+00 +0.0000e+00 +0.0000e+00 
# Total Length of Longitudinal Interval [m]
0.13
# Number of Horizontal Points
61
# Number of Vertical Points
9
# Total Horizontal 2nd Order Kick [T2m2]
START
            -0000.01000 -0000.00967 -0000.00933 -0000.00900 -0000.00867 -0000.00833 -0000.00800 -0000.00767 -0000.00733 -0000.00700 -0000.00667 -0000.00633 -0000.00600 -0000.00567 -0000.00533 -0000.00500 -0000.00467 -0000.00433 -0000.00400 -0000.00367 -0000.00333 -0000.00300 -0000.00267 -0000.00233 -0000.00200 -0000.00167 -0000.00133 -0000.00100 -0000.00067 -0000.00033 +0000.00000 +0000.00033 +0000.00067 +0000.00100 +0000.00133 +0000.00167 +0000.00200 +0000.00233 +0000.00267 +0000.00300 +0000.00333 +0000.00367 +0000.00400 +0000.00433 +0000.00467 +0000.00500 +0000.00533 +0000.00567 +0000.00600 +0000.00633 +0000.00667 +0000.00700 +0000.00733 +0000.00767 +0000.00800 +0000.00833 +0000.00867 +0000.00900 +0000.00933 +0000.00967 +0000.01000 
+0000.00200 +5.8850e-05 +5.6030e-05 +5.3150e-05 +5.0210e-05 +4.7240e-05 +4.4250e-05 +4.1260e-05 +3.8280e-05 +3.5320e-05 +3.2400e-05 +2.9530e-05 +2.6720e-05 +2.3980e-05 +2.1330e-05 +1.8770e-05 +1.6320e-05 +1.3980e-05 +1.1770e-05 +9.6800e-06 +7.7300e-06 +5.9300e-06 +4.2800e-06 +2.7800e-06 +1.4500e-06 +2.9000e-07 -7.1000e-07 -1.5200e-06 -2.1600e-06 -2.6200e-06 -2.9000e-06 -2.9900e-06 -2.8900e-06 -2.6100e-06 -2.1500e-06 -1.5000e-06 -6.7000e-07 +3.4000e-07 +1.5300e-06 +2.9000e-06 +4.4400e-06 +6.1400e-06 +8.0100e-06 +1.0040e-05 +1.2220e-05 +1.4540e-05 +1.7000e-05 +1.9600e-05 +2.2310e-05 +2.5140e-05 +2.8080e-05 +3.1110e-05 +3.4220e-05 +3.7410e-05 +4.0660e-05 +4.3960e-05 +4.7300e-05 +5.0670e-05 +5.4040e-05 +5.7420e-05 +6.0770e-05 +6.4100e-05 
+0000.00150 +5.6590e-05 +5.4260e-05 +5.1800e-05 +4.9250e-05 +4.6620e-05 +4.3940e-05 +4.1210e-05 +3.8460e-05 +3.5700e-05 +3.2960e-05 +3.0230e-05 +2.7550e-05 +2.4920e-05 +2.2350e-05 +1.9870e-05 +1.7470e-05 +1.5180e-05 +1.3000e-05 +1.0930e-05 +9.0000e-06 +7.2100e-06 +5.5700e-06 +4.0800e-06 +2.7500e-06 +1.5800e-06 +5.9000e-07 -2.3000e-07 -8.7000e-07 -1.3300e-06 -1.6100e-06 -1.7000e-06 -1.6000e-06 -1.3200e-06 -8.5000e-07 -1.9000e-07 +6.4000e-07 +1.6600e-06 +2.8600e-06 +4.2200e-06 +5.7600e-06 +7.4600e-06 +9.3200e-06 +1.1340e-05 +1.3490e-05 +1.5780e-05 +1.8200e-05 +2.0740e-05 +2.3380e-05 +2.6120e-05 +2.8950e-05 +3.1850e-05 +3.4820e-05 +3.7830e-05 +4.0880e-05 +4.3940e-05 +4.7010e-05 +5.0060e-05 +5.3090e-05 +5.6070e-05 +5.8990e-05 +6.1820e-05 
+0000.00100 +5.4970e-05 +5.2960e-05 +5.0810e-05 +4.8520e-05 +4.6130e-05 +4.3660e-05 +4.1120e-05 +3.8540e-05 +3.5920e-05 +3.3300e-05 +3.0690e-05 +2.8090e-05 +2.5540e-05 +2.3040e-05 +2.0610e-05 +1.8260e-05 +1.6000e-05 +1.3850e-05 +1.1810e-05 +9.9000e-06 +8.1200e-06 +6.4800e-06 +5.0000e-06 +3.6700e-06 +2.5100e-06 +1.5200e-06 +7.0000e-07 +6.0000e-08 -4.0000e-07 -6.7000e-07 -7.6000e-07 -6.6000e-07 -3.7000e-07 +1.0000e-07 +7.6000e-07 +1.6000e-06 +2.6200e-06 +3.8100e-06 +5.1800e-06 +6.7100e-06 +8.4100e-06 +1.0260e-05 +1.2250e-05 +1.4390e-05 +1.6650e-05 +1.9030e-05 +2.1520e-05 +2.4110e-05 +2.6780e-05 +2.9530e-05 +3.2340e-05 +3.5190e-05 +3.8070e-05 +4.0960e-05 +4.3850e-05 +4.6720e-05 +4.9550e-05 +5.2330e-05 +5.5030e-05 +5.7630e-05 +6.0110e-05 
+0000.00050 +5.3990e-05 +5.2180e-05 +5.0190e-05 +4.8070e-05 +4.5820e-05 +4.3470e-05 +4.1040e-05 +3.8560e-05 +3.6030e-05 +3.3480e-05 +3.0930e-05 +2.8400e-05 +2.5890e-05 +2.3440e-05 +2.1040e-05 +1.8720e-05 +1.6480e-05 +1.4350e-05 +1.2320e-05 +1.0420e-05 +8.6500e-06 +7.0300e-06 +5.5500e-06 +4.2300e-06 +3.0700e-06 +2.0800e-06 +1.2600e-06 +6.2000e-07 +1.7000e-07 -1.0000e-07 -1.9000e-07 -9.0000e-08 +2.0000e-07 +6.7000e-07 +1.3300e-06 +2.1700e-06 +3.1900e-06 +4.3900e-06 +5.7500e-06 +7.2800e-06 +8.9700e-06 +1.0810e-05 +1.2790e-05 +1.4910e-05 +1.7160e-05 +1.9510e-05 +2.1970e-05 +2.4530e-05 +2.7160e-05 +2.9850e-05 +3.2600e-05 +3.5380e-05 +3.8180e-05 +4.0980e-05 +4.3760e-05 +4.6520e-05 +4.9210e-05 +5.1840e-05 +5.4370e-05 +5.6780e-05 +5.9050e-05 
+0000.00000 +5.3660e-05 +5.1910e-05 +4.9990e-05 +4.7920e-05 +4.5720e-05 +4.3410e-05 +4.1020e-05 +3.8570e-05 +3.6070e-05 +3.3550e-05 +3.1020e-05 +2.8500e-05 +2.6010e-05 +2.3570e-05 +2.1180e-05 +1.8870e-05 +1.6640e-05 +1.4510e-05 +1.2500e-05 +1.0600e-05 +8.8300e-06 +7.2100e-06 +5.7300e-06 +4.4100e-06 +3.2500e-06 +2.2600e-06 +1.4500e-06 +8.1000e-07 +3.6000e-07 +8.0000e-08 +0.0000e+00 +1.0000e-07 +3.9000e-07 +8.6000e-07 +1.5200e-06 +2.3600e-06 +3.3800e-06 +4.5800e-06 +5.9400e-06 +7.4700e-06 +9.1600e-06 +1.0990e-05 +1.2970e-05 +1.5090e-05 +1.7320e-05 +1.9670e-05 +2.2120e-05 +2.4660e-05 +2.7280e-05 +2.9960e-05 +3.2680e-05 +3.5440e-05 +3.8210e-05 +4.0980e-05 +4.3730e-05 +4.6440e-05 +4.9090e-05 +5.1670e-05 +5.4140e-05 +5.6490e-05 +5.8690e-05 
-0000.00050 +5.3990e-05 +5.2180e-05 +5.0200e-05 +4.8070e-05 +4.5820e-05 +4.3470e-05 +4.1040e-05 +3.8560e-05 +3.6030e-05 +3.3480e-05 +3.0930e-05 +2.8400e-05 +2.5890e-05 +2.3440e-05 +2.1040e-05 +1.8720e-05 +1.6480e-05 +1.4350e-05 +1.2320e-05 +1.0420e-05 +8.6500e-06 +7.0300e-06 +5.5500e-06 +4.2300e-06 +3.0700e-06 +2.0800e-06 +1.2600e-06 +6.2000e-07 +1.7000e-07 -1.0000e-07 -1.9000e-07 -9.0000e-08 +2.0000e-07 +6.7000e-07 +1.3300e-06 +2.1700e-06 +3.1900e-06 +4.3900e-06 +5.7500e-06 +7.2800e-06 +8.9700e-06 +1.0810e-05 +1.2790e-05 +1.4910e-05 +1.7150e-05 +1.9510e-05 +2.1970e-05 +2.4520e-05 +2.7160e-05 +2.9850e-05 +3.2600e-05 +3.5380e-05 +3.8180e-05 +4.0980e-05 +4.3760e-05 +4.6520e-05 +4.9210e-05 +5.1840e-05 +5.4370e-05 +5.6780e-05 +5.9060e-05 
-0000.00100 +5.4960e-05 +5.2960e-05 +5.0800e-05 +4.8520e-05 +4.6130e-05 +4.3660e-05 +4.1120e-05 +3.8540e-05 +3.5920e-05 +3.3300e-05 +3.0690e-05 +2.8100e-05 +2.5540e-05 +2.3040e-05 +2.0610e-05 +1.8260e-05 +1.6000e-05 +1.3850e-05 +1.1810e-05 +9.9000e-06 +8.1200e-06 +6.4800e-06 +5.0000e-06 +3.6700e-06 +2.5100e-06 +1.5200e-06 +7.0000e-07 +6.0000e-08 -4.0000e-07 -6.7000e-07 -7.6000e-07 -6.6000e-07 -3.7000e-07 +1.0000e-07 +7.5000e-07 +1.5900e-06 +2.6100e-06 +3.8100e-06 +5.1800e-06 +6.7100e-06 +8.4100e-06 +1.0250e-05 +1.2250e-05 +1.4380e-05 +1.6650e-05 +1.9030e-05 +2.1520e-05 +2.4110e-05 +2.6780e-05 +2.9530e-05 +3.2330e-05 +3.5180e-05 +3.8060e-05 +4.0960e-05 +4.3850e-05 +4.6720e-05 +4.9550e-05 +5.2330e-05 +5.5030e-05 +5.7630e-05 +6.0110e-05 
-0000.00150 +5.6590e-05 +5.4250e-05 +5.1800e-05 +4.9250e-05 +4.6620e-05 +4.3940e-05 +4.1210e-05 +3.8460e-05 +3.5710e-05 +3.2960e-05 +3.0240e-05 +2.7560e-05 +2.4920e-05 +2.2360e-05 +1.9870e-05 +1.7480e-05 +1.5180e-05 +1.3000e-05 +1.0940e-05 +9.0100e-06 +7.2200e-06 +5.5700e-06 +4.0800e-06 +2.7500e-06 +1.5800e-06 +5.9000e-07 -2.3000e-07 -8.7000e-07 -1.3300e-06 -1.6100e-06 -1.7000e-06 -1.6000e-06 -1.3200e-06 -8.5000e-07 -2.0000e-07 +6.4000e-07 +1.6600e-06 +2.8500e-06 +4.2200e-06 +5.7600e-06 +7.4600e-06 +9.3200e-06 +1.1330e-05 +1.3490e-05 +1.5780e-05 +1.8200e-05 +2.0730e-05 +2.3380e-05 +2.6120e-05 +2.8950e-05 +3.1850e-05 +3.4820e-05 +3.7830e-05 +4.0880e-05 +4.3940e-05 +4.7010e-05 +5.0060e-05 +5.3090e-05 +5.6070e-05 +5.8990e-05 +6.1820e-05 
-0000.00200 +5.8850e-05 +5.6030e-05 +5.3140e-05 +5.0210e-05 +4.7240e-05 +4.4250e-05 +4.1260e-05 +3.8280e-05 +3.5320e-05 +3.2400e-05 +2.9530e-05 +2.6720e-05 +2.3980e-05 +2.1330e-05 +1.8780e-05 +1.6320e-05 +1.3980e-05 +1.1770e-05 +9.6800e-06 +7.7300e-06 +5.9300e-06 +4.2800e-06 +2.7800e-06 +1.4500e-06 +2.9000e-07 -7.1000e-07 -1.5200e-06 -2.1600e-06 -2.6200e-06 -2.9000e-06 -2.9900e-06 -2.9000e-06 -2.6200e-06 -2.1500e-06 -1.5000e-06 -6.7000e-07 +3.4000e-07 +1.5300e-06 +2.9000e-06 +4.4400e-06 +6.1400e-06 +8.0100e-06 +1.0040e-05 +1.2210e-05 +1.4540e-05 +1.7000e-05 +1.9590e-05 +2.2310e-05 +2.5140e-05 +2.8070e-05 +3.1100e-05 +3.4220e-05 +3.7410e-05 +4.0660e-05 +4.3960e-05 +4.7300e-05 +5.0670e-05 +5.4040e-05 +5.7410e-05 +6.0770e-05 +6.4090e-05 
# Total Vertical 2nd Order Kick [T2m2]
START
            -0000.01000 -0000.00967 -0000.00933 -0000.00900 -0000.00867 -0000.00833 -0000.00800 -0000.00767 -0000.00733 -0000.00700 -0000.00667 -0000.00633 -0000.00600 -0000.00567 -0000.00533 -0000.00500 -0000.00467 -0000.00433 -0000.00400 -0000.00367 -0000.00333 -0000.00300 -0000.00267 -0000.00233 -0000.00200 -0000.00167 -0000.00133 -0000.00100 -0000.00067 -0000.00033 +0000.00000 +0000.00033 +0000.00067 +0000.00100 +0000.00133 +0000.00167 +0000.00200 +0000.00233 +0000.00267 +0000.00300 +0000.00333 +0000.00367 +0000.00400 +0000.00433 +0000.00467 +0000.00500 +0000.00533 +0000.00567 +0000.00600 +0000.00633 +0000.00667 +0000.00700 +0000.00733 +0000.00767 +0000.00800 +0000.00833 +0000.00867 +0000.00900 +0000.00933 +0000.00967 +0000.01000 
+0000.00200 -1.3850e-05 -1.2342e-05 -1.1048e-05 -9.9572e-06 -9.0595e-06 -8.3456e-06 -7.8059e-06 -7.4311e-06 -7.2122e-06 -7.1402e-06 -7.2061e-06 -7.4014e-06 -7.7176e-06 -8.1462e-06 -8.6791e-06 -9.3083e-06 -1.0026e-05 -1.0824e-05 -1.1695e-05 -1.2632e-05 -1.3628e-05 -1.4675e-05 -1.5766e-05 -1.6895e-05 -1.8055e-05 -1.9240e-05 -2.0443e-05 -2.1658e-05 -2.2880e-05 -2.4102e-05 -2.5319e-05 -2.6525e-05 -2.7715e-05 -2.8883e-05 -3.0026e-05 -3.1137e-05 -3.2212e-05 -3.3247e-05 -3.4237e-05 -3.5179e-05 -3.6067e-05 -3.6898e-05 -3.7668e-05 -3.8374e-05 -3.9012e-05 -3.9579e-05 -4.0072e-05 -4.0488e-05 -4.0824e-05 -4.1077e-05 -4.1245e-05 -4.1325e-05 -4.1316e-05 -4.1216e-05 -4.1022e-05 -4.0732e-05 -4.0347e-05 -3.9863e-05 -3.9279e-05 -3.8596e-05 -3.7811e-05 
+0000.00150 -9.0223e-06 -7.8599e-06 -6.8568e-06 -6.0058e-06 -5.2997e-06 -4.7316e-06 -4.2945e-06 -3.9817e-06 -3.7864e-06 -3.7021e-06 -3.7223e-06 -3.8406e-06 -4.0508e-06 -4.3467e-06 -4.7221e-06 -5.1713e-06 -5.6882e-06 -6.2673e-06 -6.9027e-06 -7.5891e-06 -8.3209e-06 -9.0929e-06 -9.8999e-06 -1.0736e-05 -1.1598e-05 -1.2479e-05 -1.3376e-05 -1.4283e-05 -1.5196e-05 -1.6110e-05 -1.7021e-05 -1.7925e-05 -1.8817e-05 -1.9694e-05 -2.0552e-05 -2.1386e-05 -2.2193e-05 -2.2969e-05 -2.3711e-05 -2.4415e-05 -2.5079e-05 -2.5698e-05 -2.6269e-05 -2.6791e-05 -2.7259e-05 -2.7671e-05 -2.8024e-05 -2.8316e-05 -2.8544e-05 -2.8706e-05 -2.8799e-05 -2.8822e-05 -2.8772e-05 -2.8647e-05 -2.8446e-05 -2.8167e-05 -2.7807e-05 -2.7367e-05 -2.6843e-05 -2.6235e-05 -2.5542e-05 
+0000.00100 -5.4164e-06 -4.6270e-06 -3.9435e-06 -3.3613e-06 -2.8757e-06 -2.4821e-06 -2.1760e-06 -1.9530e-06 -1.8086e-06 -1.7386e-06 -1.7387e-06 -1.8047e-06 -1.9325e-06 -2.1179e-06 -2.3571e-06 -2.6460e-06 -2.9808e-06 -3.3577e-06 -3.7729e-06 -4.2228e-06 -4.7037e-06 -5.2121e-06 -5.7444e-06 -6.2974e-06 -6.8675e-06 -7.4516e-06 -8.0463e-06 -8.6485e-06 -9.2552e-06 -9.8631e-06 -1.0469e-05 -1.1071e-05 -1.1666e-05 -1.2250e-05 -1.2821e-05 -1.3377e-05 -1.3915e-05 -1.4431e-05 -1.4925e-05 -1.5394e-05 -1.5834e-05 -1.6244e-05 -1.6622e-05 -1.6965e-05 -1.7272e-05 -1.7540e-05 -1.7768e-05 -1.7953e-05 -1.8094e-05 -1.8188e-05 -1.8235e-05 -1.8233e-05 -1.8180e-05 -1.8074e-05 -1.7914e-05 -1.7699e-05 -1.7428e-05 -1.7098e-05 -1.6710e-05 -1.6261e-05 -1.5751e-05 
+0000.00050 -2.5366e-06 -2.1376e-06 -1.7915e-06 -1.4960e-06 -1.2489e-06 -1.0478e-06 -8.9053e-07 -7.7484e-07 -6.9859e-07 -6.5963e-07 -6.5585e-07 -6.8516e-07 -7.4552e-07 -8.3489e-07 -9.5130e-07 -1.0927e-06 -1.2574e-06 -1.4432e-06 -1.6484e-06 -1.8712e-06 -2.1097e-06 -2.3621e-06 -2.6267e-06 -2.9017e-06 -3.1856e-06 -3.4765e-06 -3.7730e-06 -4.0734e-06 -4.3761e-06 -4.6796e-06 -4.9824e-06 -5.2830e-06 -5.5799e-06 -5.8719e-06 -6.1573e-06 -6.4350e-06 -6.7036e-06 -6.9618e-06 -7.2083e-06 -7.4419e-06 -7.6614e-06 -7.8656e-06 -8.0533e-06 -8.2236e-06 -8.3752e-06 -8.5072e-06 -8.6184e-06 -8.7080e-06 -8.7749e-06 -8.8183e-06 -8.8371e-06 -8.8307e-06 -8.7980e-06 -8.7384e-06 -8.6509e-06 -8.5350e-06 -8.3898e-06 -8.2147e-06 -8.0090e-06 -7.7721e-06 -7.5033e-06 
+0000.00000 +5.4320e-09 +5.7640e-09 +5.9950e-09 +6.1360e-09 +6.1940e-09 +6.1780e-09 +6.0960e-09 +5.9560e-09 +5.7650e-09 +5.5310e-09 +5.2610e-09 +4.9610e-09 +4.6370e-09 +4.2950e-09 +3.9410e-09 +3.5810e-09 +3.2180e-09 +2.8590e-09 +2.5070e-09 +2.1660e-09 +1.8400e-09 +1.5320e-09 +1.2460e-09 +9.8400e-10 +7.4900e-10 +5.4300e-10 +3.6800e-10 +2.2500e-10 +1.1500e-10 +4.0000e-11 +0.0000e+00 -5.0000e-12 +2.6000e-11 +9.1000e-11 +1.9000e-10 +3.2300e-10 +4.8800e-10 +6.8300e-10 +9.0600e-10 +1.1550e-09 +1.4280e-09 +1.7220e-09 +2.0330e-09 +2.3580e-09 +2.6930e-09 +3.0340e-09 +3.3770e-09 +3.7160e-09 +4.0480e-09 +4.3650e-09 +4.6630e-09 +4.9360e-09 +5.1770e-09 +5.3800e-09 +5.5370e-09 +5.6420e-09 +5.6860e-09 +5.6630e-09 +5.5620e-09 +5.3770e-09 +5.0980e-09 
-0000.00050 +2.5478e-06 +2.1494e-06 +1.8038e-06 +1.5086e-06 +1.2615e-06 +1.0604e-06 +9.0285e-07 +7.8687e-07 +7.1022e-07 +6.7077e-07 +6.6643e-07 +6.9512e-07 +7.5482e-07 +8.4350e-07 +9.5919e-07 +1.1000e-06 +1.2639e-06 +1.4490e-06 +1.6535e-06 +1.8755e-06 +2.1134e-06 +2.3651e-06 +2.6292e-06 +2.9037e-06 +3.1871e-06 +3.4776e-06 +3.7737e-06 +4.0738e-06 +4.3763e-06 +4.6797e-06 +4.9824e-06 +5.2830e-06 +5.5800e-06 +5.8720e-06 +6.1577e-06 +6.4357e-06 +6.7046e-06 +6.9632e-06 +7.2101e-06 +7.4442e-06 +7.6643e-06 +7.8691e-06 +8.0575e-06 +8.2284e-06 +8.3807e-06 +8.5133e-06 +8.6253e-06 +8.7156e-06 +8.7832e-06 +8.8272e-06 +8.8466e-06 +8.8407e-06 +8.8086e-06 +8.7493e-06 +8.6622e-06 +8.5465e-06 +8.4014e-06 +8.2263e-06 +8.0204e-06 +7.7831e-06 +7.5139e-06 
-0000.00100 +5.4283e-06 +4.6395e-06 +3.9564e-06 +3.3744e-06 +2.8888e-06 +2.4952e-06 +2.1888e-06 +1.9655e-06 +1.8207e-06 +1.7501e-06 +1.7496e-06 +1.8149e-06 +1.9420e-06 +2.1267e-06 +2.3651e-06 +2.6532e-06 +2.9873e-06 +3.3634e-06 +3.7779e-06 +4.2270e-06 +4.7072e-06 +5.2150e-06 +5.7468e-06 +6.2992e-06 +6.8688e-06 +7.4524e-06 +8.0468e-06 +8.6487e-06 +9.2551e-06 +9.8629e-06 +1.0469e-05 +1.1071e-05 +1.1666e-05 +1.2250e-05 +1.2822e-05 +1.3378e-05 +1.3916e-05 +1.4433e-05 +1.4927e-05 +1.5396e-05 +1.5837e-05 +1.6248e-05 +1.6626e-05 +1.6970e-05 +1.7278e-05 +1.7547e-05 +1.7775e-05 +1.7961e-05 +1.8102e-05 +1.8198e-05 +1.8245e-05 +1.8244e-05 +1.8191e-05 +1.8086e-05 +1.7926e-05 +1.7711e-05 +1.7440e-05 +1.7111e-05 +1.6722e-05 +1.6273e-05 +1.5763e-05 
-0000.00150 +9.0359e-06 +7.8738e-06 +6.8709e-06 +6.0199e-06 +5.3137e-06 +4.7454e-06 +4.3079e-06 +3.9947e-06 +3.7988e-06 +3.7139e-06 +3.7335e-06 +3.8510e-06 +4.0605e-06 +4.3555e-06 +4.7302e-06 +5.1785e-06 +5.6947e-06 +6.2729e-06 +6.9076e-06 +7.5933e-06 +8.3244e-06 +9.0957e-06 +9.9020e-06 +1.0738e-05 +1.1599e-05 +1.2480e-05 +1.3377e-05 +1.4283e-05 +1.5196e-05 +1.6110e-05 +1.7021e-05 +1.7925e-05 +1.8817e-05 +1.9694e-05 +2.0552e-05 +2.1386e-05 +2.2193e-05 +2.2970e-05 +2.3712e-05 +2.4417e-05 +2.5081e-05 +2.5701e-05 +2.6273e-05 +2.6795e-05 +2.7264e-05 +2.7677e-05 +2.8031e-05 +2.8323e-05 +2.8552e-05 +2.8715e-05 +2.8809e-05 +2.8832e-05 +2.8783e-05 +2.8659e-05 +2.8458e-05 +2.8180e-05 +2.7821e-05 +2.7380e-05 +2.6857e-05 +2.6249e-05 +2.5555e-05 
-0000.00200 +1.3865e-05 +1.2358e-05 +1.1064e-05 +9.9727e-06 +9.0748e-06 +8.3604e-06 +7.8202e-06 +7.4448e-06 +7.2252e-06 +7.1524e-06 +7.2176e-06 +7.4121e-06 +7.7274e-06 +8.1551e-06 +8.6871e-06 +9.3154e-06 +1.0032e-05 +1.0830e-05 +1.1700e-05 +1.2636e-05 +1.3631e-05 +1.4677e-05 +1.5768e-05 +1.6897e-05 +1.8056e-05 +1.9240e-05 +2.0443e-05 +2.1658e-05 +2.2879e-05 +2.4101e-05 +2.5318e-05 +2.6524e-05 +2.7714e-05 +2.8883e-05 +3.0025e-05 +3.1137e-05 +3.2212e-05 +3.3248e-05 +3.4239e-05 +3.5180e-05 +3.6069e-05 +3.6901e-05 +3.7672e-05 +3.8379e-05 +3.9017e-05 +3.9585e-05 +4.0079e-05 +4.0496e-05 +4.0832e-05 +4.1086e-05 +4.1255e-05 +4.1337e-05 +4.1328e-05 +4.1228e-05 +4.1035e-05 +4.0746e-05 +4.0361e-05 +3.9877e-05 +3.9294e-05 +3.8611e-05 +3.7826e-05 
# Horizontal Final Position [m]
START
            -0000.01000 -0000.00967 -0000.00933 -0000.00900 -0000.00867 -0000.00833 -0000.00800 -0000.00767 -0000.00733 -0000.00700 -0000.00667 -0000.00633 -0000.00600 -0000.00567 -0000.00533 -0000.00500 -0000.00467 -0000.00433 -0000.00400 -0000.00367 -0000.00333 -0000.00300 -0000.00267 -0000.00233 -0000.00200 -0000.00167 -0000.00133 -0000.00100 -0000.00067 -0000.00033 +0000.00000 +0000.00033 +0000.00067 +0000.00100 +0000.00133 +0000.00167 +0000.00200 +0000.00233 +0000.00267 +0000.00300 +0000.00333 +0000.00367 +0000.00400 +0000.00433 +0000.00467 +0000.00500 +0000.00533 +0000.00567 +0000.00600 +0000.00633 +0000.00667 +0000.00700 +0000.00733 +0000.00767 +0000.00800 +0000.00833 +0000.00867 +0000.00900 +0000.00933 +0000.00967 +0000.01000 
+0000.00200 -1.0003e-02 -9.6693e-03 -9.3361e-03 -9.0029e-03 -8.6697e-03 -8.3365e-03 -8.0032e-03 -7.6700e-03 -7.3368e-03 -7.0035e-03 -6.6703e-03 -6.3370e-03 -6.0038e-03 -5.6705e-03 -5.3372e-03 -5.0040e-03 -4.6707e-03 -4.3374e-03 -4.0041e-03 -3.6708e-03 -3.3375e-03 -3.0042e-03 -2.6709e-03 -2.3376e-03 -2.0043e-03 -1.6709e-03 -1.3376e-03 -1.0043e-03 -6.7092e-04 -3.3758e-04 -4.2348e-06 +3.2912e-04 +6.6247e-04 +9.9583e-04 +1.3292e-03 +1.6625e-03 +1.9959e-03 +2.3293e-03 +2.6626e-03 +2.9960e-03 +3.3294e-03 +3.6628e-03 +3.9961e-03 +4.3295e-03 +4.6629e-03 +4.9962e-03 +5.3296e-03 +5.6630e-03 +5.9963e-03 +6.3297e-03 +6.6630e-03 +6.9964e-03 +7.3297e-03 +7.6631e-03 +7.9964e-03 +8.3297e-03 +8.6631e-03 +8.9964e-03 +9.3297e-03 +9.6630e-03 +9.9962e-03 
+0000.00150 -1.0003e-02 -9.6693e-03 -9.3361e-03 -9.0029e-03 -8.6697e-03 -8.3365e-03 -8.0032e-03 -7.6700e-03 -7.3368e-03 -7.0035e-03 -6.6703e-03 -6.3370e-03 -6.0038e-03 -5.6705e-03 -5.3372e-03 -5.0040e-03 -4.6707e-03 -4.3374e-03 -4.0041e-03 -3.6708e-03 -3.3375e-03 -3.0042e-03 -2.6709e-03 -2.3376e-03 -2.0043e-03 -1.6709e-03 -1.3376e-03 -1.0043e-03 -6.7092e-04 -3.3758e-04 -4.2292e-06 +3.2912e-04 +6.6248e-04 +9.9583e-04 +1.3292e-03 +1.6626e-03 +1.9959e-03 +2.3293e-03 +2.6627e-03 +2.9960e-03 +3.3294e-03 +3.6628e-03 +3.9961e-03 +4.3295e-03 +4.6629e-03 +4.9962e-03 +5.3296e-03 +5.6630e-03 +5.9963e-03 +6.3297e-03 +6.6630e-03 +6.9964e-03 +7.3297e-03 +7.6631e-03 +7.9964e-03 +8.3297e-03 +8.6630e-03 +8.9963e-03 +9.3297e-03 +9.6629e-03 +9.9962e-03 
+0000.00100 -1.0003e-02 -9.6693e-03 -9.3361e-03 -9.0029e-03 -8.6697e-03 -8.3365e-03 -8.0032e-03 -7.6700e-03 -7.3368e-03 -7.0035e-03 -6.6703e-03 -6.3370e-03 -6.0037e-03 -5.6705e-03 -5.3372e-03 -5.0039e-03 -4.6707e-03 -4.3374e-03 -4.0041e-03 -3.6708e-03 -3.3375e-03 -3.0042e-03 -2.6709e-03 -2.3375e-03 -2.0042e-03 -1.6709e-03 -1.3376e-03 -1.0042e-03 -6.7089e-04 -3.3754e-04 -4.1967e-06 +3.2915e-04 +6.6251e-04 +9.9586e-04 +1.3292e-03 +1.6626e-03 +1.9959e-03 +2.3293e-03 +2.6627e-03 +2.9960e-03 +3.3294e-03 +3.6628e-03 +3.9961e-03 +4.3295e-03 +4.6629e-03 +4.9962e-03 +5.3296e-03 +5.6630e-03 +5.9963e-03 +6.3297e-03 +6.6630e-03 +6.9964e-03 +7.3297e-03 +7.6631e-03 +7.9964e-03 +8.3297e-03 +8.6630e-03 +8.9963e-03 +9.3296e-03 +9.6629e-03 +9.9962e-03 
+0000.00050 -1.0003e-02 -9.6693e-03 -9.3361e-03 -9.0029e-03 -8.6697e-03 -8.3365e-03 -8.0032e-03 -7.6700e-03 -7.3368e-03 -7.0035e-03 -6.6703e-03 -6.3370e-03 -6.0037e-03 -5.6705e-03 -5.3372e-03 -5.0039e-03 -4.6707e-03 -4.3374e-03 -4.0041e-03 -3.6708e-03 -3.3375e-03 -3.0042e-03 -2.6708e-03 -2.3375e-03 -2.0042e-03 -1.6709e-03 -1.3375e-03 -1.0042e-03 -6.7087e-04 -3.3753e-04 -4.1812e-06 +3.2917e-04 +6.6252e-04 +9.9588e-04 +1.3292e-03 +1.6626e-03 +1.9960e-03 +2.3293e-03 +2.6627e-03 +2.9961e-03 +3.3294e-03 +3.6628e-03 +3.9962e-03 +4.3295e-03 +4.6629e-03 +4.9962e-03 +5.3296e-03 +5.6630e-03 +5.9963e-03 +6.3297e-03 +6.6630e-03 +6.9964e-03 +7.3297e-03 +7.6631e-03 +7.9964e-03 +8.3297e-03 +8.6630e-03 +8.9963e-03 +9.3297e-03 +9.6629e-03 +9.9962e-03 
+0000.00000 -1.0003e-02 -9.6693e-03 -9.3361e-03 -9.0029e-03 -8.6697e-03 -8.3365e-03 -8.0032e-03 -7.6700e-03 -7.3368e-03 -7.0035e-03 -6.6703e-03 -6.3370e-03 -6.0037e-03 -5.6705e-03 -5.3372e-03 -5.0039e-03 -4.6707e-03 -4.3374e-03 -4.0041e-03 -3.6708e-03 -3.3375e-03 -3.0042e-03 -2.6708e-03 -2.3375e-03 -2.0042e-03 -1.6709e-03 -1.3375e-03 -1.0042e-03 -6.7087e-04 -3.3753e-04 -4.1812e-06 +3.2917e-04 +6.6252e-04 +9.9588e-04 +1.3292e-03 +1.6626e-03 +1.9960e-03 +2.3293e-03 +2.6627e-03 +2.9961e-03 +3.3294e-03 +3.6628e-03 +3.9962e-03 +4.3295e-03 +4.6629e-03 +4.9962e-03 +5.3296e-03 +5.6630e-03 +5.9963e-03 +6.3297e-03 +6.6630e-03 +6.9964e-03 +7.3297e-03 +7.6631e-03 +7.9964e-03 +8.3297e-03 +8.6630e-03 +8.9963e-03 +9.3297e-03 +9.6629e-03 +9.9962e-03 
-0000.00050 -1.0003e-02 -9.6693e-03 -9.3361e-03 -9.0029e-03 -8.6697e-03 -8.3365e-03 -8.0032e-03 -7.6700e-03 -7.3368e-03 -7.0035e-03 -6.6703e-03 -6.3370e-03 -6.0037e-03 -5.6705e-03 -5.3372e-03 -5.0039e-03 -4.6707e-03 -4.3374e-03 -4.0041e-03 -3.6708e-03 -3.3375e-03 -3.0042e-03 -2.6708e-03 -2.3375e-03 -2.0042e-03 -1.6709e-03 -1.3375e-03 -1.0042e-03 -6.7087e-04 -3.3753e-04 -4.1812e-06 +3.2917e-04 +6.6252e-04 +9.9588e-04 +1.3292e-03 +1.6626e-03 +1.9960e-03 +2.3293e-03 +2.6627e-03 +2.9961e-03 +3.3294e-03 +3.6628e-03 +3.9962e-03 +4.3295e-03 +4.6629e-03 +4.9962e-03 +5.3296e-03 +5.6630e-03 +5.9963e-03 +6.3297e-03 +6.6630e-03 +6.9964e-03 +7.3297e-03 +7.6631e-03 +7.9964e-03 +8.3297e-03 +8.6630e-03 +8.9963e-03 +9.3297e-03 +9.6629e-03 +9.9962e-03 
-0000.00100 -1.0003e-02 -9.6693e-03 -9.3361e-03 -9.0029e-03 -8.6697e-03 -8.3365e-03 -8.0032e-03 -7.6700e-03 -7.3368e-03 -7.0035e-03 -6.6703e-03 -6.3370e-03 -6.0037e-03 -5.6705e-03 -5.3372e-03 -5.0039e-03 -4.6707e-03 -4.3374e-03 -4.0041e-03 -3.6708e-03 -3.3375e-03 -3.0042e-03 -2.6709e-03 -2.3375e-03 -2.0042e-03 -1.6709e-03 -1.3376e-03 -1.0042e-03 -6.7089e-04 -3.3754e-04 -4.1967e-06 +3.2915e-04 +6.6251e-04 +9.9586e-04 +1.3292e-03 +1.6626e-03 +1.9959e-03 +2.3293e-03 +2.6627e-03 +2.9960e-03 +3.3294e-03 +3.6628e-03 +3.9961e-03 +4.3295e-03 +4.6629e-03 +4.9962e-03 +5.3296e-03 +5.6630e-03 +5.9963e-03 +6.3297e-03 +6.6630e-03 +6.9964e-03 +7.3297e-03 +7.6631e-03 +7.9964e-03 +8.3297e-03 +8.6630e-03 +8.9963e-03 +9.3296e-03 +9.6629e-03 +9.9962e-03 
-0000.00150 -1.0003e-02 -9.6693e-03 -9.3361e-03 -9.0029e-03 -8.6697e-03 -8.3365e-03 -8.0032e-03 -7.6700e-03 -7.3368e-03 -7.0035e-03 -6.6703e-03 -6.3370e-03 -6.0038e-03 -5.6705e-03 -5.3372e-03 -5.0040e-03 -4.6707e-03 -4.3374e-03 -4.0041e-03 -3.6708e-03 -3.3375e-03 -3.0042e-03 -2.6709e-03 -2.3376e-03 -2.0043e-03 -1.6709e-03 -1.3376e-03 -1.0043e-03 -6.7092e-04 -3.3758e-04 -4.2292e-06 +3.2912e-04 +6.6248e-04 +9.9583e-04 +1.3292e-03 +1.6626e-03 +1.9959e-03 +2.3293e-03 +2.6627e-03 +2.9960e-03 +3.3294e-03 +3.6628e-03 +3.9961e-03 +4.3295e-03 +4.6629e-03 +4.9962e-03 +5.3296e-03 +5.6630e-03 +5.9963e-03 +6.3297e-03 +6.6630e-03 +6.9964e-03 +7.3297e-03 +7.6631e-03 +7.9964e-03 +8.3297e-03 +8.6630e-03 +8.9963e-03 +9.3297e-03 +9.6629e-03 +9.9962e-03 
-0000.00200 -1.0003e-02 -9.6693e-03 -9.3361e-03 -9.0029e-03 -8.6697e-03 -8.3365e-03 -8.0032e-03 -7.6700e-03 -7.3368e-03 -7.0035e-03 -6.6703e-03 -6.3370e-03 -6.0038e-03 -5.6705e-03 -5.3372e-03 -5.0040e-03 -4.6707e-03 -4.3374e-03 -4.0041e-03 -3.6708e-03 -3.3375e-03 -3.0042e-03 -2.6709e-03 -2.3376e-03 -2.0043e-03 -1.6709e-03 -1.3376e-03 -1.0043e-03 -6.7092e-04 -3.3758e-04 -4.2348e-06 +3.2912e-04 +6.6247e-04 +9.9583e-04 +1.3292e-03 +1.6625e-03 +1.9959e-03 +2.3293e-03 +2.6626e-03 +2.9960e-03 +3.3294e-03 +3.6628e-03 +3.9961e-03 +4.3295e-03 +4.6629e-03 +4.9962e-03 +5.3296e-03 +5.6630e-03 +5.9963e-03 +6.3297e-03 +6.6630e-03 +6.9964e-03 +7.3297e-03 +7.6631e-03 +7.9964e-03 +8.3297e-03 +8.6631e-03 +8.9964e-03 +9.3297e-03 +9.6630e-03 +9.9962e-03 
# Vertical Final Position [m]
START
            -0000.01000 -0000.00967 -0000.00933 -0000.00900 -0000.00867 -0000.00833 -0000.00800 -0000.00767 -0000.00733 -0000.00700 -0000.00667 -0000.00633 -0000.00600 -0000.00567 -0000.00533 -0000.00500 -0000.00467 -0000.00433 -0000.00400 -0000.00367 -0000.00333 -0000.00300 -0000.00267 -0000.00233 -0000.00200 -0000.00167 -0000.00133 -0000.00100 -0000.00067 -0000.00033 +0000.00000 +0000.00033 +0000.00067 +0000.00100 +0000.00133 +0000.00167 +0000.00200 +0000.00233 +0000.00267 +0000.00300 +0000.00333 +0000.00367 +0000.00400 +0000.00433 +0000.00467 +0000.00500 +0000.00533 +0000.00567 +0000.00600 +0000.00633 +0000.00667 +0000.00700 +0000.00733 +0000.00767 +0000.00800 +0000.00833 +0000.00867 +0000.00900 +0000.00933 +0000.00967 +0000.01000 
+0000.00200 +2.0002e-03 +2.0002e-03 +2.0002e-03 +2.0003e-03 +2.0003e-03 +2.0003e-03 +2.0003e-03 +2.0003e-03 +2.0003e-03 +2.0003e-03 +2.0003e-03 +2.0003e-03 +2.0003e-03 +2.0003e-03 +2.0003e-03 +2.0003e-03 +2.0003e-03 +2.0002e-03 +2.0002e-03 +2.0002e-03 +2.0002e-03 +2.0002e-03 +2.0001e-03 +2.0001e-03 +2.0001e-03 +2.0001e-03 +2.0000e-03 +2.0000e-03 +2.0000e-03 +2.0000e-03 +2.0000e-03 +1.9999e-03 +1.9999e-03 +1.9999e-03 +1.9999e-03 +1.9999e-03 +1.9998e-03 +1.9998e-03 +1.9998e-03 +1.9998e-03 +1.9998e-03 +1.9998e-03 +1.9997e-03 +1.9997e-03 +1.9997e-03 +1.9997e-03 +1.9997e-03 +1.9997e-03 +1.9997e-03 +1.9997e-03 +1.9997e-03 +1.9997e-03 +1.9997e-03 +1.9997e-03 +1.9997e-03 +1.9997e-03 +1.9997e-03 +1.9997e-03 +1.9997e-03 +1.9997e-03 +1.9997e-03 
+0000.00150 +1.5002e-03 +1.5002e-03 +1.5002e-03 +1.5002e-03 +1.5002e-03 +1.5002e-03 +1.5002e-03 +1.5002e-03 +1.5002e-03 +1.5002e-03 +1.5002e-03 +1.5002e-03 +1.5002e-03 +1.5002e-03 +1.5002e-03 +1.5002e-03 +1.5002e-03 +1.5002e-03 +1.5002e-03 +1.5001e-03 +1.5001e-03 +1.5001e-03 +1.5001e-03 +1.5001e-03 +1.5001e-03 +1.5001e-03 +1.5000e-03 +1.5000e-03 +1.5000e-03 +1.5000e-03 +1.5000e-03 +1.5000e-03 +1.5000e-03 +1.4999e-03 +1.4999e-03 +1.4999e-03 +1.4999e-03 +1.4999e-03 +1.4999e-03 +1.4998e-03 +1.4998e-03 +1.4998e-03 +1.4998e-03 +1.4998e-03 +1.4998e-03 +1.4998e-03 +1.4998e-03 +1.4997e-03 +1.4997e-03 +1.4997e-03 +1.4997e-03 +1.4997e-03 +1.4997e-03 +1.4997e-03 +1.4997e-03 +1.4997e-03 +1.4997e-03 +1.4998e-03 +1.4998e-03 +1.4998e-03 +1.4998e-03 
+0000.00100 +1.0001e-03 +1.0001e-03 +1.0001e-03 +1.0001e-03 +1.0001e-03 +1.0001e-03 +1.0001e-03 +1.0001e-03 +1.0001e-03 +1.0001e-03 +1.0001e-03 +1.0001e-03 +1.0001e-03 +1.0001e-03 +1.0001e-03 +1.0001e-03 +1.0001e-03 +1.0001e-03 +1.0001e-03 +1.0001e-03 +1.0001e-03 +1.0001e-03 +1.0001e-03 +1.0000e-03 +1.0000e-03 +1.0000e-03 +1.0000e-03 +1.0000e-03 +1.0000e-03 +9.9999e-04 +9.9998e-04 +9.9997e-04 +9.9997e-04 +9.9996e-04 +9.9995e-04 +9.9994e-04 +9.9993e-04 +9.9992e-04 +9.9991e-04 +9.9990e-04 +9.9989e-04 +9.9989e-04 +9.9988e-04 +9.9987e-04 +9.9987e-04 +9.9986e-04 +9.9986e-04 +9.9985e-04 +9.9985e-04 +9.9984e-04 +9.9984e-04 +9.9984e-04 +9.9984e-04 +9.9984e-04 +9.9984e-04 +9.9985e-04 +9.9985e-04 +9.9986e-04 +9.9986e-04 +9.9987e-04 +9.9988e-04 
+0000.00050 +5.0004e-04 +5.0005e-04 +5.0006e-04 +5.0006e-04 +5.0006e-04 +5.0007e-04 +5.0007e-04 +5.0007e-04 +5.0007e-04 +5.0007e-04 +5.0007e-04 +5.0007e-04 +5.0007e-04 +5.0007e-04 +5.0006e-04 +5.0006e-04 +5.0006e-04 +5.0005e-04 +5.0005e-04 +5.0005e-04 +5.0004e-04 +5.0004e-04 +5.0003e-04 +5.0003e-04 +5.0002e-04 +5.0002e-04 +5.0001e-04 +5.0001e-04 +5.0000e-04 +5.0000e-04 +4.9999e-04 +4.9999e-04 +4.9998e-04 +4.9998e-04 +4.9997e-04 +4.9997e-04 +4.9996e-04 +4.9996e-04 +4.9996e-04 +4.9995e-04 +4.9995e-04 +4.9994e-04 +4.9994e-04 +4.9994e-04 +4.9994e-04 +4.9993e-04 +4.9993e-04 +4.9993e-04 +4.9993e-04 +4.9993e-04 +4.9993e-04 +4.9993e-04 +4.9993e-04 +4.9993e-04 +4.9993e-04 +4.9993e-04 +4.9993e-04 +4.9993e-04 +4.9993e-04 +4.9994e-04 +4.9994e-04 
+0000.00000 -1.1961e-11 -1.2228e-11 -1.2551e-11 -1.2925e-11 -1.3343e-11 -1.3798e-11 -1.4284e-11 -1.4796e-11 -1.5328e-11 -1.5874e-11 -1.6430e-11 -1.6991e-11 -1.7551e-11 -1.8107e-11 -1.8654e-11 -1.9189e-11 -1.9707e-11 -2.0206e-11 -2.0682e-11 -2.1131e-11 -2.1552e-11 -2.1942e-11 -2.2298e-11 -2.2619e-11 -2.2902e-11 -2.3146e-11 -2.3350e-11 -2.3513e-11 -2.3633e-11 -2.3710e-11 -2.3744e-11 -2.3735e-11 -2.3682e-11 -2.3586e-11 -2.3447e-11 -2.3267e-11 -2.3046e-11 -2.2785e-11 -2.2486e-11 -2.2152e-11 -2.1782e-11 -2.1381e-11 -2.0950e-11 -2.0492e-11 -2.0010e-11 -1.9507e-11 -1.8986e-11 -1.8452e-11 -1.7907e-11 -1.7356e-11 -1.6804e-11 -1.6254e-11 -1.5712e-11 -1.5183e-11 -1.4672e-11 -1.4184e-11 -1.3725e-11 -1.3302e-11 -1.2919e-11 -1.2585e-11 -1.2305e-11 
-0000.00050 -5.0004e-04 -5.0005e-04 -5.0006e-04 -5.0006e-04 -5.0006e-04 -5.0007e-04 -5.0007e-04 -5.0007e-04 -5.0007e-04 -5.0007e-04 -5.0007e-04 -5.0007e-04 -5.0007e-04 -5.0007e-04 -5.0006e-04 -5.0006e-04 -5.0006e-04 -5.0005e-04 -5.0005e-04 -5.0005e-04 -5.0004e-04 -5.0004e-04 -5.0003e-04 -5.0003e-04 -5.0002e-04 -5.0002e-04 -5.0001e-04 -5.0001e-04 -5.0000e-04 -5.0000e-04 -4.9999e-04 -4.9999e-04 -4.9998e-04 -4.9998e-04 -4.9997e-04 -4.9997e-04 -4.9996e-04 -4.9996e-04 -4.9996e-04 -4.9995e-04 -4.9995e-04 -4.9994e-04 -4.9994e-04 -4.9994e-04 -4.9994e-04 -4.9993e-04 -4.9993e-04 -4.9993e-04 -4.9993e-04 -4.9993e-04 -4.9993e-04 -4.9993e-04 -4.9993e-04 -4.9993e-04 -4.9993e-04 -4.9993e-04 -4.9993e-04 -4.9993e-04 -4.9993e-04 -4.9994e-04 -4.9994e-04 
-0000.00100 -1.0001e-03 -1.0001e-03 -1.0001e-03 -1.0001e-03 -1.0001e-03 -1.0001e-03 -1.0001e-03 -1.0001e-03 -1.0001e-03 -1.0001e-03 -1.0001e-03 -1.0001e-03 -1.0001e-03 -1.0001e-03 -1.0001e-03 -1.0001e-03 -1.0001e-03 -1.0001e-03 -1.0001e-03 -1.0001e-03 -1.0001e-03 -1.0001e-03 -1.0001e-03 -1.0000e-03 -1.0000e-03 -1.0000e-03 -1.0000e-03 -1.0000e-03 -1.0000e-03 -9.9999e-04 -9.9998e-04 -9.9997e-04 -9.9997e-04 -9.9996e-04 -9.9995e-04 -9.9994e-04 -9.9993e-04 -9.9992e-04 -9.9991e-04 -9.9990e-04 -9.9989e-04 -9.9989e-04 -9.9988e-04 -9.9987e-04 -9.9987e-04 -9.9986e-04 -9.9986e-04 -9.9985e-04 -9.9985e-04 -9.9984e-04 -9.9984e-04 -9.9984e-04 -9.9984e-04 -9.9984e-04 -9.9984e-04 -9.9985e-04 -9.9985e-04 -9.9986e-04 -9.9986e-04 -9.9987e-04 -9.9988e-04 
-0000.00150 -1.5002e-03 -1.5002e-03 -1.5002e-03 -1.5002e-03 -1.5002e-03 -1.5002e-03 -1.5002e-03 -1.5002e-03 -1.5002e-03 -1.5002e-03 -1.5002e-03 -1.5002e-03 -1.5002e-03 -1.5002e-03 -1.5002e-03 -1.5002e-03 -1.5002e-03 -1.5002e-03 -1.5002e-03 -1.5001e-03 -1.5001e-03 -1.5001e-03 -1.5001e-03 -1.5001e-03 -1.5001e-03 -1.5001e-03 -1.5000e-03 -1.5000e-03 -1.5000e-03 -1.5000e-03 -1.5000e-03 -1.5000e-03 -1.5000e-03 -1.4999e-03 -1.4999e-03 -1.4999e-03 -1.4999e-03 -1.4999e-03 -1.4999e-03 -1.4998e-03 -1.4998e-03 -1.4998e-03 -1.4998e-03 -1.4998e-03 -1.4998e-03 -1.4998e-03 -1.4998e-03 -1.4997e-03 -1.4997e-03 -1.4997e-03 -1.4997e-03 -1.4997e-03 -1.4997e-03 -1.4997e-03 -1.4997e-03 -1.4997e-03 -1.4997e-03 -1.4998e-03 -1.4998e-03 -1.4998e-03 -1.4998e-03 
-0000.00200 -2.0002e-03 -2.0002e-03 -2.0002e-03 -2.0003e-03 -2.0003e-03 -2.0003e-03 -2.0003e-03 -2.0003e-03 -2.0003e-03 -2.0003e-03 -2.0003e-03 -2.0003e-03 -2.0003e-03 -2.0003e-03 -2.0003e-03 -2.0003e-03 -2.0003e-03 -2.0002e-03 -2.0002e-03 -2.0002e-03 -2.0002e-03 -2.0002e-03 -2.0001e-03 -2.0001e-03 -2.0001e-03 -2.0001e-03 -2.0000e-03 -2.0000e-03 -2.0000e-03 -2.0000e-03 -2.0000e-03 -1.9999e-03 -1.9999e-03 -1.9999e-03 -1.9999e-03 -1.9999e-03 -1.9998e-03 -1.9998e-03 -1.9998e-03 -1.9998e-03 -1.9998e-03 -1.9998e-03 -1.9997e-03 -1.9997e-03 -1.9997e-03 -1.9997e-03 -1.9997e-03 -1.9997e-03 -1.9997e-03 -1.9997e-03 -1.9997e-03 -1.9997e-03 -1.9997e-03 -1.9997e-03 -1.9997e-03 -1.9997e-03 -1.9997e-03 -1.9997e-03 -1.9997e-03 -1.9997e-03 -1.9997e-03 