# Author: FAC idanalysis.IDKickMap
# Termination_kicks [T2m2]: +0.0000e+00 +0.0000e+00 +0.0000e+00 +0.0000e+00 
# Total Length of Longitudinal Interval [m]
0.13
# Number of Horizontal Points
61
# Number of Vertical Points
9
# Total Horizontal 2nd Order Kick [T2m2]
START
            -0000.01000 -0000.00967 -0000.00933 -0000.00900 -0000.00867 -0000.00833 -0000.00800 -0000.00767 -0000.00733 -0000.00700 -0000.00667 -0000.00633 -0000.00600 -0000.00567 -0000.00533 -0000.00500 -0000.00467 -0000.00433 -0000.00400 -0000.00367 -0000.00333 -0000.00300 -0000.00267 -0000.00233 -0000.00200 -0000.00167 -0000.00133 -0000.00100 -0000.00067 -0000.00033 +0000.00000 +0000.00033 +0000.00067 +0000.00100 +0000.00133 +0000.00167 +0000.00200 +0000.00233 +0000.00267 +0000.00300 +0000.00333 +0000.00367 +0000.00400 +0000.00433 +0000.00467 +0000.00500 +0000.00533 +0000.00567 +0000.00600 +0000.00633 +0000.00667 +0000.00700 +0000.00733 +0000.00767 +0000.00800 +0000.00833 +0000.00867 +0000.00900 +0000.00933 +0000.00967 +0000.01000 
+0000.00200 -4.3186e-04 -4.2798e-04 -4.2430e-04 -4.2080e-04 -4.1749e-04 -4.1435e-04 -4.1139e-04 -4.0859e-04 -4.0595e-04 -4.0347e-04 -4.0113e-04 -3.9894e-04 -3.9689e-04 -3.9497e-04 -3.9319e-04 -3.9153e-04 -3.8999e-04 -3.8858e-04 -3.8728e-04 -3.8609e-04 -3.8502e-04 -3.8405e-04 -3.8319e-04 -3.8243e-04 -3.8178e-04 -3.8122e-04 -3.8077e-04 -3.8041e-04 -3.8015e-04 -3.7999e-04 -3.7992e-04 -3.7995e-04 -3.8008e-04 -3.8030e-04 -3.8063e-04 -3.8104e-04 -3.8156e-04 -3.8218e-04 -3.8290e-04 -3.8372e-04 -3.8465e-04 -3.8569e-04 -3.8684e-04 -3.8810e-04 -3.8947e-04 -3.9097e-04 -3.9259e-04 -3.9433e-04 -3.9621e-04 -3.9822e-04 -4.0037e-04 -4.0266e-04 -4.0510e-04 -4.0769e-04 -4.1045e-04 -4.1336e-04 -4.1645e-04 -4.1971e-04 -4.2316e-04 -4.2679e-04 -4.3062e-04 
+0000.00150 -3.7841e-04 -3.7478e-04 -3.7131e-04 -3.6799e-04 -3.6481e-04 -3.6178e-04 -3.5889e-04 -3.5614e-04 -3.5352e-04 -3.5103e-04 -3.4868e-04 -3.4645e-04 -3.4436e-04 -3.4238e-04 -3.4053e-04 -3.3880e-04 -3.3719e-04 -3.3569e-04 -3.3431e-04 -3.3305e-04 -3.3190e-04 -3.3086e-04 -3.2993e-04 -3.2912e-04 -3.2841e-04 -3.2781e-04 -3.2732e-04 -3.2694e-04 -3.2666e-04 -3.2649e-04 -3.2643e-04 -3.2647e-04 -3.2662e-04 -3.2688e-04 -3.2724e-04 -3.2771e-04 -3.2829e-04 -3.2897e-04 -3.2977e-04 -3.3067e-04 -3.3169e-04 -3.3281e-04 -3.3405e-04 -3.3541e-04 -3.3687e-04 -3.3846e-04 -3.4016e-04 -3.4198e-04 -3.4392e-04 -3.4599e-04 -3.4818e-04 -3.5050e-04 -3.5295e-04 -3.5552e-04 -3.5824e-04 -3.6109e-04 -3.6407e-04 -3.6720e-04 -3.7048e-04 -3.7390e-04 -3.7747e-04 
+0000.00100 -3.7900e-04 -3.7547e-04 -3.7207e-04 -3.6881e-04 -3.6568e-04 -3.6267e-04 -3.5980e-04 -3.5706e-04 -3.5444e-04 -3.5195e-04 -3.4958e-04 -3.4733e-04 -3.4521e-04 -3.4320e-04 -3.4132e-04 -3.3955e-04 -3.3790e-04 -3.3637e-04 -3.3495e-04 -3.3365e-04 -3.3246e-04 -3.3139e-04 -3.3043e-04 -3.2959e-04 -3.2885e-04 -3.2823e-04 -3.2772e-04 -3.2733e-04 -3.2704e-04 -3.2686e-04 -3.2680e-04 -3.2685e-04 -3.2700e-04 -3.2727e-04 -3.2765e-04 -3.2814e-04 -3.2874e-04 -3.2945e-04 -3.3028e-04 -3.3122e-04 -3.3227e-04 -3.3343e-04 -3.3471e-04 -3.3610e-04 -3.3761e-04 -3.3923e-04 -3.4097e-04 -3.4282e-04 -3.4480e-04 -3.4689e-04 -3.4910e-04 -3.5144e-04 -3.5389e-04 -3.5647e-04 -3.5917e-04 -3.6200e-04 -3.6496e-04 -3.6805e-04 -3.7126e-04 -3.7461e-04 -3.7808e-04 
+0000.00050 -3.7939e-04 -3.7591e-04 -3.7255e-04 -3.6931e-04 -3.6620e-04 -3.6322e-04 -3.6036e-04 -3.5762e-04 -3.5500e-04 -3.5251e-04 -3.5013e-04 -3.4788e-04 -3.4574e-04 -3.4372e-04 -3.4182e-04 -3.4004e-04 -3.3837e-04 -3.3682e-04 -3.3539e-04 -3.3407e-04 -3.3287e-04 -3.3178e-04 -3.3081e-04 -3.2995e-04 -3.2920e-04 -3.2857e-04 -3.2805e-04 -3.2765e-04 -3.2736e-04 -3.2718e-04 -3.2711e-04 -3.2716e-04 -3.2732e-04 -3.2759e-04 -3.2798e-04 -3.2848e-04 -3.2909e-04 -3.2982e-04 -3.3066e-04 -3.3161e-04 -3.3268e-04 -3.3386e-04 -3.3515e-04 -3.3656e-04 -3.3809e-04 -3.3973e-04 -3.4148e-04 -3.4336e-04 -3.4534e-04 -3.4745e-04 -3.4967e-04 -3.5201e-04 -3.5447e-04 -3.5705e-04 -3.5975e-04 -3.6257e-04 -3.6551e-04 -3.6858e-04 -3.7176e-04 -3.7507e-04 -3.7851e-04 
+0000.00000 -3.7950e-04 -3.7603e-04 -3.7269e-04 -3.6947e-04 -3.6637e-04 -3.6339e-04 -3.6053e-04 -3.5780e-04 -3.5518e-04 -3.5269e-04 -3.5031e-04 -3.4806e-04 -3.4592e-04 -3.4389e-04 -3.4199e-04 -3.4020e-04 -3.3853e-04 -3.3698e-04 -3.3554e-04 -3.3422e-04 -3.3301e-04 -3.3192e-04 -3.3094e-04 -3.3007e-04 -3.2933e-04 -3.2869e-04 -3.2817e-04 -3.2776e-04 -3.2747e-04 -3.2729e-04 -3.2722e-04 -3.2727e-04 -3.2743e-04 -3.2771e-04 -3.2810e-04 -3.2860e-04 -3.2921e-04 -3.2994e-04 -3.3079e-04 -3.3174e-04 -3.3281e-04 -3.3400e-04 -3.3530e-04 -3.3672e-04 -3.3825e-04 -3.3989e-04 -3.4165e-04 -3.4353e-04 -3.4552e-04 -3.4763e-04 -3.4986e-04 -3.5221e-04 -3.5467e-04 -3.5725e-04 -3.5995e-04 -3.6277e-04 -3.6571e-04 -3.6876e-04 -3.7194e-04 -3.7524e-04 -3.7867e-04 
-0000.00050 -3.7934e-04 -3.7586e-04 -3.7251e-04 -3.6928e-04 -3.6618e-04 -3.6320e-04 -3.6034e-04 -3.5760e-04 -3.5499e-04 -3.5250e-04 -3.5013e-04 -3.4787e-04 -3.4574e-04 -3.4372e-04 -3.4182e-04 -3.4004e-04 -3.3837e-04 -3.3683e-04 -3.3539e-04 -3.3407e-04 -3.3287e-04 -3.3178e-04 -3.3081e-04 -3.2995e-04 -3.2921e-04 -3.2857e-04 -3.2805e-04 -3.2765e-04 -3.2736e-04 -3.2718e-04 -3.2711e-04 -3.2716e-04 -3.2732e-04 -3.2759e-04 -3.2798e-04 -3.2848e-04 -3.2909e-04 -3.2981e-04 -3.3065e-04 -3.3161e-04 -3.3267e-04 -3.3385e-04 -3.3515e-04 -3.3656e-04 -3.3809e-04 -3.3973e-04 -3.4148e-04 -3.4336e-04 -3.4535e-04 -3.4746e-04 -3.4968e-04 -3.5203e-04 -3.5449e-04 -3.5707e-04 -3.5978e-04 -3.6260e-04 -3.6555e-04 -3.6861e-04 -3.7181e-04 -3.7512e-04 -3.7856e-04 
-0000.00100 -3.7890e-04 -3.7538e-04 -3.7199e-04 -3.6874e-04 -3.6562e-04 -3.6262e-04 -3.5976e-04 -3.5702e-04 -3.5441e-04 -3.5192e-04 -3.4956e-04 -3.4732e-04 -3.4520e-04 -3.4320e-04 -3.4131e-04 -3.3955e-04 -3.3790e-04 -3.3637e-04 -3.3496e-04 -3.3366e-04 -3.3247e-04 -3.3140e-04 -3.3044e-04 -3.2959e-04 -3.2886e-04 -3.2824e-04 -3.2773e-04 -3.2733e-04 -3.2704e-04 -3.2686e-04 -3.2680e-04 -3.2684e-04 -3.2700e-04 -3.2726e-04 -3.2764e-04 -3.2813e-04 -3.2873e-04 -3.2944e-04 -3.3027e-04 -3.3121e-04 -3.3226e-04 -3.3342e-04 -3.3470e-04 -3.3609e-04 -3.3760e-04 -3.3922e-04 -3.4097e-04 -3.4282e-04 -3.4480e-04 -3.4690e-04 -3.4912e-04 -3.5146e-04 -3.5392e-04 -3.5651e-04 -3.5922e-04 -3.6205e-04 -3.6502e-04 -3.6811e-04 -3.7134e-04 -3.7470e-04 -3.7819e-04 
-0000.00150 -3.7825e-04 -3.7464e-04 -3.7119e-04 -3.6788e-04 -3.6472e-04 -3.6170e-04 -3.5882e-04 -3.5608e-04 -3.5348e-04 -3.5100e-04 -3.4866e-04 -3.4644e-04 -3.4435e-04 -3.4238e-04 -3.4053e-04 -3.3880e-04 -3.3720e-04 -3.3570e-04 -3.3433e-04 -3.3307e-04 -3.3192e-04 -3.3088e-04 -3.2995e-04 -3.2913e-04 -3.2842e-04 -3.2782e-04 -3.2733e-04 -3.2695e-04 -3.2667e-04 -3.2650e-04 -3.2643e-04 -3.2647e-04 -3.2662e-04 -3.2687e-04 -3.2723e-04 -3.2770e-04 -3.2828e-04 -3.2896e-04 -3.2976e-04 -3.3066e-04 -3.3168e-04 -3.3280e-04 -3.3404e-04 -3.3540e-04 -3.3687e-04 -3.3845e-04 -3.4016e-04 -3.4199e-04 -3.4393e-04 -3.4601e-04 -3.4820e-04 -3.5053e-04 -3.5299e-04 -3.5558e-04 -3.5830e-04 -3.6116e-04 -3.6416e-04 -3.6731e-04 -3.7060e-04 -3.7404e-04 -3.7763e-04 
-0000.00200 -4.3165e-04 -4.2779e-04 -4.2413e-04 -4.2066e-04 -4.1737e-04 -4.1426e-04 -4.1131e-04 -4.0853e-04 -4.0590e-04 -4.0343e-04 -4.0111e-04 -3.9892e-04 -3.9688e-04 -3.9497e-04 -3.9319e-04 -3.9154e-04 -3.9001e-04 -3.8859e-04 -3.8730e-04 -3.8611e-04 -3.8504e-04 -3.8407e-04 -3.8321e-04 -3.8245e-04 -3.8180e-04 -3.8124e-04 -3.8078e-04 -3.8042e-04 -3.8016e-04 -3.8000e-04 -3.7993e-04 -3.7995e-04 -3.8008e-04 -3.8030e-04 -3.8061e-04 -3.8103e-04 -3.8154e-04 -3.8216e-04 -3.8288e-04 -3.8370e-04 -3.8463e-04 -3.8567e-04 -3.8682e-04 -3.8808e-04 -3.8946e-04 -3.9096e-04 -3.9258e-04 -3.9433e-04 -3.9621e-04 -3.9823e-04 -4.0039e-04 -4.0269e-04 -4.0515e-04 -4.0775e-04 -4.1052e-04 -4.1346e-04 -4.1656e-04 -4.1985e-04 -4.2331e-04 -4.2697e-04 -4.3083e-04 
# Total Vertical 2nd Order Kick [T2m2]
START
            -0000.01000 -0000.00967 -0000.00933 -0000.00900 -0000.00867 -0000.00833 -0000.00800 -0000.00767 -0000.00733 -0000.00700 -0000.00667 -0000.00633 -0000.00600 -0000.00567 -0000.00533 -0000.00500 -0000.00467 -0000.00433 -0000.00400 -0000.00367 -0000.00333 -0000.00300 -0000.00267 -0000.00233 -0000.00200 -0000.00167 -0000.00133 -0000.00100 -0000.00067 -0000.00033 +0000.00000 +0000.00033 +0000.00067 +0000.00100 +0000.00133 +0000.00167 +0000.00200 +0000.00233 +0000.00267 +0000.00300 +0000.00333 +0000.00367 +0000.00400 +0000.00433 +0000.00467 +0000.00500 +0000.00533 +0000.00567 +0000.00600 +0000.00633 +0000.00667 +0000.00700 +0000.00733 +0000.00767 +0000.00800 +0000.00833 +0000.00867 +0000.00900 +0000.00933 +0000.00967 +0000.01000 
+0000.00200 -2.1648e-04 -2.1524e-04 -2.1406e-04 -2.1292e-04 -2.1182e-04 -2.1077e-04 -2.0976e-04 -2.0879e-04 -2.0785e-04 -2.0696e-04 -2.0609e-04 -2.0526e-04 -2.0446e-04 -2.0369e-04 -2.0295e-04 -2.0223e-04 -2.0153e-04 -2.0086e-04 -2.0021e-04 -1.9958e-04 -1.9896e-04 -1.9836e-04 -1.9778e-04 -1.9720e-04 -1.9664e-04 -1.9608e-04 -1.9553e-04 -1.9499e-04 -1.9445e-04 -1.9392e-04 -1.9338e-04 -1.9285e-04 -1.9231e-04 -1.9177e-04 -1.9122e-04 -1.9066e-04 -1.9010e-04 -1.8953e-04 -1.8894e-04 -1.8834e-04 -1.8773e-04 -1.8710e-04 -1.8645e-04 -1.8579e-04 -1.8510e-04 -1.8439e-04 -1.8366e-04 -1.8290e-04 -1.8212e-04 -1.8131e-04 -1.8046e-04 -1.7959e-04 -1.7869e-04 -1.7775e-04 -1.7678e-04 -1.7577e-04 -1.7473e-04 -1.7364e-04 -1.7252e-04 -1.7135e-04 -1.7014e-04 
+0000.00150 -1.4324e-04 -1.4253e-04 -1.4183e-04 -1.4115e-04 -1.4048e-04 -1.3983e-04 -1.3920e-04 -1.3858e-04 -1.3797e-04 -1.3738e-04 -1.3680e-04 -1.3623e-04 -1.3567e-04 -1.3512e-04 -1.3458e-04 -1.3405e-04 -1.3353e-04 -1.3302e-04 -1.3251e-04 -1.3201e-04 -1.3152e-04 -1.3104e-04 -1.3055e-04 -1.3008e-04 -1.2960e-04 -1.2913e-04 -1.2867e-04 -1.2820e-04 -1.2774e-04 -1.2727e-04 -1.2681e-04 -1.2635e-04 -1.2588e-04 -1.2542e-04 -1.2495e-04 -1.2448e-04 -1.2401e-04 -1.2353e-04 -1.2305e-04 -1.2256e-04 -1.2207e-04 -1.2157e-04 -1.2106e-04 -1.2055e-04 -1.2003e-04 -1.1950e-04 -1.1896e-04 -1.1841e-04 -1.1785e-04 -1.1728e-04 -1.1670e-04 -1.1611e-04 -1.1550e-04 -1.1488e-04 -1.1425e-04 -1.1360e-04 -1.1294e-04 -1.1226e-04 -1.1157e-04 -1.1086e-04 -1.1013e-04 
+0000.00100 -8.7566e-05 -8.7153e-05 -8.6747e-05 -8.6345e-05 -8.5950e-05 -8.5559e-05 -8.5173e-05 -8.4793e-05 -8.4416e-05 -8.4045e-05 -8.3677e-05 -8.3314e-05 -8.2955e-05 -8.2599e-05 -8.2246e-05 -8.1897e-05 -8.1552e-05 -8.1208e-05 -8.0868e-05 -8.0530e-05 -8.0195e-05 -7.9861e-05 -7.9529e-05 -7.9199e-05 -7.8871e-05 -7.8543e-05 -7.8217e-05 -7.7891e-05 -7.7566e-05 -7.7241e-05 -7.6916e-05 -7.6591e-05 -7.6266e-05 -7.5940e-05 -7.5613e-05 -7.5286e-05 -7.4957e-05 -7.4626e-05 -7.4294e-05 -7.3960e-05 -7.3623e-05 -7.3284e-05 -7.2942e-05 -7.2597e-05 -7.2249e-05 -7.1898e-05 -7.1542e-05 -7.1183e-05 -7.0820e-05 -7.0451e-05 -7.0079e-05 -6.9701e-05 -6.9318e-05 -6.8929e-05 -6.8534e-05 -6.8134e-05 -6.7727e-05 -6.7313e-05 -6.6892e-05 -6.6465e-05 -6.6029e-05 
+0000.00050 -4.1542e-05 -4.1358e-05 -4.1174e-05 -4.0992e-05 -4.0810e-05 -4.0629e-05 -4.0448e-05 -4.0269e-05 -4.0091e-05 -3.9913e-05 -3.9736e-05 -3.9560e-05 -3.9385e-05 -3.9210e-05 -3.9037e-05 -3.8864e-05 -3.8691e-05 -3.8520e-05 -3.8349e-05 -3.8179e-05 -3.8009e-05 -3.7840e-05 -3.7671e-05 -3.7503e-05 -3.7336e-05 -3.7168e-05 -3.7001e-05 -3.6834e-05 -3.6668e-05 -3.6501e-05 -3.6335e-05 -3.6169e-05 -3.6002e-05 -3.5835e-05 -3.5669e-05 -3.5501e-05 -3.5334e-05 -3.5166e-05 -3.4997e-05 -3.4827e-05 -3.4657e-05 -3.4486e-05 -3.4314e-05 -3.4141e-05 -3.3966e-05 -3.3791e-05 -3.3614e-05 -3.3435e-05 -3.3254e-05 -3.3072e-05 -3.2888e-05 -3.2702e-05 -3.2513e-05 -3.2323e-05 -3.2129e-05 -3.1933e-05 -3.1735e-05 -3.1533e-05 -3.1328e-05 -3.1120e-05 -3.0909e-05 
+0000.00000 +8.4699e-08 +6.9433e-08 +5.5859e-08 +4.3857e-08 +3.3308e-08 +2.4101e-08 +1.6126e-08 +9.2797e-09 +3.4610e-09 -1.4257e-09 -5.4721e-09 -8.7654e-09 -1.1389e-08 -1.3421e-08 -1.4938e-08 -1.6008e-08 -1.6698e-08 -1.7070e-08 -1.7182e-08 -1.7086e-08 -1.6832e-08 -1.6465e-08 -1.6025e-08 -1.5549e-08 -1.5068e-08 -1.4610e-08 -1.4200e-08 -1.3855e-08 -1.3591e-08 -1.3419e-08 -1.3346e-08 -1.3372e-08 -1.3498e-08 -1.3715e-08 -1.4014e-08 -1.4380e-08 -1.4794e-08 -1.5232e-08 -1.5667e-08 -1.6067e-08 -1.6395e-08 -1.6613e-08 -1.6674e-08 -1.6530e-08 -1.6128e-08 -1.5410e-08 -1.4316e-08 -1.2778e-08 -1.0727e-08 -8.0884e-09 -4.7835e-09 -7.2931e-10 +4.1614e-09 +9.9800e-09 +1.6822e-08 +2.4788e-08 +3.3982e-08 +4.4512e-08 +5.6491e-08 +7.0036e-08 +8.5269e-08 
-0000.00050 +4.1707e-05 +4.1492e-05 +4.1282e-05 +4.1076e-05 +4.0873e-05 +4.0674e-05 +4.0478e-05 +4.0285e-05 +4.0095e-05 +3.9908e-05 +3.9723e-05 +3.9541e-05 +3.9361e-05 +3.9182e-05 +3.9006e-05 +3.8831e-05 +3.8657e-05 +3.8485e-05 +3.8314e-05 +3.8144e-05 +3.7975e-05 +3.7807e-05 +3.7640e-05 +3.7472e-05 +3.7306e-05 +3.7139e-05 +3.6973e-05 +3.6807e-05 +3.6641e-05 +3.6475e-05 +3.6309e-05 +3.6142e-05 +3.5976e-05 +3.5809e-05 +3.5641e-05 +3.5473e-05 +3.5305e-05 +3.5135e-05 +3.4966e-05 +3.4795e-05 +3.4624e-05 +3.4453e-05 +3.4280e-05 +3.4107e-05 +3.3934e-05 +3.3759e-05 +3.3584e-05 +3.3408e-05 +3.3232e-05 +3.3054e-05 +3.2877e-05 +3.2698e-05 +3.2519e-05 +3.2340e-05 +3.2160e-05 +3.1980e-05 +3.1799e-05 +3.1618e-05 +3.1437e-05 +3.1256e-05 +3.1075e-05 
-0000.00100 +8.7716e-05 +8.7275e-05 +8.6842e-05 +8.6418e-05 +8.6003e-05 +8.5595e-05 +8.5195e-05 +8.4801e-05 +8.4415e-05 +8.4034e-05 +8.3659e-05 +8.3290e-05 +8.2927e-05 +8.2567e-05 +8.2213e-05 +8.1862e-05 +8.1516e-05 +8.1172e-05 +8.0832e-05 +8.0495e-05 +8.0160e-05 +7.9828e-05 +7.9497e-05 +7.9169e-05 +7.8841e-05 +7.8515e-05 +7.8189e-05 +7.7864e-05 +7.7540e-05 +7.7215e-05 +7.6891e-05 +7.6566e-05 +7.6240e-05 +7.5914e-05 +7.5587e-05 +7.5258e-05 +7.4928e-05 +7.4596e-05 +7.4263e-05 +7.3927e-05 +7.3590e-05 +7.3250e-05 +7.2907e-05 +7.2562e-05 +7.2214e-05 +7.1864e-05 +7.1510e-05 +7.1153e-05 +7.0793e-05 +7.0429e-05 +7.0062e-05 +6.9691e-05 +6.9317e-05 +6.8939e-05 +6.8557e-05 +6.8171e-05 +6.7781e-05 +6.7387e-05 +6.6989e-05 +6.6587e-05 +6.6181e-05 
-0000.00150 +1.4336e-04 +1.4262e-04 +1.4190e-04 +1.4120e-04 +1.4052e-04 +1.3986e-04 +1.3921e-04 +1.3858e-04 +1.3796e-04 +1.3736e-04 +1.3677e-04 +1.3620e-04 +1.3564e-04 +1.3509e-04 +1.3455e-04 +1.3401e-04 +1.3349e-04 +1.3298e-04 +1.3248e-04 +1.3198e-04 +1.3149e-04 +1.3100e-04 +1.3052e-04 +1.3005e-04 +1.2957e-04 +1.2911e-04 +1.2864e-04 +1.2818e-04 +1.2771e-04 +1.2725e-04 +1.2679e-04 +1.2632e-04 +1.2586e-04 +1.2539e-04 +1.2492e-04 +1.2445e-04 +1.2398e-04 +1.2350e-04 +1.2302e-04 +1.2253e-04 +1.2203e-04 +1.2153e-04 +1.2103e-04 +1.2051e-04 +1.1999e-04 +1.1946e-04 +1.1892e-04 +1.1838e-04 +1.1782e-04 +1.1725e-04 +1.1668e-04 +1.1609e-04 +1.1549e-04 +1.1488e-04 +1.1426e-04 +1.1362e-04 +1.1298e-04 +1.1232e-04 +1.1164e-04 +1.1096e-04 +1.1025e-04 
-0000.00200 +2.1657e-04 +2.1531e-04 +2.1411e-04 +2.1295e-04 +2.1184e-04 +2.1077e-04 +2.0975e-04 +2.0877e-04 +2.0783e-04 +2.0693e-04 +2.0606e-04 +2.0523e-04 +2.0442e-04 +2.0365e-04 +2.0291e-04 +2.0219e-04 +2.0149e-04 +2.0082e-04 +2.0017e-04 +1.9954e-04 +1.9893e-04 +1.9833e-04 +1.9774e-04 +1.9717e-04 +1.9661e-04 +1.9605e-04 +1.9550e-04 +1.9496e-04 +1.9443e-04 +1.9389e-04 +1.9335e-04 +1.9282e-04 +1.9228e-04 +1.9174e-04 +1.9119e-04 +1.9063e-04 +1.9007e-04 +1.8949e-04 +1.8891e-04 +1.8831e-04 +1.8769e-04 +1.8706e-04 +1.8641e-04 +1.8575e-04 +1.8506e-04 +1.8435e-04 +1.8362e-04 +1.8286e-04 +1.8208e-04 +1.8127e-04 +1.8043e-04 +1.7957e-04 +1.7867e-04 +1.7774e-04 +1.7678e-04 +1.7578e-04 +1.7475e-04 +1.7368e-04 +1.7257e-04 +1.7142e-04 +1.7023e-04 
# Horizontal Final Position [m]
START
            -0000.01000 -0000.00967 -0000.00933 -0000.00900 -0000.00867 -0000.00833 -0000.00800 -0000.00767 -0000.00733 -0000.00700 -0000.00667 -0000.00633 -0000.00600 -0000.00567 -0000.00533 -0000.00500 -0000.00467 -0000.00433 -0000.00400 -0000.00367 -0000.00333 -0000.00300 -0000.00267 -0000.00233 -0000.00200 -0000.00167 -0000.00133 -0000.00100 -0000.00067 -0000.00033 +0000.00000 +0000.00033 +0000.00067 +0000.00100 +0000.00133 +0000.00167 +0000.00200 +0000.00233 +0000.00267 +0000.00300 +0000.00333 +0000.00367 +0000.00400 +0000.00433 +0000.00467 +0000.00500 +0000.00533 +0000.00567 +0000.00600 +0000.00633 +0000.00667 +0000.00700 +0000.00733 +0000.00767 +0000.00800 +0000.00833 +0000.00867 +0000.00900 +0000.00933 +0000.00967 +0000.01000 
+0000.00200 -1.0000e-02 -9.6667e-03 -9.3334e-03 -9.0001e-03 -8.6668e-03 -8.3335e-03 -8.0002e-03 -7.6669e-03 -7.3335e-03 -7.0002e-03 -6.6669e-03 -6.3336e-03 -6.0003e-03 -5.6670e-03 -5.3337e-03 -5.0003e-03 -4.6670e-03 -4.3337e-03 -4.0004e-03 -3.6671e-03 -3.3338e-03 -3.0004e-03 -2.6671e-03 -2.3338e-03 -2.0005e-03 -1.6671e-03 -1.3338e-03 -1.0005e-03 -6.6716e-04 -3.3383e-04 -4.9653e-07 +3.3284e-04 +6.6617e-04 +9.9951e-04 +1.3328e-03 +1.6662e-03 +1.9995e-03 +2.3329e-03 +2.6662e-03 +2.9996e-03 +3.3329e-03 +3.6663e-03 +3.9996e-03 +4.3330e-03 +4.6663e-03 +4.9997e-03 +5.3330e-03 +5.6664e-03 +5.9997e-03 +6.3331e-03 +6.6664e-03 +6.9998e-03 +7.3331e-03 +7.6665e-03 +7.9998e-03 +8.3332e-03 +8.6665e-03 +8.9999e-03 +9.3333e-03 +9.6666e-03 +1.0000e-02 
+0000.00150 -1.0000e-02 -9.6667e-03 -9.3334e-03 -9.0001e-03 -8.6668e-03 -8.3335e-03 -8.0001e-03 -7.6668e-03 -7.3335e-03 -7.0002e-03 -6.6669e-03 -6.3336e-03 -6.0003e-03 -5.6669e-03 -5.3336e-03 -5.0003e-03 -4.6670e-03 -4.3337e-03 -4.0004e-03 -3.6670e-03 -3.3337e-03 -3.0004e-03 -2.6671e-03 -2.3337e-03 -2.0004e-03 -1.6671e-03 -1.3338e-03 -1.0004e-03 -6.6711e-04 -3.3378e-04 -4.4861e-07 +3.3289e-04 +6.6622e-04 +9.9956e-04 +1.3329e-03 +1.6662e-03 +1.9996e-03 +2.3329e-03 +2.6663e-03 +2.9996e-03 +3.3330e-03 +3.6663e-03 +3.9996e-03 +4.3330e-03 +4.6663e-03 +4.9997e-03 +5.3330e-03 +5.6664e-03 +5.9997e-03 +6.3331e-03 +6.6665e-03 +6.9998e-03 +7.3332e-03 +7.6665e-03 +7.9999e-03 +8.3332e-03 +8.6666e-03 +8.9999e-03 +9.3333e-03 +9.6666e-03 +1.0000e-02 
+0000.00100 -1.0000e-02 -9.6667e-03 -9.3334e-03 -9.0000e-03 -8.6667e-03 -8.3334e-03 -8.0001e-03 -7.6668e-03 -7.3335e-03 -7.0002e-03 -6.6669e-03 -6.3335e-03 -6.0002e-03 -5.6669e-03 -5.3336e-03 -5.0003e-03 -4.6670e-03 -4.3337e-03 -4.0003e-03 -3.6670e-03 -3.3337e-03 -3.0004e-03 -2.6671e-03 -2.3338e-03 -2.0004e-03 -1.6671e-03 -1.3338e-03 -1.0005e-03 -6.6712e-04 -3.3379e-04 -4.5951e-07 +3.3287e-04 +6.6621e-04 +9.9955e-04 +1.3329e-03 +1.6662e-03 +1.9996e-03 +2.3329e-03 +2.6663e-03 +2.9996e-03 +3.3329e-03 +3.6663e-03 +3.9996e-03 +4.3330e-03 +4.6663e-03 +4.9997e-03 +5.3331e-03 +5.6664e-03 +5.9998e-03 +6.3331e-03 +6.6665e-03 +6.9998e-03 +7.3332e-03 +7.6665e-03 +7.9999e-03 +8.3332e-03 +8.6666e-03 +8.9999e-03 +9.3333e-03 +9.6666e-03 +1.0000e-02 
+0000.00050 -1.0000e-02 -9.6667e-03 -9.3334e-03 -9.0000e-03 -8.6667e-03 -8.3334e-03 -8.0001e-03 -7.6668e-03 -7.3335e-03 -7.0002e-03 -6.6669e-03 -6.3335e-03 -6.0002e-03 -5.6669e-03 -5.3336e-03 -5.0003e-03 -4.6670e-03 -4.3337e-03 -4.0003e-03 -3.6670e-03 -3.3337e-03 -3.0004e-03 -2.6671e-03 -2.3338e-03 -2.0004e-03 -1.6671e-03 -1.3338e-03 -1.0005e-03 -6.6712e-04 -3.3379e-04 -4.5953e-07 +3.3287e-04 +6.6621e-04 +9.9955e-04 +1.3329e-03 +1.6662e-03 +1.9996e-03 +2.3329e-03 +2.6663e-03 +2.9996e-03 +3.3329e-03 +3.6663e-03 +3.9996e-03 +4.3330e-03 +4.6663e-03 +4.9997e-03 +5.3331e-03 +5.6664e-03 +5.9998e-03 +6.3331e-03 +6.6665e-03 +6.9998e-03 +7.3332e-03 +7.6665e-03 +7.9999e-03 +8.3332e-03 +8.6666e-03 +8.9999e-03 +9.3333e-03 +9.6666e-03 +1.0000e-02 
+0000.00000 -1.0000e-02 -9.6667e-03 -9.3334e-03 -9.0000e-03 -8.6667e-03 -8.3334e-03 -8.0001e-03 -7.6668e-03 -7.3335e-03 -7.0002e-03 -6.6669e-03 -6.3335e-03 -6.0002e-03 -5.6669e-03 -5.3336e-03 -5.0003e-03 -4.6670e-03 -4.3337e-03 -4.0003e-03 -3.6670e-03 -3.3337e-03 -3.0004e-03 -2.6671e-03 -2.3338e-03 -2.0004e-03 -1.6671e-03 -1.3338e-03 -1.0005e-03 -6.6712e-04 -3.3379e-04 -4.5953e-07 +3.3287e-04 +6.6621e-04 +9.9955e-04 +1.3329e-03 +1.6662e-03 +1.9996e-03 +2.3329e-03 +2.6663e-03 +2.9996e-03 +3.3329e-03 +3.6663e-03 +3.9996e-03 +4.3330e-03 +4.6663e-03 +4.9997e-03 +5.3331e-03 +5.6664e-03 +5.9998e-03 +6.3331e-03 +6.6665e-03 +6.9998e-03 +7.3332e-03 +7.6665e-03 +7.9999e-03 +8.3332e-03 +8.6666e-03 +8.9999e-03 +9.3333e-03 +9.6666e-03 +1.0000e-02 
-0000.00050 -1.0000e-02 -9.6667e-03 -9.3334e-03 -9.0000e-03 -8.6667e-03 -8.3334e-03 -8.0001e-03 -7.6668e-03 -7.3335e-03 -7.0002e-03 -6.6669e-03 -6.3335e-03 -6.0002e-03 -5.6669e-03 -5.3336e-03 -5.0003e-03 -4.6670e-03 -4.3337e-03 -4.0003e-03 -3.6670e-03 -3.3337e-03 -3.0004e-03 -2.6671e-03 -2.3338e-03 -2.0004e-03 -1.6671e-03 -1.3338e-03 -1.0005e-03 -6.6712e-04 -3.3379e-04 -4.5953e-07 +3.3287e-04 +6.6621e-04 +9.9955e-04 +1.3329e-03 +1.6662e-03 +1.9996e-03 +2.3329e-03 +2.6663e-03 +2.9996e-03 +3.3329e-03 +3.6663e-03 +3.9996e-03 +4.3330e-03 +4.6663e-03 +4.9997e-03 +5.3331e-03 +5.6664e-03 +5.9998e-03 +6.3331e-03 +6.6665e-03 +6.9998e-03 +7.3332e-03 +7.6665e-03 +7.9999e-03 +8.3332e-03 +8.6666e-03 +8.9999e-03 +9.3333e-03 +9.6666e-03 +1.0000e-02 
-0000.00100 -1.0000e-02 -9.6667e-03 -9.3334e-03 -9.0000e-03 -8.6667e-03 -8.3334e-03 -8.0001e-03 -7.6668e-03 -7.3335e-03 -7.0002e-03 -6.6669e-03 -6.3335e-03 -6.0002e-03 -5.6669e-03 -5.3336e-03 -5.0003e-03 -4.6670e-03 -4.3337e-03 -4.0003e-03 -3.6670e-03 -3.3337e-03 -3.0004e-03 -2.6671e-03 -2.3338e-03 -2.0004e-03 -1.6671e-03 -1.3338e-03 -1.0005e-03 -6.6712e-04 -3.3379e-04 -4.5951e-07 +3.3287e-04 +6.6621e-04 +9.9955e-04 +1.3329e-03 +1.6662e-03 +1.9996e-03 +2.3329e-03 +2.6663e-03 +2.9996e-03 +3.3329e-03 +3.6663e-03 +3.9996e-03 +4.3330e-03 +4.6663e-03 +4.9997e-03 +5.3331e-03 +5.6664e-03 +5.9998e-03 +6.3331e-03 +6.6665e-03 +6.9998e-03 +7.3332e-03 +7.6665e-03 +7.9999e-03 +8.3332e-03 +8.6666e-03 +8.9999e-03 +9.3333e-03 +9.6666e-03 +1.0000e-02 
-0000.00150 -1.0000e-02 -9.6667e-03 -9.3334e-03 -9.0001e-03 -8.6668e-03 -8.3335e-03 -8.0001e-03 -7.6668e-03 -7.3335e-03 -7.0002e-03 -6.6669e-03 -6.3336e-03 -6.0003e-03 -5.6669e-03 -5.3336e-03 -5.0003e-03 -4.6670e-03 -4.3337e-03 -4.0004e-03 -3.6670e-03 -3.3337e-03 -3.0004e-03 -2.6671e-03 -2.3337e-03 -2.0004e-03 -1.6671e-03 -1.3338e-03 -1.0004e-03 -6.6711e-04 -3.3378e-04 -4.4861e-07 +3.3289e-04 +6.6622e-04 +9.9956e-04 +1.3329e-03 +1.6662e-03 +1.9996e-03 +2.3329e-03 +2.6663e-03 +2.9996e-03 +3.3330e-03 +3.6663e-03 +3.9996e-03 +4.3330e-03 +4.6663e-03 +4.9997e-03 +5.3330e-03 +5.6664e-03 +5.9997e-03 +6.3331e-03 +6.6665e-03 +6.9998e-03 +7.3332e-03 +7.6665e-03 +7.9999e-03 +8.3332e-03 +8.6666e-03 +8.9999e-03 +9.3333e-03 +9.6666e-03 +1.0000e-02 
-0000.00200 -1.0000e-02 -9.6667e-03 -9.3334e-03 -9.0001e-03 -8.6668e-03 -8.3335e-03 -8.0002e-03 -7.6669e-03 -7.3335e-03 -7.0002e-03 -6.6669e-03 -6.3336e-03 -6.0003e-03 -5.6670e-03 -5.3337e-03 -5.0003e-03 -4.6670e-03 -4.3337e-03 -4.0004e-03 -3.6671e-03 -3.3338e-03 -3.0004e-03 -2.6671e-03 -2.3338e-03 -2.0005e-03 -1.6671e-03 -1.3338e-03 -1.0005e-03 -6.6716e-04 -3.3383e-04 -4.9653e-07 +3.3284e-04 +6.6617e-04 +9.9951e-04 +1.3328e-03 +1.6662e-03 +1.9995e-03 +2.3329e-03 +2.6662e-03 +2.9996e-03 +3.3329e-03 +3.6663e-03 +3.9996e-03 +4.3330e-03 +4.6663e-03 +4.9997e-03 +5.3330e-03 +5.6664e-03 +5.9997e-03 +6.3331e-03 +6.6664e-03 +6.9998e-03 +7.3331e-03 +7.6665e-03 +7.9998e-03 +8.3332e-03 +8.6665e-03 +8.9999e-03 +9.3333e-03 +9.6666e-03 +1.0000e-02 
# Vertical Final Position [m]
START
            -0000.01000 -0000.00967 -0000.00933 -0000.00900 -0000.00867 -0000.00833 -0000.00800 -0000.00767 -0000.00733 -0000.00700 -0000.00667 -0000.00633 -0000.00600 -0000.00567 -0000.00533 -0000.00500 -0000.00467 -0000.00433 -0000.00400 -0000.00367 -0000.00333 -0000.00300 -0000.00267 -0000.00233 -0000.00200 -0000.00167 -0000.00133 -0000.00100 -0000.00067 -0000.00033 +0000.00000 +0000.00033 +0000.00067 +0000.00100 +0000.00133 +0000.00167 +0000.00200 +0000.00233 +0000.00267 +0000.00300 +0000.00333 +0000.00367 +0000.00400 +0000.00433 +0000.00467 +0000.00500 +0000.00533 +0000.00567 +0000.00600 +0000.00633 +0000.00667 +0000.00700 +0000.00733 +0000.00767 +0000.00800 +0000.00833 +0000.00867 +0000.00900 +0000.00933 +0000.00967 +0000.01000 
+0000.00200 +2.0000e-03 +2.0000e-03 +2.0000e-03 +2.0000e-03 +2.0000e-03 +2.0000e-03 +2.0000e-03 +2.0000e-03 +1.9999e-03 +1.9999e-03 +1.9999e-03 +1.9999e-03 +1.9999e-03 +1.9999e-03 +1.9999e-03 +1.9999e-03 +1.9999e-03 +1.9999e-03 +1.9999e-03 +1.9999e-03 +1.9999e-03 +1.9999e-03 +1.9999e-03 +1.9998e-03 +1.9998e-03 +1.9998e-03 +1.9998e-03 +1.9998e-03 +1.9998e-03 +1.9998e-03 +1.9998e-03 +1.9998e-03 +1.9998e-03 +1.9998e-03 +1.9998e-03 +1.9998e-03 +1.9998e-03 +1.9998e-03 +1.9998e-03 +1.9998e-03 +1.9998e-03 +1.9997e-03 +1.9997e-03 +1.9997e-03 +1.9997e-03 +1.9997e-03 +1.9997e-03 +1.9997e-03 +1.9997e-03 +1.9997e-03 +1.9997e-03 +1.9997e-03 +1.9997e-03 +1.9996e-03 +1.9996e-03 +1.9996e-03 +1.9996e-03 +1.9996e-03 +1.9996e-03 +1.9996e-03 +1.9996e-03 
+0000.00150 +1.5000e-03 +1.5000e-03 +1.5000e-03 +1.5000e-03 +1.5000e-03 +1.5000e-03 +1.5000e-03 +1.5000e-03 +1.5000e-03 +1.5000e-03 +1.5000e-03 +1.5000e-03 +1.5000e-03 +1.5000e-03 +1.4999e-03 +1.4999e-03 +1.4999e-03 +1.4999e-03 +1.4999e-03 +1.4999e-03 +1.4999e-03 +1.4999e-03 +1.4999e-03 +1.4999e-03 +1.4999e-03 +1.4999e-03 +1.4999e-03 +1.4999e-03 +1.4999e-03 +1.4999e-03 +1.4999e-03 +1.4999e-03 +1.4999e-03 +1.4999e-03 +1.4999e-03 +1.4998e-03 +1.4998e-03 +1.4998e-03 +1.4998e-03 +1.4998e-03 +1.4998e-03 +1.4998e-03 +1.4998e-03 +1.4998e-03 +1.4998e-03 +1.4998e-03 +1.4998e-03 +1.4998e-03 +1.4998e-03 +1.4998e-03 +1.4998e-03 +1.4998e-03 +1.4998e-03 +1.4998e-03 +1.4998e-03 +1.4998e-03 +1.4997e-03 +1.4997e-03 +1.4997e-03 +1.4997e-03 +1.4997e-03 
+0000.00100 +1.0000e-03 +1.0000e-03 +1.0000e-03 +1.0000e-03 +1.0000e-03 +1.0000e-03 +1.0000e-03 +9.9999e-04 +9.9999e-04 +9.9998e-04 +9.9998e-04 +9.9998e-04 +9.9997e-04 +9.9997e-04 +9.9997e-04 +9.9996e-04 +9.9996e-04 +9.9996e-04 +9.9995e-04 +9.9995e-04 +9.9995e-04 +9.9995e-04 +9.9994e-04 +9.9994e-04 +9.9994e-04 +9.9994e-04 +9.9994e-04 +9.9993e-04 +9.9993e-04 +9.9993e-04 +9.9993e-04 +9.9992e-04 +9.9992e-04 +9.9992e-04 +9.9992e-04 +9.9991e-04 +9.9991e-04 +9.9991e-04 +9.9990e-04 +9.9990e-04 +9.9990e-04 +9.9989e-04 +9.9989e-04 +9.9989e-04 +9.9988e-04 +9.9988e-04 +9.9987e-04 +9.9987e-04 +9.9986e-04 +9.9986e-04 +9.9986e-04 +9.9985e-04 +9.9985e-04 +9.9984e-04 +9.9984e-04 +9.9983e-04 +9.9983e-04 +9.9982e-04 +9.9982e-04 +9.9981e-04 +9.9981e-04 
+0000.00050 +5.0002e-04 +5.0002e-04 +5.0001e-04 +5.0001e-04 +5.0001e-04 +5.0001e-04 +5.0000e-04 +5.0000e-04 +5.0000e-04 +5.0000e-04 +5.0000e-04 +4.9999e-04 +4.9999e-04 +4.9999e-04 +4.9999e-04 +4.9999e-04 +4.9998e-04 +4.9998e-04 +4.9998e-04 +4.9998e-04 +4.9998e-04 +4.9998e-04 +4.9998e-04 +4.9997e-04 +4.9997e-04 +4.9997e-04 +4.9997e-04 +4.9997e-04 +4.9997e-04 +4.9997e-04 +4.9996e-04 +4.9996e-04 +4.9996e-04 +4.9996e-04 +4.9996e-04 +4.9996e-04 +4.9996e-04 +4.9995e-04 +4.9995e-04 +4.9995e-04 +4.9995e-04 +4.9995e-04 +4.9995e-04 +4.9994e-04 +4.9994e-04 +4.9994e-04 +4.9994e-04 +4.9994e-04 +4.9994e-04 +4.9993e-04 +4.9993e-04 +4.9993e-04 +4.9993e-04 +4.9992e-04 +4.9992e-04 +4.9992e-04 +4.9992e-04 +4.9992e-04 +4.9991e-04 +4.9991e-04 +4.9991e-04 
+0000.00000 +2.6013e-11 +1.4569e-11 +4.3235e-12 -4.8084e-12 -1.2907e-11 -2.0050e-11 -2.6313e-11 -3.1767e-11 -3.6482e-11 -4.0523e-11 -4.3953e-11 -4.6834e-11 -4.9221e-11 -5.1170e-11 -5.2731e-11 -5.3954e-11 -5.4884e-11 -5.5563e-11 -5.6031e-11 -5.6325e-11 -5.6479e-11 -5.6523e-11 -5.6485e-11 -5.6391e-11 -5.6263e-11 -5.6119e-11 -5.5976e-11 -5.5847e-11 -5.5743e-11 -5.5671e-11 -5.5634e-11 -5.5636e-11 -5.5675e-11 -5.5745e-11 -5.5841e-11 -5.5951e-11 -5.6063e-11 -5.6160e-11 -5.6224e-11 -5.6233e-11 -5.6161e-11 -5.5982e-11 -5.5664e-11 -5.5173e-11 -5.4474e-11 -5.3526e-11 -5.2287e-11 -5.0712e-11 -4.8752e-11 -4.6356e-11 -4.3471e-11 -4.0038e-11 -3.5998e-11 -3.1287e-11 -2.5841e-11 -1.9590e-11 -1.2461e-11 -4.3818e-12 +4.7269e-12 +1.4945e-11 +2.6357e-11 
-0000.00050 -5.0002e-04 -5.0002e-04 -5.0001e-04 -5.0001e-04 -5.0001e-04 -5.0001e-04 -5.0000e-04 -5.0000e-04 -5.0000e-04 -5.0000e-04 -5.0000e-04 -4.9999e-04 -4.9999e-04 -4.9999e-04 -4.9999e-04 -4.9999e-04 -4.9998e-04 -4.9998e-04 -4.9998e-04 -4.9998e-04 -4.9998e-04 -4.9998e-04 -4.9998e-04 -4.9997e-04 -4.9997e-04 -4.9997e-04 -4.9997e-04 -4.9997e-04 -4.9997e-04 -4.9997e-04 -4.9996e-04 -4.9996e-04 -4.9996e-04 -4.9996e-04 -4.9996e-04 -4.9996e-04 -4.9996e-04 -4.9995e-04 -4.9995e-04 -4.9995e-04 -4.9995e-04 -4.9995e-04 -4.9995e-04 -4.9994e-04 -4.9994e-04 -4.9994e-04 -4.9994e-04 -4.9994e-04 -4.9994e-04 -4.9993e-04 -4.9993e-04 -4.9993e-04 -4.9993e-04 -4.9992e-04 -4.9992e-04 -4.9992e-04 -4.9992e-04 -4.9992e-04 -4.9991e-04 -4.9991e-04 -4.9991e-04 
-0000.00100 -1.0000e-03 -1.0000e-03 -1.0000e-03 -1.0000e-03 -1.0000e-03 -1.0000e-03 -1.0000e-03 -9.9999e-04 -9.9999e-04 -9.9998e-04 -9.9998e-04 -9.9998e-04 -9.9997e-04 -9.9997e-04 -9.9997e-04 -9.9996e-04 -9.9996e-04 -9.9996e-04 -9.9995e-04 -9.9995e-04 -9.9995e-04 -9.9995e-04 -9.9994e-04 -9.9994e-04 -9.9994e-04 -9.9994e-04 -9.9994e-04 -9.9993e-04 -9.9993e-04 -9.9993e-04 -9.9993e-04 -9.9992e-04 -9.9992e-04 -9.9992e-04 -9.9992e-04 -9.9991e-04 -9.9991e-04 -9.9991e-04 -9.9990e-04 -9.9990e-04 -9.9990e-04 -9.9989e-04 -9.9989e-04 -9.9989e-04 -9.9988e-04 -9.9988e-04 -9.9987e-04 -9.9987e-04 -9.9986e-04 -9.9986e-04 -9.9986e-04 -9.9985e-04 -9.9985e-04 -9.9984e-04 -9.9984e-04 -9.9983e-04 -9.9983e-04 -9.9982e-04 -9.9982e-04 -9.9981e-04 -9.9981e-04 
-0000.00150 -1.5000e-03 -1.5000e-03 -1.5000e-03 -1.5000e-03 -1.5000e-03 -1.5000e-03 -1.5000e-03 -1.5000e-03 -1.5000e-03 -1.5000e-03 -1.5000e-03 -1.5000e-03 -1.5000e-03 -1.5000e-03 -1.4999e-03 -1.4999e-03 -1.4999e-03 -1.4999e-03 -1.4999e-03 -1.4999e-03 -1.4999e-03 -1.4999e-03 -1.4999e-03 -1.4999e-03 -1.4999e-03 -1.4999e-03 -1.4999e-03 -1.4999e-03 -1.4999e-03 -1.4999e-03 -1.4999e-03 -1.4999e-03 -1.4999e-03 -1.4999e-03 -1.4999e-03 -1.4998e-03 -1.4998e-03 -1.4998e-03 -1.4998e-03 -1.4998e-03 -1.4998e-03 -1.4998e-03 -1.4998e-03 -1.4998e-03 -1.4998e-03 -1.4998e-03 -1.4998e-03 -1.4998e-03 -1.4998e-03 -1.4998e-03 -1.4998e-03 -1.4998e-03 -1.4998e-03 -1.4998e-03 -1.4998e-03 -1.4998e-03 -1.4997e-03 -1.4997e-03 -1.4997e-03 -1.4997e-03 -1.4997e-03 
-0000.00200 -2.0000e-03 -2.0000e-03 -2.0000e-03 -2.0000e-03 -2.0000e-03 -2.0000e-03 -2.0000e-03 -2.0000e-03 -1.9999e-03 -1.9999e-03 -1.9999e-03 -1.9999e-03 -1.9999e-03 -1.9999e-03 -1.9999e-03 -1.9999e-03 -1.9999e-03 -1.9999e-03 -1.9999e-03 -1.9999e-03 -1.9999e-03 -1.9999e-03 -1.9999e-03 -1.9998e-03 -1.9998e-03 -1.9998e-03 -1.9998e-03 -1.9998e-03 -1.9998e-03 -1.9998e-03 -1.9998e-03 -1.9998e-03 -1.9998e-03 -1.9998e-03 -1.9998e-03 -1.9998e-03 -1.9998e-03 -1.9998e-03 -1.9998e-03 -1.9998e-03 -1.9998e-03 -1.9997e-03 -1.9997e-03 -1.9997e-03 -1.9997e-03 -1.9997e-03 -1.9997e-03 -1.9997e-03 -1.9997e-03 -1.9997e-03 -1.9997e-03 -1.9997e-03 -1.9997e-03 -1.9996e-03 -1.9996e-03 -1.9996e-03 -1.9996e-03 -1.9996e-03 -1.9996e-03 -1.9996e-03 -1.9996e-03 