# Author: FAC idanalysis.IDKickMap
# Termination_kicks [T2m2]: +0.0000e+00 +0.0000e+00 +0.0000e+00 +0.0000e+00 
# Total Length of Longitudinal Interval [m]
0.13
# Number of Horizontal Points
61
# Number of Vertical Points
9
# Total Horizontal 2nd Order Kick [T2m2]
START
            -0000.01000 -0000.00967 -0000.00933 -0000.00900 -0000.00867 -0000.00833 -0000.00800 -0000.00767 -0000.00733 -0000.00700 -0000.00667 -0000.00633 -0000.00600 -0000.00567 -0000.00533 -0000.00500 -0000.00467 -0000.00433 -0000.00400 -0000.00367 -0000.00333 -0000.00300 -0000.00267 -0000.00233 -0000.00200 -0000.00167 -0000.00133 -0000.00100 -0000.00067 -0000.00033 +0000.00000 +0000.00033 +0000.00067 +0000.00100 +0000.00133 +0000.00167 +0000.00200 +0000.00233 +0000.00267 +0000.00300 +0000.00333 +0000.00367 +0000.00400 +0000.00433 +0000.00467 +0000.00500 +0000.00533 +0000.00567 +0000.00600 +0000.00633 +0000.00667 +0000.00700 +0000.00733 +0000.00767 +0000.00800 +0000.00833 +0000.00867 +0000.00900 +0000.00933 +0000.00967 +0000.01000 
+0000.00200 -1.7437e-04 -1.7373e-04 -1.7299e-04 -1.7216e-04 -1.7124e-04 -1.7026e-04 -1.6921e-04 -1.6812e-04 -1.6698e-04 -1.6582e-04 -1.6464e-04 -1.6345e-04 -1.6226e-04 -1.6108e-04 -1.5992e-04 -1.5877e-04 -1.5766e-04 -1.5659e-04 -1.5555e-04 -1.5457e-04 -1.5365e-04 -1.5278e-04 -1.5198e-04 -1.5125e-04 -1.5059e-04 -1.5001e-04 -1.4951e-04 -1.4909e-04 -1.4875e-04 -1.4850e-04 -1.4834e-04 -1.4827e-04 -1.4829e-04 -1.4840e-04 -1.4860e-04 -1.4889e-04 -1.4926e-04 -1.4973e-04 -1.5028e-04 -1.5091e-04 -1.5162e-04 -1.5241e-04 -1.5328e-04 -1.5421e-04 -1.5521e-04 -1.5627e-04 -1.5739e-04 -1.5856e-04 -1.5977e-04 -1.6103e-04 -1.6231e-04 -1.6362e-04 -1.6495e-04 -1.6629e-04 -1.6762e-04 -1.6895e-04 -1.7027e-04 -1.7156e-04 -1.7281e-04 -1.7402e-04 -1.7517e-04 
+0000.00150 -2.1070e-05 -2.0280e-05 -1.9440e-05 -1.8550e-05 -1.7630e-05 -1.6680e-05 -1.5710e-05 -1.4720e-05 -1.3730e-05 -1.2730e-05 -1.1740e-05 -1.0750e-05 -9.7800e-06 -8.8300e-06 -7.9000e-06 -7.0000e-06 -6.1400e-06 -5.3100e-06 -4.5200e-06 -3.7800e-06 -3.0900e-06 -2.4400e-06 -1.8600e-06 -1.3300e-06 -8.5000e-07 -4.4000e-07 -1.0000e-07 +1.9000e-07 +4.0000e-07 +5.5000e-07 +6.4000e-07 +6.5000e-07 +5.9000e-07 +4.7000e-07 +2.8000e-07 +2.0000e-08 -3.1000e-07 -7.1000e-07 -1.1700e-06 -1.6900e-06 -2.2800e-06 -2.9200e-06 -3.6300e-06 -4.3900e-06 -5.2000e-06 -6.0600e-06 -6.9700e-06 -7.9200e-06 -8.9100e-06 -9.9400e-06 -1.0990e-05 -1.2080e-05 -1.3180e-05 -1.4300e-05 -1.5440e-05 -1.6570e-05 -1.7710e-05 -1.8850e-05 -1.9970e-05 -2.1070e-05 -2.2140e-05 
+0000.00100 -2.0800e-05 -1.9880e-05 -1.8940e-05 -1.7970e-05 -1.6980e-05 -1.5980e-05 -1.4980e-05 -1.3980e-05 -1.2980e-05 -1.1980e-05 -1.1010e-05 -1.0050e-05 -9.1100e-06 -8.2000e-06 -7.3200e-06 -6.4700e-06 -5.6600e-06 -4.8900e-06 -4.1600e-06 -3.4800e-06 -2.8500e-06 -2.2600e-06 -1.7300e-06 -1.2500e-06 -8.3000e-07 -4.7000e-07 -1.7000e-07 +8.0000e-08 +2.6000e-07 +3.8000e-07 +4.4000e-07 +4.3000e-07 +3.7000e-07 +2.4000e-07 +4.0000e-08 -2.1000e-07 -5.3000e-07 -9.0000e-07 -1.3400e-06 -1.8300e-06 -2.3800e-06 -2.9800e-06 -3.6400e-06 -4.3500e-06 -5.1000e-06 -5.9000e-06 -6.7500e-06 -7.6300e-06 -8.5500e-06 -9.5100e-06 -1.0490e-05 -1.1500e-05 -1.2540e-05 -1.3590e-05 -1.4660e-05 -1.5730e-05 -1.6810e-05 -1.7890e-05 -1.8970e-05 -2.0030e-05 -2.1080e-05 
+0000.00050 -2.0890e-05 -1.9920e-05 -1.8930e-05 -1.7920e-05 -1.6910e-05 -1.5900e-05 -1.4880e-05 -1.3870e-05 -1.2880e-05 -1.1890e-05 -1.0920e-05 -9.9800e-06 -9.0600e-06 -8.1700e-06 -7.3100e-06 -6.4800e-06 -5.7000e-06 -4.9500e-06 -4.2500e-06 -3.5900e-06 -2.9900e-06 -2.4300e-06 -1.9200e-06 -1.4700e-06 -1.0700e-06 -7.3000e-07 -4.4000e-07 -2.2000e-07 -5.0000e-08 +6.0000e-08 +1.1000e-07 +1.0000e-07 +3.0000e-08 -1.0000e-07 -3.0000e-07 -5.5000e-07 -8.6000e-07 -1.2200e-06 -1.6400e-06 -2.1200e-06 -2.6500e-06 -3.2400e-06 -3.8700e-06 -4.5600e-06 -5.2900e-06 -6.0600e-06 -6.8800e-06 -7.7300e-06 -8.6200e-06 -9.5500e-06 -1.0500e-05 -1.1480e-05 -1.2490e-05 -1.3510e-05 -1.4550e-05 -1.5600e-05 -1.6650e-05 -1.7710e-05 -1.8770e-05 -1.9820e-05 -2.0860e-05 
+0000.00000 -2.0910e-05 -1.9920e-05 -1.8920e-05 -1.7910e-05 -1.6890e-05 -1.5880e-05 -1.4860e-05 -1.3850e-05 -1.2850e-05 -1.1870e-05 -1.0900e-05 -9.9600e-06 -9.0500e-06 -8.1600e-06 -7.3100e-06 -6.5000e-06 -5.7200e-06 -4.9800e-06 -4.2900e-06 -3.6400e-06 -3.0400e-06 -2.4900e-06 -1.9900e-06 -1.5400e-06 -1.1500e-06 -8.1000e-07 -5.3000e-07 -3.1000e-07 -1.5000e-07 -4.0000e-08 +0.0000e+00 -1.0000e-08 -8.0000e-08 -2.2000e-07 -4.1000e-07 -6.5000e-07 -9.6000e-07 -1.3300e-06 -1.7400e-06 -2.2200e-06 -2.7400e-06 -3.3200e-06 -3.9500e-06 -4.6300e-06 -5.3500e-06 -6.1200e-06 -6.9200e-06 -7.7700e-06 -8.6500e-06 -9.5700e-06 -1.0510e-05 -1.1480e-05 -1.2480e-05 -1.3490e-05 -1.4520e-05 -1.5560e-05 -1.6610e-05 -1.7670e-05 -1.8720e-05 -1.9760e-05 -2.0800e-05 
-0000.00050 -2.0890e-05 -1.9920e-05 -1.8930e-05 -1.7930e-05 -1.6920e-05 -1.5900e-05 -1.4890e-05 -1.3880e-05 -1.2880e-05 -1.1890e-05 -1.0930e-05 -9.9800e-06 -9.0600e-06 -8.1700e-06 -7.3100e-06 -6.4800e-06 -5.7000e-06 -4.9500e-06 -4.2500e-06 -3.6000e-06 -2.9900e-06 -2.4300e-06 -1.9200e-06 -1.4700e-06 -1.0700e-06 -7.3000e-07 -4.4000e-07 -2.2000e-07 -5.0000e-08 +6.0000e-08 +1.1000e-07 +1.0000e-07 +2.0000e-08 -1.1000e-07 -3.0000e-07 -5.5000e-07 -8.6000e-07 -1.2200e-06 -1.6500e-06 -2.1300e-06 -2.6600e-06 -3.2400e-06 -3.8800e-06 -4.5600e-06 -5.2900e-06 -6.0700e-06 -6.8800e-06 -7.7400e-06 -8.6300e-06 -9.5500e-06 -1.0510e-05 -1.1490e-05 -1.2490e-05 -1.3510e-05 -1.4550e-05 -1.5600e-05 -1.6660e-05 -1.7710e-05 -1.8770e-05 -1.9820e-05 -2.0860e-05 
-0000.00100 -2.0810e-05 -1.9890e-05 -1.8940e-05 -1.7970e-05 -1.6980e-05 -1.5990e-05 -1.4980e-05 -1.3980e-05 -1.2980e-05 -1.1990e-05 -1.1010e-05 -1.0050e-05 -9.1100e-06 -8.2000e-06 -7.3200e-06 -6.4700e-06 -5.6600e-06 -4.8900e-06 -4.1600e-06 -3.4800e-06 -2.8400e-06 -2.2600e-06 -1.7300e-06 -1.2500e-06 -8.3000e-07 -4.7000e-07 -1.6000e-07 +8.0000e-08 +2.6000e-07 +3.8000e-07 +4.4000e-07 +4.4000e-07 +3.7000e-07 +2.4000e-07 +5.0000e-08 -2.1000e-07 -5.2000e-07 -9.0000e-07 -1.3300e-06 -1.8300e-06 -2.3800e-06 -2.9800e-06 -3.6400e-06 -4.3500e-06 -5.1000e-06 -5.9000e-06 -6.7500e-06 -7.6300e-06 -8.5500e-06 -9.5100e-06 -1.0490e-05 -1.1510e-05 -1.2540e-05 -1.3590e-05 -1.4660e-05 -1.5730e-05 -1.6810e-05 -1.7890e-05 -1.8970e-05 -2.0030e-05 -2.1080e-05 
-0000.00150 -2.1070e-05 -2.0280e-05 -1.9440e-05 -1.8560e-05 -1.7640e-05 -1.6690e-05 -1.5720e-05 -1.4730e-05 -1.3730e-05 -1.2740e-05 -1.1740e-05 -1.0760e-05 -9.7900e-06 -8.8300e-06 -7.9000e-06 -7.0100e-06 -6.1400e-06 -5.3100e-06 -4.5200e-06 -3.7800e-06 -3.0900e-06 -2.4500e-06 -1.8600e-06 -1.3300e-06 -8.5000e-07 -4.4000e-07 -9.0000e-08 +1.9000e-07 +4.1000e-07 +5.6000e-07 +6.4000e-07 +6.5000e-07 +6.0000e-07 +4.7000e-07 +2.8000e-07 +2.0000e-08 -3.1000e-07 -7.0000e-07 -1.1600e-06 -1.6900e-06 -2.2700e-06 -2.9200e-06 -3.6200e-06 -4.3800e-06 -5.1900e-06 -6.0600e-06 -6.9600e-06 -7.9200e-06 -8.9100e-06 -9.9300e-06 -1.0990e-05 -1.2070e-05 -1.3180e-05 -1.4300e-05 -1.5430e-05 -1.6570e-05 -1.7710e-05 -1.8840e-05 -1.9960e-05 -2.1060e-05 -2.2140e-05 
-0000.00200 -1.7438e-04 -1.7374e-04 -1.7301e-04 -1.7217e-04 -1.7126e-04 -1.7027e-04 -1.6922e-04 -1.6813e-04 -1.6699e-04 -1.6583e-04 -1.6465e-04 -1.6346e-04 -1.6227e-04 -1.6109e-04 -1.5992e-04 -1.5878e-04 -1.5767e-04 -1.5659e-04 -1.5556e-04 -1.5458e-04 -1.5365e-04 -1.5278e-04 -1.5198e-04 -1.5125e-04 -1.5059e-04 -1.5001e-04 -1.4950e-04 -1.4908e-04 -1.4875e-04 -1.4850e-04 -1.4834e-04 -1.4827e-04 -1.4829e-04 -1.4840e-04 -1.4860e-04 -1.4889e-04 -1.4926e-04 -1.4973e-04 -1.5028e-04 -1.5091e-04 -1.5162e-04 -1.5241e-04 -1.5328e-04 -1.5421e-04 -1.5521e-04 -1.5627e-04 -1.5739e-04 -1.5856e-04 -1.5977e-04 -1.6102e-04 -1.6231e-04 -1.6362e-04 -1.6494e-04 -1.6628e-04 -1.6762e-04 -1.6895e-04 -1.7026e-04 -1.7155e-04 -1.7280e-04 -1.7400e-04 -1.7515e-04 
# Total Vertical 2nd Order Kick [T2m2]
START
            -0000.01000 -0000.00967 -0000.00933 -0000.00900 -0000.00867 -0000.00833 -0000.00800 -0000.00767 -0000.00733 -0000.00700 -0000.00667 -0000.00633 -0000.00600 -0000.00567 -0000.00533 -0000.00500 -0000.00467 -0000.00433 -0000.00400 -0000.00367 -0000.00333 -0000.00300 -0000.00267 -0000.00233 -0000.00200 -0000.00167 -0000.00133 -0000.00100 -0000.00067 -0000.00033 +0000.00000 +0000.00033 +0000.00067 +0000.00100 +0000.00133 +0000.00167 +0000.00200 +0000.00233 +0000.00267 +0000.00300 +0000.00333 +0000.00367 +0000.00400 +0000.00433 +0000.00467 +0000.00500 +0000.00533 +0000.00567 +0000.00600 +0000.00633 +0000.00667 +0000.00700 +0000.00733 +0000.00767 +0000.00800 +0000.00833 +0000.00867 +0000.00900 +0000.00933 +0000.00967 +0000.01000 
+0000.00200 -2.3011e-04 -2.3006e-04 -2.3005e-04 -2.3007e-04 -2.3011e-04 -2.3016e-04 -2.3023e-04 -2.3029e-04 -2.3036e-04 -2.3042e-04 -2.3046e-04 -2.3049e-04 -2.3050e-04 -2.3049e-04 -2.3045e-04 -2.3037e-04 -2.3027e-04 -2.3013e-04 -2.2995e-04 -2.2973e-04 -2.2948e-04 -2.2918e-04 -2.2885e-04 -2.2847e-04 -2.2806e-04 -2.2760e-04 -2.2711e-04 -2.2659e-04 -2.2603e-04 -2.2543e-04 -2.2481e-04 -2.2416e-04 -2.2349e-04 -2.2280e-04 -2.2210e-04 -2.2139e-04 -2.2067e-04 -2.1995e-04 -2.1924e-04 -2.1854e-04 -2.1786e-04 -2.1721e-04 -2.1658e-04 -2.1600e-04 -2.1547e-04 -2.1499e-04 -2.1457e-04 -2.1423e-04 -2.1398e-04 -2.1381e-04 -2.1375e-04 -2.1381e-04 -2.1399e-04 -2.1430e-04 -2.1476e-04 -2.1539e-04 -2.1618e-04 -2.1716e-04 -2.1834e-04 -2.1972e-04 -2.2134e-04 
+0000.00150 -1.4964e-04 -1.4970e-04 -1.4976e-04 -1.4982e-04 -1.4987e-04 -1.4991e-04 -1.4995e-04 -1.4997e-04 -1.4999e-04 -1.4999e-04 -1.4998e-04 -1.4995e-04 -1.4991e-04 -1.4985e-04 -1.4978e-04 -1.4969e-04 -1.4958e-04 -1.4945e-04 -1.4930e-04 -1.4913e-04 -1.4895e-04 -1.4875e-04 -1.4853e-04 -1.4829e-04 -1.4804e-04 -1.4777e-04 -1.4749e-04 -1.4719e-04 -1.4688e-04 -1.4656e-04 -1.4622e-04 -1.4588e-04 -1.4553e-04 -1.4518e-04 -1.4482e-04 -1.4446e-04 -1.4410e-04 -1.4374e-04 -1.4339e-04 -1.4304e-04 -1.4271e-04 -1.4238e-04 -1.4208e-04 -1.4179e-04 -1.4152e-04 -1.4128e-04 -1.4106e-04 -1.4088e-04 -1.4073e-04 -1.4062e-04 -1.4056e-04 -1.4054e-04 -1.4057e-04 -1.4066e-04 -1.4080e-04 -1.4101e-04 -1.4129e-04 -1.4164e-04 -1.4207e-04 -1.4258e-04 -1.4318e-04 
+0000.00100 -9.0862e-05 -9.0919e-05 -9.0968e-05 -9.1009e-05 -9.1042e-05 -9.1065e-05 -9.1079e-05 -9.1083e-05 -9.1077e-05 -9.1060e-05 -9.1033e-05 -9.0995e-05 -9.0946e-05 -9.0887e-05 -9.0816e-05 -9.0735e-05 -9.0643e-05 -9.0540e-05 -9.0427e-05 -9.0304e-05 -9.0171e-05 -9.0028e-05 -8.9876e-05 -8.9716e-05 -8.9547e-05 -8.9370e-05 -8.9187e-05 -8.8996e-05 -8.8800e-05 -8.8599e-05 -8.8394e-05 -8.8185e-05 -8.7974e-05 -8.7760e-05 -8.7546e-05 -8.7333e-05 -8.7120e-05 -8.6910e-05 -8.6704e-05 -8.6502e-05 -8.6307e-05 -8.6119e-05 -8.5939e-05 -8.5770e-05 -8.5612e-05 -8.5468e-05 -8.5338e-05 -8.5224e-05 -8.5128e-05 -8.5052e-05 -8.4997e-05 -8.4965e-05 -8.4958e-05 -8.4978e-05 -8.5026e-05 -8.5106e-05 -8.5218e-05 -8.5365e-05 -8.5549e-05 -8.5772e-05 -8.6036e-05 
+0000.00050 -4.2976e-05 -4.3005e-05 -4.3030e-05 -4.3049e-05 -4.3063e-05 -4.3072e-05 -4.3075e-05 -4.3073e-05 -4.3066e-05 -4.3053e-05 -4.3035e-05 -4.3011e-05 -4.2982e-05 -4.2948e-05 -4.2908e-05 -4.2864e-05 -4.2814e-05 -4.2759e-05 -4.2700e-05 -4.2635e-05 -4.2567e-05 -4.2494e-05 -4.2417e-05 -4.2336e-05 -4.2252e-05 -4.2165e-05 -4.2074e-05 -4.1981e-05 -4.1885e-05 -4.1788e-05 -4.1688e-05 -4.1588e-05 -4.1486e-05 -4.1384e-05 -4.1282e-05 -4.1181e-05 -4.1080e-05 -4.0981e-05 -4.0883e-05 -4.0788e-05 -4.0695e-05 -4.0606e-05 -4.0521e-05 -4.0441e-05 -4.0366e-05 -4.0296e-05 -4.0233e-05 -4.0178e-05 -4.0130e-05 -4.0090e-05 -4.0060e-05 -4.0040e-05 -4.0030e-05 -4.0032e-05 -4.0046e-05 -4.0073e-05 -4.0114e-05 -4.0170e-05 -4.0241e-05 -4.0329e-05 -4.0434e-05 
+0000.00000 -2.4662e-09 -1.5688e-09 -8.0590e-10 -1.6646e-10 +3.6022e-10 +7.8447e-10 +1.1162e-09 +1.3648e-09 +1.5395e-09 +1.6489e-09 +1.7014e-09 +1.7047e-09 +1.6665e-09 +1.5938e-09 +1.4932e-09 +1.3711e-09 +1.2334e-09 +1.0855e-09 +9.3248e-10 +7.7901e-10 +6.2945e-10 +4.8763e-10 +3.5701e-10 +2.4068e-10 +1.4130e-10 +6.1150e-11 +2.0800e-12 -3.4430e-11 -4.7330e-11 -3.5940e-11 +0.0000e+00 +6.0330e-11 +1.4453e-10 +2.5165e-10 +3.8034e-10 +5.2886e-10 +6.9505e-10 +8.7638e-10 +1.0699e-09 +1.2722e-09 +1.4796e-09 +1.6880e-09 +1.8926e-09 +2.0887e-09 +2.2709e-09 +2.4333e-09 +2.5698e-09 +2.6738e-09 +2.7385e-09 +2.7564e-09 +2.7197e-09 +2.6203e-09 +2.4496e-09 +2.1987e-09 +1.8581e-09 +1.4180e-09 +8.6838e-10 +1.9859e-10 -6.0237e-10 -1.5459e-09 -2.6437e-09 
-0000.00050 +4.2972e-05 +4.3003e-05 +4.3029e-05 +4.3049e-05 +4.3064e-05 +4.3074e-05 +4.3078e-05 +4.3076e-05 +4.3069e-05 +4.3057e-05 +4.3039e-05 +4.3015e-05 +4.2986e-05 +4.2951e-05 +4.2911e-05 +4.2866e-05 +4.2816e-05 +4.2761e-05 +4.2701e-05 +4.2637e-05 +4.2568e-05 +4.2495e-05 +4.2418e-05 +4.2337e-05 +4.2252e-05 +4.2165e-05 +4.2074e-05 +4.1981e-05 +4.1885e-05 +4.1788e-05 +4.1689e-05 +4.1588e-05 +4.1487e-05 +4.1385e-05 +4.1284e-05 +4.1182e-05 +4.1082e-05 +4.0983e-05 +4.0885e-05 +4.0791e-05 +4.0699e-05 +4.0610e-05 +4.0526e-05 +4.0446e-05 +4.0371e-05 +4.0302e-05 +4.0239e-05 +4.0184e-05 +4.0136e-05 +4.0096e-05 +4.0066e-05 +4.0045e-05 +4.0035e-05 +4.0037e-05 +4.0050e-05 +4.0076e-05 +4.0116e-05 +4.0170e-05 +4.0240e-05 +4.0325e-05 +4.0428e-05 
-0000.00100 +9.0860e-05 +9.0918e-05 +9.0969e-05 +9.1011e-05 +9.1044e-05 +9.1068e-05 +9.1082e-05 +9.1086e-05 +9.1080e-05 +9.1064e-05 +9.1037e-05 +9.0999e-05 +9.0950e-05 +9.0890e-05 +9.0819e-05 +9.0737e-05 +9.0645e-05 +9.0542e-05 +9.0428e-05 +9.0305e-05 +9.0171e-05 +9.0028e-05 +8.9876e-05 +8.9716e-05 +8.9547e-05 +8.9370e-05 +8.9187e-05 +8.8996e-05 +8.8801e-05 +8.8600e-05 +8.8394e-05 +8.8186e-05 +8.7975e-05 +8.7762e-05 +8.7548e-05 +8.7335e-05 +8.7123e-05 +8.6913e-05 +8.6707e-05 +8.6506e-05 +8.6311e-05 +8.6124e-05 +8.5945e-05 +8.5776e-05 +8.5619e-05 +8.5474e-05 +8.5345e-05 +8.5231e-05 +8.5135e-05 +8.5059e-05 +8.5004e-05 +8.4971e-05 +8.4964e-05 +8.4983e-05 +8.5030e-05 +8.5108e-05 +8.5219e-05 +8.5364e-05 +8.5546e-05 +8.5766e-05 +8.6028e-05 
-0000.00150 +1.4964e-04 +1.4970e-04 +1.4976e-04 +1.4982e-04 +1.4987e-04 +1.4991e-04 +1.4995e-04 +1.4998e-04 +1.4999e-04 +1.4999e-04 +1.4998e-04 +1.4995e-04 +1.4991e-04 +1.4985e-04 +1.4978e-04 +1.4968e-04 +1.4957e-04 +1.4944e-04 +1.4930e-04 +1.4913e-04 +1.4895e-04 +1.4875e-04 +1.4853e-04 +1.4829e-04 +1.4804e-04 +1.4777e-04 +1.4749e-04 +1.4719e-04 +1.4688e-04 +1.4656e-04 +1.4622e-04 +1.4588e-04 +1.4553e-04 +1.4518e-04 +1.4482e-04 +1.4446e-04 +1.4410e-04 +1.4375e-04 +1.4339e-04 +1.4305e-04 +1.4271e-04 +1.4239e-04 +1.4209e-04 +1.4180e-04 +1.4153e-04 +1.4129e-04 +1.4108e-04 +1.4089e-04 +1.4074e-04 +1.4064e-04 +1.4057e-04 +1.4055e-04 +1.4058e-04 +1.4066e-04 +1.4081e-04 +1.4101e-04 +1.4129e-04 +1.4163e-04 +1.4206e-04 +1.4257e-04 +1.4316e-04 
-0000.00200 +2.3013e-04 +2.3008e-04 +2.3007e-04 +2.3009e-04 +2.3013e-04 +2.3018e-04 +2.3024e-04 +2.3031e-04 +2.3037e-04 +2.3043e-04 +2.3047e-04 +2.3050e-04 +2.3051e-04 +2.3049e-04 +2.3045e-04 +2.3037e-04 +2.3027e-04 +2.3013e-04 +2.2995e-04 +2.2973e-04 +2.2948e-04 +2.2918e-04 +2.2885e-04 +2.2847e-04 +2.2806e-04 +2.2760e-04 +2.2711e-04 +2.2659e-04 +2.2603e-04 +2.2544e-04 +2.2482e-04 +2.2417e-04 +2.2350e-04 +2.2282e-04 +2.2212e-04 +2.2140e-04 +2.2069e-04 +2.1997e-04 +2.1926e-04 +2.1857e-04 +2.1789e-04 +2.1723e-04 +2.1661e-04 +2.1603e-04 +2.1550e-04 +2.1502e-04 +2.1460e-04 +2.1427e-04 +2.1401e-04 +2.1384e-04 +2.1378e-04 +2.1383e-04 +2.1401e-04 +2.1432e-04 +2.1478e-04 +2.1539e-04 +2.1618e-04 +2.1715e-04 +2.1832e-04 +2.1970e-04 +2.2130e-04 
# Horizontal Final Position [m]
START
            -0000.01000 -0000.00967 -0000.00933 -0000.00900 -0000.00867 -0000.00833 -0000.00800 -0000.00767 -0000.00733 -0000.00700 -0000.00667 -0000.00633 -0000.00600 -0000.00567 -0000.00533 -0000.00500 -0000.00467 -0000.00433 -0000.00400 -0000.00367 -0000.00333 -0000.00300 -0000.00267 -0000.00233 -0000.00200 -0000.00167 -0000.00133 -0000.00100 -0000.00067 -0000.00033 +0000.00000 +0000.00033 +0000.00067 +0000.00100 +0000.00133 +0000.00167 +0000.00200 +0000.00233 +0000.00267 +0000.00300 +0000.00333 +0000.00367 +0000.00400 +0000.00433 +0000.00467 +0000.00500 +0000.00533 +0000.00567 +0000.00600 +0000.00633 +0000.00667 +0000.00700 +0000.00733 +0000.00767 +0000.00800 +0000.00833 +0000.00867 +0000.00900 +0000.00933 +0000.00967 +0000.01000 
+0000.00200 -9.9993e-03 -9.6660e-03 -9.3327e-03 -8.9994e-03 -8.6661e-03 -8.3328e-03 -7.9995e-03 -7.6662e-03 -7.3329e-03 -6.9996e-03 -6.6662e-03 -6.3329e-03 -5.9996e-03 -5.6663e-03 -5.3330e-03 -4.9996e-03 -4.6663e-03 -4.3330e-03 -3.9997e-03 -3.6663e-03 -3.3330e-03 -2.9997e-03 -2.6664e-03 -2.3330e-03 -1.9997e-03 -1.6664e-03 -1.3330e-03 -9.9970e-04 -6.6637e-04 -3.3304e-04 +2.9375e-07 +3.3363e-04 +6.6696e-04 +1.0003e-03 +1.3336e-03 +1.6670e-03 +2.0003e-03 +2.3336e-03 +2.6670e-03 +3.0003e-03 +3.3336e-03 +3.6670e-03 +4.0003e-03 +4.3337e-03 +4.6670e-03 +5.0004e-03 +5.3337e-03 +5.6671e-03 +6.0004e-03 +6.3338e-03 +6.6671e-03 +7.0005e-03 +7.3338e-03 +7.6672e-03 +8.0006e-03 +8.3339e-03 +8.6673e-03 +9.0007e-03 +9.3341e-03 +9.6675e-03 +1.0001e-02 
+0000.00150 -9.9996e-03 -9.6663e-03 -9.3330e-03 -8.9997e-03 -8.6664e-03 -8.3331e-03 -7.9998e-03 -7.6665e-03 -7.3332e-03 -6.9999e-03 -6.6666e-03 -6.3332e-03 -5.9999e-03 -5.6666e-03 -5.3333e-03 -5.0000e-03 -4.6666e-03 -4.3333e-03 -4.0000e-03 -3.6667e-03 -3.3333e-03 -3.0000e-03 -2.6667e-03 -2.3333e-03 -2.0000e-03 -1.6667e-03 -1.3333e-03 -9.9999e-04 -6.6665e-04 -3.3332e-04 +2.1543e-08 +3.3336e-04 +6.6670e-04 +1.0000e-03 +1.3334e-03 +1.6667e-03 +2.0001e-03 +2.3334e-03 +2.6667e-03 +3.0001e-03 +3.3334e-03 +3.6668e-03 +4.0001e-03 +4.3334e-03 +4.6668e-03 +5.0001e-03 +5.3335e-03 +5.6668e-03 +6.0001e-03 +6.3335e-03 +6.6668e-03 +7.0001e-03 +7.3335e-03 +7.6668e-03 +8.0001e-03 +8.3335e-03 +8.6668e-03 +9.0001e-03 +9.3335e-03 +9.6668e-03 +1.0000e-02 
+0000.00100 -9.9996e-03 -9.6663e-03 -9.3330e-03 -8.9997e-03 -8.6664e-03 -8.3331e-03 -7.9998e-03 -7.6665e-03 -7.3332e-03 -6.9999e-03 -6.6666e-03 -6.3332e-03 -5.9999e-03 -5.6666e-03 -5.3333e-03 -5.0000e-03 -4.6666e-03 -4.3333e-03 -4.0000e-03 -3.6667e-03 -3.3333e-03 -3.0000e-03 -2.6667e-03 -2.3333e-03 -2.0000e-03 -1.6667e-03 -1.3333e-03 -9.9999e-04 -6.6665e-04 -3.3332e-04 +2.1114e-08 +3.3336e-04 +6.6670e-04 +1.0000e-03 +1.3334e-03 +1.6667e-03 +2.0001e-03 +2.3334e-03 +2.6667e-03 +3.0001e-03 +3.3334e-03 +3.6668e-03 +4.0001e-03 +4.3334e-03 +4.6668e-03 +5.0001e-03 +5.3335e-03 +5.6668e-03 +6.0001e-03 +6.3335e-03 +6.6668e-03 +7.0001e-03 +7.3335e-03 +7.6668e-03 +8.0001e-03 +8.3335e-03 +8.6668e-03 +9.0001e-03 +9.3335e-03 +9.6668e-03 +1.0000e-02 
+0000.00050 -9.9996e-03 -9.6663e-03 -9.3330e-03 -8.9997e-03 -8.6664e-03 -8.3331e-03 -7.9998e-03 -7.6665e-03 -7.3332e-03 -6.9999e-03 -6.6666e-03 -6.3332e-03 -5.9999e-03 -5.6666e-03 -5.3333e-03 -5.0000e-03 -4.6666e-03 -4.3333e-03 -4.0000e-03 -3.6667e-03 -3.3333e-03 -3.0000e-03 -2.6667e-03 -2.3333e-03 -2.0000e-03 -1.6667e-03 -1.3333e-03 -9.9999e-04 -6.6665e-04 -3.3332e-04 +2.0958e-08 +3.3336e-04 +6.6670e-04 +1.0000e-03 +1.3334e-03 +1.6667e-03 +2.0001e-03 +2.3334e-03 +2.6667e-03 +3.0001e-03 +3.3334e-03 +3.6668e-03 +4.0001e-03 +4.3334e-03 +4.6668e-03 +5.0001e-03 +5.3335e-03 +5.6668e-03 +6.0001e-03 +6.3335e-03 +6.6668e-03 +7.0001e-03 +7.3335e-03 +7.6668e-03 +8.0001e-03 +8.3335e-03 +8.6668e-03 +9.0001e-03 +9.3335e-03 +9.6668e-03 +1.0000e-02 
+0000.00000 -9.9996e-03 -9.6663e-03 -9.3330e-03 -8.9997e-03 -8.6664e-03 -8.3331e-03 -7.9998e-03 -7.6665e-03 -7.3332e-03 -6.9999e-03 -6.6666e-03 -6.3332e-03 -5.9999e-03 -5.6666e-03 -5.3333e-03 -5.0000e-03 -4.6666e-03 -4.3333e-03 -4.0000e-03 -3.6667e-03 -3.3333e-03 -3.0000e-03 -2.6667e-03 -2.3333e-03 -2.0000e-03 -1.6667e-03 -1.3333e-03 -9.9999e-04 -6.6665e-04 -3.3332e-04 +2.0917e-08 +3.3336e-04 +6.6670e-04 +1.0000e-03 +1.3334e-03 +1.6667e-03 +2.0001e-03 +2.3334e-03 +2.6667e-03 +3.0001e-03 +3.3334e-03 +3.6668e-03 +4.0001e-03 +4.3334e-03 +4.6668e-03 +5.0001e-03 +5.3335e-03 +5.6668e-03 +6.0001e-03 +6.3335e-03 +6.6668e-03 +7.0001e-03 +7.3335e-03 +7.6668e-03 +8.0001e-03 +8.3335e-03 +8.6668e-03 +9.0001e-03 +9.3335e-03 +9.6668e-03 +1.0000e-02 
-0000.00050 -9.9996e-03 -9.6663e-03 -9.3330e-03 -8.9997e-03 -8.6664e-03 -8.3331e-03 -7.9998e-03 -7.6665e-03 -7.3332e-03 -6.9999e-03 -6.6666e-03 -6.3332e-03 -5.9999e-03 -5.6666e-03 -5.3333e-03 -5.0000e-03 -4.6666e-03 -4.3333e-03 -4.0000e-03 -3.6667e-03 -3.3333e-03 -3.0000e-03 -2.6667e-03 -2.3333e-03 -2.0000e-03 -1.6667e-03 -1.3333e-03 -9.9999e-04 -6.6665e-04 -3.3332e-04 +2.0958e-08 +3.3336e-04 +6.6670e-04 +1.0000e-03 +1.3334e-03 +1.6667e-03 +2.0001e-03 +2.3334e-03 +2.6667e-03 +3.0001e-03 +3.3334e-03 +3.6668e-03 +4.0001e-03 +4.3334e-03 +4.6668e-03 +5.0001e-03 +5.3335e-03 +5.6668e-03 +6.0001e-03 +6.3335e-03 +6.6668e-03 +7.0001e-03 +7.3335e-03 +7.6668e-03 +8.0001e-03 +8.3335e-03 +8.6668e-03 +9.0001e-03 +9.3335e-03 +9.6668e-03 +1.0000e-02 
-0000.00100 -9.9996e-03 -9.6663e-03 -9.3330e-03 -8.9997e-03 -8.6664e-03 -8.3331e-03 -7.9998e-03 -7.6665e-03 -7.3332e-03 -6.9999e-03 -6.6666e-03 -6.3332e-03 -5.9999e-03 -5.6666e-03 -5.3333e-03 -5.0000e-03 -4.6666e-03 -4.3333e-03 -4.0000e-03 -3.6667e-03 -3.3333e-03 -3.0000e-03 -2.6667e-03 -2.3333e-03 -2.0000e-03 -1.6667e-03 -1.3333e-03 -9.9999e-04 -6.6665e-04 -3.3332e-04 +2.1114e-08 +3.3336e-04 +6.6670e-04 +1.0000e-03 +1.3334e-03 +1.6667e-03 +2.0001e-03 +2.3334e-03 +2.6667e-03 +3.0001e-03 +3.3334e-03 +3.6668e-03 +4.0001e-03 +4.3334e-03 +4.6668e-03 +5.0001e-03 +5.3335e-03 +5.6668e-03 +6.0001e-03 +6.3335e-03 +6.6668e-03 +7.0001e-03 +7.3335e-03 +7.6668e-03 +8.0001e-03 +8.3335e-03 +8.6668e-03 +9.0001e-03 +9.3335e-03 +9.6668e-03 +1.0000e-02 
-0000.00150 -9.9996e-03 -9.6663e-03 -9.3330e-03 -8.9997e-03 -8.6664e-03 -8.3331e-03 -7.9998e-03 -7.6665e-03 -7.3332e-03 -6.9999e-03 -6.6666e-03 -6.3332e-03 -5.9999e-03 -5.6666e-03 -5.3333e-03 -5.0000e-03 -4.6666e-03 -4.3333e-03 -4.0000e-03 -3.6667e-03 -3.3333e-03 -3.0000e-03 -2.6667e-03 -2.3333e-03 -2.0000e-03 -1.6667e-03 -1.3333e-03 -9.9999e-04 -6.6665e-04 -3.3332e-04 +2.1543e-08 +3.3336e-04 +6.6670e-04 +1.0000e-03 +1.3334e-03 +1.6667e-03 +2.0001e-03 +2.3334e-03 +2.6667e-03 +3.0001e-03 +3.3334e-03 +3.6668e-03 +4.0001e-03 +4.3334e-03 +4.6668e-03 +5.0001e-03 +5.3335e-03 +5.6668e-03 +6.0001e-03 +6.3335e-03 +6.6668e-03 +7.0001e-03 +7.3335e-03 +7.6668e-03 +8.0001e-03 +8.3335e-03 +8.6668e-03 +9.0001e-03 +9.3335e-03 +9.6668e-03 +1.0000e-02 
-0000.00200 -9.9993e-03 -9.6660e-03 -9.3327e-03 -8.9994e-03 -8.6661e-03 -8.3328e-03 -7.9995e-03 -7.6662e-03 -7.3329e-03 -6.9996e-03 -6.6662e-03 -6.3329e-03 -5.9996e-03 -5.6663e-03 -5.3330e-03 -4.9996e-03 -4.6663e-03 -4.3330e-03 -3.9997e-03 -3.6663e-03 -3.3330e-03 -2.9997e-03 -2.6664e-03 -2.3330e-03 -1.9997e-03 -1.6664e-03 -1.3330e-03 -9.9970e-04 -6.6637e-04 -3.3304e-04 +2.9375e-07 +3.3363e-04 +6.6696e-04 +1.0003e-03 +1.3336e-03 +1.6670e-03 +2.0003e-03 +2.3336e-03 +2.6670e-03 +3.0003e-03 +3.3336e-03 +3.6670e-03 +4.0003e-03 +4.3337e-03 +4.6670e-03 +5.0004e-03 +5.3337e-03 +5.6671e-03 +6.0004e-03 +6.3338e-03 +6.6671e-03 +7.0005e-03 +7.3338e-03 +7.6672e-03 +8.0006e-03 +8.3339e-03 +8.6673e-03 +9.0007e-03 +9.3341e-03 +9.6675e-03 +1.0001e-02 
# Vertical Final Position [m]
START
            -0000.01000 -0000.00967 -0000.00933 -0000.00900 -0000.00867 -0000.00833 -0000.00800 -0000.00767 -0000.00733 -0000.00700 -0000.00667 -0000.00633 -0000.00600 -0000.00567 -0000.00533 -0000.00500 -0000.00467 -0000.00433 -0000.00400 -0000.00367 -0000.00333 -0000.00300 -0000.00267 -0000.00233 -0000.00200 -0000.00167 -0000.00133 -0000.00100 -0000.00067 -0000.00033 +0000.00000 +0000.00033 +0000.00067 +0000.00100 +0000.00133 +0000.00167 +0000.00200 +0000.00233 +0000.00267 +0000.00300 +0000.00333 +0000.00367 +0000.00400 +0000.00433 +0000.00467 +0000.00500 +0000.00533 +0000.00567 +0000.00600 +0000.00633 +0000.00667 +0000.00700 +0000.00733 +0000.00767 +0000.00800 +0000.00833 +0000.00867 +0000.00900 +0000.00933 +0000.00967 +0000.01000 
+0000.00200 +1.9999e-03 +1.9999e-03 +1.9999e-03 +1.9999e-03 +1.9999e-03 +1.9999e-03 +1.9999e-03 +1.9999e-03 +1.9999e-03 +1.9999e-03 +1.9999e-03 +1.9999e-03 +1.9999e-03 +1.9998e-03 +1.9998e-03 +1.9998e-03 +1.9998e-03 +1.9998e-03 +1.9998e-03 +1.9998e-03 +1.9998e-03 +1.9998e-03 +1.9998e-03 +1.9998e-03 +1.9998e-03 +1.9998e-03 +1.9998e-03 +1.9998e-03 +1.9998e-03 +1.9998e-03 +1.9998e-03 +1.9998e-03 +1.9998e-03 +1.9998e-03 +1.9998e-03 +1.9998e-03 +1.9998e-03 +1.9998e-03 +1.9997e-03 +1.9997e-03 +1.9997e-03 +1.9997e-03 +1.9997e-03 +1.9997e-03 +1.9997e-03 +1.9997e-03 +1.9997e-03 +1.9997e-03 +1.9997e-03 +1.9997e-03 +1.9997e-03 +1.9997e-03 +1.9997e-03 +1.9997e-03 +1.9997e-03 +1.9997e-03 +1.9996e-03 +1.9996e-03 +1.9996e-03 +1.9996e-03 +1.9996e-03 
+0000.00150 +1.5000e-03 +1.5000e-03 +1.5000e-03 +1.5000e-03 +1.5000e-03 +1.4999e-03 +1.4999e-03 +1.4999e-03 +1.4999e-03 +1.4999e-03 +1.4999e-03 +1.4999e-03 +1.4999e-03 +1.4999e-03 +1.4999e-03 +1.4999e-03 +1.4999e-03 +1.4999e-03 +1.4999e-03 +1.4999e-03 +1.4999e-03 +1.4999e-03 +1.4999e-03 +1.4999e-03 +1.4999e-03 +1.4999e-03 +1.4999e-03 +1.4999e-03 +1.4999e-03 +1.4999e-03 +1.4999e-03 +1.4999e-03 +1.4999e-03 +1.4999e-03 +1.4999e-03 +1.4999e-03 +1.4998e-03 +1.4998e-03 +1.4998e-03 +1.4998e-03 +1.4998e-03 +1.4998e-03 +1.4998e-03 +1.4998e-03 +1.4998e-03 +1.4998e-03 +1.4998e-03 +1.4998e-03 +1.4998e-03 +1.4998e-03 +1.4998e-03 +1.4998e-03 +1.4998e-03 +1.4998e-03 +1.4998e-03 +1.4998e-03 +1.4998e-03 +1.4998e-03 +1.4997e-03 +1.4997e-03 +1.4997e-03 
+0000.00100 +9.9999e-04 +9.9999e-04 +9.9998e-04 +9.9998e-04 +9.9998e-04 +9.9998e-04 +9.9997e-04 +9.9997e-04 +9.9997e-04 +9.9997e-04 +9.9996e-04 +9.9996e-04 +9.9996e-04 +9.9995e-04 +9.9995e-04 +9.9995e-04 +9.9995e-04 +9.9994e-04 +9.9994e-04 +9.9994e-04 +9.9994e-04 +9.9993e-04 +9.9993e-04 +9.9993e-04 +9.9993e-04 +9.9992e-04 +9.9992e-04 +9.9992e-04 +9.9992e-04 +9.9991e-04 +9.9991e-04 +9.9991e-04 +9.9991e-04 +9.9990e-04 +9.9990e-04 +9.9990e-04 +9.9990e-04 +9.9990e-04 +9.9989e-04 +9.9989e-04 +9.9989e-04 +9.9989e-04 +9.9988e-04 +9.9988e-04 +9.9988e-04 +9.9988e-04 +9.9987e-04 +9.9987e-04 +9.9987e-04 +9.9987e-04 +9.9986e-04 +9.9986e-04 +9.9986e-04 +9.9985e-04 +9.9985e-04 +9.9985e-04 +9.9984e-04 +9.9984e-04 +9.9984e-04 +9.9983e-04 +9.9983e-04 
+0000.00050 +5.0000e-04 +5.0000e-04 +5.0000e-04 +5.0000e-04 +4.9999e-04 +4.9999e-04 +4.9999e-04 +4.9999e-04 +4.9999e-04 +4.9998e-04 +4.9998e-04 +4.9998e-04 +4.9998e-04 +4.9998e-04 +4.9998e-04 +4.9998e-04 +4.9997e-04 +4.9997e-04 +4.9997e-04 +4.9997e-04 +4.9997e-04 +4.9997e-04 +4.9997e-04 +4.9997e-04 +4.9997e-04 +4.9996e-04 +4.9996e-04 +4.9996e-04 +4.9996e-04 +4.9996e-04 +4.9996e-04 +4.9996e-04 +4.9996e-04 +4.9996e-04 +4.9995e-04 +4.9995e-04 +4.9995e-04 +4.9995e-04 +4.9995e-04 +4.9995e-04 +4.9995e-04 +4.9995e-04 +4.9994e-04 +4.9994e-04 +4.9994e-04 +4.9994e-04 +4.9994e-04 +4.9994e-04 +4.9994e-04 +4.9994e-04 +4.9993e-04 +4.9993e-04 +4.9993e-04 +4.9993e-04 +4.9993e-04 +4.9993e-04 +4.9992e-04 +4.9992e-04 +4.9992e-04 +4.9992e-04 +4.9992e-04 
+0000.00000 -2.6053e-11 -2.5875e-11 -2.5778e-11 -2.5754e-11 -2.5796e-11 -2.5896e-11 -2.6047e-11 -2.6243e-11 -2.6477e-11 -2.6742e-11 -2.7032e-11 -2.7343e-11 -2.7669e-11 -2.8003e-11 -2.8343e-11 -2.8682e-11 -2.9018e-11 -2.9345e-11 -2.9661e-11 -2.9961e-11 -3.0243e-11 -3.0504e-11 -3.0742e-11 -3.0954e-11 -3.1137e-11 -3.1292e-11 -3.1415e-11 -3.1506e-11 -3.1565e-11 -3.1590e-11 -3.1581e-11 -3.1539e-11 -3.1464e-11 -3.1356e-11 -3.1216e-11 -3.1045e-11 -3.0846e-11 -3.0618e-11 -3.0366e-11 -3.0090e-11 -2.9794e-11 -2.9480e-11 -2.9152e-11 -2.8813e-11 -2.8466e-11 -2.8117e-11 -2.7768e-11 -2.7425e-11 -2.7093e-11 -2.6776e-11 -2.6480e-11 -2.6212e-11 -2.5976e-11 -2.5779e-11 -2.5629e-11 -2.5531e-11 -2.5492e-11 -2.5521e-11 -2.5625e-11 -2.5813e-11 -2.6091e-11 
-0000.00050 -5.0000e-04 -5.0000e-04 -5.0000e-04 -5.0000e-04 -4.9999e-04 -4.9999e-04 -4.9999e-04 -4.9999e-04 -4.9999e-04 -4.9998e-04 -4.9998e-04 -4.9998e-04 -4.9998e-04 -4.9998e-04 -4.9998e-04 -4.9998e-04 -4.9997e-04 -4.9997e-04 -4.9997e-04 -4.9997e-04 -4.9997e-04 -4.9997e-04 -4.9997e-04 -4.9997e-04 -4.9997e-04 -4.9996e-04 -4.9996e-04 -4.9996e-04 -4.9996e-04 -4.9996e-04 -4.9996e-04 -4.9996e-04 -4.9996e-04 -4.9996e-04 -4.9995e-04 -4.9995e-04 -4.9995e-04 -4.9995e-04 -4.9995e-04 -4.9995e-04 -4.9995e-04 -4.9995e-04 -4.9994e-04 -4.9994e-04 -4.9994e-04 -4.9994e-04 -4.9994e-04 -4.9994e-04 -4.9994e-04 -4.9994e-04 -4.9993e-04 -4.9993e-04 -4.9993e-04 -4.9993e-04 -4.9993e-04 -4.9993e-04 -4.9992e-04 -4.9992e-04 -4.9992e-04 -4.9992e-04 -4.9992e-04 
-0000.00100 -9.9999e-04 -9.9999e-04 -9.9998e-04 -9.9998e-04 -9.9998e-04 -9.9998e-04 -9.9997e-04 -9.9997e-04 -9.9997e-04 -9.9997e-04 -9.9996e-04 -9.9996e-04 -9.9996e-04 -9.9995e-04 -9.9995e-04 -9.9995e-04 -9.9995e-04 -9.9994e-04 -9.9994e-04 -9.9994e-04 -9.9994e-04 -9.9993e-04 -9.9993e-04 -9.9993e-04 -9.9993e-04 -9.9992e-04 -9.9992e-04 -9.9992e-04 -9.9992e-04 -9.9991e-04 -9.9991e-04 -9.9991e-04 -9.9991e-04 -9.9991e-04 -9.9990e-04 -9.9990e-04 -9.9990e-04 -9.9990e-04 -9.9989e-04 -9.9989e-04 -9.9989e-04 -9.9989e-04 -9.9989e-04 -9.9988e-04 -9.9988e-04 -9.9988e-04 -9.9988e-04 -9.9987e-04 -9.9987e-04 -9.9987e-04 -9.9987e-04 -9.9986e-04 -9.9986e-04 -9.9986e-04 -9.9985e-04 -9.9985e-04 -9.9984e-04 -9.9984e-04 -9.9984e-04 -9.9983e-04 -9.9983e-04 
-0000.00150 -1.5000e-03 -1.5000e-03 -1.5000e-03 -1.5000e-03 -1.5000e-03 -1.4999e-03 -1.4999e-03 -1.4999e-03 -1.4999e-03 -1.4999e-03 -1.4999e-03 -1.4999e-03 -1.4999e-03 -1.4999e-03 -1.4999e-03 -1.4999e-03 -1.4999e-03 -1.4999e-03 -1.4999e-03 -1.4999e-03 -1.4999e-03 -1.4999e-03 -1.4999e-03 -1.4999e-03 -1.4999e-03 -1.4999e-03 -1.4999e-03 -1.4999e-03 -1.4999e-03 -1.4999e-03 -1.4999e-03 -1.4999e-03 -1.4999e-03 -1.4999e-03 -1.4999e-03 -1.4999e-03 -1.4998e-03 -1.4998e-03 -1.4998e-03 -1.4998e-03 -1.4998e-03 -1.4998e-03 -1.4998e-03 -1.4998e-03 -1.4998e-03 -1.4998e-03 -1.4998e-03 -1.4998e-03 -1.4998e-03 -1.4998e-03 -1.4998e-03 -1.4998e-03 -1.4998e-03 -1.4998e-03 -1.4998e-03 -1.4998e-03 -1.4998e-03 -1.4998e-03 -1.4997e-03 -1.4997e-03 -1.4997e-03 
-0000.00200 -1.9999e-03 -1.9999e-03 -1.9999e-03 -1.9999e-03 -1.9999e-03 -1.9999e-03 -1.9999e-03 -1.9999e-03 -1.9999e-03 -1.9999e-03 -1.9999e-03 -1.9999e-03 -1.9999e-03 -1.9998e-03 -1.9998e-03 -1.9998e-03 -1.9998e-03 -1.9998e-03 -1.9998e-03 -1.9998e-03 -1.9998e-03 -1.9998e-03 -1.9998e-03 -1.9998e-03 -1.9998e-03 -1.9998e-03 -1.9998e-03 -1.9998e-03 -1.9998e-03 -1.9998e-03 -1.9998e-03 -1.9998e-03 -1.9998e-03 -1.9998e-03 -1.9998e-03 -1.9998e-03 -1.9998e-03 -1.9998e-03 -1.9997e-03 -1.9997e-03 -1.9997e-03 -1.9997e-03 -1.9997e-03 -1.9997e-03 -1.9997e-03 -1.9997e-03 -1.9997e-03 -1.9997e-03 -1.9997e-03 -1.9997e-03 -1.9997e-03 -1.9997e-03 -1.9997e-03 -1.9997e-03 -1.9997e-03 -1.9997e-03 -1.9996e-03 -1.9996e-03 -1.9996e-03 -1.9996e-03 -1.9996e-03 