# Author: FAC idanalysis.IDKickMap
# Termination_kicks [T2m2]: +0.0000e+00 +0.0000e+00 +0.0000e+00 +0.0000e+00 
# Total Length of Longitudinal Interval [m]
0.13
# Number of Horizontal Points
61
# Number of Vertical Points
9
# Total Horizontal 2nd Order Kick [T2m2]
START
            -0000.01000 -0000.00967 -0000.00933 -0000.00900 -0000.00867 -0000.00833 -0000.00800 -0000.00767 -0000.00733 -0000.00700 -0000.00667 -0000.00633 -0000.00600 -0000.00567 -0000.00533 -0000.00500 -0000.00467 -0000.00433 -0000.00400 -0000.00367 -0000.00333 -0000.00300 -0000.00267 -0000.00233 -0000.00200 -0000.00167 -0000.00133 -0000.00100 -0000.00067 -0000.00033 +0000.00000 +0000.00033 +0000.00067 +0000.00100 +0000.00133 +0000.00167 +0000.00200 +0000.00233 +0000.00267 +0000.00300 +0000.00333 +0000.00367 +0000.00400 +0000.00433 +0000.00467 +0000.00500 +0000.00533 +0000.00567 +0000.00600 +0000.00633 +0000.00667 +0000.00700 +0000.00733 +0000.00767 +0000.00800 +0000.00833 +0000.00867 +0000.00900 +0000.00933 +0000.00967 +0000.01000 
+0000.00200 +1.3309e-04 +1.3224e-04 +1.3129e-04 +1.3025e-04 +1.2913e-04 +1.2795e-04 +1.2673e-04 +1.2546e-04 +1.2416e-04 +1.2285e-04 +1.2153e-04 +1.2022e-04 +1.1892e-04 +1.1763e-04 +1.1638e-04 +1.1517e-04 +1.1400e-04 +1.1289e-04 +1.1183e-04 +1.1084e-04 +1.0992e-04 +1.0907e-04 +1.0830e-04 +1.0762e-04 +1.0702e-04 +1.0651e-04 +1.0610e-04 +1.0578e-04 +1.0556e-04 +1.0543e-04 +1.0541e-04 +1.0548e-04 +1.0565e-04 +1.0592e-04 +1.0629e-04 +1.0675e-04 +1.0730e-04 +1.0794e-04 +1.0867e-04 +1.0949e-04 +1.1038e-04 +1.1134e-04 +1.1238e-04 +1.1348e-04 +1.1463e-04 +1.1584e-04 +1.1709e-04 +1.1838e-04 +1.1970e-04 +1.2104e-04 +1.2239e-04 +1.2374e-04 +1.2508e-04 +1.2641e-04 +1.2770e-04 +1.2896e-04 +1.3016e-04 +1.3130e-04 +1.3236e-04 +1.3333e-04 +1.3419e-04 
+0000.00150 +1.3233e-04 +1.3156e-04 +1.3070e-04 +1.2974e-04 +1.2871e-04 +1.2762e-04 +1.2647e-04 +1.2528e-04 +1.2406e-04 +1.2283e-04 +1.2158e-04 +1.2034e-04 +1.1911e-04 +1.1789e-04 +1.1670e-04 +1.1555e-04 +1.1444e-04 +1.1338e-04 +1.1237e-04 +1.1142e-04 +1.1054e-04 +1.0973e-04 +1.0900e-04 +1.0835e-04 +1.0778e-04 +1.0729e-04 +1.0690e-04 +1.0659e-04 +1.0638e-04 +1.0626e-04 +1.0624e-04 +1.0631e-04 +1.0648e-04 +1.0674e-04 +1.0709e-04 +1.0753e-04 +1.0806e-04 +1.0867e-04 +1.0937e-04 +1.1015e-04 +1.1100e-04 +1.1192e-04 +1.1291e-04 +1.1396e-04 +1.1506e-04 +1.1621e-04 +1.1740e-04 +1.1863e-04 +1.1988e-04 +1.2114e-04 +1.2242e-04 +1.2369e-04 +1.2496e-04 +1.2620e-04 +1.2741e-04 +1.2858e-04 +1.2970e-04 +1.3075e-04 +1.3172e-04 +1.3260e-04 +1.3337e-04 
+0000.00100 +1.3179e-04 +1.3109e-04 +1.3028e-04 +1.2939e-04 +1.2841e-04 +1.2738e-04 +1.2629e-04 +1.2516e-04 +1.2399e-04 +1.2281e-04 +1.2162e-04 +1.2042e-04 +1.1924e-04 +1.1807e-04 +1.1692e-04 +1.1581e-04 +1.1474e-04 +1.1372e-04 +1.1274e-04 +1.1183e-04 +1.1098e-04 +1.1020e-04 +1.0949e-04 +1.0886e-04 +1.0831e-04 +1.0784e-04 +1.0746e-04 +1.0716e-04 +1.0696e-04 +1.0685e-04 +1.0682e-04 +1.0689e-04 +1.0705e-04 +1.0731e-04 +1.0765e-04 +1.0807e-04 +1.0859e-04 +1.0918e-04 +1.0986e-04 +1.1061e-04 +1.1144e-04 +1.1233e-04 +1.1329e-04 +1.1430e-04 +1.1536e-04 +1.1647e-04 +1.1762e-04 +1.1880e-04 +1.2000e-04 +1.2122e-04 +1.2244e-04 +1.2366e-04 +1.2487e-04 +1.2606e-04 +1.2721e-04 +1.2832e-04 +1.2937e-04 +1.3036e-04 +1.3127e-04 +1.3208e-04 +1.3279e-04 
+0000.00050 +1.3146e-04 +1.3080e-04 +1.3003e-04 +1.2917e-04 +1.2823e-04 +1.2723e-04 +1.2617e-04 +1.2507e-04 +1.2394e-04 +1.2279e-04 +1.2163e-04 +1.2047e-04 +1.1931e-04 +1.1817e-04 +1.1705e-04 +1.1597e-04 +1.1492e-04 +1.1392e-04 +1.1297e-04 +1.1207e-04 +1.1124e-04 +1.1048e-04 +1.0978e-04 +1.0916e-04 +1.0862e-04 +1.0817e-04 +1.0779e-04 +1.0751e-04 +1.0731e-04 +1.0720e-04 +1.0718e-04 +1.0724e-04 +1.0740e-04 +1.0765e-04 +1.0798e-04 +1.0840e-04 +1.0891e-04 +1.0949e-04 +1.1015e-04 +1.1089e-04 +1.1170e-04 +1.1257e-04 +1.1351e-04 +1.1450e-04 +1.1554e-04 +1.1663e-04 +1.1775e-04 +1.1890e-04 +1.2007e-04 +1.2126e-04 +1.2245e-04 +1.2364e-04 +1.2481e-04 +1.2597e-04 +1.2708e-04 +1.2816e-04 +1.2917e-04 +1.3012e-04 +1.3099e-04 +1.3177e-04 +1.3244e-04 
+0000.00000 +1.3135e-04 +1.3070e-04 +1.2994e-04 +1.2910e-04 +1.2817e-04 +1.2718e-04 +1.2614e-04 +1.2505e-04 +1.2393e-04 +1.2279e-04 +1.2164e-04 +1.2049e-04 +1.1934e-04 +1.1821e-04 +1.1710e-04 +1.1602e-04 +1.1498e-04 +1.1399e-04 +1.1304e-04 +1.1215e-04 +1.1133e-04 +1.1057e-04 +1.0988e-04 +1.0927e-04 +1.0873e-04 +1.0828e-04 +1.0791e-04 +1.0762e-04 +1.0742e-04 +1.0731e-04 +1.0729e-04 +1.0736e-04 +1.0752e-04 +1.0776e-04 +1.0809e-04 +1.0851e-04 +1.0901e-04 +1.0959e-04 +1.1025e-04 +1.1098e-04 +1.1179e-04 +1.1265e-04 +1.1358e-04 +1.1457e-04 +1.1560e-04 +1.1668e-04 +1.1779e-04 +1.1893e-04 +1.2009e-04 +1.2127e-04 +1.2245e-04 +1.2363e-04 +1.2480e-04 +1.2594e-04 +1.2704e-04 +1.2810e-04 +1.2911e-04 +1.3005e-04 +1.3090e-04 +1.3167e-04 +1.3232e-04 
-0000.00050 +1.3146e-04 +1.3080e-04 +1.3003e-04 +1.2917e-04 +1.2823e-04 +1.2723e-04 +1.2617e-04 +1.2507e-04 +1.2394e-04 +1.2279e-04 +1.2163e-04 +1.2047e-04 +1.1931e-04 +1.1817e-04 +1.1705e-04 +1.1597e-04 +1.1492e-04 +1.1392e-04 +1.1297e-04 +1.1207e-04 +1.1124e-04 +1.1048e-04 +1.0978e-04 +1.0916e-04 +1.0862e-04 +1.0817e-04 +1.0779e-04 +1.0751e-04 +1.0731e-04 +1.0720e-04 +1.0718e-04 +1.0724e-04 +1.0740e-04 +1.0765e-04 +1.0798e-04 +1.0840e-04 +1.0891e-04 +1.0949e-04 +1.1015e-04 +1.1089e-04 +1.1170e-04 +1.1257e-04 +1.1351e-04 +1.1450e-04 +1.1554e-04 +1.1663e-04 +1.1775e-04 +1.1890e-04 +1.2007e-04 +1.2126e-04 +1.2245e-04 +1.2364e-04 +1.2481e-04 +1.2597e-04 +1.2708e-04 +1.2816e-04 +1.2917e-04 +1.3012e-04 +1.3099e-04 +1.3177e-04 +1.3244e-04 
-0000.00100 +1.3179e-04 +1.3109e-04 +1.3028e-04 +1.2939e-04 +1.2841e-04 +1.2738e-04 +1.2629e-04 +1.2516e-04 +1.2399e-04 +1.2281e-04 +1.2162e-04 +1.2042e-04 +1.1924e-04 +1.1807e-04 +1.1692e-04 +1.1581e-04 +1.1474e-04 +1.1372e-04 +1.1274e-04 +1.1183e-04 +1.1098e-04 +1.1020e-04 +1.0949e-04 +1.0886e-04 +1.0831e-04 +1.0784e-04 +1.0746e-04 +1.0716e-04 +1.0696e-04 +1.0685e-04 +1.0682e-04 +1.0689e-04 +1.0705e-04 +1.0731e-04 +1.0765e-04 +1.0807e-04 +1.0859e-04 +1.0918e-04 +1.0986e-04 +1.1061e-04 +1.1144e-04 +1.1233e-04 +1.1329e-04 +1.1430e-04 +1.1536e-04 +1.1647e-04 +1.1762e-04 +1.1880e-04 +1.2000e-04 +1.2122e-04 +1.2244e-04 +1.2366e-04 +1.2487e-04 +1.2606e-04 +1.2721e-04 +1.2832e-04 +1.2937e-04 +1.3036e-04 +1.3127e-04 +1.3208e-04 +1.3279e-04 
-0000.00150 +1.3232e-04 +1.3156e-04 +1.3069e-04 +1.2974e-04 +1.2871e-04 +1.2761e-04 +1.2647e-04 +1.2528e-04 +1.2406e-04 +1.2283e-04 +1.2158e-04 +1.2034e-04 +1.1910e-04 +1.1789e-04 +1.1670e-04 +1.1555e-04 +1.1444e-04 +1.1337e-04 +1.1237e-04 +1.1142e-04 +1.1054e-04 +1.0973e-04 +1.0900e-04 +1.0835e-04 +1.0778e-04 +1.0729e-04 +1.0690e-04 +1.0659e-04 +1.0638e-04 +1.0626e-04 +1.0624e-04 +1.0631e-04 +1.0648e-04 +1.0674e-04 +1.0709e-04 +1.0753e-04 +1.0806e-04 +1.0867e-04 +1.0937e-04 +1.1015e-04 +1.1100e-04 +1.1192e-04 +1.1291e-04 +1.1396e-04 +1.1506e-04 +1.1621e-04 +1.1740e-04 +1.1863e-04 +1.1988e-04 +1.2114e-04 +1.2242e-04 +1.2369e-04 +1.2496e-04 +1.2620e-04 +1.2741e-04 +1.2858e-04 +1.2970e-04 +1.3075e-04 +1.3172e-04 +1.3260e-04 +1.3337e-04 
-0000.00200 +1.3309e-04 +1.3224e-04 +1.3129e-04 +1.3025e-04 +1.2913e-04 +1.2795e-04 +1.2673e-04 +1.2546e-04 +1.2416e-04 +1.2285e-04 +1.2153e-04 +1.2022e-04 +1.1892e-04 +1.1764e-04 +1.1639e-04 +1.1517e-04 +1.1401e-04 +1.1289e-04 +1.1183e-04 +1.1084e-04 +1.0992e-04 +1.0907e-04 +1.0830e-04 +1.0762e-04 +1.0702e-04 +1.0652e-04 +1.0610e-04 +1.0578e-04 +1.0556e-04 +1.0544e-04 +1.0541e-04 +1.0548e-04 +1.0565e-04 +1.0592e-04 +1.0629e-04 +1.0675e-04 +1.0730e-04 +1.0794e-04 +1.0867e-04 +1.0949e-04 +1.1038e-04 +1.1134e-04 +1.1238e-04 +1.1348e-04 +1.1463e-04 +1.1584e-04 +1.1709e-04 +1.1838e-04 +1.1970e-04 +1.2104e-04 +1.2238e-04 +1.2374e-04 +1.2508e-04 +1.2640e-04 +1.2770e-04 +1.2896e-04 +1.3016e-04 +1.3130e-04 +1.3236e-04 +1.3333e-04 +1.3420e-04 
# Total Vertical 2nd Order Kick [T2m2]
START
            -0000.01000 -0000.00967 -0000.00933 -0000.00900 -0000.00867 -0000.00833 -0000.00800 -0000.00767 -0000.00733 -0000.00700 -0000.00667 -0000.00633 -0000.00600 -0000.00567 -0000.00533 -0000.00500 -0000.00467 -0000.00433 -0000.00400 -0000.00367 -0000.00333 -0000.00300 -0000.00267 -0000.00233 -0000.00200 -0000.00167 -0000.00133 -0000.00100 -0000.00067 -0000.00033 +0000.00000 +0000.00033 +0000.00067 +0000.00100 +0000.00133 +0000.00167 +0000.00200 +0000.00233 +0000.00267 +0000.00300 +0000.00333 +0000.00367 +0000.00400 +0000.00433 +0000.00467 +0000.00500 +0000.00533 +0000.00567 +0000.00600 +0000.00633 +0000.00667 +0000.00700 +0000.00733 +0000.00767 +0000.00800 +0000.00833 +0000.00867 +0000.00900 +0000.00933 +0000.00967 +0000.01000 
+0000.00200 +2.9689e-06 +3.5922e-06 +4.1386e-06 +4.6108e-06 +5.0112e-06 +5.3423e-06 +5.6068e-06 +5.8071e-06 +5.9458e-06 +6.0254e-06 +6.0487e-06 +6.0180e-06 +5.9361e-06 +5.8055e-06 +5.6288e-06 +5.4087e-06 +5.1478e-06 +4.8488e-06 +4.5142e-06 +4.1468e-06 +3.7492e-06 +3.3241e-06 +2.8741e-06 +2.4021e-06 +1.9106e-06 +1.4025e-06 +8.8032e-07 +3.4693e-07 -1.9495e-07 -7.4257e-07 -1.2932e-06 -1.8440e-06 -2.3923e-06 -2.9352e-06 -3.4699e-06 -3.9937e-06 -4.5037e-06 -4.9971e-06 -5.4711e-06 -5.9227e-06 -6.3492e-06 -6.7478e-06 -7.1154e-06 -7.4493e-06 -7.7465e-06 -8.0041e-06 -8.2193e-06 -8.3892e-06 -8.5107e-06 -8.5809e-06 -8.5970e-06 -8.5559e-06 -8.4546e-06 -8.2903e-06 -8.0599e-06 -7.7604e-06 -7.3889e-06 -6.9422e-06 -6.4175e-06 -5.8116e-06 -5.1215e-06 
+0000.00150 +2.1823e-06 +2.6477e-06 +3.0562e-06 +3.4097e-06 +3.7099e-06 +3.9588e-06 +4.1582e-06 +4.3101e-06 +4.4163e-06 +4.4786e-06 +4.4991e-06 +4.4796e-06 +4.4221e-06 +4.3284e-06 +4.2005e-06 +4.0404e-06 +3.8499e-06 +3.6311e-06 +3.3859e-06 +3.1163e-06 +2.8242e-06 +2.5117e-06 +2.1807e-06 +1.8332e-06 +1.4713e-06 +1.0970e-06 +7.1218e-07 +3.1902e-07 -8.0501e-08 -4.8433e-07 -8.9041e-07 -1.2967e-06 -1.7011e-06 -2.1016e-06 -2.4960e-06 -2.8823e-06 -3.2584e-06 -3.6222e-06 -3.9716e-06 -4.3044e-06 -4.6185e-06 -4.9119e-06 -5.1823e-06 -5.4276e-06 -5.6456e-06 -5.8342e-06 -5.9913e-06 -6.1145e-06 -6.2019e-06 -6.2510e-06 -6.2599e-06 -6.2262e-06 -6.1477e-06 -6.0222e-06 -5.8475e-06 -5.6214e-06 -5.3415e-06 -5.0058e-06 -4.6117e-06 -4.1573e-06 -3.6400e-06 
+0000.00100 +1.4342e-06 +1.7435e-06 +2.0152e-06 +2.2505e-06 +2.4506e-06 +2.6168e-06 +2.7502e-06 +2.8522e-06 +2.9240e-06 +2.9668e-06 +2.9819e-06 +2.9705e-06 +2.9340e-06 +2.8735e-06 +2.7904e-06 +2.6859e-06 +2.5614e-06 +2.4181e-06 +2.2574e-06 +2.0804e-06 +1.8886e-06 +1.6832e-06 +1.4656e-06 +1.2371e-06 +9.9899e-07 +7.5263e-07 +4.9935e-07 +2.4051e-07 -2.2562e-08 -2.8850e-07 -5.5595e-07 -8.2355e-07 -1.0899e-06 -1.3537e-06 -1.6135e-06 -1.8679e-06 -2.1156e-06 -2.3552e-06 -2.5852e-06 -2.8042e-06 -3.0109e-06 -3.2038e-06 -3.3815e-06 -3.5426e-06 -3.6857e-06 -3.8092e-06 -3.9119e-06 -3.9921e-06 -4.0486e-06 -4.0797e-06 -4.0841e-06 -4.0603e-06 -4.0069e-06 -3.9222e-06 -3.8050e-06 -3.6536e-06 -3.4666e-06 -3.2424e-06 -2.9797e-06 -2.6768e-06 -2.3323e-06 
+0000.00050 +7.1384e-07 +8.6828e-07 +1.0040e-06 +1.1216e-06 +1.2217e-06 +1.3049e-06 +1.3718e-06 +1.4230e-06 +1.4592e-06 +1.4810e-06 +1.4890e-06 +1.4838e-06 +1.4660e-06 +1.4364e-06 +1.3955e-06 +1.3439e-06 +1.2824e-06 +1.2115e-06 +1.1319e-06 +1.0442e-06 +9.4917e-07 +8.4736e-07 +7.3946e-07 +6.2611e-07 +5.0800e-07 +3.8577e-07 +2.6009e-07 +1.3164e-07 +1.0780e-09 -1.3091e-07 -2.6366e-07 -3.9648e-07 -5.2869e-07 -6.5961e-07 -7.8856e-07 -9.1483e-07 -1.0378e-06 -1.1566e-06 -1.2707e-06 -1.3794e-06 -1.4819e-06 -1.5775e-06 -1.6656e-06 -1.7454e-06 -1.8163e-06 -1.8774e-06 -1.9281e-06 -1.9676e-06 -1.9953e-06 -2.0104e-06 -2.0122e-06 -1.9999e-06 -1.9728e-06 -1.9303e-06 -1.8714e-06 -1.7956e-06 -1.7020e-06 -1.5899e-06 -1.4586e-06 -1.3074e-06 -1.1353e-06 
+0000.00000 +7.9841e-09 +8.2263e-09 +8.4326e-09 +8.6060e-09 +8.7492e-09 +8.8648e-09 +8.9556e-09 +9.0238e-09 +9.0719e-09 +9.1021e-09 +9.1165e-09 +9.1174e-09 +9.1064e-09 +9.0856e-09 +9.0568e-09 +9.0214e-09 +8.9811e-09 +8.9374e-09 +8.8916e-09 +8.8448e-09 +8.7984e-09 +8.7533e-09 +8.7105e-09 +8.6708e-09 +8.6349e-09 +8.6036e-09 +8.5773e-09 +8.5565e-09 +8.5415e-09 +8.5326e-09 +8.5298e-09 +8.5334e-09 +8.5431e-09 +8.5588e-09 +8.5802e-09 +8.6070e-09 +8.6388e-09 +8.6748e-09 +8.7146e-09 +8.7572e-09 +8.8019e-09 +8.8476e-09 +8.8934e-09 +8.9379e-09 +8.9800e-09 +9.0182e-09 +9.0511e-09 +9.0772e-09 +9.0946e-09 +9.1018e-09 +9.0966e-09 +9.0773e-09 +9.0417e-09 +8.9876e-09 +8.9127e-09 +8.8147e-09 +8.6911e-09 +8.5393e-09 +8.3565e-09 +8.1401e-09 +7.8871e-09 
-0000.00050 -6.9781e-07 -8.5177e-07 -9.8708e-07 -1.1043e-06 -1.2041e-06 -1.2871e-06 -1.3538e-06 -1.4049e-06 -1.4410e-06 -1.4627e-06 -1.4707e-06 -1.4655e-06 -1.4478e-06 -1.4182e-06 -1.3773e-06 -1.3259e-06 -1.2644e-06 -1.1936e-06 -1.1141e-06 -1.0265e-06 -9.3157e-07 -8.2985e-07 -7.2203e-07 -6.0877e-07 -4.9073e-07 -3.6857e-07 -2.4294e-07 -1.1454e-07 +1.5991e-08 +1.4796e-07 +2.8070e-07 +4.1352e-07 +5.4575e-07 +6.7671e-07 +8.0569e-07 +9.3202e-07 +1.0550e-06 +1.1739e-06 +1.2881e-06 +1.3969e-06 +1.4995e-06 +1.5952e-06 +1.6834e-06 +1.7633e-06 +1.8342e-06 +1.8954e-06 +1.9462e-06 +1.9858e-06 +2.0135e-06 +2.0286e-06 +2.0304e-06 +2.0181e-06 +1.9909e-06 +1.9483e-06 +1.8893e-06 +1.8133e-06 +1.7195e-06 +1.6071e-06 +1.4754e-06 +1.3237e-06 +1.1512e-06 
-0000.00100 -1.4180e-06 -1.7268e-06 -1.9981e-06 -2.2330e-06 -2.4328e-06 -2.5988e-06 -2.7320e-06 -2.8339e-06 -2.9056e-06 -2.9484e-06 -2.9634e-06 -2.9521e-06 -2.9156e-06 -2.8552e-06 -2.7721e-06 -2.6678e-06 -2.5434e-06 -2.4002e-06 -2.2395e-06 -2.0627e-06 -1.8710e-06 -1.6657e-06 -1.4482e-06 -1.2198e-06 -9.8175e-07 -7.3546e-07 -4.8225e-07 -2.2345e-07 +3.9579e-08 +3.0549e-07 +5.7293e-07 +8.4053e-07 +1.1069e-06 +1.3707e-06 +1.6306e-06 +1.8851e-06 +2.1328e-06 +2.3725e-06 +2.6025e-06 +2.8217e-06 +3.0285e-06 +3.2215e-06 +3.3993e-06 +3.5605e-06 +3.7037e-06 +3.8273e-06 +3.9300e-06 +4.0104e-06 +4.0669e-06 +4.0981e-06 +4.1025e-06 +4.0787e-06 +4.0251e-06 +3.9404e-06 +3.8230e-06 +3.6714e-06 +3.4842e-06 +3.2598e-06 +2.9967e-06 +2.6934e-06 +2.3484e-06 
-0000.00150 -2.1658e-06 -2.6307e-06 -3.0388e-06 -3.3919e-06 -3.6918e-06 -3.9405e-06 -4.1398e-06 -4.2916e-06 -4.3977e-06 -4.4600e-06 -4.4805e-06 -4.4611e-06 -4.4036e-06 -4.3100e-06 -4.1822e-06 -4.0222e-06 -3.8318e-06 -3.6131e-06 -3.3681e-06 -3.0986e-06 -2.8066e-06 -2.4942e-06 -2.1633e-06 -1.8160e-06 -1.4542e-06 -1.0799e-06 -6.9520e-07 -3.0208e-07 +9.7395e-08 +5.0120e-07 +9.0727e-07 +1.3136e-06 +1.7180e-06 +2.1185e-06 +2.5130e-06 +2.8994e-06 +3.2756e-06 +3.6394e-06 +3.9889e-06 +4.3218e-06 +4.6361e-06 +4.9296e-06 +5.2001e-06 +5.4455e-06 +5.6637e-06 +5.8524e-06 +6.0096e-06 +6.1329e-06 +6.2203e-06 +6.2696e-06 +6.2784e-06 +6.2447e-06 +6.1662e-06 +6.0407e-06 +5.8659e-06 +5.6396e-06 +5.3595e-06 +5.0234e-06 +4.6291e-06 +4.1742e-06 +3.6564e-06 
-0000.00200 -2.9518e-06 -3.5746e-06 -4.1207e-06 -4.5925e-06 -4.9927e-06 -5.3236e-06 -5.5880e-06 -5.7882e-06 -5.9268e-06 -6.0065e-06 -6.0298e-06 -5.9992e-06 -5.9174e-06 -5.7869e-06 -5.6104e-06 -5.3904e-06 -5.1297e-06 -4.8308e-06 -4.4964e-06 -4.1291e-06 -3.7316e-06 -3.3067e-06 -2.8569e-06 -2.3850e-06 -1.8936e-06 -1.3855e-06 -8.6348e-07 -3.3016e-07 +2.1168e-07 +7.5928e-07 +1.3099e-06 +1.8607e-06 +2.4090e-06 +2.9520e-06 +3.4868e-06 +4.0106e-06 +4.5207e-06 +5.0142e-06 +5.4883e-06 +5.9401e-06 +6.3668e-06 +6.7655e-06 +7.1332e-06 +7.4673e-06 +7.7646e-06 +8.0225e-06 +8.2378e-06 +8.4077e-06 +8.5294e-06 +8.5997e-06 +8.6158e-06 +8.5747e-06 +8.4735e-06 +8.3091e-06 +8.0786e-06 +7.7790e-06 +7.4073e-06 +6.9603e-06 +6.4352e-06 +5.8289e-06 +5.1383e-06 
# Horizontal Final Position [m]
START
            -0000.01000 -0000.00967 -0000.00933 -0000.00900 -0000.00867 -0000.00833 -0000.00800 -0000.00767 -0000.00733 -0000.00700 -0000.00667 -0000.00633 -0000.00600 -0000.00567 -0000.00533 -0000.00500 -0000.00467 -0000.00433 -0000.00400 -0000.00367 -0000.00333 -0000.00300 -0000.00267 -0000.00233 -0000.00200 -0000.00167 -0000.00133 -0000.00100 -0000.00067 -0000.00033 +0000.00000 +0000.00033 +0000.00067 +0000.00100 +0000.00133 +0000.00167 +0000.00200 +0000.00233 +0000.00267 +0000.00300 +0000.00333 +0000.00367 +0000.00400 +0000.00433 +0000.00467 +0000.00500 +0000.00533 +0000.00567 +0000.00600 +0000.00633 +0000.00667 +0000.00700 +0000.00733 +0000.00767 +0000.00800 +0000.00833 +0000.00867 +0000.00900 +0000.00933 +0000.00967 +0000.01000 
+0000.00200 -1.0004e-02 -9.6703e-03 -9.3370e-03 -9.0037e-03 -8.6704e-03 -8.3371e-03 -8.0038e-03 -7.6705e-03 -7.3372e-03 -7.0039e-03 -6.6706e-03 -6.3373e-03 -6.0040e-03 -5.6707e-03 -5.3374e-03 -5.0041e-03 -4.6708e-03 -4.3375e-03 -4.0042e-03 -3.6709e-03 -3.3376e-03 -3.0042e-03 -2.6709e-03 -2.3376e-03 -2.0043e-03 -1.6709e-03 -1.3376e-03 -1.0043e-03 -6.7095e-04 -3.3761e-04 -4.2720e-06 +3.2907e-04 +6.6241e-04 +9.9576e-04 +1.3291e-03 +1.6625e-03 +1.9958e-03 +2.3292e-03 +2.6625e-03 +2.9959e-03 +3.3292e-03 +3.6626e-03 +3.9959e-03 +4.3293e-03 +4.6626e-03 +4.9960e-03 +5.3293e-03 +5.6627e-03 +5.9960e-03 +6.3294e-03 +6.6627e-03 +6.9961e-03 +7.3294e-03 +7.6627e-03 +7.9960e-03 +8.3294e-03 +8.6627e-03 +8.9960e-03 +9.3293e-03 +9.6626e-03 +9.9958e-03 
+0000.00150 -1.0004e-02 -9.6703e-03 -9.3370e-03 -9.0037e-03 -8.6704e-03 -8.3371e-03 -8.0038e-03 -7.6705e-03 -7.3372e-03 -7.0039e-03 -6.6706e-03 -6.3373e-03 -6.0040e-03 -5.6707e-03 -5.3374e-03 -5.0041e-03 -4.6708e-03 -4.3375e-03 -4.0042e-03 -3.6709e-03 -3.3375e-03 -3.0042e-03 -2.6709e-03 -2.3376e-03 -2.0043e-03 -1.6709e-03 -1.3376e-03 -1.0043e-03 -6.7093e-04 -3.3759e-04 -4.2541e-06 +3.2909e-04 +6.6243e-04 +9.9578e-04 +1.3291e-03 +1.6625e-03 +1.9958e-03 +2.3292e-03 +2.6625e-03 +2.9959e-03 +3.3292e-03 +3.6626e-03 +3.9959e-03 +4.3293e-03 +4.6626e-03 +4.9960e-03 +5.3293e-03 +5.6627e-03 +5.9960e-03 +6.3294e-03 +6.6627e-03 +6.9961e-03 +7.3294e-03 +7.6627e-03 +7.9960e-03 +8.3294e-03 +8.6627e-03 +8.9960e-03 +9.3293e-03 +9.6626e-03 +9.9958e-03 
+0000.00100 -1.0004e-02 -9.6703e-03 -9.3370e-03 -9.0037e-03 -8.6704e-03 -8.3371e-03 -8.0038e-03 -7.6705e-03 -7.3372e-03 -7.0039e-03 -6.6706e-03 -6.3373e-03 -6.0040e-03 -5.6707e-03 -5.3374e-03 -5.0041e-03 -4.6708e-03 -4.3375e-03 -4.0042e-03 -3.6709e-03 -3.3375e-03 -3.0042e-03 -2.6709e-03 -2.3376e-03 -2.0043e-03 -1.6709e-03 -1.3376e-03 -1.0043e-03 -6.7093e-04 -3.3759e-04 -4.2534e-06 +3.2909e-04 +6.6243e-04 +9.9578e-04 +1.3291e-03 +1.6625e-03 +1.9958e-03 +2.3292e-03 +2.6625e-03 +2.9959e-03 +3.3292e-03 +3.6626e-03 +3.9959e-03 +4.3293e-03 +4.6626e-03 +4.9960e-03 +5.3293e-03 +5.6627e-03 +5.9960e-03 +6.3294e-03 +6.6627e-03 +6.9961e-03 +7.3294e-03 +7.6627e-03 +7.9960e-03 +8.3294e-03 +8.6627e-03 +8.9960e-03 +9.3293e-03 +9.6626e-03 +9.9958e-03 
+0000.00050 -1.0004e-02 -9.6703e-03 -9.3370e-03 -9.0037e-03 -8.6704e-03 -8.3371e-03 -8.0038e-03 -7.6705e-03 -7.3372e-03 -7.0039e-03 -6.6706e-03 -6.3373e-03 -6.0040e-03 -5.6707e-03 -5.3374e-03 -5.0041e-03 -4.6708e-03 -4.3375e-03 -4.0042e-03 -3.6709e-03 -3.3375e-03 -3.0042e-03 -2.6709e-03 -2.3376e-03 -2.0043e-03 -1.6709e-03 -1.3376e-03 -1.0043e-03 -6.7093e-04 -3.3759e-04 -4.2534e-06 +3.2909e-04 +6.6243e-04 +9.9578e-04 +1.3291e-03 +1.6625e-03 +1.9958e-03 +2.3292e-03 +2.6625e-03 +2.9959e-03 +3.3292e-03 +3.6626e-03 +3.9959e-03 +4.3293e-03 +4.6626e-03 +4.9960e-03 +5.3293e-03 +5.6627e-03 +5.9960e-03 +6.3294e-03 +6.6627e-03 +6.9961e-03 +7.3294e-03 +7.6627e-03 +7.9960e-03 +8.3294e-03 +8.6627e-03 +8.9960e-03 +9.3293e-03 +9.6626e-03 +9.9958e-03 
+0000.00000 -1.0004e-02 -9.6703e-03 -9.3370e-03 -9.0037e-03 -8.6704e-03 -8.3371e-03 -8.0038e-03 -7.6705e-03 -7.3372e-03 -7.0039e-03 -6.6706e-03 -6.3373e-03 -6.0040e-03 -5.6707e-03 -5.3374e-03 -5.0041e-03 -4.6708e-03 -4.3375e-03 -4.0042e-03 -3.6709e-03 -3.3375e-03 -3.0042e-03 -2.6709e-03 -2.3376e-03 -2.0043e-03 -1.6709e-03 -1.3376e-03 -1.0043e-03 -6.7093e-04 -3.3759e-04 -4.2534e-06 +3.2909e-04 +6.6243e-04 +9.9578e-04 +1.3291e-03 +1.6625e-03 +1.9958e-03 +2.3292e-03 +2.6625e-03 +2.9959e-03 +3.3292e-03 +3.6626e-03 +3.9959e-03 +4.3293e-03 +4.6626e-03 +4.9960e-03 +5.3293e-03 +5.6627e-03 +5.9960e-03 +6.3294e-03 +6.6627e-03 +6.9961e-03 +7.3294e-03 +7.6627e-03 +7.9960e-03 +8.3294e-03 +8.6627e-03 +8.9960e-03 +9.3293e-03 +9.6626e-03 +9.9958e-03 
-0000.00050 -1.0004e-02 -9.6703e-03 -9.3370e-03 -9.0037e-03 -8.6704e-03 -8.3371e-03 -8.0038e-03 -7.6705e-03 -7.3372e-03 -7.0039e-03 -6.6706e-03 -6.3373e-03 -6.0040e-03 -5.6707e-03 -5.3374e-03 -5.0041e-03 -4.6708e-03 -4.3375e-03 -4.0042e-03 -3.6709e-03 -3.3375e-03 -3.0042e-03 -2.6709e-03 -2.3376e-03 -2.0043e-03 -1.6709e-03 -1.3376e-03 -1.0043e-03 -6.7093e-04 -3.3759e-04 -4.2534e-06 +3.2909e-04 +6.6243e-04 +9.9578e-04 +1.3291e-03 +1.6625e-03 +1.9958e-03 +2.3292e-03 +2.6625e-03 +2.9959e-03 +3.3292e-03 +3.6626e-03 +3.9959e-03 +4.3293e-03 +4.6626e-03 +4.9960e-03 +5.3293e-03 +5.6627e-03 +5.9960e-03 +6.3294e-03 +6.6627e-03 +6.9961e-03 +7.3294e-03 +7.6627e-03 +7.9960e-03 +8.3294e-03 +8.6627e-03 +8.9960e-03 +9.3293e-03 +9.6626e-03 +9.9958e-03 
-0000.00100 -1.0004e-02 -9.6703e-03 -9.3370e-03 -9.0037e-03 -8.6704e-03 -8.3371e-03 -8.0038e-03 -7.6705e-03 -7.3372e-03 -7.0039e-03 -6.6706e-03 -6.3373e-03 -6.0040e-03 -5.6707e-03 -5.3374e-03 -5.0041e-03 -4.6708e-03 -4.3375e-03 -4.0042e-03 -3.6709e-03 -3.3375e-03 -3.0042e-03 -2.6709e-03 -2.3376e-03 -2.0043e-03 -1.6709e-03 -1.3376e-03 -1.0043e-03 -6.7093e-04 -3.3759e-04 -4.2534e-06 +3.2909e-04 +6.6243e-04 +9.9578e-04 +1.3291e-03 +1.6625e-03 +1.9958e-03 +2.3292e-03 +2.6625e-03 +2.9959e-03 +3.3292e-03 +3.6626e-03 +3.9959e-03 +4.3293e-03 +4.6626e-03 +4.9960e-03 +5.3293e-03 +5.6627e-03 +5.9960e-03 +6.3294e-03 +6.6627e-03 +6.9961e-03 +7.3294e-03 +7.6627e-03 +7.9960e-03 +8.3294e-03 +8.6627e-03 +8.9960e-03 +9.3293e-03 +9.6626e-03 +9.9958e-03 
-0000.00150 -1.0004e-02 -9.6703e-03 -9.3370e-03 -9.0037e-03 -8.6704e-03 -8.3371e-03 -8.0038e-03 -7.6705e-03 -7.3372e-03 -7.0039e-03 -6.6706e-03 -6.3373e-03 -6.0040e-03 -5.6707e-03 -5.3374e-03 -5.0041e-03 -4.6708e-03 -4.3375e-03 -4.0042e-03 -3.6709e-03 -3.3375e-03 -3.0042e-03 -2.6709e-03 -2.3376e-03 -2.0043e-03 -1.6709e-03 -1.3376e-03 -1.0043e-03 -6.7093e-04 -3.3759e-04 -4.2541e-06 +3.2909e-04 +6.6243e-04 +9.9578e-04 +1.3291e-03 +1.6625e-03 +1.9958e-03 +2.3292e-03 +2.6625e-03 +2.9959e-03 +3.3292e-03 +3.6626e-03 +3.9959e-03 +4.3293e-03 +4.6626e-03 +4.9960e-03 +5.3293e-03 +5.6627e-03 +5.9960e-03 +6.3294e-03 +6.6627e-03 +6.9961e-03 +7.3294e-03 +7.6627e-03 +7.9960e-03 +8.3294e-03 +8.6627e-03 +8.9960e-03 +9.3293e-03 +9.6626e-03 +9.9958e-03 
-0000.00200 -1.0004e-02 -9.6703e-03 -9.3370e-03 -9.0037e-03 -8.6704e-03 -8.3371e-03 -8.0038e-03 -7.6705e-03 -7.3372e-03 -7.0039e-03 -6.6706e-03 -6.3373e-03 -6.0040e-03 -5.6707e-03 -5.3374e-03 -5.0041e-03 -4.6708e-03 -4.3375e-03 -4.0042e-03 -3.6709e-03 -3.3376e-03 -3.0042e-03 -2.6709e-03 -2.3376e-03 -2.0043e-03 -1.6709e-03 -1.3376e-03 -1.0043e-03 -6.7095e-04 -3.3761e-04 -4.2720e-06 +3.2907e-04 +6.6241e-04 +9.9576e-04 +1.3291e-03 +1.6625e-03 +1.9958e-03 +2.3292e-03 +2.6625e-03 +2.9959e-03 +3.3292e-03 +3.6626e-03 +3.9959e-03 +4.3293e-03 +4.6626e-03 +4.9960e-03 +5.3293e-03 +5.6627e-03 +5.9960e-03 +6.3294e-03 +6.6627e-03 +6.9961e-03 +7.3294e-03 +7.6627e-03 +7.9960e-03 +8.3294e-03 +8.6627e-03 +8.9960e-03 +9.3293e-03 +9.6626e-03 +9.9958e-03 
# Vertical Final Position [m]
START
            -0000.01000 -0000.00967 -0000.00933 -0000.00900 -0000.00867 -0000.00833 -0000.00800 -0000.00767 -0000.00733 -0000.00700 -0000.00667 -0000.00633 -0000.00600 -0000.00567 -0000.00533 -0000.00500 -0000.00467 -0000.00433 -0000.00400 -0000.00367 -0000.00333 -0000.00300 -0000.00267 -0000.00233 -0000.00200 -0000.00167 -0000.00133 -0000.00100 -0000.00067 -0000.00033 +0000.00000 +0000.00033 +0000.00067 +0000.00100 +0000.00133 +0000.00167 +0000.00200 +0000.00233 +0000.00267 +0000.00300 +0000.00333 +0000.00367 +0000.00400 +0000.00433 +0000.00467 +0000.00500 +0000.00533 +0000.00567 +0000.00600 +0000.00633 +0000.00667 +0000.00700 +0000.00733 +0000.00767 +0000.00800 +0000.00833 +0000.00867 +0000.00900 +0000.00933 +0000.00967 +0000.01000 
+0000.00200 +2.0002e-03 +2.0002e-03 +2.0002e-03 +2.0002e-03 +2.0002e-03 +2.0002e-03 +2.0002e-03 +2.0002e-03 +2.0002e-03 +2.0002e-03 +2.0002e-03 +2.0002e-03 +2.0002e-03 +2.0002e-03 +2.0002e-03 +2.0001e-03 +2.0001e-03 +2.0001e-03 +2.0001e-03 +2.0001e-03 +2.0001e-03 +2.0001e-03 +2.0001e-03 +2.0001e-03 +2.0001e-03 +2.0001e-03 +2.0000e-03 +2.0000e-03 +2.0000e-03 +2.0000e-03 +2.0000e-03 +2.0000e-03 +2.0000e-03 +2.0000e-03 +2.0000e-03 +1.9999e-03 +1.9999e-03 +1.9999e-03 +1.9999e-03 +1.9999e-03 +1.9999e-03 +1.9999e-03 +1.9999e-03 +1.9999e-03 +1.9999e-03 +1.9999e-03 +1.9998e-03 +1.9998e-03 +1.9998e-03 +1.9998e-03 +1.9998e-03 +1.9998e-03 +1.9998e-03 +1.9998e-03 +1.9998e-03 +1.9998e-03 +1.9998e-03 +1.9998e-03 +1.9998e-03 +1.9998e-03 +1.9998e-03 
+0000.00150 +1.5001e-03 +1.5001e-03 +1.5001e-03 +1.5001e-03 +1.5001e-03 +1.5001e-03 +1.5001e-03 +1.5001e-03 +1.5001e-03 +1.5001e-03 +1.5001e-03 +1.5001e-03 +1.5001e-03 +1.5001e-03 +1.5001e-03 +1.5001e-03 +1.5001e-03 +1.5001e-03 +1.5001e-03 +1.5001e-03 +1.5001e-03 +1.5001e-03 +1.5001e-03 +1.5001e-03 +1.5000e-03 +1.5000e-03 +1.5000e-03 +1.5000e-03 +1.5000e-03 +1.5000e-03 +1.5000e-03 +1.5000e-03 +1.5000e-03 +1.5000e-03 +1.5000e-03 +1.5000e-03 +1.5000e-03 +1.4999e-03 +1.4999e-03 +1.4999e-03 +1.4999e-03 +1.4999e-03 +1.4999e-03 +1.4999e-03 +1.4999e-03 +1.4999e-03 +1.4999e-03 +1.4999e-03 +1.4999e-03 +1.4999e-03 +1.4999e-03 +1.4999e-03 +1.4999e-03 +1.4999e-03 +1.4999e-03 +1.4999e-03 +1.4999e-03 +1.4999e-03 +1.4999e-03 +1.4999e-03 +1.4999e-03 
+0000.00100 +1.0001e-03 +1.0001e-03 +1.0001e-03 +1.0001e-03 +1.0001e-03 +1.0001e-03 +1.0001e-03 +1.0001e-03 +1.0001e-03 +1.0001e-03 +1.0001e-03 +1.0001e-03 +1.0001e-03 +1.0001e-03 +1.0001e-03 +1.0001e-03 +1.0001e-03 +1.0001e-03 +1.0001e-03 +1.0001e-03 +1.0000e-03 +1.0000e-03 +1.0000e-03 +1.0000e-03 +1.0000e-03 +1.0000e-03 +1.0000e-03 +1.0000e-03 +1.0000e-03 +9.9999e-04 +9.9999e-04 +9.9998e-04 +9.9998e-04 +9.9997e-04 +9.9997e-04 +9.9997e-04 +9.9996e-04 +9.9996e-04 +9.9995e-04 +9.9995e-04 +9.9995e-04 +9.9994e-04 +9.9994e-04 +9.9994e-04 +9.9994e-04 +9.9994e-04 +9.9993e-04 +9.9993e-04 +9.9993e-04 +9.9993e-04 +9.9993e-04 +9.9993e-04 +9.9993e-04 +9.9993e-04 +9.9993e-04 +9.9992e-04 +9.9992e-04 +9.9992e-04 +9.9992e-04 +9.9992e-04 +9.9992e-04 
+0000.00050 +5.0004e-04 +5.0004e-04 +5.0004e-04 +5.0004e-04 +5.0004e-04 +5.0004e-04 +5.0004e-04 +5.0004e-04 +5.0004e-04 +5.0004e-04 +5.0004e-04 +5.0004e-04 +5.0004e-04 +5.0004e-04 +5.0003e-04 +5.0003e-04 +5.0003e-04 +5.0003e-04 +5.0003e-04 +5.0003e-04 +5.0002e-04 +5.0002e-04 +5.0002e-04 +5.0002e-04 +5.0002e-04 +5.0001e-04 +5.0001e-04 +5.0001e-04 +5.0001e-04 +5.0000e-04 +5.0000e-04 +5.0000e-04 +5.0000e-04 +4.9999e-04 +4.9999e-04 +4.9999e-04 +4.9999e-04 +4.9998e-04 +4.9998e-04 +4.9998e-04 +4.9998e-04 +4.9997e-04 +4.9997e-04 +4.9997e-04 +4.9997e-04 +4.9997e-04 +4.9997e-04 +4.9996e-04 +4.9996e-04 +4.9996e-04 +4.9996e-04 +4.9996e-04 +4.9996e-04 +4.9996e-04 +4.9996e-04 +4.9996e-04 +4.9996e-04 +4.9996e-04 +4.9996e-04 +4.9996e-04 +4.9996e-04 
+0000.00000 -1.2757e-11 -1.3179e-11 -1.3605e-11 -1.4031e-11 -1.4456e-11 -1.4879e-11 -1.5298e-11 -1.5712e-11 -1.6119e-11 -1.6517e-11 -1.6906e-11 -1.7284e-11 -1.7650e-11 -1.8003e-11 -1.8341e-11 -1.8664e-11 -1.8971e-11 -1.9261e-11 -1.9533e-11 -1.9786e-11 -2.0019e-11 -2.0232e-11 -2.0425e-11 -2.0596e-11 -2.0746e-11 -2.0874e-11 -2.0979e-11 -2.1061e-11 -2.1121e-11 -2.1157e-11 -2.1170e-11 -2.1160e-11 -2.1127e-11 -2.1071e-11 -2.0992e-11 -2.0890e-11 -2.0766e-11 -2.0619e-11 -2.0451e-11 -2.0262e-11 -2.0052e-11 -1.9822e-11 -1.9573e-11 -1.9305e-11 -1.9019e-11 -1.8716e-11 -1.8396e-11 -1.8062e-11 -1.7713e-11 -1.7351e-11 -1.6977e-11 -1.6592e-11 -1.6198e-11 -1.5795e-11 -1.5386e-11 -1.4971e-11 -1.4553e-11 -1.4132e-11 -1.3711e-11 -1.3291e-11 -1.2873e-11 
-0000.00050 -5.0004e-04 -5.0004e-04 -5.0004e-04 -5.0004e-04 -5.0004e-04 -5.0004e-04 -5.0004e-04 -5.0004e-04 -5.0004e-04 -5.0004e-04 -5.0004e-04 -5.0004e-04 -5.0004e-04 -5.0004e-04 -5.0003e-04 -5.0003e-04 -5.0003e-04 -5.0003e-04 -5.0003e-04 -5.0003e-04 -5.0002e-04 -5.0002e-04 -5.0002e-04 -5.0002e-04 -5.0002e-04 -5.0001e-04 -5.0001e-04 -5.0001e-04 -5.0001e-04 -5.0000e-04 -5.0000e-04 -5.0000e-04 -5.0000e-04 -4.9999e-04 -4.9999e-04 -4.9999e-04 -4.9999e-04 -4.9998e-04 -4.9998e-04 -4.9998e-04 -4.9998e-04 -4.9997e-04 -4.9997e-04 -4.9997e-04 -4.9997e-04 -4.9997e-04 -4.9997e-04 -4.9996e-04 -4.9996e-04 -4.9996e-04 -4.9996e-04 -4.9996e-04 -4.9996e-04 -4.9996e-04 -4.9996e-04 -4.9996e-04 -4.9996e-04 -4.9996e-04 -4.9996e-04 -4.9996e-04 -4.9996e-04 
-0000.00100 -1.0001e-03 -1.0001e-03 -1.0001e-03 -1.0001e-03 -1.0001e-03 -1.0001e-03 -1.0001e-03 -1.0001e-03 -1.0001e-03 -1.0001e-03 -1.0001e-03 -1.0001e-03 -1.0001e-03 -1.0001e-03 -1.0001e-03 -1.0001e-03 -1.0001e-03 -1.0001e-03 -1.0001e-03 -1.0001e-03 -1.0000e-03 -1.0000e-03 -1.0000e-03 -1.0000e-03 -1.0000e-03 -1.0000e-03 -1.0000e-03 -1.0000e-03 -1.0000e-03 -9.9999e-04 -9.9999e-04 -9.9998e-04 -9.9998e-04 -9.9997e-04 -9.9997e-04 -9.9997e-04 -9.9996e-04 -9.9996e-04 -9.9995e-04 -9.9995e-04 -9.9995e-04 -9.9994e-04 -9.9994e-04 -9.9994e-04 -9.9994e-04 -9.9994e-04 -9.9993e-04 -9.9993e-04 -9.9993e-04 -9.9993e-04 -9.9993e-04 -9.9993e-04 -9.9993e-04 -9.9993e-04 -9.9993e-04 -9.9992e-04 -9.9992e-04 -9.9992e-04 -9.9992e-04 -9.9992e-04 -9.9992e-04 
-0000.00150 -1.5001e-03 -1.5001e-03 -1.5001e-03 -1.5001e-03 -1.5001e-03 -1.5001e-03 -1.5001e-03 -1.5001e-03 -1.5001e-03 -1.5001e-03 -1.5001e-03 -1.5001e-03 -1.5001e-03 -1.5001e-03 -1.5001e-03 -1.5001e-03 -1.5001e-03 -1.5001e-03 -1.5001e-03 -1.5001e-03 -1.5001e-03 -1.5001e-03 -1.5001e-03 -1.5001e-03 -1.5000e-03 -1.5000e-03 -1.5000e-03 -1.5000e-03 -1.5000e-03 -1.5000e-03 -1.5000e-03 -1.5000e-03 -1.5000e-03 -1.5000e-03 -1.5000e-03 -1.5000e-03 -1.5000e-03 -1.4999e-03 -1.4999e-03 -1.4999e-03 -1.4999e-03 -1.4999e-03 -1.4999e-03 -1.4999e-03 -1.4999e-03 -1.4999e-03 -1.4999e-03 -1.4999e-03 -1.4999e-03 -1.4999e-03 -1.4999e-03 -1.4999e-03 -1.4999e-03 -1.4999e-03 -1.4999e-03 -1.4999e-03 -1.4999e-03 -1.4999e-03 -1.4999e-03 -1.4999e-03 -1.4999e-03 
-0000.00200 -2.0002e-03 -2.0002e-03 -2.0002e-03 -2.0002e-03 -2.0002e-03 -2.0002e-03 -2.0002e-03 -2.0002e-03 -2.0002e-03 -2.0002e-03 -2.0002e-03 -2.0002e-03 -2.0002e-03 -2.0002e-03 -2.0002e-03 -2.0001e-03 -2.0001e-03 -2.0001e-03 -2.0001e-03 -2.0001e-03 -2.0001e-03 -2.0001e-03 -2.0001e-03 -2.0001e-03 -2.0001e-03 -2.0001e-03 -2.0000e-03 -2.0000e-03 -2.0000e-03 -2.0000e-03 -2.0000e-03 -2.0000e-03 -2.0000e-03 -2.0000e-03 -2.0000e-03 -1.9999e-03 -1.9999e-03 -1.9999e-03 -1.9999e-03 -1.9999e-03 -1.9999e-03 -1.9999e-03 -1.9999e-03 -1.9999e-03 -1.9999e-03 -1.9999e-03 -1.9998e-03 -1.9998e-03 -1.9998e-03 -1.9998e-03 -1.9998e-03 -1.9998e-03 -1.9998e-03 -1.9998e-03 -1.9998e-03 -1.9998e-03 -1.9998e-03 -1.9998e-03 -1.9998e-03 -1.9998e-03 -1.9998e-03 