# Author: FAC idanalysis.IDKickMap
# Termination_kicks [T2m2]: +0.0000e+00 +0.0000e+00 +0.0000e+00 +0.0000e+00 
# Total Length of Longitudinal Interval [m]
0.13
# Number of Horizontal Points
61
# Number of Vertical Points
9
# Total Horizontal 2nd Order Kick [T2m2]
START
            -0000.01000 -0000.00967 -0000.00933 -0000.00900 -0000.00867 -0000.00833 -0000.00800 -0000.00767 -0000.00733 -0000.00700 -0000.00667 -0000.00633 -0000.00600 -0000.00567 -0000.00533 -0000.00500 -0000.00467 -0000.00433 -0000.00400 -0000.00367 -0000.00333 -0000.00300 -0000.00267 -0000.00233 -0000.00200 -0000.00167 -0000.00133 -0000.00100 -0000.00067 -0000.00033 +0000.00000 +0000.00033 +0000.00067 +0000.00100 +0000.00133 +0000.00167 +0000.00200 +0000.00233 +0000.00267 +0000.00300 +0000.00333 +0000.00367 +0000.00400 +0000.00433 +0000.00467 +0000.00500 +0000.00533 +0000.00567 +0000.00600 +0000.00633 +0000.00667 +0000.00700 +0000.00733 +0000.00767 +0000.00800 +0000.00833 +0000.00867 +0000.00900 +0000.00933 +0000.00967 +0000.01000 
+0000.00200 +1.5160e-05 +1.4180e-05 +1.3240e-05 +1.2320e-05 +1.1440e-05 +1.0580e-05 +9.7600e-06 +8.9700e-06 +8.2200e-06 +7.4900e-06 +6.8000e-06 +6.1400e-06 +5.5100e-06 +4.9200e-06 +4.3600e-06 +3.8400e-06 +3.3500e-06 +2.8900e-06 +2.4600e-06 +2.0800e-06 +1.7200e-06 +1.4000e-06 +1.1200e-06 +8.6000e-07 +6.5000e-07 +4.7000e-07 +3.2000e-07 +2.1000e-07 +1.3000e-07 +9.0000e-08 +8.0000e-08 +1.1000e-07 +1.7000e-07 +2.6000e-07 +3.9000e-07 +5.6000e-07 +7.6000e-07 +9.9000e-07 +1.2600e-06 +1.5600e-06 +1.8900e-06 +2.2600e-06 +2.6600e-06 +3.1000e-06 +3.5700e-06 +4.0700e-06 +4.6000e-06 +5.1700e-06 +5.7600e-06 +6.3900e-06 +7.0500e-06 +7.7500e-06 +8.4700e-06 +9.2200e-06 +1.0010e-05 +1.0820e-05 +1.1670e-05 +1.2540e-05 +1.3440e-05 +1.4370e-05 +1.5330e-05 
+0000.00150 +1.4240e-05 +1.3250e-05 +1.2300e-05 +1.1380e-05 +1.0500e-05 +9.6500e-06 +8.8400e-06 +8.0700e-06 +7.3300e-06 +6.6200e-06 +5.9500e-06 +5.3100e-06 +4.7100e-06 +4.1400e-06 +3.6000e-06 +3.1000e-06 +2.6300e-06 +2.2000e-06 +1.7900e-06 +1.4300e-06 +1.0900e-06 +7.9000e-07 +5.2000e-07 +2.8000e-07 +8.0000e-08 -9.0000e-08 -2.3000e-07 -3.4000e-07 -4.1000e-07 -4.5000e-07 -4.6000e-07 -4.4000e-07 -3.8000e-07 -2.9000e-07 -1.7000e-07 -1.0000e-08 +1.7000e-07 +3.9000e-07 +6.4000e-07 +9.3000e-07 +1.2400e-06 +1.5900e-06 +1.9700e-06 +2.3900e-06 +2.8400e-06 +3.3200e-06 +3.8300e-06 +4.3800e-06 +4.9600e-06 +5.5700e-06 +6.2200e-06 +6.9000e-06 +7.6100e-06 +8.3600e-06 +9.1400e-06 +9.9600e-06 +1.0810e-05 +1.1700e-05 +1.2620e-05 +1.3570e-05 +1.4560e-05 
+0000.00100 +1.4450e-05 +1.3440e-05 +1.2480e-05 +1.1550e-05 +1.0670e-05 +9.8200e-06 +9.0000e-06 +8.2300e-06 +7.4900e-06 +6.7900e-06 +6.1200e-06 +5.4900e-06 +4.8900e-06 +4.3300e-06 +3.8000e-06 +3.3000e-06 +2.8400e-06 +2.4100e-06 +2.0200e-06 +1.6600e-06 +1.3300e-06 +1.0300e-06 +7.7000e-07 +5.4000e-07 +3.4000e-07 +1.7000e-07 +3.0000e-08 -7.0000e-08 -1.4000e-07 -1.8000e-07 -1.9000e-07 -1.7000e-07 -1.2000e-07 -3.0000e-08 +9.0000e-08 +2.4000e-07 +4.2000e-07 +6.3000e-07 +8.7000e-07 +1.1500e-06 +1.4600e-06 +1.8000e-06 +2.1800e-06 +2.5800e-06 +3.0200e-06 +3.5000e-06 +4.0000e-06 +4.5500e-06 +5.1200e-06 +5.7300e-06 +6.3700e-06 +7.0500e-06 +7.7700e-06 +8.5200e-06 +9.3100e-06 +1.0130e-05 +1.0990e-05 +1.1890e-05 +1.2820e-05 +1.3800e-05 +1.4810e-05 
+0000.00050 +1.4590e-05 +1.3580e-05 +1.2610e-05 +1.1680e-05 +1.0780e-05 +9.9300e-06 +9.1200e-06 +8.3400e-06 +7.6000e-06 +6.9000e-06 +6.2300e-06 +5.6000e-06 +5.0100e-06 +4.4500e-06 +3.9200e-06 +3.4300e-06 +2.9700e-06 +2.5400e-06 +2.1500e-06 +1.7900e-06 +1.4700e-06 +1.1700e-06 +9.1000e-07 +6.8000e-07 +4.8000e-07 +3.2000e-07 +1.8000e-07 +8.0000e-08 +1.0000e-08 -4.0000e-08 -5.0000e-08 -2.0000e-08 +3.0000e-08 +1.1000e-07 +2.3000e-07 +3.8000e-07 +5.5000e-07 +7.6000e-07 +1.0100e-06 +1.2800e-06 +1.5900e-06 +1.9300e-06 +2.3000e-06 +2.7000e-06 +3.1400e-06 +3.6100e-06 +4.1100e-06 +4.6500e-06 +5.2300e-06 +5.8300e-06 +6.4800e-06 +7.1600e-06 +7.8700e-06 +8.6300e-06 +9.4200e-06 +1.0250e-05 +1.1110e-05 +1.2020e-05 +1.2960e-05 +1.3950e-05 +1.4970e-05 
+0000.00000 +1.4640e-05 +1.3630e-05 +1.2650e-05 +1.1720e-05 +1.0830e-05 +9.9700e-06 +9.1600e-06 +8.3800e-06 +7.6400e-06 +6.9400e-06 +6.2700e-06 +5.6400e-06 +5.0400e-06 +4.4800e-06 +3.9600e-06 +3.4700e-06 +3.0100e-06 +2.5800e-06 +2.1900e-06 +1.8300e-06 +1.5100e-06 +1.2200e-06 +9.5000e-07 +7.3000e-07 +5.3000e-07 +3.6000e-07 +2.3000e-07 +1.2000e-07 +5.0000e-08 +1.0000e-08 +0.0000e+00 +2.0000e-08 +8.0000e-08 +1.6000e-07 +2.8000e-07 +4.2000e-07 +6.0000e-07 +8.1000e-07 +1.0500e-06 +1.3200e-06 +1.6300e-06 +1.9700e-06 +2.3400e-06 +2.7400e-06 +3.1800e-06 +3.6500e-06 +4.1500e-06 +4.6900e-06 +5.2600e-06 +5.8700e-06 +6.5200e-06 +7.2000e-06 +7.9100e-06 +8.6700e-06 +9.4600e-06 +1.0290e-05 +1.1150e-05 +1.2060e-05 +1.3010e-05 +1.4000e-05 +1.5030e-05 
-0000.00050 +1.4590e-05 +1.3580e-05 +1.2600e-05 +1.1670e-05 +1.0780e-05 +9.9300e-06 +9.1200e-06 +8.3400e-06 +7.6000e-06 +6.9000e-06 +6.2300e-06 +5.6000e-06 +5.0000e-06 +4.4400e-06 +3.9200e-06 +3.4300e-06 +2.9700e-06 +2.5400e-06 +2.1500e-06 +1.7900e-06 +1.4700e-06 +1.1700e-06 +9.1000e-07 +6.8000e-07 +4.8000e-07 +3.2000e-07 +1.8000e-07 +8.0000e-08 +0.0000e+00 -4.0000e-08 -5.0000e-08 -2.0000e-08 +3.0000e-08 +1.1000e-07 +2.3000e-07 +3.8000e-07 +5.5000e-07 +7.6000e-07 +1.0100e-06 +1.2800e-06 +1.5900e-06 +1.9300e-06 +2.3000e-06 +2.7000e-06 +3.1400e-06 +3.6100e-06 +4.1100e-06 +4.6500e-06 +5.2300e-06 +5.8400e-06 +6.4800e-06 +7.1600e-06 +7.8700e-06 +8.6300e-06 +9.4200e-06 +1.0250e-05 +1.1110e-05 +1.2020e-05 +1.2960e-05 +1.3950e-05 +1.4970e-05 
-0000.00100 +1.4440e-05 +1.3440e-05 +1.2480e-05 +1.1550e-05 +1.0660e-05 +9.8200e-06 +9.0000e-06 +8.2300e-06 +7.4900e-06 +6.7800e-06 +6.1200e-06 +5.4800e-06 +4.8900e-06 +4.3200e-06 +3.8000e-06 +3.3000e-06 +2.8400e-06 +2.4100e-06 +2.0200e-06 +1.6600e-06 +1.3300e-06 +1.0300e-06 +7.7000e-07 +5.3000e-07 +3.4000e-07 +1.7000e-07 +3.0000e-08 -7.0000e-08 -1.4000e-07 -1.9000e-07 -1.9000e-07 -1.7000e-07 -1.2000e-07 -3.0000e-08 +9.0000e-08 +2.4000e-07 +4.2000e-07 +6.3000e-07 +8.7000e-07 +1.1500e-06 +1.4600e-06 +1.8000e-06 +2.1800e-06 +2.5900e-06 +3.0300e-06 +3.5000e-06 +4.0100e-06 +4.5500e-06 +5.1200e-06 +5.7300e-06 +6.3800e-06 +7.0600e-06 +7.7700e-06 +8.5200e-06 +9.3100e-06 +1.0130e-05 +1.0990e-05 +1.1890e-05 +1.2830e-05 +1.3800e-05 +1.4810e-05 
-0000.00150 +1.4230e-05 +1.3250e-05 +1.2290e-05 +1.1380e-05 +1.0490e-05 +9.6500e-06 +8.8400e-06 +8.0600e-06 +7.3200e-06 +6.6200e-06 +5.9400e-06 +5.3100e-06 +4.7000e-06 +4.1300e-06 +3.6000e-06 +3.1000e-06 +2.6300e-06 +2.1900e-06 +1.7900e-06 +1.4200e-06 +1.0900e-06 +7.9000e-07 +5.2000e-07 +2.8000e-07 +8.0000e-08 -9.0000e-08 -2.3000e-07 -3.4000e-07 -4.1000e-07 -4.5000e-07 -4.6000e-07 -4.3000e-07 -3.8000e-07 -2.9000e-07 -1.7000e-07 -1.0000e-08 +1.8000e-07 +3.9000e-07 +6.5000e-07 +9.3000e-07 +1.2500e-06 +1.6000e-06 +1.9800e-06 +2.3900e-06 +2.8400e-06 +3.3200e-06 +3.8400e-06 +4.3800e-06 +4.9600e-06 +5.5800e-06 +6.2200e-06 +6.9000e-06 +7.6200e-06 +8.3700e-06 +9.1500e-06 +9.9600e-06 +1.0810e-05 +1.1700e-05 +1.2620e-05 +1.3570e-05 +1.4560e-05 
-0000.00200 +1.5160e-05 +1.4180e-05 +1.3230e-05 +1.2310e-05 +1.1430e-05 +1.0580e-05 +9.7500e-06 +8.9600e-06 +8.2100e-06 +7.4800e-06 +6.7900e-06 +6.1300e-06 +5.5100e-06 +4.9100e-06 +4.3500e-06 +3.8300e-06 +3.3400e-06 +2.8800e-06 +2.4600e-06 +2.0700e-06 +1.7200e-06 +1.4000e-06 +1.1100e-06 +8.6000e-07 +6.5000e-07 +4.6000e-07 +3.2000e-07 +2.1000e-07 +1.3000e-07 +9.0000e-08 +8.0000e-08 +1.1000e-07 +1.7000e-07 +2.7000e-07 +4.0000e-07 +5.6000e-07 +7.6000e-07 +9.9000e-07 +1.2600e-06 +1.5600e-06 +1.9000e-06 +2.2700e-06 +2.6700e-06 +3.1000e-06 +3.5700e-06 +4.0700e-06 +4.6100e-06 +5.1700e-06 +5.7700e-06 +6.4000e-06 +7.0600e-06 +7.7500e-06 +8.4800e-06 +9.2300e-06 +1.0010e-05 +1.0830e-05 +1.1670e-05 +1.2540e-05 +1.3450e-05 +1.4380e-05 +1.5330e-05 
# Total Vertical 2nd Order Kick [T2m2]
START
            -0000.01000 -0000.00967 -0000.00933 -0000.00900 -0000.00867 -0000.00833 -0000.00800 -0000.00767 -0000.00733 -0000.00700 -0000.00667 -0000.00633 -0000.00600 -0000.00567 -0000.00533 -0000.00500 -0000.00467 -0000.00433 -0000.00400 -0000.00367 -0000.00333 -0000.00300 -0000.00267 -0000.00233 -0000.00200 -0000.00167 -0000.00133 -0000.00100 -0000.00067 -0000.00033 +0000.00000 +0000.00033 +0000.00067 +0000.00100 +0000.00133 +0000.00167 +0000.00200 +0000.00233 +0000.00267 +0000.00300 +0000.00333 +0000.00367 +0000.00400 +0000.00433 +0000.00467 +0000.00500 +0000.00533 +0000.00567 +0000.00600 +0000.00633 +0000.00667 +0000.00700 +0000.00733 +0000.00767 +0000.00800 +0000.00833 +0000.00867 +0000.00900 +0000.00933 +0000.00967 +0000.01000 
+0000.00200 -1.5154e-04 -1.5161e-04 -1.5169e-04 -1.5178e-04 -1.5189e-04 -1.5200e-04 -1.5213e-04 -1.5226e-04 -1.5240e-04 -1.5256e-04 -1.5272e-04 -1.5289e-04 -1.5307e-04 -1.5325e-04 -1.5344e-04 -1.5364e-04 -1.5384e-04 -1.5404e-04 -1.5426e-04 -1.5447e-04 -1.5469e-04 -1.5492e-04 -1.5514e-04 -1.5537e-04 -1.5560e-04 -1.5583e-04 -1.5607e-04 -1.5630e-04 -1.5654e-04 -1.5677e-04 -1.5701e-04 -1.5724e-04 -1.5748e-04 -1.5771e-04 -1.5794e-04 -1.5816e-04 -1.5839e-04 -1.5861e-04 -1.5883e-04 -1.5905e-04 -1.5926e-04 -1.5947e-04 -1.5967e-04 -1.5987e-04 -1.6006e-04 -1.6025e-04 -1.6043e-04 -1.6060e-04 -1.6077e-04 -1.6093e-04 -1.6109e-04 -1.6123e-04 -1.6137e-04 -1.6150e-04 -1.6163e-04 -1.6174e-04 -1.6185e-04 -1.6194e-04 -1.6203e-04 -1.6211e-04 -1.6217e-04 
+0000.00150 -9.9245e-05 -9.9356e-05 -9.9471e-05 -9.9589e-05 -9.9711e-05 -9.9837e-05 -9.9965e-05 -1.0009e-04 -1.0023e-04 -1.0036e-04 -1.0050e-04 -1.0064e-04 -1.0079e-04 -1.0093e-04 -1.0108e-04 -1.0123e-04 -1.0138e-04 -1.0154e-04 -1.0169e-04 -1.0185e-04 -1.0201e-04 -1.0216e-04 -1.0232e-04 -1.0248e-04 -1.0264e-04 -1.0280e-04 -1.0297e-04 -1.0313e-04 -1.0329e-04 -1.0345e-04 -1.0361e-04 -1.0377e-04 -1.0394e-04 -1.0410e-04 -1.0426e-04 -1.0442e-04 -1.0458e-04 -1.0473e-04 -1.0489e-04 -1.0505e-04 -1.0520e-04 -1.0536e-04 -1.0551e-04 -1.0566e-04 -1.0581e-04 -1.0596e-04 -1.0610e-04 -1.0625e-04 -1.0639e-04 -1.0653e-04 -1.0667e-04 -1.0681e-04 -1.0694e-04 -1.0707e-04 -1.0720e-04 -1.0733e-04 -1.0745e-04 -1.0757e-04 -1.0769e-04 -1.0780e-04 -1.0792e-04 
+0000.00100 -6.0022e-05 -6.0117e-05 -6.0212e-05 -6.0309e-05 -6.0405e-05 -6.0502e-05 -6.0600e-05 -6.0698e-05 -6.0797e-05 -6.0896e-05 -6.0995e-05 -6.1095e-05 -6.1195e-05 -6.1295e-05 -6.1396e-05 -6.1497e-05 -6.1598e-05 -6.1700e-05 -6.1801e-05 -6.1903e-05 -6.2005e-05 -6.2107e-05 -6.2209e-05 -6.2311e-05 -6.2413e-05 -6.2515e-05 -6.2617e-05 -6.2720e-05 -6.2822e-05 -6.2924e-05 -6.3026e-05 -6.3128e-05 -6.3230e-05 -6.3332e-05 -6.3434e-05 -6.3536e-05 -6.3637e-05 -6.3739e-05 -6.3840e-05 -6.3941e-05 -6.4042e-05 -6.4142e-05 -6.4243e-05 -6.4343e-05 -6.4443e-05 -6.4543e-05 -6.4643e-05 -6.4742e-05 -6.4841e-05 -6.4940e-05 -6.5039e-05 -6.5137e-05 -6.5235e-05 -6.5333e-05 -6.5431e-05 -6.5528e-05 -6.5625e-05 -6.5722e-05 -6.5818e-05 -6.5915e-05 -6.6011e-05 
+0000.00050 -2.8289e-05 -2.8341e-05 -2.8393e-05 -2.8445e-05 -2.8497e-05 -2.8548e-05 -2.8600e-05 -2.8651e-05 -2.8702e-05 -2.8753e-05 -2.8804e-05 -2.8855e-05 -2.8906e-05 -2.8957e-05 -2.9007e-05 -2.9058e-05 -2.9108e-05 -2.9159e-05 -2.9209e-05 -2.9259e-05 -2.9309e-05 -2.9359e-05 -2.9409e-05 -2.9459e-05 -2.9509e-05 -2.9559e-05 -2.9609e-05 -2.9659e-05 -2.9708e-05 -2.9758e-05 -2.9808e-05 -2.9858e-05 -2.9907e-05 -2.9957e-05 -3.0007e-05 -3.0057e-05 -3.0106e-05 -3.0156e-05 -3.0206e-05 -3.0256e-05 -3.0306e-05 -3.0356e-05 -3.0406e-05 -3.0456e-05 -3.0507e-05 -3.0557e-05 -3.0607e-05 -3.0658e-05 -3.0709e-05 -3.0760e-05 -3.0811e-05 -3.0862e-05 -3.0913e-05 -3.0965e-05 -3.1016e-05 -3.1068e-05 -3.1120e-05 -3.1173e-05 -3.1225e-05 -3.1278e-05 -3.1331e-05 
+0000.00000 -1.0522e-08 -9.9030e-09 -9.2940e-09 -8.6930e-09 -8.1050e-09 -7.5280e-09 -6.9660e-09 -6.4190e-09 -5.8870e-09 -5.3730e-09 -4.8780e-09 -4.4010e-09 -3.9450e-09 -3.5100e-09 -3.0970e-09 -2.7070e-09 -2.3410e-09 -1.9990e-09 -1.6810e-09 -1.3900e-09 -1.1250e-09 -8.8600e-10 -6.7400e-10 -4.9000e-10 -3.3400e-10 -2.0700e-10 -1.0700e-10 -3.7000e-11 +4.0000e-12 +1.7000e-11 +0.0000e+00 -4.6000e-11 -1.2100e-10 -2.2500e-10 -3.5800e-10 -5.2000e-10 -7.1100e-10 -9.3000e-10 -1.1770e-09 -1.4520e-09 -1.7540e-09 -2.0820e-09 -2.4380e-09 -2.8180e-09 -3.2240e-09 -3.6550e-09 -4.1090e-09 -4.5870e-09 -5.0870e-09 -5.6080e-09 -6.1490e-09 -6.7110e-09 -7.2900e-09 -7.8880e-09 -8.5020e-09 -9.1310e-09 -9.7740e-09 -1.0431e-08 -1.1099e-08 -1.1777e-08 -1.2464e-08 
-0000.00050 +2.8268e-05 +2.8322e-05 +2.8375e-05 +2.8428e-05 +2.8481e-05 +2.8533e-05 +2.8586e-05 +2.8638e-05 +2.8691e-05 +2.8743e-05 +2.8795e-05 +2.8846e-05 +2.8898e-05 +2.8950e-05 +2.9001e-05 +2.9052e-05 +2.9104e-05 +2.9155e-05 +2.9206e-05 +2.9256e-05 +2.9307e-05 +2.9358e-05 +2.9408e-05 +2.9458e-05 +2.9509e-05 +2.9559e-05 +2.9609e-05 +2.9659e-05 +2.9709e-05 +2.9758e-05 +2.9808e-05 +2.9858e-05 +2.9907e-05 +2.9957e-05 +3.0006e-05 +3.0056e-05 +3.0105e-05 +3.0155e-05 +3.0204e-05 +3.0253e-05 +3.0303e-05 +3.0352e-05 +3.0402e-05 +3.0451e-05 +3.0501e-05 +3.0550e-05 +3.0600e-05 +3.0649e-05 +3.0699e-05 +3.0749e-05 +3.0799e-05 +3.0849e-05 +3.0899e-05 +3.0949e-05 +3.1000e-05 +3.1050e-05 +3.1101e-05 +3.1152e-05 +3.1203e-05 +3.1255e-05 +3.1306e-05 
-0000.00100 +6.0001e-05 +6.0097e-05 +6.0194e-05 +6.0291e-05 +6.0389e-05 +6.0488e-05 +6.0587e-05 +6.0686e-05 +6.0786e-05 +6.0886e-05 +6.0986e-05 +6.1087e-05 +6.1188e-05 +6.1289e-05 +6.1390e-05 +6.1492e-05 +6.1594e-05 +6.1696e-05 +6.1798e-05 +6.1900e-05 +6.2003e-05 +6.2105e-05 +6.2207e-05 +6.2310e-05 +6.2412e-05 +6.2515e-05 +6.2617e-05 +6.2720e-05 +6.2822e-05 +6.2924e-05 +6.3026e-05 +6.3128e-05 +6.3230e-05 +6.3332e-05 +6.3433e-05 +6.3535e-05 +6.3636e-05 +6.3737e-05 +6.3838e-05 +6.3938e-05 +6.4038e-05 +6.4139e-05 +6.4238e-05 +6.4338e-05 +6.4437e-05 +6.4536e-05 +6.4635e-05 +6.4733e-05 +6.4832e-05 +6.4929e-05 +6.5027e-05 +6.5124e-05 +6.5221e-05 +6.5318e-05 +6.5414e-05 +6.5510e-05 +6.5606e-05 +6.5701e-05 +6.5796e-05 +6.5891e-05 +6.5985e-05 
-0000.00150 +9.9223e-05 +9.9336e-05 +9.9452e-05 +9.9572e-05 +9.9696e-05 +9.9822e-05 +9.9952e-05 +1.0009e-04 +1.0022e-04 +1.0036e-04 +1.0050e-04 +1.0064e-04 +1.0079e-04 +1.0094e-04 +1.0109e-04 +1.0124e-04 +1.0139e-04 +1.0154e-04 +1.0170e-04 +1.0185e-04 +1.0201e-04 +1.0217e-04 +1.0233e-04 +1.0249e-04 +1.0265e-04 +1.0281e-04 +1.0297e-04 +1.0313e-04 +1.0330e-04 +1.0346e-04 +1.0362e-04 +1.0378e-04 +1.0394e-04 +1.0410e-04 +1.0426e-04 +1.0442e-04 +1.0458e-04 +1.0474e-04 +1.0490e-04 +1.0505e-04 +1.0521e-04 +1.0536e-04 +1.0551e-04 +1.0566e-04 +1.0581e-04 +1.0596e-04 +1.0610e-04 +1.0625e-04 +1.0639e-04 +1.0653e-04 +1.0667e-04 +1.0680e-04 +1.0693e-04 +1.0706e-04 +1.0719e-04 +1.0732e-04 +1.0744e-04 +1.0756e-04 +1.0767e-04 +1.0779e-04 +1.0790e-04 
-0000.00200 +1.5153e-04 +1.5160e-04 +1.5168e-04 +1.5177e-04 +1.5188e-04 +1.5200e-04 +1.5212e-04 +1.5226e-04 +1.5240e-04 +1.5256e-04 +1.5272e-04 +1.5289e-04 +1.5307e-04 +1.5325e-04 +1.5344e-04 +1.5364e-04 +1.5384e-04 +1.5405e-04 +1.5426e-04 +1.5448e-04 +1.5470e-04 +1.5492e-04 +1.5515e-04 +1.5538e-04 +1.5561e-04 +1.5584e-04 +1.5608e-04 +1.5631e-04 +1.5655e-04 +1.5678e-04 +1.5702e-04 +1.5725e-04 +1.5748e-04 +1.5771e-04 +1.5794e-04 +1.5817e-04 +1.5840e-04 +1.5862e-04 +1.5884e-04 +1.5905e-04 +1.5926e-04 +1.5947e-04 +1.5967e-04 +1.5987e-04 +1.6006e-04 +1.6025e-04 +1.6043e-04 +1.6060e-04 +1.6077e-04 +1.6093e-04 +1.6108e-04 +1.6123e-04 +1.6137e-04 +1.6150e-04 +1.6162e-04 +1.6173e-04 +1.6183e-04 +1.6193e-04 +1.6201e-04 +1.6209e-04 +1.6215e-04 
# Horizontal Final Position [m]
START
            -0000.01000 -0000.00967 -0000.00933 -0000.00900 -0000.00867 -0000.00833 -0000.00800 -0000.00767 -0000.00733 -0000.00700 -0000.00667 -0000.00633 -0000.00600 -0000.00567 -0000.00533 -0000.00500 -0000.00467 -0000.00433 -0000.00400 -0000.00367 -0000.00333 -0000.00300 -0000.00267 -0000.00233 -0000.00200 -0000.00167 -0000.00133 -0000.00100 -0000.00067 -0000.00033 +0000.00000 +0000.00033 +0000.00067 +0000.00100 +0000.00133 +0000.00167 +0000.00200 +0000.00233 +0000.00267 +0000.00300 +0000.00333 +0000.00367 +0000.00400 +0000.00433 +0000.00467 +0000.00500 +0000.00533 +0000.00567 +0000.00600 +0000.00633 +0000.00667 +0000.00700 +0000.00733 +0000.00767 +0000.00800 +0000.00833 +0000.00867 +0000.00900 +0000.00933 +0000.00967 +0000.01000 
+0000.00200 -1.0001e-02 -9.6676e-03 -9.3342e-03 -9.0009e-03 -8.6676e-03 -8.3342e-03 -8.0009e-03 -7.6676e-03 -7.3342e-03 -7.0009e-03 -6.6676e-03 -6.3343e-03 -6.0009e-03 -5.6676e-03 -5.3343e-03 -5.0010e-03 -4.6677e-03 -4.3343e-03 -4.0010e-03 -3.6677e-03 -3.3344e-03 -3.0011e-03 -2.6677e-03 -2.3344e-03 -2.0011e-03 -1.6677e-03 -1.3344e-03 -1.0011e-03 -6.6776e-04 -3.3443e-04 -1.0923e-06 +3.3224e-04 +6.6558e-04 +9.9891e-04 +1.3323e-03 +1.6656e-03 +1.9989e-03 +2.3323e-03 +2.6656e-03 +2.9990e-03 +3.3323e-03 +3.6656e-03 +3.9990e-03 +4.3323e-03 +4.6657e-03 +4.9990e-03 +5.3324e-03 +5.6657e-03 +5.9991e-03 +6.3324e-03 +6.6658e-03 +6.9991e-03 +7.3325e-03 +7.6658e-03 +7.9991e-03 +8.3325e-03 +8.6658e-03 +8.9991e-03 +9.3325e-03 +9.6658e-03 +9.9991e-03 
+0000.00150 -1.0001e-02 -9.6676e-03 -9.3342e-03 -9.0009e-03 -8.6676e-03 -8.3342e-03 -8.0009e-03 -7.6676e-03 -7.3342e-03 -7.0009e-03 -6.6676e-03 -6.3343e-03 -6.0009e-03 -5.6676e-03 -5.3343e-03 -5.0010e-03 -4.6677e-03 -4.3343e-03 -4.0010e-03 -3.6677e-03 -3.3344e-03 -3.0011e-03 -2.6677e-03 -2.3344e-03 -2.0011e-03 -1.6677e-03 -1.3344e-03 -1.0011e-03 -6.6776e-04 -3.3443e-04 -1.0938e-06 +3.3224e-04 +6.6558e-04 +9.9891e-04 +1.3323e-03 +1.6656e-03 +1.9989e-03 +2.3323e-03 +2.6656e-03 +2.9990e-03 +3.3323e-03 +3.6656e-03 +3.9990e-03 +4.3323e-03 +4.6657e-03 +4.9990e-03 +5.3324e-03 +5.6657e-03 +5.9991e-03 +6.3324e-03 +6.6658e-03 +6.9991e-03 +7.3325e-03 +7.6658e-03 +7.9991e-03 +8.3325e-03 +8.6658e-03 +8.9991e-03 +9.3325e-03 +9.6658e-03 +9.9991e-03 
+0000.00100 -1.0001e-02 -9.6676e-03 -9.3342e-03 -9.0009e-03 -8.6676e-03 -8.3342e-03 -8.0009e-03 -7.6676e-03 -7.3342e-03 -7.0009e-03 -6.6676e-03 -6.3343e-03 -6.0009e-03 -5.6676e-03 -5.3343e-03 -5.0010e-03 -4.6677e-03 -4.3343e-03 -4.0010e-03 -3.6677e-03 -3.3344e-03 -3.0011e-03 -2.6677e-03 -2.3344e-03 -2.0011e-03 -1.6677e-03 -1.3344e-03 -1.0011e-03 -6.6776e-04 -3.3443e-04 -1.0938e-06 +3.3224e-04 +6.6558e-04 +9.9891e-04 +1.3323e-03 +1.6656e-03 +1.9989e-03 +2.3323e-03 +2.6656e-03 +2.9990e-03 +3.3323e-03 +3.6656e-03 +3.9990e-03 +4.3323e-03 +4.6657e-03 +4.9990e-03 +5.3324e-03 +5.6657e-03 +5.9991e-03 +6.3324e-03 +6.6658e-03 +6.9991e-03 +7.3325e-03 +7.6658e-03 +7.9991e-03 +8.3325e-03 +8.6658e-03 +8.9991e-03 +9.3325e-03 +9.6658e-03 +9.9991e-03 
+0000.00050 -1.0001e-02 -9.6676e-03 -9.3342e-03 -9.0009e-03 -8.6676e-03 -8.3342e-03 -8.0009e-03 -7.6676e-03 -7.3342e-03 -7.0009e-03 -6.6676e-03 -6.3343e-03 -6.0009e-03 -5.6676e-03 -5.3343e-03 -5.0010e-03 -4.6677e-03 -4.3343e-03 -4.0010e-03 -3.6677e-03 -3.3344e-03 -3.0011e-03 -2.6677e-03 -2.3344e-03 -2.0011e-03 -1.6677e-03 -1.3344e-03 -1.0011e-03 -6.6776e-04 -3.3443e-04 -1.0938e-06 +3.3224e-04 +6.6558e-04 +9.9891e-04 +1.3323e-03 +1.6656e-03 +1.9989e-03 +2.3323e-03 +2.6656e-03 +2.9990e-03 +3.3323e-03 +3.6656e-03 +3.9990e-03 +4.3323e-03 +4.6657e-03 +4.9990e-03 +5.3324e-03 +5.6657e-03 +5.9991e-03 +6.3324e-03 +6.6658e-03 +6.9991e-03 +7.3325e-03 +7.6658e-03 +7.9991e-03 +8.3325e-03 +8.6658e-03 +8.9991e-03 +9.3325e-03 +9.6658e-03 +9.9991e-03 
+0000.00000 -1.0001e-02 -9.6676e-03 -9.3342e-03 -9.0009e-03 -8.6676e-03 -8.3342e-03 -8.0009e-03 -7.6676e-03 -7.3342e-03 -7.0009e-03 -6.6676e-03 -6.3343e-03 -6.0009e-03 -5.6676e-03 -5.3343e-03 -5.0010e-03 -4.6677e-03 -4.3343e-03 -4.0010e-03 -3.6677e-03 -3.3344e-03 -3.0011e-03 -2.6677e-03 -2.3344e-03 -2.0011e-03 -1.6677e-03 -1.3344e-03 -1.0011e-03 -6.6776e-04 -3.3443e-04 -1.0938e-06 +3.3224e-04 +6.6558e-04 +9.9891e-04 +1.3323e-03 +1.6656e-03 +1.9989e-03 +2.3323e-03 +2.6656e-03 +2.9990e-03 +3.3323e-03 +3.6656e-03 +3.9990e-03 +4.3323e-03 +4.6657e-03 +4.9990e-03 +5.3324e-03 +5.6657e-03 +5.9991e-03 +6.3324e-03 +6.6658e-03 +6.9991e-03 +7.3325e-03 +7.6658e-03 +7.9991e-03 +8.3325e-03 +8.6658e-03 +8.9991e-03 +9.3325e-03 +9.6658e-03 +9.9991e-03 
-0000.00050 -1.0001e-02 -9.6676e-03 -9.3342e-03 -9.0009e-03 -8.6676e-03 -8.3342e-03 -8.0009e-03 -7.6676e-03 -7.3342e-03 -7.0009e-03 -6.6676e-03 -6.3343e-03 -6.0009e-03 -5.6676e-03 -5.3343e-03 -5.0010e-03 -4.6677e-03 -4.3343e-03 -4.0010e-03 -3.6677e-03 -3.3344e-03 -3.0011e-03 -2.6677e-03 -2.3344e-03 -2.0011e-03 -1.6677e-03 -1.3344e-03 -1.0011e-03 -6.6776e-04 -3.3443e-04 -1.0938e-06 +3.3224e-04 +6.6558e-04 +9.9891e-04 +1.3323e-03 +1.6656e-03 +1.9989e-03 +2.3323e-03 +2.6656e-03 +2.9990e-03 +3.3323e-03 +3.6656e-03 +3.9990e-03 +4.3323e-03 +4.6657e-03 +4.9990e-03 +5.3324e-03 +5.6657e-03 +5.9991e-03 +6.3324e-03 +6.6658e-03 +6.9991e-03 +7.3325e-03 +7.6658e-03 +7.9991e-03 +8.3325e-03 +8.6658e-03 +8.9991e-03 +9.3325e-03 +9.6658e-03 +9.9991e-03 
-0000.00100 -1.0001e-02 -9.6676e-03 -9.3342e-03 -9.0009e-03 -8.6676e-03 -8.3342e-03 -8.0009e-03 -7.6676e-03 -7.3342e-03 -7.0009e-03 -6.6676e-03 -6.3343e-03 -6.0009e-03 -5.6676e-03 -5.3343e-03 -5.0010e-03 -4.6677e-03 -4.3343e-03 -4.0010e-03 -3.6677e-03 -3.3344e-03 -3.0011e-03 -2.6677e-03 -2.3344e-03 -2.0011e-03 -1.6677e-03 -1.3344e-03 -1.0011e-03 -6.6776e-04 -3.3443e-04 -1.0938e-06 +3.3224e-04 +6.6558e-04 +9.9891e-04 +1.3323e-03 +1.6656e-03 +1.9989e-03 +2.3323e-03 +2.6656e-03 +2.9990e-03 +3.3323e-03 +3.6656e-03 +3.9990e-03 +4.3323e-03 +4.6657e-03 +4.9990e-03 +5.3324e-03 +5.6657e-03 +5.9991e-03 +6.3324e-03 +6.6658e-03 +6.9991e-03 +7.3325e-03 +7.6658e-03 +7.9991e-03 +8.3325e-03 +8.6658e-03 +8.9991e-03 +9.3325e-03 +9.6658e-03 +9.9991e-03 
-0000.00150 -1.0001e-02 -9.6676e-03 -9.3342e-03 -9.0009e-03 -8.6676e-03 -8.3342e-03 -8.0009e-03 -7.6676e-03 -7.3342e-03 -7.0009e-03 -6.6676e-03 -6.3343e-03 -6.0009e-03 -5.6676e-03 -5.3343e-03 -5.0010e-03 -4.6677e-03 -4.3343e-03 -4.0010e-03 -3.6677e-03 -3.3344e-03 -3.0011e-03 -2.6677e-03 -2.3344e-03 -2.0011e-03 -1.6677e-03 -1.3344e-03 -1.0011e-03 -6.6776e-04 -3.3443e-04 -1.0938e-06 +3.3224e-04 +6.6558e-04 +9.9891e-04 +1.3323e-03 +1.6656e-03 +1.9989e-03 +2.3323e-03 +2.6656e-03 +2.9990e-03 +3.3323e-03 +3.6656e-03 +3.9990e-03 +4.3323e-03 +4.6657e-03 +4.9990e-03 +5.3324e-03 +5.6657e-03 +5.9991e-03 +6.3324e-03 +6.6658e-03 +6.9991e-03 +7.3325e-03 +7.6658e-03 +7.9991e-03 +8.3325e-03 +8.6658e-03 +8.9991e-03 +9.3325e-03 +9.6658e-03 +9.9991e-03 
-0000.00200 -1.0001e-02 -9.6676e-03 -9.3342e-03 -9.0009e-03 -8.6676e-03 -8.3342e-03 -8.0009e-03 -7.6676e-03 -7.3342e-03 -7.0009e-03 -6.6676e-03 -6.3343e-03 -6.0009e-03 -5.6676e-03 -5.3343e-03 -5.0010e-03 -4.6677e-03 -4.3343e-03 -4.0010e-03 -3.6677e-03 -3.3344e-03 -3.0011e-03 -2.6677e-03 -2.3344e-03 -2.0011e-03 -1.6677e-03 -1.3344e-03 -1.0011e-03 -6.6776e-04 -3.3443e-04 -1.0923e-06 +3.3224e-04 +6.6558e-04 +9.9891e-04 +1.3323e-03 +1.6656e-03 +1.9989e-03 +2.3323e-03 +2.6656e-03 +2.9990e-03 +3.3323e-03 +3.6656e-03 +3.9990e-03 +4.3323e-03 +4.6657e-03 +4.9990e-03 +5.3324e-03 +5.6657e-03 +5.9991e-03 +6.3324e-03 +6.6658e-03 +6.9991e-03 +7.3325e-03 +7.6658e-03 +7.9991e-03 +8.3325e-03 +8.6658e-03 +8.9991e-03 +9.3325e-03 +9.6658e-03 +9.9991e-03 
# Vertical Final Position [m]
START
            -0000.01000 -0000.00967 -0000.00933 -0000.00900 -0000.00867 -0000.00833 -0000.00800 -0000.00767 -0000.00733 -0000.00700 -0000.00667 -0000.00633 -0000.00600 -0000.00567 -0000.00533 -0000.00500 -0000.00467 -0000.00433 -0000.00400 -0000.00367 -0000.00333 -0000.00300 -0000.00267 -0000.00233 -0000.00200 -0000.00167 -0000.00133 -0000.00100 -0000.00067 -0000.00033 +0000.00000 +0000.00033 +0000.00067 +0000.00100 +0000.00133 +0000.00167 +0000.00200 +0000.00233 +0000.00267 +0000.00300 +0000.00333 +0000.00367 +0000.00400 +0000.00433 +0000.00467 +0000.00500 +0000.00533 +0000.00567 +0000.00600 +0000.00633 +0000.00667 +0000.00700 +0000.00733 +0000.00767 +0000.00800 +0000.00833 +0000.00867 +0000.00900 +0000.00933 +0000.00967 +0000.01000 
+0000.00200 +2.0000e-03 +2.0000e-03 +2.0000e-03 +2.0000e-03 +2.0000e-03 +2.0000e-03 +2.0000e-03 +2.0000e-03 +1.9999e-03 +1.9999e-03 +1.9999e-03 +1.9999e-03 +1.9999e-03 +1.9999e-03 +1.9999e-03 +1.9999e-03 +1.9999e-03 +1.9999e-03 +1.9999e-03 +1.9999e-03 +1.9999e-03 +1.9999e-03 +1.9999e-03 +1.9999e-03 +1.9999e-03 +1.9999e-03 +1.9999e-03 +1.9999e-03 +1.9999e-03 +1.9998e-03 +1.9998e-03 +1.9998e-03 +1.9998e-03 +1.9998e-03 +1.9998e-03 +1.9998e-03 +1.9998e-03 +1.9998e-03 +1.9998e-03 +1.9998e-03 +1.9998e-03 +1.9998e-03 +1.9998e-03 +1.9998e-03 +1.9998e-03 +1.9998e-03 +1.9998e-03 +1.9998e-03 +1.9998e-03 +1.9997e-03 +1.9997e-03 +1.9997e-03 +1.9997e-03 +1.9997e-03 +1.9997e-03 +1.9997e-03 +1.9997e-03 +1.9997e-03 +1.9997e-03 +1.9997e-03 +1.9997e-03 
+0000.00150 +1.5000e-03 +1.5000e-03 +1.5000e-03 +1.5000e-03 +1.5000e-03 +1.5000e-03 +1.5000e-03 +1.5000e-03 +1.5000e-03 +1.5000e-03 +1.5000e-03 +1.5000e-03 +1.5000e-03 +1.5000e-03 +1.5000e-03 +1.5000e-03 +1.4999e-03 +1.4999e-03 +1.4999e-03 +1.4999e-03 +1.4999e-03 +1.4999e-03 +1.4999e-03 +1.4999e-03 +1.4999e-03 +1.4999e-03 +1.4999e-03 +1.4999e-03 +1.4999e-03 +1.4999e-03 +1.4999e-03 +1.4999e-03 +1.4999e-03 +1.4999e-03 +1.4999e-03 +1.4999e-03 +1.4999e-03 +1.4999e-03 +1.4999e-03 +1.4999e-03 +1.4999e-03 +1.4999e-03 +1.4998e-03 +1.4998e-03 +1.4998e-03 +1.4998e-03 +1.4998e-03 +1.4998e-03 +1.4998e-03 +1.4998e-03 +1.4998e-03 +1.4998e-03 +1.4998e-03 +1.4998e-03 +1.4998e-03 +1.4998e-03 +1.4998e-03 +1.4998e-03 +1.4998e-03 +1.4998e-03 +1.4998e-03 
+0000.00100 +1.0000e-03 +1.0000e-03 +1.0000e-03 +1.0000e-03 +9.9999e-04 +9.9999e-04 +9.9999e-04 +9.9999e-04 +9.9999e-04 +9.9998e-04 +9.9998e-04 +9.9998e-04 +9.9998e-04 +9.9998e-04 +9.9997e-04 +9.9997e-04 +9.9997e-04 +9.9997e-04 +9.9996e-04 +9.9996e-04 +9.9996e-04 +9.9996e-04 +9.9996e-04 +9.9995e-04 +9.9995e-04 +9.9995e-04 +9.9995e-04 +9.9994e-04 +9.9994e-04 +9.9994e-04 +9.9994e-04 +9.9993e-04 +9.9993e-04 +9.9993e-04 +9.9993e-04 +9.9993e-04 +9.9992e-04 +9.9992e-04 +9.9992e-04 +9.9992e-04 +9.9991e-04 +9.9991e-04 +9.9991e-04 +9.9991e-04 +9.9991e-04 +9.9990e-04 +9.9990e-04 +9.9990e-04 +9.9990e-04 +9.9989e-04 +9.9989e-04 +9.9989e-04 +9.9989e-04 +9.9988e-04 +9.9988e-04 +9.9988e-04 +9.9988e-04 +9.9987e-04 +9.9987e-04 +9.9987e-04 +9.9986e-04 
+0000.00050 +5.0001e-04 +5.0001e-04 +5.0000e-04 +5.0000e-04 +5.0000e-04 +5.0000e-04 +5.0000e-04 +5.0000e-04 +5.0000e-04 +4.9999e-04 +4.9999e-04 +4.9999e-04 +4.9999e-04 +4.9999e-04 +4.9999e-04 +4.9999e-04 +4.9998e-04 +4.9998e-04 +4.9998e-04 +4.9998e-04 +4.9998e-04 +4.9998e-04 +4.9998e-04 +4.9998e-04 +4.9998e-04 +4.9998e-04 +4.9997e-04 +4.9997e-04 +4.9997e-04 +4.9997e-04 +4.9997e-04 +4.9997e-04 +4.9997e-04 +4.9997e-04 +4.9997e-04 +4.9996e-04 +4.9996e-04 +4.9996e-04 +4.9996e-04 +4.9996e-04 +4.9996e-04 +4.9996e-04 +4.9996e-04 +4.9996e-04 +4.9996e-04 +4.9995e-04 +4.9995e-04 +4.9995e-04 +4.9995e-04 +4.9995e-04 +4.9995e-04 +4.9995e-04 +4.9994e-04 +4.9994e-04 +4.9994e-04 +4.9994e-04 +4.9994e-04 +4.9994e-04 +4.9994e-04 +4.9993e-04 +4.9993e-04 
+0000.00000 -5.5098e-11 -5.4838e-11 -5.4580e-11 -5.4325e-11 -5.4073e-11 -5.3826e-11 -5.3584e-11 -5.3347e-11 -5.3117e-11 -5.2894e-11 -5.2678e-11 -5.2470e-11 -5.2271e-11 -5.2082e-11 -5.1901e-11 -5.1732e-11 -5.1572e-11 -5.1424e-11 -5.1287e-11 -5.1162e-11 -5.1050e-11 -5.0949e-11 -5.0862e-11 -5.0787e-11 -5.0725e-11 -5.0677e-11 -5.0643e-11 -5.0622e-11 -5.0616e-11 -5.0623e-11 -5.0644e-11 -5.0679e-11 -5.0729e-11 -5.0793e-11 -5.0870e-11 -5.0962e-11 -5.1068e-11 -5.1187e-11 -5.1321e-11 -5.1468e-11 -5.1628e-11 -5.1801e-11 -5.1987e-11 -5.2186e-11 -5.2397e-11 -5.2620e-11 -5.2855e-11 -5.3101e-11 -5.3358e-11 -5.3626e-11 -5.3903e-11 -5.4190e-11 -5.4486e-11 -5.4791e-11 -5.5103e-11 -5.5423e-11 -5.5750e-11 -5.6082e-11 -5.6420e-11 -5.6763e-11 -5.7110e-11 
-0000.00050 -5.0001e-04 -5.0001e-04 -5.0000e-04 -5.0000e-04 -5.0000e-04 -5.0000e-04 -5.0000e-04 -5.0000e-04 -5.0000e-04 -4.9999e-04 -4.9999e-04 -4.9999e-04 -4.9999e-04 -4.9999e-04 -4.9999e-04 -4.9999e-04 -4.9998e-04 -4.9998e-04 -4.9998e-04 -4.9998e-04 -4.9998e-04 -4.9998e-04 -4.9998e-04 -4.9998e-04 -4.9998e-04 -4.9998e-04 -4.9997e-04 -4.9997e-04 -4.9997e-04 -4.9997e-04 -4.9997e-04 -4.9997e-04 -4.9997e-04 -4.9997e-04 -4.9997e-04 -4.9996e-04 -4.9996e-04 -4.9996e-04 -4.9996e-04 -4.9996e-04 -4.9996e-04 -4.9996e-04 -4.9996e-04 -4.9996e-04 -4.9996e-04 -4.9995e-04 -4.9995e-04 -4.9995e-04 -4.9995e-04 -4.9995e-04 -4.9995e-04 -4.9995e-04 -4.9994e-04 -4.9994e-04 -4.9994e-04 -4.9994e-04 -4.9994e-04 -4.9994e-04 -4.9994e-04 -4.9993e-04 -4.9993e-04 
-0000.00100 -1.0000e-03 -1.0000e-03 -1.0000e-03 -1.0000e-03 -9.9999e-04 -9.9999e-04 -9.9999e-04 -9.9999e-04 -9.9999e-04 -9.9998e-04 -9.9998e-04 -9.9998e-04 -9.9998e-04 -9.9998e-04 -9.9997e-04 -9.9997e-04 -9.9997e-04 -9.9997e-04 -9.9996e-04 -9.9996e-04 -9.9996e-04 -9.9996e-04 -9.9996e-04 -9.9995e-04 -9.9995e-04 -9.9995e-04 -9.9995e-04 -9.9994e-04 -9.9994e-04 -9.9994e-04 -9.9994e-04 -9.9993e-04 -9.9993e-04 -9.9993e-04 -9.9993e-04 -9.9993e-04 -9.9992e-04 -9.9992e-04 -9.9992e-04 -9.9992e-04 -9.9991e-04 -9.9991e-04 -9.9991e-04 -9.9991e-04 -9.9991e-04 -9.9990e-04 -9.9990e-04 -9.9990e-04 -9.9990e-04 -9.9989e-04 -9.9989e-04 -9.9989e-04 -9.9989e-04 -9.9988e-04 -9.9988e-04 -9.9988e-04 -9.9988e-04 -9.9987e-04 -9.9987e-04 -9.9987e-04 -9.9986e-04 
-0000.00150 -1.5000e-03 -1.5000e-03 -1.5000e-03 -1.5000e-03 -1.5000e-03 -1.5000e-03 -1.5000e-03 -1.5000e-03 -1.5000e-03 -1.5000e-03 -1.5000e-03 -1.5000e-03 -1.5000e-03 -1.5000e-03 -1.5000e-03 -1.5000e-03 -1.4999e-03 -1.4999e-03 -1.4999e-03 -1.4999e-03 -1.4999e-03 -1.4999e-03 -1.4999e-03 -1.4999e-03 -1.4999e-03 -1.4999e-03 -1.4999e-03 -1.4999e-03 -1.4999e-03 -1.4999e-03 -1.4999e-03 -1.4999e-03 -1.4999e-03 -1.4999e-03 -1.4999e-03 -1.4999e-03 -1.4999e-03 -1.4999e-03 -1.4999e-03 -1.4999e-03 -1.4999e-03 -1.4999e-03 -1.4998e-03 -1.4998e-03 -1.4998e-03 -1.4998e-03 -1.4998e-03 -1.4998e-03 -1.4998e-03 -1.4998e-03 -1.4998e-03 -1.4998e-03 -1.4998e-03 -1.4998e-03 -1.4998e-03 -1.4998e-03 -1.4998e-03 -1.4998e-03 -1.4998e-03 -1.4998e-03 -1.4998e-03 
-0000.00200 -2.0000e-03 -2.0000e-03 -2.0000e-03 -2.0000e-03 -2.0000e-03 -2.0000e-03 -2.0000e-03 -2.0000e-03 -1.9999e-03 -1.9999e-03 -1.9999e-03 -1.9999e-03 -1.9999e-03 -1.9999e-03 -1.9999e-03 -1.9999e-03 -1.9999e-03 -1.9999e-03 -1.9999e-03 -1.9999e-03 -1.9999e-03 -1.9999e-03 -1.9999e-03 -1.9999e-03 -1.9999e-03 -1.9999e-03 -1.9999e-03 -1.9999e-03 -1.9999e-03 -1.9998e-03 -1.9998e-03 -1.9998e-03 -1.9998e-03 -1.9998e-03 -1.9998e-03 -1.9998e-03 -1.9998e-03 -1.9998e-03 -1.9998e-03 -1.9998e-03 -1.9998e-03 -1.9998e-03 -1.9998e-03 -1.9998e-03 -1.9998e-03 -1.9998e-03 -1.9998e-03 -1.9998e-03 -1.9998e-03 -1.9997e-03 -1.9997e-03 -1.9997e-03 -1.9997e-03 -1.9997e-03 -1.9997e-03 -1.9997e-03 -1.9997e-03 -1.9997e-03 -1.9997e-03 -1.9997e-03 -1.9997e-03 