# Author: FAC idanalysis.IDKickMap
# Termination_kicks [T2m2]: +0.0000e+00 +0.0000e+00 +0.0000e+00 +0.0000e+00 
# Total Length of Longitudinal Interval [m]
0.13
# Number of Horizontal Points
61
# Number of Vertical Points
9
# Total Horizontal 2nd Order Kick [T2m2]
START
            -0000.01000 -0000.00967 -0000.00933 -0000.00900 -0000.00867 -0000.00833 -0000.00800 -0000.00767 -0000.00733 -0000.00700 -0000.00667 -0000.00633 -0000.00600 -0000.00567 -0000.00533 -0000.00500 -0000.00467 -0000.00433 -0000.00400 -0000.00367 -0000.00333 -0000.00300 -0000.00267 -0000.00233 -0000.00200 -0000.00167 -0000.00133 -0000.00100 -0000.00067 -0000.00033 +0000.00000 +0000.00033 +0000.00067 +0000.00100 +0000.00133 +0000.00167 +0000.00200 +0000.00233 +0000.00267 +0000.00300 +0000.00333 +0000.00367 +0000.00400 +0000.00433 +0000.00467 +0000.00500 +0000.00533 +0000.00567 +0000.00600 +0000.00633 +0000.00667 +0000.00700 +0000.00733 +0000.00767 +0000.00800 +0000.00833 +0000.00867 +0000.00900 +0000.00933 +0000.00967 +0000.01000 
+0000.00200 -5.9340e-05 -5.6530e-05 -5.3640e-05 -5.0690e-05 -4.7690e-05 -4.4670e-05 -4.1640e-05 -3.8620e-05 -3.5620e-05 -3.2650e-05 -2.9720e-05 -2.6860e-05 -2.4070e-05 -2.1370e-05 -1.8760e-05 -1.6250e-05 -1.3860e-05 -1.1590e-05 -9.4600e-06 -7.4700e-06 -5.6200e-06 -3.9300e-06 -2.4000e-06 -1.0300e-06 +1.6000e-07 +1.1900e-06 +2.0300e-06 +2.6900e-06 +3.1700e-06 +3.4700e-06 +3.5800e-06 +3.5100e-06 +3.2500e-06 +2.8000e-06 +2.1700e-06 +1.3600e-06 +3.8000e-07 -7.9000e-07 -2.1200e-06 -3.6200e-06 -5.2800e-06 -7.1000e-06 -9.0600e-06 -1.1170e-05 -1.3410e-05 -1.5780e-05 -1.8260e-05 -2.0850e-05 -2.3540e-05 -2.6320e-05 -2.9170e-05 -3.2080e-05 -3.5040e-05 -3.8040e-05 -4.1060e-05 -4.4090e-05 -4.7120e-05 -5.0120e-05 -5.3080e-05 -5.5990e-05 -5.8820e-05 
+0000.00150 -5.8590e-05 -5.5940e-05 -5.3210e-05 -5.0410e-05 -4.7550e-05 -4.4670e-05 -4.1770e-05 -3.8870e-05 -3.5990e-05 -3.3130e-05 -3.0310e-05 -2.7550e-05 -2.4850e-05 -2.2230e-05 -1.9700e-05 -1.7270e-05 -1.4950e-05 -1.2750e-05 -1.0680e-05 -8.7400e-06 -6.9500e-06 -5.3000e-06 -3.8100e-06 -2.4800e-06 -1.3200e-06 -3.2000e-07 +5.0000e-07 +1.1500e-06 +1.6200e-06 +1.9000e-06 +2.0100e-06 +1.9400e-06 +1.6800e-06 +1.2500e-06 +6.4000e-07 -1.5000e-07 -1.1200e-06 -2.2500e-06 -3.5500e-06 -5.0100e-06 -6.6300e-06 -8.3900e-06 -1.0310e-05 -1.2350e-05 -1.4530e-05 -1.6830e-05 -1.9230e-05 -2.1740e-05 -2.4340e-05 -2.7030e-05 -2.9780e-05 -3.2580e-05 -3.5430e-05 -3.8310e-05 -4.1210e-05 -4.4110e-05 -4.6990e-05 -4.9850e-05 -5.2660e-05 -5.5400e-05 -5.8070e-05 
+0000.00100 -5.8040e-05 -5.5510e-05 -5.2890e-05 -5.0190e-05 -4.7450e-05 -4.4660e-05 -4.1850e-05 -3.9040e-05 -3.6240e-05 -3.3460e-05 -3.0720e-05 -2.8030e-05 -2.5400e-05 -2.2840e-05 -2.0370e-05 -1.8000e-05 -1.5730e-05 -1.3580e-05 -1.1550e-05 -9.6500e-06 -7.8900e-06 -6.2800e-06 -4.8200e-06 -3.5100e-06 -2.3700e-06 -1.3900e-06 -5.9000e-07 +5.0000e-08 +5.1000e-07 +7.9000e-07 +8.9000e-07 +8.2000e-07 +5.7000e-07 +1.4000e-07 -4.6000e-07 -1.2300e-06 -2.1800e-06 -3.2900e-06 -4.5600e-06 -6.0000e-06 -7.5800e-06 -9.3100e-06 -1.1180e-05 -1.3190e-05 -1.5320e-05 -1.7560e-05 -1.9920e-05 -2.2370e-05 -2.4910e-05 -2.7520e-05 -3.0200e-05 -3.2930e-05 -3.5700e-05 -3.8500e-05 -4.1310e-05 -4.4110e-05 -4.6900e-05 -4.9650e-05 -5.2350e-05 -5.4980e-05 -5.7520e-05 
+0000.00050 -5.7720e-05 -5.5250e-05 -5.2700e-05 -5.0070e-05 -4.7380e-05 -4.4650e-05 -4.1900e-05 -3.9140e-05 -3.6390e-05 -3.3650e-05 -3.0960e-05 -2.8310e-05 -2.5720e-05 -2.3200e-05 -2.0770e-05 -1.8430e-05 -1.6190e-05 -1.4060e-05 -1.2060e-05 -1.0190e-05 -8.4500e-06 -6.8600e-06 -5.4200e-06 -4.1300e-06 -3.0000e-06 -2.0300e-06 -1.2400e-06 -6.1000e-07 -1.6000e-07 +1.2000e-07 +2.2000e-07 +1.5000e-07 -9.0000e-08 -5.2000e-07 -1.1100e-06 -1.8800e-06 -2.8100e-06 -3.9100e-06 -5.1700e-06 -6.5800e-06 -8.1500e-06 -9.8600e-06 -1.1710e-05 -1.3690e-05 -1.5790e-05 -1.8000e-05 -2.0320e-05 -2.2740e-05 -2.5240e-05 -2.7810e-05 -3.0450e-05 -3.3130e-05 -3.5860e-05 -3.8600e-05 -4.1360e-05 -4.4110e-05 -4.6830e-05 -4.9520e-05 -5.2160e-05 -5.4720e-05 -5.7200e-05 
+0000.00000 -5.7610e-05 -5.5160e-05 -5.2630e-05 -5.0020e-05 -4.7350e-05 -4.4640e-05 -4.1910e-05 -3.9170e-05 -3.6430e-05 -3.3710e-05 -3.1030e-05 -2.8390e-05 -2.5820e-05 -2.3310e-05 -2.0890e-05 -1.8560e-05 -1.6340e-05 -1.4220e-05 -1.2230e-05 -1.0360e-05 -8.6300e-06 -7.0500e-06 -5.6100e-06 -4.3300e-06 -3.2000e-06 -2.2400e-06 -1.4500e-06 -8.3000e-07 -3.8000e-07 -1.0000e-07 +0.0000e+00 -7.0000e-08 -3.1000e-07 -7.4000e-07 -1.3300e-06 -2.0900e-06 -3.0200e-06 -4.1200e-06 -5.3700e-06 -6.7800e-06 -8.3400e-06 -1.0040e-05 -1.1880e-05 -1.3850e-05 -1.5940e-05 -1.8150e-05 -2.0460e-05 -2.2860e-05 -2.5350e-05 -2.7910e-05 -3.0530e-05 -3.3200e-05 -3.5910e-05 -3.8640e-05 -4.1380e-05 -4.4110e-05 -4.6810e-05 -4.9480e-05 -5.2100e-05 -5.4640e-05 -5.7090e-05 
-0000.00050 -5.7720e-05 -5.5250e-05 -5.2700e-05 -5.0070e-05 -4.7380e-05 -4.4650e-05 -4.1900e-05 -3.9140e-05 -3.6380e-05 -3.3650e-05 -3.0950e-05 -2.8300e-05 -2.5710e-05 -2.3200e-05 -2.0760e-05 -1.8420e-05 -1.6180e-05 -1.4060e-05 -1.2060e-05 -1.0180e-05 -8.4500e-06 -6.8600e-06 -5.4100e-06 -4.1200e-06 -3.0000e-06 -2.0300e-06 -1.2400e-06 -6.1000e-07 -1.6000e-07 +1.2000e-07 +2.3000e-07 +1.5000e-07 -9.0000e-08 -5.2000e-07 -1.1100e-06 -1.8800e-06 -2.8100e-06 -3.9100e-06 -5.1700e-06 -6.5800e-06 -8.1500e-06 -9.8600e-06 -1.1710e-05 -1.3690e-05 -1.5790e-05 -1.8000e-05 -2.0320e-05 -2.2740e-05 -2.5240e-05 -2.7810e-05 -3.0450e-05 -3.3140e-05 -3.5860e-05 -3.8610e-05 -4.1360e-05 -4.4110e-05 -4.6840e-05 -4.9530e-05 -5.2160e-05 -5.4720e-05 -5.7200e-05 
-0000.00100 -5.8040e-05 -5.5510e-05 -5.2890e-05 -5.0190e-05 -4.7440e-05 -4.4660e-05 -4.1850e-05 -3.9040e-05 -3.6230e-05 -3.3450e-05 -3.0710e-05 -2.8020e-05 -2.5390e-05 -2.2830e-05 -2.0370e-05 -1.7990e-05 -1.5720e-05 -1.3570e-05 -1.1540e-05 -9.6500e-06 -7.8900e-06 -6.2700e-06 -4.8100e-06 -3.5100e-06 -2.3700e-06 -1.3900e-06 -5.9000e-07 +5.0000e-08 +5.1000e-07 +7.9000e-07 +8.9000e-07 +8.2000e-07 +5.7000e-07 +1.4000e-07 -4.6000e-07 -1.2300e-06 -2.1800e-06 -3.2900e-06 -4.5700e-06 -6.0000e-06 -7.5800e-06 -9.3100e-06 -1.1190e-05 -1.3190e-05 -1.5320e-05 -1.7570e-05 -1.9920e-05 -2.2370e-05 -2.4910e-05 -2.7520e-05 -3.0200e-05 -3.2930e-05 -3.5710e-05 -3.8500e-05 -4.1310e-05 -4.4110e-05 -4.6900e-05 -4.9650e-05 -5.2350e-05 -5.4980e-05 -5.7530e-05 
-0000.00150 -5.8580e-05 -5.5930e-05 -5.3200e-05 -5.0390e-05 -4.7550e-05 -4.4660e-05 -4.1760e-05 -3.8860e-05 -3.5980e-05 -3.3120e-05 -3.0300e-05 -2.7540e-05 -2.4840e-05 -2.2230e-05 -1.9700e-05 -1.7270e-05 -1.4950e-05 -1.2750e-05 -1.0680e-05 -8.7400e-06 -6.9500e-06 -5.3000e-06 -3.8100e-06 -2.4800e-06 -1.3200e-06 -3.2000e-07 +5.0000e-07 +1.1500e-06 +1.6100e-06 +1.9000e-06 +2.0100e-06 +1.9400e-06 +1.6800e-06 +1.2500e-06 +6.3000e-07 -1.6000e-07 -1.1200e-06 -2.2500e-06 -3.5500e-06 -5.0100e-06 -6.6300e-06 -8.4000e-06 -1.0310e-05 -1.2360e-05 -1.4530e-05 -1.6830e-05 -1.9240e-05 -2.1750e-05 -2.4350e-05 -2.7030e-05 -2.9780e-05 -3.2590e-05 -3.5440e-05 -3.8320e-05 -4.1220e-05 -4.4110e-05 -4.7000e-05 -4.9850e-05 -5.2660e-05 -5.5400e-05 -5.8070e-05 
-0000.00200 -5.9340e-05 -5.6520e-05 -5.3630e-05 -5.0680e-05 -4.7680e-05 -4.4670e-05 -4.1640e-05 -3.8610e-05 -3.5610e-05 -3.2640e-05 -2.9720e-05 -2.6850e-05 -2.4070e-05 -2.1360e-05 -1.8750e-05 -1.6250e-05 -1.3860e-05 -1.1590e-05 -9.4600e-06 -7.4600e-06 -5.6200e-06 -3.9300e-06 -2.3900e-06 -1.0300e-06 +1.7000e-07 +1.1900e-06 +2.0300e-06 +2.7000e-06 +3.1800e-06 +3.4700e-06 +3.5800e-06 +3.5100e-06 +3.2500e-06 +2.8000e-06 +2.1700e-06 +1.3600e-06 +3.7000e-07 -7.9000e-07 -2.1200e-06 -3.6200e-06 -5.2800e-06 -7.1000e-06 -9.0700e-06 -1.1170e-05 -1.3420e-05 -1.5780e-05 -1.8270e-05 -2.0860e-05 -2.3550e-05 -2.6320e-05 -2.9170e-05 -3.2080e-05 -3.5050e-05 -3.8050e-05 -4.1070e-05 -4.4100e-05 -4.7120e-05 -5.0120e-05 -5.3080e-05 -5.5990e-05 -5.8820e-05 
# Total Vertical 2nd Order Kick [T2m2]
START
            -0000.01000 -0000.00967 -0000.00933 -0000.00900 -0000.00867 -0000.00833 -0000.00800 -0000.00767 -0000.00733 -0000.00700 -0000.00667 -0000.00633 -0000.00600 -0000.00567 -0000.00533 -0000.00500 -0000.00467 -0000.00433 -0000.00400 -0000.00367 -0000.00333 -0000.00300 -0000.00267 -0000.00233 -0000.00200 -0000.00167 -0000.00133 -0000.00100 -0000.00067 -0000.00033 +0000.00000 +0000.00033 +0000.00067 +0000.00100 +0000.00133 +0000.00167 +0000.00200 +0000.00233 +0000.00267 +0000.00300 +0000.00333 +0000.00367 +0000.00400 +0000.00433 +0000.00467 +0000.00500 +0000.00533 +0000.00567 +0000.00600 +0000.00633 +0000.00667 +0000.00700 +0000.00733 +0000.00767 +0000.00800 +0000.00833 +0000.00867 +0000.00900 +0000.00933 +0000.00967 +0000.01000 
+0000.00200 -1.5987e-05 -1.6626e-05 -1.7148e-05 -1.7559e-05 -1.7861e-05 -1.8059e-05 -1.8157e-05 -1.8160e-05 -1.8071e-05 -1.7895e-05 -1.7635e-05 -1.7296e-05 -1.6882e-05 -1.6397e-05 -1.5845e-05 -1.5230e-05 -1.4556e-05 -1.3827e-05 -1.3047e-05 -1.2220e-05 -1.1351e-05 -1.0442e-05 -9.4989e-06 -8.5246e-06 -7.5233e-06 -6.4989e-06 -5.4555e-06 -4.3969e-06 -3.3270e-06 -2.2498e-06 -1.1692e-06 -8.8937e-08 +9.8695e-07 +2.0546e-06 +3.1103e-06 +4.1501e-06 +5.1702e-06 +6.1667e-06 +7.1359e-06 +8.0739e-06 +8.9770e-06 +9.8414e-06 +1.0663e-05 +1.1439e-05 +1.2164e-05 +1.2836e-05 +1.3450e-05 +1.4003e-05 +1.4492e-05 +1.4911e-05 +1.5258e-05 +1.5530e-05 +1.5721e-05 +1.5829e-05 +1.5851e-05 +1.5781e-05 +1.5618e-05 +1.5357e-05 +1.4994e-05 +1.4526e-05 +1.3949e-05 
+0000.00150 -1.1676e-05 -1.2162e-05 -1.2561e-05 -1.2876e-05 -1.3110e-05 -1.3267e-05 -1.3348e-05 -1.3358e-05 -1.3300e-05 -1.3176e-05 -1.2990e-05 -1.2744e-05 -1.2442e-05 -1.2087e-05 -1.1681e-05 -1.1229e-05 -1.0732e-05 -1.0194e-05 -9.6173e-06 -9.0058e-06 -8.3621e-06 -7.6892e-06 -6.9900e-06 -6.2676e-06 -5.5248e-06 -4.7647e-06 -3.9902e-06 -3.2042e-06 -2.4097e-06 -1.6096e-06 -8.0678e-07 -4.2420e-09 +7.9514e-07 +1.5884e-06 +2.3728e-06 +3.1453e-06 +3.9031e-06 +4.6433e-06 +5.3630e-06 +6.0594e-06 +6.7296e-06 +7.3707e-06 +7.9800e-06 +8.5545e-06 +9.0914e-06 +9.5880e-06 +1.0041e-05 +1.0449e-05 +1.0807e-05 +1.1114e-05 +1.1367e-05 +1.1562e-05 +1.1697e-05 +1.1770e-05 +1.1777e-05 +1.1716e-05 +1.1584e-05 +1.1378e-05 +1.1096e-05 +1.0734e-05 +1.0291e-05 
+0000.00100 -7.6358e-06 -7.9628e-06 -8.2320e-06 -8.4454e-06 -8.6050e-06 -8.7129e-06 -8.7711e-06 -8.7816e-06 -8.7466e-06 -8.6680e-06 -8.5478e-06 -8.3881e-06 -8.1909e-06 -7.9582e-06 -7.6921e-06 -7.3944e-06 -7.0673e-06 -6.7128e-06 -6.3327e-06 -5.9292e-06 -5.5042e-06 -5.0596e-06 -4.5976e-06 -4.1200e-06 -3.6288e-06 -3.1260e-06 -2.6135e-06 -2.0934e-06 -1.5675e-06 -1.0379e-06 -5.0641e-07 +2.4948e-08 +5.5424e-07 +1.0795e-06 +1.5989e-06 +2.1104e-06 +2.6121e-06 +3.1022e-06 +3.5786e-06 +4.0394e-06 +4.4828e-06 +4.9069e-06 +5.3097e-06 +5.6894e-06 +6.0440e-06 +6.3717e-06 +6.6705e-06 +6.9387e-06 +7.1742e-06 +7.3753e-06 +7.5401e-06 +7.6666e-06 +7.7531e-06 +7.7977e-06 +7.7985e-06 +7.7537e-06 +7.6614e-06 +7.5198e-06 +7.3270e-06 +7.0813e-06 +6.7807e-06 
+0000.00050 -3.7697e-06 -3.9344e-06 -4.0701e-06 -4.1780e-06 -4.2591e-06 -4.3143e-06 -4.3447e-06 -4.3513e-06 -4.3352e-06 -4.2973e-06 -4.2386e-06 -4.1601e-06 -4.0629e-06 -3.9480e-06 -3.8163e-06 -3.6689e-06 -3.5068e-06 -3.3309e-06 -3.1422e-06 -2.9418e-06 -2.7307e-06 -2.5097e-06 -2.2800e-06 -2.0425e-06 -1.7982e-06 -1.5481e-06 -1.2931e-06 -1.0342e-06 -7.7242e-07 -5.0875e-07 -2.4414e-07 +2.0438e-08 +2.8401e-07 +5.4560e-07 +8.0426e-07 +1.0590e-06 +1.3089e-06 +1.5529e-06 +1.7902e-06 +2.0197e-06 +2.2405e-06 +2.4516e-06 +2.6522e-06 +2.8411e-06 +3.0176e-06 +3.1805e-06 +3.3291e-06 +3.4623e-06 +3.5792e-06 +3.6789e-06 +3.7604e-06 +3.8228e-06 +3.8651e-06 +3.8865e-06 +3.8859e-06 +3.8625e-06 +3.8153e-06 +3.7434e-06 +3.6459e-06 +3.5218e-06 +3.3703e-06 
+0000.00000 +1.0571e-08 +1.0038e-08 +9.5010e-09 +8.9650e-09 +8.4300e-09 +7.8980e-09 +7.3710e-09 +6.8520e-09 +6.3420e-09 +5.8430e-09 +5.3550e-09 +4.8820e-09 +4.4230e-09 +3.9820e-09 +3.5580e-09 +3.1530e-09 +2.7690e-09 +2.4060e-09 +2.0660e-09 +1.7490e-09 +1.4560e-09 +1.1880e-09 +9.4600e-10 +7.3100e-10 +5.4200e-10 +3.8100e-10 +2.4800e-10 +1.4300e-10 +6.6000e-11 +1.9000e-11 +0.0000e+00 +1.0000e-11 +4.9000e-11 +1.1700e-10 +2.1400e-10 +3.3900e-10 +4.9200e-10 +6.7300e-10 +8.8100e-10 +1.1160e-09 +1.3770e-09 +1.6640e-09 +1.9750e-09 +2.3100e-09 +2.6680e-09 +3.0480e-09 +3.4500e-09 +3.8710e-09 +4.3100e-09 +4.7670e-09 +5.2400e-09 +5.7280e-09 +6.2290e-09 +6.7410e-09 +7.2630e-09 +7.7940e-09 +8.3310e-09 +8.8720e-09 +9.4170e-09 +9.9610e-09 +1.0505e-08 
-0000.00050 +3.7909e-06 +3.9544e-06 +4.0891e-06 +4.1959e-06 +4.2759e-06 +4.3300e-06 +4.3594e-06 +4.3650e-06 +4.3478e-06 +4.3089e-06 +4.2492e-06 +4.1698e-06 +4.0717e-06 +3.9559e-06 +3.8233e-06 +3.6751e-06 +3.5122e-06 +3.3356e-06 +3.1463e-06 +2.9452e-06 +2.7335e-06 +2.5120e-06 +2.2818e-06 +2.0439e-06 +1.7992e-06 +1.5487e-06 +1.2935e-06 +1.0344e-06 +7.7250e-07 +5.0874e-07 +2.4409e-07 -2.0458e-08 -2.8395e-07 -5.4541e-07 -8.0388e-07 -1.0584e-06 -1.3080e-06 -1.5517e-06 -1.7885e-06 -2.0175e-06 -2.2378e-06 -2.4484e-06 -2.6483e-06 -2.8366e-06 -3.0123e-06 -3.1745e-06 -3.3223e-06 -3.4546e-06 -3.5707e-06 -3.6694e-06 -3.7500e-06 -3.8114e-06 -3.8527e-06 -3.8730e-06 -3.8714e-06 -3.8470e-06 -3.7987e-06 -3.7257e-06 -3.6271e-06 -3.5019e-06 -3.3493e-06 
-0000.00100 +7.6569e-06 +7.9829e-06 +8.2510e-06 +8.4633e-06 +8.6218e-06 +8.7286e-06 +8.7857e-06 +8.7952e-06 +8.7591e-06 +8.6795e-06 +8.5584e-06 +8.3977e-06 +8.1996e-06 +7.9660e-06 +7.6990e-06 +7.4005e-06 +7.0726e-06 +6.7173e-06 +6.3366e-06 +5.9324e-06 +5.5068e-06 +5.0618e-06 +4.5992e-06 +4.1212e-06 +3.6296e-06 +3.1265e-06 +2.6137e-06 +2.0934e-06 +1.5674e-06 +1.0377e-06 +5.0615e-07 -2.5177e-08 -5.5440e-07 -1.0796e-06 -1.5988e-06 -2.1100e-06 -2.6115e-06 -3.1011e-06 -3.5771e-06 -4.0375e-06 -4.4804e-06 -4.9039e-06 -5.3061e-06 -5.6850e-06 -6.0389e-06 -6.3658e-06 -6.6639e-06 -6.9312e-06 -7.1658e-06 -7.3660e-06 -7.5298e-06 -7.6554e-06 -7.7408e-06 -7.7844e-06 -7.7841e-06 -7.7382e-06 -7.6448e-06 -7.5021e-06 -7.3082e-06 -7.0613e-06 -6.7596e-06 
-0000.00150 +1.1698e-05 +1.2183e-05 +1.2580e-05 +1.2894e-05 +1.3127e-05 +1.3282e-05 +1.3363e-05 +1.3372e-05 +1.3312e-05 +1.3187e-05 +1.3000e-05 +1.2753e-05 +1.2450e-05 +1.2094e-05 +1.1688e-05 +1.1234e-05 +1.0737e-05 +1.0198e-05 +9.6208e-06 +9.0087e-06 +8.3643e-06 +7.6909e-06 +6.9912e-06 +6.2683e-06 +5.5252e-06 +4.7647e-06 +3.9900e-06 +3.2038e-06 +2.4091e-06 +1.6089e-06 +8.0612e-07 +3.6150e-09 -7.9568e-07 -1.5889e-06 -2.3730e-06 -3.1453e-06 -3.9028e-06 -4.6426e-06 -5.3619e-06 -6.0577e-06 -6.7274e-06 -7.3679e-06 -7.9765e-06 -8.5503e-06 -9.0865e-06 -9.5823e-06 -1.0035e-05 -1.0441e-05 -1.0799e-05 -1.1105e-05 -1.1357e-05 -1.1551e-05 -1.1685e-05 -1.1757e-05 -1.1763e-05 -1.1701e-05 -1.1568e-05 -1.1361e-05 -1.1077e-05 -1.0714e-05 -1.0270e-05 
-0000.00200 +1.6008e-05 +1.6646e-05 +1.7167e-05 +1.7576e-05 +1.7877e-05 +1.8074e-05 +1.8171e-05 +1.8173e-05 +1.8083e-05 +1.7906e-05 +1.7645e-05 +1.7305e-05 +1.6890e-05 +1.6404e-05 +1.5851e-05 +1.5235e-05 +1.4560e-05 +1.3831e-05 +1.3050e-05 +1.2223e-05 +1.1353e-05 +1.0444e-05 +9.4997e-06 +8.5250e-06 +7.5233e-06 +6.4986e-06 +5.4549e-06 +4.3960e-06 +3.3260e-06 +2.2487e-06 +1.1680e-06 +8.7879e-08 -9.8798e-07 -2.0555e-06 -3.1110e-06 -4.1506e-06 -5.1703e-06 -6.1665e-06 -7.1353e-06 -8.0728e-06 -8.9754e-06 -9.8391e-06 -1.0660e-05 -1.1435e-05 -1.2160e-05 -1.2831e-05 -1.3445e-05 -1.3997e-05 -1.4484e-05 -1.4903e-05 -1.5249e-05 -1.5519e-05 -1.5710e-05 -1.5817e-05 -1.5837e-05 -1.5767e-05 -1.5602e-05 -1.5339e-05 -1.4975e-05 -1.4506e-05 -1.3928e-05 
# Horizontal Final Position [m]
START
            -0000.01000 -0000.00967 -0000.00933 -0000.00900 -0000.00867 -0000.00833 -0000.00800 -0000.00767 -0000.00733 -0000.00700 -0000.00667 -0000.00633 -0000.00600 -0000.00567 -0000.00533 -0000.00500 -0000.00467 -0000.00433 -0000.00400 -0000.00367 -0000.00333 -0000.00300 -0000.00267 -0000.00233 -0000.00200 -0000.00167 -0000.00133 -0000.00100 -0000.00067 -0000.00033 +0000.00000 +0000.00033 +0000.00067 +0000.00100 +0000.00133 +0000.00167 +0000.00200 +0000.00233 +0000.00267 +0000.00300 +0000.00333 +0000.00367 +0000.00400 +0000.00433 +0000.00467 +0000.00500 +0000.00533 +0000.00567 +0000.00600 +0000.00633 +0000.00667 +0000.00700 +0000.00733 +0000.00767 +0000.00800 +0000.00833 +0000.00867 +0000.00900 +0000.00933 +0000.00967 +0000.01000 
+0000.00200 -1.0003e-02 -9.6696e-03 -9.3363e-03 -9.0031e-03 -8.6698e-03 -8.3365e-03 -8.0032e-03 -7.6700e-03 -7.3367e-03 -7.0034e-03 -6.6701e-03 -6.3368e-03 -6.0035e-03 -5.6702e-03 -5.3369e-03 -5.0035e-03 -4.6702e-03 -4.3369e-03 -4.0036e-03 -3.6703e-03 -3.3369e-03 -3.0036e-03 -2.6703e-03 -2.3369e-03 -2.0036e-03 -1.6703e-03 -1.3369e-03 -1.0036e-03 -6.7025e-04 -3.3691e-04 -3.5723e-06 +3.2977e-04 +6.6311e-04 +9.9645e-04 +1.3298e-03 +1.6631e-03 +1.9965e-03 +2.3298e-03 +2.6632e-03 +2.9965e-03 +3.3298e-03 +3.6632e-03 +3.9965e-03 +4.3299e-03 +4.6632e-03 +4.9965e-03 +5.3299e-03 +5.6632e-03 +5.9965e-03 +6.3299e-03 +6.6632e-03 +6.9965e-03 +7.3299e-03 +7.6632e-03 +7.9965e-03 +8.3299e-03 +8.6632e-03 +8.9965e-03 +9.3298e-03 +9.6632e-03 +9.9965e-03 
+0000.00150 -1.0003e-02 -9.6696e-03 -9.3363e-03 -9.0031e-03 -8.6698e-03 -8.3365e-03 -8.0032e-03 -7.6700e-03 -7.3367e-03 -7.0034e-03 -6.6701e-03 -6.3368e-03 -6.0035e-03 -5.6702e-03 -5.3369e-03 -5.0035e-03 -4.6702e-03 -4.3369e-03 -4.0036e-03 -3.6703e-03 -3.3369e-03 -3.0036e-03 -2.6703e-03 -2.3369e-03 -2.0036e-03 -1.6703e-03 -1.3369e-03 -1.0036e-03 -6.7025e-04 -3.3691e-04 -3.5723e-06 +3.2977e-04 +6.6311e-04 +9.9645e-04 +1.3298e-03 +1.6631e-03 +1.9965e-03 +2.3298e-03 +2.6632e-03 +2.9965e-03 +3.3298e-03 +3.6632e-03 +3.9965e-03 +4.3299e-03 +4.6632e-03 +4.9965e-03 +5.3299e-03 +5.6632e-03 +5.9965e-03 +6.3299e-03 +6.6632e-03 +6.9965e-03 +7.3299e-03 +7.6632e-03 +7.9965e-03 +8.3299e-03 +8.6632e-03 +8.9965e-03 +9.3298e-03 +9.6632e-03 +9.9965e-03 
+0000.00100 -1.0003e-02 -9.6696e-03 -9.3363e-03 -9.0031e-03 -8.6698e-03 -8.3365e-03 -8.0032e-03 -7.6700e-03 -7.3367e-03 -7.0034e-03 -6.6701e-03 -6.3368e-03 -6.0035e-03 -5.6702e-03 -5.3369e-03 -5.0035e-03 -4.6702e-03 -4.3369e-03 -4.0036e-03 -3.6703e-03 -3.3369e-03 -3.0036e-03 -2.6703e-03 -2.3369e-03 -2.0036e-03 -1.6703e-03 -1.3369e-03 -1.0036e-03 -6.7025e-04 -3.3691e-04 -3.5723e-06 +3.2977e-04 +6.6311e-04 +9.9645e-04 +1.3298e-03 +1.6631e-03 +1.9965e-03 +2.3298e-03 +2.6632e-03 +2.9965e-03 +3.3298e-03 +3.6632e-03 +3.9965e-03 +4.3299e-03 +4.6632e-03 +4.9965e-03 +5.3299e-03 +5.6632e-03 +5.9965e-03 +6.3299e-03 +6.6632e-03 +6.9965e-03 +7.3299e-03 +7.6632e-03 +7.9965e-03 +8.3299e-03 +8.6632e-03 +8.9965e-03 +9.3298e-03 +9.6632e-03 +9.9965e-03 
+0000.00050 -1.0003e-02 -9.6696e-03 -9.3363e-03 -9.0031e-03 -8.6698e-03 -8.3365e-03 -8.0032e-03 -7.6700e-03 -7.3367e-03 -7.0034e-03 -6.6701e-03 -6.3368e-03 -6.0035e-03 -5.6702e-03 -5.3369e-03 -5.0035e-03 -4.6702e-03 -4.3369e-03 -4.0036e-03 -3.6703e-03 -3.3369e-03 -3.0036e-03 -2.6703e-03 -2.3369e-03 -2.0036e-03 -1.6703e-03 -1.3369e-03 -1.0036e-03 -6.7025e-04 -3.3691e-04 -3.5723e-06 +3.2977e-04 +6.6311e-04 +9.9645e-04 +1.3298e-03 +1.6631e-03 +1.9965e-03 +2.3298e-03 +2.6632e-03 +2.9965e-03 +3.3298e-03 +3.6632e-03 +3.9965e-03 +4.3299e-03 +4.6632e-03 +4.9965e-03 +5.3299e-03 +5.6632e-03 +5.9965e-03 +6.3299e-03 +6.6632e-03 +6.9965e-03 +7.3299e-03 +7.6632e-03 +7.9965e-03 +8.3299e-03 +8.6632e-03 +8.9965e-03 +9.3298e-03 +9.6632e-03 +9.9965e-03 
+0000.00000 -1.0003e-02 -9.6696e-03 -9.3363e-03 -9.0031e-03 -8.6698e-03 -8.3365e-03 -8.0032e-03 -7.6700e-03 -7.3367e-03 -7.0034e-03 -6.6701e-03 -6.3368e-03 -6.0035e-03 -5.6702e-03 -5.3369e-03 -5.0035e-03 -4.6702e-03 -4.3369e-03 -4.0036e-03 -3.6703e-03 -3.3369e-03 -3.0036e-03 -2.6703e-03 -2.3369e-03 -2.0036e-03 -1.6703e-03 -1.3369e-03 -1.0036e-03 -6.7025e-04 -3.3691e-04 -3.5723e-06 +3.2977e-04 +6.6311e-04 +9.9645e-04 +1.3298e-03 +1.6631e-03 +1.9965e-03 +2.3298e-03 +2.6632e-03 +2.9965e-03 +3.3298e-03 +3.6632e-03 +3.9965e-03 +4.3299e-03 +4.6632e-03 +4.9965e-03 +5.3299e-03 +5.6632e-03 +5.9965e-03 +6.3299e-03 +6.6632e-03 +6.9965e-03 +7.3299e-03 +7.6632e-03 +7.9965e-03 +8.3299e-03 +8.6632e-03 +8.9965e-03 +9.3298e-03 +9.6632e-03 +9.9965e-03 
-0000.00050 -1.0003e-02 -9.6696e-03 -9.3363e-03 -9.0031e-03 -8.6698e-03 -8.3365e-03 -8.0032e-03 -7.6700e-03 -7.3367e-03 -7.0034e-03 -6.6701e-03 -6.3368e-03 -6.0035e-03 -5.6702e-03 -5.3369e-03 -5.0035e-03 -4.6702e-03 -4.3369e-03 -4.0036e-03 -3.6703e-03 -3.3369e-03 -3.0036e-03 -2.6703e-03 -2.3369e-03 -2.0036e-03 -1.6703e-03 -1.3369e-03 -1.0036e-03 -6.7025e-04 -3.3691e-04 -3.5723e-06 +3.2977e-04 +6.6311e-04 +9.9645e-04 +1.3298e-03 +1.6631e-03 +1.9965e-03 +2.3298e-03 +2.6632e-03 +2.9965e-03 +3.3298e-03 +3.6632e-03 +3.9965e-03 +4.3299e-03 +4.6632e-03 +4.9965e-03 +5.3299e-03 +5.6632e-03 +5.9965e-03 +6.3299e-03 +6.6632e-03 +6.9965e-03 +7.3299e-03 +7.6632e-03 +7.9965e-03 +8.3299e-03 +8.6632e-03 +8.9965e-03 +9.3298e-03 +9.6632e-03 +9.9965e-03 
-0000.00100 -1.0003e-02 -9.6696e-03 -9.3363e-03 -9.0031e-03 -8.6698e-03 -8.3365e-03 -8.0032e-03 -7.6700e-03 -7.3367e-03 -7.0034e-03 -6.6701e-03 -6.3368e-03 -6.0035e-03 -5.6702e-03 -5.3369e-03 -5.0035e-03 -4.6702e-03 -4.3369e-03 -4.0036e-03 -3.6703e-03 -3.3369e-03 -3.0036e-03 -2.6703e-03 -2.3369e-03 -2.0036e-03 -1.6703e-03 -1.3369e-03 -1.0036e-03 -6.7025e-04 -3.3691e-04 -3.5723e-06 +3.2977e-04 +6.6311e-04 +9.9645e-04 +1.3298e-03 +1.6631e-03 +1.9965e-03 +2.3298e-03 +2.6632e-03 +2.9965e-03 +3.3298e-03 +3.6632e-03 +3.9965e-03 +4.3299e-03 +4.6632e-03 +4.9965e-03 +5.3299e-03 +5.6632e-03 +5.9965e-03 +6.3299e-03 +6.6632e-03 +6.9965e-03 +7.3299e-03 +7.6632e-03 +7.9965e-03 +8.3299e-03 +8.6632e-03 +8.9965e-03 +9.3298e-03 +9.6632e-03 +9.9965e-03 
-0000.00150 -1.0003e-02 -9.6696e-03 -9.3363e-03 -9.0031e-03 -8.6698e-03 -8.3365e-03 -8.0032e-03 -7.6700e-03 -7.3367e-03 -7.0034e-03 -6.6701e-03 -6.3368e-03 -6.0035e-03 -5.6702e-03 -5.3369e-03 -5.0035e-03 -4.6702e-03 -4.3369e-03 -4.0036e-03 -3.6703e-03 -3.3369e-03 -3.0036e-03 -2.6703e-03 -2.3369e-03 -2.0036e-03 -1.6703e-03 -1.3369e-03 -1.0036e-03 -6.7025e-04 -3.3691e-04 -3.5723e-06 +3.2977e-04 +6.6311e-04 +9.9645e-04 +1.3298e-03 +1.6631e-03 +1.9965e-03 +2.3298e-03 +2.6632e-03 +2.9965e-03 +3.3298e-03 +3.6632e-03 +3.9965e-03 +4.3299e-03 +4.6632e-03 +4.9965e-03 +5.3299e-03 +5.6632e-03 +5.9965e-03 +6.3299e-03 +6.6632e-03 +6.9965e-03 +7.3299e-03 +7.6632e-03 +7.9965e-03 +8.3299e-03 +8.6632e-03 +8.9965e-03 +9.3298e-03 +9.6632e-03 +9.9965e-03 
-0000.00200 -1.0003e-02 -9.6696e-03 -9.3363e-03 -9.0031e-03 -8.6698e-03 -8.3365e-03 -8.0032e-03 -7.6700e-03 -7.3367e-03 -7.0034e-03 -6.6701e-03 -6.3368e-03 -6.0035e-03 -5.6702e-03 -5.3369e-03 -5.0035e-03 -4.6702e-03 -4.3369e-03 -4.0036e-03 -3.6703e-03 -3.3369e-03 -3.0036e-03 -2.6703e-03 -2.3369e-03 -2.0036e-03 -1.6703e-03 -1.3369e-03 -1.0036e-03 -6.7025e-04 -3.3691e-04 -3.5723e-06 +3.2977e-04 +6.6311e-04 +9.9645e-04 +1.3298e-03 +1.6631e-03 +1.9965e-03 +2.3298e-03 +2.6632e-03 +2.9965e-03 +3.3298e-03 +3.6632e-03 +3.9965e-03 +4.3299e-03 +4.6632e-03 +4.9965e-03 +5.3299e-03 +5.6632e-03 +5.9965e-03 +6.3299e-03 +6.6632e-03 +6.9965e-03 +7.3299e-03 +7.6632e-03 +7.9965e-03 +8.3299e-03 +8.6632e-03 +8.9965e-03 +9.3298e-03 +9.6632e-03 +9.9965e-03 
# Vertical Final Position [m]
START
            -0000.01000 -0000.00967 -0000.00933 -0000.00900 -0000.00867 -0000.00833 -0000.00800 -0000.00767 -0000.00733 -0000.00700 -0000.00667 -0000.00633 -0000.00600 -0000.00567 -0000.00533 -0000.00500 -0000.00467 -0000.00433 -0000.00400 -0000.00367 -0000.00333 -0000.00300 -0000.00267 -0000.00233 -0000.00200 -0000.00167 -0000.00133 -0000.00100 -0000.00067 -0000.00033 +0000.00000 +0000.00033 +0000.00067 +0000.00100 +0000.00133 +0000.00167 +0000.00200 +0000.00233 +0000.00267 +0000.00300 +0000.00333 +0000.00367 +0000.00400 +0000.00433 +0000.00467 +0000.00500 +0000.00533 +0000.00567 +0000.00600 +0000.00633 +0000.00667 +0000.00700 +0000.00733 +0000.00767 +0000.00800 +0000.00833 +0000.00867 +0000.00900 +0000.00933 +0000.00967 +0000.01000 
+0000.00200 +2.0001e-03 +2.0001e-03 +2.0001e-03 +2.0001e-03 +2.0001e-03 +2.0001e-03 +2.0001e-03 +2.0001e-03 +2.0001e-03 +2.0001e-03 +2.0001e-03 +2.0001e-03 +2.0001e-03 +2.0001e-03 +2.0001e-03 +2.0001e-03 +2.0001e-03 +2.0001e-03 +2.0001e-03 +2.0001e-03 +2.0001e-03 +2.0001e-03 +2.0001e-03 +2.0000e-03 +2.0000e-03 +2.0000e-03 +2.0000e-03 +2.0000e-03 +2.0000e-03 +2.0000e-03 +2.0000e-03 +2.0000e-03 +2.0000e-03 +2.0000e-03 +2.0000e-03 +2.0000e-03 +2.0000e-03 +2.0000e-03 +1.9999e-03 +1.9999e-03 +1.9999e-03 +1.9999e-03 +1.9999e-03 +1.9999e-03 +1.9999e-03 +1.9999e-03 +1.9999e-03 +1.9999e-03 +1.9999e-03 +1.9999e-03 +1.9999e-03 +1.9999e-03 +1.9999e-03 +1.9999e-03 +1.9999e-03 +1.9999e-03 +1.9999e-03 +1.9999e-03 +1.9999e-03 +1.9999e-03 +1.9999e-03 
+0000.00150 +1.5001e-03 +1.5001e-03 +1.5001e-03 +1.5001e-03 +1.5001e-03 +1.5001e-03 +1.5001e-03 +1.5001e-03 +1.5001e-03 +1.5001e-03 +1.5001e-03 +1.5001e-03 +1.5001e-03 +1.5001e-03 +1.5001e-03 +1.5001e-03 +1.5001e-03 +1.5001e-03 +1.5001e-03 +1.5000e-03 +1.5000e-03 +1.5000e-03 +1.5000e-03 +1.5000e-03 +1.5000e-03 +1.5000e-03 +1.5000e-03 +1.5000e-03 +1.5000e-03 +1.5000e-03 +1.5000e-03 +1.5000e-03 +1.5000e-03 +1.5000e-03 +1.5000e-03 +1.5000e-03 +1.5000e-03 +1.5000e-03 +1.5000e-03 +1.5000e-03 +1.5000e-03 +1.5000e-03 +1.4999e-03 +1.4999e-03 +1.4999e-03 +1.4999e-03 +1.4999e-03 +1.4999e-03 +1.4999e-03 +1.4999e-03 +1.4999e-03 +1.4999e-03 +1.4999e-03 +1.4999e-03 +1.4999e-03 +1.4999e-03 +1.4999e-03 +1.4999e-03 +1.4999e-03 +1.4999e-03 +1.4999e-03 
+0000.00100 +1.0000e-03 +1.0000e-03 +1.0000e-03 +1.0000e-03 +1.0000e-03 +1.0000e-03 +1.0000e-03 +1.0000e-03 +1.0000e-03 +1.0000e-03 +1.0000e-03 +1.0000e-03 +1.0000e-03 +1.0000e-03 +1.0000e-03 +1.0000e-03 +1.0000e-03 +1.0000e-03 +1.0000e-03 +1.0000e-03 +1.0000e-03 +1.0000e-03 +1.0000e-03 +1.0000e-03 +1.0000e-03 +1.0000e-03 +1.0000e-03 +1.0000e-03 +1.0000e-03 +1.0000e-03 +9.9999e-04 +9.9999e-04 +9.9999e-04 +9.9999e-04 +9.9999e-04 +9.9999e-04 +9.9999e-04 +9.9998e-04 +9.9998e-04 +9.9998e-04 +9.9998e-04 +9.9998e-04 +9.9997e-04 +9.9997e-04 +9.9997e-04 +9.9997e-04 +9.9997e-04 +9.9997e-04 +9.9996e-04 +9.9996e-04 +9.9996e-04 +9.9996e-04 +9.9996e-04 +9.9996e-04 +9.9996e-04 +9.9996e-04 +9.9996e-04 +9.9996e-04 +9.9996e-04 +9.9996e-04 +9.9996e-04 
+0000.00050 +5.0002e-04 +5.0002e-04 +5.0002e-04 +5.0002e-04 +5.0002e-04 +5.0002e-04 +5.0002e-04 +5.0002e-04 +5.0002e-04 +5.0002e-04 +5.0002e-04 +5.0002e-04 +5.0002e-04 +5.0002e-04 +5.0002e-04 +5.0002e-04 +5.0002e-04 +5.0002e-04 +5.0001e-04 +5.0001e-04 +5.0001e-04 +5.0001e-04 +5.0001e-04 +5.0001e-04 +5.0001e-04 +5.0001e-04 +5.0000e-04 +5.0000e-04 +5.0000e-04 +5.0000e-04 +5.0000e-04 +5.0000e-04 +5.0000e-04 +5.0000e-04 +4.9999e-04 +4.9999e-04 +4.9999e-04 +4.9999e-04 +4.9999e-04 +4.9999e-04 +4.9999e-04 +4.9999e-04 +4.9999e-04 +4.9998e-04 +4.9998e-04 +4.9998e-04 +4.9998e-04 +4.9998e-04 +4.9998e-04 +4.9998e-04 +4.9998e-04 +4.9998e-04 +4.9998e-04 +4.9998e-04 +4.9998e-04 +4.9998e-04 +4.9998e-04 +4.9998e-04 +4.9998e-04 +4.9998e-04 +4.9998e-04 
+0000.00000 -7.9770e-11 -8.0655e-11 -8.1550e-11 -8.2452e-11 -8.3356e-11 -8.4260e-11 -8.5158e-11 -8.6047e-11 -8.6925e-11 -8.7787e-11 -8.8630e-11 -8.9451e-11 -9.0248e-11 -9.1018e-11 -9.1758e-11 -9.2465e-11 -9.3138e-11 -9.3773e-11 -9.4371e-11 -9.4927e-11 -9.5441e-11 -9.5911e-11 -9.6336e-11 -9.6714e-11 -9.7045e-11 -9.7327e-11 -9.7559e-11 -9.7741e-11 -9.7873e-11 -9.7953e-11 -9.7982e-11 -9.7960e-11 -9.7886e-11 -9.7761e-11 -9.7586e-11 -9.7360e-11 -9.7085e-11 -9.6761e-11 -9.6389e-11 -9.5971e-11 -9.5507e-11 -9.4998e-11 -9.4448e-11 -9.3856e-11 -9.3226e-11 -9.2558e-11 -9.1855e-11 -9.1120e-11 -9.0355e-11 -8.9562e-11 -8.8744e-11 -8.7904e-11 -8.7045e-11 -8.6170e-11 -8.5283e-11 -8.4386e-11 -8.3484e-11 -8.2581e-11 -8.1679e-11 -8.0784e-11 -7.9899e-11 
-0000.00050 -5.0002e-04 -5.0002e-04 -5.0002e-04 -5.0002e-04 -5.0002e-04 -5.0002e-04 -5.0002e-04 -5.0002e-04 -5.0002e-04 -5.0002e-04 -5.0002e-04 -5.0002e-04 -5.0002e-04 -5.0002e-04 -5.0002e-04 -5.0002e-04 -5.0002e-04 -5.0002e-04 -5.0001e-04 -5.0001e-04 -5.0001e-04 -5.0001e-04 -5.0001e-04 -5.0001e-04 -5.0001e-04 -5.0001e-04 -5.0000e-04 -5.0000e-04 -5.0000e-04 -5.0000e-04 -5.0000e-04 -5.0000e-04 -5.0000e-04 -5.0000e-04 -4.9999e-04 -4.9999e-04 -4.9999e-04 -4.9999e-04 -4.9999e-04 -4.9999e-04 -4.9999e-04 -4.9999e-04 -4.9999e-04 -4.9998e-04 -4.9998e-04 -4.9998e-04 -4.9998e-04 -4.9998e-04 -4.9998e-04 -4.9998e-04 -4.9998e-04 -4.9998e-04 -4.9998e-04 -4.9998e-04 -4.9998e-04 -4.9998e-04 -4.9998e-04 -4.9998e-04 -4.9998e-04 -4.9998e-04 -4.9998e-04 
-0000.00100 -1.0000e-03 -1.0000e-03 -1.0000e-03 -1.0000e-03 -1.0000e-03 -1.0000e-03 -1.0000e-03 -1.0000e-03 -1.0000e-03 -1.0000e-03 -1.0000e-03 -1.0000e-03 -1.0000e-03 -1.0000e-03 -1.0000e-03 -1.0000e-03 -1.0000e-03 -1.0000e-03 -1.0000e-03 -1.0000e-03 -1.0000e-03 -1.0000e-03 -1.0000e-03 -1.0000e-03 -1.0000e-03 -1.0000e-03 -1.0000e-03 -1.0000e-03 -1.0000e-03 -1.0000e-03 -9.9999e-04 -9.9999e-04 -9.9999e-04 -9.9999e-04 -9.9999e-04 -9.9999e-04 -9.9999e-04 -9.9998e-04 -9.9998e-04 -9.9998e-04 -9.9998e-04 -9.9998e-04 -9.9997e-04 -9.9997e-04 -9.9997e-04 -9.9997e-04 -9.9997e-04 -9.9997e-04 -9.9996e-04 -9.9996e-04 -9.9996e-04 -9.9996e-04 -9.9996e-04 -9.9996e-04 -9.9996e-04 -9.9996e-04 -9.9996e-04 -9.9996e-04 -9.9996e-04 -9.9996e-04 -9.9996e-04 
-0000.00150 -1.5001e-03 -1.5001e-03 -1.5001e-03 -1.5001e-03 -1.5001e-03 -1.5001e-03 -1.5001e-03 -1.5001e-03 -1.5001e-03 -1.5001e-03 -1.5001e-03 -1.5001e-03 -1.5001e-03 -1.5001e-03 -1.5001e-03 -1.5001e-03 -1.5001e-03 -1.5001e-03 -1.5001e-03 -1.5000e-03 -1.5000e-03 -1.5000e-03 -1.5000e-03 -1.5000e-03 -1.5000e-03 -1.5000e-03 -1.5000e-03 -1.5000e-03 -1.5000e-03 -1.5000e-03 -1.5000e-03 -1.5000e-03 -1.5000e-03 -1.5000e-03 -1.5000e-03 -1.5000e-03 -1.5000e-03 -1.5000e-03 -1.5000e-03 -1.5000e-03 -1.5000e-03 -1.5000e-03 -1.4999e-03 -1.4999e-03 -1.4999e-03 -1.4999e-03 -1.4999e-03 -1.4999e-03 -1.4999e-03 -1.4999e-03 -1.4999e-03 -1.4999e-03 -1.4999e-03 -1.4999e-03 -1.4999e-03 -1.4999e-03 -1.4999e-03 -1.4999e-03 -1.4999e-03 -1.4999e-03 -1.4999e-03 
-0000.00200 -2.0001e-03 -2.0001e-03 -2.0001e-03 -2.0001e-03 -2.0001e-03 -2.0001e-03 -2.0001e-03 -2.0001e-03 -2.0001e-03 -2.0001e-03 -2.0001e-03 -2.0001e-03 -2.0001e-03 -2.0001e-03 -2.0001e-03 -2.0001e-03 -2.0001e-03 -2.0001e-03 -2.0001e-03 -2.0001e-03 -2.0001e-03 -2.0001e-03 -2.0001e-03 -2.0000e-03 -2.0000e-03 -2.0000e-03 -2.0000e-03 -2.0000e-03 -2.0000e-03 -2.0000e-03 -2.0000e-03 -2.0000e-03 -2.0000e-03 -2.0000e-03 -2.0000e-03 -2.0000e-03 -2.0000e-03 -2.0000e-03 -1.9999e-03 -1.9999e-03 -1.9999e-03 -1.9999e-03 -1.9999e-03 -1.9999e-03 -1.9999e-03 -1.9999e-03 -1.9999e-03 -1.9999e-03 -1.9999e-03 -1.9999e-03 -1.9999e-03 -1.9999e-03 -1.9999e-03 -1.9999e-03 -1.9999e-03 -1.9999e-03 -1.9999e-03 -1.9999e-03 -1.9999e-03 -1.9999e-03 -1.9999e-03 