# Author: FAC idanalysis.IDKickMap
# Termination_kicks [T2m2]: +0.0000e+00 +0.0000e+00 +0.0000e+00 +0.0000e+00 
# Total Length of Longitudinal Interval [m]
0.13
# Number of Horizontal Points
61
# Number of Vertical Points
9
# Total Horizontal 2nd Order Kick [T2m2]
START
            -0000.01000 -0000.00967 -0000.00933 -0000.00900 -0000.00867 -0000.00833 -0000.00800 -0000.00767 -0000.00733 -0000.00700 -0000.00667 -0000.00633 -0000.00600 -0000.00567 -0000.00533 -0000.00500 -0000.00467 -0000.00433 -0000.00400 -0000.00367 -0000.00333 -0000.00300 -0000.00267 -0000.00233 -0000.00200 -0000.00167 -0000.00133 -0000.00100 -0000.00067 -0000.00033 +0000.00000 +0000.00033 +0000.00067 +0000.00100 +0000.00133 +0000.00167 +0000.00200 +0000.00233 +0000.00267 +0000.00300 +0000.00333 +0000.00367 +0000.00400 +0000.00433 +0000.00467 +0000.00500 +0000.00533 +0000.00567 +0000.00600 +0000.00633 +0000.00667 +0000.00700 +0000.00733 +0000.00767 +0000.00800 +0000.00833 +0000.00867 +0000.00900 +0000.00933 +0000.00967 +0000.01000 
+0000.00200 -4.0491e-04 -4.0086e-04 -3.9702e-04 -3.9338e-04 -3.8994e-04 -3.8669e-04 -3.8361e-04 -3.8072e-04 -3.7800e-04 -3.7544e-04 -3.7304e-04 -3.7079e-04 -3.6869e-04 -3.6674e-04 -3.6493e-04 -3.6325e-04 -3.6171e-04 -3.6029e-04 -3.5899e-04 -3.5782e-04 -3.5676e-04 -3.5581e-04 -3.5498e-04 -3.5425e-04 -3.5363e-04 -3.5311e-04 -3.5269e-04 -3.5238e-04 -3.5216e-04 -3.5203e-04 -3.5200e-04 -3.5206e-04 -3.5222e-04 -3.5247e-04 -3.5281e-04 -3.5324e-04 -3.5377e-04 -3.5439e-04 -3.5510e-04 -3.5590e-04 -3.5679e-04 -3.5779e-04 -3.5887e-04 -3.6006e-04 -3.6134e-04 -3.6273e-04 -3.6422e-04 -3.6582e-04 -3.6752e-04 -3.6934e-04 -3.7127e-04 -3.7331e-04 -3.7548e-04 -3.7777e-04 -3.8019e-04 -3.8275e-04 -3.8544e-04 -3.8827e-04 -3.9124e-04 -3.9437e-04 -3.9765e-04 
+0000.00150 -4.9990e-05 -4.6520e-05 -4.3180e-05 -3.9970e-05 -3.6900e-05 -3.3950e-05 -3.1130e-05 -2.8440e-05 -2.5880e-05 -2.3440e-05 -2.1130e-05 -1.8940e-05 -1.6870e-05 -1.4930e-05 -1.3110e-05 -1.1410e-05 -9.8200e-06 -8.3600e-06 -7.0100e-06 -5.7800e-06 -4.6700e-06 -3.6700e-06 -2.7800e-06 -2.0100e-06 -1.3500e-06 -8.1000e-07 -3.7000e-07 -4.0000e-08 +1.7000e-07 +2.8000e-07 +2.8000e-07 +1.7000e-07 -5.0000e-08 -3.7000e-07 -8.0000e-07 -1.3300e-06 -1.9600e-06 -2.7000e-06 -3.5400e-06 -4.4800e-06 -5.5300e-06 -6.6700e-06 -7.9200e-06 -9.2600e-06 -1.0700e-05 -1.2240e-05 -1.3880e-05 -1.5620e-05 -1.7450e-05 -1.9380e-05 -2.1400e-05 -2.3520e-05 -2.5730e-05 -2.8040e-05 -3.0440e-05 -3.2930e-05 -3.5510e-05 -3.8190e-05 -4.0960e-05 -4.3820e-05 -4.6770e-05 
+0000.00100 -4.9360e-05 -4.6030e-05 -4.2830e-05 -3.9740e-05 -3.6760e-05 -3.3910e-05 -3.1170e-05 -2.8550e-05 -2.6040e-05 -2.3650e-05 -2.1370e-05 -1.9210e-05 -1.7160e-05 -1.5230e-05 -1.3410e-05 -1.1700e-05 -1.0110e-05 -8.6300e-06 -7.2600e-06 -6.0100e-06 -4.8700e-06 -3.8300e-06 -2.9200e-06 -2.1100e-06 -1.4100e-06 -8.3000e-07 -3.5000e-07 +2.0000e-08 +2.7000e-07 +4.2000e-07 +4.6000e-07 +3.8000e-07 +2.0000e-07 -8.0000e-08 -4.8000e-07 -9.8000e-07 -1.5900e-06 -2.3100e-06 -3.1400e-06 -4.0700e-06 -5.1000e-06 -6.2500e-06 -7.4900e-06 -8.8500e-06 -1.0310e-05 -1.1870e-05 -1.3530e-05 -1.5310e-05 -1.7180e-05 -1.9160e-05 -2.1240e-05 -2.3420e-05 -2.5710e-05 -2.8090e-05 -3.0580e-05 -3.3170e-05 -3.5860e-05 -3.8660e-05 -4.1550e-05 -4.4540e-05 -4.7640e-05 
+0000.00050 -4.9450e-05 -4.6210e-05 -4.3070e-05 -4.0050e-05 -3.7130e-05 -3.4330e-05 -3.1630e-05 -2.9040e-05 -2.6560e-05 -2.4190e-05 -2.1940e-05 -1.9790e-05 -1.7750e-05 -1.5820e-05 -1.4000e-05 -1.2290e-05 -1.0690e-05 -9.2000e-06 -7.8200e-06 -6.5500e-06 -5.4000e-06 -4.3500e-06 -3.4100e-06 -2.5900e-06 -1.8700e-06 -1.2600e-06 -7.7000e-07 -3.8000e-07 -1.1000e-07 +6.0000e-08 +1.1000e-07 +6.0000e-08 -1.0000e-07 -3.8000e-07 -7.6000e-07 -1.2500e-06 -1.8600e-06 -2.5700e-06 -3.3900e-06 -4.3100e-06 -5.3500e-06 -6.5000e-06 -7.7500e-06 -9.1100e-06 -1.0580e-05 -1.2150e-05 -1.3830e-05 -1.5620e-05 -1.7510e-05 -1.9510e-05 -2.1620e-05 -2.3830e-05 -2.6150e-05 -2.8570e-05 -3.1090e-05 -3.3720e-05 -3.6460e-05 -3.9290e-05 -4.2230e-05 -4.5270e-05 -4.8410e-05 
+0000.00000 -4.9480e-05 -4.6260e-05 -4.3160e-05 -4.0150e-05 -3.7260e-05 -3.4470e-05 -3.1780e-05 -2.9210e-05 -2.6740e-05 -2.4370e-05 -2.2120e-05 -1.9970e-05 -1.7940e-05 -1.6010e-05 -1.4190e-05 -1.2480e-05 -1.0880e-05 -9.3900e-06 -8.0000e-06 -6.7300e-06 -5.5700e-06 -4.5200e-06 -3.5700e-06 -2.7400e-06 -2.0200e-06 -1.4100e-06 -9.0000e-07 -5.1000e-07 -2.3000e-07 -6.0000e-08 +0.0000e+00 -5.0000e-08 -2.1000e-07 -4.8000e-07 -8.6000e-07 -1.3500e-06 -1.9500e-06 -2.6600e-06 -3.4800e-06 -4.4100e-06 -5.4400e-06 -6.5900e-06 -7.8400e-06 -9.2000e-06 -1.0680e-05 -1.2250e-05 -1.3940e-05 -1.5730e-05 -1.7630e-05 -1.9640e-05 -2.1750e-05 -2.3970e-05 -2.6300e-05 -2.8730e-05 -3.1260e-05 -3.3900e-05 -3.6640e-05 -3.9480e-05 -4.2430e-05 -4.5480e-05 -4.8630e-05 
-0000.00050 -4.9450e-05 -4.6210e-05 -4.3070e-05 -4.0050e-05 -3.7130e-05 -3.4330e-05 -3.1630e-05 -2.9040e-05 -2.6560e-05 -2.4190e-05 -2.1930e-05 -1.9780e-05 -1.7740e-05 -1.5810e-05 -1.3990e-05 -1.2290e-05 -1.0690e-05 -9.2000e-06 -7.8200e-06 -6.5500e-06 -5.3900e-06 -4.3500e-06 -3.4100e-06 -2.5800e-06 -1.8700e-06 -1.2600e-06 -7.7000e-07 -3.8000e-07 -1.1000e-07 +6.0000e-08 +1.1000e-07 +6.0000e-08 -1.0000e-07 -3.8000e-07 -7.6000e-07 -1.2600e-06 -1.8600e-06 -2.5700e-06 -3.3900e-06 -4.3200e-06 -5.3500e-06 -6.5000e-06 -7.7500e-06 -9.1100e-06 -1.0580e-05 -1.2150e-05 -1.3840e-05 -1.5620e-05 -1.7520e-05 -1.9520e-05 -2.1620e-05 -2.3840e-05 -2.6150e-05 -2.8570e-05 -3.1100e-05 -3.3730e-05 -3.6460e-05 -3.9290e-05 -4.2230e-05 -4.5270e-05 -4.8410e-05 
-0000.00100 -4.9360e-05 -4.6030e-05 -4.2830e-05 -3.9740e-05 -3.6760e-05 -3.3910e-05 -3.1170e-05 -2.8540e-05 -2.6030e-05 -2.3640e-05 -2.1360e-05 -1.9200e-05 -1.7150e-05 -1.5220e-05 -1.3400e-05 -1.1690e-05 -1.0100e-05 -8.6200e-06 -7.2600e-06 -6.0000e-06 -4.8600e-06 -3.8300e-06 -2.9100e-06 -2.1000e-06 -1.4100e-06 -8.2000e-07 -3.5000e-07 +2.0000e-08 +2.7000e-07 +4.2000e-07 +4.6000e-07 +3.9000e-07 +2.0000e-07 -8.0000e-08 -4.8000e-07 -9.8000e-07 -1.6000e-06 -2.3100e-06 -3.1400e-06 -4.0700e-06 -5.1100e-06 -6.2500e-06 -7.5000e-06 -8.8500e-06 -1.0310e-05 -1.1870e-05 -1.3540e-05 -1.5310e-05 -1.7190e-05 -1.9160e-05 -2.1240e-05 -2.3430e-05 -2.5710e-05 -2.8100e-05 -3.0590e-05 -3.3180e-05 -3.5870e-05 -3.8660e-05 -4.1550e-05 -4.4540e-05 -4.7630e-05 
-0000.00150 -4.9990e-05 -4.6510e-05 -4.3170e-05 -3.9970e-05 -3.6890e-05 -3.3940e-05 -3.1120e-05 -2.8430e-05 -2.5870e-05 -2.3430e-05 -2.1120e-05 -1.8930e-05 -1.6860e-05 -1.4920e-05 -1.3100e-05 -1.1390e-05 -9.8100e-06 -8.3500e-06 -7.0000e-06 -5.7700e-06 -4.6600e-06 -3.6600e-06 -2.7700e-06 -2.0000e-06 -1.3500e-06 -8.0000e-07 -3.7000e-07 -4.0000e-08 +1.7000e-07 +2.8000e-07 +2.8000e-07 +1.7000e-07 -5.0000e-08 -3.7000e-07 -8.0000e-07 -1.3300e-06 -1.9700e-06 -2.7100e-06 -3.5500e-06 -4.4900e-06 -5.5400e-06 -6.6800e-06 -7.9300e-06 -9.2700e-06 -1.0710e-05 -1.2260e-05 -1.3890e-05 -1.5630e-05 -1.7460e-05 -1.9390e-05 -2.1410e-05 -2.3530e-05 -2.5740e-05 -2.8050e-05 -3.0440e-05 -3.2940e-05 -3.5520e-05 -3.8190e-05 -4.0960e-05 -4.3820e-05 -4.6760e-05 
-0000.00200 -4.0492e-04 -4.0087e-04 -3.9702e-04 -3.9338e-04 -3.8994e-04 -3.8668e-04 -3.8361e-04 -3.8071e-04 -3.7799e-04 -3.7543e-04 -3.7303e-04 -3.7078e-04 -3.6868e-04 -3.6673e-04 -3.6492e-04 -3.6324e-04 -3.6169e-04 -3.6028e-04 -3.5898e-04 -3.5781e-04 -3.5675e-04 -3.5580e-04 -3.5497e-04 -3.5424e-04 -3.5362e-04 -3.5311e-04 -3.5269e-04 -3.5237e-04 -3.5215e-04 -3.5203e-04 -3.5200e-04 -3.5206e-04 -3.5222e-04 -3.5247e-04 -3.5282e-04 -3.5325e-04 -3.5377e-04 -3.5439e-04 -3.5510e-04 -3.5591e-04 -3.5680e-04 -3.5779e-04 -3.5888e-04 -3.6007e-04 -3.6135e-04 -3.6274e-04 -3.6423e-04 -3.6583e-04 -3.6753e-04 -3.6935e-04 -3.7128e-04 -3.7332e-04 -3.7549e-04 -3.7778e-04 -3.8020e-04 -3.8275e-04 -3.8544e-04 -3.8826e-04 -3.9124e-04 -3.9436e-04 -3.9764e-04 
# Total Vertical 2nd Order Kick [T2m2]
START
            -0000.01000 -0000.00967 -0000.00933 -0000.00900 -0000.00867 -0000.00833 -0000.00800 -0000.00767 -0000.00733 -0000.00700 -0000.00667 -0000.00633 -0000.00600 -0000.00567 -0000.00533 -0000.00500 -0000.00467 -0000.00433 -0000.00400 -0000.00367 -0000.00333 -0000.00300 -0000.00267 -0000.00233 -0000.00200 -0000.00167 -0000.00133 -0000.00100 -0000.00067 -0000.00033 +0000.00000 +0000.00033 +0000.00067 +0000.00100 +0000.00133 +0000.00167 +0000.00200 +0000.00233 +0000.00267 +0000.00300 +0000.00333 +0000.00367 +0000.00400 +0000.00433 +0000.00467 +0000.00500 +0000.00533 +0000.00567 +0000.00600 +0000.00633 +0000.00667 +0000.00700 +0000.00733 +0000.00767 +0000.00800 +0000.00833 +0000.00867 +0000.00900 +0000.00933 +0000.00967 +0000.01000 
+0000.00200 -2.4488e-04 -2.4348e-04 -2.4213e-04 -2.4083e-04 -2.3959e-04 -2.3840e-04 -2.3726e-04 -2.3618e-04 -2.3514e-04 -2.3415e-04 -2.3321e-04 -2.3231e-04 -2.3146e-04 -2.3065e-04 -2.2988e-04 -2.2915e-04 -2.2846e-04 -2.2781e-04 -2.2719e-04 -2.2661e-04 -2.2605e-04 -2.2553e-04 -2.2503e-04 -2.2456e-04 -2.2411e-04 -2.2369e-04 -2.2328e-04 -2.2288e-04 -2.2250e-04 -2.2213e-04 -2.2177e-04 -2.2142e-04 -2.2107e-04 -2.2071e-04 -2.2036e-04 -2.2000e-04 -2.1963e-04 -2.1925e-04 -2.1885e-04 -2.1843e-04 -2.1800e-04 -2.1753e-04 -2.1704e-04 -2.1652e-04 -2.1596e-04 -2.1536e-04 -2.1472e-04 -2.1403e-04 -2.1330e-04 -2.1250e-04 -2.1165e-04 -2.1073e-04 -2.0975e-04 -2.0869e-04 -2.0756e-04 -2.0635e-04 -2.0506e-04 -2.0367e-04 -2.0220e-04 -2.0062e-04 -1.9894e-04 
+0000.00150 -1.6039e-04 -1.5973e-04 -1.5908e-04 -1.5845e-04 -1.5783e-04 -1.5722e-04 -1.5662e-04 -1.5604e-04 -1.5546e-04 -1.5490e-04 -1.5435e-04 -1.5381e-04 -1.5328e-04 -1.5275e-04 -1.5224e-04 -1.5173e-04 -1.5124e-04 -1.5075e-04 -1.5026e-04 -1.4979e-04 -1.4932e-04 -1.4885e-04 -1.4839e-04 -1.4794e-04 -1.4749e-04 -1.4704e-04 -1.4659e-04 -1.4615e-04 -1.4571e-04 -1.4527e-04 -1.4484e-04 -1.4440e-04 -1.4396e-04 -1.4352e-04 -1.4308e-04 -1.4264e-04 -1.4220e-04 -1.4175e-04 -1.4130e-04 -1.4084e-04 -1.4038e-04 -1.3991e-04 -1.3944e-04 -1.3896e-04 -1.3847e-04 -1.3797e-04 -1.3746e-04 -1.3695e-04 -1.3642e-04 -1.3588e-04 -1.3533e-04 -1.3477e-04 -1.3420e-04 -1.3361e-04 -1.3300e-04 -1.3238e-04 -1.3174e-04 -1.3109e-04 -1.3042e-04 -1.2972e-04 -1.2901e-04 
+0000.00100 -9.7532e-05 -9.7189e-05 -9.6846e-05 -9.6504e-05 -9.6162e-05 -9.5821e-05 -9.5480e-05 -9.5141e-05 -9.4802e-05 -9.4464e-05 -9.4127e-05 -9.3791e-05 -9.3456e-05 -9.3123e-05 -9.2790e-05 -9.2459e-05 -9.2129e-05 -9.1800e-05 -9.1473e-05 -9.1146e-05 -9.0821e-05 -9.0497e-05 -9.0174e-05 -8.9852e-05 -8.9531e-05 -8.9211e-05 -8.8891e-05 -8.8573e-05 -8.8255e-05 -8.7938e-05 -8.7622e-05 -8.7306e-05 -8.6990e-05 -8.6674e-05 -8.6358e-05 -8.6043e-05 -8.5727e-05 -8.5410e-05 -8.5093e-05 -8.4775e-05 -8.4456e-05 -8.4137e-05 -8.3815e-05 -8.3492e-05 -8.3168e-05 -8.2841e-05 -8.2513e-05 -8.2181e-05 -8.1848e-05 -8.1511e-05 -8.1171e-05 -8.0827e-05 -8.0480e-05 -8.0128e-05 -7.9772e-05 -7.9412e-05 -7.9046e-05 -7.8676e-05 -7.8299e-05 -7.7917e-05 -7.7528e-05 
+0000.00050 -4.6174e-05 -4.6028e-05 -4.5880e-05 -4.5729e-05 -4.5576e-05 -4.5421e-05 -4.5265e-05 -4.5107e-05 -4.4948e-05 -4.4788e-05 -4.4626e-05 -4.4464e-05 -4.4300e-05 -4.4136e-05 -4.3972e-05 -4.3807e-05 -4.3642e-05 -4.3476e-05 -4.3310e-05 -4.3144e-05 -4.2978e-05 -4.2812e-05 -4.2647e-05 -4.2481e-05 -4.2316e-05 -4.2150e-05 -4.1986e-05 -4.1821e-05 -4.1657e-05 -4.1493e-05 -4.1329e-05 -4.1166e-05 -4.1004e-05 -4.0841e-05 -4.0679e-05 -4.0517e-05 -4.0356e-05 -4.0195e-05 -4.0034e-05 -3.9873e-05 -3.9712e-05 -3.9551e-05 -3.9390e-05 -3.9230e-05 -3.9068e-05 -3.8907e-05 -3.8745e-05 -3.8583e-05 -3.8421e-05 -3.8257e-05 -3.8093e-05 -3.7928e-05 -3.7761e-05 -3.7594e-05 -3.7425e-05 -3.7254e-05 -3.7082e-05 -3.6908e-05 -3.6732e-05 -3.6554e-05 -3.6374e-05 
+0000.00000 +1.5480e-08 +1.5462e-08 +1.5309e-08 +1.5036e-08 +1.4655e-08 +1.4181e-08 +1.3626e-08 +1.3001e-08 +1.2319e-08 +1.1591e-08 +1.0827e-08 +1.0038e-08 +9.2330e-09 +8.4210e-09 +7.6100e-09 +6.8100e-09 +6.0280e-09 +5.2700e-09 +4.5430e-09 +3.8540e-09 +3.2080e-09 +2.6110e-09 +2.0660e-09 +1.5780e-09 +1.1500e-09 +7.9000e-10 +4.9000e-10 +2.6000e-10 +1.0000e-10 +1.0000e-11 +0.0000e+00 +5.0000e-11 +1.8000e-10 +3.8000e-10 +6.4000e-10 +9.8000e-10 +1.3780e-09 +1.8390e-09 +2.3580e-09 +2.9330e-09 +3.5570e-09 +4.2270e-09 +4.9380e-09 +5.6820e-09 +6.4540e-09 +7.2460e-09 +8.0530e-09 +8.8640e-09 +9.6730e-09 +1.0470e-08 +1.1246e-08 +1.1990e-08 +1.2693e-08 +1.3344e-08 +1.3930e-08 +1.4441e-08 +1.4864e-08 +1.5186e-08 +1.5393e-08 +1.5472e-08 +1.5408e-08 
-0000.00050 +4.6205e-05 +4.6059e-05 +4.5910e-05 +4.5759e-05 +4.5605e-05 +4.5450e-05 +4.5292e-05 +4.5133e-05 +4.4972e-05 +4.4811e-05 +4.4647e-05 +4.4483e-05 +4.4319e-05 +4.4153e-05 +4.3987e-05 +4.3820e-05 +4.3653e-05 +4.3486e-05 +4.3319e-05 +4.3152e-05 +4.2984e-05 +4.2817e-05 +4.2650e-05 +4.2484e-05 +4.2317e-05 +4.2152e-05 +4.1986e-05 +4.1821e-05 +4.1656e-05 +4.1492e-05 +4.1329e-05 +4.1166e-05 +4.1003e-05 +4.0841e-05 +4.0680e-05 +4.0519e-05 +4.0358e-05 +4.0198e-05 +4.0038e-05 +3.9878e-05 +3.9718e-05 +3.9559e-05 +3.9400e-05 +3.9240e-05 +3.9081e-05 +3.8921e-05 +3.8761e-05 +3.8601e-05 +3.8439e-05 +3.8278e-05 +3.8115e-05 +3.7951e-05 +3.7786e-05 +3.7620e-05 +3.7452e-05 +3.7283e-05 +3.7112e-05 +3.6939e-05 +3.6763e-05 +3.6585e-05 +3.6404e-05 
-0000.00100 +9.7563e-05 +9.7220e-05 +9.6877e-05 +9.6534e-05 +9.6192e-05 +9.5849e-05 +9.5508e-05 +9.5167e-05 +9.4826e-05 +9.4487e-05 +9.4149e-05 +9.3811e-05 +9.3475e-05 +9.3139e-05 +9.2805e-05 +9.2472e-05 +9.2141e-05 +9.1810e-05 +9.1481e-05 +9.1153e-05 +9.0827e-05 +9.0501e-05 +9.0177e-05 +8.9854e-05 +8.9532e-05 +8.9211e-05 +8.8891e-05 +8.8572e-05 +8.8254e-05 +8.7937e-05 +8.7620e-05 +8.7304e-05 +8.6989e-05 +8.6673e-05 +8.6358e-05 +8.6043e-05 +8.5728e-05 +8.5412e-05 +8.5096e-05 +8.4780e-05 +8.4462e-05 +8.4144e-05 +8.3824e-05 +8.3502e-05 +8.3180e-05 +8.2855e-05 +8.2528e-05 +8.2198e-05 +8.1866e-05 +8.1531e-05 +8.1192e-05 +8.0851e-05 +8.0505e-05 +8.0155e-05 +7.9801e-05 +7.9441e-05 +7.9077e-05 +7.8707e-05 +7.8332e-05 +7.7950e-05 +7.7562e-05 
-0000.00150 +1.6042e-04 +1.5976e-04 +1.5911e-04 +1.5848e-04 +1.5786e-04 +1.5725e-04 +1.5665e-04 +1.5606e-04 +1.5549e-04 +1.5493e-04 +1.5437e-04 +1.5383e-04 +1.5330e-04 +1.5277e-04 +1.5226e-04 +1.5175e-04 +1.5125e-04 +1.5076e-04 +1.5027e-04 +1.4979e-04 +1.4932e-04 +1.4886e-04 +1.4839e-04 +1.4794e-04 +1.4749e-04 +1.4704e-04 +1.4659e-04 +1.4615e-04 +1.4571e-04 +1.4527e-04 +1.4483e-04 +1.4439e-04 +1.4396e-04 +1.4352e-04 +1.4308e-04 +1.4264e-04 +1.4219e-04 +1.4175e-04 +1.4129e-04 +1.4084e-04 +1.4038e-04 +1.3991e-04 +1.3944e-04 +1.3896e-04 +1.3848e-04 +1.3798e-04 +1.3748e-04 +1.3696e-04 +1.3644e-04 +1.3590e-04 +1.3535e-04 +1.3479e-04 +1.3422e-04 +1.3363e-04 +1.3303e-04 +1.3241e-04 +1.3178e-04 +1.3112e-04 +1.3045e-04 +1.2976e-04 +1.2905e-04 
-0000.00200 +2.4492e-04 +2.4351e-04 +2.4216e-04 +2.4087e-04 +2.3963e-04 +2.3844e-04 +2.3730e-04 +2.3621e-04 +2.3517e-04 +2.3418e-04 +2.3323e-04 +2.3233e-04 +2.3148e-04 +2.3066e-04 +2.2989e-04 +2.2916e-04 +2.2847e-04 +2.2782e-04 +2.2720e-04 +2.2661e-04 +2.2606e-04 +2.2553e-04 +2.2503e-04 +2.2456e-04 +2.2411e-04 +2.2368e-04 +2.2327e-04 +2.2288e-04 +2.2249e-04 +2.2213e-04 +2.2176e-04 +2.2141e-04 +2.2106e-04 +2.2071e-04 +2.2035e-04 +2.1999e-04 +2.1962e-04 +2.1924e-04 +2.1885e-04 +2.1844e-04 +2.1800e-04 +2.1754e-04 +2.1705e-04 +2.1653e-04 +2.1598e-04 +2.1538e-04 +2.1474e-04 +2.1406e-04 +2.1332e-04 +2.1253e-04 +2.1168e-04 +2.1076e-04 +2.0978e-04 +2.0873e-04 +2.0760e-04 +2.0639e-04 +2.0510e-04 +2.0371e-04 +2.0224e-04 +2.0066e-04 +1.9898e-04 
# Horizontal Final Position [m]
START
            -0000.01000 -0000.00967 -0000.00933 -0000.00900 -0000.00867 -0000.00833 -0000.00800 -0000.00767 -0000.00733 -0000.00700 -0000.00667 -0000.00633 -0000.00600 -0000.00567 -0000.00533 -0000.00500 -0000.00467 -0000.00433 -0000.00400 -0000.00367 -0000.00333 -0000.00300 -0000.00267 -0000.00233 -0000.00200 -0000.00167 -0000.00133 -0000.00100 -0000.00067 -0000.00033 +0000.00000 +0000.00033 +0000.00067 +0000.00100 +0000.00133 +0000.00167 +0000.00200 +0000.00233 +0000.00267 +0000.00300 +0000.00333 +0000.00367 +0000.00400 +0000.00433 +0000.00467 +0000.00500 +0000.00533 +0000.00567 +0000.00600 +0000.00633 +0000.00667 +0000.00700 +0000.00733 +0000.00767 +0000.00800 +0000.00833 +0000.00867 +0000.00900 +0000.00933 +0000.00967 +0000.01000 
+0000.00200 -9.9996e-03 -9.6663e-03 -9.3330e-03 -8.9997e-03 -8.6664e-03 -8.3331e-03 -7.9998e-03 -7.6665e-03 -7.3332e-03 -6.9999e-03 -6.6666e-03 -6.3333e-03 -6.0000e-03 -5.6667e-03 -5.3333e-03 -5.0000e-03 -4.6667e-03 -4.3334e-03 -4.0001e-03 -3.6667e-03 -3.3334e-03 -3.0001e-03 -2.6668e-03 -2.3334e-03 -2.0001e-03 -1.6668e-03 -1.3334e-03 -1.0001e-03 -6.6677e-04 -3.3343e-04 -9.2602e-08 +3.3325e-04 +6.6659e-04 +9.9993e-04 +1.3333e-03 +1.6666e-03 +2.0000e-03 +2.3333e-03 +2.6666e-03 +3.0000e-03 +3.3333e-03 +3.6667e-03 +4.0000e-03 +4.3334e-03 +4.6667e-03 +5.0001e-03 +5.3334e-03 +5.6667e-03 +6.0001e-03 +6.3334e-03 +6.6668e-03 +7.0001e-03 +7.3334e-03 +7.6668e-03 +8.0001e-03 +8.3335e-03 +8.6668e-03 +9.0001e-03 +9.3334e-03 +9.6668e-03 +1.0000e-02 
+0000.00150 -9.9994e-03 -9.6661e-03 -9.3329e-03 -8.9996e-03 -8.6663e-03 -8.3330e-03 -7.9997e-03 -7.6664e-03 -7.3331e-03 -6.9998e-03 -6.6665e-03 -6.3332e-03 -5.9999e-03 -5.6665e-03 -5.3332e-03 -4.9999e-03 -4.6666e-03 -4.3333e-03 -3.9999e-03 -3.6666e-03 -3.3333e-03 -3.0000e-03 -2.6666e-03 -2.3333e-03 -2.0000e-03 -1.6666e-03 -1.3333e-03 -9.9997e-04 -6.6664e-04 -3.3331e-04 +2.2378e-08 +3.3336e-04 +6.6669e-04 +1.0000e-03 +1.3334e-03 +1.6667e-03 +2.0000e-03 +2.3334e-03 +2.6667e-03 +3.0000e-03 +3.3334e-03 +3.6667e-03 +4.0000e-03 +4.3334e-03 +4.6667e-03 +5.0001e-03 +5.3334e-03 +5.6668e-03 +6.0001e-03 +6.3335e-03 +6.6668e-03 +7.0002e-03 +7.3335e-03 +7.6669e-03 +8.0002e-03 +8.3336e-03 +8.6670e-03 +9.0004e-03 +9.3337e-03 +9.6671e-03 +1.0001e-02 
+0000.00100 -9.9994e-03 -9.6661e-03 -9.3329e-03 -8.9996e-03 -8.6663e-03 -8.3330e-03 -7.9997e-03 -7.6664e-03 -7.3331e-03 -6.9998e-03 -6.6665e-03 -6.3332e-03 -5.9999e-03 -5.6665e-03 -5.3332e-03 -4.9999e-03 -4.6666e-03 -4.3333e-03 -3.9999e-03 -3.6666e-03 -3.3333e-03 -3.0000e-03 -2.6666e-03 -2.3333e-03 -2.0000e-03 -1.6666e-03 -1.3333e-03 -9.9998e-04 -6.6665e-04 -3.3332e-04 +7.4547e-09 +3.3334e-04 +6.6667e-04 +1.0000e-03 +1.3333e-03 +1.6667e-03 +2.0000e-03 +2.3333e-03 +2.6667e-03 +3.0000e-03 +3.3334e-03 +3.6667e-03 +4.0000e-03 +4.3334e-03 +4.6667e-03 +5.0001e-03 +5.3334e-03 +5.6668e-03 +6.0001e-03 +6.3335e-03 +6.6669e-03 +7.0002e-03 +7.3336e-03 +7.6670e-03 +8.0004e-03 +8.3338e-03 +8.6671e-03 +9.0005e-03 +9.3339e-03 +9.6674e-03 +1.0001e-02 
+0000.00050 -9.9994e-03 -9.6661e-03 -9.3329e-03 -8.9996e-03 -8.6663e-03 -8.3330e-03 -7.9997e-03 -7.6664e-03 -7.3331e-03 -6.9998e-03 -6.6665e-03 -6.3332e-03 -5.9999e-03 -5.6665e-03 -5.3332e-03 -4.9999e-03 -4.6666e-03 -4.3333e-03 -3.9999e-03 -3.6666e-03 -3.3333e-03 -3.0000e-03 -2.6666e-03 -2.3333e-03 -2.0000e-03 -1.6666e-03 -1.3333e-03 -9.9998e-04 -6.6665e-04 -3.3332e-04 +7.4836e-09 +3.3334e-04 +6.6667e-04 +1.0000e-03 +1.3333e-03 +1.6667e-03 +2.0000e-03 +2.3333e-03 +2.6667e-03 +3.0000e-03 +3.3334e-03 +3.6667e-03 +4.0000e-03 +4.3334e-03 +4.6667e-03 +5.0001e-03 +5.3334e-03 +5.6668e-03 +6.0001e-03 +6.3335e-03 +6.6669e-03 +7.0002e-03 +7.3336e-03 +7.6670e-03 +8.0004e-03 +8.3338e-03 +8.6671e-03 +9.0005e-03 +9.3339e-03 +9.6674e-03 +1.0001e-02 
+0000.00000 -9.9994e-03 -9.6661e-03 -9.3329e-03 -8.9996e-03 -8.6663e-03 -8.3330e-03 -7.9997e-03 -7.6664e-03 -7.3331e-03 -6.9998e-03 -6.6665e-03 -6.3332e-03 -5.9999e-03 -5.6665e-03 -5.3332e-03 -4.9999e-03 -4.6666e-03 -4.3333e-03 -3.9999e-03 -3.6666e-03 -3.3333e-03 -3.0000e-03 -2.6666e-03 -2.3333e-03 -2.0000e-03 -1.6666e-03 -1.3333e-03 -9.9998e-04 -6.6665e-04 -3.3332e-04 +7.4995e-09 +3.3334e-04 +6.6667e-04 +1.0000e-03 +1.3333e-03 +1.6667e-03 +2.0000e-03 +2.3333e-03 +2.6667e-03 +3.0000e-03 +3.3334e-03 +3.6667e-03 +4.0000e-03 +4.3334e-03 +4.6667e-03 +5.0001e-03 +5.3334e-03 +5.6668e-03 +6.0001e-03 +6.3335e-03 +6.6669e-03 +7.0002e-03 +7.3336e-03 +7.6670e-03 +8.0004e-03 +8.3338e-03 +8.6671e-03 +9.0005e-03 +9.3339e-03 +9.6674e-03 +1.0001e-02 
-0000.00050 -9.9994e-03 -9.6661e-03 -9.3329e-03 -8.9996e-03 -8.6663e-03 -8.3330e-03 -7.9997e-03 -7.6664e-03 -7.3331e-03 -6.9998e-03 -6.6665e-03 -6.3332e-03 -5.9999e-03 -5.6665e-03 -5.3332e-03 -4.9999e-03 -4.6666e-03 -4.3333e-03 -3.9999e-03 -3.6666e-03 -3.3333e-03 -3.0000e-03 -2.6666e-03 -2.3333e-03 -2.0000e-03 -1.6666e-03 -1.3333e-03 -9.9998e-04 -6.6665e-04 -3.3332e-04 +7.4836e-09 +3.3334e-04 +6.6667e-04 +1.0000e-03 +1.3333e-03 +1.6667e-03 +2.0000e-03 +2.3333e-03 +2.6667e-03 +3.0000e-03 +3.3334e-03 +3.6667e-03 +4.0000e-03 +4.3334e-03 +4.6667e-03 +5.0001e-03 +5.3334e-03 +5.6668e-03 +6.0001e-03 +6.3335e-03 +6.6669e-03 +7.0002e-03 +7.3336e-03 +7.6670e-03 +8.0004e-03 +8.3338e-03 +8.6671e-03 +9.0005e-03 +9.3339e-03 +9.6674e-03 +1.0001e-02 
-0000.00100 -9.9994e-03 -9.6661e-03 -9.3329e-03 -8.9996e-03 -8.6663e-03 -8.3330e-03 -7.9997e-03 -7.6664e-03 -7.3331e-03 -6.9998e-03 -6.6665e-03 -6.3332e-03 -5.9999e-03 -5.6665e-03 -5.3332e-03 -4.9999e-03 -4.6666e-03 -4.3333e-03 -3.9999e-03 -3.6666e-03 -3.3333e-03 -3.0000e-03 -2.6666e-03 -2.3333e-03 -2.0000e-03 -1.6666e-03 -1.3333e-03 -9.9998e-04 -6.6665e-04 -3.3332e-04 +7.4545e-09 +3.3334e-04 +6.6667e-04 +1.0000e-03 +1.3333e-03 +1.6667e-03 +2.0000e-03 +2.3333e-03 +2.6667e-03 +3.0000e-03 +3.3334e-03 +3.6667e-03 +4.0000e-03 +4.3334e-03 +4.6667e-03 +5.0001e-03 +5.3334e-03 +5.6668e-03 +6.0001e-03 +6.3335e-03 +6.6669e-03 +7.0002e-03 +7.3336e-03 +7.6670e-03 +8.0004e-03 +8.3338e-03 +8.6671e-03 +9.0005e-03 +9.3339e-03 +9.6674e-03 +1.0001e-02 
-0000.00150 -9.9994e-03 -9.6661e-03 -9.3329e-03 -8.9996e-03 -8.6663e-03 -8.3330e-03 -7.9997e-03 -7.6664e-03 -7.3331e-03 -6.9998e-03 -6.6665e-03 -6.3332e-03 -5.9999e-03 -5.6665e-03 -5.3332e-03 -4.9999e-03 -4.6666e-03 -4.3333e-03 -3.9999e-03 -3.6666e-03 -3.3333e-03 -3.0000e-03 -2.6666e-03 -2.3333e-03 -2.0000e-03 -1.6666e-03 -1.3333e-03 -9.9997e-04 -6.6664e-04 -3.3331e-04 +2.2377e-08 +3.3336e-04 +6.6669e-04 +1.0000e-03 +1.3334e-03 +1.6667e-03 +2.0000e-03 +2.3334e-03 +2.6667e-03 +3.0000e-03 +3.3334e-03 +3.6667e-03 +4.0000e-03 +4.3334e-03 +4.6667e-03 +5.0001e-03 +5.3334e-03 +5.6668e-03 +6.0001e-03 +6.3335e-03 +6.6668e-03 +7.0002e-03 +7.3335e-03 +7.6669e-03 +8.0002e-03 +8.3336e-03 +8.6670e-03 +9.0004e-03 +9.3337e-03 +9.6671e-03 +1.0001e-02 
-0000.00200 -9.9996e-03 -9.6663e-03 -9.3330e-03 -8.9997e-03 -8.6664e-03 -8.3331e-03 -7.9998e-03 -7.6665e-03 -7.3332e-03 -6.9999e-03 -6.6666e-03 -6.3333e-03 -6.0000e-03 -5.6667e-03 -5.3333e-03 -5.0000e-03 -4.6667e-03 -4.3334e-03 -4.0001e-03 -3.6667e-03 -3.3334e-03 -3.0001e-03 -2.6668e-03 -2.3334e-03 -2.0001e-03 -1.6668e-03 -1.3334e-03 -1.0001e-03 -6.6677e-04 -3.3343e-04 -9.2602e-08 +3.3325e-04 +6.6659e-04 +9.9993e-04 +1.3333e-03 +1.6666e-03 +2.0000e-03 +2.3333e-03 +2.6666e-03 +3.0000e-03 +3.3333e-03 +3.6667e-03 +4.0000e-03 +4.3334e-03 +4.6667e-03 +5.0001e-03 +5.3334e-03 +5.6667e-03 +6.0001e-03 +6.3334e-03 +6.6668e-03 +7.0001e-03 +7.3334e-03 +7.6668e-03 +8.0001e-03 +8.3335e-03 +8.6668e-03 +9.0001e-03 +9.3334e-03 +9.6668e-03 +1.0000e-02 
# Vertical Final Position [m]
START
            -0000.01000 -0000.00967 -0000.00933 -0000.00900 -0000.00867 -0000.00833 -0000.00800 -0000.00767 -0000.00733 -0000.00700 -0000.00667 -0000.00633 -0000.00600 -0000.00567 -0000.00533 -0000.00500 -0000.00467 -0000.00433 -0000.00400 -0000.00367 -0000.00333 -0000.00300 -0000.00267 -0000.00233 -0000.00200 -0000.00167 -0000.00133 -0000.00100 -0000.00067 -0000.00033 +0000.00000 +0000.00033 +0000.00067 +0000.00100 +0000.00133 +0000.00167 +0000.00200 +0000.00233 +0000.00267 +0000.00300 +0000.00333 +0000.00367 +0000.00400 +0000.00433 +0000.00467 +0000.00500 +0000.00533 +0000.00567 +0000.00600 +0000.00633 +0000.00667 +0000.00700 +0000.00733 +0000.00767 +0000.00800 +0000.00833 +0000.00867 +0000.00900 +0000.00933 +0000.00967 +0000.01000 
+0000.00200 +2.0000e-03 +2.0000e-03 +2.0000e-03 +2.0000e-03 +2.0000e-03 +2.0000e-03 +1.9999e-03 +1.9999e-03 +1.9999e-03 +1.9999e-03 +1.9999e-03 +1.9999e-03 +1.9999e-03 +1.9999e-03 +1.9999e-03 +1.9999e-03 +1.9999e-03 +1.9999e-03 +1.9999e-03 +1.9998e-03 +1.9998e-03 +1.9998e-03 +1.9998e-03 +1.9998e-03 +1.9998e-03 +1.9998e-03 +1.9998e-03 +1.9998e-03 +1.9998e-03 +1.9998e-03 +1.9998e-03 +1.9998e-03 +1.9998e-03 +1.9998e-03 +1.9998e-03 +1.9998e-03 +1.9997e-03 +1.9997e-03 +1.9997e-03 +1.9997e-03 +1.9997e-03 +1.9997e-03 +1.9997e-03 +1.9997e-03 +1.9997e-03 +1.9997e-03 +1.9997e-03 +1.9997e-03 +1.9997e-03 +1.9997e-03 +1.9996e-03 +1.9996e-03 +1.9996e-03 +1.9996e-03 +1.9996e-03 +1.9996e-03 +1.9996e-03 +1.9996e-03 +1.9996e-03 +1.9996e-03 +1.9996e-03 
+0000.00150 +1.5000e-03 +1.5000e-03 +1.5000e-03 +1.5000e-03 +1.5000e-03 +1.5000e-03 +1.5000e-03 +1.5000e-03 +1.5000e-03 +1.5000e-03 +1.5000e-03 +1.4999e-03 +1.4999e-03 +1.4999e-03 +1.4999e-03 +1.4999e-03 +1.4999e-03 +1.4999e-03 +1.4999e-03 +1.4999e-03 +1.4999e-03 +1.4999e-03 +1.4999e-03 +1.4999e-03 +1.4999e-03 +1.4999e-03 +1.4999e-03 +1.4999e-03 +1.4999e-03 +1.4999e-03 +1.4999e-03 +1.4999e-03 +1.4998e-03 +1.4998e-03 +1.4998e-03 +1.4998e-03 +1.4998e-03 +1.4998e-03 +1.4998e-03 +1.4998e-03 +1.4998e-03 +1.4998e-03 +1.4998e-03 +1.4998e-03 +1.4998e-03 +1.4998e-03 +1.4998e-03 +1.4998e-03 +1.4998e-03 +1.4998e-03 +1.4998e-03 +1.4998e-03 +1.4998e-03 +1.4997e-03 +1.4997e-03 +1.4997e-03 +1.4997e-03 +1.4997e-03 +1.4997e-03 +1.4997e-03 +1.4997e-03 
+0000.00100 +1.0000e-03 +1.0000e-03 +1.0000e-03 +1.0000e-03 +1.0000e-03 +1.0000e-03 +9.9999e-04 +9.9999e-04 +9.9998e-04 +9.9998e-04 +9.9997e-04 +9.9997e-04 +9.9996e-04 +9.9996e-04 +9.9996e-04 +9.9995e-04 +9.9995e-04 +9.9995e-04 +9.9994e-04 +9.9994e-04 +9.9994e-04 +9.9994e-04 +9.9993e-04 +9.9993e-04 +9.9993e-04 +9.9993e-04 +9.9993e-04 +9.9992e-04 +9.9992e-04 +9.9992e-04 +9.9992e-04 +9.9991e-04 +9.9991e-04 +9.9991e-04 +9.9991e-04 +9.9990e-04 +9.9990e-04 +9.9990e-04 +9.9989e-04 +9.9989e-04 +9.9989e-04 +9.9988e-04 +9.9988e-04 +9.9987e-04 +9.9987e-04 +9.9987e-04 +9.9986e-04 +9.9986e-04 +9.9985e-04 +9.9985e-04 +9.9984e-04 +9.9984e-04 +9.9983e-04 +9.9983e-04 +9.9982e-04 +9.9982e-04 +9.9981e-04 +9.9981e-04 +9.9980e-04 +9.9980e-04 +9.9979e-04 
+0000.00050 +5.0002e-04 +5.0002e-04 +5.0001e-04 +5.0001e-04 +5.0001e-04 +5.0000e-04 +5.0000e-04 +5.0000e-04 +5.0000e-04 +4.9999e-04 +4.9999e-04 +4.9999e-04 +4.9999e-04 +4.9999e-04 +4.9998e-04 +4.9998e-04 +4.9998e-04 +4.9998e-04 +4.9998e-04 +4.9998e-04 +4.9997e-04 +4.9997e-04 +4.9997e-04 +4.9997e-04 +4.9997e-04 +4.9997e-04 +4.9997e-04 +4.9996e-04 +4.9996e-04 +4.9996e-04 +4.9996e-04 +4.9996e-04 +4.9996e-04 +4.9996e-04 +4.9995e-04 +4.9995e-04 +4.9995e-04 +4.9995e-04 +4.9995e-04 +4.9995e-04 +4.9994e-04 +4.9994e-04 +4.9994e-04 +4.9994e-04 +4.9994e-04 +4.9994e-04 +4.9993e-04 +4.9993e-04 +4.9993e-04 +4.9993e-04 +4.9993e-04 +4.9992e-04 +4.9992e-04 +4.9992e-04 +4.9992e-04 +4.9991e-04 +4.9991e-04 +4.9991e-04 +4.9991e-04 +4.9990e-04 +4.9990e-04 
+0000.00000 -1.0560e-10 -1.0604e-10 -1.0663e-10 -1.0733e-10 -1.0815e-10 -1.0905e-10 -1.1004e-10 -1.1108e-10 -1.1218e-10 -1.1332e-10 -1.1448e-10 -1.1565e-10 -1.1683e-10 -1.1800e-10 -1.1916e-10 -1.2028e-10 -1.2137e-10 -1.2242e-10 -1.2342e-10 -1.2436e-10 -1.2523e-10 -1.2604e-10 -1.2677e-10 -1.2742e-10 -1.2798e-10 -1.2846e-10 -1.2885e-10 -1.2914e-10 -1.2934e-10 -1.2944e-10 -1.2945e-10 -1.2936e-10 -1.2918e-10 -1.2890e-10 -1.2853e-10 -1.2806e-10 -1.2751e-10 -1.2688e-10 -1.2616e-10 -1.2537e-10 -1.2450e-10 -1.2358e-10 -1.2259e-10 -1.2155e-10 -1.2047e-10 -1.1935e-10 -1.1820e-10 -1.1704e-10 -1.1587e-10 -1.1469e-10 -1.1353e-10 -1.1240e-10 -1.1130e-10 -1.1025e-10 -1.0926e-10 -1.0835e-10 -1.0753e-10 -1.0681e-10 -1.0622e-10 -1.0576e-10 -1.0545e-10 
-0000.00050 -5.0002e-04 -5.0002e-04 -5.0001e-04 -5.0001e-04 -5.0001e-04 -5.0000e-04 -5.0000e-04 -5.0000e-04 -5.0000e-04 -4.9999e-04 -4.9999e-04 -4.9999e-04 -4.9999e-04 -4.9999e-04 -4.9998e-04 -4.9998e-04 -4.9998e-04 -4.9998e-04 -4.9998e-04 -4.9998e-04 -4.9997e-04 -4.9997e-04 -4.9997e-04 -4.9997e-04 -4.9997e-04 -4.9997e-04 -4.9997e-04 -4.9996e-04 -4.9996e-04 -4.9996e-04 -4.9996e-04 -4.9996e-04 -4.9996e-04 -4.9996e-04 -4.9995e-04 -4.9995e-04 -4.9995e-04 -4.9995e-04 -4.9995e-04 -4.9995e-04 -4.9994e-04 -4.9994e-04 -4.9994e-04 -4.9994e-04 -4.9994e-04 -4.9994e-04 -4.9993e-04 -4.9993e-04 -4.9993e-04 -4.9993e-04 -4.9993e-04 -4.9992e-04 -4.9992e-04 -4.9992e-04 -4.9992e-04 -4.9991e-04 -4.9991e-04 -4.9991e-04 -4.9991e-04 -4.9990e-04 -4.9990e-04 
-0000.00100 -1.0000e-03 -1.0000e-03 -1.0000e-03 -1.0000e-03 -1.0000e-03 -1.0000e-03 -9.9999e-04 -9.9999e-04 -9.9998e-04 -9.9998e-04 -9.9997e-04 -9.9997e-04 -9.9996e-04 -9.9996e-04 -9.9996e-04 -9.9995e-04 -9.9995e-04 -9.9995e-04 -9.9994e-04 -9.9994e-04 -9.9994e-04 -9.9994e-04 -9.9993e-04 -9.9993e-04 -9.9993e-04 -9.9993e-04 -9.9993e-04 -9.9992e-04 -9.9992e-04 -9.9992e-04 -9.9992e-04 -9.9991e-04 -9.9991e-04 -9.9991e-04 -9.9991e-04 -9.9990e-04 -9.9990e-04 -9.9990e-04 -9.9989e-04 -9.9989e-04 -9.9989e-04 -9.9988e-04 -9.9988e-04 -9.9987e-04 -9.9987e-04 -9.9987e-04 -9.9986e-04 -9.9986e-04 -9.9985e-04 -9.9985e-04 -9.9984e-04 -9.9984e-04 -9.9983e-04 -9.9983e-04 -9.9982e-04 -9.9982e-04 -9.9981e-04 -9.9981e-04 -9.9980e-04 -9.9980e-04 -9.9979e-04 
-0000.00150 -1.5000e-03 -1.5000e-03 -1.5000e-03 -1.5000e-03 -1.5000e-03 -1.5000e-03 -1.5000e-03 -1.5000e-03 -1.5000e-03 -1.5000e-03 -1.5000e-03 -1.4999e-03 -1.4999e-03 -1.4999e-03 -1.4999e-03 -1.4999e-03 -1.4999e-03 -1.4999e-03 -1.4999e-03 -1.4999e-03 -1.4999e-03 -1.4999e-03 -1.4999e-03 -1.4999e-03 -1.4999e-03 -1.4999e-03 -1.4999e-03 -1.4999e-03 -1.4999e-03 -1.4999e-03 -1.4999e-03 -1.4999e-03 -1.4998e-03 -1.4998e-03 -1.4998e-03 -1.4998e-03 -1.4998e-03 -1.4998e-03 -1.4998e-03 -1.4998e-03 -1.4998e-03 -1.4998e-03 -1.4998e-03 -1.4998e-03 -1.4998e-03 -1.4998e-03 -1.4998e-03 -1.4998e-03 -1.4998e-03 -1.4998e-03 -1.4998e-03 -1.4998e-03 -1.4998e-03 -1.4997e-03 -1.4997e-03 -1.4997e-03 -1.4997e-03 -1.4997e-03 -1.4997e-03 -1.4997e-03 -1.4997e-03 
-0000.00200 -2.0000e-03 -2.0000e-03 -2.0000e-03 -2.0000e-03 -2.0000e-03 -2.0000e-03 -1.9999e-03 -1.9999e-03 -1.9999e-03 -1.9999e-03 -1.9999e-03 -1.9999e-03 -1.9999e-03 -1.9999e-03 -1.9999e-03 -1.9999e-03 -1.9999e-03 -1.9999e-03 -1.9999e-03 -1.9998e-03 -1.9998e-03 -1.9998e-03 -1.9998e-03 -1.9998e-03 -1.9998e-03 -1.9998e-03 -1.9998e-03 -1.9998e-03 -1.9998e-03 -1.9998e-03 -1.9998e-03 -1.9998e-03 -1.9998e-03 -1.9998e-03 -1.9998e-03 -1.9998e-03 -1.9997e-03 -1.9997e-03 -1.9997e-03 -1.9997e-03 -1.9997e-03 -1.9997e-03 -1.9997e-03 -1.9997e-03 -1.9997e-03 -1.9997e-03 -1.9997e-03 -1.9997e-03 -1.9997e-03 -1.9997e-03 -1.9996e-03 -1.9996e-03 -1.9996e-03 -1.9996e-03 -1.9996e-03 -1.9996e-03 -1.9996e-03 -1.9996e-03 -1.9996e-03 -1.9996e-03 -1.9996e-03 