# Author: FAC idanalysis.IDKickMap
# Termination_kicks [T2m2]: +0.0000e+00 +0.0000e+00 +0.0000e+00 +0.0000e+00 
# Total Length of Longitudinal Interval [m]
0.13
# Number of Horizontal Points
61
# Number of Vertical Points
9
# Total Horizontal 2nd Order Kick [T2m2]
START
            -0000.01000 -0000.00967 -0000.00933 -0000.00900 -0000.00867 -0000.00833 -0000.00800 -0000.00767 -0000.00733 -0000.00700 -0000.00667 -0000.00633 -0000.00600 -0000.00567 -0000.00533 -0000.00500 -0000.00467 -0000.00433 -0000.00400 -0000.00367 -0000.00333 -0000.00300 -0000.00267 -0000.00233 -0000.00200 -0000.00167 -0000.00133 -0000.00100 -0000.00067 -0000.00033 +0000.00000 +0000.00033 +0000.00067 +0000.00100 +0000.00133 +0000.00167 +0000.00200 +0000.00233 +0000.00267 +0000.00300 +0000.00333 +0000.00367 +0000.00400 +0000.00433 +0000.00467 +0000.00500 +0000.00533 +0000.00567 +0000.00600 +0000.00633 +0000.00667 +0000.00700 +0000.00733 +0000.00767 +0000.00800 +0000.00833 +0000.00867 +0000.00900 +0000.00933 +0000.00967 +0000.01000 
+0000.00200 -6.4809e-04 -6.3729e-04 -6.2699e-04 -6.1709e-04 -6.0759e-04 -5.9849e-04 -5.8989e-04 -5.8159e-04 -5.7369e-04 -5.6629e-04 -5.5919e-04 -5.5249e-04 -5.4609e-04 -5.4009e-04 -5.3449e-04 -5.2929e-04 -5.2439e-04 -5.1979e-04 -5.1559e-04 -5.1179e-04 -5.0829e-04 -5.0509e-04 -5.0219e-04 -4.9969e-04 -4.9749e-04 -4.9569e-04 -4.9419e-04 -4.9299e-04 -4.9209e-04 -4.9149e-04 -4.9129e-04 -4.9139e-04 -4.9179e-04 -4.9249e-04 -4.9359e-04 -4.9499e-04 -4.9669e-04 -4.9869e-04 -5.0109e-04 -5.0379e-04 -5.0679e-04 -5.1009e-04 -5.1379e-04 -5.1789e-04 -5.2219e-04 -5.2689e-04 -5.3199e-04 -5.3739e-04 -5.4319e-04 -5.4939e-04 -5.5589e-04 -5.6269e-04 -5.6999e-04 -5.7759e-04 -5.8569e-04 -5.9409e-04 -6.0289e-04 -6.1209e-04 -6.2169e-04 -6.3179e-04 -6.4229e-04 
+0000.00150 -1.3129e-04 -1.2233e-04 -1.1372e-04 -1.0546e-04 -9.7550e-05 -8.9980e-05 -8.2740e-05 -7.5830e-05 -6.9240e-05 -6.2970e-05 -5.7010e-05 -5.1370e-05 -4.6030e-05 -4.1000e-05 -3.6270e-05 -3.1830e-05 -2.7690e-05 -2.3830e-05 -2.0270e-05 -1.6990e-05 -1.4000e-05 -1.1290e-05 -8.8600e-06 -6.7100e-06 -4.8400e-06 -3.2500e-06 -1.9300e-06 -8.9000e-07 -1.3000e-07 +3.5000e-07 +5.6000e-07 +4.9000e-07 +1.5000e-07 -4.8000e-07 -1.3900e-06 -2.5700e-06 -4.0500e-06 -5.8000e-06 -7.8500e-06 -1.0180e-05 -1.2810e-05 -1.5730e-05 -1.8960e-05 -2.2480e-05 -2.6310e-05 -3.0440e-05 -3.4890e-05 -3.9660e-05 -4.4750e-05 -5.0170e-05 -5.5910e-05 -6.1990e-05 -6.8420e-05 -7.5190e-05 -8.2310e-05 -8.9800e-05 -9.7650e-05 -1.0587e-04 -1.1447e-04 -1.2345e-04 -1.3283e-04 
+0000.00100 -1.2679e-04 -1.1918e-04 -1.1174e-04 -1.0448e-04 -9.7400e-05 -9.0520e-05 -8.3850e-05 -7.7380e-05 -7.1130e-05 -6.5100e-05 -5.9300e-05 -5.3740e-05 -4.8420e-05 -4.3340e-05 -3.8530e-05 -3.3970e-05 -2.9670e-05 -2.5640e-05 -2.1890e-05 -1.8410e-05 -1.5210e-05 -1.2300e-05 -9.6700e-06 -7.3400e-06 -5.3000e-06 -3.5500e-06 -2.1100e-06 -9.6000e-07 -1.1000e-07 +4.3000e-07 +6.6000e-07 +5.9000e-07 +2.2000e-07 -4.7000e-07 -1.4600e-06 -2.7500e-06 -4.3500e-06 -6.2600e-06 -8.4700e-06 -1.0990e-05 -1.3810e-05 -1.6930e-05 -2.0340e-05 -2.4050e-05 -2.8060e-05 -3.2350e-05 -3.6930e-05 -4.1800e-05 -4.6950e-05 -5.2370e-05 -5.8070e-05 -6.4030e-05 -7.0250e-05 -7.6740e-05 -8.3470e-05 -9.0460e-05 -9.7680e-05 -1.0514e-04 -1.1283e-04 -1.2074e-04 -1.2887e-04 
+0000.00050 -1.2513e-04 -1.1821e-04 -1.1136e-04 -1.0460e-04 -9.7940e-05 -9.1410e-05 -8.5010e-05 -7.8750e-05 -7.2660e-05 -6.6750e-05 -6.1020e-05 -5.5490e-05 -5.0170e-05 -4.5070e-05 -4.0200e-05 -3.5570e-05 -3.1190e-05 -2.7070e-05 -2.3210e-05 -1.9630e-05 -1.6320e-05 -1.3310e-05 -1.0580e-05 -8.1500e-06 -6.0200e-06 -4.2000e-06 -2.6900e-06 -1.5000e-06 -6.2000e-07 -6.0000e-08 +1.9000e-07 +1.1000e-07 -2.9000e-07 -1.0100e-06 -2.0500e-06 -3.4100e-06 -5.0900e-06 -7.0800e-06 -9.3900e-06 -1.2010e-05 -1.4930e-05 -1.8150e-05 -2.1680e-05 -2.5490e-05 -2.9590e-05 -3.3970e-05 -3.8620e-05 -4.3530e-05 -4.8700e-05 -5.4130e-05 -5.9790e-05 -6.5680e-05 -7.1780e-05 -7.8100e-05 -8.4620e-05 -9.1320e-05 -9.8190e-05 -1.0523e-04 -1.1241e-04 -1.1973e-04 -1.2716e-04 
+0000.00000 -1.2463e-04 -1.1791e-04 -1.1124e-04 -1.0463e-04 -9.8100e-05 -9.1670e-05 -8.5360e-05 -7.9170e-05 -7.3130e-05 -6.7260e-05 -6.1550e-05 -5.6030e-05 -5.0710e-05 -4.5610e-05 -4.0720e-05 -3.6070e-05 -3.1670e-05 -2.7520e-05 -2.3640e-05 -2.0020e-05 -1.6690e-05 -1.3640e-05 -1.0880e-05 -8.4300e-06 -6.2800e-06 -4.4400e-06 -2.9100e-06 -1.7000e-06 -8.1000e-07 -2.4000e-07 +0.0000e+00 -8.0000e-08 -4.9000e-07 -1.2200e-06 -2.2800e-06 -3.6600e-06 -5.3600e-06 -7.3800e-06 -9.7100e-06 -1.2360e-05 -1.5310e-05 -1.8570e-05 -2.2120e-05 -2.5970e-05 -3.0090e-05 -3.4490e-05 -3.9160e-05 -4.4090e-05 -4.9270e-05 -5.4680e-05 -6.0330e-05 -6.6190e-05 -7.2260e-05 -7.8520e-05 -8.4960e-05 -9.1570e-05 -9.8330e-05 -1.0523e-04 -1.1225e-04 -1.1938e-04 -1.2659e-04 
-0000.00050 -1.2513e-04 -1.1821e-04 -1.1136e-04 -1.0460e-04 -9.7940e-05 -9.1400e-05 -8.5000e-05 -7.8750e-05 -7.2660e-05 -6.6750e-05 -6.1020e-05 -5.5490e-05 -5.0170e-05 -4.5070e-05 -4.0200e-05 -3.5570e-05 -3.1190e-05 -2.7070e-05 -2.3210e-05 -1.9630e-05 -1.6320e-05 -1.3310e-05 -1.0580e-05 -8.1500e-06 -6.0300e-06 -4.2100e-06 -2.7000e-06 -1.5000e-06 -6.2000e-07 -6.0000e-08 +1.9000e-07 +1.1000e-07 -2.9000e-07 -1.0100e-06 -2.0500e-06 -3.4100e-06 -5.0900e-06 -7.0800e-06 -9.3900e-06 -1.2010e-05 -1.4930e-05 -1.8150e-05 -2.1680e-05 -2.5490e-05 -2.9590e-05 -3.3970e-05 -3.8620e-05 -4.3530e-05 -4.8710e-05 -5.4130e-05 -5.9790e-05 -6.5680e-05 -7.1780e-05 -7.8100e-05 -8.4620e-05 -9.1320e-05 -9.8190e-05 -1.0523e-04 -1.1241e-04 -1.1973e-04 -1.2716e-04 
-0000.00100 -1.2679e-04 -1.1918e-04 -1.1174e-04 -1.0448e-04 -9.7400e-05 -9.0520e-05 -8.3840e-05 -7.7380e-05 -7.1120e-05 -6.5090e-05 -5.9300e-05 -5.3730e-05 -4.8410e-05 -4.3340e-05 -3.8520e-05 -3.3960e-05 -2.9670e-05 -2.5640e-05 -2.1880e-05 -1.8400e-05 -1.5210e-05 -1.2290e-05 -9.6700e-06 -7.3300e-06 -5.2900e-06 -3.5500e-06 -2.1000e-06 -9.6000e-07 -1.1000e-07 +4.3000e-07 +6.6000e-07 +5.9000e-07 +2.2000e-07 -4.7000e-07 -1.4600e-06 -2.7500e-06 -4.3500e-06 -6.2600e-06 -8.4800e-06 -1.0990e-05 -1.3810e-05 -1.6930e-05 -2.0340e-05 -2.4060e-05 -2.8060e-05 -3.2360e-05 -3.6940e-05 -4.1810e-05 -4.6950e-05 -5.2380e-05 -5.8070e-05 -6.4030e-05 -7.0260e-05 -7.6740e-05 -8.3480e-05 -9.0460e-05 -9.7690e-05 -1.0515e-04 -1.1284e-04 -1.2075e-04 -1.2888e-04 
-0000.00150 -1.3128e-04 -1.2232e-04 -1.1372e-04 -1.0546e-04 -9.7550e-05 -8.9970e-05 -8.2730e-05 -7.5820e-05 -6.9230e-05 -6.2960e-05 -5.7010e-05 -5.1370e-05 -4.6030e-05 -4.1000e-05 -3.6260e-05 -3.1830e-05 -2.7680e-05 -2.3830e-05 -2.0270e-05 -1.6990e-05 -1.4000e-05 -1.1290e-05 -8.8600e-06 -6.7100e-06 -4.8400e-06 -3.2500e-06 -1.9300e-06 -8.9000e-07 -1.3000e-07 +3.5000e-07 +5.6000e-07 +4.9000e-07 +1.5000e-07 -4.8000e-07 -1.3900e-06 -2.5800e-06 -4.0500e-06 -5.8100e-06 -7.8500e-06 -1.0190e-05 -1.2820e-05 -1.5740e-05 -1.8960e-05 -2.2480e-05 -2.6310e-05 -3.0450e-05 -3.4900e-05 -3.9670e-05 -4.4760e-05 -5.0170e-05 -5.5920e-05 -6.2000e-05 -6.8420e-05 -7.5200e-05 -8.2320e-05 -8.9800e-05 -9.7650e-05 -1.0587e-04 -1.1447e-04 -1.2345e-04 -1.3283e-04 
-0000.00200 -6.4809e-04 -6.3729e-04 -6.2699e-04 -6.1709e-04 -6.0759e-04 -5.9849e-04 -5.8989e-04 -5.8159e-04 -5.7369e-04 -5.6629e-04 -5.5919e-04 -5.5249e-04 -5.4609e-04 -5.4009e-04 -5.3449e-04 -5.2929e-04 -5.2439e-04 -5.1979e-04 -5.1559e-04 -5.1179e-04 -5.0829e-04 -5.0509e-04 -5.0219e-04 -4.9969e-04 -4.9749e-04 -4.9569e-04 -4.9409e-04 -4.9289e-04 -4.9209e-04 -4.9149e-04 -4.9129e-04 -4.9139e-04 -4.9179e-04 -4.9249e-04 -4.9359e-04 -4.9489e-04 -4.9669e-04 -4.9869e-04 -5.0099e-04 -5.0369e-04 -5.0679e-04 -5.1009e-04 -5.1379e-04 -5.1779e-04 -5.2219e-04 -5.2689e-04 -5.3199e-04 -5.3739e-04 -5.4319e-04 -5.4929e-04 -5.5589e-04 -5.6269e-04 -5.6999e-04 -5.7759e-04 -5.8559e-04 -5.9409e-04 -6.0289e-04 -6.1209e-04 -6.2169e-04 -6.3179e-04 -6.4229e-04 
# Total Vertical 2nd Order Kick [T2m2]
START
            -0000.01000 -0000.00967 -0000.00933 -0000.00900 -0000.00867 -0000.00833 -0000.00800 -0000.00767 -0000.00733 -0000.00700 -0000.00667 -0000.00633 -0000.00600 -0000.00567 -0000.00533 -0000.00500 -0000.00467 -0000.00433 -0000.00400 -0000.00367 -0000.00333 -0000.00300 -0000.00267 -0000.00233 -0000.00200 -0000.00167 -0000.00133 -0000.00100 -0000.00067 -0000.00033 +0000.00000 +0000.00033 +0000.00067 +0000.00100 +0000.00133 +0000.00167 +0000.00200 +0000.00233 +0000.00267 +0000.00300 +0000.00333 +0000.00367 +0000.00400 +0000.00433 +0000.00467 +0000.00500 +0000.00533 +0000.00567 +0000.00600 +0000.00633 +0000.00667 +0000.00700 +0000.00733 +0000.00767 +0000.00800 +0000.00833 +0000.00867 +0000.00900 +0000.00933 +0000.00967 +0000.01000 
+0000.00200 -2.6357e-04 -2.6465e-04 -2.6523e-04 -2.6536e-04 -2.6509e-04 -2.6445e-04 -2.6348e-04 -2.6222e-04 -2.6070e-04 -2.5896e-04 -2.5702e-04 -2.5493e-04 -2.5270e-04 -2.5036e-04 -2.4794e-04 -2.4547e-04 -2.4296e-04 -2.4044e-04 -2.3793e-04 -2.3544e-04 -2.3299e-04 -2.3060e-04 -2.2827e-04 -2.2603e-04 -2.2387e-04 -2.2182e-04 -2.1986e-04 -2.1803e-04 -2.1630e-04 -2.1469e-04 -2.1320e-04 -2.1183e-04 -2.1057e-04 -2.0942e-04 -2.0838e-04 -2.0743e-04 -2.0657e-04 -2.0580e-04 -2.0509e-04 -2.0443e-04 -2.0381e-04 -2.0321e-04 -2.0262e-04 -2.0202e-04 -2.0137e-04 -2.0067e-04 -1.9989e-04 -1.9899e-04 -1.9796e-04 -1.9677e-04 -1.9538e-04 -1.9376e-04 -1.9188e-04 -1.8970e-04 -1.8719e-04 -1.8431e-04 -1.8102e-04 -1.7727e-04 -1.7303e-04 -1.6825e-04 -1.6288e-04 
+0000.00150 -1.7098e-04 -1.7249e-04 -1.7364e-04 -1.7445e-04 -1.7495e-04 -1.7516e-04 -1.7511e-04 -1.7482e-04 -1.7430e-04 -1.7358e-04 -1.7268e-04 -1.7162e-04 -1.7041e-04 -1.6908e-04 -1.6764e-04 -1.6610e-04 -1.6448e-04 -1.6280e-04 -1.6107e-04 -1.5930e-04 -1.5750e-04 -1.5569e-04 -1.5387e-04 -1.5206e-04 -1.5026e-04 -1.4848e-04 -1.4673e-04 -1.4502e-04 -1.4335e-04 -1.4173e-04 -1.4016e-04 -1.3864e-04 -1.3718e-04 -1.3578e-04 -1.3444e-04 -1.3316e-04 -1.3195e-04 -1.3079e-04 -1.2969e-04 -1.2864e-04 -1.2765e-04 -1.2671e-04 -1.2580e-04 -1.2494e-04 -1.2410e-04 -1.2329e-04 -1.2249e-04 -1.2170e-04 -1.2091e-04 -1.2010e-04 -1.1926e-04 -1.1839e-04 -1.1747e-04 -1.1649e-04 -1.1543e-04 -1.1428e-04 -1.1302e-04 -1.1163e-04 -1.1011e-04 -1.0842e-04 -1.0655e-04 
+0000.00100 -1.0403e-04 -1.0506e-04 -1.0587e-04 -1.0647e-04 -1.0687e-04 -1.0709e-04 -1.0714e-04 -1.0704e-04 -1.0679e-04 -1.0641e-04 -1.0592e-04 -1.0531e-04 -1.0460e-04 -1.0381e-04 -1.0294e-04 -1.0201e-04 -1.0101e-04 -9.9956e-05 -9.8867e-05 -9.7743e-05 -9.6593e-05 -9.5423e-05 -9.4240e-05 -9.3050e-05 -9.1859e-05 -9.0673e-05 -8.9497e-05 -8.8334e-05 -8.7190e-05 -8.6069e-05 -8.4973e-05 -8.3905e-05 -8.2869e-05 -8.1867e-05 -8.0899e-05 -7.9969e-05 -7.9076e-05 -7.8221e-05 -7.7404e-05 -7.6626e-05 -7.5885e-05 -7.5180e-05 -7.4511e-05 -7.3874e-05 -7.3268e-05 -7.2691e-05 -7.2138e-05 -7.1607e-05 -7.1093e-05 -7.0593e-05 -7.0102e-05 -6.9614e-05 -6.9123e-05 -6.8625e-05 -6.8113e-05 -6.7580e-05 -6.7018e-05 -6.6421e-05 -6.5779e-05 -6.5086e-05 -6.4332e-05 
+0000.00050 -4.9298e-05 -4.9808e-05 -5.0211e-05 -5.0514e-05 -5.0724e-05 -5.0847e-05 -5.0889e-05 -5.0856e-05 -5.0754e-05 -5.0587e-05 -5.0361e-05 -5.0082e-05 -4.9754e-05 -4.9383e-05 -4.8971e-05 -4.8525e-05 -4.8049e-05 -4.7546e-05 -4.7020e-05 -4.6476e-05 -4.5916e-05 -4.5344e-05 -4.4763e-05 -4.4177e-05 -4.3588e-05 -4.2998e-05 -4.2412e-05 -4.1829e-05 -4.1254e-05 -4.0688e-05 -4.0132e-05 -3.9588e-05 -3.9058e-05 -3.8544e-05 -3.8045e-05 -3.7564e-05 -3.7101e-05 -3.6656e-05 -3.6229e-05 -3.5823e-05 -3.5435e-05 -3.5066e-05 -3.4716e-05 -3.4385e-05 -3.4071e-05 -3.3775e-05 -3.3494e-05 -3.3228e-05 -3.2975e-05 -3.2735e-05 -3.2505e-05 -3.2283e-05 -3.2067e-05 -3.1856e-05 -3.1647e-05 -3.1437e-05 -3.1224e-05 -3.1004e-05 -3.0775e-05 -3.0533e-05 -3.0275e-05 
+0000.00000 +1.1736e-08 +1.1583e-08 +1.1354e-08 +1.1056e-08 +1.0699e-08 +1.0289e-08 +9.8360e-09 +9.3450e-09 +8.8230e-09 +8.2790e-09 +7.7170e-09 +7.1430e-09 +6.5640e-09 +5.9860e-09 +5.4120e-09 +4.8490e-09 +4.3000e-09 +3.7700e-09 +3.2630e-09 +2.7820e-09 +2.3310e-09 +1.9130e-09 +1.5310e-09 +1.1880e-09 +8.8400e-10 +6.2400e-10 +4.0700e-10 +2.3500e-10 +1.0900e-10 +3.1000e-11 +0.0000e+00 +1.6000e-11 +7.9000e-11 +1.8900e-10 +3.4600e-10 +5.4700e-10 +7.9100e-10 +1.0780e-09 +1.4040e-09 +1.7680e-09 +2.1670e-09 +2.5980e-09 +3.0580e-09 +3.5440e-09 +4.0510e-09 +4.5770e-09 +5.1150e-09 +5.6620e-09 +6.2130e-09 +6.7630e-09 +7.3050e-09 +7.8350e-09 +8.3460e-09 +8.8310e-09 +9.2840e-09 +9.6980e-09 +1.0065e-08 +1.0378e-08 +1.0630e-08 +1.0810e-08 +1.0912e-08 
-0000.00050 +4.9322e-05 +4.9831e-05 +5.0233e-05 +5.0536e-05 +5.0746e-05 +5.0868e-05 +5.0909e-05 +5.0875e-05 +5.0771e-05 +5.0604e-05 +5.0377e-05 +5.0097e-05 +4.9767e-05 +4.9395e-05 +4.8982e-05 +4.8535e-05 +4.8058e-05 +4.7553e-05 +4.7027e-05 +4.6481e-05 +4.5920e-05 +4.5348e-05 +4.4766e-05 +4.4179e-05 +4.3589e-05 +4.3000e-05 +4.2412e-05 +4.1830e-05 +4.1254e-05 +4.0688e-05 +4.0132e-05 +3.9588e-05 +3.9059e-05 +3.8544e-05 +3.8046e-05 +3.7565e-05 +3.7102e-05 +3.6658e-05 +3.6232e-05 +3.5826e-05 +3.5439e-05 +3.5072e-05 +3.4723e-05 +3.4392e-05 +3.4080e-05 +3.3784e-05 +3.3504e-05 +3.3240e-05 +3.2988e-05 +3.2749e-05 +3.2520e-05 +3.2299e-05 +3.2085e-05 +3.1874e-05 +3.1666e-05 +3.1457e-05 +3.1244e-05 +3.1025e-05 +3.0796e-05 +3.0555e-05 +3.0297e-05 
-0000.00100 +1.0405e-04 +1.0507e-04 +1.0588e-04 +1.0648e-04 +1.0688e-04 +1.0710e-04 +1.0715e-04 +1.0705e-04 +1.0680e-04 +1.0642e-04 +1.0592e-04 +1.0531e-04 +1.0461e-04 +1.0381e-04 +1.0294e-04 +1.0200e-04 +1.0101e-04 +9.9963e-05 +9.8873e-05 +9.7749e-05 +9.6597e-05 +9.5427e-05 +9.4243e-05 +9.3053e-05 +9.1861e-05 +9.0675e-05 +8.9498e-05 +8.8335e-05 +8.7191e-05 +8.6069e-05 +8.4973e-05 +8.3906e-05 +8.2870e-05 +8.1868e-05 +8.0901e-05 +7.9971e-05 +7.9078e-05 +7.8224e-05 +7.7408e-05 +7.6630e-05 +7.5890e-05 +7.5186e-05 +7.4517e-05 +7.3882e-05 +7.3277e-05 +7.2700e-05 +7.2149e-05 +7.1618e-05 +7.1106e-05 +7.0607e-05 +7.0116e-05 +6.9629e-05 +6.9140e-05 +6.8643e-05 +6.8131e-05 +6.7599e-05 +6.7038e-05 +6.6441e-05 +6.5801e-05 +6.5108e-05 +6.4354e-05 
-0000.00150 +1.7100e-04 +1.7251e-04 +1.7365e-04 +1.7446e-04 +1.7496e-04 +1.7518e-04 +1.7512e-04 +1.7483e-04 +1.7431e-04 +1.7359e-04 +1.7269e-04 +1.7162e-04 +1.7042e-04 +1.6908e-04 +1.6764e-04 +1.6610e-04 +1.6448e-04 +1.6280e-04 +1.6106e-04 +1.5929e-04 +1.5749e-04 +1.5568e-04 +1.5386e-04 +1.5205e-04 +1.5025e-04 +1.4847e-04 +1.4672e-04 +1.4501e-04 +1.4334e-04 +1.4172e-04 +1.4015e-04 +1.3863e-04 +1.3717e-04 +1.3577e-04 +1.3443e-04 +1.3315e-04 +1.3194e-04 +1.3078e-04 +1.2968e-04 +1.2864e-04 +1.2765e-04 +1.2670e-04 +1.2580e-04 +1.2494e-04 +1.2410e-04 +1.2329e-04 +1.2249e-04 +1.2170e-04 +1.2091e-04 +1.2010e-04 +1.1927e-04 +1.1840e-04 +1.1748e-04 +1.1650e-04 +1.1544e-04 +1.1429e-04 +1.1303e-04 +1.1164e-04 +1.1012e-04 +1.0843e-04 +1.0656e-04 
-0000.00200 +2.6359e-04 +2.6466e-04 +2.6524e-04 +2.6538e-04 +2.6510e-04 +2.6446e-04 +2.6349e-04 +2.6223e-04 +2.6071e-04 +2.5896e-04 +2.5703e-04 +2.5493e-04 +2.5270e-04 +2.5036e-04 +2.4794e-04 +2.4547e-04 +2.4296e-04 +2.4044e-04 +2.3792e-04 +2.3543e-04 +2.3298e-04 +2.3059e-04 +2.2826e-04 +2.2602e-04 +2.2386e-04 +2.2181e-04 +2.1986e-04 +2.1802e-04 +2.1629e-04 +2.1468e-04 +2.1319e-04 +2.1182e-04 +2.1056e-04 +2.0941e-04 +2.0837e-04 +2.0742e-04 +2.0657e-04 +2.0579e-04 +2.0508e-04 +2.0442e-04 +2.0381e-04 +2.0321e-04 +2.0262e-04 +2.0201e-04 +2.0137e-04 +2.0067e-04 +1.9989e-04 +1.9899e-04 +1.9797e-04 +1.9677e-04 +1.9538e-04 +1.9376e-04 +1.9188e-04 +1.8970e-04 +1.8720e-04 +1.8431e-04 +1.8102e-04 +1.7727e-04 +1.7303e-04 +1.6825e-04 +1.6288e-04 
# Horizontal Final Position [m]
START
            -0000.01000 -0000.00967 -0000.00933 -0000.00900 -0000.00867 -0000.00833 -0000.00800 -0000.00767 -0000.00733 -0000.00700 -0000.00667 -0000.00633 -0000.00600 -0000.00567 -0000.00533 -0000.00500 -0000.00467 -0000.00433 -0000.00400 -0000.00367 -0000.00333 -0000.00300 -0000.00267 -0000.00233 -0000.00200 -0000.00167 -0000.00133 -0000.00100 -0000.00067 -0000.00033 +0000.00000 +0000.00033 +0000.00067 +0000.00100 +0000.00133 +0000.00167 +0000.00200 +0000.00233 +0000.00267 +0000.00300 +0000.00333 +0000.00367 +0000.00400 +0000.00433 +0000.00467 +0000.00500 +0000.00533 +0000.00567 +0000.00600 +0000.00633 +0000.00667 +0000.00700 +0000.00733 +0000.00767 +0000.00800 +0000.00833 +0000.00867 +0000.00900 +0000.00933 +0000.00967 +0000.01000 
+0000.00200 -9.9998e-03 -9.6665e-03 -9.3332e-03 -8.9999e-03 -8.6666e-03 -8.3334e-03 -8.0001e-03 -7.6668e-03 -7.3335e-03 -7.0002e-03 -6.6669e-03 -6.3336e-03 -6.0003e-03 -5.6670e-03 -5.3337e-03 -5.0003e-03 -4.6670e-03 -4.3337e-03 -4.0004e-03 -3.6671e-03 -3.3338e-03 -3.0004e-03 -2.6671e-03 -2.3338e-03 -2.0004e-03 -1.6671e-03 -1.3338e-03 -1.0004e-03 -6.6711e-04 -3.3377e-04 -4.3620e-07 +3.3290e-04 +6.6624e-04 +9.9958e-04 +1.3329e-03 +1.6663e-03 +1.9996e-03 +2.3330e-03 +2.6663e-03 +2.9996e-03 +3.3330e-03 +3.6663e-03 +3.9997e-03 +4.3330e-03 +4.6664e-03 +4.9997e-03 +5.3331e-03 +5.6664e-03 +5.9998e-03 +6.3331e-03 +6.6665e-03 +6.9998e-03 +7.3332e-03 +7.6665e-03 +7.9999e-03 +8.3332e-03 +8.6666e-03 +9.0000e-03 +9.3333e-03 +9.6667e-03 +1.0000e-02 
+0000.00150 -9.9993e-03 -9.6660e-03 -9.3328e-03 -8.9995e-03 -8.6662e-03 -8.3329e-03 -7.9996e-03 -7.6663e-03 -7.3330e-03 -6.9997e-03 -6.6664e-03 -6.3331e-03 -5.9998e-03 -5.6665e-03 -5.3332e-03 -4.9999e-03 -4.6665e-03 -4.3332e-03 -3.9999e-03 -3.6666e-03 -3.3333e-03 -3.0000e-03 -2.6666e-03 -2.3333e-03 -2.0000e-03 -1.6667e-03 -1.3333e-03 -1.0000e-03 -6.6669e-04 -3.3336e-04 -2.6961e-08 +3.3331e-04 +6.6664e-04 +9.9997e-04 +1.3333e-03 +1.6666e-03 +2.0000e-03 +2.3333e-03 +2.6667e-03 +3.0000e-03 +3.3334e-03 +3.6667e-03 +4.0001e-03 +4.3334e-03 +4.6668e-03 +5.0001e-03 +5.3335e-03 +5.6668e-03 +6.0002e-03 +6.3336e-03 +6.6669e-03 +7.0003e-03 +7.3337e-03 +7.6671e-03 +8.0004e-03 +8.3338e-03 +8.6672e-03 +9.0006e-03 +9.3340e-03 +9.6674e-03 +1.0001e-02 
+0000.00100 -9.9993e-03 -9.6660e-03 -9.3328e-03 -8.9995e-03 -8.6662e-03 -8.3329e-03 -7.9996e-03 -7.6663e-03 -7.3330e-03 -6.9997e-03 -6.6664e-03 -6.3331e-03 -5.9998e-03 -5.6665e-03 -5.3332e-03 -4.9999e-03 -4.6665e-03 -4.3332e-03 -3.9999e-03 -3.6666e-03 -3.3333e-03 -3.0000e-03 -2.6666e-03 -2.3333e-03 -2.0000e-03 -1.6667e-03 -1.3333e-03 -1.0000e-03 -6.6669e-04 -3.3336e-04 -2.7005e-08 +3.3331e-04 +6.6664e-04 +9.9997e-04 +1.3333e-03 +1.6666e-03 +2.0000e-03 +2.3333e-03 +2.6667e-03 +3.0000e-03 +3.3334e-03 +3.6667e-03 +4.0001e-03 +4.3334e-03 +4.6668e-03 +5.0001e-03 +5.3335e-03 +5.6668e-03 +6.0002e-03 +6.3336e-03 +6.6669e-03 +7.0003e-03 +7.3337e-03 +7.6671e-03 +8.0004e-03 +8.3338e-03 +8.6672e-03 +9.0006e-03 +9.3340e-03 +9.6674e-03 +1.0001e-02 
+0000.00050 -9.9993e-03 -9.6660e-03 -9.3328e-03 -8.9995e-03 -8.6662e-03 -8.3329e-03 -7.9996e-03 -7.6663e-03 -7.3330e-03 -6.9997e-03 -6.6664e-03 -6.3331e-03 -5.9998e-03 -5.6665e-03 -5.3332e-03 -4.9999e-03 -4.6665e-03 -4.3332e-03 -3.9999e-03 -3.6666e-03 -3.3333e-03 -3.0000e-03 -2.6666e-03 -2.3333e-03 -2.0000e-03 -1.6667e-03 -1.3333e-03 -1.0000e-03 -6.6669e-04 -3.3336e-04 -2.5506e-08 +3.3331e-04 +6.6664e-04 +9.9998e-04 +1.3333e-03 +1.6666e-03 +2.0000e-03 +2.3333e-03 +2.6667e-03 +3.0000e-03 +3.3334e-03 +3.6667e-03 +4.0001e-03 +4.3334e-03 +4.6668e-03 +5.0001e-03 +5.3335e-03 +5.6668e-03 +6.0002e-03 +6.3336e-03 +6.6669e-03 +7.0003e-03 +7.3337e-03 +7.6671e-03 +8.0004e-03 +8.3338e-03 +8.6672e-03 +9.0006e-03 +9.3340e-03 +9.6674e-03 +1.0001e-02 
+0000.00000 -9.9993e-03 -9.6660e-03 -9.3328e-03 -8.9995e-03 -8.6662e-03 -8.3329e-03 -7.9996e-03 -7.6663e-03 -7.3330e-03 -6.9997e-03 -6.6664e-03 -6.3331e-03 -5.9998e-03 -5.6665e-03 -5.3332e-03 -4.9999e-03 -4.6665e-03 -4.3332e-03 -3.9999e-03 -3.6666e-03 -3.3333e-03 -3.0000e-03 -2.6666e-03 -2.3333e-03 -2.0000e-03 -1.6667e-03 -1.3333e-03 -1.0000e-03 -6.6669e-04 -3.3336e-04 -2.5450e-08 +3.3331e-04 +6.6664e-04 +9.9998e-04 +1.3333e-03 +1.6666e-03 +2.0000e-03 +2.3333e-03 +2.6667e-03 +3.0000e-03 +3.3334e-03 +3.6667e-03 +4.0001e-03 +4.3334e-03 +4.6668e-03 +5.0001e-03 +5.3335e-03 +5.6668e-03 +6.0002e-03 +6.3336e-03 +6.6669e-03 +7.0003e-03 +7.3337e-03 +7.6671e-03 +8.0004e-03 +8.3338e-03 +8.6672e-03 +9.0006e-03 +9.3340e-03 +9.6674e-03 +1.0001e-02 
-0000.00050 -9.9993e-03 -9.6660e-03 -9.3328e-03 -8.9995e-03 -8.6662e-03 -8.3329e-03 -7.9996e-03 -7.6663e-03 -7.3330e-03 -6.9997e-03 -6.6664e-03 -6.3331e-03 -5.9998e-03 -5.6665e-03 -5.3332e-03 -4.9999e-03 -4.6665e-03 -4.3332e-03 -3.9999e-03 -3.6666e-03 -3.3333e-03 -3.0000e-03 -2.6666e-03 -2.3333e-03 -2.0000e-03 -1.6667e-03 -1.3333e-03 -1.0000e-03 -6.6669e-04 -3.3336e-04 -2.5506e-08 +3.3331e-04 +6.6664e-04 +9.9998e-04 +1.3333e-03 +1.6666e-03 +2.0000e-03 +2.3333e-03 +2.6667e-03 +3.0000e-03 +3.3334e-03 +3.6667e-03 +4.0001e-03 +4.3334e-03 +4.6668e-03 +5.0001e-03 +5.3335e-03 +5.6668e-03 +6.0002e-03 +6.3336e-03 +6.6669e-03 +7.0003e-03 +7.3337e-03 +7.6671e-03 +8.0004e-03 +8.3338e-03 +8.6672e-03 +9.0006e-03 +9.3340e-03 +9.6674e-03 +1.0001e-02 
-0000.00100 -9.9993e-03 -9.6660e-03 -9.3328e-03 -8.9995e-03 -8.6662e-03 -8.3329e-03 -7.9996e-03 -7.6663e-03 -7.3330e-03 -6.9997e-03 -6.6664e-03 -6.3331e-03 -5.9998e-03 -5.6665e-03 -5.3332e-03 -4.9999e-03 -4.6665e-03 -4.3332e-03 -3.9999e-03 -3.6666e-03 -3.3333e-03 -3.0000e-03 -2.6666e-03 -2.3333e-03 -2.0000e-03 -1.6667e-03 -1.3333e-03 -1.0000e-03 -6.6669e-04 -3.3336e-04 -2.7005e-08 +3.3331e-04 +6.6664e-04 +9.9997e-04 +1.3333e-03 +1.6666e-03 +2.0000e-03 +2.3333e-03 +2.6667e-03 +3.0000e-03 +3.3334e-03 +3.6667e-03 +4.0001e-03 +4.3334e-03 +4.6668e-03 +5.0001e-03 +5.3335e-03 +5.6668e-03 +6.0002e-03 +6.3336e-03 +6.6669e-03 +7.0003e-03 +7.3337e-03 +7.6671e-03 +8.0004e-03 +8.3338e-03 +8.6672e-03 +9.0006e-03 +9.3340e-03 +9.6674e-03 +1.0001e-02 
-0000.00150 -9.9993e-03 -9.6660e-03 -9.3328e-03 -8.9995e-03 -8.6662e-03 -8.3329e-03 -7.9996e-03 -7.6663e-03 -7.3330e-03 -6.9997e-03 -6.6664e-03 -6.3331e-03 -5.9998e-03 -5.6665e-03 -5.3332e-03 -4.9999e-03 -4.6665e-03 -4.3332e-03 -3.9999e-03 -3.6666e-03 -3.3333e-03 -3.0000e-03 -2.6666e-03 -2.3333e-03 -2.0000e-03 -1.6667e-03 -1.3333e-03 -1.0000e-03 -6.6669e-04 -3.3336e-04 -2.6961e-08 +3.3331e-04 +6.6664e-04 +9.9997e-04 +1.3333e-03 +1.6666e-03 +2.0000e-03 +2.3333e-03 +2.6667e-03 +3.0000e-03 +3.3334e-03 +3.6667e-03 +4.0001e-03 +4.3334e-03 +4.6668e-03 +5.0001e-03 +5.3335e-03 +5.6668e-03 +6.0002e-03 +6.3336e-03 +6.6669e-03 +7.0003e-03 +7.3337e-03 +7.6671e-03 +8.0004e-03 +8.3338e-03 +8.6672e-03 +9.0006e-03 +9.3340e-03 +9.6674e-03 +1.0001e-02 
-0000.00200 -9.9998e-03 -9.6665e-03 -9.3332e-03 -8.9999e-03 -8.6666e-03 -8.3334e-03 -8.0001e-03 -7.6668e-03 -7.3335e-03 -7.0002e-03 -6.6669e-03 -6.3336e-03 -6.0003e-03 -5.6670e-03 -5.3337e-03 -5.0003e-03 -4.6670e-03 -4.3337e-03 -4.0004e-03 -3.6671e-03 -3.3338e-03 -3.0004e-03 -2.6671e-03 -2.3338e-03 -2.0004e-03 -1.6671e-03 -1.3338e-03 -1.0004e-03 -6.6711e-04 -3.3377e-04 -4.3620e-07 +3.3290e-04 +6.6624e-04 +9.9958e-04 +1.3329e-03 +1.6663e-03 +1.9996e-03 +2.3330e-03 +2.6663e-03 +2.9996e-03 +3.3330e-03 +3.6663e-03 +3.9997e-03 +4.3330e-03 +4.6664e-03 +4.9997e-03 +5.3331e-03 +5.6664e-03 +5.9998e-03 +6.3331e-03 +6.6665e-03 +6.9998e-03 +7.3332e-03 +7.6665e-03 +7.9999e-03 +8.3332e-03 +8.6666e-03 +9.0000e-03 +9.3333e-03 +9.6667e-03 +1.0000e-02 
# Vertical Final Position [m]
START
            -0000.01000 -0000.00967 -0000.00933 -0000.00900 -0000.00867 -0000.00833 -0000.00800 -0000.00767 -0000.00733 -0000.00700 -0000.00667 -0000.00633 -0000.00600 -0000.00567 -0000.00533 -0000.00500 -0000.00467 -0000.00433 -0000.00400 -0000.00367 -0000.00333 -0000.00300 -0000.00267 -0000.00233 -0000.00200 -0000.00167 -0000.00133 -0000.00100 -0000.00067 -0000.00033 +0000.00000 +0000.00033 +0000.00067 +0000.00100 +0000.00133 +0000.00167 +0000.00200 +0000.00233 +0000.00267 +0000.00300 +0000.00333 +0000.00367 +0000.00400 +0000.00433 +0000.00467 +0000.00500 +0000.00533 +0000.00567 +0000.00600 +0000.00633 +0000.00667 +0000.00700 +0000.00733 +0000.00767 +0000.00800 +0000.00833 +0000.00867 +0000.00900 +0000.00933 +0000.00967 +0000.01000 
+0000.00200 +2.0001e-03 +2.0001e-03 +2.0001e-03 +2.0001e-03 +2.0000e-03 +2.0000e-03 +2.0000e-03 +2.0000e-03 +2.0000e-03 +2.0000e-03 +2.0000e-03 +2.0000e-03 +1.9999e-03 +1.9999e-03 +1.9999e-03 +1.9999e-03 +1.9999e-03 +1.9999e-03 +1.9999e-03 +1.9999e-03 +1.9999e-03 +1.9999e-03 +1.9999e-03 +1.9998e-03 +1.9998e-03 +1.9998e-03 +1.9998e-03 +1.9998e-03 +1.9998e-03 +1.9998e-03 +1.9998e-03 +1.9998e-03 +1.9998e-03 +1.9998e-03 +1.9998e-03 +1.9998e-03 +1.9997e-03 +1.9997e-03 +1.9997e-03 +1.9997e-03 +1.9997e-03 +1.9997e-03 +1.9997e-03 +1.9997e-03 +1.9997e-03 +1.9996e-03 +1.9996e-03 +1.9996e-03 +1.9996e-03 +1.9996e-03 +1.9996e-03 +1.9996e-03 +1.9996e-03 +1.9995e-03 +1.9995e-03 +1.9995e-03 +1.9995e-03 +1.9995e-03 +1.9995e-03 +1.9995e-03 +1.9994e-03 
+0000.00150 +1.5001e-03 +1.5001e-03 +1.5001e-03 +1.5001e-03 +1.5001e-03 +1.5001e-03 +1.5000e-03 +1.5000e-03 +1.5000e-03 +1.5000e-03 +1.5000e-03 +1.5000e-03 +1.5000e-03 +1.5000e-03 +1.5000e-03 +1.5000e-03 +1.5000e-03 +1.4999e-03 +1.4999e-03 +1.4999e-03 +1.4999e-03 +1.4999e-03 +1.4999e-03 +1.4999e-03 +1.4999e-03 +1.4999e-03 +1.4999e-03 +1.4999e-03 +1.4999e-03 +1.4999e-03 +1.4999e-03 +1.4999e-03 +1.4998e-03 +1.4998e-03 +1.4998e-03 +1.4998e-03 +1.4998e-03 +1.4998e-03 +1.4998e-03 +1.4998e-03 +1.4998e-03 +1.4998e-03 +1.4998e-03 +1.4998e-03 +1.4998e-03 +1.4998e-03 +1.4998e-03 +1.4997e-03 +1.4997e-03 +1.4997e-03 +1.4997e-03 +1.4997e-03 +1.4997e-03 +1.4997e-03 +1.4997e-03 +1.4997e-03 +1.4997e-03 +1.4997e-03 +1.4997e-03 +1.4996e-03 +1.4996e-03 
+0000.00100 +1.0001e-03 +1.0001e-03 +1.0001e-03 +1.0001e-03 +1.0001e-03 +1.0000e-03 +1.0000e-03 +1.0000e-03 +1.0000e-03 +1.0000e-03 +1.0000e-03 +1.0000e-03 +1.0000e-03 +9.9999e-04 +9.9999e-04 +9.9998e-04 +9.9998e-04 +9.9997e-04 +9.9996e-04 +9.9996e-04 +9.9995e-04 +9.9995e-04 +9.9994e-04 +9.9994e-04 +9.9994e-04 +9.9993e-04 +9.9993e-04 +9.9992e-04 +9.9992e-04 +9.9991e-04 +9.9991e-04 +9.9991e-04 +9.9990e-04 +9.9990e-04 +9.9989e-04 +9.9989e-04 +9.9989e-04 +9.9988e-04 +9.9988e-04 +9.9988e-04 +9.9987e-04 +9.9987e-04 +9.9986e-04 +9.9986e-04 +9.9986e-04 +9.9985e-04 +9.9985e-04 +9.9984e-04 +9.9984e-04 +9.9983e-04 +9.9983e-04 +9.9982e-04 +9.9981e-04 +9.9981e-04 +9.9980e-04 +9.9979e-04 +9.9979e-04 +9.9978e-04 +9.9977e-04 +9.9976e-04 +9.9975e-04 
+0000.00050 +5.0004e-04 +5.0004e-04 +5.0003e-04 +5.0003e-04 +5.0003e-04 +5.0002e-04 +5.0002e-04 +5.0002e-04 +5.0001e-04 +5.0001e-04 +5.0001e-04 +5.0000e-04 +5.0000e-04 +5.0000e-04 +5.0000e-04 +4.9999e-04 +4.9999e-04 +4.9999e-04 +4.9999e-04 +4.9998e-04 +4.9998e-04 +4.9998e-04 +4.9998e-04 +4.9997e-04 +4.9997e-04 +4.9997e-04 +4.9997e-04 +4.9996e-04 +4.9996e-04 +4.9996e-04 +4.9996e-04 +4.9996e-04 +4.9995e-04 +4.9995e-04 +4.9995e-04 +4.9995e-04 +4.9995e-04 +4.9994e-04 +4.9994e-04 +4.9994e-04 +4.9994e-04 +4.9994e-04 +4.9993e-04 +4.9993e-04 +4.9993e-04 +4.9993e-04 +4.9992e-04 +4.9992e-04 +4.9992e-04 +4.9992e-04 +4.9991e-04 +4.9991e-04 +4.9991e-04 +4.9990e-04 +4.9990e-04 +4.9990e-04 +4.9989e-04 +4.9989e-04 +4.9989e-04 +4.9988e-04 +4.9988e-04 
+0000.00000 -4.7070e-11 -4.8154e-11 -4.9249e-11 -5.0349e-11 -5.1449e-11 -5.2546e-11 -5.3635e-11 -5.4711e-11 -5.5771e-11 -5.6812e-11 -5.7828e-11 -5.8817e-11 -5.9776e-11 -6.0701e-11 -6.1590e-11 -6.2439e-11 -6.3246e-11 -6.4009e-11 -6.4725e-11 -6.5393e-11 -6.6010e-11 -6.6574e-11 -6.7084e-11 -6.7539e-11 -6.7937e-11 -6.8277e-11 -6.8559e-11 -6.8781e-11 -6.8943e-11 -6.9045e-11 -6.9086e-11 -6.9066e-11 -6.8986e-11 -6.8846e-11 -6.8646e-11 -6.8386e-11 -6.8068e-11 -6.7693e-11 -6.7262e-11 -6.6775e-11 -6.6235e-11 -6.5643e-11 -6.5001e-11 -6.4312e-11 -6.3576e-11 -6.2797e-11 -6.1977e-11 -6.1118e-11 -6.0224e-11 -5.9297e-11 -5.8342e-11 -5.7360e-11 -5.6356e-11 -5.5333e-11 -5.4295e-11 -5.3247e-11 -5.2192e-11 -5.1135e-11 -5.0080e-11 -4.9033e-11 -4.7997e-11 
-0000.00050 -5.0004e-04 -5.0004e-04 -5.0003e-04 -5.0003e-04 -5.0003e-04 -5.0002e-04 -5.0002e-04 -5.0002e-04 -5.0001e-04 -5.0001e-04 -5.0001e-04 -5.0000e-04 -5.0000e-04 -5.0000e-04 -5.0000e-04 -4.9999e-04 -4.9999e-04 -4.9999e-04 -4.9999e-04 -4.9998e-04 -4.9998e-04 -4.9998e-04 -4.9998e-04 -4.9997e-04 -4.9997e-04 -4.9997e-04 -4.9997e-04 -4.9996e-04 -4.9996e-04 -4.9996e-04 -4.9996e-04 -4.9996e-04 -4.9995e-04 -4.9995e-04 -4.9995e-04 -4.9995e-04 -4.9995e-04 -4.9994e-04 -4.9994e-04 -4.9994e-04 -4.9994e-04 -4.9994e-04 -4.9993e-04 -4.9993e-04 -4.9993e-04 -4.9993e-04 -4.9992e-04 -4.9992e-04 -4.9992e-04 -4.9992e-04 -4.9991e-04 -4.9991e-04 -4.9991e-04 -4.9990e-04 -4.9990e-04 -4.9990e-04 -4.9989e-04 -4.9989e-04 -4.9989e-04 -4.9988e-04 -4.9988e-04 
-0000.00100 -1.0001e-03 -1.0001e-03 -1.0001e-03 -1.0001e-03 -1.0001e-03 -1.0000e-03 -1.0000e-03 -1.0000e-03 -1.0000e-03 -1.0000e-03 -1.0000e-03 -1.0000e-03 -1.0000e-03 -9.9999e-04 -9.9999e-04 -9.9998e-04 -9.9998e-04 -9.9997e-04 -9.9996e-04 -9.9996e-04 -9.9995e-04 -9.9995e-04 -9.9994e-04 -9.9994e-04 -9.9994e-04 -9.9993e-04 -9.9993e-04 -9.9992e-04 -9.9992e-04 -9.9991e-04 -9.9991e-04 -9.9991e-04 -9.9990e-04 -9.9990e-04 -9.9989e-04 -9.9989e-04 -9.9989e-04 -9.9988e-04 -9.9988e-04 -9.9988e-04 -9.9987e-04 -9.9987e-04 -9.9986e-04 -9.9986e-04 -9.9986e-04 -9.9985e-04 -9.9985e-04 -9.9984e-04 -9.9984e-04 -9.9983e-04 -9.9983e-04 -9.9982e-04 -9.9981e-04 -9.9981e-04 -9.9980e-04 -9.9979e-04 -9.9979e-04 -9.9978e-04 -9.9977e-04 -9.9976e-04 -9.9975e-04 
-0000.00150 -1.5001e-03 -1.5001e-03 -1.5001e-03 -1.5001e-03 -1.5001e-03 -1.5001e-03 -1.5000e-03 -1.5000e-03 -1.5000e-03 -1.5000e-03 -1.5000e-03 -1.5000e-03 -1.5000e-03 -1.5000e-03 -1.5000e-03 -1.5000e-03 -1.5000e-03 -1.4999e-03 -1.4999e-03 -1.4999e-03 -1.4999e-03 -1.4999e-03 -1.4999e-03 -1.4999e-03 -1.4999e-03 -1.4999e-03 -1.4999e-03 -1.4999e-03 -1.4999e-03 -1.4999e-03 -1.4999e-03 -1.4999e-03 -1.4998e-03 -1.4998e-03 -1.4998e-03 -1.4998e-03 -1.4998e-03 -1.4998e-03 -1.4998e-03 -1.4998e-03 -1.4998e-03 -1.4998e-03 -1.4998e-03 -1.4998e-03 -1.4998e-03 -1.4998e-03 -1.4998e-03 -1.4997e-03 -1.4997e-03 -1.4997e-03 -1.4997e-03 -1.4997e-03 -1.4997e-03 -1.4997e-03 -1.4997e-03 -1.4997e-03 -1.4997e-03 -1.4997e-03 -1.4997e-03 -1.4996e-03 -1.4996e-03 
-0000.00200 -2.0001e-03 -2.0001e-03 -2.0001e-03 -2.0001e-03 -2.0000e-03 -2.0000e-03 -2.0000e-03 -2.0000e-03 -2.0000e-03 -2.0000e-03 -2.0000e-03 -2.0000e-03 -1.9999e-03 -1.9999e-03 -1.9999e-03 -1.9999e-03 -1.9999e-03 -1.9999e-03 -1.9999e-03 -1.9999e-03 -1.9999e-03 -1.9999e-03 -1.9999e-03 -1.9998e-03 -1.9998e-03 -1.9998e-03 -1.9998e-03 -1.9998e-03 -1.9998e-03 -1.9998e-03 -1.9998e-03 -1.9998e-03 -1.9998e-03 -1.9998e-03 -1.9998e-03 -1.9998e-03 -1.9997e-03 -1.9997e-03 -1.9997e-03 -1.9997e-03 -1.9997e-03 -1.9997e-03 -1.9997e-03 -1.9997e-03 -1.9997e-03 -1.9996e-03 -1.9996e-03 -1.9996e-03 -1.9996e-03 -1.9996e-03 -1.9996e-03 -1.9996e-03 -1.9996e-03 -1.9995e-03 -1.9995e-03 -1.9995e-03 -1.9995e-03 -1.9995e-03 -1.9995e-03 -1.9995e-03 -1.9994e-03 