# Author: FAC idanalysis.IDKickMap
# Termination_kicks [T2m2]: +0.0000e+00 +0.0000e+00 +0.0000e+00 +0.0000e+00 
# Total Length of Longitudinal Interval [m]
0.13
# Number of Horizontal Points
61
# Number of Vertical Points
9
# Total Horizontal 2nd Order Kick [T2m2]
START
            -0000.01000 -0000.00967 -0000.00933 -0000.00900 -0000.00867 -0000.00833 -0000.00800 -0000.00767 -0000.00733 -0000.00700 -0000.00667 -0000.00633 -0000.00600 -0000.00567 -0000.00533 -0000.00500 -0000.00467 -0000.00433 -0000.00400 -0000.00367 -0000.00333 -0000.00300 -0000.00267 -0000.00233 -0000.00200 -0000.00167 -0000.00133 -0000.00100 -0000.00067 -0000.00033 +0000.00000 +0000.00033 +0000.00067 +0000.00100 +0000.00133 +0000.00167 +0000.00200 +0000.00233 +0000.00267 +0000.00300 +0000.00333 +0000.00367 +0000.00400 +0000.00433 +0000.00467 +0000.00500 +0000.00533 +0000.00567 +0000.00600 +0000.00633 +0000.00667 +0000.00700 +0000.00733 +0000.00767 +0000.00800 +0000.00833 +0000.00867 +0000.00900 +0000.00933 +0000.00967 +0000.01000 
+0000.00200 -1.4865e-05 -1.3934e-05 -1.3023e-05 -1.2133e-05 -1.1266e-05 -1.0422e-05 -9.6030e-06 -8.8090e-06 -8.0410e-06 -7.3010e-06 -6.5890e-06 -5.9050e-06 -5.2520e-06 -4.6290e-06 -4.0370e-06 -3.4770e-06 -2.9500e-06 -2.4560e-06 -1.9950e-06 -1.5690e-06 -1.1770e-06 -8.2000e-07 -4.9800e-07 -2.1200e-07 +3.7000e-08 +2.5100e-07 +4.2700e-07 +5.6700e-07 +6.7000e-07 +7.3600e-07 +7.6500e-07 +7.5700e-07 +7.1200e-07 +6.2900e-07 +5.0900e-07 +3.5300e-07 +1.6000e-07 -7.0000e-08 -3.3600e-07 -6.3800e-07 -9.7600e-07 -1.3500e-06 -1.7580e-06 -2.2010e-06 -2.6780e-06 -3.1880e-06 -3.7320e-06 -4.3070e-06 -4.9150e-06 -5.5540e-06 -6.2230e-06 -6.9220e-06 -7.6500e-06 -8.4060e-06 -9.1890e-06 -9.9980e-06 -1.0833e-05 -1.1692e-05 -1.2574e-05 -1.3479e-05 -1.4405e-05 
+0000.00150 -1.4997e-05 -1.4088e-05 -1.3197e-05 -1.2326e-05 -1.1475e-05 -1.0647e-05 -9.8410e-06 -9.0590e-06 -8.3030e-06 -7.5720e-06 -6.8690e-06 -6.1940e-06 -5.5470e-06 -4.9300e-06 -4.3440e-06 -3.7890e-06 -3.2650e-06 -2.7740e-06 -2.3170e-06 -1.8930e-06 -1.5030e-06 -1.1480e-06 -8.2800e-07 -5.4300e-07 -2.9500e-07 -8.2000e-08 +9.4000e-08 +2.3300e-07 +3.3600e-07 +4.0200e-07 +4.3100e-07 +4.2200e-07 +3.7700e-07 +2.9500e-07 +1.7600e-07 +2.0000e-08 -1.7300e-07 -4.0200e-07 -6.6700e-07 -9.6800e-07 -1.3040e-06 -1.6750e-06 -2.0810e-06 -2.5210e-06 -2.9950e-06 -3.5020e-06 -4.0410e-06 -4.6120e-06 -5.2140e-06 -5.8470e-06 -6.5080e-06 -7.1990e-06 -7.9180e-06 -8.6630e-06 -9.4350e-06 -1.0231e-05 -1.1051e-05 -1.1895e-05 -1.2760e-05 -1.3645e-05 -1.4550e-05 
+0000.00100 -1.5087e-05 -1.4194e-05 -1.3318e-05 -1.2460e-05 -1.1622e-05 -1.0804e-05 -1.0008e-05 -9.2360e-06 -8.4870e-06 -7.7640e-06 -7.0670e-06 -6.3980e-06 -5.7560e-06 -5.1440e-06 -4.5620e-06 -4.0100e-06 -3.4900e-06 -3.0010e-06 -2.5460e-06 -2.1240e-06 -1.7360e-06 -1.3820e-06 -1.0630e-06 -7.8000e-07 -5.3200e-07 -3.2000e-07 -1.4500e-07 -5.0000e-09 +9.7000e-08 +1.6300e-07 +1.9100e-07 +1.8300e-07 +1.3800e-07 +5.6000e-08 -6.3000e-08 -2.1900e-07 -4.1100e-07 -6.3900e-07 -9.0300e-07 -1.2030e-06 -1.5380e-06 -1.9080e-06 -2.3120e-06 -2.7500e-06 -3.2210e-06 -3.7250e-06 -4.2610e-06 -4.8290e-06 -5.4260e-06 -6.0540e-06 -6.7110e-06 -7.3950e-06 -8.1070e-06 -8.8450e-06 -9.6080e-06 -1.0395e-05 -1.1205e-05 -1.2037e-05 -1.2889e-05 -1.3761e-05 -1.4651e-05 
+0000.00050 -1.5140e-05 -1.4257e-05 -1.3390e-05 -1.2540e-05 -1.1709e-05 -1.0898e-05 -1.0108e-05 -9.3410e-06 -8.5970e-06 -7.8780e-06 -7.1850e-06 -6.5190e-06 -5.8810e-06 -5.2710e-06 -4.6910e-06 -4.1420e-06 -3.6230e-06 -3.1370e-06 -2.6830e-06 -2.2620e-06 -1.8750e-06 -1.5220e-06 -1.2040e-06 -9.2100e-07 -6.7400e-07 -4.6200e-07 -2.8700e-07 -1.4800e-07 -4.6000e-08 +2.0000e-08 +4.8000e-08 +4.0000e-08 -5.0000e-09 -8.7000e-08 -2.0600e-07 -3.6100e-07 -5.5300e-07 -7.8100e-07 -1.0450e-06 -1.3440e-06 -1.6780e-06 -2.0470e-06 -2.4500e-06 -2.8870e-06 -3.3570e-06 -3.8590e-06 -4.3930e-06 -4.9580e-06 -5.5540e-06 -6.1790e-06 -6.8320e-06 -7.5130e-06 -8.2210e-06 -8.9540e-06 -9.7120e-06 -1.0493e-05 -1.1297e-05 -1.2122e-05 -1.2966e-05 -1.3830e-05 -1.4710e-05 
+0000.00000 -1.5157e-05 -1.4277e-05 -1.3413e-05 -1.2566e-05 -1.1737e-05 -1.0928e-05 -1.0141e-05 -9.3750e-06 -8.6330e-06 -7.9160e-06 -7.2240e-06 -6.5600e-06 -5.9220e-06 -5.3140e-06 -4.7350e-06 -4.1860e-06 -3.6680e-06 -3.1820e-06 -2.7280e-06 -2.3080e-06 -1.9210e-06 -1.5690e-06 -1.2510e-06 -9.6800e-07 -7.2100e-07 -5.1000e-07 -3.3500e-07 -1.9600e-07 -9.4000e-08 -2.8000e-08 +0.0000e+00 -8.0000e-09 -5.3000e-08 -1.3500e-07 -2.5400e-07 -4.0900e-07 -6.0100e-07 -8.2800e-07 -1.0920e-06 -1.3910e-06 -1.7250e-06 -2.0930e-06 -2.4960e-06 -2.9330e-06 -3.4020e-06 -3.9040e-06 -4.4370e-06 -5.0020e-06 -5.5960e-06 -6.2200e-06 -6.8720e-06 -7.5520e-06 -8.2580e-06 -8.9900e-06 -9.7460e-06 -1.0526e-05 -1.1328e-05 -1.2150e-05 -1.2992e-05 -1.3853e-05 -1.4730e-05 
-0000.00050 -1.5140e-05 -1.4256e-05 -1.3389e-05 -1.2539e-05 -1.1708e-05 -1.0897e-05 -1.0108e-05 -9.3400e-06 -8.5970e-06 -7.8780e-06 -7.1850e-06 -6.5190e-06 -5.8810e-06 -5.2710e-06 -4.6910e-06 -4.1420e-06 -3.6230e-06 -3.1370e-06 -2.6830e-06 -2.2620e-06 -1.8750e-06 -1.5220e-06 -1.2040e-06 -9.2100e-07 -6.7400e-07 -4.6200e-07 -2.8700e-07 -1.4800e-07 -4.6000e-08 +1.9000e-08 +4.8000e-08 +4.0000e-08 -5.0000e-09 -8.7000e-08 -2.0600e-07 -3.6100e-07 -5.5300e-07 -7.8100e-07 -1.0450e-06 -1.3440e-06 -1.6780e-06 -2.0470e-06 -2.4500e-06 -2.8870e-06 -3.3570e-06 -3.8590e-06 -4.3930e-06 -4.9590e-06 -5.5540e-06 -6.1790e-06 -6.8320e-06 -7.5130e-06 -8.2210e-06 -8.9540e-06 -9.7120e-06 -1.0494e-05 -1.1297e-05 -1.2122e-05 -1.2967e-05 -1.3830e-05 -1.4711e-05 
-0000.00100 -1.5086e-05 -1.4193e-05 -1.3317e-05 -1.2459e-05 -1.1620e-05 -1.0803e-05 -1.0007e-05 -9.2350e-06 -8.4860e-06 -7.7630e-06 -7.0660e-06 -6.3970e-06 -5.7550e-06 -5.1430e-06 -4.5610e-06 -4.0090e-06 -3.4890e-06 -3.0010e-06 -2.5450e-06 -2.1230e-06 -1.7350e-06 -1.3820e-06 -1.0630e-06 -7.7900e-07 -5.3200e-07 -3.2000e-07 -1.4400e-07 -5.0000e-09 +9.7000e-08 +1.6300e-07 +1.9100e-07 +1.8300e-07 +1.3800e-07 +5.6000e-08 -6.3000e-08 -2.1900e-07 -4.1100e-07 -6.3900e-07 -9.0300e-07 -1.2030e-06 -1.5380e-06 -1.9080e-06 -2.3120e-06 -2.7500e-06 -3.2220e-06 -3.7260e-06 -4.2620e-06 -4.8290e-06 -5.4270e-06 -6.0550e-06 -6.7120e-06 -7.3960e-06 -8.1080e-06 -8.8460e-06 -9.6100e-06 -1.0397e-05 -1.1207e-05 -1.2039e-05 -1.2891e-05 -1.3763e-05 -1.4653e-05 
-0000.00150 -1.4995e-05 -1.4086e-05 -1.3195e-05 -1.2324e-05 -1.1473e-05 -1.0645e-05 -9.8390e-06 -9.0580e-06 -8.3010e-06 -7.5710e-06 -6.8670e-06 -6.1920e-06 -5.5460e-06 -4.9290e-06 -4.3430e-06 -3.7870e-06 -3.2640e-06 -2.7730e-06 -2.3160e-06 -1.8920e-06 -1.5020e-06 -1.1470e-06 -8.2700e-07 -5.4300e-07 -2.9400e-07 -8.2000e-08 +9.4000e-08 +2.3400e-07 +3.3600e-07 +4.0200e-07 +4.3100e-07 +4.2200e-07 +3.7700e-07 +2.9500e-07 +1.7500e-07 +1.9000e-08 -1.7300e-07 -4.0200e-07 -6.6700e-07 -9.6800e-07 -1.3050e-06 -1.6760e-06 -2.0820e-06 -2.5220e-06 -2.9960e-06 -3.5030e-06 -4.0420e-06 -4.6130e-06 -5.2150e-06 -5.8480e-06 -6.5100e-06 -7.2010e-06 -7.9190e-06 -8.6650e-06 -9.4360e-06 -1.0233e-05 -1.1053e-05 -1.1897e-05 -1.2762e-05 -1.3647e-05 -1.4552e-05 
-0000.00200 -1.4862e-05 -1.3931e-05 -1.3020e-05 -1.2131e-05 -1.1264e-05 -1.0420e-05 -9.6000e-06 -8.8070e-06 -8.0390e-06 -7.2990e-06 -6.5870e-06 -5.9040e-06 -5.2500e-06 -4.6280e-06 -4.0360e-06 -3.4760e-06 -2.9490e-06 -2.4550e-06 -1.9940e-06 -1.5680e-06 -1.1760e-06 -8.1900e-07 -4.9700e-07 -2.1200e-07 +3.8000e-08 +2.5100e-07 +4.2800e-07 +5.6800e-07 +6.7100e-07 +7.3700e-07 +7.6600e-07 +7.5700e-07 +7.1200e-07 +6.2900e-07 +5.0900e-07 +3.5300e-07 +1.5900e-07 -7.1000e-08 -3.3700e-07 -6.3900e-07 -9.7700e-07 -1.3510e-06 -1.7590e-06 -2.2020e-06 -2.6790e-06 -3.1890e-06 -3.7330e-06 -4.3090e-06 -4.9170e-06 -5.5560e-06 -6.2250e-06 -6.9240e-06 -7.6520e-06 -8.4080e-06 -9.1910e-06 -1.0001e-05 -1.0835e-05 -1.1695e-05 -1.2577e-05 -1.3482e-05 -1.4408e-05 
# Total Vertical 2nd Order Kick [T2m2]
START
            -0000.01000 -0000.00967 -0000.00933 -0000.00900 -0000.00867 -0000.00833 -0000.00800 -0000.00767 -0000.00733 -0000.00700 -0000.00667 -0000.00633 -0000.00600 -0000.00567 -0000.00533 -0000.00500 -0000.00467 -0000.00433 -0000.00400 -0000.00367 -0000.00333 -0000.00300 -0000.00267 -0000.00233 -0000.00200 -0000.00167 -0000.00133 -0000.00100 -0000.00067 -0000.00033 +0000.00000 +0000.00033 +0000.00067 +0000.00100 +0000.00133 +0000.00167 +0000.00200 +0000.00233 +0000.00267 +0000.00300 +0000.00333 +0000.00367 +0000.00400 +0000.00433 +0000.00467 +0000.00500 +0000.00533 +0000.00567 +0000.00600 +0000.00633 +0000.00667 +0000.00700 +0000.00733 +0000.00767 +0000.00800 +0000.00833 +0000.00867 +0000.00900 +0000.00933 +0000.00967 +0000.01000 
+0000.00200 -6.5695e-06 -6.4943e-06 -6.4079e-06 -6.3110e-06 -6.2039e-06 -6.0872e-06 -5.9612e-06 -5.8265e-06 -5.6835e-06 -5.5326e-06 -5.3742e-06 -5.2088e-06 -5.0368e-06 -4.8587e-06 -4.6748e-06 -4.4855e-06 -4.2912e-06 -4.0924e-06 -3.8894e-06 -3.6826e-06 -3.4724e-06 -3.2591e-06 -3.0431e-06 -2.8247e-06 -2.6044e-06 -2.3825e-06 -2.1592e-06 -1.9350e-06 -1.7101e-06 -1.4850e-06 -1.2598e-06 -1.0349e-06 -8.1066e-07 -5.8733e-07 -3.6522e-07 -1.4460e-07 +7.4230e-08 +2.9102e-07 +5.0547e-07 +7.1734e-07 +9.2637e-07 +1.1323e-06 +1.3348e-06 +1.5338e-06 +1.7290e-06 +1.9201e-06 +2.1070e-06 +2.2893e-06 +2.4670e-06 +2.6398e-06 +2.8074e-06 +2.9698e-06 +3.1267e-06 +3.2779e-06 +3.4232e-06 +3.5626e-06 +3.6957e-06 +3.8226e-06 +3.9429e-06 +4.0566e-06 +4.1635e-06 
+0000.00150 -4.8150e-06 -4.7615e-06 -4.6996e-06 -4.6295e-06 -4.5517e-06 -4.4664e-06 -4.3741e-06 -4.2751e-06 -4.1697e-06 -4.0582e-06 -3.9410e-06 -3.8185e-06 -3.6909e-06 -3.5585e-06 -3.4217e-06 -3.2808e-06 -3.1360e-06 -2.9877e-06 -2.8362e-06 -2.6818e-06 -2.5247e-06 -2.3653e-06 -2.2038e-06 -2.0405e-06 -1.8756e-06 -1.7095e-06 -1.5423e-06 -1.3744e-06 -1.2060e-06 -1.0374e-06 -8.6865e-07 -7.0021e-07 -5.3223e-07 -3.6495e-07 -1.9858e-07 -3.3360e-08 +1.3051e-07 +2.9280e-07 +4.5331e-07 +6.1184e-07 +7.6818e-07 +9.2214e-07 +1.0735e-06 +1.2221e-06 +1.3678e-06 +1.5104e-06 +1.6496e-06 +1.7854e-06 +1.9176e-06 +2.0460e-06 +2.1704e-06 +2.2908e-06 +2.4069e-06 +2.5186e-06 +2.6258e-06 +2.7283e-06 +2.8260e-06 +2.9189e-06 +3.0066e-06 +3.0893e-06 +3.1666e-06 
+0000.00100 -3.1579e-06 -3.1237e-06 -3.0838e-06 -3.0383e-06 -2.9877e-06 -2.9320e-06 -2.8715e-06 -2.8065e-06 -2.7371e-06 -2.6637e-06 -2.5863e-06 -2.5054e-06 -2.4210e-06 -2.3333e-06 -2.2427e-06 -2.1493e-06 -2.0532e-06 -1.9548e-06 -1.8542e-06 -1.7516e-06 -1.6472e-06 -1.5412e-06 -1.4338e-06 -1.3251e-06 -1.2154e-06 -1.1048e-06 -9.9346e-07 -8.8170e-07 -7.6955e-07 -6.5722e-07 -5.4488e-07 -4.3269e-07 -3.2080e-07 -2.0938e-07 -9.8574e-08 +1.1459e-08 +1.2058e-07 +2.2864e-07 +3.3550e-07 +4.4101e-07 +5.4505e-07 +6.4747e-07 +7.4814e-07 +8.4695e-07 +9.4376e-07 +1.0384e-06 +1.1309e-06 +1.2210e-06 +1.3086e-06 +1.3937e-06 +1.4760e-06 +1.5556e-06 +1.6323e-06 +1.7060e-06 +1.7767e-06 +1.8441e-06 +1.9083e-06 +1.9691e-06 +2.0265e-06 +2.0803e-06 +2.1306e-06 
+0000.00050 -1.5622e-06 -1.5456e-06 -1.5262e-06 -1.5040e-06 -1.4791e-06 -1.4517e-06 -1.4218e-06 -1.3897e-06 -1.3554e-06 -1.3190e-06 -1.2806e-06 -1.2404e-06 -1.1985e-06 -1.1549e-06 -1.1098e-06 -1.0633e-06 -1.0155e-06 -9.6640e-07 -9.1625e-07 -8.6509e-07 -8.1302e-07 -7.6013e-07 -7.0652e-07 -6.5228e-07 -5.9750e-07 -5.4228e-07 -4.8670e-07 -4.3086e-07 -3.7483e-07 -3.1871e-07 -2.6257e-07 -2.0650e-07 -1.5059e-07 -9.4904e-08 -3.9526e-08 +1.5471e-08 +7.0009e-08 +1.2402e-07 +1.7742e-07 +2.3015e-07 +2.8214e-07 +3.3331e-07 +3.8361e-07 +4.3297e-07 +4.8132e-07 +5.2860e-07 +5.7476e-07 +6.1973e-07 +6.6346e-07 +7.0589e-07 +7.4696e-07 +7.8663e-07 +8.2484e-07 +8.6153e-07 +8.9667e-07 +9.3021e-07 +9.6209e-07 +9.9228e-07 +1.0207e-06 +1.0474e-06 +1.0722e-06 
+0000.00000 +3.7250e-09 +3.4580e-09 +3.2040e-09 +2.9610e-09 +2.7310e-09 +2.5110e-09 +2.3030e-09 +2.1050e-09 +1.9180e-09 +1.7400e-09 +1.5730e-09 +1.4150e-09 +1.2670e-09 +1.1280e-09 +9.9700e-10 +8.7600e-10 +7.6300e-10 +6.5800e-10 +5.6200e-10 +4.7300e-10 +3.9300e-10 +3.2000e-10 +2.5500e-10 +1.9700e-10 +1.4700e-10 +1.0400e-10 +6.9000e-11 +4.1000e-11 +2.0000e-11 +7.0000e-12 +0.0000e+00 +1.0000e-12 +9.0000e-12 +2.4000e-11 +4.7000e-11 +7.7000e-11 +1.1400e-10 +1.5900e-10 +2.1100e-10 +2.7100e-10 +3.3900e-10 +4.1500e-10 +4.9900e-10 +5.9100e-10 +6.9200e-10 +8.0100e-10 +9.1900e-10 +1.0460e-09 +1.1820e-09 +1.3280e-09 +1.4830e-09 +1.6480e-09 +1.8240e-09 +2.0100e-09 +2.2070e-09 +2.4140e-09 +2.6340e-09 +2.8650e-09 +3.1080e-09 +3.3640e-09 +3.6330e-09 
-0000.00050 +1.5695e-06 +1.5524e-06 +1.5325e-06 +1.5098e-06 +1.4844e-06 +1.4566e-06 +1.4263e-06 +1.3938e-06 +1.3591e-06 +1.3224e-06 +1.2837e-06 +1.2432e-06 +1.2009e-06 +1.1571e-06 +1.1117e-06 +1.0650e-06 +1.0170e-06 +9.6771e-07 +9.1737e-07 +8.6603e-07 +8.1379e-07 +7.6076e-07 +7.0701e-07 +6.5266e-07 +5.9778e-07 +5.4247e-07 +4.8683e-07 +4.3092e-07 +3.7486e-07 +3.1871e-07 +2.6256e-07 +2.0649e-07 +1.5060e-07 +9.4935e-08 +3.9602e-08 -1.5334e-08 -6.9797e-08 -1.2371e-07 -1.7701e-07 -2.2961e-07 -2.8146e-07 -3.3249e-07 -3.8262e-07 -4.3179e-07 -4.7994e-07 -5.2700e-07 -5.7292e-07 -6.1764e-07 -6.6110e-07 -7.0323e-07 -7.4400e-07 -7.8334e-07 -8.2120e-07 -8.5752e-07 -8.9227e-07 -9.2540e-07 -9.5685e-07 -9.8656e-07 -1.0146e-06 -1.0408e-06 -1.0651e-06 
-0000.00100 +3.1651e-06 +3.1304e-06 +3.0899e-06 +3.0440e-06 +2.9929e-06 +2.9368e-06 +2.8759e-06 +2.8105e-06 +2.7408e-06 +2.6670e-06 +2.5893e-06 +2.5080e-06 +2.4233e-06 +2.3354e-06 +2.2446e-06 +2.1509e-06 +2.0546e-06 +1.9560e-06 +1.8552e-06 +1.7524e-06 +1.6479e-06 +1.5417e-06 +1.4342e-06 +1.3254e-06 +1.2156e-06 +1.1049e-06 +9.9360e-07 +8.8175e-07 +7.6956e-07 +6.5720e-07 +5.4485e-07 +4.3265e-07 +3.2078e-07 +2.0938e-07 +9.8617e-08 -1.1364e-08 -1.2041e-07 -2.2838e-07 -3.3514e-07 -4.4054e-07 -5.4444e-07 -6.4671e-07 -7.4723e-07 -8.4586e-07 -9.4247e-07 -1.0370e-06 -1.1292e-06 -1.2191e-06 -1.3064e-06 -1.3912e-06 -1.4733e-06 -1.5525e-06 -1.6289e-06 -1.7022e-06 -1.7725e-06 -1.8395e-06 -1.9032e-06 -1.9636e-06 -2.0205e-06 -2.0738e-06 -2.1235e-06 
-0000.00150 +4.8221e-06 +4.7682e-06 +4.7057e-06 +4.6352e-06 +4.5569e-06 +4.4712e-06 +4.3785e-06 +4.2790e-06 +4.1733e-06 +4.0614e-06 +3.9439e-06 +3.8211e-06 +3.6932e-06 +3.5605e-06 +3.4234e-06 +3.2823e-06 +3.1373e-06 +2.9888e-06 +2.8371e-06 +2.6825e-06 +2.5253e-06 +2.3657e-06 +2.2041e-06 +2.0406e-06 +1.8757e-06 +1.7095e-06 +1.5423e-06 +1.3743e-06 +1.2058e-06 +1.0372e-06 +8.6852e-07 +7.0008e-07 +5.3211e-07 +3.6486e-07 +1.9854e-07 +3.3366e-08 -1.3042e-07 -2.9263e-07 -4.5303e-07 -6.1144e-07 -7.6765e-07 -9.2146e-07 -1.0727e-06 -1.2212e-06 -1.3667e-06 -1.5090e-06 -1.6480e-06 -1.7836e-06 -1.9155e-06 -2.0436e-06 -2.1678e-06 -2.2878e-06 -2.4035e-06 -2.5149e-06 -2.6217e-06 -2.7238e-06 -2.8211e-06 -2.9135e-06 -3.0007e-06 -3.0829e-06 -3.1597e-06 
-0000.00200 +6.5764e-06 +6.5006e-06 +6.4138e-06 +6.3164e-06 +6.2089e-06 +6.0917e-06 +5.9654e-06 +5.8303e-06 +5.6869e-06 +5.5356e-06 +5.3769e-06 +5.2113e-06 +5.0390e-06 +4.8606e-06 +4.6764e-06 +4.4869e-06 +4.2924e-06 +4.0934e-06 +3.8902e-06 +3.6832e-06 +3.4728e-06 +3.2594e-06 +3.0433e-06 +2.8248e-06 +2.6044e-06 +2.3823e-06 +2.1590e-06 +1.9347e-06 +1.7098e-06 +1.4846e-06 +1.2595e-06 +1.0346e-06 +8.1042e-07 +5.8712e-07 +3.6505e-07 +1.4449e-07 -7.4276e-08 -2.9097e-07 -5.0532e-07 -7.1707e-07 -9.2597e-07 -1.1318e-06 -1.3342e-06 -1.5330e-06 -1.7280e-06 -1.9189e-06 -2.1055e-06 -2.2876e-06 -2.4650e-06 -2.6375e-06 -2.8049e-06 -2.9669e-06 -3.1234e-06 -3.2743e-06 -3.4193e-06 -3.5582e-06 -3.6910e-06 -3.8174e-06 -3.9372e-06 -4.0504e-06 -4.1569e-06 
# Horizontal Final Position [m]
START
            -0000.01000 -0000.00967 -0000.00933 -0000.00900 -0000.00867 -0000.00833 -0000.00800 -0000.00767 -0000.00733 -0000.00700 -0000.00667 -0000.00633 -0000.00600 -0000.00567 -0000.00533 -0000.00500 -0000.00467 -0000.00433 -0000.00400 -0000.00367 -0000.00333 -0000.00300 -0000.00267 -0000.00233 -0000.00200 -0000.00167 -0000.00133 -0000.00100 -0000.00067 -0000.00033 +0000.00000 +0000.00033 +0000.00067 +0000.00100 +0000.00133 +0000.00167 +0000.00200 +0000.00233 +0000.00267 +0000.00300 +0000.00333 +0000.00367 +0000.00400 +0000.00433 +0000.00467 +0000.00500 +0000.00533 +0000.00567 +0000.00600 +0000.00633 +0000.00667 +0000.00700 +0000.00733 +0000.00767 +0000.00800 +0000.00833 +0000.00867 +0000.00900 +0000.00933 +0000.00967 +0000.01000 
+0000.00200 -1.0004e-02 -9.6703e-03 -9.3370e-03 -9.0037e-03 -8.6704e-03 -8.3371e-03 -8.0038e-03 -7.6705e-03 -7.3372e-03 -7.0039e-03 -6.6706e-03 -6.3373e-03 -6.0040e-03 -5.6707e-03 -5.3373e-03 -5.0040e-03 -4.6707e-03 -4.3374e-03 -4.0041e-03 -3.6707e-03 -3.3374e-03 -3.0041e-03 -2.6707e-03 -2.3374e-03 -2.0041e-03 -1.6707e-03 -1.3374e-03 -1.0041e-03 -6.7073e-04 -3.3739e-04 -4.0526e-06 +3.2929e-04 +6.6263e-04 +9.9597e-04 +1.3293e-03 +1.6627e-03 +1.9960e-03 +2.3293e-03 +2.6627e-03 +2.9960e-03 +3.3294e-03 +3.6627e-03 +3.9961e-03 +4.3294e-03 +4.6627e-03 +4.9961e-03 +5.3294e-03 +5.6627e-03 +5.9961e-03 +6.3294e-03 +6.6627e-03 +6.9961e-03 +7.3294e-03 +7.6627e-03 +7.9960e-03 +8.3293e-03 +8.6626e-03 +8.9959e-03 +9.3292e-03 +9.6625e-03 +9.9958e-03 
+0000.00150 -1.0004e-02 -9.6703e-03 -9.3370e-03 -9.0037e-03 -8.6704e-03 -8.3371e-03 -8.0038e-03 -7.6705e-03 -7.3372e-03 -7.0039e-03 -6.6706e-03 -6.3373e-03 -6.0040e-03 -5.6707e-03 -5.3373e-03 -5.0040e-03 -4.6707e-03 -4.3374e-03 -4.0041e-03 -3.6707e-03 -3.3374e-03 -3.0041e-03 -2.6707e-03 -2.3374e-03 -2.0041e-03 -1.6707e-03 -1.3374e-03 -1.0041e-03 -6.7073e-04 -3.3739e-04 -4.0526e-06 +3.2929e-04 +6.6263e-04 +9.9597e-04 +1.3293e-03 +1.6627e-03 +1.9960e-03 +2.3293e-03 +2.6627e-03 +2.9960e-03 +3.3294e-03 +3.6627e-03 +3.9961e-03 +4.3294e-03 +4.6627e-03 +4.9961e-03 +5.3294e-03 +5.6627e-03 +5.9961e-03 +6.3294e-03 +6.6627e-03 +6.9961e-03 +7.3294e-03 +7.6627e-03 +7.9960e-03 +8.3293e-03 +8.6626e-03 +8.9959e-03 +9.3292e-03 +9.6625e-03 +9.9958e-03 
+0000.00100 -1.0004e-02 -9.6703e-03 -9.3370e-03 -9.0037e-03 -8.6704e-03 -8.3371e-03 -8.0038e-03 -7.6705e-03 -7.3372e-03 -7.0039e-03 -6.6706e-03 -6.3373e-03 -6.0040e-03 -5.6707e-03 -5.3373e-03 -5.0040e-03 -4.6707e-03 -4.3374e-03 -4.0041e-03 -3.6707e-03 -3.3374e-03 -3.0041e-03 -2.6707e-03 -2.3374e-03 -2.0041e-03 -1.6707e-03 -1.3374e-03 -1.0041e-03 -6.7073e-04 -3.3739e-04 -4.0526e-06 +3.2929e-04 +6.6263e-04 +9.9597e-04 +1.3293e-03 +1.6627e-03 +1.9960e-03 +2.3293e-03 +2.6627e-03 +2.9960e-03 +3.3294e-03 +3.6627e-03 +3.9961e-03 +4.3294e-03 +4.6627e-03 +4.9961e-03 +5.3294e-03 +5.6627e-03 +5.9961e-03 +6.3294e-03 +6.6627e-03 +6.9961e-03 +7.3294e-03 +7.6627e-03 +7.9960e-03 +8.3293e-03 +8.6626e-03 +8.9959e-03 +9.3292e-03 +9.6625e-03 +9.9958e-03 
+0000.00050 -1.0004e-02 -9.6703e-03 -9.3370e-03 -9.0037e-03 -8.6704e-03 -8.3371e-03 -8.0038e-03 -7.6705e-03 -7.3372e-03 -7.0039e-03 -6.6706e-03 -6.3373e-03 -6.0040e-03 -5.6707e-03 -5.3373e-03 -5.0040e-03 -4.6707e-03 -4.3374e-03 -4.0041e-03 -3.6707e-03 -3.3374e-03 -3.0041e-03 -2.6707e-03 -2.3374e-03 -2.0041e-03 -1.6707e-03 -1.3374e-03 -1.0041e-03 -6.7073e-04 -3.3739e-04 -4.0526e-06 +3.2929e-04 +6.6263e-04 +9.9597e-04 +1.3293e-03 +1.6627e-03 +1.9960e-03 +2.3293e-03 +2.6627e-03 +2.9960e-03 +3.3294e-03 +3.6627e-03 +3.9961e-03 +4.3294e-03 +4.6627e-03 +4.9961e-03 +5.3294e-03 +5.6627e-03 +5.9961e-03 +6.3294e-03 +6.6627e-03 +6.9961e-03 +7.3294e-03 +7.6627e-03 +7.9960e-03 +8.3293e-03 +8.6626e-03 +8.9959e-03 +9.3292e-03 +9.6625e-03 +9.9958e-03 
+0000.00000 -1.0004e-02 -9.6703e-03 -9.3370e-03 -9.0037e-03 -8.6704e-03 -8.3371e-03 -8.0038e-03 -7.6705e-03 -7.3372e-03 -7.0039e-03 -6.6706e-03 -6.3373e-03 -6.0040e-03 -5.6707e-03 -5.3373e-03 -5.0040e-03 -4.6707e-03 -4.3374e-03 -4.0041e-03 -3.6707e-03 -3.3374e-03 -3.0041e-03 -2.6707e-03 -2.3374e-03 -2.0041e-03 -1.6707e-03 -1.3374e-03 -1.0041e-03 -6.7073e-04 -3.3739e-04 -4.0526e-06 +3.2929e-04 +6.6263e-04 +9.9597e-04 +1.3293e-03 +1.6627e-03 +1.9960e-03 +2.3293e-03 +2.6627e-03 +2.9960e-03 +3.3294e-03 +3.6627e-03 +3.9961e-03 +4.3294e-03 +4.6627e-03 +4.9961e-03 +5.3294e-03 +5.6627e-03 +5.9961e-03 +6.3294e-03 +6.6627e-03 +6.9961e-03 +7.3294e-03 +7.6627e-03 +7.9960e-03 +8.3293e-03 +8.6626e-03 +8.9959e-03 +9.3292e-03 +9.6625e-03 +9.9958e-03 
-0000.00050 -1.0004e-02 -9.6703e-03 -9.3370e-03 -9.0037e-03 -8.6704e-03 -8.3371e-03 -8.0038e-03 -7.6705e-03 -7.3372e-03 -7.0039e-03 -6.6706e-03 -6.3373e-03 -6.0040e-03 -5.6707e-03 -5.3373e-03 -5.0040e-03 -4.6707e-03 -4.3374e-03 -4.0041e-03 -3.6707e-03 -3.3374e-03 -3.0041e-03 -2.6707e-03 -2.3374e-03 -2.0041e-03 -1.6707e-03 -1.3374e-03 -1.0041e-03 -6.7073e-04 -3.3739e-04 -4.0526e-06 +3.2929e-04 +6.6263e-04 +9.9597e-04 +1.3293e-03 +1.6627e-03 +1.9960e-03 +2.3293e-03 +2.6627e-03 +2.9960e-03 +3.3294e-03 +3.6627e-03 +3.9961e-03 +4.3294e-03 +4.6627e-03 +4.9961e-03 +5.3294e-03 +5.6627e-03 +5.9961e-03 +6.3294e-03 +6.6627e-03 +6.9961e-03 +7.3294e-03 +7.6627e-03 +7.9960e-03 +8.3293e-03 +8.6626e-03 +8.9959e-03 +9.3292e-03 +9.6625e-03 +9.9958e-03 
-0000.00100 -1.0004e-02 -9.6703e-03 -9.3370e-03 -9.0037e-03 -8.6704e-03 -8.3371e-03 -8.0038e-03 -7.6705e-03 -7.3372e-03 -7.0039e-03 -6.6706e-03 -6.3373e-03 -6.0040e-03 -5.6707e-03 -5.3373e-03 -5.0040e-03 -4.6707e-03 -4.3374e-03 -4.0041e-03 -3.6707e-03 -3.3374e-03 -3.0041e-03 -2.6707e-03 -2.3374e-03 -2.0041e-03 -1.6707e-03 -1.3374e-03 -1.0041e-03 -6.7073e-04 -3.3739e-04 -4.0526e-06 +3.2929e-04 +6.6263e-04 +9.9597e-04 +1.3293e-03 +1.6627e-03 +1.9960e-03 +2.3293e-03 +2.6627e-03 +2.9960e-03 +3.3294e-03 +3.6627e-03 +3.9961e-03 +4.3294e-03 +4.6627e-03 +4.9961e-03 +5.3294e-03 +5.6627e-03 +5.9961e-03 +6.3294e-03 +6.6627e-03 +6.9961e-03 +7.3294e-03 +7.6627e-03 +7.9960e-03 +8.3293e-03 +8.6626e-03 +8.9959e-03 +9.3292e-03 +9.6625e-03 +9.9958e-03 
-0000.00150 -1.0004e-02 -9.6703e-03 -9.3370e-03 -9.0037e-03 -8.6704e-03 -8.3371e-03 -8.0038e-03 -7.6705e-03 -7.3372e-03 -7.0039e-03 -6.6706e-03 -6.3373e-03 -6.0040e-03 -5.6707e-03 -5.3373e-03 -5.0040e-03 -4.6707e-03 -4.3374e-03 -4.0041e-03 -3.6707e-03 -3.3374e-03 -3.0041e-03 -2.6707e-03 -2.3374e-03 -2.0041e-03 -1.6707e-03 -1.3374e-03 -1.0041e-03 -6.7073e-04 -3.3739e-04 -4.0526e-06 +3.2929e-04 +6.6263e-04 +9.9597e-04 +1.3293e-03 +1.6627e-03 +1.9960e-03 +2.3293e-03 +2.6627e-03 +2.9960e-03 +3.3294e-03 +3.6627e-03 +3.9961e-03 +4.3294e-03 +4.6627e-03 +4.9961e-03 +5.3294e-03 +5.6627e-03 +5.9961e-03 +6.3294e-03 +6.6627e-03 +6.9961e-03 +7.3294e-03 +7.6627e-03 +7.9960e-03 +8.3293e-03 +8.6626e-03 +8.9959e-03 +9.3292e-03 +9.6625e-03 +9.9958e-03 
-0000.00200 -1.0004e-02 -9.6703e-03 -9.3370e-03 -9.0037e-03 -8.6704e-03 -8.3371e-03 -8.0038e-03 -7.6705e-03 -7.3372e-03 -7.0039e-03 -6.6706e-03 -6.3373e-03 -6.0040e-03 -5.6707e-03 -5.3373e-03 -5.0040e-03 -4.6707e-03 -4.3374e-03 -4.0041e-03 -3.6707e-03 -3.3374e-03 -3.0041e-03 -2.6707e-03 -2.3374e-03 -2.0041e-03 -1.6707e-03 -1.3374e-03 -1.0041e-03 -6.7073e-04 -3.3739e-04 -4.0526e-06 +3.2929e-04 +6.6263e-04 +9.9597e-04 +1.3293e-03 +1.6627e-03 +1.9960e-03 +2.3293e-03 +2.6627e-03 +2.9960e-03 +3.3294e-03 +3.6627e-03 +3.9961e-03 +4.3294e-03 +4.6627e-03 +4.9961e-03 +5.3294e-03 +5.6627e-03 +5.9961e-03 +6.3294e-03 +6.6627e-03 +6.9961e-03 +7.3294e-03 +7.6627e-03 +7.9960e-03 +8.3293e-03 +8.6626e-03 +8.9959e-03 +9.3292e-03 +9.6625e-03 +9.9958e-03 
# Vertical Final Position [m]
START
            -0000.01000 -0000.00967 -0000.00933 -0000.00900 -0000.00867 -0000.00833 -0000.00800 -0000.00767 -0000.00733 -0000.00700 -0000.00667 -0000.00633 -0000.00600 -0000.00567 -0000.00533 -0000.00500 -0000.00467 -0000.00433 -0000.00400 -0000.00367 -0000.00333 -0000.00300 -0000.00267 -0000.00233 -0000.00200 -0000.00167 -0000.00133 -0000.00100 -0000.00067 -0000.00033 +0000.00000 +0000.00033 +0000.00067 +0000.00100 +0000.00133 +0000.00167 +0000.00200 +0000.00233 +0000.00267 +0000.00300 +0000.00333 +0000.00367 +0000.00400 +0000.00433 +0000.00467 +0000.00500 +0000.00533 +0000.00567 +0000.00600 +0000.00633 +0000.00667 +0000.00700 +0000.00733 +0000.00767 +0000.00800 +0000.00833 +0000.00867 +0000.00900 +0000.00933 +0000.00967 +0000.01000 
+0000.00200 +2.0001e-03 +2.0001e-03 +2.0001e-03 +2.0001e-03 +2.0001e-03 +2.0001e-03 +2.0001e-03 +2.0001e-03 +2.0001e-03 +2.0001e-03 +2.0001e-03 +2.0001e-03 +2.0001e-03 +2.0001e-03 +2.0001e-03 +2.0000e-03 +2.0000e-03 +2.0000e-03 +2.0000e-03 +2.0000e-03 +2.0000e-03 +2.0000e-03 +2.0000e-03 +2.0000e-03 +2.0000e-03 +2.0000e-03 +2.0000e-03 +2.0000e-03 +2.0000e-03 +2.0000e-03 +2.0000e-03 +2.0000e-03 +2.0000e-03 +2.0000e-03 +2.0000e-03 +2.0000e-03 +2.0000e-03 +2.0000e-03 +2.0000e-03 +2.0000e-03 +2.0000e-03 +2.0000e-03 +2.0000e-03 +2.0000e-03 +2.0000e-03 +2.0000e-03 +2.0000e-03 +2.0000e-03 +1.9999e-03 +1.9999e-03 +1.9999e-03 +1.9999e-03 +1.9999e-03 +1.9999e-03 +1.9999e-03 +1.9999e-03 +1.9999e-03 +1.9999e-03 +1.9999e-03 +1.9999e-03 +1.9999e-03 
+0000.00150 +1.5001e-03 +1.5001e-03 +1.5001e-03 +1.5000e-03 +1.5000e-03 +1.5000e-03 +1.5000e-03 +1.5000e-03 +1.5000e-03 +1.5000e-03 +1.5000e-03 +1.5000e-03 +1.5000e-03 +1.5000e-03 +1.5000e-03 +1.5000e-03 +1.5000e-03 +1.5000e-03 +1.5000e-03 +1.5000e-03 +1.5000e-03 +1.5000e-03 +1.5000e-03 +1.5000e-03 +1.5000e-03 +1.5000e-03 +1.5000e-03 +1.5000e-03 +1.5000e-03 +1.5000e-03 +1.5000e-03 +1.5000e-03 +1.5000e-03 +1.5000e-03 +1.5000e-03 +1.5000e-03 +1.5000e-03 +1.5000e-03 +1.5000e-03 +1.5000e-03 +1.5000e-03 +1.5000e-03 +1.5000e-03 +1.5000e-03 +1.5000e-03 +1.5000e-03 +1.5000e-03 +1.5000e-03 +1.5000e-03 +1.5000e-03 +1.5000e-03 +1.5000e-03 +1.5000e-03 +1.5000e-03 +1.5000e-03 +1.5000e-03 +1.5000e-03 +1.5000e-03 +1.4999e-03 +1.4999e-03 +1.4999e-03 
+0000.00100 +1.0000e-03 +1.0000e-03 +1.0000e-03 +1.0000e-03 +1.0000e-03 +1.0000e-03 +1.0000e-03 +1.0000e-03 +1.0000e-03 +1.0000e-03 +1.0000e-03 +1.0000e-03 +1.0000e-03 +1.0000e-03 +1.0000e-03 +1.0000e-03 +1.0000e-03 +1.0000e-03 +1.0000e-03 +1.0000e-03 +1.0000e-03 +1.0000e-03 +1.0000e-03 +1.0000e-03 +1.0000e-03 +1.0000e-03 +1.0000e-03 +1.0000e-03 +1.0000e-03 +1.0000e-03 +1.0000e-03 +1.0000e-03 +9.9999e-04 +9.9999e-04 +9.9999e-04 +9.9999e-04 +9.9999e-04 +9.9999e-04 +9.9999e-04 +9.9999e-04 +9.9998e-04 +9.9998e-04 +9.9998e-04 +9.9998e-04 +9.9998e-04 +9.9998e-04 +9.9998e-04 +9.9998e-04 +9.9997e-04 +9.9997e-04 +9.9997e-04 +9.9997e-04 +9.9997e-04 +9.9997e-04 +9.9997e-04 +9.9997e-04 +9.9997e-04 +9.9997e-04 +9.9997e-04 +9.9997e-04 +9.9997e-04 
+0000.00050 +5.0002e-04 +5.0002e-04 +5.0002e-04 +5.0002e-04 +5.0002e-04 +5.0002e-04 +5.0002e-04 +5.0002e-04 +5.0002e-04 +5.0002e-04 +5.0002e-04 +5.0001e-04 +5.0001e-04 +5.0001e-04 +5.0001e-04 +5.0001e-04 +5.0001e-04 +5.0001e-04 +5.0001e-04 +5.0001e-04 +5.0001e-04 +5.0001e-04 +5.0001e-04 +5.0001e-04 +5.0000e-04 +5.0000e-04 +5.0000e-04 +5.0000e-04 +5.0000e-04 +5.0000e-04 +5.0000e-04 +5.0000e-04 +5.0000e-04 +5.0000e-04 +5.0000e-04 +5.0000e-04 +4.9999e-04 +4.9999e-04 +4.9999e-04 +4.9999e-04 +4.9999e-04 +4.9999e-04 +4.9999e-04 +4.9999e-04 +4.9999e-04 +4.9999e-04 +4.9999e-04 +4.9999e-04 +4.9999e-04 +4.9999e-04 +4.9998e-04 +4.9998e-04 +4.9998e-04 +4.9998e-04 +4.9998e-04 +4.9998e-04 +4.9998e-04 +4.9998e-04 +4.9998e-04 +4.9998e-04 +4.9998e-04 
+0000.00000 -4.2740e-11 -4.3581e-11 -4.4395e-11 -4.5183e-11 -4.5945e-11 -4.6680e-11 -4.7388e-11 -4.8070e-11 -4.8724e-11 -4.9350e-11 -4.9949e-11 -5.0520e-11 -5.1063e-11 -5.1578e-11 -5.2064e-11 -5.2522e-11 -5.2951e-11 -5.3352e-11 -5.3723e-11 -5.4065e-11 -5.4378e-11 -5.4662e-11 -5.4917e-11 -5.5142e-11 -5.5338e-11 -5.5504e-11 -5.5640e-11 -5.5747e-11 -5.5824e-11 -5.5871e-11 -5.5888e-11 -5.5876e-11 -5.5834e-11 -5.5762e-11 -5.5661e-11 -5.5529e-11 -5.5368e-11 -5.5177e-11 -5.4957e-11 -5.4707e-11 -5.4428e-11 -5.4119e-11 -5.3781e-11 -5.3414e-11 -5.3018e-11 -5.2592e-11 -5.2138e-11 -5.1655e-11 -5.1143e-11 -5.0603e-11 -5.0035e-11 -4.9439e-11 -4.8814e-11 -4.8162e-11 -4.7482e-11 -4.6775e-11 -4.6041e-11 -4.5280e-11 -4.4492e-11 -4.3677e-11 -4.2836e-11 
-0000.00050 -5.0002e-04 -5.0002e-04 -5.0002e-04 -5.0002e-04 -5.0002e-04 -5.0002e-04 -5.0002e-04 -5.0002e-04 -5.0002e-04 -5.0002e-04 -5.0002e-04 -5.0001e-04 -5.0001e-04 -5.0001e-04 -5.0001e-04 -5.0001e-04 -5.0001e-04 -5.0001e-04 -5.0001e-04 -5.0001e-04 -5.0001e-04 -5.0001e-04 -5.0001e-04 -5.0000e-04 -5.0000e-04 -5.0000e-04 -5.0000e-04 -5.0000e-04 -5.0000e-04 -5.0000e-04 -5.0000e-04 -5.0000e-04 -5.0000e-04 -5.0000e-04 -5.0000e-04 -5.0000e-04 -5.0000e-04 -4.9999e-04 -4.9999e-04 -4.9999e-04 -4.9999e-04 -4.9999e-04 -4.9999e-04 -4.9999e-04 -4.9999e-04 -4.9999e-04 -4.9999e-04 -4.9999e-04 -4.9999e-04 -4.9999e-04 -4.9999e-04 -4.9999e-04 -4.9999e-04 -4.9999e-04 -4.9998e-04 -4.9998e-04 -4.9998e-04 -4.9998e-04 -4.9998e-04 -4.9998e-04 -4.9998e-04 
-0000.00100 -1.0000e-03 -1.0000e-03 -1.0000e-03 -1.0000e-03 -1.0000e-03 -1.0000e-03 -1.0000e-03 -1.0000e-03 -1.0000e-03 -1.0000e-03 -1.0000e-03 -1.0000e-03 -1.0000e-03 -1.0000e-03 -1.0000e-03 -1.0000e-03 -1.0000e-03 -1.0000e-03 -1.0000e-03 -1.0000e-03 -1.0000e-03 -1.0000e-03 -1.0000e-03 -1.0000e-03 -1.0000e-03 -1.0000e-03 -1.0000e-03 -1.0000e-03 -1.0000e-03 -1.0000e-03 -1.0000e-03 -1.0000e-03 -9.9999e-04 -9.9999e-04 -9.9999e-04 -9.9999e-04 -9.9999e-04 -9.9999e-04 -9.9999e-04 -9.9999e-04 -9.9998e-04 -9.9998e-04 -9.9998e-04 -9.9998e-04 -9.9998e-04 -9.9998e-04 -9.9998e-04 -9.9998e-04 -9.9997e-04 -9.9997e-04 -9.9997e-04 -9.9997e-04 -9.9997e-04 -9.9997e-04 -9.9997e-04 -9.9997e-04 -9.9997e-04 -9.9997e-04 -9.9997e-04 -9.9997e-04 -9.9997e-04 
-0000.00150 -1.5001e-03 -1.5001e-03 -1.5001e-03 -1.5000e-03 -1.5000e-03 -1.5000e-03 -1.5000e-03 -1.5000e-03 -1.5000e-03 -1.5000e-03 -1.5000e-03 -1.5000e-03 -1.5000e-03 -1.5000e-03 -1.5000e-03 -1.5000e-03 -1.5000e-03 -1.5000e-03 -1.5000e-03 -1.5000e-03 -1.5000e-03 -1.5000e-03 -1.5000e-03 -1.5000e-03 -1.5000e-03 -1.5000e-03 -1.5000e-03 -1.5000e-03 -1.5000e-03 -1.5000e-03 -1.5000e-03 -1.5000e-03 -1.5000e-03 -1.5000e-03 -1.5000e-03 -1.5000e-03 -1.5000e-03 -1.5000e-03 -1.5000e-03 -1.5000e-03 -1.5000e-03 -1.5000e-03 -1.5000e-03 -1.5000e-03 -1.5000e-03 -1.5000e-03 -1.5000e-03 -1.5000e-03 -1.5000e-03 -1.5000e-03 -1.5000e-03 -1.5000e-03 -1.5000e-03 -1.5000e-03 -1.5000e-03 -1.5000e-03 -1.5000e-03 -1.5000e-03 -1.4999e-03 -1.4999e-03 -1.4999e-03 
-0000.00200 -2.0001e-03 -2.0001e-03 -2.0001e-03 -2.0001e-03 -2.0001e-03 -2.0001e-03 -2.0001e-03 -2.0001e-03 -2.0001e-03 -2.0001e-03 -2.0001e-03 -2.0001e-03 -2.0001e-03 -2.0001e-03 -2.0001e-03 -2.0000e-03 -2.0000e-03 -2.0000e-03 -2.0000e-03 -2.0000e-03 -2.0000e-03 -2.0000e-03 -2.0000e-03 -2.0000e-03 -2.0000e-03 -2.0000e-03 -2.0000e-03 -2.0000e-03 -2.0000e-03 -2.0000e-03 -2.0000e-03 -2.0000e-03 -2.0000e-03 -2.0000e-03 -2.0000e-03 -2.0000e-03 -2.0000e-03 -2.0000e-03 -2.0000e-03 -2.0000e-03 -2.0000e-03 -2.0000e-03 -2.0000e-03 -2.0000e-03 -2.0000e-03 -2.0000e-03 -2.0000e-03 -2.0000e-03 -1.9999e-03 -1.9999e-03 -1.9999e-03 -1.9999e-03 -1.9999e-03 -1.9999e-03 -1.9999e-03 -1.9999e-03 -1.9999e-03 -1.9999e-03 -1.9999e-03 -1.9999e-03 -1.9999e-03 