# Author: FAC idanalysis.IDKickMap
# Termination_kicks [T2m2]: +0.0000e+00 +0.0000e+00 +0.0000e+00 +0.0000e+00 
# Total Length of Longitudinal Interval [m]
0.13
# Number of Horizontal Points
61
# Number of Vertical Points
9
# Total Horizontal 2nd Order Kick [T2m2]
START
            -0000.01000 -0000.00967 -0000.00933 -0000.00900 -0000.00867 -0000.00833 -0000.00800 -0000.00767 -0000.00733 -0000.00700 -0000.00667 -0000.00633 -0000.00600 -0000.00567 -0000.00533 -0000.00500 -0000.00467 -0000.00433 -0000.00400 -0000.00367 -0000.00333 -0000.00300 -0000.00267 -0000.00233 -0000.00200 -0000.00167 -0000.00133 -0000.00100 -0000.00067 -0000.00033 +0000.00000 +0000.00033 +0000.00067 +0000.00100 +0000.00133 +0000.00167 +0000.00200 +0000.00233 +0000.00267 +0000.00300 +0000.00333 +0000.00367 +0000.00400 +0000.00433 +0000.00467 +0000.00500 +0000.00533 +0000.00567 +0000.00600 +0000.00633 +0000.00667 +0000.00700 +0000.00733 +0000.00767 +0000.00800 +0000.00833 +0000.00867 +0000.00900 +0000.00933 +0000.00967 +0000.01000 
+0000.00200 +4.7864e-04 +4.7606e-04 +4.7355e-04 +4.7112e-04 +4.6876e-04 +4.6647e-04 +4.6424e-04 +4.6207e-04 +4.5996e-04 +4.5790e-04 +4.5590e-04 +4.5395e-04 +4.5205e-04 +4.5021e-04 +4.4841e-04 +4.4666e-04 +4.4497e-04 +4.4332e-04 +4.4173e-04 +4.4020e-04 +4.3872e-04 +4.3729e-04 +4.3593e-04 +4.3464e-04 +4.3341e-04 +4.3225e-04 +4.3117e-04 +4.3016e-04 +4.2924e-04 +4.2841e-04 +4.2768e-04 +4.2704e-04 +4.2652e-04 +4.2610e-04 +4.2581e-04 +4.2564e-04 +4.2562e-04 +4.2573e-04 +4.2600e-04 +4.2643e-04 +4.2702e-04 +4.2780e-04 +4.2877e-04 +4.2994e-04 +4.3131e-04 +4.3291e-04 +4.3475e-04 +4.3682e-04 +4.3915e-04 +4.4176e-04 +4.4464e-04 +4.4782e-04 +4.5131e-04 +4.5512e-04 +4.5926e-04 +4.6376e-04 +4.6862e-04 +4.7387e-04 +4.7951e-04 +4.8557e-04 +4.9205e-04 
+0000.00150 +4.1460e-05 +4.1180e-05 +4.0630e-05 +3.9820e-05 +3.8790e-05 +3.7560e-05 +3.6160e-05 +3.4610e-05 +3.2930e-05 +3.1150e-05 +2.9290e-05 +2.7360e-05 +2.5390e-05 +2.3400e-05 +2.1410e-05 +1.9420e-05 +1.7470e-05 +1.5560e-05 +1.3710e-05 +1.1930e-05 +1.0230e-05 +8.6400e-06 +7.1500e-06 +5.7800e-06 +4.5300e-06 +3.4300e-06 +2.4700e-06 +1.6500e-06 +1.0000e-06 +5.1000e-07 +1.8000e-07 +2.0000e-08 +3.0000e-08 +2.2000e-07 +5.8000e-07 +1.1200e-06 +1.8200e-06 +2.7000e-06 +3.7500e-06 +4.9600e-06 +6.3300e-06 +7.8600e-06 +9.5300e-06 +1.1350e-05 +1.3300e-05 +1.5380e-05 +1.7570e-05 +1.9860e-05 +2.2250e-05 +2.4720e-05 +2.7250e-05 +2.9840e-05 +3.2470e-05 +3.5130e-05 +3.7790e-05 +4.0430e-05 +4.3050e-05 +4.5620e-05 +4.8130e-05 +5.0540e-05 +5.2840e-05 
+0000.00100 +3.5240e-05 +3.5990e-05 +3.6330e-05 +3.6300e-05 +3.5930e-05 +3.5270e-05 +3.4340e-05 +3.3180e-05 +3.1810e-05 +3.0280e-05 +2.8610e-05 +2.6820e-05 +2.4950e-05 +2.3020e-05 +2.1050e-05 +1.9070e-05 +1.7100e-05 +1.5160e-05 +1.3270e-05 +1.1440e-05 +9.6900e-06 +8.0500e-06 +6.5200e-06 +5.1100e-06 +3.8400e-06 +2.7200e-06 +1.7600e-06 +9.6000e-07 +3.4000e-07 -1.1000e-07 -3.8000e-07 -4.6000e-07 -3.6000e-07 -6.0000e-08 +4.1000e-07 +1.0700e-06 +1.9200e-06 +2.9300e-06 +4.1200e-06 +5.4700e-06 +6.9800e-06 +8.6300e-06 +1.0410e-05 +1.2320e-05 +1.4330e-05 +1.6440e-05 +1.8630e-05 +2.0880e-05 +2.3170e-05 +2.5490e-05 +2.7800e-05 +3.0100e-05 +3.2350e-05 +3.4540e-05 +3.6630e-05 +3.8600e-05 +4.0420e-05 +4.2060e-05 +4.3490e-05 +4.4680e-05 +4.5590e-05 
+0000.00050 +3.1700e-05 +3.3090e-05 +3.4000e-05 +3.4470e-05 +3.4530e-05 +3.4240e-05 +3.3630e-05 +3.2740e-05 +3.1610e-05 +3.0270e-05 +2.8750e-05 +2.7080e-05 +2.5300e-05 +2.3440e-05 +2.1520e-05 +1.9560e-05 +1.7600e-05 +1.5660e-05 +1.3760e-05 +1.1910e-05 +1.0150e-05 +8.4700e-06 +6.9100e-06 +5.4800e-06 +4.1900e-06 +3.0400e-06 +2.0600e-06 +1.2500e-06 +6.1000e-07 +1.6000e-07 -1.0000e-07 -1.7000e-07 -5.0000e-08 +2.6000e-07 +7.6000e-07 +1.4600e-06 +2.3400e-06 +3.3900e-06 +4.6200e-06 +6.0100e-06 +7.5600e-06 +9.2400e-06 +1.1060e-05 +1.2990e-05 +1.5020e-05 +1.7130e-05 +1.9310e-05 +2.1530e-05 +2.3770e-05 +2.6010e-05 +2.8220e-05 +3.0380e-05 +3.2470e-05 +3.4440e-05 +3.6280e-05 +3.7950e-05 +3.9420e-05 +4.0650e-05 +4.1600e-05 +4.2250e-05 +4.2550e-05 
+0000.00000 +3.0510e-05 +3.2110e-05 +3.3200e-05 +3.3830e-05 +3.4040e-05 +3.3880e-05 +3.3380e-05 +3.2580e-05 +3.1530e-05 +3.0250e-05 +2.8780e-05 +2.7160e-05 +2.5420e-05 +2.3580e-05 +2.1670e-05 +1.9730e-05 +1.7780e-05 +1.5840e-05 +1.3940e-05 +1.2090e-05 +1.0320e-05 +8.6400e-06 +7.0700e-06 +5.6300e-06 +4.3200e-06 +3.1700e-06 +2.1800e-06 +1.3600e-06 +7.2000e-07 +2.7000e-07 +0.0000e+00 -7.0000e-08 +5.0000e-08 +3.7000e-07 +8.8000e-07 +1.5800e-06 +2.4600e-06 +3.5300e-06 +4.7700e-06 +6.1700e-06 +7.7200e-06 +9.4200e-06 +1.1240e-05 +1.3180e-05 +1.5210e-05 +1.7320e-05 +1.9490e-05 +2.1700e-05 +2.3920e-05 +2.6140e-05 +2.8320e-05 +3.0450e-05 +3.2480e-05 +3.4390e-05 +3.6160e-05 +3.7740e-05 +3.9100e-05 +4.0210e-05 +4.1030e-05 +4.1520e-05 +4.1640e-05 
-0000.00050 +3.1700e-05 +3.3090e-05 +3.4000e-05 +3.4470e-05 +3.4540e-05 +3.4250e-05 +3.3640e-05 +3.2750e-05 +3.1610e-05 +3.0270e-05 +2.8750e-05 +2.7080e-05 +2.5300e-05 +2.3440e-05 +2.1520e-05 +1.9560e-05 +1.7610e-05 +1.5660e-05 +1.3760e-05 +1.1910e-05 +1.0150e-05 +8.4800e-06 +6.9100e-06 +5.4800e-06 +4.1900e-06 +3.0400e-06 +2.0600e-06 +1.2500e-06 +6.1000e-07 +1.6000e-07 -1.0000e-07 -1.7000e-07 -5.0000e-08 +2.6000e-07 +7.6000e-07 +1.4600e-06 +2.3300e-06 +3.3900e-06 +4.6200e-06 +6.0100e-06 +7.5600e-06 +9.2400e-06 +1.1060e-05 +1.2990e-05 +1.5020e-05 +1.7130e-05 +1.9310e-05 +2.1530e-05 +2.3770e-05 +2.6010e-05 +2.8220e-05 +3.0380e-05 +3.2470e-05 +3.4440e-05 +3.6280e-05 +3.7950e-05 +3.9420e-05 +4.0650e-05 +4.1600e-05 +4.2250e-05 +4.2550e-05 
-0000.00100 +3.5250e-05 +3.6000e-05 +3.6340e-05 +3.6310e-05 +3.5950e-05 +3.5280e-05 +3.4350e-05 +3.3190e-05 +3.1830e-05 +3.0290e-05 +2.8620e-05 +2.6830e-05 +2.4960e-05 +2.3030e-05 +2.1060e-05 +1.9080e-05 +1.7110e-05 +1.5160e-05 +1.3270e-05 +1.1440e-05 +9.7000e-06 +8.0500e-06 +6.5200e-06 +5.1100e-06 +3.8400e-06 +2.7200e-06 +1.7600e-06 +9.6000e-07 +3.3000e-07 -1.2000e-07 -3.8000e-07 -4.6000e-07 -3.6000e-07 -7.0000e-08 +4.1000e-07 +1.0700e-06 +1.9100e-06 +2.9300e-06 +4.1200e-06 +5.4700e-06 +6.9700e-06 +8.6200e-06 +1.0410e-05 +1.2320e-05 +1.4330e-05 +1.6440e-05 +1.8630e-05 +2.0880e-05 +2.3170e-05 +2.5480e-05 +2.7800e-05 +3.0100e-05 +3.2350e-05 +3.4530e-05 +3.6620e-05 +3.8590e-05 +4.0410e-05 +4.2050e-05 +4.3480e-05 +4.4670e-05 +4.5580e-05 
-0000.00150 +4.1460e-05 +4.1190e-05 +4.0640e-05 +3.9830e-05 +3.8800e-05 +3.7580e-05 +3.6180e-05 +3.4620e-05 +3.2950e-05 +3.1170e-05 +2.9300e-05 +2.7380e-05 +2.5410e-05 +2.3420e-05 +2.1420e-05 +1.9440e-05 +1.7480e-05 +1.5570e-05 +1.3720e-05 +1.1940e-05 +1.0240e-05 +8.6400e-06 +7.1500e-06 +5.7800e-06 +4.5400e-06 +3.4300e-06 +2.4600e-06 +1.6500e-06 +1.0000e-06 +5.0000e-07 +1.7000e-07 +2.0000e-08 +3.0000e-08 +2.2000e-07 +5.8000e-07 +1.1100e-06 +1.8200e-06 +2.7000e-06 +3.7400e-06 +4.9600e-06 +6.3300e-06 +7.8500e-06 +9.5300e-06 +1.1350e-05 +1.3300e-05 +1.5370e-05 +1.7560e-05 +1.9860e-05 +2.2240e-05 +2.4710e-05 +2.7250e-05 +2.9840e-05 +3.2470e-05 +3.5120e-05 +3.7780e-05 +4.0420e-05 +4.3040e-05 +4.5610e-05 +4.8110e-05 +5.0520e-05 +5.2820e-05 
-0000.00200 +4.7866e-04 +4.7608e-04 +4.7358e-04 +4.7115e-04 +4.6879e-04 +4.6650e-04 +4.6427e-04 +4.6210e-04 +4.5998e-04 +4.5793e-04 +4.5592e-04 +4.5397e-04 +4.5207e-04 +4.5022e-04 +4.4843e-04 +4.4668e-04 +4.4498e-04 +4.4333e-04 +4.4174e-04 +4.4020e-04 +4.3872e-04 +4.3730e-04 +4.3593e-04 +4.3463e-04 +4.3340e-04 +4.3224e-04 +4.3116e-04 +4.3016e-04 +4.2923e-04 +4.2840e-04 +4.2767e-04 +4.2703e-04 +4.2651e-04 +4.2609e-04 +4.2580e-04 +4.2564e-04 +4.2561e-04 +4.2572e-04 +4.2599e-04 +4.2642e-04 +4.2702e-04 +4.2780e-04 +4.2877e-04 +4.2993e-04 +4.3131e-04 +4.3291e-04 +4.3475e-04 +4.3682e-04 +4.3915e-04 +4.4176e-04 +4.4464e-04 +4.4782e-04 +4.5130e-04 +4.5511e-04 +4.5925e-04 +4.6375e-04 +4.6861e-04 +4.7385e-04 +4.7949e-04 +4.8554e-04 +4.9201e-04 
# Total Vertical 2nd Order Kick [T2m2]
START
            -0000.01000 -0000.00967 -0000.00933 -0000.00900 -0000.00867 -0000.00833 -0000.00800 -0000.00767 -0000.00733 -0000.00700 -0000.00667 -0000.00633 -0000.00600 -0000.00567 -0000.00533 -0000.00500 -0000.00467 -0000.00433 -0000.00400 -0000.00367 -0000.00333 -0000.00300 -0000.00267 -0000.00233 -0000.00200 -0000.00167 -0000.00133 -0000.00100 -0000.00067 -0000.00033 +0000.00000 +0000.00033 +0000.00067 +0000.00100 +0000.00133 +0000.00167 +0000.00200 +0000.00233 +0000.00267 +0000.00300 +0000.00333 +0000.00367 +0000.00400 +0000.00433 +0000.00467 +0000.00500 +0000.00533 +0000.00567 +0000.00600 +0000.00633 +0000.00667 +0000.00700 +0000.00733 +0000.00767 +0000.00800 +0000.00833 +0000.00867 +0000.00900 +0000.00933 +0000.00967 +0000.01000 
+0000.00200 -2.3596e-04 -2.2953e-04 -2.2387e-04 -2.1893e-04 -2.1466e-04 -2.1103e-04 -2.0798e-04 -2.0547e-04 -2.0346e-04 -2.0190e-04 -2.0077e-04 -2.0002e-04 -1.9961e-04 -1.9951e-04 -1.9969e-04 -2.0012e-04 -2.0076e-04 -2.0158e-04 -2.0257e-04 -2.0368e-04 -2.0491e-04 -2.0621e-04 -2.0758e-04 -2.0899e-04 -2.1042e-04 -2.1186e-04 -2.1329e-04 -2.1468e-04 -2.1604e-04 -2.1735e-04 -2.1859e-04 -2.1976e-04 -2.2085e-04 -2.2186e-04 -2.2277e-04 -2.2359e-04 -2.2432e-04 -2.2494e-04 -2.2547e-04 -2.2591e-04 -2.2625e-04 -2.2651e-04 -2.2669e-04 -2.2680e-04 -2.2684e-04 -2.2684e-04 -2.2679e-04 -2.2673e-04 -2.2664e-04 -2.2657e-04 -2.2652e-04 -2.2651e-04 -2.2657e-04 -2.2671e-04 -2.2696e-04 -2.2734e-04 -2.2788e-04 -2.2862e-04 -2.2956e-04 -2.3076e-04 -2.3224e-04 
+0000.00150 -1.5420e-04 -1.4945e-04 -1.4526e-04 -1.4162e-04 -1.3847e-04 -1.3580e-04 -1.3356e-04 -1.3173e-04 -1.3027e-04 -1.2917e-04 -1.2838e-04 -1.2789e-04 -1.2767e-04 -1.2768e-04 -1.2792e-04 -1.2835e-04 -1.2895e-04 -1.2970e-04 -1.3058e-04 -1.3157e-04 -1.3265e-04 -1.3381e-04 -1.3501e-04 -1.3626e-04 -1.3753e-04 -1.3881e-04 -1.4008e-04 -1.4134e-04 -1.4257e-04 -1.4376e-04 -1.4489e-04 -1.4597e-04 -1.4698e-04 -1.4792e-04 -1.4877e-04 -1.4954e-04 -1.5021e-04 -1.5079e-04 -1.5128e-04 -1.5166e-04 -1.5194e-04 -1.5212e-04 -1.5219e-04 -1.5217e-04 -1.5205e-04 -1.5184e-04 -1.5154e-04 -1.5116e-04 -1.5070e-04 -1.5017e-04 -1.4957e-04 -1.4892e-04 -1.4823e-04 -1.4750e-04 -1.4675e-04 -1.4599e-04 -1.4524e-04 -1.4450e-04 -1.4379e-04 -1.4313e-04 -1.4254e-04 
+0000.00100 -9.4388e-05 -9.1382e-05 -8.8723e-05 -8.6388e-05 -8.4361e-05 -8.2621e-05 -8.1150e-05 -7.9931e-05 -7.8947e-05 -7.8179e-05 -7.7613e-05 -7.7231e-05 -7.7020e-05 -7.6963e-05 -7.7046e-05 -7.7256e-05 -7.7578e-05 -7.8000e-05 -7.8510e-05 -7.9094e-05 -7.9743e-05 -8.0443e-05 -8.1186e-05 -8.1961e-05 -8.2758e-05 -8.3568e-05 -8.4383e-05 -8.5194e-05 -8.5994e-05 -8.6774e-05 -8.7530e-05 -8.8254e-05 -8.8940e-05 -8.9584e-05 -9.0181e-05 -9.0725e-05 -9.1214e-05 -9.1644e-05 -9.2013e-05 -9.2317e-05 -9.2555e-05 -9.2725e-05 -9.2827e-05 -9.2860e-05 -9.2824e-05 -9.2719e-05 -9.2547e-05 -9.2310e-05 -9.2008e-05 -9.1645e-05 -9.1223e-05 -9.0746e-05 -9.0217e-05 -8.9642e-05 -8.9024e-05 -8.8370e-05 -8.7685e-05 -8.6975e-05 -8.6247e-05 -8.5509e-05 -8.4768e-05 
+0000.00050 -4.4877e-05 -4.3409e-05 -4.2106e-05 -4.0960e-05 -3.9961e-05 -3.9100e-05 -3.8370e-05 -3.7761e-05 -3.7265e-05 -3.6875e-05 -3.6583e-05 -3.6380e-05 -3.6261e-05 -3.6217e-05 -3.6242e-05 -3.6329e-05 -3.6473e-05 -3.6666e-05 -3.6902e-05 -3.7176e-05 -3.7483e-05 -3.7817e-05 -3.8173e-05 -3.8545e-05 -3.8930e-05 -3.9323e-05 -3.9720e-05 -4.0116e-05 -4.0508e-05 -4.0892e-05 -4.1266e-05 -4.1625e-05 -4.1967e-05 -4.2289e-05 -4.2589e-05 -4.2865e-05 -4.3114e-05 -4.3334e-05 -4.3525e-05 -4.3684e-05 -4.3811e-05 -4.3904e-05 -4.3963e-05 -4.3988e-05 -4.3977e-05 -4.3931e-05 -4.3851e-05 -4.3736e-05 -4.3587e-05 -4.3406e-05 -4.3192e-05 -4.2947e-05 -4.2673e-05 -4.2371e-05 -4.2044e-05 -4.1693e-05 -4.1321e-05 -4.0930e-05 -4.0524e-05 -4.0104e-05 -3.9675e-05 
+0000.00000 +1.9032e-08 +1.7496e-08 +1.6060e-08 +1.4718e-08 +1.3465e-08 +1.2296e-08 +1.1206e-08 +1.0191e-08 +9.2458e-09 +8.3667e-09 +7.5496e-09 +6.7908e-09 +6.0868e-09 +5.4342e-09 +4.8300e-09 +4.2712e-09 +3.7551e-09 +3.2792e-09 +2.8413e-09 +2.4392e-09 +2.0712e-09 +1.7354e-09 +1.4306e-09 +1.1555e-09 +9.0900e-10 +6.9030e-10 +4.9880e-10 +3.3410e-10 +1.9600e-10 +8.4600e-11 +0.0000e+00 -5.7300e-11 -8.6600e-11 -8.7200e-11 -5.7900e-11 +2.5000e-12 +9.5500e-11 +2.2290e-10 +3.8640e-10 +5.8820e-10 +8.3060e-10 +1.1162e-09 +1.4477e-09 +1.8279e-09 +2.2602e-09 +2.7478e-09 +3.2943e-09 +3.9035e-09 +4.5794e-09 +5.3262e-09 +6.1483e-09 +7.0503e-09 +8.0370e-09 +9.1135e-09 +1.0285e-08 +1.1557e-08 +1.2935e-08 +1.4425e-08 +1.6033e-08 +1.7766e-08 +1.9629e-08 
-0000.00050 +4.4916e-05 +4.3444e-05 +4.2139e-05 +4.0989e-05 +3.9988e-05 +3.9125e-05 +3.8392e-05 +3.7781e-05 +3.7284e-05 +3.6892e-05 +3.6598e-05 +3.6394e-05 +3.6273e-05 +3.6228e-05 +3.6252e-05 +3.6338e-05 +3.6481e-05 +3.6673e-05 +3.6908e-05 +3.7182e-05 +3.7488e-05 +3.7821e-05 +3.8176e-05 +3.8549e-05 +3.8933e-05 +3.9326e-05 +3.9722e-05 +4.0118e-05 +4.0510e-05 +4.0894e-05 +4.1267e-05 +4.1626e-05 +4.1968e-05 +4.2291e-05 +4.2591e-05 +4.2866e-05 +4.3115e-05 +4.3336e-05 +4.3527e-05 +4.3686e-05 +4.3813e-05 +4.3907e-05 +4.3967e-05 +4.3992e-05 +4.3982e-05 +4.3938e-05 +4.3858e-05 +4.3744e-05 +4.3597e-05 +4.3416e-05 +4.3204e-05 +4.2961e-05 +4.2689e-05 +4.2390e-05 +4.2065e-05 +4.1717e-05 +4.1347e-05 +4.0960e-05 +4.0556e-05 +4.0141e-05 +3.9715e-05 
-0000.00100 +9.4431e-05 +9.1421e-05 +8.8756e-05 +8.6418e-05 +8.4387e-05 +8.2644e-05 +8.1171e-05 +7.9950e-05 +7.8963e-05 +7.8194e-05 +7.7625e-05 +7.7243e-05 +7.7030e-05 +7.6972e-05 +7.7054e-05 +7.7263e-05 +7.7584e-05 +7.8006e-05 +7.8515e-05 +7.9099e-05 +7.9747e-05 +8.0447e-05 +8.1190e-05 +8.1964e-05 +8.2761e-05 +8.3571e-05 +8.4386e-05 +8.5197e-05 +8.5996e-05 +8.6777e-05 +8.7532e-05 +8.8256e-05 +8.8942e-05 +8.9586e-05 +9.0183e-05 +9.0727e-05 +9.1216e-05 +9.1646e-05 +9.2015e-05 +9.2319e-05 +9.2557e-05 +9.2728e-05 +9.2830e-05 +9.2863e-05 +9.2828e-05 +9.2724e-05 +9.2553e-05 +9.2316e-05 +9.2015e-05 +9.1653e-05 +9.1233e-05 +9.0758e-05 +9.0231e-05 +8.9658e-05 +8.9043e-05 +8.8392e-05 +8.7710e-05 +8.7004e-05 +8.6280e-05 +8.5546e-05 +8.4810e-05 
-0000.00150 +1.5423e-04 +1.4948e-04 +1.4529e-04 +1.4164e-04 +1.3849e-04 +1.3581e-04 +1.3357e-04 +1.3174e-04 +1.3028e-04 +1.2917e-04 +1.2839e-04 +1.2789e-04 +1.2767e-04 +1.2768e-04 +1.2792e-04 +1.2835e-04 +1.2895e-04 +1.2970e-04 +1.3058e-04 +1.3157e-04 +1.3265e-04 +1.3380e-04 +1.3501e-04 +1.3626e-04 +1.3753e-04 +1.3881e-04 +1.4008e-04 +1.4134e-04 +1.4257e-04 +1.4375e-04 +1.4489e-04 +1.4597e-04 +1.4698e-04 +1.4791e-04 +1.4877e-04 +1.4953e-04 +1.5021e-04 +1.5079e-04 +1.5127e-04 +1.5165e-04 +1.5193e-04 +1.5211e-04 +1.5219e-04 +1.5217e-04 +1.5205e-04 +1.5184e-04 +1.5154e-04 +1.5116e-04 +1.5070e-04 +1.5017e-04 +1.4957e-04 +1.4893e-04 +1.4824e-04 +1.4751e-04 +1.4677e-04 +1.4601e-04 +1.4526e-04 +1.4452e-04 +1.4382e-04 +1.4317e-04 +1.4258e-04 
-0000.00200 +2.3600e-04 +2.2956e-04 +2.2390e-04 +2.1895e-04 +2.1468e-04 +2.1105e-04 +2.0799e-04 +2.0548e-04 +2.0346e-04 +2.0191e-04 +2.0077e-04 +2.0002e-04 +1.9961e-04 +1.9951e-04 +1.9969e-04 +2.0011e-04 +2.0075e-04 +2.0158e-04 +2.0256e-04 +2.0368e-04 +2.0490e-04 +2.0621e-04 +2.0758e-04 +2.0899e-04 +2.1042e-04 +2.1186e-04 +2.1329e-04 +2.1468e-04 +2.1604e-04 +2.1735e-04 +2.1859e-04 +2.1976e-04 +2.2085e-04 +2.2186e-04 +2.2277e-04 +2.2359e-04 +2.2432e-04 +2.2494e-04 +2.2547e-04 +2.2590e-04 +2.2625e-04 +2.2651e-04 +2.2669e-04 +2.2679e-04 +2.2684e-04 +2.2684e-04 +2.2679e-04 +2.2672e-04 +2.2664e-04 +2.2657e-04 +2.2652e-04 +2.2651e-04 +2.2657e-04 +2.2671e-04 +2.2696e-04 +2.2735e-04 +2.2790e-04 +2.2863e-04 +2.2959e-04 +2.3079e-04 +2.3227e-04 
# Horizontal Final Position [m]
START
            -0000.01000 -0000.00967 -0000.00933 -0000.00900 -0000.00867 -0000.00833 -0000.00800 -0000.00767 -0000.00733 -0000.00700 -0000.00667 -0000.00633 -0000.00600 -0000.00567 -0000.00533 -0000.00500 -0000.00467 -0000.00433 -0000.00400 -0000.00367 -0000.00333 -0000.00300 -0000.00267 -0000.00233 -0000.00200 -0000.00167 -0000.00133 -0000.00100 -0000.00067 -0000.00033 +0000.00000 +0000.00033 +0000.00067 +0000.00100 +0000.00133 +0000.00167 +0000.00200 +0000.00233 +0000.00267 +0000.00300 +0000.00333 +0000.00367 +0000.00400 +0000.00433 +0000.00467 +0000.00500 +0000.00533 +0000.00567 +0000.00600 +0000.00633 +0000.00667 +0000.00700 +0000.00733 +0000.00767 +0000.00800 +0000.00833 +0000.00867 +0000.00900 +0000.00933 +0000.00967 +0000.01000 
+0000.00200 -9.9977e-03 -9.6645e-03 -9.3313e-03 -8.9981e-03 -8.6649e-03 -8.3316e-03 -7.9984e-03 -7.6651e-03 -7.3319e-03 -6.9986e-03 -6.6653e-03 -6.3320e-03 -5.9988e-03 -5.6655e-03 -5.3322e-03 -4.9989e-03 -4.6656e-03 -4.3323e-03 -3.9990e-03 -3.6657e-03 -3.3324e-03 -2.9991e-03 -2.6658e-03 -2.3325e-03 -1.9992e-03 -1.6658e-03 -1.3325e-03 -9.9920e-04 -6.6587e-04 -3.3255e-04 +7.8412e-07 +3.3412e-04 +6.6745e-04 +1.0008e-03 +1.3341e-03 +1.6675e-03 +2.0008e-03 +2.3342e-03 +2.6675e-03 +3.0009e-03 +3.3342e-03 +3.6676e-03 +4.0009e-03 +4.3343e-03 +4.6677e-03 +5.0010e-03 +5.3344e-03 +5.6678e-03 +6.0012e-03 +6.3346e-03 +6.6680e-03 +7.0014e-03 +7.3348e-03 +7.6682e-03 +8.0016e-03 +8.3350e-03 +8.6685e-03 +9.0019e-03 +9.3354e-03 +9.6688e-03 +1.0002e-02 
+0000.00150 -9.9986e-03 -9.6654e-03 -9.3321e-03 -8.9989e-03 -8.6657e-03 -8.3324e-03 -7.9992e-03 -7.6659e-03 -7.3326e-03 -6.9994e-03 -6.6661e-03 -6.3328e-03 -5.9995e-03 -5.6663e-03 -5.3330e-03 -4.9997e-03 -4.6664e-03 -4.3331e-03 -3.9998e-03 -3.6665e-03 -3.3332e-03 -2.9999e-03 -2.6666e-03 -2.3332e-03 -1.9999e-03 -1.6666e-03 -1.3333e-03 -9.9997e-04 -6.6664e-04 -3.3331e-04 +1.6136e-08 +3.3335e-04 +6.6668e-04 +1.0000e-03 +1.3334e-03 +1.6667e-03 +2.0000e-03 +2.3334e-03 +2.6667e-03 +3.0001e-03 +3.3335e-03 +3.6668e-03 +4.0002e-03 +4.3335e-03 +4.6669e-03 +5.0003e-03 +5.3337e-03 +5.6670e-03 +6.0004e-03 +6.3338e-03 +6.6672e-03 +7.0006e-03 +7.3340e-03 +7.6674e-03 +8.0008e-03 +8.3342e-03 +8.6676e-03 +9.0011e-03 +9.3345e-03 +9.6679e-03 +1.0001e-02 
+0000.00100 -9.9986e-03 -9.6654e-03 -9.3321e-03 -8.9989e-03 -8.6656e-03 -8.3324e-03 -7.9991e-03 -7.6659e-03 -7.3326e-03 -6.9993e-03 -6.6661e-03 -6.3328e-03 -5.9995e-03 -5.6662e-03 -5.3330e-03 -4.9997e-03 -4.6664e-03 -4.3331e-03 -3.9998e-03 -3.6665e-03 -3.3332e-03 -2.9999e-03 -2.6666e-03 -2.3332e-03 -1.9999e-03 -1.6666e-03 -1.3333e-03 -9.9996e-04 -6.6664e-04 -3.3331e-04 +2.2549e-08 +3.3336e-04 +6.6669e-04 +1.0000e-03 +1.3334e-03 +1.6667e-03 +2.0001e-03 +2.3334e-03 +2.6668e-03 +3.0001e-03 +3.3335e-03 +3.6668e-03 +4.0002e-03 +4.3336e-03 +4.6669e-03 +5.0003e-03 +5.3337e-03 +5.6671e-03 +6.0004e-03 +6.3338e-03 +6.6672e-03 +7.0006e-03 +7.3340e-03 +7.6674e-03 +8.0008e-03 +8.3342e-03 +8.6677e-03 +9.0011e-03 +9.3345e-03 +9.6679e-03 +1.0001e-02 
+0000.00050 -9.9986e-03 -9.6653e-03 -9.3321e-03 -8.9989e-03 -8.6656e-03 -8.3324e-03 -7.9991e-03 -7.6659e-03 -7.3326e-03 -6.9993e-03 -6.6661e-03 -6.3328e-03 -5.9995e-03 -5.6662e-03 -5.3329e-03 -4.9997e-03 -4.6664e-03 -4.3331e-03 -3.9998e-03 -3.6665e-03 -3.3332e-03 -2.9999e-03 -2.6666e-03 -2.3332e-03 -1.9999e-03 -1.6666e-03 -1.3333e-03 -9.9997e-04 -6.6664e-04 -3.3331e-04 +1.7017e-08 +3.3335e-04 +6.6669e-04 +1.0000e-03 +1.3334e-03 +1.6667e-03 +2.0001e-03 +2.3334e-03 +2.6668e-03 +3.0001e-03 +3.3335e-03 +3.6668e-03 +4.0002e-03 +4.3336e-03 +4.6669e-03 +5.0003e-03 +5.3337e-03 +5.6671e-03 +6.0005e-03 +6.3338e-03 +6.6672e-03 +7.0006e-03 +7.3340e-03 +7.6674e-03 +8.0008e-03 +8.3343e-03 +8.6677e-03 +9.0011e-03 +9.3345e-03 +9.6680e-03 +1.0001e-02 
+0000.00000 -9.9988e-03 -9.6655e-03 -9.3322e-03 -8.9989e-03 -8.6656e-03 -8.3324e-03 -7.9991e-03 -7.6658e-03 -7.3325e-03 -6.9992e-03 -6.6660e-03 -6.3327e-03 -5.9994e-03 -5.6661e-03 -5.3329e-03 -4.9996e-03 -4.6663e-03 -4.3330e-03 -3.9997e-03 -3.6664e-03 -3.3331e-03 -2.9998e-03 -2.6665e-03 -2.3332e-03 -1.9999e-03 -1.6666e-03 -1.3333e-03 -9.9999e-04 -6.6668e-04 -3.3335e-04 -2.9195e-08 +3.3330e-04 +6.6663e-04 +9.9997e-04 +1.3333e-03 +1.6667e-03 +2.0000e-03 +2.3334e-03 +2.6667e-03 +3.0001e-03 +3.3334e-03 +3.6668e-03 +4.0002e-03 +4.3335e-03 +4.6669e-03 +5.0003e-03 +5.3337e-03 +5.6671e-03 +6.0005e-03 +6.3339e-03 +6.6673e-03 +7.0007e-03 +7.3341e-03 +7.6675e-03 +8.0009e-03 +8.3343e-03 +8.6677e-03 +9.0011e-03 +9.3346e-03 +9.6680e-03 +1.0001e-02 
-0000.00050 -9.9986e-03 -9.6653e-03 -9.3321e-03 -8.9989e-03 -8.6656e-03 -8.3324e-03 -7.9991e-03 -7.6659e-03 -7.3326e-03 -6.9993e-03 -6.6661e-03 -6.3328e-03 -5.9995e-03 -5.6662e-03 -5.3329e-03 -4.9997e-03 -4.6664e-03 -4.3331e-03 -3.9998e-03 -3.6665e-03 -3.3332e-03 -2.9999e-03 -2.6666e-03 -2.3332e-03 -1.9999e-03 -1.6666e-03 -1.3333e-03 -9.9997e-04 -6.6664e-04 -3.3331e-04 +1.7017e-08 +3.3335e-04 +6.6669e-04 +1.0000e-03 +1.3334e-03 +1.6667e-03 +2.0001e-03 +2.3334e-03 +2.6668e-03 +3.0001e-03 +3.3335e-03 +3.6668e-03 +4.0002e-03 +4.3336e-03 +4.6669e-03 +5.0003e-03 +5.3337e-03 +5.6671e-03 +6.0005e-03 +6.3338e-03 +6.6672e-03 +7.0006e-03 +7.3340e-03 +7.6674e-03 +8.0008e-03 +8.3343e-03 +8.6677e-03 +9.0011e-03 +9.3345e-03 +9.6680e-03 +1.0001e-02 
-0000.00100 -9.9986e-03 -9.6654e-03 -9.3321e-03 -8.9989e-03 -8.6656e-03 -8.3324e-03 -7.9991e-03 -7.6659e-03 -7.3326e-03 -6.9993e-03 -6.6661e-03 -6.3328e-03 -5.9995e-03 -5.6662e-03 -5.3330e-03 -4.9997e-03 -4.6664e-03 -4.3331e-03 -3.9998e-03 -3.6665e-03 -3.3332e-03 -2.9999e-03 -2.6666e-03 -2.3332e-03 -1.9999e-03 -1.6666e-03 -1.3333e-03 -9.9996e-04 -6.6664e-04 -3.3331e-04 +2.2549e-08 +3.3336e-04 +6.6669e-04 +1.0000e-03 +1.3334e-03 +1.6667e-03 +2.0001e-03 +2.3334e-03 +2.6668e-03 +3.0001e-03 +3.3335e-03 +3.6668e-03 +4.0002e-03 +4.3336e-03 +4.6669e-03 +5.0003e-03 +5.3337e-03 +5.6671e-03 +6.0004e-03 +6.3338e-03 +6.6672e-03 +7.0006e-03 +7.3340e-03 +7.6674e-03 +8.0008e-03 +8.3342e-03 +8.6677e-03 +9.0011e-03 +9.3345e-03 +9.6679e-03 +1.0001e-02 
-0000.00150 -9.9986e-03 -9.6654e-03 -9.3321e-03 -8.9989e-03 -8.6657e-03 -8.3324e-03 -7.9992e-03 -7.6659e-03 -7.3326e-03 -6.9994e-03 -6.6661e-03 -6.3328e-03 -5.9995e-03 -5.6663e-03 -5.3330e-03 -4.9997e-03 -4.6664e-03 -4.3331e-03 -3.9998e-03 -3.6665e-03 -3.3332e-03 -2.9999e-03 -2.6666e-03 -2.3332e-03 -1.9999e-03 -1.6666e-03 -1.3333e-03 -9.9997e-04 -6.6664e-04 -3.3331e-04 +1.6136e-08 +3.3335e-04 +6.6668e-04 +1.0000e-03 +1.3334e-03 +1.6667e-03 +2.0000e-03 +2.3334e-03 +2.6667e-03 +3.0001e-03 +3.3335e-03 +3.6668e-03 +4.0002e-03 +4.3335e-03 +4.6669e-03 +5.0003e-03 +5.3337e-03 +5.6670e-03 +6.0004e-03 +6.3338e-03 +6.6672e-03 +7.0006e-03 +7.3340e-03 +7.6674e-03 +8.0008e-03 +8.3342e-03 +8.6676e-03 +9.0011e-03 +9.3345e-03 +9.6679e-03 +1.0001e-02 
-0000.00200 -9.9977e-03 -9.6645e-03 -9.3313e-03 -8.9981e-03 -8.6649e-03 -8.3316e-03 -7.9984e-03 -7.6651e-03 -7.3319e-03 -6.9986e-03 -6.6653e-03 -6.3320e-03 -5.9988e-03 -5.6655e-03 -5.3322e-03 -4.9989e-03 -4.6656e-03 -4.3323e-03 -3.9990e-03 -3.6657e-03 -3.3324e-03 -2.9991e-03 -2.6658e-03 -2.3325e-03 -1.9992e-03 -1.6658e-03 -1.3325e-03 -9.9920e-04 -6.6587e-04 -3.3255e-04 +7.8412e-07 +3.3412e-04 +6.6745e-04 +1.0008e-03 +1.3341e-03 +1.6675e-03 +2.0008e-03 +2.3342e-03 +2.6675e-03 +3.0009e-03 +3.3342e-03 +3.6676e-03 +4.0009e-03 +4.3343e-03 +4.6677e-03 +5.0010e-03 +5.3344e-03 +5.6678e-03 +6.0012e-03 +6.3346e-03 +6.6680e-03 +7.0014e-03 +7.3348e-03 +7.6682e-03 +8.0016e-03 +8.3350e-03 +8.6685e-03 +9.0019e-03 +9.3354e-03 +9.6688e-03 +1.0002e-02 
# Vertical Final Position [m]
START
            -0000.01000 -0000.00967 -0000.00933 -0000.00900 -0000.00867 -0000.00833 -0000.00800 -0000.00767 -0000.00733 -0000.00700 -0000.00667 -0000.00633 -0000.00600 -0000.00567 -0000.00533 -0000.00500 -0000.00467 -0000.00433 -0000.00400 -0000.00367 -0000.00333 -0000.00300 -0000.00267 -0000.00233 -0000.00200 -0000.00167 -0000.00133 -0000.00100 -0000.00067 -0000.00033 +0000.00000 +0000.00033 +0000.00067 +0000.00100 +0000.00133 +0000.00167 +0000.00200 +0000.00233 +0000.00267 +0000.00300 +0000.00333 +0000.00367 +0000.00400 +0000.00433 +0000.00467 +0000.00500 +0000.00533 +0000.00567 +0000.00600 +0000.00633 +0000.00667 +0000.00700 +0000.00733 +0000.00767 +0000.00800 +0000.00833 +0000.00867 +0000.00900 +0000.00933 +0000.00967 +0000.01000 
+0000.00200 +2.0002e-03 +2.0002e-03 +2.0002e-03 +2.0002e-03 +2.0002e-03 +2.0002e-03 +2.0002e-03 +2.0002e-03 +2.0002e-03 +2.0002e-03 +2.0002e-03 +2.0002e-03 +2.0002e-03 +2.0002e-03 +2.0001e-03 +2.0001e-03 +2.0001e-03 +2.0001e-03 +2.0000e-03 +2.0000e-03 +2.0000e-03 +2.0000e-03 +1.9999e-03 +1.9999e-03 +1.9999e-03 +1.9999e-03 +1.9998e-03 +1.9998e-03 +1.9998e-03 +1.9998e-03 +1.9998e-03 +1.9997e-03 +1.9997e-03 +1.9997e-03 +1.9997e-03 +1.9996e-03 +1.9996e-03 +1.9996e-03 +1.9996e-03 +1.9996e-03 +1.9995e-03 +1.9995e-03 +1.9995e-03 +1.9995e-03 +1.9995e-03 +1.9995e-03 +1.9995e-03 +1.9994e-03 +1.9994e-03 +1.9994e-03 +1.9994e-03 +1.9994e-03 +1.9994e-03 +1.9994e-03 +1.9994e-03 +1.9994e-03 +1.9993e-03 +1.9993e-03 +1.9993e-03 +1.9993e-03 +1.9993e-03 
+0000.00150 +1.5001e-03 +1.5002e-03 +1.5002e-03 +1.5002e-03 +1.5002e-03 +1.5002e-03 +1.5002e-03 +1.5002e-03 +1.5002e-03 +1.5002e-03 +1.5002e-03 +1.5002e-03 +1.5001e-03 +1.5001e-03 +1.5001e-03 +1.5001e-03 +1.5001e-03 +1.5001e-03 +1.5001e-03 +1.5000e-03 +1.5000e-03 +1.5000e-03 +1.5000e-03 +1.5000e-03 +1.4999e-03 +1.4999e-03 +1.4999e-03 +1.4999e-03 +1.4999e-03 +1.4998e-03 +1.4998e-03 +1.4998e-03 +1.4998e-03 +1.4998e-03 +1.4998e-03 +1.4998e-03 +1.4997e-03 +1.4997e-03 +1.4997e-03 +1.4997e-03 +1.4997e-03 +1.4997e-03 +1.4997e-03 +1.4997e-03 +1.4997e-03 +1.4996e-03 +1.4996e-03 +1.4996e-03 +1.4996e-03 +1.4996e-03 +1.4996e-03 +1.4996e-03 +1.4996e-03 +1.4996e-03 +1.4996e-03 +1.4996e-03 +1.4996e-03 +1.4995e-03 +1.4995e-03 +1.4995e-03 +1.4995e-03 
+0000.00100 +1.0001e-03 +1.0001e-03 +1.0001e-03 +1.0001e-03 +1.0001e-03 +1.0001e-03 +1.0001e-03 +1.0001e-03 +1.0001e-03 +1.0001e-03 +1.0001e-03 +1.0001e-03 +1.0001e-03 +1.0001e-03 +1.0001e-03 +1.0001e-03 +1.0001e-03 +1.0001e-03 +1.0001e-03 +1.0000e-03 +1.0000e-03 +1.0000e-03 +1.0000e-03 +9.9998e-04 +9.9997e-04 +9.9996e-04 +9.9994e-04 +9.9993e-04 +9.9992e-04 +9.9990e-04 +9.9989e-04 +9.9988e-04 +9.9987e-04 +9.9986e-04 +9.9985e-04 +9.9984e-04 +9.9983e-04 +9.9982e-04 +9.9981e-04 +9.9980e-04 +9.9979e-04 +9.9979e-04 +9.9978e-04 +9.9978e-04 +9.9977e-04 +9.9977e-04 +9.9976e-04 +9.9976e-04 +9.9975e-04 +9.9975e-04 +9.9975e-04 +9.9974e-04 +9.9974e-04 +9.9974e-04 +9.9973e-04 +9.9973e-04 +9.9973e-04 +9.9972e-04 +9.9972e-04 +9.9971e-04 +9.9970e-04 
+0000.00050 +5.0003e-04 +5.0004e-04 +5.0005e-04 +5.0005e-04 +5.0006e-04 +5.0006e-04 +5.0007e-04 +5.0007e-04 +5.0007e-04 +5.0007e-04 +5.0007e-04 +5.0007e-04 +5.0006e-04 +5.0006e-04 +5.0005e-04 +5.0005e-04 +5.0004e-04 +5.0004e-04 +5.0003e-04 +5.0003e-04 +5.0002e-04 +5.0001e-04 +5.0001e-04 +5.0000e-04 +4.9999e-04 +4.9998e-04 +4.9998e-04 +4.9997e-04 +4.9996e-04 +4.9996e-04 +4.9995e-04 +4.9994e-04 +4.9994e-04 +4.9993e-04 +4.9993e-04 +4.9992e-04 +4.9992e-04 +4.9991e-04 +4.9991e-04 +4.9990e-04 +4.9990e-04 +4.9990e-04 +4.9989e-04 +4.9989e-04 +4.9989e-04 +4.9989e-04 +4.9988e-04 +4.9988e-04 +4.9988e-04 +4.9988e-04 +4.9988e-04 +4.9988e-04 +4.9988e-04 +4.9987e-04 +4.9987e-04 +4.9987e-04 +4.9987e-04 +4.9987e-04 +4.9987e-04 +4.9987e-04 +4.9986e-04 
+0000.00000 +1.3215e-12 -4.3841e-13 -2.1540e-12 -3.8242e-12 -5.4479e-12 -7.0240e-12 -8.5517e-12 -1.0030e-11 -1.1458e-11 -1.2834e-11 -1.4158e-11 -1.5428e-11 -1.6645e-11 -1.7806e-11 -1.8911e-11 -1.9960e-11 -2.0951e-11 -2.1883e-11 -2.2757e-11 -2.3570e-11 -2.4323e-11 -2.5014e-11 -2.5643e-11 -2.6209e-11 -2.6712e-11 -2.7150e-11 -2.7524e-11 -2.7832e-11 -2.8074e-11 -2.8249e-11 -2.8357e-11 -2.8397e-11 -2.8370e-11 -2.8273e-11 -2.8107e-11 -2.7871e-11 -2.7565e-11 -2.7188e-11 -2.6740e-11 -2.6221e-11 -2.5630e-11 -2.4967e-11 -2.4231e-11 -2.3422e-11 -2.2540e-11 -2.1584e-11 -2.0555e-11 -1.9452e-11 -1.8274e-11 -1.7022e-11 -1.5696e-11 -1.4294e-11 -1.2818e-11 -1.1266e-11 -9.6397e-12 -7.9376e-12 -6.1601e-12 -4.3070e-12 -2.3785e-12 -3.7434e-13 +1.7054e-12 
-0000.00050 -5.0003e-04 -5.0004e-04 -5.0005e-04 -5.0005e-04 -5.0006e-04 -5.0006e-04 -5.0007e-04 -5.0007e-04 -5.0007e-04 -5.0007e-04 -5.0007e-04 -5.0007e-04 -5.0006e-04 -5.0006e-04 -5.0005e-04 -5.0005e-04 -5.0004e-04 -5.0004e-04 -5.0003e-04 -5.0003e-04 -5.0002e-04 -5.0001e-04 -5.0001e-04 -5.0000e-04 -4.9999e-04 -4.9998e-04 -4.9998e-04 -4.9997e-04 -4.9996e-04 -4.9996e-04 -4.9995e-04 -4.9994e-04 -4.9994e-04 -4.9993e-04 -4.9993e-04 -4.9992e-04 -4.9992e-04 -4.9991e-04 -4.9991e-04 -4.9990e-04 -4.9990e-04 -4.9990e-04 -4.9989e-04 -4.9989e-04 -4.9989e-04 -4.9989e-04 -4.9988e-04 -4.9988e-04 -4.9988e-04 -4.9988e-04 -4.9988e-04 -4.9988e-04 -4.9988e-04 -4.9987e-04 -4.9987e-04 -4.9987e-04 -4.9987e-04 -4.9987e-04 -4.9987e-04 -4.9987e-04 -4.9986e-04 
-0000.00100 -1.0001e-03 -1.0001e-03 -1.0001e-03 -1.0001e-03 -1.0001e-03 -1.0001e-03 -1.0001e-03 -1.0001e-03 -1.0001e-03 -1.0001e-03 -1.0001e-03 -1.0001e-03 -1.0001e-03 -1.0001e-03 -1.0001e-03 -1.0001e-03 -1.0001e-03 -1.0001e-03 -1.0001e-03 -1.0000e-03 -1.0000e-03 -1.0000e-03 -1.0000e-03 -9.9998e-04 -9.9997e-04 -9.9996e-04 -9.9994e-04 -9.9993e-04 -9.9992e-04 -9.9990e-04 -9.9989e-04 -9.9988e-04 -9.9987e-04 -9.9986e-04 -9.9985e-04 -9.9984e-04 -9.9983e-04 -9.9982e-04 -9.9981e-04 -9.9980e-04 -9.9979e-04 -9.9979e-04 -9.9978e-04 -9.9978e-04 -9.9977e-04 -9.9977e-04 -9.9976e-04 -9.9976e-04 -9.9975e-04 -9.9975e-04 -9.9975e-04 -9.9974e-04 -9.9974e-04 -9.9974e-04 -9.9973e-04 -9.9973e-04 -9.9973e-04 -9.9972e-04 -9.9972e-04 -9.9971e-04 -9.9970e-04 
-0000.00150 -1.5001e-03 -1.5002e-03 -1.5002e-03 -1.5002e-03 -1.5002e-03 -1.5002e-03 -1.5002e-03 -1.5002e-03 -1.5002e-03 -1.5002e-03 -1.5002e-03 -1.5002e-03 -1.5001e-03 -1.5001e-03 -1.5001e-03 -1.5001e-03 -1.5001e-03 -1.5001e-03 -1.5001e-03 -1.5000e-03 -1.5000e-03 -1.5000e-03 -1.5000e-03 -1.5000e-03 -1.4999e-03 -1.4999e-03 -1.4999e-03 -1.4999e-03 -1.4999e-03 -1.4998e-03 -1.4998e-03 -1.4998e-03 -1.4998e-03 -1.4998e-03 -1.4998e-03 -1.4998e-03 -1.4997e-03 -1.4997e-03 -1.4997e-03 -1.4997e-03 -1.4997e-03 -1.4997e-03 -1.4997e-03 -1.4997e-03 -1.4997e-03 -1.4996e-03 -1.4996e-03 -1.4996e-03 -1.4996e-03 -1.4996e-03 -1.4996e-03 -1.4996e-03 -1.4996e-03 -1.4996e-03 -1.4996e-03 -1.4996e-03 -1.4996e-03 -1.4995e-03 -1.4995e-03 -1.4995e-03 -1.4995e-03 
-0000.00200 -2.0002e-03 -2.0002e-03 -2.0002e-03 -2.0002e-03 -2.0002e-03 -2.0002e-03 -2.0002e-03 -2.0002e-03 -2.0002e-03 -2.0002e-03 -2.0002e-03 -2.0002e-03 -2.0002e-03 -2.0002e-03 -2.0001e-03 -2.0001e-03 -2.0001e-03 -2.0001e-03 -2.0000e-03 -2.0000e-03 -2.0000e-03 -2.0000e-03 -1.9999e-03 -1.9999e-03 -1.9999e-03 -1.9999e-03 -1.9998e-03 -1.9998e-03 -1.9998e-03 -1.9998e-03 -1.9998e-03 -1.9997e-03 -1.9997e-03 -1.9997e-03 -1.9997e-03 -1.9996e-03 -1.9996e-03 -1.9996e-03 -1.9996e-03 -1.9996e-03 -1.9995e-03 -1.9995e-03 -1.9995e-03 -1.9995e-03 -1.9995e-03 -1.9995e-03 -1.9995e-03 -1.9994e-03 -1.9994e-03 -1.9994e-03 -1.9994e-03 -1.9994e-03 -1.9994e-03 -1.9994e-03 -1.9994e-03 -1.9994e-03 -1.9993e-03 -1.9993e-03 -1.9993e-03 -1.9993e-03 -1.9993e-03 