# Author: FAC idanalysis.IDKickMap
# Termination_kicks [T2m2]: +0.0000e+00 +0.0000e+00 +0.0000e+00 +0.0000e+00 
# Total Length of Longitudinal Interval [m]
0.13
# Number of Horizontal Points
61
# Number of Vertical Points
9
# Total Horizontal 2nd Order Kick [T2m2]
START
            -0000.01000 -0000.00967 -0000.00933 -0000.00900 -0000.00867 -0000.00833 -0000.00800 -0000.00767 -0000.00733 -0000.00700 -0000.00667 -0000.00633 -0000.00600 -0000.00567 -0000.00533 -0000.00500 -0000.00467 -0000.00433 -0000.00400 -0000.00367 -0000.00333 -0000.00300 -0000.00267 -0000.00233 -0000.00200 -0000.00167 -0000.00133 -0000.00100 -0000.00067 -0000.00033 +0000.00000 +0000.00033 +0000.00067 +0000.00100 +0000.00133 +0000.00167 +0000.00200 +0000.00233 +0000.00267 +0000.00300 +0000.00333 +0000.00367 +0000.00400 +0000.00433 +0000.00467 +0000.00500 +0000.00533 +0000.00567 +0000.00600 +0000.00633 +0000.00667 +0000.00700 +0000.00733 +0000.00767 +0000.00800 +0000.00833 +0000.00867 +0000.00900 +0000.00933 +0000.00967 +0000.01000 
+0000.00200 -2.6562e-04 -2.6281e-04 -2.5992e-04 -2.5697e-04 -2.5397e-04 -2.5095e-04 -2.4792e-04 -2.4490e-04 -2.4190e-04 -2.3893e-04 -2.3600e-04 -2.3314e-04 -2.3035e-04 -2.2765e-04 -2.2504e-04 -2.2253e-04 -2.2014e-04 -2.1787e-04 -2.1574e-04 -2.1375e-04 -2.1190e-04 -2.1021e-04 -2.0868e-04 -2.0731e-04 -2.0612e-04 -2.0509e-04 -2.0425e-04 -2.0359e-04 -2.0311e-04 -2.0281e-04 -2.0270e-04 -2.0277e-04 -2.0303e-04 -2.0348e-04 -2.0411e-04 -2.0492e-04 -2.0590e-04 -2.0707e-04 -2.0840e-04 -2.0990e-04 -2.1156e-04 -2.1338e-04 -2.1534e-04 -2.1745e-04 -2.1969e-04 -2.2206e-04 -2.2454e-04 -2.2713e-04 -2.2982e-04 -2.3260e-04 -2.3545e-04 -2.3836e-04 -2.4132e-04 -2.4432e-04 -2.4734e-04 -2.5037e-04 -2.5340e-04 -2.5640e-04 -2.5936e-04 -2.6227e-04 -2.6510e-04 
+0000.00150 -2.6487e-04 -2.6222e-04 -2.5949e-04 -2.5669e-04 -2.5383e-04 -2.5095e-04 -2.4805e-04 -2.4515e-04 -2.4227e-04 -2.3941e-04 -2.3659e-04 -2.3383e-04 -2.3113e-04 -2.2851e-04 -2.2598e-04 -2.2355e-04 -2.2123e-04 -2.1903e-04 -2.1696e-04 -2.1502e-04 -2.1323e-04 -2.1158e-04 -2.1009e-04 -2.0876e-04 -2.0760e-04 -2.0660e-04 -2.0578e-04 -2.0513e-04 -2.0466e-04 -2.0438e-04 -2.0427e-04 -2.0434e-04 -2.0460e-04 -2.0503e-04 -2.0564e-04 -2.0643e-04 -2.0740e-04 -2.0853e-04 -2.0983e-04 -2.1129e-04 -2.1291e-04 -2.1467e-04 -2.1659e-04 -2.1863e-04 -2.2081e-04 -2.2311e-04 -2.2551e-04 -2.2802e-04 -2.3062e-04 -2.3331e-04 -2.3606e-04 -2.3886e-04 -2.4171e-04 -2.4459e-04 -2.4749e-04 -2.5039e-04 -2.5327e-04 -2.5613e-04 -2.5894e-04 -2.6168e-04 -2.6435e-04 
+0000.00100 -2.6432e-04 -2.6179e-04 -2.5917e-04 -2.5647e-04 -2.5373e-04 -2.5094e-04 -2.4813e-04 -2.4532e-04 -2.4252e-04 -2.3974e-04 -2.3700e-04 -2.3431e-04 -2.3168e-04 -2.2912e-04 -2.2665e-04 -2.2428e-04 -2.2201e-04 -2.1986e-04 -2.1783e-04 -2.1593e-04 -2.1417e-04 -2.1256e-04 -2.1110e-04 -2.0979e-04 -2.0865e-04 -2.0767e-04 -2.0687e-04 -2.0623e-04 -2.0577e-04 -2.0549e-04 -2.0539e-04 -2.0546e-04 -2.0571e-04 -2.0614e-04 -2.0674e-04 -2.0751e-04 -2.0846e-04 -2.0957e-04 -2.1084e-04 -2.1228e-04 -2.1386e-04 -2.1559e-04 -2.1746e-04 -2.1947e-04 -2.2160e-04 -2.2384e-04 -2.2620e-04 -2.2865e-04 -2.3119e-04 -2.3380e-04 -2.3648e-04 -2.3921e-04 -2.4198e-04 -2.4478e-04 -2.4759e-04 -2.5039e-04 -2.5318e-04 -2.5593e-04 -2.5863e-04 -2.6126e-04 -2.6380e-04 
+0000.00050 -2.6400e-04 -2.6153e-04 -2.5898e-04 -2.5635e-04 -2.5366e-04 -2.5093e-04 -2.4818e-04 -2.4542e-04 -2.4267e-04 -2.3993e-04 -2.3724e-04 -2.3459e-04 -2.3200e-04 -2.2948e-04 -2.2705e-04 -2.2471e-04 -2.2247e-04 -2.2034e-04 -2.1834e-04 -2.1647e-04 -2.1473e-04 -2.1314e-04 -2.1170e-04 -2.1041e-04 -2.0928e-04 -2.0831e-04 -2.0752e-04 -2.0689e-04 -2.0644e-04 -2.0616e-04 -2.0606e-04 -2.0613e-04 -2.0637e-04 -2.0680e-04 -2.0739e-04 -2.0816e-04 -2.0909e-04 -2.1019e-04 -2.1145e-04 -2.1286e-04 -2.1443e-04 -2.1614e-04 -2.1799e-04 -2.1997e-04 -2.2207e-04 -2.2428e-04 -2.2660e-04 -2.2902e-04 -2.3152e-04 -2.3409e-04 -2.3673e-04 -2.3941e-04 -2.4214e-04 -2.4488e-04 -2.4764e-04 -2.5039e-04 -2.5311e-04 -2.5580e-04 -2.5844e-04 -2.6100e-04 -2.6348e-04 
+0000.00000 -2.6389e-04 -2.6144e-04 -2.5891e-04 -2.5630e-04 -2.5363e-04 -2.5092e-04 -2.4819e-04 -2.4545e-04 -2.4271e-04 -2.3999e-04 -2.3731e-04 -2.3467e-04 -2.3210e-04 -2.2959e-04 -2.2717e-04 -2.2484e-04 -2.2262e-04 -2.2050e-04 -2.1851e-04 -2.1664e-04 -2.1491e-04 -2.1333e-04 -2.1189e-04 -2.1061e-04 -2.0948e-04 -2.0852e-04 -2.0773e-04 -2.0711e-04 -2.0666e-04 -2.0638e-04 -2.0628e-04 -2.0635e-04 -2.0659e-04 -2.0702e-04 -2.0761e-04 -2.0837e-04 -2.0930e-04 -2.1040e-04 -2.1165e-04 -2.1306e-04 -2.1462e-04 -2.1632e-04 -2.1816e-04 -2.2013e-04 -2.2222e-04 -2.2443e-04 -2.2674e-04 -2.2914e-04 -2.3163e-04 -2.3419e-04 -2.3681e-04 -2.3948e-04 -2.4219e-04 -2.4492e-04 -2.4766e-04 -2.5039e-04 -2.5309e-04 -2.5576e-04 -2.5838e-04 -2.6092e-04 -2.6337e-04 
-0000.00050 -2.6400e-04 -2.6153e-04 -2.5898e-04 -2.5635e-04 -2.5366e-04 -2.5093e-04 -2.4818e-04 -2.4542e-04 -2.4266e-04 -2.3993e-04 -2.3723e-04 -2.3458e-04 -2.3199e-04 -2.2948e-04 -2.2704e-04 -2.2470e-04 -2.2246e-04 -2.2034e-04 -2.1834e-04 -2.1646e-04 -2.1473e-04 -2.1314e-04 -2.1169e-04 -2.1040e-04 -2.0928e-04 -2.0831e-04 -2.0752e-04 -2.0689e-04 -2.0644e-04 -2.0616e-04 -2.0605e-04 -2.0613e-04 -2.0637e-04 -2.0680e-04 -2.0739e-04 -2.0816e-04 -2.0909e-04 -2.1019e-04 -2.1145e-04 -2.1286e-04 -2.1443e-04 -2.1614e-04 -2.1799e-04 -2.1997e-04 -2.2207e-04 -2.2428e-04 -2.2660e-04 -2.2902e-04 -2.3152e-04 -2.3409e-04 -2.3673e-04 -2.3942e-04 -2.4214e-04 -2.4489e-04 -2.4764e-04 -2.5039e-04 -2.5312e-04 -2.5581e-04 -2.5844e-04 -2.6100e-04 -2.6348e-04 
-0000.00100 -2.6432e-04 -2.6179e-04 -2.5917e-04 -2.5647e-04 -2.5372e-04 -2.5094e-04 -2.4813e-04 -2.4532e-04 -2.4251e-04 -2.3973e-04 -2.3699e-04 -2.3430e-04 -2.3167e-04 -2.2911e-04 -2.2665e-04 -2.2427e-04 -2.2200e-04 -2.1985e-04 -2.1782e-04 -2.1593e-04 -2.1417e-04 -2.1255e-04 -2.1109e-04 -2.0979e-04 -2.0865e-04 -2.0767e-04 -2.0687e-04 -2.0623e-04 -2.0577e-04 -2.0549e-04 -2.0539e-04 -2.0546e-04 -2.0571e-04 -2.0614e-04 -2.0674e-04 -2.0751e-04 -2.0846e-04 -2.0957e-04 -2.1085e-04 -2.1228e-04 -2.1386e-04 -2.1559e-04 -2.1747e-04 -2.1947e-04 -2.2160e-04 -2.2385e-04 -2.2620e-04 -2.2865e-04 -2.3119e-04 -2.3380e-04 -2.3648e-04 -2.3921e-04 -2.4199e-04 -2.4478e-04 -2.4759e-04 -2.5039e-04 -2.5318e-04 -2.5593e-04 -2.5863e-04 -2.6126e-04 -2.6381e-04 
-0000.00150 -2.6486e-04 -2.6221e-04 -2.5948e-04 -2.5667e-04 -2.5383e-04 -2.5094e-04 -2.4804e-04 -2.4514e-04 -2.4226e-04 -2.3940e-04 -2.3658e-04 -2.3382e-04 -2.3112e-04 -2.2851e-04 -2.2598e-04 -2.2355e-04 -2.2123e-04 -2.1903e-04 -2.1696e-04 -2.1502e-04 -2.1323e-04 -2.1158e-04 -2.1009e-04 -2.0876e-04 -2.0760e-04 -2.0660e-04 -2.0578e-04 -2.0513e-04 -2.0467e-04 -2.0438e-04 -2.0427e-04 -2.0434e-04 -2.0460e-04 -2.0503e-04 -2.0565e-04 -2.0644e-04 -2.0740e-04 -2.0853e-04 -2.0983e-04 -2.1129e-04 -2.1291e-04 -2.1468e-04 -2.1659e-04 -2.1864e-04 -2.2081e-04 -2.2311e-04 -2.2552e-04 -2.2803e-04 -2.3063e-04 -2.3331e-04 -2.3606e-04 -2.3887e-04 -2.4172e-04 -2.4460e-04 -2.4750e-04 -2.5039e-04 -2.5328e-04 -2.5613e-04 -2.5894e-04 -2.6168e-04 -2.6435e-04 
-0000.00200 -2.6562e-04 -2.6280e-04 -2.5991e-04 -2.5696e-04 -2.5396e-04 -2.5095e-04 -2.4792e-04 -2.4489e-04 -2.4189e-04 -2.3892e-04 -2.3600e-04 -2.3313e-04 -2.3035e-04 -2.2764e-04 -2.2503e-04 -2.2253e-04 -2.2014e-04 -2.1787e-04 -2.1574e-04 -2.1374e-04 -2.1190e-04 -2.1021e-04 -2.0867e-04 -2.0731e-04 -2.0611e-04 -2.0509e-04 -2.0425e-04 -2.0358e-04 -2.0310e-04 -2.0281e-04 -2.0270e-04 -2.0277e-04 -2.0303e-04 -2.0348e-04 -2.0411e-04 -2.0492e-04 -2.0591e-04 -2.0707e-04 -2.0840e-04 -2.0990e-04 -2.1156e-04 -2.1338e-04 -2.1535e-04 -2.1745e-04 -2.1970e-04 -2.2206e-04 -2.2455e-04 -2.2714e-04 -2.2983e-04 -2.3260e-04 -2.3545e-04 -2.3836e-04 -2.4133e-04 -2.4433e-04 -2.4735e-04 -2.5038e-04 -2.5340e-04 -2.5640e-04 -2.5936e-04 -2.6227e-04 -2.6510e-04 
# Total Vertical 2nd Order Kick [T2m2]
START
            -0000.01000 -0000.00967 -0000.00933 -0000.00900 -0000.00867 -0000.00833 -0000.00800 -0000.00767 -0000.00733 -0000.00700 -0000.00667 -0000.00633 -0000.00600 -0000.00567 -0000.00533 -0000.00500 -0000.00467 -0000.00433 -0000.00400 -0000.00367 -0000.00333 -0000.00300 -0000.00267 -0000.00233 -0000.00200 -0000.00167 -0000.00133 -0000.00100 -0000.00067 -0000.00033 +0000.00000 +0000.00033 +0000.00067 +0000.00100 +0000.00133 +0000.00167 +0000.00200 +0000.00233 +0000.00267 +0000.00300 +0000.00333 +0000.00367 +0000.00400 +0000.00433 +0000.00467 +0000.00500 +0000.00533 +0000.00567 +0000.00600 +0000.00633 +0000.00667 +0000.00700 +0000.00733 +0000.00767 +0000.00800 +0000.00833 +0000.00867 +0000.00900 +0000.00933 +0000.00967 +0000.01000 
+0000.00200 -1.6064e-05 -1.6703e-05 -1.7225e-05 -1.7636e-05 -1.7938e-05 -1.8136e-05 -1.8234e-05 -1.8237e-05 -1.8148e-05 -1.7972e-05 -1.7712e-05 -1.7373e-05 -1.6959e-05 -1.6474e-05 -1.5922e-05 -1.5307e-05 -1.4633e-05 -1.3904e-05 -1.3124e-05 -1.2297e-05 -1.1428e-05 -1.0519e-05 -9.5760e-06 -8.6017e-06 -7.6004e-06 -6.5760e-06 -5.5326e-06 -4.4740e-06 -3.4041e-06 -2.3269e-06 -1.2463e-06 -1.6606e-07 +9.0983e-07 +1.9775e-06 +3.0332e-06 +4.0730e-06 +5.0931e-06 +6.0896e-06 +7.0588e-06 +7.9968e-06 +8.8999e-06 +9.7643e-06 +1.0586e-05 +1.1362e-05 +1.2087e-05 +1.2759e-05 +1.3373e-05 +1.3926e-05 +1.4415e-05 +1.4834e-05 +1.5181e-05 +1.5453e-05 +1.5644e-05 +1.5752e-05 +1.5774e-05 +1.5704e-05 +1.5541e-05 +1.5280e-05 +1.4917e-05 +1.4449e-05 +1.3872e-05 
+0000.00150 -1.1753e-05 -1.2239e-05 -1.2638e-05 -1.2953e-05 -1.3187e-05 -1.3344e-05 -1.3425e-05 -1.3435e-05 -1.3377e-05 -1.3253e-05 -1.3067e-05 -1.2821e-05 -1.2519e-05 -1.2164e-05 -1.1758e-05 -1.1306e-05 -1.0809e-05 -1.0271e-05 -9.6944e-06 -9.0829e-06 -8.4392e-06 -7.7663e-06 -7.0671e-06 -6.3447e-06 -5.6019e-06 -4.8418e-06 -4.0673e-06 -3.2813e-06 -2.4868e-06 -1.6867e-06 -8.8390e-07 -8.1365e-08 +7.1802e-07 +1.5113e-06 +2.2957e-06 +3.0682e-06 +3.8260e-06 +4.5662e-06 +5.2859e-06 +5.9823e-06 +6.6525e-06 +7.2936e-06 +7.9029e-06 +8.4774e-06 +9.0143e-06 +9.5109e-06 +9.9643e-06 +1.0372e-05 +1.0730e-05 +1.1037e-05 +1.1290e-05 +1.1485e-05 +1.1620e-05 +1.1693e-05 +1.1700e-05 +1.1639e-05 +1.1507e-05 +1.1301e-05 +1.1019e-05 +1.0657e-05 +1.0214e-05 
+0000.00100 -7.7129e-06 -8.0399e-06 -8.3091e-06 -8.5225e-06 -8.6821e-06 -8.7900e-06 -8.8482e-06 -8.8587e-06 -8.8237e-06 -8.7451e-06 -8.6249e-06 -8.4652e-06 -8.2680e-06 -8.0353e-06 -7.7692e-06 -7.4715e-06 -7.1444e-06 -6.7899e-06 -6.4098e-06 -6.0063e-06 -5.5813e-06 -5.1367e-06 -4.6747e-06 -4.1971e-06 -3.7059e-06 -3.2031e-06 -2.6906e-06 -2.1705e-06 -1.6446e-06 -1.1150e-06 -5.8353e-07 -5.2175e-08 +4.7712e-07 +1.0024e-06 +1.5218e-06 +2.0333e-06 +2.5350e-06 +3.0251e-06 +3.5015e-06 +3.9623e-06 +4.4057e-06 +4.8298e-06 +5.2326e-06 +5.6123e-06 +5.9669e-06 +6.2946e-06 +6.5934e-06 +6.8616e-06 +7.0971e-06 +7.2982e-06 +7.4630e-06 +7.5895e-06 +7.6760e-06 +7.7206e-06 +7.7214e-06 +7.6766e-06 +7.5843e-06 +7.4427e-06 +7.2499e-06 +7.0042e-06 +6.7036e-06 
+0000.00050 -3.8468e-06 -4.0115e-06 -4.1472e-06 -4.2551e-06 -4.3362e-06 -4.3914e-06 -4.4218e-06 -4.4284e-06 -4.4123e-06 -4.3744e-06 -4.3157e-06 -4.2372e-06 -4.1400e-06 -4.0251e-06 -3.8934e-06 -3.7460e-06 -3.5839e-06 -3.4080e-06 -3.2193e-06 -3.0189e-06 -2.8078e-06 -2.5868e-06 -2.3571e-06 -2.1196e-06 -1.8753e-06 -1.6252e-06 -1.3702e-06 -1.1113e-06 -8.4954e-07 -5.8587e-07 -3.2126e-07 -5.6685e-08 +2.0689e-07 +4.6848e-07 +7.2714e-07 +9.8189e-07 +1.2318e-06 +1.4758e-06 +1.7131e-06 +1.9426e-06 +2.1634e-06 +2.3745e-06 +2.5751e-06 +2.7640e-06 +2.9405e-06 +3.1034e-06 +3.2520e-06 +3.3852e-06 +3.5021e-06 +3.6018e-06 +3.6833e-06 +3.7457e-06 +3.7880e-06 +3.8094e-06 +3.8088e-06 +3.7854e-06 +3.7382e-06 +3.6663e-06 +3.5688e-06 +3.4447e-06 +3.2932e-06 
+0000.00000 -6.6552e-08 -6.7085e-08 -6.7622e-08 -6.8158e-08 -6.8693e-08 -6.9225e-08 -6.9752e-08 -7.0271e-08 -7.0781e-08 -7.1280e-08 -7.1768e-08 -7.2241e-08 -7.2700e-08 -7.3141e-08 -7.3565e-08 -7.3970e-08 -7.4354e-08 -7.4717e-08 -7.5057e-08 -7.5374e-08 -7.5667e-08 -7.5935e-08 -7.6177e-08 -7.6392e-08 -7.6581e-08 -7.6742e-08 -7.6875e-08 -7.6980e-08 -7.7057e-08 -7.7104e-08 -7.7123e-08 -7.7113e-08 -7.7074e-08 -7.7006e-08 -7.6909e-08 -7.6784e-08 -7.6631e-08 -7.6450e-08 -7.6242e-08 -7.6007e-08 -7.5746e-08 -7.5459e-08 -7.5148e-08 -7.4813e-08 -7.4455e-08 -7.4075e-08 -7.3673e-08 -7.3252e-08 -7.2813e-08 -7.2356e-08 -7.1883e-08 -7.1395e-08 -7.0894e-08 -7.0382e-08 -6.9860e-08 -6.9329e-08 -6.8792e-08 -6.8251e-08 -6.7706e-08 -6.7162e-08 -6.6618e-08 
-0000.00050 +3.7138e-06 +3.8773e-06 +4.0120e-06 +4.1188e-06 +4.1988e-06 +4.2529e-06 +4.2823e-06 +4.2879e-06 +4.2707e-06 +4.2318e-06 +4.1721e-06 +4.0927e-06 +3.9946e-06 +3.8788e-06 +3.7462e-06 +3.5980e-06 +3.4351e-06 +3.2585e-06 +3.0692e-06 +2.8681e-06 +2.6564e-06 +2.4349e-06 +2.2047e-06 +1.9668e-06 +1.7221e-06 +1.4716e-06 +1.2164e-06 +9.5729e-07 +6.9538e-07 +4.3162e-07 +1.6697e-07 -9.7581e-08 -3.6107e-07 -6.2253e-07 -8.8100e-07 -1.1355e-06 -1.3851e-06 -1.6288e-06 -1.8656e-06 -2.0946e-06 -2.3149e-06 -2.5255e-06 -2.7254e-06 -2.9137e-06 -3.0894e-06 -3.2516e-06 -3.3994e-06 -3.5317e-06 -3.6478e-06 -3.7465e-06 -3.8271e-06 -3.8885e-06 -3.9298e-06 -3.9501e-06 -3.9485e-06 -3.9241e-06 -3.8758e-06 -3.8028e-06 -3.7042e-06 -3.5790e-06 -3.4264e-06 
-0000.00100 +7.5798e-06 +7.9058e-06 +8.1739e-06 +8.3862e-06 +8.5447e-06 +8.6515e-06 +8.7086e-06 +8.7181e-06 +8.6820e-06 +8.6024e-06 +8.4813e-06 +8.3206e-06 +8.1225e-06 +7.8889e-06 +7.6219e-06 +7.3234e-06 +6.9955e-06 +6.6402e-06 +6.2595e-06 +5.8553e-06 +5.4297e-06 +4.9847e-06 +4.5221e-06 +4.0441e-06 +3.5525e-06 +3.0494e-06 +2.5366e-06 +2.0163e-06 +1.4903e-06 +9.6054e-07 +4.2903e-07 -1.0230e-07 -6.3152e-07 -1.1567e-06 -1.6759e-06 -2.1871e-06 -2.6886e-06 -3.1782e-06 -3.6542e-06 -4.1146e-06 -4.5575e-06 -4.9810e-06 -5.3832e-06 -5.7621e-06 -6.1160e-06 -6.4429e-06 -6.7410e-06 -7.0083e-06 -7.2429e-06 -7.4431e-06 -7.6069e-06 -7.7325e-06 -7.8179e-06 -7.8615e-06 -7.8612e-06 -7.8153e-06 -7.7219e-06 -7.5792e-06 -7.3853e-06 -7.1384e-06 -6.8367e-06 
-0000.00150 +1.1621e-05 +1.2106e-05 +1.2503e-05 +1.2817e-05 +1.3050e-05 +1.3205e-05 +1.3286e-05 +1.3295e-05 +1.3235e-05 +1.3110e-05 +1.2923e-05 +1.2676e-05 +1.2373e-05 +1.2017e-05 +1.1611e-05 +1.1157e-05 +1.0660e-05 +1.0121e-05 +9.5437e-06 +8.9316e-06 +8.2872e-06 +7.6138e-06 +6.9141e-06 +6.1912e-06 +5.4481e-06 +4.6876e-06 +3.9129e-06 +3.1267e-06 +2.3320e-06 +1.5318e-06 +7.2900e-07 -7.3508e-08 -8.7280e-07 -1.6660e-06 -2.4501e-06 -3.2224e-06 -3.9799e-06 -4.7197e-06 -5.4390e-06 -6.1348e-06 -6.8045e-06 -7.4450e-06 -8.0536e-06 -8.6274e-06 -9.1636e-06 -9.6594e-06 -1.0112e-05 -1.0518e-05 -1.0876e-05 -1.1182e-05 -1.1434e-05 -1.1628e-05 -1.1762e-05 -1.1834e-05 -1.1840e-05 -1.1778e-05 -1.1645e-05 -1.1438e-05 -1.1154e-05 -1.0791e-05 -1.0347e-05 
-0000.00200 +1.5931e-05 +1.6569e-05 +1.7090e-05 +1.7499e-05 +1.7800e-05 +1.7997e-05 +1.8094e-05 +1.8096e-05 +1.8006e-05 +1.7829e-05 +1.7568e-05 +1.7228e-05 +1.6813e-05 +1.6327e-05 +1.5774e-05 +1.5158e-05 +1.4483e-05 +1.3754e-05 +1.2973e-05 +1.2146e-05 +1.1276e-05 +1.0367e-05 +9.4226e-06 +8.4479e-06 +7.4462e-06 +6.4215e-06 +5.3778e-06 +4.3189e-06 +3.2489e-06 +2.1716e-06 +1.0909e-06 +1.0756e-08 -1.0651e-06 -2.1326e-06 -3.1881e-06 -4.2277e-06 -5.2474e-06 -6.2436e-06 -7.2124e-06 -8.1499e-06 -9.0525e-06 -9.9162e-06 -1.0737e-05 -1.1512e-05 -1.2237e-05 -1.2908e-05 -1.3522e-05 -1.4074e-05 -1.4561e-05 -1.4980e-05 -1.5326e-05 -1.5596e-05 -1.5787e-05 -1.5894e-05 -1.5914e-05 -1.5844e-05 -1.5679e-05 -1.5416e-05 -1.5052e-05 -1.4583e-05 -1.4005e-05 
# Horizontal Final Position [m]
START
            -0000.01000 -0000.00967 -0000.00933 -0000.00900 -0000.00867 -0000.00833 -0000.00800 -0000.00767 -0000.00733 -0000.00700 -0000.00667 -0000.00633 -0000.00600 -0000.00567 -0000.00533 -0000.00500 -0000.00467 -0000.00433 -0000.00400 -0000.00367 -0000.00333 -0000.00300 -0000.00267 -0000.00233 -0000.00200 -0000.00167 -0000.00133 -0000.00100 -0000.00067 -0000.00033 +0000.00000 +0000.00033 +0000.00067 +0000.00100 +0000.00133 +0000.00167 +0000.00200 +0000.00233 +0000.00267 +0000.00300 +0000.00333 +0000.00367 +0000.00400 +0000.00433 +0000.00467 +0000.00500 +0000.00533 +0000.00567 +0000.00600 +0000.00633 +0000.00667 +0000.00700 +0000.00733 +0000.00767 +0000.00800 +0000.00833 +0000.00867 +0000.00900 +0000.00933 +0000.00967 +0000.01000 
+0000.00200 -1.0003e-02 -9.6696e-03 -9.3363e-03 -9.0031e-03 -8.6698e-03 -8.3365e-03 -8.0032e-03 -7.6700e-03 -7.3367e-03 -7.0034e-03 -6.6701e-03 -6.3368e-03 -6.0035e-03 -5.6702e-03 -5.3369e-03 -5.0035e-03 -4.6702e-03 -4.3369e-03 -4.0036e-03 -3.6703e-03 -3.3369e-03 -3.0036e-03 -2.6703e-03 -2.3369e-03 -2.0036e-03 -1.6703e-03 -1.3369e-03 -1.0036e-03 -6.7025e-04 -3.3691e-04 -3.5723e-06 +3.2977e-04 +6.6311e-04 +9.9645e-04 +1.3298e-03 +1.6631e-03 +1.9965e-03 +2.3298e-03 +2.6632e-03 +2.9965e-03 +3.3298e-03 +3.6632e-03 +3.9965e-03 +4.3299e-03 +4.6632e-03 +4.9965e-03 +5.3299e-03 +5.6632e-03 +5.9965e-03 +6.3299e-03 +6.6632e-03 +6.9965e-03 +7.3299e-03 +7.6632e-03 +7.9965e-03 +8.3299e-03 +8.6632e-03 +8.9965e-03 +9.3298e-03 +9.6632e-03 +9.9965e-03 
+0000.00150 -1.0003e-02 -9.6696e-03 -9.3363e-03 -9.0031e-03 -8.6698e-03 -8.3365e-03 -8.0032e-03 -7.6700e-03 -7.3367e-03 -7.0034e-03 -6.6701e-03 -6.3368e-03 -6.0035e-03 -5.6702e-03 -5.3369e-03 -5.0035e-03 -4.6702e-03 -4.3369e-03 -4.0036e-03 -3.6703e-03 -3.3369e-03 -3.0036e-03 -2.6703e-03 -2.3369e-03 -2.0036e-03 -1.6703e-03 -1.3369e-03 -1.0036e-03 -6.7025e-04 -3.3691e-04 -3.5723e-06 +3.2977e-04 +6.6311e-04 +9.9645e-04 +1.3298e-03 +1.6631e-03 +1.9965e-03 +2.3298e-03 +2.6632e-03 +2.9965e-03 +3.3298e-03 +3.6632e-03 +3.9965e-03 +4.3299e-03 +4.6632e-03 +4.9965e-03 +5.3299e-03 +5.6632e-03 +5.9965e-03 +6.3299e-03 +6.6632e-03 +6.9965e-03 +7.3299e-03 +7.6632e-03 +7.9965e-03 +8.3299e-03 +8.6632e-03 +8.9965e-03 +9.3298e-03 +9.6632e-03 +9.9965e-03 
+0000.00100 -1.0003e-02 -9.6696e-03 -9.3363e-03 -9.0031e-03 -8.6698e-03 -8.3365e-03 -8.0032e-03 -7.6700e-03 -7.3367e-03 -7.0034e-03 -6.6701e-03 -6.3368e-03 -6.0035e-03 -5.6702e-03 -5.3369e-03 -5.0035e-03 -4.6702e-03 -4.3369e-03 -4.0036e-03 -3.6703e-03 -3.3369e-03 -3.0036e-03 -2.6703e-03 -2.3369e-03 -2.0036e-03 -1.6703e-03 -1.3369e-03 -1.0036e-03 -6.7025e-04 -3.3691e-04 -3.5723e-06 +3.2977e-04 +6.6311e-04 +9.9645e-04 +1.3298e-03 +1.6631e-03 +1.9965e-03 +2.3298e-03 +2.6632e-03 +2.9965e-03 +3.3298e-03 +3.6632e-03 +3.9965e-03 +4.3299e-03 +4.6632e-03 +4.9965e-03 +5.3299e-03 +5.6632e-03 +5.9965e-03 +6.3299e-03 +6.6632e-03 +6.9965e-03 +7.3299e-03 +7.6632e-03 +7.9965e-03 +8.3299e-03 +8.6632e-03 +8.9965e-03 +9.3298e-03 +9.6632e-03 +9.9965e-03 
+0000.00050 -1.0003e-02 -9.6696e-03 -9.3363e-03 -9.0031e-03 -8.6698e-03 -8.3365e-03 -8.0032e-03 -7.6700e-03 -7.3367e-03 -7.0034e-03 -6.6701e-03 -6.3368e-03 -6.0035e-03 -5.6702e-03 -5.3369e-03 -5.0035e-03 -4.6702e-03 -4.3369e-03 -4.0036e-03 -3.6703e-03 -3.3369e-03 -3.0036e-03 -2.6703e-03 -2.3369e-03 -2.0036e-03 -1.6703e-03 -1.3369e-03 -1.0036e-03 -6.7025e-04 -3.3691e-04 -3.5723e-06 +3.2977e-04 +6.6311e-04 +9.9645e-04 +1.3298e-03 +1.6631e-03 +1.9965e-03 +2.3298e-03 +2.6632e-03 +2.9965e-03 +3.3298e-03 +3.6632e-03 +3.9965e-03 +4.3299e-03 +4.6632e-03 +4.9965e-03 +5.3299e-03 +5.6632e-03 +5.9965e-03 +6.3299e-03 +6.6632e-03 +6.9965e-03 +7.3299e-03 +7.6632e-03 +7.9965e-03 +8.3299e-03 +8.6632e-03 +8.9965e-03 +9.3298e-03 +9.6632e-03 +9.9965e-03 
+0000.00000 -1.0003e-02 -9.6696e-03 -9.3363e-03 -9.0031e-03 -8.6698e-03 -8.3365e-03 -8.0032e-03 -7.6700e-03 -7.3367e-03 -7.0034e-03 -6.6701e-03 -6.3368e-03 -6.0035e-03 -5.6702e-03 -5.3369e-03 -5.0035e-03 -4.6702e-03 -4.3369e-03 -4.0036e-03 -3.6703e-03 -3.3369e-03 -3.0036e-03 -2.6703e-03 -2.3369e-03 -2.0036e-03 -1.6703e-03 -1.3369e-03 -1.0036e-03 -6.7025e-04 -3.3691e-04 -3.5723e-06 +3.2977e-04 +6.6311e-04 +9.9645e-04 +1.3298e-03 +1.6631e-03 +1.9965e-03 +2.3298e-03 +2.6632e-03 +2.9965e-03 +3.3298e-03 +3.6632e-03 +3.9965e-03 +4.3299e-03 +4.6632e-03 +4.9965e-03 +5.3299e-03 +5.6632e-03 +5.9965e-03 +6.3299e-03 +6.6632e-03 +6.9965e-03 +7.3299e-03 +7.6632e-03 +7.9965e-03 +8.3299e-03 +8.6632e-03 +8.9965e-03 +9.3298e-03 +9.6632e-03 +9.9965e-03 
-0000.00050 -1.0003e-02 -9.6696e-03 -9.3363e-03 -9.0031e-03 -8.6698e-03 -8.3365e-03 -8.0032e-03 -7.6700e-03 -7.3367e-03 -7.0034e-03 -6.6701e-03 -6.3368e-03 -6.0035e-03 -5.6702e-03 -5.3369e-03 -5.0035e-03 -4.6702e-03 -4.3369e-03 -4.0036e-03 -3.6703e-03 -3.3369e-03 -3.0036e-03 -2.6703e-03 -2.3369e-03 -2.0036e-03 -1.6703e-03 -1.3369e-03 -1.0036e-03 -6.7025e-04 -3.3691e-04 -3.5723e-06 +3.2977e-04 +6.6311e-04 +9.9645e-04 +1.3298e-03 +1.6631e-03 +1.9965e-03 +2.3298e-03 +2.6632e-03 +2.9965e-03 +3.3298e-03 +3.6632e-03 +3.9965e-03 +4.3299e-03 +4.6632e-03 +4.9965e-03 +5.3299e-03 +5.6632e-03 +5.9965e-03 +6.3299e-03 +6.6632e-03 +6.9965e-03 +7.3299e-03 +7.6632e-03 +7.9965e-03 +8.3299e-03 +8.6632e-03 +8.9965e-03 +9.3298e-03 +9.6632e-03 +9.9965e-03 
-0000.00100 -1.0003e-02 -9.6696e-03 -9.3363e-03 -9.0031e-03 -8.6698e-03 -8.3365e-03 -8.0032e-03 -7.6700e-03 -7.3367e-03 -7.0034e-03 -6.6701e-03 -6.3368e-03 -6.0035e-03 -5.6702e-03 -5.3369e-03 -5.0035e-03 -4.6702e-03 -4.3369e-03 -4.0036e-03 -3.6703e-03 -3.3369e-03 -3.0036e-03 -2.6703e-03 -2.3369e-03 -2.0036e-03 -1.6703e-03 -1.3369e-03 -1.0036e-03 -6.7025e-04 -3.3691e-04 -3.5723e-06 +3.2977e-04 +6.6311e-04 +9.9645e-04 +1.3298e-03 +1.6631e-03 +1.9965e-03 +2.3298e-03 +2.6632e-03 +2.9965e-03 +3.3298e-03 +3.6632e-03 +3.9965e-03 +4.3299e-03 +4.6632e-03 +4.9965e-03 +5.3299e-03 +5.6632e-03 +5.9965e-03 +6.3299e-03 +6.6632e-03 +6.9965e-03 +7.3299e-03 +7.6632e-03 +7.9965e-03 +8.3299e-03 +8.6632e-03 +8.9965e-03 +9.3298e-03 +9.6632e-03 +9.9965e-03 
-0000.00150 -1.0003e-02 -9.6696e-03 -9.3363e-03 -9.0031e-03 -8.6698e-03 -8.3365e-03 -8.0032e-03 -7.6700e-03 -7.3367e-03 -7.0034e-03 -6.6701e-03 -6.3368e-03 -6.0035e-03 -5.6702e-03 -5.3369e-03 -5.0035e-03 -4.6702e-03 -4.3369e-03 -4.0036e-03 -3.6703e-03 -3.3369e-03 -3.0036e-03 -2.6703e-03 -2.3369e-03 -2.0036e-03 -1.6703e-03 -1.3369e-03 -1.0036e-03 -6.7025e-04 -3.3691e-04 -3.5723e-06 +3.2977e-04 +6.6311e-04 +9.9645e-04 +1.3298e-03 +1.6631e-03 +1.9965e-03 +2.3298e-03 +2.6632e-03 +2.9965e-03 +3.3298e-03 +3.6632e-03 +3.9965e-03 +4.3299e-03 +4.6632e-03 +4.9965e-03 +5.3299e-03 +5.6632e-03 +5.9965e-03 +6.3299e-03 +6.6632e-03 +6.9965e-03 +7.3299e-03 +7.6632e-03 +7.9965e-03 +8.3299e-03 +8.6632e-03 +8.9965e-03 +9.3298e-03 +9.6632e-03 +9.9965e-03 
-0000.00200 -1.0003e-02 -9.6696e-03 -9.3363e-03 -9.0031e-03 -8.6698e-03 -8.3365e-03 -8.0032e-03 -7.6700e-03 -7.3367e-03 -7.0034e-03 -6.6701e-03 -6.3368e-03 -6.0035e-03 -5.6702e-03 -5.3369e-03 -5.0035e-03 -4.6702e-03 -4.3369e-03 -4.0036e-03 -3.6703e-03 -3.3369e-03 -3.0036e-03 -2.6703e-03 -2.3369e-03 -2.0036e-03 -1.6703e-03 -1.3369e-03 -1.0036e-03 -6.7025e-04 -3.3691e-04 -3.5723e-06 +3.2977e-04 +6.6311e-04 +9.9645e-04 +1.3298e-03 +1.6631e-03 +1.9965e-03 +2.3298e-03 +2.6632e-03 +2.9965e-03 +3.3298e-03 +3.6632e-03 +3.9965e-03 +4.3299e-03 +4.6632e-03 +4.9965e-03 +5.3299e-03 +5.6632e-03 +5.9965e-03 +6.3299e-03 +6.6632e-03 +6.9965e-03 +7.3299e-03 +7.6632e-03 +7.9965e-03 +8.3299e-03 +8.6632e-03 +8.9965e-03 +9.3298e-03 +9.6632e-03 +9.9965e-03 
# Vertical Final Position [m]
START
            -0000.01000 -0000.00967 -0000.00933 -0000.00900 -0000.00867 -0000.00833 -0000.00800 -0000.00767 -0000.00733 -0000.00700 -0000.00667 -0000.00633 -0000.00600 -0000.00567 -0000.00533 -0000.00500 -0000.00467 -0000.00433 -0000.00400 -0000.00367 -0000.00333 -0000.00300 -0000.00267 -0000.00233 -0000.00200 -0000.00167 -0000.00133 -0000.00100 -0000.00067 -0000.00033 +0000.00000 +0000.00033 +0000.00067 +0000.00100 +0000.00133 +0000.00167 +0000.00200 +0000.00233 +0000.00267 +0000.00300 +0000.00333 +0000.00367 +0000.00400 +0000.00433 +0000.00467 +0000.00500 +0000.00533 +0000.00567 +0000.00600 +0000.00633 +0000.00667 +0000.00700 +0000.00733 +0000.00767 +0000.00800 +0000.00833 +0000.00867 +0000.00900 +0000.00933 +0000.00967 +0000.01000 
+0000.00200 +2.0001e-03 +2.0001e-03 +2.0001e-03 +2.0001e-03 +2.0001e-03 +2.0001e-03 +2.0001e-03 +2.0001e-03 +2.0001e-03 +2.0001e-03 +2.0001e-03 +2.0001e-03 +2.0001e-03 +2.0001e-03 +2.0001e-03 +2.0001e-03 +2.0001e-03 +2.0001e-03 +2.0001e-03 +2.0001e-03 +2.0001e-03 +2.0001e-03 +2.0001e-03 +2.0000e-03 +2.0000e-03 +2.0000e-03 +2.0000e-03 +2.0000e-03 +2.0000e-03 +2.0000e-03 +2.0000e-03 +2.0000e-03 +2.0000e-03 +2.0000e-03 +2.0000e-03 +2.0000e-03 +2.0000e-03 +2.0000e-03 +1.9999e-03 +1.9999e-03 +1.9999e-03 +1.9999e-03 +1.9999e-03 +1.9999e-03 +1.9999e-03 +1.9999e-03 +1.9999e-03 +1.9999e-03 +1.9999e-03 +1.9999e-03 +1.9999e-03 +1.9999e-03 +1.9999e-03 +1.9999e-03 +1.9999e-03 +1.9999e-03 +1.9999e-03 +1.9999e-03 +1.9999e-03 +1.9999e-03 +1.9999e-03 
+0000.00150 +1.5001e-03 +1.5001e-03 +1.5001e-03 +1.5001e-03 +1.5001e-03 +1.5001e-03 +1.5001e-03 +1.5001e-03 +1.5001e-03 +1.5001e-03 +1.5001e-03 +1.5001e-03 +1.5001e-03 +1.5001e-03 +1.5001e-03 +1.5001e-03 +1.5001e-03 +1.5001e-03 +1.5001e-03 +1.5000e-03 +1.5000e-03 +1.5000e-03 +1.5000e-03 +1.5000e-03 +1.5000e-03 +1.5000e-03 +1.5000e-03 +1.5000e-03 +1.5000e-03 +1.5000e-03 +1.5000e-03 +1.5000e-03 +1.5000e-03 +1.5000e-03 +1.5000e-03 +1.5000e-03 +1.5000e-03 +1.5000e-03 +1.5000e-03 +1.5000e-03 +1.5000e-03 +1.5000e-03 +1.4999e-03 +1.4999e-03 +1.4999e-03 +1.4999e-03 +1.4999e-03 +1.4999e-03 +1.4999e-03 +1.4999e-03 +1.4999e-03 +1.4999e-03 +1.4999e-03 +1.4999e-03 +1.4999e-03 +1.4999e-03 +1.4999e-03 +1.4999e-03 +1.4999e-03 +1.4999e-03 +1.4999e-03 
+0000.00100 +1.0000e-03 +1.0000e-03 +1.0000e-03 +1.0000e-03 +1.0000e-03 +1.0000e-03 +1.0000e-03 +1.0000e-03 +1.0000e-03 +1.0000e-03 +1.0000e-03 +1.0000e-03 +1.0000e-03 +1.0000e-03 +1.0000e-03 +1.0000e-03 +1.0000e-03 +1.0000e-03 +1.0000e-03 +1.0000e-03 +1.0000e-03 +1.0000e-03 +1.0000e-03 +1.0000e-03 +1.0000e-03 +1.0000e-03 +1.0000e-03 +1.0000e-03 +1.0000e-03 +1.0000e-03 +9.9999e-04 +9.9999e-04 +9.9999e-04 +9.9999e-04 +9.9999e-04 +9.9999e-04 +9.9999e-04 +9.9998e-04 +9.9998e-04 +9.9998e-04 +9.9998e-04 +9.9998e-04 +9.9997e-04 +9.9997e-04 +9.9997e-04 +9.9997e-04 +9.9997e-04 +9.9997e-04 +9.9996e-04 +9.9996e-04 +9.9996e-04 +9.9996e-04 +9.9996e-04 +9.9996e-04 +9.9996e-04 +9.9996e-04 +9.9996e-04 +9.9996e-04 +9.9996e-04 +9.9996e-04 +9.9996e-04 
+0000.00050 +5.0002e-04 +5.0002e-04 +5.0002e-04 +5.0002e-04 +5.0002e-04 +5.0002e-04 +5.0002e-04 +5.0002e-04 +5.0002e-04 +5.0002e-04 +5.0002e-04 +5.0002e-04 +5.0002e-04 +5.0002e-04 +5.0002e-04 +5.0002e-04 +5.0002e-04 +5.0002e-04 +5.0001e-04 +5.0001e-04 +5.0001e-04 +5.0001e-04 +5.0001e-04 +5.0001e-04 +5.0001e-04 +5.0001e-04 +5.0000e-04 +5.0000e-04 +5.0000e-04 +5.0000e-04 +5.0000e-04 +5.0000e-04 +5.0000e-04 +5.0000e-04 +4.9999e-04 +4.9999e-04 +4.9999e-04 +4.9999e-04 +4.9999e-04 +4.9999e-04 +4.9999e-04 +4.9999e-04 +4.9999e-04 +4.9998e-04 +4.9998e-04 +4.9998e-04 +4.9998e-04 +4.9998e-04 +4.9998e-04 +4.9998e-04 +4.9998e-04 +4.9998e-04 +4.9998e-04 +4.9998e-04 +4.9998e-04 +4.9998e-04 +4.9998e-04 +4.9998e-04 +4.9998e-04 +4.9998e-04 +4.9998e-04 
+0000.00000 -7.9770e-11 -8.0655e-11 -8.1550e-11 -8.2452e-11 -8.3356e-11 -8.4260e-11 -8.5158e-11 -8.6047e-11 -8.6925e-11 -8.7787e-11 -8.8630e-11 -8.9451e-11 -9.0248e-11 -9.1018e-11 -9.1758e-11 -9.2465e-11 -9.3138e-11 -9.3773e-11 -9.4371e-11 -9.4927e-11 -9.5441e-11 -9.5911e-11 -9.6336e-11 -9.6714e-11 -9.7045e-11 -9.7327e-11 -9.7559e-11 -9.7741e-11 -9.7873e-11 -9.7953e-11 -9.7982e-11 -9.7960e-11 -9.7886e-11 -9.7761e-11 -9.7586e-11 -9.7360e-11 -9.7085e-11 -9.6761e-11 -9.6389e-11 -9.5971e-11 -9.5507e-11 -9.4998e-11 -9.4448e-11 -9.3856e-11 -9.3226e-11 -9.2558e-11 -9.1855e-11 -9.1120e-11 -9.0355e-11 -8.9562e-11 -8.8744e-11 -8.7904e-11 -8.7045e-11 -8.6170e-11 -8.5283e-11 -8.4386e-11 -8.3484e-11 -8.2581e-11 -8.1679e-11 -8.0784e-11 -7.9899e-11 
-0000.00050 -5.0002e-04 -5.0002e-04 -5.0002e-04 -5.0002e-04 -5.0002e-04 -5.0002e-04 -5.0002e-04 -5.0002e-04 -5.0002e-04 -5.0002e-04 -5.0002e-04 -5.0002e-04 -5.0002e-04 -5.0002e-04 -5.0002e-04 -5.0002e-04 -5.0002e-04 -5.0002e-04 -5.0001e-04 -5.0001e-04 -5.0001e-04 -5.0001e-04 -5.0001e-04 -5.0001e-04 -5.0001e-04 -5.0001e-04 -5.0000e-04 -5.0000e-04 -5.0000e-04 -5.0000e-04 -5.0000e-04 -5.0000e-04 -5.0000e-04 -5.0000e-04 -4.9999e-04 -4.9999e-04 -4.9999e-04 -4.9999e-04 -4.9999e-04 -4.9999e-04 -4.9999e-04 -4.9999e-04 -4.9999e-04 -4.9998e-04 -4.9998e-04 -4.9998e-04 -4.9998e-04 -4.9998e-04 -4.9998e-04 -4.9998e-04 -4.9998e-04 -4.9998e-04 -4.9998e-04 -4.9998e-04 -4.9998e-04 -4.9998e-04 -4.9998e-04 -4.9998e-04 -4.9998e-04 -4.9998e-04 -4.9998e-04 
-0000.00100 -1.0000e-03 -1.0000e-03 -1.0000e-03 -1.0000e-03 -1.0000e-03 -1.0000e-03 -1.0000e-03 -1.0000e-03 -1.0000e-03 -1.0000e-03 -1.0000e-03 -1.0000e-03 -1.0000e-03 -1.0000e-03 -1.0000e-03 -1.0000e-03 -1.0000e-03 -1.0000e-03 -1.0000e-03 -1.0000e-03 -1.0000e-03 -1.0000e-03 -1.0000e-03 -1.0000e-03 -1.0000e-03 -1.0000e-03 -1.0000e-03 -1.0000e-03 -1.0000e-03 -1.0000e-03 -9.9999e-04 -9.9999e-04 -9.9999e-04 -9.9999e-04 -9.9999e-04 -9.9999e-04 -9.9999e-04 -9.9998e-04 -9.9998e-04 -9.9998e-04 -9.9998e-04 -9.9998e-04 -9.9997e-04 -9.9997e-04 -9.9997e-04 -9.9997e-04 -9.9997e-04 -9.9997e-04 -9.9996e-04 -9.9996e-04 -9.9996e-04 -9.9996e-04 -9.9996e-04 -9.9996e-04 -9.9996e-04 -9.9996e-04 -9.9996e-04 -9.9996e-04 -9.9996e-04 -9.9996e-04 -9.9996e-04 
-0000.00150 -1.5001e-03 -1.5001e-03 -1.5001e-03 -1.5001e-03 -1.5001e-03 -1.5001e-03 -1.5001e-03 -1.5001e-03 -1.5001e-03 -1.5001e-03 -1.5001e-03 -1.5001e-03 -1.5001e-03 -1.5001e-03 -1.5001e-03 -1.5001e-03 -1.5001e-03 -1.5001e-03 -1.5001e-03 -1.5000e-03 -1.5000e-03 -1.5000e-03 -1.5000e-03 -1.5000e-03 -1.5000e-03 -1.5000e-03 -1.5000e-03 -1.5000e-03 -1.5000e-03 -1.5000e-03 -1.5000e-03 -1.5000e-03 -1.5000e-03 -1.5000e-03 -1.5000e-03 -1.5000e-03 -1.5000e-03 -1.5000e-03 -1.5000e-03 -1.5000e-03 -1.5000e-03 -1.5000e-03 -1.4999e-03 -1.4999e-03 -1.4999e-03 -1.4999e-03 -1.4999e-03 -1.4999e-03 -1.4999e-03 -1.4999e-03 -1.4999e-03 -1.4999e-03 -1.4999e-03 -1.4999e-03 -1.4999e-03 -1.4999e-03 -1.4999e-03 -1.4999e-03 -1.4999e-03 -1.4999e-03 -1.4999e-03 
-0000.00200 -2.0001e-03 -2.0001e-03 -2.0001e-03 -2.0001e-03 -2.0001e-03 -2.0001e-03 -2.0001e-03 -2.0001e-03 -2.0001e-03 -2.0001e-03 -2.0001e-03 -2.0001e-03 -2.0001e-03 -2.0001e-03 -2.0001e-03 -2.0001e-03 -2.0001e-03 -2.0001e-03 -2.0001e-03 -2.0001e-03 -2.0001e-03 -2.0001e-03 -2.0001e-03 -2.0000e-03 -2.0000e-03 -2.0000e-03 -2.0000e-03 -2.0000e-03 -2.0000e-03 -2.0000e-03 -2.0000e-03 -2.0000e-03 -2.0000e-03 -2.0000e-03 -2.0000e-03 -2.0000e-03 -2.0000e-03 -2.0000e-03 -1.9999e-03 -1.9999e-03 -1.9999e-03 -1.9999e-03 -1.9999e-03 -1.9999e-03 -1.9999e-03 -1.9999e-03 -1.9999e-03 -1.9999e-03 -1.9999e-03 -1.9999e-03 -1.9999e-03 -1.9999e-03 -1.9999e-03 -1.9999e-03 -1.9999e-03 -1.9999e-03 -1.9999e-03 -1.9999e-03 -1.9999e-03 -1.9999e-03 -1.9999e-03 