# Author: FAC idanalysis.IDKickMap
# Termination_kicks [T2m2]: +0.0000e+00 +0.0000e+00 +0.0000e+00 +0.0000e+00 
# Total Length of Longitudinal Interval [m]
0.13
# Number of Horizontal Points
61
# Number of Vertical Points
9
# Total Horizontal 2nd Order Kick [T2m2]
START
            -0000.01000 -0000.00967 -0000.00933 -0000.00900 -0000.00867 -0000.00833 -0000.00800 -0000.00767 -0000.00733 -0000.00700 -0000.00667 -0000.00633 -0000.00600 -0000.00567 -0000.00533 -0000.00500 -0000.00467 -0000.00433 -0000.00400 -0000.00367 -0000.00333 -0000.00300 -0000.00267 -0000.00233 -0000.00200 -0000.00167 -0000.00133 -0000.00100 -0000.00067 -0000.00033 +0000.00000 +0000.00033 +0000.00067 +0000.00100 +0000.00133 +0000.00167 +0000.00200 +0000.00233 +0000.00267 +0000.00300 +0000.00333 +0000.00367 +0000.00400 +0000.00433 +0000.00467 +0000.00500 +0000.00533 +0000.00567 +0000.00600 +0000.00633 +0000.00667 +0000.00700 +0000.00733 +0000.00767 +0000.00800 +0000.00833 +0000.00867 +0000.00900 +0000.00933 +0000.00967 +0000.01000 
+0000.00200 +1.3100e-05 +1.2169e-05 +1.1272e-05 +1.0410e-05 +9.5830e-06 +8.7890e-06 +8.0290e-06 +7.3030e-06 +6.6090e-06 +5.9490e-06 +5.3210e-06 +4.7250e-06 +4.1620e-06 +3.6310e-06 +3.1320e-06 +2.6640e-06 +2.2280e-06 +1.8230e-06 +1.4490e-06 +1.1060e-06 +7.9400e-07 +5.1300e-07 +2.6200e-07 +4.2000e-08 -1.4700e-07 -3.0600e-07 -4.3400e-07 -5.3200e-07 -6.0000e-07 -6.3700e-07 -6.4400e-07 -6.2100e-07 -5.6700e-07 -4.8300e-07 -3.6800e-07 -2.2300e-07 -4.7000e-08 +1.6000e-07 +3.9700e-07 +6.6600e-07 +9.6500e-07 +1.2960e-06 +1.6580e-06 +2.0510e-06 +2.4760e-06 +2.9330e-06 +3.4220e-06 +3.9440e-06 +4.4970e-06 +5.0840e-06 +5.7030e-06 +6.3560e-06 +7.0420e-06 +7.7620e-06 +8.5160e-06 +9.3040e-06 +1.0127e-05 +1.0985e-05 +1.1879e-05 +1.2808e-05 +1.3773e-05 
+0000.00150 +1.3398e-05 +1.2469e-05 +1.1575e-05 +1.0714e-05 +9.8880e-06 +9.0950e-06 +8.3350e-06 +7.6080e-06 +6.9140e-06 +6.2530e-06 +5.6240e-06 +5.0280e-06 +4.4630e-06 +3.9300e-06 +3.4290e-06 +2.9600e-06 +2.5220e-06 +2.1150e-06 +1.7400e-06 +1.3960e-06 +1.0820e-06 +8.0000e-07 +5.4800e-07 +3.2700e-07 +1.3700e-07 -2.3000e-08 -1.5200e-07 -2.5000e-07 -3.1800e-07 -3.5600e-07 -3.6200e-07 -3.3900e-07 -2.8400e-07 -1.9900e-07 -8.4000e-08 +6.3000e-08 +2.4000e-07 +4.4700e-07 +6.8600e-07 +9.5600e-07 +1.2570e-06 +1.5890e-06 +1.9530e-06 +2.3480e-06 +2.7750e-06 +3.2330e-06 +3.7240e-06 +4.2460e-06 +4.8010e-06 +5.3890e-06 +6.0090e-06 +6.6620e-06 +7.3480e-06 +8.0680e-06 +8.8210e-06 +9.6090e-06 +1.0430e-05 +1.1286e-05 +1.2176e-05 +1.3102e-05 +1.4063e-05 
+0000.00100 +1.3609e-05 +1.2682e-05 +1.1790e-05 +1.0931e-05 +1.0105e-05 +9.3130e-06 +8.5530e-06 +7.8270e-06 +7.1330e-06 +6.4710e-06 +5.8410e-06 +5.2440e-06 +4.6790e-06 +4.1450e-06 +3.6430e-06 +3.1720e-06 +2.7330e-06 +2.3250e-06 +1.9490e-06 +1.6030e-06 +1.2890e-06 +1.0050e-06 +7.5300e-07 +5.3100e-07 +3.4000e-07 +1.8000e-07 +5.0000e-08 -4.9000e-08 -1.1700e-07 -1.5400e-07 -1.6100e-07 -1.3700e-07 -8.3000e-08 +3.0000e-09 +1.1900e-07 +2.6600e-07 +4.4300e-07 +6.5200e-07 +8.9200e-07 +1.1630e-06 +1.4650e-06 +1.7980e-06 +2.1630e-06 +2.5590e-06 +2.9870e-06 +3.4460e-06 +3.9380e-06 +4.4620e-06 +5.0170e-06 +5.6060e-06 +6.2260e-06 +6.8800e-06 +7.5660e-06 +8.2860e-06 +9.0390e-06 +9.8250e-06 +1.0646e-05 +1.1500e-05 +1.2389e-05 +1.3312e-05 +1.4270e-05 
+0000.00050 +1.3735e-05 +1.2810e-05 +1.1918e-05 +1.1060e-05 +1.0235e-05 +9.4430e-06 +8.6840e-06 +7.9570e-06 +7.2630e-06 +6.6010e-06 +5.9720e-06 +5.3740e-06 +4.8080e-06 +4.2740e-06 +3.7710e-06 +3.3000e-06 +2.8600e-06 +2.4520e-06 +2.0740e-06 +1.7280e-06 +1.4130e-06 +1.1290e-06 +8.7600e-07 +6.5400e-07 +4.6200e-07 +3.0200e-07 +1.7200e-07 +7.3000e-08 +4.0000e-09 -3.3000e-08 -4.0000e-08 -1.6000e-08 +3.9000e-08 +1.2400e-07 +2.4100e-07 +3.8800e-07 +5.6600e-07 +7.7500e-07 +1.0160e-06 +1.2870e-06 +1.5900e-06 +1.9240e-06 +2.2890e-06 +2.6860e-06 +3.1140e-06 +3.5750e-06 +4.0670e-06 +4.5910e-06 +5.1470e-06 +5.7360e-06 +6.3570e-06 +7.0110e-06 +7.6970e-06 +8.4170e-06 +9.1690e-06 +9.9550e-06 +1.0775e-05 +1.1628e-05 +1.2516e-05 +1.3437e-05 +1.4393e-05 
+0000.00000 +1.3777e-05 +1.2852e-05 +1.1961e-05 +1.1103e-05 +1.0279e-05 +9.4870e-06 +8.7280e-06 +8.0010e-06 +7.3070e-06 +6.6450e-06 +6.0150e-06 +5.4170e-06 +4.8510e-06 +4.3170e-06 +3.8140e-06 +3.3420e-06 +2.9020e-06 +2.4940e-06 +2.1160e-06 +1.7700e-06 +1.4550e-06 +1.1700e-06 +9.1700e-07 +6.9500e-07 +5.0300e-07 +3.4200e-07 +2.1200e-07 +1.1300e-07 +4.5000e-08 +7.0000e-09 +0.0000e+00 +2.4000e-08 +7.9000e-08 +1.6500e-07 +2.8100e-07 +4.2900e-07 +6.0700e-07 +8.1600e-07 +1.0570e-06 +1.3280e-06 +1.6310e-06 +1.9650e-06 +2.3310e-06 +2.7280e-06 +3.1570e-06 +3.6170e-06 +4.1090e-06 +4.6340e-06 +5.1900e-06 +5.7790e-06 +6.4000e-06 +7.0540e-06 +7.7400e-06 +8.4600e-06 +9.2120e-06 +9.9980e-06 +1.0818e-05 +1.1671e-05 +1.2558e-05 +1.3479e-05 +1.4435e-05 
-0000.00050 +1.3735e-05 +1.2810e-05 +1.1919e-05 +1.1061e-05 +1.0236e-05 +9.4440e-06 +8.6850e-06 +7.9580e-06 +7.2640e-06 +6.6020e-06 +5.9720e-06 +5.3740e-06 +4.8080e-06 +4.2740e-06 +3.7710e-06 +3.3000e-06 +2.8600e-06 +2.4520e-06 +2.0750e-06 +1.7280e-06 +1.4130e-06 +1.1290e-06 +8.7600e-07 +6.5400e-07 +4.6200e-07 +3.0200e-07 +1.7200e-07 +7.3000e-08 +4.0000e-09 -3.3000e-08 -4.0000e-08 -1.6000e-08 +3.8000e-08 +1.2400e-07 +2.4000e-07 +3.8700e-07 +5.6600e-07 +7.7500e-07 +1.0150e-06 +1.2860e-06 +1.5890e-06 +1.9230e-06 +2.2880e-06 +2.6850e-06 +3.1140e-06 +3.5740e-06 +4.0660e-06 +4.5900e-06 +5.1470e-06 +5.7350e-06 +6.3560e-06 +7.0100e-06 +7.6970e-06 +8.4160e-06 +9.1690e-06 +9.9550e-06 +1.0775e-05 +1.1628e-05 +1.2516e-05 +1.3437e-05 +1.4393e-05 
-0000.00100 +1.3610e-05 +1.2684e-05 +1.1791e-05 +1.0932e-05 +1.0107e-05 +9.3140e-06 +8.5550e-06 +7.8280e-06 +7.1340e-06 +6.4720e-06 +5.8430e-06 +5.2450e-06 +4.6800e-06 +4.1460e-06 +3.6440e-06 +3.1730e-06 +2.7340e-06 +2.3260e-06 +1.9500e-06 +1.6040e-06 +1.2900e-06 +1.0060e-06 +7.5300e-07 +5.3200e-07 +3.4100e-07 +1.8000e-07 +5.1000e-08 -4.8000e-08 -1.1700e-07 -1.5400e-07 -1.6100e-07 -1.3700e-07 -8.3000e-08 +3.0000e-09 +1.1900e-07 +2.6500e-07 +4.4300e-07 +6.5200e-07 +8.9100e-07 +1.1620e-06 +1.4640e-06 +1.7980e-06 +2.1620e-06 +2.5580e-06 +2.9860e-06 +3.4460e-06 +3.9370e-06 +4.4610e-06 +5.0170e-06 +5.6050e-06 +6.2250e-06 +6.8790e-06 +7.5650e-06 +8.2850e-06 +9.0380e-06 +9.8240e-06 +1.0645e-05 +1.1499e-05 +1.2388e-05 +1.3311e-05 +1.4269e-05 
-0000.00150 +1.3401e-05 +1.2472e-05 +1.1577e-05 +1.0716e-05 +9.8890e-06 +9.0960e-06 +8.3360e-06 +7.6090e-06 +6.9150e-06 +6.2540e-06 +5.6250e-06 +5.0280e-06 +4.4640e-06 +3.9310e-06 +3.4300e-06 +2.9610e-06 +2.5230e-06 +2.1160e-06 +1.7410e-06 +1.3960e-06 +1.0830e-06 +8.0000e-07 +5.4900e-07 +3.2800e-07 +1.3800e-07 -2.2000e-08 -1.5100e-07 -2.5000e-07 -3.1800e-07 -3.5500e-07 -3.6200e-07 -3.3800e-07 -2.8400e-07 -1.9900e-07 -8.4000e-08 +6.3000e-08 +2.4000e-07 +4.4700e-07 +6.8600e-07 +9.5600e-07 +1.2570e-06 +1.5890e-06 +1.9520e-06 +2.3470e-06 +2.7740e-06 +3.2320e-06 +3.7220e-06 +4.2450e-06 +4.8000e-06 +5.3870e-06 +6.0070e-06 +6.6600e-06 +7.3460e-06 +8.0660e-06 +8.8190e-06 +9.6060e-06 +1.0428e-05 +1.1283e-05 +1.2174e-05 +1.3100e-05 +1.4061e-05 
-0000.00200 +1.3104e-05 +1.2172e-05 +1.1275e-05 +1.0413e-05 +9.5850e-06 +8.7910e-06 +8.0310e-06 +7.3040e-06 +6.6110e-06 +5.9500e-06 +5.3220e-06 +4.7270e-06 +4.1630e-06 +3.6320e-06 +3.1330e-06 +2.6650e-06 +2.2280e-06 +1.8230e-06 +1.4490e-06 +1.1060e-06 +7.9400e-07 +5.1300e-07 +2.6300e-07 +4.3000e-08 -1.4700e-07 -3.0600e-07 -4.3400e-07 -5.3200e-07 -6.0000e-07 -6.3700e-07 -6.4400e-07 -6.2100e-07 -5.6700e-07 -4.8300e-07 -3.6800e-07 -2.2300e-07 -4.7000e-08 +1.5900e-07 +3.9700e-07 +6.6500e-07 +9.6400e-07 +1.2950e-06 +1.6570e-06 +2.0500e-06 +2.4750e-06 +2.9320e-06 +3.4210e-06 +3.9420e-06 +4.4960e-06 +5.0820e-06 +5.7010e-06 +6.3540e-06 +7.0400e-06 +7.7600e-06 +8.5140e-06 +9.3020e-06 +1.0125e-05 +1.0983e-05 +1.1876e-05 +1.2805e-05 +1.3770e-05 
# Total Vertical 2nd Order Kick [T2m2]
START
            -0000.01000 -0000.00967 -0000.00933 -0000.00900 -0000.00867 -0000.00833 -0000.00800 -0000.00767 -0000.00733 -0000.00700 -0000.00667 -0000.00633 -0000.00600 -0000.00567 -0000.00533 -0000.00500 -0000.00467 -0000.00433 -0000.00400 -0000.00367 -0000.00333 -0000.00300 -0000.00267 -0000.00233 -0000.00200 -0000.00167 -0000.00133 -0000.00100 -0000.00067 -0000.00033 +0000.00000 +0000.00033 +0000.00067 +0000.00100 +0000.00133 +0000.00167 +0000.00200 +0000.00233 +0000.00267 +0000.00300 +0000.00333 +0000.00367 +0000.00400 +0000.00433 +0000.00467 +0000.00500 +0000.00533 +0000.00567 +0000.00600 +0000.00633 +0000.00667 +0000.00700 +0000.00733 +0000.00767 +0000.00800 +0000.00833 +0000.00867 +0000.00900 +0000.00933 +0000.00967 +0000.01000 
+0000.00200 -1.9708e-05 -1.9903e-05 -2.0099e-05 -2.0294e-05 -2.0489e-05 -2.0684e-05 -2.0878e-05 -2.1072e-05 -2.1266e-05 -2.1459e-05 -2.1653e-05 -2.1845e-05 -2.2038e-05 -2.2230e-05 -2.2421e-05 -2.2612e-05 -2.2803e-05 -2.2993e-05 -2.3183e-05 -2.3372e-05 -2.3561e-05 -2.3750e-05 -2.3938e-05 -2.4126e-05 -2.4314e-05 -2.4501e-05 -2.4688e-05 -2.4874e-05 -2.5060e-05 -2.5246e-05 -2.5432e-05 -2.5618e-05 -2.5803e-05 -2.5989e-05 -2.6174e-05 -2.6359e-05 -2.6545e-05 -2.6730e-05 -2.6916e-05 -2.7102e-05 -2.7288e-05 -2.7474e-05 -2.7661e-05 -2.7848e-05 -2.8035e-05 -2.8223e-05 -2.8412e-05 -2.8601e-05 -2.8792e-05 -2.8983e-05 -2.9175e-05 -2.9368e-05 -2.9562e-05 -2.9757e-05 -2.9954e-05 -3.0152e-05 -3.0351e-05 -3.0552e-05 -3.0755e-05 -3.0960e-05 -3.1166e-05 
+0000.00150 -1.2779e-05 -1.2925e-05 -1.3071e-05 -1.3217e-05 -1.3362e-05 -1.3508e-05 -1.3653e-05 -1.3798e-05 -1.3943e-05 -1.4088e-05 -1.4233e-05 -1.4377e-05 -1.4521e-05 -1.4665e-05 -1.4808e-05 -1.4952e-05 -1.5095e-05 -1.5237e-05 -1.5380e-05 -1.5522e-05 -1.5664e-05 -1.5805e-05 -1.5947e-05 -1.6088e-05 -1.6228e-05 -1.6369e-05 -1.6509e-05 -1.6649e-05 -1.6789e-05 -1.6929e-05 -1.7069e-05 -1.7208e-05 -1.7347e-05 -1.7487e-05 -1.7626e-05 -1.7765e-05 -1.7904e-05 -1.8044e-05 -1.8183e-05 -1.8322e-05 -1.8462e-05 -1.8602e-05 -1.8742e-05 -1.8882e-05 -1.9023e-05 -1.9164e-05 -1.9305e-05 -1.9447e-05 -1.9590e-05 -1.9733e-05 -1.9877e-05 -2.0021e-05 -2.0166e-05 -2.0312e-05 -2.0459e-05 -2.0607e-05 -2.0756e-05 -2.0906e-05 -2.1057e-05 -2.1209e-05 -2.1363e-05 
+0000.00100 -7.6261e-06 -7.7230e-06 -7.8199e-06 -7.9168e-06 -8.0137e-06 -8.1105e-06 -8.2072e-06 -8.3038e-06 -8.4003e-06 -8.4967e-06 -8.5930e-06 -8.6891e-06 -8.7851e-06 -8.8809e-06 -8.9766e-06 -9.0721e-06 -9.1674e-06 -9.2625e-06 -9.3575e-06 -9.4523e-06 -9.5469e-06 -9.6414e-06 -9.7356e-06 -9.8297e-06 -9.9237e-06 -1.0017e-05 -1.0111e-05 -1.0204e-05 -1.0298e-05 -1.0391e-05 -1.0484e-05 -1.0577e-05 -1.0670e-05 -1.0763e-05 -1.0856e-05 -1.0949e-05 -1.1042e-05 -1.1135e-05 -1.1228e-05 -1.1321e-05 -1.1414e-05 -1.1507e-05 -1.1601e-05 -1.1694e-05 -1.1788e-05 -1.1882e-05 -1.1976e-05 -1.2071e-05 -1.2166e-05 -1.2261e-05 -1.2356e-05 -1.2453e-05 -1.2549e-05 -1.2646e-05 -1.2744e-05 -1.2842e-05 -1.2941e-05 -1.3040e-05 -1.3141e-05 -1.3242e-05 -1.3344e-05 
+0000.00050 -3.5551e-06 -3.6035e-06 -3.6519e-06 -3.7004e-06 -3.7488e-06 -3.7971e-06 -3.8455e-06 -3.8938e-06 -3.9421e-06 -3.9903e-06 -4.0385e-06 -4.0866e-06 -4.1346e-06 -4.1826e-06 -4.2305e-06 -4.2783e-06 -4.3260e-06 -4.3736e-06 -4.4212e-06 -4.4687e-06 -4.5160e-06 -4.5633e-06 -4.6105e-06 -4.6577e-06 -4.7047e-06 -4.7517e-06 -4.7986e-06 -4.8454e-06 -4.8921e-06 -4.9388e-06 -4.9855e-06 -5.0320e-06 -5.0786e-06 -5.1251e-06 -5.1716e-06 -5.2180e-06 -5.2645e-06 -5.3109e-06 -5.3574e-06 -5.4039e-06 -5.4504e-06 -5.4970e-06 -5.5436e-06 -5.5904e-06 -5.6372e-06 -5.6841e-06 -5.7311e-06 -5.7783e-06 -5.8256e-06 -5.8731e-06 -5.9208e-06 -5.9687e-06 -6.0168e-06 -6.0652e-06 -6.1139e-06 -6.1628e-06 -6.2120e-06 -6.2616e-06 -6.3115e-06 -6.3619e-06 -6.4126e-06 
+0000.00000 +3.8125e-09 +3.6278e-09 +3.4412e-09 +3.2537e-09 +3.0660e-09 +2.8788e-09 +2.6930e-09 +2.5090e-09 +2.3280e-09 +2.1500e-09 +1.9760e-09 +1.8060e-09 +1.6420e-09 +1.4830e-09 +1.3300e-09 +1.1840e-09 +1.0440e-09 +9.1200e-10 +7.8800e-10 +6.7200e-10 +5.6400e-10 +4.6500e-10 +3.7500e-10 +2.9400e-10 +2.2300e-10 +1.6100e-10 +1.0900e-10 +6.6000e-11 +3.4000e-11 +1.2000e-11 +0.0000e+00 -2.0000e-12 +5.0000e-12 +2.3000e-11 +5.1000e-11 +8.8000e-11 +1.3600e-10 +1.9200e-10 +2.5800e-10 +3.3300e-10 +4.1700e-10 +5.0900e-10 +6.0900e-10 +7.1700e-10 +8.3300e-10 +9.5600e-10 +1.0850e-09 +1.2210e-09 +1.3620e-09 +1.5080e-09 +1.6590e-09 +1.8140e-09 +1.9730e-09 +2.1340e-09 +2.2980e-09 +2.4620e-09 +2.6280e-09 +2.7940e-09 +2.9587e-09 +3.1220e-09 +3.2829e-09 
-0000.00050 +3.5628e-06 +3.6108e-06 +3.6588e-06 +3.7069e-06 +3.7549e-06 +3.8029e-06 +3.8509e-06 +3.8988e-06 +3.9467e-06 +3.9946e-06 +4.0424e-06 +4.0902e-06 +4.1379e-06 +4.1855e-06 +4.2331e-06 +4.2806e-06 +4.3281e-06 +4.3754e-06 +4.4227e-06 +4.4700e-06 +4.5171e-06 +4.5642e-06 +4.6113e-06 +4.6582e-06 +4.7051e-06 +4.7520e-06 +4.7988e-06 +4.8455e-06 +4.8922e-06 +4.9388e-06 +4.9854e-06 +5.0320e-06 +5.0786e-06 +5.1251e-06 +5.1716e-06 +5.2182e-06 +5.2647e-06 +5.3113e-06 +5.3579e-06 +5.4045e-06 +5.4512e-06 +5.4980e-06 +5.5448e-06 +5.5918e-06 +5.6388e-06 +5.6860e-06 +5.7333e-06 +5.7807e-06 +5.8283e-06 +5.8761e-06 +5.9241e-06 +5.9723e-06 +6.0208e-06 +6.0695e-06 +6.1184e-06 +6.1677e-06 +6.2173e-06 +6.2672e-06 +6.3174e-06 +6.3681e-06 +6.4191e-06 
-0000.00100 +7.6339e-06 +7.7304e-06 +7.8269e-06 +7.9234e-06 +8.0198e-06 +8.1162e-06 +8.2125e-06 +8.3087e-06 +8.4049e-06 +8.5009e-06 +8.5968e-06 +8.6926e-06 +8.7883e-06 +8.8838e-06 +8.9791e-06 +9.0744e-06 +9.1694e-06 +9.2643e-06 +9.3590e-06 +9.4536e-06 +9.5480e-06 +9.6423e-06 +9.7364e-06 +9.8304e-06 +9.9242e-06 +1.0018e-05 +1.0112e-05 +1.0205e-05 +1.0298e-05 +1.0392e-05 +1.0485e-05 +1.0578e-05 +1.0671e-05 +1.0764e-05 +1.0857e-05 +1.0950e-05 +1.1043e-05 +1.1136e-05 +1.1229e-05 +1.1322e-05 +1.1415e-05 +1.1509e-05 +1.1602e-05 +1.1696e-05 +1.1790e-05 +1.1884e-05 +1.1979e-05 +1.2073e-05 +1.2169e-05 +1.2264e-05 +1.2360e-05 +1.2456e-05 +1.2553e-05 +1.2651e-05 +1.2749e-05 +1.2847e-05 +1.2946e-05 +1.3046e-05 +1.3147e-05 +1.3248e-05 +1.3350e-05 
-0000.00150 +1.2787e-05 +1.2932e-05 +1.3078e-05 +1.3223e-05 +1.3369e-05 +1.3514e-05 +1.3659e-05 +1.3804e-05 +1.3948e-05 +1.4093e-05 +1.4237e-05 +1.4381e-05 +1.4525e-05 +1.4668e-05 +1.4812e-05 +1.4954e-05 +1.5097e-05 +1.5240e-05 +1.5382e-05 +1.5524e-05 +1.5665e-05 +1.5807e-05 +1.5948e-05 +1.6089e-05 +1.6229e-05 +1.6370e-05 +1.6510e-05 +1.6650e-05 +1.6790e-05 +1.6929e-05 +1.7069e-05 +1.7208e-05 +1.7348e-05 +1.7487e-05 +1.7626e-05 +1.7766e-05 +1.7905e-05 +1.8044e-05 +1.8184e-05 +1.8323e-05 +1.8463e-05 +1.8603e-05 +1.8743e-05 +1.8884e-05 +1.9025e-05 +1.9166e-05 +1.9308e-05 +1.9450e-05 +1.9593e-05 +1.9736e-05 +1.9880e-05 +2.0025e-05 +2.0171e-05 +2.0317e-05 +2.0464e-05 +2.0612e-05 +2.0762e-05 +2.0912e-05 +2.1063e-05 +2.1216e-05 +2.1370e-05 
-0000.00200 +1.9716e-05 +1.9911e-05 +2.0106e-05 +2.0301e-05 +2.0495e-05 +2.0690e-05 +2.0884e-05 +2.1078e-05 +2.1271e-05 +2.1464e-05 +2.1657e-05 +2.1849e-05 +2.2041e-05 +2.2233e-05 +2.2424e-05 +2.2615e-05 +2.2805e-05 +2.2995e-05 +2.3185e-05 +2.3374e-05 +2.3563e-05 +2.3751e-05 +2.3939e-05 +2.4127e-05 +2.4314e-05 +2.4501e-05 +2.4688e-05 +2.4874e-05 +2.5061e-05 +2.5247e-05 +2.5432e-05 +2.5618e-05 +2.5804e-05 +2.5989e-05 +2.6174e-05 +2.6360e-05 +2.6545e-05 +2.6731e-05 +2.6916e-05 +2.7102e-05 +2.7289e-05 +2.7475e-05 +2.7662e-05 +2.7849e-05 +2.8037e-05 +2.8225e-05 +2.8414e-05 +2.8604e-05 +2.8795e-05 +2.8986e-05 +2.9178e-05 +2.9372e-05 +2.9566e-05 +2.9762e-05 +2.9959e-05 +3.0157e-05 +3.0357e-05 +3.0558e-05 +3.0761e-05 +3.0966e-05 +3.1173e-05 
# Horizontal Final Position [m]
START
            -0000.01000 -0000.00967 -0000.00933 -0000.00900 -0000.00867 -0000.00833 -0000.00800 -0000.00767 -0000.00733 -0000.00700 -0000.00667 -0000.00633 -0000.00600 -0000.00567 -0000.00533 -0000.00500 -0000.00467 -0000.00433 -0000.00400 -0000.00367 -0000.00333 -0000.00300 -0000.00267 -0000.00233 -0000.00200 -0000.00167 -0000.00133 -0000.00100 -0000.00067 -0000.00033 +0000.00000 +0000.00033 +0000.00067 +0000.00100 +0000.00133 +0000.00167 +0000.00200 +0000.00233 +0000.00267 +0000.00300 +0000.00333 +0000.00367 +0000.00400 +0000.00433 +0000.00467 +0000.00500 +0000.00533 +0000.00567 +0000.00600 +0000.00633 +0000.00667 +0000.00700 +0000.00733 +0000.00767 +0000.00800 +0000.00833 +0000.00867 +0000.00900 +0000.00933 +0000.00967 +0000.01000 
+0000.00200 -1.0003e-02 -9.6698e-03 -9.3366e-03 -9.0033e-03 -8.6701e-03 -8.3368e-03 -8.0036e-03 -7.6703e-03 -7.3370e-03 -7.0037e-03 -6.6704e-03 -6.3371e-03 -6.0038e-03 -5.6705e-03 -5.3372e-03 -5.0039e-03 -4.6705e-03 -4.3372e-03 -4.0039e-03 -3.6705e-03 -3.3372e-03 -3.0039e-03 -2.6705e-03 -2.3372e-03 -2.0038e-03 -1.6705e-03 -1.3371e-03 -1.0038e-03 -6.7046e-04 -3.3711e-04 -3.7707e-06 +3.2957e-04 +6.6291e-04 +9.9625e-04 +1.3296e-03 +1.6629e-03 +1.9963e-03 +2.3296e-03 +2.6629e-03 +2.9963e-03 +3.3296e-03 +3.6629e-03 +3.9963e-03 +4.3296e-03 +4.6629e-03 +4.9962e-03 +5.3296e-03 +5.6629e-03 +5.9962e-03 +6.3296e-03 +6.6629e-03 +6.9962e-03 +7.3296e-03 +7.6629e-03 +7.9962e-03 +8.3296e-03 +8.6629e-03 +8.9963e-03 +9.3296e-03 +9.6630e-03 +9.9963e-03 
+0000.00150 -1.0003e-02 -9.6698e-03 -9.3366e-03 -9.0033e-03 -8.6701e-03 -8.3368e-03 -8.0036e-03 -7.6703e-03 -7.3370e-03 -7.0037e-03 -6.6704e-03 -6.3371e-03 -6.0038e-03 -5.6705e-03 -5.3372e-03 -5.0039e-03 -4.6705e-03 -4.3372e-03 -4.0039e-03 -3.6705e-03 -3.3372e-03 -3.0039e-03 -2.6705e-03 -2.3372e-03 -2.0038e-03 -1.6705e-03 -1.3371e-03 -1.0038e-03 -6.7046e-04 -3.3711e-04 -3.7707e-06 +3.2957e-04 +6.6291e-04 +9.9625e-04 +1.3296e-03 +1.6629e-03 +1.9963e-03 +2.3296e-03 +2.6629e-03 +2.9963e-03 +3.3296e-03 +3.6629e-03 +3.9963e-03 +4.3296e-03 +4.6629e-03 +4.9962e-03 +5.3296e-03 +5.6629e-03 +5.9962e-03 +6.3296e-03 +6.6629e-03 +6.9962e-03 +7.3296e-03 +7.6629e-03 +7.9962e-03 +8.3296e-03 +8.6629e-03 +8.9963e-03 +9.3296e-03 +9.6630e-03 +9.9963e-03 
+0000.00100 -1.0003e-02 -9.6698e-03 -9.3366e-03 -9.0033e-03 -8.6701e-03 -8.3368e-03 -8.0036e-03 -7.6703e-03 -7.3370e-03 -7.0037e-03 -6.6704e-03 -6.3371e-03 -6.0038e-03 -5.6705e-03 -5.3372e-03 -5.0039e-03 -4.6705e-03 -4.3372e-03 -4.0039e-03 -3.6705e-03 -3.3372e-03 -3.0039e-03 -2.6705e-03 -2.3372e-03 -2.0038e-03 -1.6705e-03 -1.3371e-03 -1.0038e-03 -6.7046e-04 -3.3711e-04 -3.7707e-06 +3.2957e-04 +6.6291e-04 +9.9625e-04 +1.3296e-03 +1.6629e-03 +1.9963e-03 +2.3296e-03 +2.6629e-03 +2.9963e-03 +3.3296e-03 +3.6629e-03 +3.9963e-03 +4.3296e-03 +4.6629e-03 +4.9962e-03 +5.3296e-03 +5.6629e-03 +5.9962e-03 +6.3296e-03 +6.6629e-03 +6.9962e-03 +7.3296e-03 +7.6629e-03 +7.9962e-03 +8.3296e-03 +8.6629e-03 +8.9963e-03 +9.3296e-03 +9.6630e-03 +9.9963e-03 
+0000.00050 -1.0003e-02 -9.6698e-03 -9.3366e-03 -9.0033e-03 -8.6701e-03 -8.3368e-03 -8.0036e-03 -7.6703e-03 -7.3370e-03 -7.0037e-03 -6.6704e-03 -6.3371e-03 -6.0038e-03 -5.6705e-03 -5.3372e-03 -5.0039e-03 -4.6705e-03 -4.3372e-03 -4.0039e-03 -3.6705e-03 -3.3372e-03 -3.0039e-03 -2.6705e-03 -2.3372e-03 -2.0038e-03 -1.6705e-03 -1.3371e-03 -1.0038e-03 -6.7046e-04 -3.3711e-04 -3.7707e-06 +3.2957e-04 +6.6291e-04 +9.9625e-04 +1.3296e-03 +1.6629e-03 +1.9963e-03 +2.3296e-03 +2.6629e-03 +2.9963e-03 +3.3296e-03 +3.6629e-03 +3.9963e-03 +4.3296e-03 +4.6629e-03 +4.9962e-03 +5.3296e-03 +5.6629e-03 +5.9962e-03 +6.3296e-03 +6.6629e-03 +6.9962e-03 +7.3296e-03 +7.6629e-03 +7.9962e-03 +8.3296e-03 +8.6629e-03 +8.9963e-03 +9.3296e-03 +9.6630e-03 +9.9963e-03 
+0000.00000 -1.0003e-02 -9.6698e-03 -9.3366e-03 -9.0033e-03 -8.6701e-03 -8.3368e-03 -8.0036e-03 -7.6703e-03 -7.3370e-03 -7.0037e-03 -6.6704e-03 -6.3371e-03 -6.0038e-03 -5.6705e-03 -5.3372e-03 -5.0039e-03 -4.6705e-03 -4.3372e-03 -4.0039e-03 -3.6705e-03 -3.3372e-03 -3.0039e-03 -2.6705e-03 -2.3372e-03 -2.0038e-03 -1.6705e-03 -1.3371e-03 -1.0038e-03 -6.7046e-04 -3.3711e-04 -3.7707e-06 +3.2957e-04 +6.6291e-04 +9.9625e-04 +1.3296e-03 +1.6629e-03 +1.9963e-03 +2.3296e-03 +2.6629e-03 +2.9963e-03 +3.3296e-03 +3.6629e-03 +3.9963e-03 +4.3296e-03 +4.6629e-03 +4.9962e-03 +5.3296e-03 +5.6629e-03 +5.9962e-03 +6.3296e-03 +6.6629e-03 +6.9962e-03 +7.3296e-03 +7.6629e-03 +7.9962e-03 +8.3296e-03 +8.6629e-03 +8.9963e-03 +9.3296e-03 +9.6630e-03 +9.9963e-03 
-0000.00050 -1.0003e-02 -9.6698e-03 -9.3366e-03 -9.0033e-03 -8.6701e-03 -8.3368e-03 -8.0036e-03 -7.6703e-03 -7.3370e-03 -7.0037e-03 -6.6704e-03 -6.3371e-03 -6.0038e-03 -5.6705e-03 -5.3372e-03 -5.0039e-03 -4.6705e-03 -4.3372e-03 -4.0039e-03 -3.6705e-03 -3.3372e-03 -3.0039e-03 -2.6705e-03 -2.3372e-03 -2.0038e-03 -1.6705e-03 -1.3371e-03 -1.0038e-03 -6.7046e-04 -3.3711e-04 -3.7707e-06 +3.2957e-04 +6.6291e-04 +9.9625e-04 +1.3296e-03 +1.6629e-03 +1.9963e-03 +2.3296e-03 +2.6629e-03 +2.9963e-03 +3.3296e-03 +3.6629e-03 +3.9963e-03 +4.3296e-03 +4.6629e-03 +4.9962e-03 +5.3296e-03 +5.6629e-03 +5.9962e-03 +6.3296e-03 +6.6629e-03 +6.9962e-03 +7.3296e-03 +7.6629e-03 +7.9962e-03 +8.3296e-03 +8.6629e-03 +8.9963e-03 +9.3296e-03 +9.6630e-03 +9.9963e-03 
-0000.00100 -1.0003e-02 -9.6698e-03 -9.3366e-03 -9.0033e-03 -8.6701e-03 -8.3368e-03 -8.0036e-03 -7.6703e-03 -7.3370e-03 -7.0037e-03 -6.6704e-03 -6.3371e-03 -6.0038e-03 -5.6705e-03 -5.3372e-03 -5.0039e-03 -4.6705e-03 -4.3372e-03 -4.0039e-03 -3.6705e-03 -3.3372e-03 -3.0039e-03 -2.6705e-03 -2.3372e-03 -2.0038e-03 -1.6705e-03 -1.3371e-03 -1.0038e-03 -6.7046e-04 -3.3711e-04 -3.7707e-06 +3.2957e-04 +6.6291e-04 +9.9625e-04 +1.3296e-03 +1.6629e-03 +1.9963e-03 +2.3296e-03 +2.6629e-03 +2.9963e-03 +3.3296e-03 +3.6629e-03 +3.9963e-03 +4.3296e-03 +4.6629e-03 +4.9962e-03 +5.3296e-03 +5.6629e-03 +5.9962e-03 +6.3296e-03 +6.6629e-03 +6.9962e-03 +7.3296e-03 +7.6629e-03 +7.9962e-03 +8.3296e-03 +8.6629e-03 +8.9963e-03 +9.3296e-03 +9.6630e-03 +9.9963e-03 
-0000.00150 -1.0003e-02 -9.6698e-03 -9.3366e-03 -9.0033e-03 -8.6701e-03 -8.3368e-03 -8.0036e-03 -7.6703e-03 -7.3370e-03 -7.0037e-03 -6.6704e-03 -6.3371e-03 -6.0038e-03 -5.6705e-03 -5.3372e-03 -5.0039e-03 -4.6705e-03 -4.3372e-03 -4.0039e-03 -3.6705e-03 -3.3372e-03 -3.0039e-03 -2.6705e-03 -2.3372e-03 -2.0038e-03 -1.6705e-03 -1.3371e-03 -1.0038e-03 -6.7046e-04 -3.3711e-04 -3.7707e-06 +3.2957e-04 +6.6291e-04 +9.9625e-04 +1.3296e-03 +1.6629e-03 +1.9963e-03 +2.3296e-03 +2.6629e-03 +2.9963e-03 +3.3296e-03 +3.6629e-03 +3.9963e-03 +4.3296e-03 +4.6629e-03 +4.9962e-03 +5.3296e-03 +5.6629e-03 +5.9962e-03 +6.3296e-03 +6.6629e-03 +6.9962e-03 +7.3296e-03 +7.6629e-03 +7.9962e-03 +8.3296e-03 +8.6629e-03 +8.9963e-03 +9.3296e-03 +9.6630e-03 +9.9963e-03 
-0000.00200 -1.0003e-02 -9.6698e-03 -9.3366e-03 -9.0033e-03 -8.6701e-03 -8.3368e-03 -8.0036e-03 -7.6703e-03 -7.3370e-03 -7.0037e-03 -6.6704e-03 -6.3371e-03 -6.0038e-03 -5.6705e-03 -5.3372e-03 -5.0039e-03 -4.6705e-03 -4.3372e-03 -4.0039e-03 -3.6705e-03 -3.3372e-03 -3.0039e-03 -2.6705e-03 -2.3372e-03 -2.0038e-03 -1.6705e-03 -1.3371e-03 -1.0038e-03 -6.7046e-04 -3.3711e-04 -3.7707e-06 +3.2957e-04 +6.6291e-04 +9.9625e-04 +1.3296e-03 +1.6629e-03 +1.9963e-03 +2.3296e-03 +2.6629e-03 +2.9963e-03 +3.3296e-03 +3.6629e-03 +3.9963e-03 +4.3296e-03 +4.6629e-03 +4.9962e-03 +5.3296e-03 +5.6629e-03 +5.9962e-03 +6.3296e-03 +6.6629e-03 +6.9962e-03 +7.3296e-03 +7.6629e-03 +7.9962e-03 +8.3296e-03 +8.6629e-03 +8.9963e-03 +9.3296e-03 +9.6630e-03 +9.9963e-03 
# Vertical Final Position [m]
START
            -0000.01000 -0000.00967 -0000.00933 -0000.00900 -0000.00867 -0000.00833 -0000.00800 -0000.00767 -0000.00733 -0000.00700 -0000.00667 -0000.00633 -0000.00600 -0000.00567 -0000.00533 -0000.00500 -0000.00467 -0000.00433 -0000.00400 -0000.00367 -0000.00333 -0000.00300 -0000.00267 -0000.00233 -0000.00200 -0000.00167 -0000.00133 -0000.00100 -0000.00067 -0000.00033 +0000.00000 +0000.00033 +0000.00067 +0000.00100 +0000.00133 +0000.00167 +0000.00200 +0000.00233 +0000.00267 +0000.00300 +0000.00333 +0000.00367 +0000.00400 +0000.00433 +0000.00467 +0000.00500 +0000.00533 +0000.00567 +0000.00600 +0000.00633 +0000.00667 +0000.00700 +0000.00733 +0000.00767 +0000.00800 +0000.00833 +0000.00867 +0000.00900 +0000.00933 +0000.00967 +0000.01000 
+0000.00200 +2.0001e-03 +2.0001e-03 +2.0001e-03 +2.0001e-03 +2.0001e-03 +2.0001e-03 +2.0001e-03 +2.0001e-03 +2.0001e-03 +2.0001e-03 +2.0001e-03 +2.0001e-03 +2.0000e-03 +2.0000e-03 +2.0000e-03 +2.0000e-03 +2.0000e-03 +2.0000e-03 +2.0000e-03 +2.0000e-03 +2.0000e-03 +2.0000e-03 +2.0000e-03 +2.0000e-03 +2.0000e-03 +2.0000e-03 +2.0000e-03 +2.0000e-03 +2.0000e-03 +2.0000e-03 +2.0000e-03 +2.0000e-03 +2.0000e-03 +2.0000e-03 +2.0000e-03 +2.0000e-03 +2.0000e-03 +2.0000e-03 +1.9999e-03 +1.9999e-03 +1.9999e-03 +1.9999e-03 +1.9999e-03 +1.9999e-03 +1.9999e-03 +1.9999e-03 +1.9999e-03 +1.9999e-03 +1.9999e-03 +1.9999e-03 +1.9999e-03 +1.9999e-03 +1.9999e-03 +1.9999e-03 +1.9999e-03 +1.9999e-03 +1.9999e-03 +1.9999e-03 +1.9999e-03 +1.9999e-03 +1.9998e-03 
+0000.00150 +1.5001e-03 +1.5001e-03 +1.5001e-03 +1.5001e-03 +1.5001e-03 +1.5000e-03 +1.5000e-03 +1.5000e-03 +1.5000e-03 +1.5000e-03 +1.5000e-03 +1.5000e-03 +1.5000e-03 +1.5000e-03 +1.5000e-03 +1.5000e-03 +1.5000e-03 +1.5000e-03 +1.5000e-03 +1.5000e-03 +1.5000e-03 +1.5000e-03 +1.5000e-03 +1.5000e-03 +1.5000e-03 +1.5000e-03 +1.5000e-03 +1.5000e-03 +1.5000e-03 +1.5000e-03 +1.5000e-03 +1.5000e-03 +1.5000e-03 +1.5000e-03 +1.5000e-03 +1.5000e-03 +1.5000e-03 +1.5000e-03 +1.5000e-03 +1.5000e-03 +1.5000e-03 +1.4999e-03 +1.4999e-03 +1.4999e-03 +1.4999e-03 +1.4999e-03 +1.4999e-03 +1.4999e-03 +1.4999e-03 +1.4999e-03 +1.4999e-03 +1.4999e-03 +1.4999e-03 +1.4999e-03 +1.4999e-03 +1.4999e-03 +1.4999e-03 +1.4999e-03 +1.4999e-03 +1.4999e-03 +1.4999e-03 
+0000.00100 +1.0000e-03 +1.0000e-03 +1.0000e-03 +1.0000e-03 +1.0000e-03 +1.0000e-03 +1.0000e-03 +1.0000e-03 +1.0000e-03 +1.0000e-03 +1.0000e-03 +9.9999e-04 +9.9999e-04 +9.9999e-04 +9.9999e-04 +9.9999e-04 +9.9999e-04 +9.9999e-04 +9.9999e-04 +9.9999e-04 +9.9999e-04 +9.9999e-04 +9.9999e-04 +9.9999e-04 +9.9999e-04 +9.9999e-04 +9.9999e-04 +9.9999e-04 +9.9999e-04 +9.9999e-04 +9.9999e-04 +9.9999e-04 +9.9999e-04 +9.9999e-04 +9.9999e-04 +9.9998e-04 +9.9998e-04 +9.9998e-04 +9.9998e-04 +9.9998e-04 +9.9997e-04 +9.9997e-04 +9.9997e-04 +9.9997e-04 +9.9996e-04 +9.9996e-04 +9.9996e-04 +9.9996e-04 +9.9995e-04 +9.9995e-04 +9.9995e-04 +9.9994e-04 +9.9994e-04 +9.9994e-04 +9.9994e-04 +9.9994e-04 +9.9993e-04 +9.9993e-04 +9.9993e-04 +9.9993e-04 +9.9993e-04 
+0000.00050 +5.0003e-04 +5.0003e-04 +5.0002e-04 +5.0002e-04 +5.0002e-04 +5.0002e-04 +5.0002e-04 +5.0002e-04 +5.0002e-04 +5.0002e-04 +5.0002e-04 +5.0001e-04 +5.0001e-04 +5.0001e-04 +5.0001e-04 +5.0001e-04 +5.0001e-04 +5.0001e-04 +5.0001e-04 +5.0001e-04 +5.0000e-04 +5.0000e-04 +5.0000e-04 +5.0000e-04 +5.0000e-04 +5.0000e-04 +5.0000e-04 +5.0000e-04 +5.0000e-04 +4.9999e-04 +4.9999e-04 +4.9999e-04 +4.9999e-04 +4.9999e-04 +4.9999e-04 +4.9999e-04 +4.9999e-04 +4.9999e-04 +4.9999e-04 +4.9999e-04 +4.9998e-04 +4.9998e-04 +4.9998e-04 +4.9998e-04 +4.9998e-04 +4.9998e-04 +4.9998e-04 +4.9998e-04 +4.9998e-04 +4.9998e-04 +4.9998e-04 +4.9997e-04 +4.9997e-04 +4.9997e-04 +4.9997e-04 +4.9997e-04 +4.9997e-04 +4.9997e-04 +4.9997e-04 +4.9996e-04 +4.9996e-04 
+0000.00000 -3.0648e-11 -3.1200e-11 -3.1745e-11 -3.2283e-11 -3.2813e-11 -3.3332e-11 -3.3841e-11 -3.4338e-11 -3.4821e-11 -3.5291e-11 -3.5746e-11 -3.6184e-11 -3.6606e-11 -3.7011e-11 -3.7397e-11 -3.7765e-11 -3.8113e-11 -3.8440e-11 -3.8747e-11 -3.9032e-11 -3.9295e-11 -3.9536e-11 -3.9754e-11 -3.9949e-11 -4.0121e-11 -4.0268e-11 -4.0392e-11 -4.0491e-11 -4.0566e-11 -4.0617e-11 -4.0643e-11 -4.0644e-11 -4.0621e-11 -4.0573e-11 -4.0501e-11 -4.0404e-11 -4.0284e-11 -4.0139e-11 -3.9971e-11 -3.9780e-11 -3.9566e-11 -3.9330e-11 -3.9071e-11 -3.8791e-11 -3.8490e-11 -3.8168e-11 -3.7827e-11 -3.7466e-11 -3.7087e-11 -3.6691e-11 -3.6277e-11 -3.5848e-11 -3.5403e-11 -3.4944e-11 -3.4472e-11 -3.3987e-11 -3.3492e-11 -3.2986e-11 -3.2471e-11 -3.1949e-11 -3.1420e-11 
-0000.00050 -5.0002e-04 -5.0002e-04 -5.0002e-04 -5.0002e-04 -5.0002e-04 -5.0002e-04 -5.0002e-04 -5.0002e-04 -5.0002e-04 -5.0002e-04 -5.0002e-04 -5.0001e-04 -5.0001e-04 -5.0001e-04 -5.0001e-04 -5.0001e-04 -5.0001e-04 -5.0001e-04 -5.0001e-04 -5.0001e-04 -5.0001e-04 -5.0000e-04 -5.0000e-04 -5.0000e-04 -5.0000e-04 -5.0000e-04 -5.0000e-04 -5.0000e-04 -5.0000e-04 -5.0000e-04 -5.0000e-04 -4.9999e-04 -4.9999e-04 -4.9999e-04 -4.9999e-04 -4.9999e-04 -4.9999e-04 -4.9999e-04 -4.9999e-04 -4.9999e-04 -4.9999e-04 -4.9998e-04 -4.9998e-04 -4.9998e-04 -4.9998e-04 -4.9998e-04 -4.9998e-04 -4.9998e-04 -4.9998e-04 -4.9998e-04 -4.9997e-04 -4.9997e-04 -4.9997e-04 -4.9997e-04 -4.9997e-04 -4.9997e-04 -4.9997e-04 -4.9997e-04 -4.9997e-04 -4.9996e-04 -4.9996e-04 
-0000.00100 -1.0000e-03 -1.0000e-03 -1.0000e-03 -1.0000e-03 -1.0000e-03 -1.0000e-03 -1.0000e-03 -1.0000e-03 -1.0000e-03 -1.0000e-03 -1.0000e-03 -1.0000e-03 -9.9999e-04 -9.9999e-04 -9.9999e-04 -9.9999e-04 -9.9999e-04 -9.9999e-04 -9.9999e-04 -9.9999e-04 -9.9999e-04 -9.9999e-04 -9.9999e-04 -9.9999e-04 -9.9999e-04 -9.9999e-04 -9.9999e-04 -9.9999e-04 -9.9999e-04 -9.9999e-04 -9.9999e-04 -9.9999e-04 -9.9999e-04 -9.9999e-04 -9.9999e-04 -9.9999e-04 -9.9998e-04 -9.9998e-04 -9.9998e-04 -9.9998e-04 -9.9997e-04 -9.9997e-04 -9.9997e-04 -9.9997e-04 -9.9996e-04 -9.9996e-04 -9.9996e-04 -9.9995e-04 -9.9995e-04 -9.9995e-04 -9.9995e-04 -9.9994e-04 -9.9994e-04 -9.9994e-04 -9.9994e-04 -9.9993e-04 -9.9993e-04 -9.9993e-04 -9.9993e-04 -9.9993e-04 -9.9993e-04 
-0000.00150 -1.5001e-03 -1.5001e-03 -1.5001e-03 -1.5001e-03 -1.5001e-03 -1.5000e-03 -1.5000e-03 -1.5000e-03 -1.5000e-03 -1.5000e-03 -1.5000e-03 -1.5000e-03 -1.5000e-03 -1.5000e-03 -1.5000e-03 -1.5000e-03 -1.5000e-03 -1.5000e-03 -1.5000e-03 -1.5000e-03 -1.5000e-03 -1.5000e-03 -1.5000e-03 -1.5000e-03 -1.5000e-03 -1.5000e-03 -1.5000e-03 -1.5000e-03 -1.5000e-03 -1.5000e-03 -1.5000e-03 -1.5000e-03 -1.5000e-03 -1.5000e-03 -1.5000e-03 -1.5000e-03 -1.5000e-03 -1.5000e-03 -1.5000e-03 -1.5000e-03 -1.5000e-03 -1.4999e-03 -1.4999e-03 -1.4999e-03 -1.4999e-03 -1.4999e-03 -1.4999e-03 -1.4999e-03 -1.4999e-03 -1.4999e-03 -1.4999e-03 -1.4999e-03 -1.4999e-03 -1.4999e-03 -1.4999e-03 -1.4999e-03 -1.4999e-03 -1.4999e-03 -1.4999e-03 -1.4999e-03 -1.4999e-03 
-0000.00200 -2.0001e-03 -2.0001e-03 -2.0001e-03 -2.0001e-03 -2.0001e-03 -2.0001e-03 -2.0001e-03 -2.0001e-03 -2.0001e-03 -2.0001e-03 -2.0001e-03 -2.0001e-03 -2.0000e-03 -2.0000e-03 -2.0000e-03 -2.0000e-03 -2.0000e-03 -2.0000e-03 -2.0000e-03 -2.0000e-03 -2.0000e-03 -2.0000e-03 -2.0000e-03 -2.0000e-03 -2.0000e-03 -2.0000e-03 -2.0000e-03 -2.0000e-03 -2.0000e-03 -2.0000e-03 -2.0000e-03 -2.0000e-03 -2.0000e-03 -2.0000e-03 -2.0000e-03 -2.0000e-03 -2.0000e-03 -2.0000e-03 -1.9999e-03 -1.9999e-03 -1.9999e-03 -1.9999e-03 -1.9999e-03 -1.9999e-03 -1.9999e-03 -1.9999e-03 -1.9999e-03 -1.9999e-03 -1.9999e-03 -1.9999e-03 -1.9999e-03 -1.9999e-03 -1.9999e-03 -1.9999e-03 -1.9999e-03 -1.9999e-03 -1.9999e-03 -1.9999e-03 -1.9999e-03 -1.9999e-03 -1.9998e-03 