# Author: FAC idanalysis.IDKickMap
# Termination_kicks [T2m2]: +0.0000e+00 +0.0000e+00 +0.0000e+00 +0.0000e+00 
# Total Length of Longitudinal Interval [m]
0.13
# Number of Horizontal Points
61
# Number of Vertical Points
9
# Total Horizontal 2nd Order Kick [T2m2]
START
            -0000.01000 -0000.00967 -0000.00933 -0000.00900 -0000.00867 -0000.00833 -0000.00800 -0000.00767 -0000.00733 -0000.00700 -0000.00667 -0000.00633 -0000.00600 -0000.00567 -0000.00533 -0000.00500 -0000.00467 -0000.00433 -0000.00400 -0000.00367 -0000.00333 -0000.00300 -0000.00267 -0000.00233 -0000.00200 -0000.00167 -0000.00133 -0000.00100 -0000.00067 -0000.00033 +0000.00000 +0000.00033 +0000.00067 +0000.00100 +0000.00133 +0000.00167 +0000.00200 +0000.00233 +0000.00267 +0000.00300 +0000.00333 +0000.00367 +0000.00400 +0000.00433 +0000.00467 +0000.00500 +0000.00533 +0000.00567 +0000.00600 +0000.00633 +0000.00667 +0000.00700 +0000.00733 +0000.00767 +0000.00800 +0000.00833 +0000.00867 +0000.00900 +0000.00933 +0000.00967 +0000.01000 
+0000.00200 -2.6881e-04 -2.6543e-04 -2.6216e-04 -2.5903e-04 -2.5601e-04 -2.5311e-04 -2.5034e-04 -2.4768e-04 -2.4514e-04 -2.4272e-04 -2.4042e-04 -2.3823e-04 -2.3616e-04 -2.3420e-04 -2.3236e-04 -2.3063e-04 -2.2902e-04 -2.2751e-04 -2.2612e-04 -2.2485e-04 -2.2368e-04 -2.2262e-04 -2.2167e-04 -2.2084e-04 -2.2011e-04 -2.1949e-04 -2.1899e-04 -2.1859e-04 -2.1830e-04 -2.1812e-04 -2.1805e-04 -2.1808e-04 -2.1823e-04 -2.1849e-04 -2.1885e-04 -2.1932e-04 -2.1990e-04 -2.2059e-04 -2.2139e-04 -2.2230e-04 -2.2332e-04 -2.2445e-04 -2.2569e-04 -2.2705e-04 -2.2851e-04 -2.3008e-04 -2.3177e-04 -2.3357e-04 -2.3548e-04 -2.3751e-04 -2.3965e-04 -2.4190e-04 -2.4427e-04 -2.4676e-04 -2.4936e-04 -2.5208e-04 -2.5493e-04 -2.5789e-04 -2.6097e-04 -2.6417e-04 -2.6749e-04 
+0000.00150 -2.6959e-04 -2.6626e-04 -2.6305e-04 -2.5995e-04 -2.5697e-04 -2.5410e-04 -2.5135e-04 -2.4871e-04 -2.4618e-04 -2.4377e-04 -2.4147e-04 -2.3928e-04 -2.3720e-04 -2.3524e-04 -2.3339e-04 -2.3165e-04 -2.3002e-04 -2.2851e-04 -2.2711e-04 -2.2581e-04 -2.2463e-04 -2.2356e-04 -2.2261e-04 -2.2176e-04 -2.2102e-04 -2.2040e-04 -2.1988e-04 -2.1948e-04 -2.1919e-04 -2.1901e-04 -2.1893e-04 -2.1897e-04 -2.1912e-04 -2.1938e-04 -2.1975e-04 -2.2023e-04 -2.2082e-04 -2.2152e-04 -2.2234e-04 -2.2326e-04 -2.2429e-04 -2.2543e-04 -2.2669e-04 -2.2805e-04 -2.2953e-04 -2.3111e-04 -2.3281e-04 -2.3461e-04 -2.3653e-04 -2.3856e-04 -2.4070e-04 -2.4295e-04 -2.4531e-04 -2.4778e-04 -2.5037e-04 -2.5306e-04 -2.5587e-04 -2.5879e-04 -2.6182e-04 -2.6497e-04 -2.6822e-04 
+0000.00100 -2.7011e-04 -2.6683e-04 -2.6366e-04 -2.6060e-04 -2.5764e-04 -2.5480e-04 -2.5206e-04 -2.4944e-04 -2.4692e-04 -2.4451e-04 -2.4221e-04 -2.4002e-04 -2.3795e-04 -2.3598e-04 -2.3412e-04 -2.3238e-04 -2.3074e-04 -2.2922e-04 -2.2781e-04 -2.2650e-04 -2.2531e-04 -2.2424e-04 -2.2327e-04 -2.2242e-04 -2.2167e-04 -2.2104e-04 -2.2052e-04 -2.2012e-04 -2.1982e-04 -2.1964e-04 -2.1957e-04 -2.1961e-04 -2.1976e-04 -2.2002e-04 -2.2040e-04 -2.2088e-04 -2.2148e-04 -2.2219e-04 -2.2301e-04 -2.2394e-04 -2.2498e-04 -2.2613e-04 -2.2740e-04 -2.2877e-04 -2.3025e-04 -2.3185e-04 -2.3355e-04 -2.3536e-04 -2.3728e-04 -2.3931e-04 -2.4145e-04 -2.4369e-04 -2.4605e-04 -2.4851e-04 -2.5108e-04 -2.5375e-04 -2.5653e-04 -2.5942e-04 -2.6241e-04 -2.6551e-04 -2.6872e-04 
+0000.00050 -2.7041e-04 -2.6716e-04 -2.6402e-04 -2.6098e-04 -2.5804e-04 -2.5521e-04 -2.5249e-04 -2.4987e-04 -2.4736e-04 -2.4495e-04 -2.4266e-04 -2.4047e-04 -2.3839e-04 -2.3642e-04 -2.3456e-04 -2.3281e-04 -2.3117e-04 -2.2965e-04 -2.2823e-04 -2.2692e-04 -2.2573e-04 -2.2464e-04 -2.2367e-04 -2.2281e-04 -2.2207e-04 -2.2143e-04 -2.2091e-04 -2.2050e-04 -2.2021e-04 -2.2002e-04 -2.1995e-04 -2.1999e-04 -2.2014e-04 -2.2041e-04 -2.2079e-04 -2.2128e-04 -2.2188e-04 -2.2259e-04 -2.2341e-04 -2.2435e-04 -2.2540e-04 -2.2655e-04 -2.2782e-04 -2.2920e-04 -2.3069e-04 -2.3229e-04 -2.3399e-04 -2.3581e-04 -2.3773e-04 -2.3976e-04 -2.4189e-04 -2.4414e-04 -2.4648e-04 -2.4894e-04 -2.5150e-04 -2.5416e-04 -2.5692e-04 -2.5979e-04 -2.6276e-04 -2.6583e-04 -2.6900e-04 
+0000.00000 -2.7051e-04 -2.6727e-04 -2.6413e-04 -2.6110e-04 -2.5817e-04 -2.5535e-04 -2.5263e-04 -2.5001e-04 -2.4750e-04 -2.4510e-04 -2.4280e-04 -2.4062e-04 -2.3854e-04 -2.3657e-04 -2.3471e-04 -2.3296e-04 -2.3132e-04 -2.2979e-04 -2.2837e-04 -2.2706e-04 -2.2586e-04 -2.2478e-04 -2.2381e-04 -2.2295e-04 -2.2220e-04 -2.2156e-04 -2.2104e-04 -2.2063e-04 -2.2033e-04 -2.2015e-04 -2.2008e-04 -2.2012e-04 -2.2027e-04 -2.2054e-04 -2.2091e-04 -2.2141e-04 -2.2201e-04 -2.2272e-04 -2.2355e-04 -2.2449e-04 -2.2554e-04 -2.2669e-04 -2.2796e-04 -2.2934e-04 -2.3083e-04 -2.3243e-04 -2.3414e-04 -2.3595e-04 -2.3788e-04 -2.3990e-04 -2.4204e-04 -2.4428e-04 -2.4663e-04 -2.4908e-04 -2.5163e-04 -2.5429e-04 -2.5705e-04 -2.5991e-04 -2.6287e-04 -2.6594e-04 -2.6910e-04 
-0000.00050 -2.7041e-04 -2.6716e-04 -2.6402e-04 -2.6098e-04 -2.5804e-04 -2.5521e-04 -2.5249e-04 -2.4987e-04 -2.4736e-04 -2.4495e-04 -2.4266e-04 -2.4047e-04 -2.3839e-04 -2.3642e-04 -2.3456e-04 -2.3281e-04 -2.3117e-04 -2.2965e-04 -2.2823e-04 -2.2692e-04 -2.2573e-04 -2.2464e-04 -2.2367e-04 -2.2281e-04 -2.2207e-04 -2.2143e-04 -2.2091e-04 -2.2050e-04 -2.2021e-04 -2.2002e-04 -2.1995e-04 -2.1999e-04 -2.2014e-04 -2.2041e-04 -2.2079e-04 -2.2128e-04 -2.2188e-04 -2.2259e-04 -2.2341e-04 -2.2435e-04 -2.2540e-04 -2.2655e-04 -2.2782e-04 -2.2920e-04 -2.3069e-04 -2.3229e-04 -2.3399e-04 -2.3581e-04 -2.3773e-04 -2.3976e-04 -2.4189e-04 -2.4414e-04 -2.4648e-04 -2.4894e-04 -2.5150e-04 -2.5416e-04 -2.5692e-04 -2.5979e-04 -2.6276e-04 -2.6583e-04 -2.6900e-04 
-0000.00100 -2.7011e-04 -2.6683e-04 -2.6366e-04 -2.6060e-04 -2.5764e-04 -2.5480e-04 -2.5206e-04 -2.4943e-04 -2.4692e-04 -2.4451e-04 -2.4221e-04 -2.4002e-04 -2.3794e-04 -2.3598e-04 -2.3412e-04 -2.3237e-04 -2.3074e-04 -2.2922e-04 -2.2780e-04 -2.2650e-04 -2.2531e-04 -2.2424e-04 -2.2327e-04 -2.2242e-04 -2.2167e-04 -2.2104e-04 -2.2052e-04 -2.2012e-04 -2.1982e-04 -2.1964e-04 -2.1957e-04 -2.1961e-04 -2.1976e-04 -2.2002e-04 -2.2040e-04 -2.2088e-04 -2.2148e-04 -2.2219e-04 -2.2301e-04 -2.2394e-04 -2.2498e-04 -2.2613e-04 -2.2740e-04 -2.2877e-04 -2.3025e-04 -2.3185e-04 -2.3355e-04 -2.3536e-04 -2.3728e-04 -2.3931e-04 -2.4145e-04 -2.4369e-04 -2.4605e-04 -2.4851e-04 -2.5108e-04 -2.5375e-04 -2.5653e-04 -2.5942e-04 -2.6241e-04 -2.6551e-04 -2.6872e-04 
-0000.00150 -2.6959e-04 -2.6626e-04 -2.6305e-04 -2.5995e-04 -2.5697e-04 -2.5410e-04 -2.5135e-04 -2.4871e-04 -2.4618e-04 -2.4377e-04 -2.4147e-04 -2.3928e-04 -2.3720e-04 -2.3524e-04 -2.3339e-04 -2.3165e-04 -2.3002e-04 -2.2851e-04 -2.2710e-04 -2.2581e-04 -2.2463e-04 -2.2356e-04 -2.2260e-04 -2.2176e-04 -2.2102e-04 -2.2040e-04 -2.1988e-04 -2.1948e-04 -2.1919e-04 -2.1900e-04 -2.1893e-04 -2.1897e-04 -2.1912e-04 -2.1938e-04 -2.1975e-04 -2.2023e-04 -2.2082e-04 -2.2153e-04 -2.2234e-04 -2.2326e-04 -2.2429e-04 -2.2544e-04 -2.2669e-04 -2.2805e-04 -2.2953e-04 -2.3111e-04 -2.3281e-04 -2.3462e-04 -2.3653e-04 -2.3856e-04 -2.4070e-04 -2.4295e-04 -2.4531e-04 -2.4779e-04 -2.5037e-04 -2.5307e-04 -2.5587e-04 -2.5879e-04 -2.6182e-04 -2.6497e-04 -2.6822e-04 
-0000.00200 -2.6882e-04 -2.6543e-04 -2.6216e-04 -2.5902e-04 -2.5601e-04 -2.5311e-04 -2.5033e-04 -2.4768e-04 -2.4514e-04 -2.4272e-04 -2.4041e-04 -2.3823e-04 -2.3616e-04 -2.3420e-04 -2.3236e-04 -2.3063e-04 -2.2901e-04 -2.2751e-04 -2.2612e-04 -2.2484e-04 -2.2367e-04 -2.2262e-04 -2.2167e-04 -2.2084e-04 -2.2011e-04 -2.1949e-04 -2.1899e-04 -2.1859e-04 -2.1830e-04 -2.1812e-04 -2.1805e-04 -2.1808e-04 -2.1823e-04 -2.1849e-04 -2.1885e-04 -2.1932e-04 -2.1991e-04 -2.2060e-04 -2.2140e-04 -2.2231e-04 -2.2333e-04 -2.2446e-04 -2.2570e-04 -2.2705e-04 -2.2851e-04 -2.3009e-04 -2.3177e-04 -2.3357e-04 -2.3548e-04 -2.3751e-04 -2.3965e-04 -2.4190e-04 -2.4427e-04 -2.4676e-04 -2.4937e-04 -2.5209e-04 -2.5493e-04 -2.5789e-04 -2.6097e-04 -2.6417e-04 -2.6749e-04 
# Total Vertical 2nd Order Kick [T2m2]
START
            -0000.01000 -0000.00967 -0000.00933 -0000.00900 -0000.00867 -0000.00833 -0000.00800 -0000.00767 -0000.00733 -0000.00700 -0000.00667 -0000.00633 -0000.00600 -0000.00567 -0000.00533 -0000.00500 -0000.00467 -0000.00433 -0000.00400 -0000.00367 -0000.00333 -0000.00300 -0000.00267 -0000.00233 -0000.00200 -0000.00167 -0000.00133 -0000.00100 -0000.00067 -0000.00033 +0000.00000 +0000.00033 +0000.00067 +0000.00100 +0000.00133 +0000.00167 +0000.00200 +0000.00233 +0000.00267 +0000.00300 +0000.00333 +0000.00367 +0000.00400 +0000.00433 +0000.00467 +0000.00500 +0000.00533 +0000.00567 +0000.00600 +0000.00633 +0000.00667 +0000.00700 +0000.00733 +0000.00767 +0000.00800 +0000.00833 +0000.00867 +0000.00900 +0000.00933 +0000.00967 +0000.01000 
+0000.00200 -7.9023e-05 -7.8418e-05 -7.7809e-05 -7.7195e-05 -7.6577e-05 -7.5955e-05 -7.5329e-05 -7.4699e-05 -7.4065e-05 -7.3427e-05 -7.2786e-05 -7.2141e-05 -7.1493e-05 -7.0841e-05 -7.0186e-05 -6.9528e-05 -6.8868e-05 -6.8204e-05 -6.7538e-05 -6.6870e-05 -6.6199e-05 -6.5526e-05 -6.4852e-05 -6.4175e-05 -6.3497e-05 -6.2818e-05 -6.2137e-05 -6.1455e-05 -6.0772e-05 -6.0089e-05 -5.9405e-05 -5.8721e-05 -5.8037e-05 -5.7353e-05 -5.6669e-05 -5.5986e-05 -5.5304e-05 -5.4622e-05 -5.3942e-05 -5.3264e-05 -5.2587e-05 -5.1913e-05 -5.1240e-05 -5.0571e-05 -4.9904e-05 -4.9240e-05 -4.8579e-05 -4.7922e-05 -4.7269e-05 -4.6619e-05 -4.5975e-05 -4.5335e-05 -4.4700e-05 -4.4070e-05 -4.3446e-05 -4.2828e-05 -4.2217e-05 -4.1611e-05 -4.1013e-05 -4.0422e-05 -3.9838e-05 
+0000.00150 -5.4250e-05 -5.3822e-05 -5.3388e-05 -5.2950e-05 -5.2506e-05 -5.2057e-05 -5.1603e-05 -5.1144e-05 -5.0681e-05 -5.0213e-05 -4.9742e-05 -4.9266e-05 -4.8786e-05 -4.8303e-05 -4.7815e-05 -4.7325e-05 -4.6831e-05 -4.6335e-05 -4.5835e-05 -4.5333e-05 -4.4828e-05 -4.4321e-05 -4.3812e-05 -4.3301e-05 -4.2789e-05 -4.2275e-05 -4.1760e-05 -4.1243e-05 -4.0726e-05 -4.0209e-05 -3.9690e-05 -3.9172e-05 -3.8654e-05 -3.8136e-05 -3.7618e-05 -3.7102e-05 -3.6586e-05 -3.6071e-05 -3.5558e-05 -3.5047e-05 -3.4537e-05 -3.4030e-05 -3.3525e-05 -3.3023e-05 -3.2524e-05 -3.2029e-05 -3.1536e-05 -3.1048e-05 -3.0563e-05 -3.0083e-05 -2.9607e-05 -2.9137e-05 -2.8671e-05 -2.8211e-05 -2.7756e-05 -2.7308e-05 -2.6866e-05 -2.6430e-05 -2.6002e-05 -2.5581e-05 -2.5167e-05 
+0000.00100 -3.3935e-05 -3.3662e-05 -3.3384e-05 -3.3102e-05 -3.2815e-05 -3.2524e-05 -3.2229e-05 -3.1930e-05 -3.1627e-05 -3.1321e-05 -3.1011e-05 -3.0697e-05 -3.0380e-05 -3.0061e-05 -2.9738e-05 -2.9413e-05 -2.9084e-05 -2.8754e-05 -2.8421e-05 -2.8086e-05 -2.7749e-05 -2.7410e-05 -2.7069e-05 -2.6727e-05 -2.6384e-05 -2.6039e-05 -2.5694e-05 -2.5347e-05 -2.5000e-05 -2.4653e-05 -2.4305e-05 -2.3957e-05 -2.3609e-05 -2.3262e-05 -2.2914e-05 -2.2568e-05 -2.2222e-05 -2.1878e-05 -2.1534e-05 -2.1192e-05 -2.0852e-05 -2.0513e-05 -2.0176e-05 -1.9842e-05 -1.9510e-05 -1.9180e-05 -1.8853e-05 -1.8530e-05 -1.8209e-05 -1.7892e-05 -1.7579e-05 -1.7269e-05 -1.6964e-05 -1.6662e-05 -1.6366e-05 -1.6074e-05 -1.5787e-05 -1.5505e-05 -1.5229e-05 -1.4958e-05 -1.4693e-05 
+0000.00050 -1.6330e-05 -1.6198e-05 -1.6062e-05 -1.5924e-05 -1.5784e-05 -1.5641e-05 -1.5496e-05 -1.5348e-05 -1.5199e-05 -1.5047e-05 -1.4894e-05 -1.4738e-05 -1.4581e-05 -1.4422e-05 -1.4261e-05 -1.4099e-05 -1.3935e-05 -1.3770e-05 -1.3604e-05 -1.3436e-05 -1.3268e-05 -1.3098e-05 -1.2928e-05 -1.2756e-05 -1.2584e-05 -1.2411e-05 -1.2238e-05 -1.2064e-05 -1.1890e-05 -1.1715e-05 -1.1541e-05 -1.1366e-05 -1.1192e-05 -1.1017e-05 -1.0843e-05 -1.0669e-05 -1.0496e-05 -1.0323e-05 -1.0151e-05 -9.9791e-06 -9.8085e-06 -9.6389e-06 -9.4705e-06 -9.3032e-06 -9.1372e-06 -8.9727e-06 -8.8097e-06 -8.6483e-06 -8.4888e-06 -8.3311e-06 -8.1753e-06 -8.0218e-06 -7.8704e-06 -7.7214e-06 -7.5748e-06 -7.4309e-06 -7.2896e-06 -7.1512e-06 -7.0157e-06 -6.8833e-06 -6.7541e-06 
+0000.00000 -7.7140e-09 -7.8348e-09 -7.9781e-09 -8.1411e-09 -8.3213e-09 -8.5161e-09 -8.7232e-09 -8.9401e-09 -9.1647e-09 -9.3948e-09 -9.6283e-09 -9.8633e-09 -1.0098e-08 -1.0331e-08 -1.0559e-08 -1.0783e-08 -1.0999e-08 -1.1207e-08 -1.1406e-08 -1.1593e-08 -1.1769e-08 -1.1932e-08 -1.2081e-08 -1.2215e-08 -1.2334e-08 -1.2437e-08 -1.2523e-08 -1.2592e-08 -1.2644e-08 -1.2678e-08 -1.2694e-08 -1.2692e-08 -1.2672e-08 -1.2634e-08 -1.2578e-08 -1.2505e-08 -1.2415e-08 -1.2308e-08 -1.2186e-08 -1.2048e-08 -1.1895e-08 -1.1729e-08 -1.1550e-08 -1.1359e-08 -1.1157e-08 -1.0947e-08 -1.0728e-08 -1.0502e-08 -1.0271e-08 -1.0037e-08 -9.8005e-09 -9.5641e-09 -9.3295e-09 -9.0986e-09 -8.8735e-09 -8.6564e-09 -8.4495e-09 -8.2552e-09 -8.0759e-09 -7.9141e-09 -7.7724e-09 
-0000.00050 +1.6315e-05 +1.6182e-05 +1.6046e-05 +1.5908e-05 +1.5767e-05 +1.5624e-05 +1.5478e-05 +1.5330e-05 +1.5180e-05 +1.5028e-05 +1.4874e-05 +1.4718e-05 +1.4561e-05 +1.4401e-05 +1.4240e-05 +1.4077e-05 +1.3913e-05 +1.3748e-05 +1.3581e-05 +1.3413e-05 +1.3244e-05 +1.3074e-05 +1.2903e-05 +1.2731e-05 +1.2559e-05 +1.2386e-05 +1.2212e-05 +1.2038e-05 +1.1864e-05 +1.1690e-05 +1.1515e-05 +1.1340e-05 +1.1166e-05 +1.0991e-05 +1.0817e-05 +1.0644e-05 +1.0470e-05 +1.0298e-05 +1.0126e-05 +9.9547e-06 +9.7845e-06 +9.6152e-06 +9.4471e-06 +9.2803e-06 +9.1147e-06 +8.9506e-06 +8.7881e-06 +8.6272e-06 +8.4681e-06 +8.3109e-06 +8.1557e-06 +8.0026e-06 +7.8518e-06 +7.7032e-06 +7.5572e-06 +7.4136e-06 +7.2728e-06 +7.1348e-06 +6.9997e-06 +6.8677e-06 +6.7388e-06 
-0000.00100 +3.3920e-05 +3.3647e-05 +3.3368e-05 +3.3086e-05 +3.2799e-05 +3.2507e-05 +3.2212e-05 +3.1912e-05 +3.1609e-05 +3.1302e-05 +3.0991e-05 +3.0677e-05 +3.0360e-05 +3.0040e-05 +2.9717e-05 +2.9391e-05 +2.9062e-05 +2.8731e-05 +2.8398e-05 +2.8062e-05 +2.7725e-05 +2.7386e-05 +2.7045e-05 +2.6702e-05 +2.6359e-05 +2.6014e-05 +2.5668e-05 +2.5322e-05 +2.4975e-05 +2.4627e-05 +2.4279e-05 +2.3931e-05 +2.3584e-05 +2.3236e-05 +2.2889e-05 +2.2543e-05 +2.2197e-05 +2.1853e-05 +2.1510e-05 +2.1168e-05 +2.0828e-05 +2.0489e-05 +2.0153e-05 +1.9819e-05 +1.9487e-05 +1.9158e-05 +1.8832e-05 +1.8509e-05 +1.8189e-05 +1.7872e-05 +1.7559e-05 +1.7250e-05 +1.6945e-05 +1.6645e-05 +1.6348e-05 +1.6057e-05 +1.5770e-05 +1.5489e-05 +1.5213e-05 +1.4943e-05 +1.4678e-05 
-0000.00150 +5.4235e-05 +5.3807e-05 +5.3373e-05 +5.2933e-05 +5.2489e-05 +5.2039e-05 +5.1585e-05 +5.1126e-05 +5.0662e-05 +5.0194e-05 +4.9722e-05 +4.9245e-05 +4.8765e-05 +4.8281e-05 +4.7794e-05 +4.7303e-05 +4.6809e-05 +4.6312e-05 +4.5812e-05 +4.5309e-05 +4.4804e-05 +4.4297e-05 +4.3788e-05 +4.3276e-05 +4.2764e-05 +4.2250e-05 +4.1734e-05 +4.1218e-05 +4.0701e-05 +4.0183e-05 +3.9665e-05 +3.9146e-05 +3.8628e-05 +3.8110e-05 +3.7593e-05 +3.7076e-05 +3.6561e-05 +3.6046e-05 +3.5533e-05 +3.5022e-05 +3.4513e-05 +3.4006e-05 +3.3502e-05 +3.3000e-05 +3.2502e-05 +3.2006e-05 +3.1514e-05 +3.1026e-05 +3.0542e-05 +3.0063e-05 +2.9587e-05 +2.9117e-05 +2.8652e-05 +2.8193e-05 +2.7739e-05 +2.7291e-05 +2.6849e-05 +2.6414e-05 +2.5986e-05 +2.5565e-05 +2.5152e-05 
-0000.00200 +7.9009e-05 +7.8404e-05 +7.7794e-05 +7.7180e-05 +7.6561e-05 +7.5938e-05 +7.5312e-05 +7.4681e-05 +7.4046e-05 +7.3408e-05 +7.2766e-05 +7.2121e-05 +7.1472e-05 +7.0820e-05 +7.0164e-05 +6.9506e-05 +6.8845e-05 +6.8181e-05 +6.7515e-05 +6.6846e-05 +6.6175e-05 +6.5502e-05 +6.4827e-05 +6.4150e-05 +6.3472e-05 +6.2792e-05 +6.2111e-05 +6.1429e-05 +6.0746e-05 +6.0063e-05 +5.9379e-05 +5.8695e-05 +5.8011e-05 +5.7327e-05 +5.6643e-05 +5.5960e-05 +5.5278e-05 +5.4597e-05 +5.3918e-05 +5.3240e-05 +5.2563e-05 +5.1889e-05 +5.1217e-05 +5.0547e-05 +4.9881e-05 +4.9217e-05 +4.8557e-05 +4.7900e-05 +4.7248e-05 +4.6599e-05 +4.5955e-05 +4.5316e-05 +4.4681e-05 +4.4052e-05 +4.3429e-05 +4.2811e-05 +4.2200e-05 +4.1596e-05 +4.0998e-05 +4.0407e-05 +3.9824e-05 
# Horizontal Final Position [m]
START
            -0000.01000 -0000.00967 -0000.00933 -0000.00900 -0000.00867 -0000.00833 -0000.00800 -0000.00767 -0000.00733 -0000.00700 -0000.00667 -0000.00633 -0000.00600 -0000.00567 -0000.00533 -0000.00500 -0000.00467 -0000.00433 -0000.00400 -0000.00367 -0000.00333 -0000.00300 -0000.00267 -0000.00233 -0000.00200 -0000.00167 -0000.00133 -0000.00100 -0000.00067 -0000.00033 +0000.00000 +0000.00033 +0000.00067 +0000.00100 +0000.00133 +0000.00167 +0000.00200 +0000.00233 +0000.00267 +0000.00300 +0000.00333 +0000.00367 +0000.00400 +0000.00433 +0000.00467 +0000.00500 +0000.00533 +0000.00567 +0000.00600 +0000.00633 +0000.00667 +0000.00700 +0000.00733 +0000.00767 +0000.00800 +0000.00833 +0000.00867 +0000.00900 +0000.00933 +0000.00967 +0000.01000 
+0000.00200 -1.0002e-02 -9.6690e-03 -9.3357e-03 -9.0024e-03 -8.6691e-03 -8.3358e-03 -8.0025e-03 -7.6692e-03 -7.3359e-03 -7.0026e-03 -6.6693e-03 -6.3360e-03 -6.0027e-03 -5.6694e-03 -5.3361e-03 -5.0028e-03 -4.6695e-03 -4.3361e-03 -4.0028e-03 -3.6695e-03 -3.3362e-03 -3.0029e-03 -2.6695e-03 -2.3362e-03 -2.0029e-03 -1.6696e-03 -1.3362e-03 -1.0029e-03 -6.6958e-04 -3.3625e-04 -2.9130e-06 +3.3042e-04 +6.6375e-04 +9.9709e-04 +1.3304e-03 +1.6638e-03 +1.9971e-03 +2.3304e-03 +2.6638e-03 +2.9971e-03 +3.3305e-03 +3.6638e-03 +3.9972e-03 +4.3305e-03 +4.6638e-03 +4.9972e-03 +5.3305e-03 +5.6639e-03 +5.9973e-03 +6.3306e-03 +6.6640e-03 +6.9973e-03 +7.3307e-03 +7.6640e-03 +7.9974e-03 +8.3308e-03 +8.6642e-03 +8.9975e-03 +9.3309e-03 +9.6643e-03 +9.9977e-03 
+0000.00150 -1.0002e-02 -9.6690e-03 -9.3357e-03 -9.0024e-03 -8.6691e-03 -8.3358e-03 -8.0025e-03 -7.6692e-03 -7.3359e-03 -7.0026e-03 -6.6693e-03 -6.3360e-03 -6.0027e-03 -5.6694e-03 -5.3361e-03 -5.0028e-03 -4.6695e-03 -4.3361e-03 -4.0028e-03 -3.6695e-03 -3.3362e-03 -3.0029e-03 -2.6695e-03 -2.3362e-03 -2.0029e-03 -1.6696e-03 -1.3362e-03 -1.0029e-03 -6.6958e-04 -3.3625e-04 -2.9165e-06 +3.3042e-04 +6.6375e-04 +9.9709e-04 +1.3304e-03 +1.6638e-03 +1.9971e-03 +2.3304e-03 +2.6638e-03 +2.9971e-03 +3.3305e-03 +3.6638e-03 +3.9972e-03 +4.3305e-03 +4.6638e-03 +4.9972e-03 +5.3306e-03 +5.6639e-03 +5.9973e-03 +6.3306e-03 +6.6640e-03 +6.9973e-03 +7.3307e-03 +7.6641e-03 +7.9974e-03 +8.3308e-03 +8.6642e-03 +8.9975e-03 +9.3309e-03 +9.6643e-03 +9.9977e-03 
+0000.00100 -1.0002e-02 -9.6690e-03 -9.3357e-03 -9.0024e-03 -8.6691e-03 -8.3358e-03 -8.0025e-03 -7.6692e-03 -7.3359e-03 -7.0026e-03 -6.6693e-03 -6.3360e-03 -6.0027e-03 -5.6694e-03 -5.3361e-03 -5.0028e-03 -4.6695e-03 -4.3361e-03 -4.0028e-03 -3.6695e-03 -3.3362e-03 -3.0029e-03 -2.6695e-03 -2.3362e-03 -2.0029e-03 -1.6696e-03 -1.3362e-03 -1.0029e-03 -6.6958e-04 -3.3625e-04 -2.9164e-06 +3.3042e-04 +6.6375e-04 +9.9709e-04 +1.3304e-03 +1.6638e-03 +1.9971e-03 +2.3304e-03 +2.6638e-03 +2.9971e-03 +3.3305e-03 +3.6638e-03 +3.9972e-03 +4.3305e-03 +4.6638e-03 +4.9972e-03 +5.3306e-03 +5.6639e-03 +5.9973e-03 +6.3306e-03 +6.6640e-03 +6.9973e-03 +7.3307e-03 +7.6641e-03 +7.9974e-03 +8.3308e-03 +8.6642e-03 +8.9975e-03 +9.3309e-03 +9.6643e-03 +9.9977e-03 
+0000.00050 -1.0002e-02 -9.6690e-03 -9.3357e-03 -9.0024e-03 -8.6691e-03 -8.3358e-03 -8.0025e-03 -7.6692e-03 -7.3359e-03 -7.0026e-03 -6.6693e-03 -6.3360e-03 -6.0027e-03 -5.6694e-03 -5.3361e-03 -5.0028e-03 -4.6695e-03 -4.3361e-03 -4.0028e-03 -3.6695e-03 -3.3362e-03 -3.0029e-03 -2.6695e-03 -2.3362e-03 -2.0029e-03 -1.6696e-03 -1.3362e-03 -1.0029e-03 -6.6958e-04 -3.3625e-04 -2.9163e-06 +3.3042e-04 +6.6375e-04 +9.9709e-04 +1.3304e-03 +1.6638e-03 +1.9971e-03 +2.3304e-03 +2.6638e-03 +2.9971e-03 +3.3305e-03 +3.6638e-03 +3.9972e-03 +4.3305e-03 +4.6638e-03 +4.9972e-03 +5.3306e-03 +5.6639e-03 +5.9973e-03 +6.3306e-03 +6.6640e-03 +6.9973e-03 +7.3307e-03 +7.6641e-03 +7.9974e-03 +8.3308e-03 +8.6642e-03 +8.9975e-03 +9.3309e-03 +9.6643e-03 +9.9977e-03 
+0000.00000 -1.0002e-02 -9.6690e-03 -9.3357e-03 -9.0024e-03 -8.6691e-03 -8.3358e-03 -8.0025e-03 -7.6692e-03 -7.3359e-03 -7.0026e-03 -6.6693e-03 -6.3360e-03 -6.0027e-03 -5.6694e-03 -5.3361e-03 -5.0028e-03 -4.6695e-03 -4.3361e-03 -4.0028e-03 -3.6695e-03 -3.3362e-03 -3.0029e-03 -2.6695e-03 -2.3362e-03 -2.0029e-03 -1.6696e-03 -1.3362e-03 -1.0029e-03 -6.6958e-04 -3.3625e-04 -2.9162e-06 +3.3042e-04 +6.6375e-04 +9.9709e-04 +1.3304e-03 +1.6638e-03 +1.9971e-03 +2.3304e-03 +2.6638e-03 +2.9971e-03 +3.3305e-03 +3.6638e-03 +3.9972e-03 +4.3305e-03 +4.6638e-03 +4.9972e-03 +5.3306e-03 +5.6639e-03 +5.9973e-03 +6.3306e-03 +6.6640e-03 +6.9973e-03 +7.3307e-03 +7.6641e-03 +7.9974e-03 +8.3308e-03 +8.6642e-03 +8.9975e-03 +9.3309e-03 +9.6643e-03 +9.9977e-03 
-0000.00050 -1.0002e-02 -9.6690e-03 -9.3357e-03 -9.0024e-03 -8.6691e-03 -8.3358e-03 -8.0025e-03 -7.6692e-03 -7.3359e-03 -7.0026e-03 -6.6693e-03 -6.3360e-03 -6.0027e-03 -5.6694e-03 -5.3361e-03 -5.0028e-03 -4.6695e-03 -4.3361e-03 -4.0028e-03 -3.6695e-03 -3.3362e-03 -3.0029e-03 -2.6695e-03 -2.3362e-03 -2.0029e-03 -1.6696e-03 -1.3362e-03 -1.0029e-03 -6.6958e-04 -3.3625e-04 -2.9163e-06 +3.3042e-04 +6.6375e-04 +9.9709e-04 +1.3304e-03 +1.6638e-03 +1.9971e-03 +2.3304e-03 +2.6638e-03 +2.9971e-03 +3.3305e-03 +3.6638e-03 +3.9972e-03 +4.3305e-03 +4.6638e-03 +4.9972e-03 +5.3306e-03 +5.6639e-03 +5.9973e-03 +6.3306e-03 +6.6640e-03 +6.9973e-03 +7.3307e-03 +7.6641e-03 +7.9974e-03 +8.3308e-03 +8.6642e-03 +8.9975e-03 +9.3309e-03 +9.6643e-03 +9.9977e-03 
-0000.00100 -1.0002e-02 -9.6690e-03 -9.3357e-03 -9.0024e-03 -8.6691e-03 -8.3358e-03 -8.0025e-03 -7.6692e-03 -7.3359e-03 -7.0026e-03 -6.6693e-03 -6.3360e-03 -6.0027e-03 -5.6694e-03 -5.3361e-03 -5.0028e-03 -4.6695e-03 -4.3361e-03 -4.0028e-03 -3.6695e-03 -3.3362e-03 -3.0029e-03 -2.6695e-03 -2.3362e-03 -2.0029e-03 -1.6696e-03 -1.3362e-03 -1.0029e-03 -6.6958e-04 -3.3625e-04 -2.9164e-06 +3.3042e-04 +6.6375e-04 +9.9709e-04 +1.3304e-03 +1.6638e-03 +1.9971e-03 +2.3304e-03 +2.6638e-03 +2.9971e-03 +3.3305e-03 +3.6638e-03 +3.9972e-03 +4.3305e-03 +4.6638e-03 +4.9972e-03 +5.3306e-03 +5.6639e-03 +5.9973e-03 +6.3306e-03 +6.6640e-03 +6.9973e-03 +7.3307e-03 +7.6641e-03 +7.9974e-03 +8.3308e-03 +8.6642e-03 +8.9975e-03 +9.3309e-03 +9.6643e-03 +9.9977e-03 
-0000.00150 -1.0002e-02 -9.6690e-03 -9.3357e-03 -9.0024e-03 -8.6691e-03 -8.3358e-03 -8.0025e-03 -7.6692e-03 -7.3359e-03 -7.0026e-03 -6.6693e-03 -6.3360e-03 -6.0027e-03 -5.6694e-03 -5.3361e-03 -5.0028e-03 -4.6695e-03 -4.3361e-03 -4.0028e-03 -3.6695e-03 -3.3362e-03 -3.0029e-03 -2.6695e-03 -2.3362e-03 -2.0029e-03 -1.6696e-03 -1.3362e-03 -1.0029e-03 -6.6958e-04 -3.3625e-04 -2.9165e-06 +3.3042e-04 +6.6375e-04 +9.9709e-04 +1.3304e-03 +1.6638e-03 +1.9971e-03 +2.3304e-03 +2.6638e-03 +2.9971e-03 +3.3305e-03 +3.6638e-03 +3.9972e-03 +4.3305e-03 +4.6638e-03 +4.9972e-03 +5.3306e-03 +5.6639e-03 +5.9973e-03 +6.3306e-03 +6.6640e-03 +6.9973e-03 +7.3307e-03 +7.6641e-03 +7.9974e-03 +8.3308e-03 +8.6642e-03 +8.9975e-03 +9.3309e-03 +9.6643e-03 +9.9977e-03 
-0000.00200 -1.0002e-02 -9.6690e-03 -9.3357e-03 -9.0024e-03 -8.6691e-03 -8.3358e-03 -8.0025e-03 -7.6692e-03 -7.3359e-03 -7.0026e-03 -6.6693e-03 -6.3360e-03 -6.0027e-03 -5.6694e-03 -5.3361e-03 -5.0028e-03 -4.6695e-03 -4.3361e-03 -4.0028e-03 -3.6695e-03 -3.3362e-03 -3.0029e-03 -2.6695e-03 -2.3362e-03 -2.0029e-03 -1.6696e-03 -1.3362e-03 -1.0029e-03 -6.6958e-04 -3.3625e-04 -2.9130e-06 +3.3042e-04 +6.6375e-04 +9.9709e-04 +1.3304e-03 +1.6638e-03 +1.9971e-03 +2.3304e-03 +2.6638e-03 +2.9971e-03 +3.3305e-03 +3.6638e-03 +3.9972e-03 +4.3305e-03 +4.6638e-03 +4.9972e-03 +5.3305e-03 +5.6639e-03 +5.9973e-03 +6.3306e-03 +6.6640e-03 +6.9973e-03 +7.3307e-03 +7.6640e-03 +7.9974e-03 +8.3308e-03 +8.6642e-03 +8.9975e-03 +9.3309e-03 +9.6643e-03 +9.9977e-03 
# Vertical Final Position [m]
START
            -0000.01000 -0000.00967 -0000.00933 -0000.00900 -0000.00867 -0000.00833 -0000.00800 -0000.00767 -0000.00733 -0000.00700 -0000.00667 -0000.00633 -0000.00600 -0000.00567 -0000.00533 -0000.00500 -0000.00467 -0000.00433 -0000.00400 -0000.00367 -0000.00333 -0000.00300 -0000.00267 -0000.00233 -0000.00200 -0000.00167 -0000.00133 -0000.00100 -0000.00067 -0000.00033 +0000.00000 +0000.00033 +0000.00067 +0000.00100 +0000.00133 +0000.00167 +0000.00200 +0000.00233 +0000.00267 +0000.00300 +0000.00333 +0000.00367 +0000.00400 +0000.00433 +0000.00467 +0000.00500 +0000.00533 +0000.00567 +0000.00600 +0000.00633 +0000.00667 +0000.00700 +0000.00733 +0000.00767 +0000.00800 +0000.00833 +0000.00867 +0000.00900 +0000.00933 +0000.00967 +0000.01000 
+0000.00200 +2.0001e-03 +2.0001e-03 +2.0001e-03 +2.0001e-03 +2.0001e-03 +2.0001e-03 +2.0001e-03 +2.0001e-03 +2.0001e-03 +2.0001e-03 +2.0001e-03 +2.0000e-03 +2.0000e-03 +2.0000e-03 +2.0000e-03 +2.0000e-03 +2.0000e-03 +2.0000e-03 +2.0000e-03 +2.0000e-03 +2.0000e-03 +2.0000e-03 +2.0000e-03 +2.0000e-03 +2.0000e-03 +2.0000e-03 +2.0000e-03 +2.0000e-03 +2.0000e-03 +1.9999e-03 +1.9999e-03 +1.9999e-03 +1.9999e-03 +1.9999e-03 +1.9999e-03 +1.9999e-03 +1.9999e-03 +1.9999e-03 +1.9999e-03 +1.9999e-03 +1.9999e-03 +1.9999e-03 +1.9999e-03 +1.9999e-03 +1.9999e-03 +1.9999e-03 +1.9999e-03 +1.9998e-03 +1.9998e-03 +1.9998e-03 +1.9998e-03 +1.9998e-03 +1.9998e-03 +1.9998e-03 +1.9998e-03 +1.9998e-03 +1.9998e-03 +1.9998e-03 +1.9998e-03 +1.9997e-03 +1.9997e-03 
+0000.00150 +1.5001e-03 +1.5001e-03 +1.5001e-03 +1.5001e-03 +1.5001e-03 +1.5001e-03 +1.5001e-03 +1.5001e-03 +1.5001e-03 +1.5001e-03 +1.5001e-03 +1.5001e-03 +1.5000e-03 +1.5000e-03 +1.5000e-03 +1.5000e-03 +1.5000e-03 +1.5000e-03 +1.5000e-03 +1.5000e-03 +1.5000e-03 +1.5000e-03 +1.5000e-03 +1.5000e-03 +1.5000e-03 +1.5000e-03 +1.5000e-03 +1.5000e-03 +1.5000e-03 +1.5000e-03 +1.5000e-03 +1.5000e-03 +1.4999e-03 +1.4999e-03 +1.4999e-03 +1.4999e-03 +1.4999e-03 +1.4999e-03 +1.4999e-03 +1.4999e-03 +1.4999e-03 +1.4999e-03 +1.4999e-03 +1.4999e-03 +1.4999e-03 +1.4999e-03 +1.4999e-03 +1.4999e-03 +1.4999e-03 +1.4999e-03 +1.4999e-03 +1.4999e-03 +1.4999e-03 +1.4998e-03 +1.4998e-03 +1.4998e-03 +1.4998e-03 +1.4998e-03 +1.4998e-03 +1.4998e-03 +1.4998e-03 
+0000.00100 +1.0001e-03 +1.0001e-03 +1.0001e-03 +1.0001e-03 +1.0001e-03 +1.0001e-03 +1.0001e-03 +1.0001e-03 +1.0000e-03 +1.0000e-03 +1.0000e-03 +1.0000e-03 +1.0000e-03 +1.0000e-03 +1.0000e-03 +1.0000e-03 +1.0000e-03 +1.0000e-03 +1.0000e-03 +1.0000e-03 +1.0000e-03 +1.0000e-03 +9.9999e-04 +9.9999e-04 +9.9999e-04 +9.9998e-04 +9.9998e-04 +9.9998e-04 +9.9998e-04 +9.9997e-04 +9.9997e-04 +9.9997e-04 +9.9996e-04 +9.9996e-04 +9.9996e-04 +9.9996e-04 +9.9995e-04 +9.9995e-04 +9.9995e-04 +9.9995e-04 +9.9994e-04 +9.9994e-04 +9.9994e-04 +9.9994e-04 +9.9993e-04 +9.9993e-04 +9.9993e-04 +9.9993e-04 +9.9992e-04 +9.9992e-04 +9.9992e-04 +9.9991e-04 +9.9991e-04 +9.9991e-04 +9.9990e-04 +9.9990e-04 +9.9990e-04 +9.9989e-04 +9.9989e-04 +9.9989e-04 +9.9988e-04 
+0000.00050 +5.0004e-04 +5.0003e-04 +5.0003e-04 +5.0003e-04 +5.0003e-04 +5.0003e-04 +5.0003e-04 +5.0003e-04 +5.0002e-04 +5.0002e-04 +5.0002e-04 +5.0002e-04 +5.0002e-04 +5.0002e-04 +5.0001e-04 +5.0001e-04 +5.0001e-04 +5.0001e-04 +5.0001e-04 +5.0001e-04 +5.0000e-04 +5.0000e-04 +5.0000e-04 +5.0000e-04 +5.0000e-04 +5.0000e-04 +5.0000e-04 +4.9999e-04 +4.9999e-04 +4.9999e-04 +4.9999e-04 +4.9999e-04 +4.9999e-04 +4.9998e-04 +4.9998e-04 +4.9998e-04 +4.9998e-04 +4.9998e-04 +4.9998e-04 +4.9998e-04 +4.9997e-04 +4.9997e-04 +4.9997e-04 +4.9997e-04 +4.9997e-04 +4.9997e-04 +4.9996e-04 +4.9996e-04 +4.9996e-04 +4.9996e-04 +4.9996e-04 +4.9996e-04 +4.9995e-04 +4.9995e-04 +4.9995e-04 +4.9995e-04 +4.9995e-04 +4.9995e-04 +4.9994e-04 +4.9994e-04 +4.9994e-04 
+0000.00000 -6.7300e-12 -6.9403e-12 -7.2152e-12 -7.5472e-12 -7.9293e-12 -8.3545e-12 -8.8163e-12 -9.3084e-12 -9.8246e-12 -1.0359e-11 -1.0906e-11 -1.1461e-11 -1.2018e-11 -1.2573e-11 -1.3120e-11 -1.3656e-11 -1.4177e-11 -1.4679e-11 -1.5159e-11 -1.5612e-11 -1.6037e-11 -1.6430e-11 -1.6789e-11 -1.7112e-11 -1.7396e-11 -1.7640e-11 -1.7843e-11 -1.8004e-11 -1.8121e-11 -1.8193e-11 -1.8221e-11 -1.8204e-11 -1.8142e-11 -1.8036e-11 -1.7886e-11 -1.7693e-11 -1.7459e-11 -1.7184e-11 -1.6870e-11 -1.6519e-11 -1.6133e-11 -1.5715e-11 -1.5267e-11 -1.4793e-11 -1.4295e-11 -1.3776e-11 -1.3242e-11 -1.2694e-11 -1.2139e-11 -1.1579e-11 -1.1021e-11 -1.0468e-11 -9.9265e-12 -9.4015e-12 -8.8989e-12 -8.4246e-12 -7.9849e-12 -7.5863e-12 -7.2357e-12 -6.9401e-12 -6.7068e-12 
-0000.00050 -5.0004e-04 -5.0003e-04 -5.0003e-04 -5.0003e-04 -5.0003e-04 -5.0003e-04 -5.0003e-04 -5.0003e-04 -5.0002e-04 -5.0002e-04 -5.0002e-04 -5.0002e-04 -5.0002e-04 -5.0002e-04 -5.0001e-04 -5.0001e-04 -5.0001e-04 -5.0001e-04 -5.0001e-04 -5.0001e-04 -5.0000e-04 -5.0000e-04 -5.0000e-04 -5.0000e-04 -5.0000e-04 -5.0000e-04 -5.0000e-04 -4.9999e-04 -4.9999e-04 -4.9999e-04 -4.9999e-04 -4.9999e-04 -4.9999e-04 -4.9998e-04 -4.9998e-04 -4.9998e-04 -4.9998e-04 -4.9998e-04 -4.9998e-04 -4.9998e-04 -4.9997e-04 -4.9997e-04 -4.9997e-04 -4.9997e-04 -4.9997e-04 -4.9997e-04 -4.9996e-04 -4.9996e-04 -4.9996e-04 -4.9996e-04 -4.9996e-04 -4.9996e-04 -4.9995e-04 -4.9995e-04 -4.9995e-04 -4.9995e-04 -4.9995e-04 -4.9995e-04 -4.9994e-04 -4.9994e-04 -4.9994e-04 
-0000.00100 -1.0001e-03 -1.0001e-03 -1.0001e-03 -1.0001e-03 -1.0001e-03 -1.0001e-03 -1.0001e-03 -1.0001e-03 -1.0000e-03 -1.0000e-03 -1.0000e-03 -1.0000e-03 -1.0000e-03 -1.0000e-03 -1.0000e-03 -1.0000e-03 -1.0000e-03 -1.0000e-03 -1.0000e-03 -1.0000e-03 -1.0000e-03 -1.0000e-03 -9.9999e-04 -9.9999e-04 -9.9999e-04 -9.9998e-04 -9.9998e-04 -9.9998e-04 -9.9998e-04 -9.9997e-04 -9.9997e-04 -9.9997e-04 -9.9996e-04 -9.9996e-04 -9.9996e-04 -9.9996e-04 -9.9995e-04 -9.9995e-04 -9.9995e-04 -9.9995e-04 -9.9994e-04 -9.9994e-04 -9.9994e-04 -9.9994e-04 -9.9993e-04 -9.9993e-04 -9.9993e-04 -9.9993e-04 -9.9992e-04 -9.9992e-04 -9.9992e-04 -9.9991e-04 -9.9991e-04 -9.9991e-04 -9.9990e-04 -9.9990e-04 -9.9990e-04 -9.9989e-04 -9.9989e-04 -9.9989e-04 -9.9988e-04 
-0000.00150 -1.5001e-03 -1.5001e-03 -1.5001e-03 -1.5001e-03 -1.5001e-03 -1.5001e-03 -1.5001e-03 -1.5001e-03 -1.5001e-03 -1.5001e-03 -1.5001e-03 -1.5001e-03 -1.5000e-03 -1.5000e-03 -1.5000e-03 -1.5000e-03 -1.5000e-03 -1.5000e-03 -1.5000e-03 -1.5000e-03 -1.5000e-03 -1.5000e-03 -1.5000e-03 -1.5000e-03 -1.5000e-03 -1.5000e-03 -1.5000e-03 -1.5000e-03 -1.5000e-03 -1.5000e-03 -1.5000e-03 -1.5000e-03 -1.4999e-03 -1.4999e-03 -1.4999e-03 -1.4999e-03 -1.4999e-03 -1.4999e-03 -1.4999e-03 -1.4999e-03 -1.4999e-03 -1.4999e-03 -1.4999e-03 -1.4999e-03 -1.4999e-03 -1.4999e-03 -1.4999e-03 -1.4999e-03 -1.4999e-03 -1.4999e-03 -1.4999e-03 -1.4999e-03 -1.4999e-03 -1.4998e-03 -1.4998e-03 -1.4998e-03 -1.4998e-03 -1.4998e-03 -1.4998e-03 -1.4998e-03 -1.4998e-03 
-0000.00200 -2.0001e-03 -2.0001e-03 -2.0001e-03 -2.0001e-03 -2.0001e-03 -2.0001e-03 -2.0001e-03 -2.0001e-03 -2.0001e-03 -2.0001e-03 -2.0001e-03 -2.0000e-03 -2.0000e-03 -2.0000e-03 -2.0000e-03 -2.0000e-03 -2.0000e-03 -2.0000e-03 -2.0000e-03 -2.0000e-03 -2.0000e-03 -2.0000e-03 -2.0000e-03 -2.0000e-03 -2.0000e-03 -2.0000e-03 -2.0000e-03 -2.0000e-03 -2.0000e-03 -1.9999e-03 -1.9999e-03 -1.9999e-03 -1.9999e-03 -1.9999e-03 -1.9999e-03 -1.9999e-03 -1.9999e-03 -1.9999e-03 -1.9999e-03 -1.9999e-03 -1.9999e-03 -1.9999e-03 -1.9999e-03 -1.9999e-03 -1.9999e-03 -1.9999e-03 -1.9999e-03 -1.9998e-03 -1.9998e-03 -1.9998e-03 -1.9998e-03 -1.9998e-03 -1.9998e-03 -1.9998e-03 -1.9998e-03 -1.9998e-03 -1.9998e-03 -1.9998e-03 -1.9998e-03 -1.9997e-03 -1.9997e-03 