# Author: FAC idanalysis.IDKickMap
# Termination_kicks [T2m2]: +0.0000e+00 +0.0000e+00 +0.0000e+00 +0.0000e+00 
# Total Length of Longitudinal Interval [m]
0.13
# Number of Horizontal Points
61
# Number of Vertical Points
9
# Total Horizontal 2nd Order Kick [T2m2]
START
            -0000.01000 -0000.00967 -0000.00933 -0000.00900 -0000.00867 -0000.00833 -0000.00800 -0000.00767 -0000.00733 -0000.00700 -0000.00667 -0000.00633 -0000.00600 -0000.00567 -0000.00533 -0000.00500 -0000.00467 -0000.00433 -0000.00400 -0000.00367 -0000.00333 -0000.00300 -0000.00267 -0000.00233 -0000.00200 -0000.00167 -0000.00133 -0000.00100 -0000.00067 -0000.00033 +0000.00000 +0000.00033 +0000.00067 +0000.00100 +0000.00133 +0000.00167 +0000.00200 +0000.00233 +0000.00267 +0000.00300 +0000.00333 +0000.00367 +0000.00400 +0000.00433 +0000.00467 +0000.00500 +0000.00533 +0000.00567 +0000.00600 +0000.00633 +0000.00667 +0000.00700 +0000.00733 +0000.00767 +0000.00800 +0000.00833 +0000.00867 +0000.00900 +0000.00933 +0000.00967 +0000.01000 
+0000.00200 -5.1870e-05 -4.8090e-05 -4.4490e-05 -4.1070e-05 -3.7820e-05 -3.4730e-05 -3.1810e-05 -2.9040e-05 -2.6420e-05 -2.3950e-05 -2.1630e-05 -1.9440e-05 -1.7380e-05 -1.5460e-05 -1.3670e-05 -1.2000e-05 -1.0450e-05 -9.0200e-06 -7.7000e-06 -6.5000e-06 -5.4100e-06 -4.4300e-06 -3.5500e-06 -2.7800e-06 -2.1200e-06 -1.5600e-06 -1.1000e-06 -7.4000e-07 -4.8000e-07 -3.1000e-07 -2.5000e-07 -2.9000e-07 -4.3000e-07 -6.6000e-07 -1.0000e-06 -1.4300e-06 -1.9700e-06 -2.6100e-06 -3.3500e-06 -4.2000e-06 -5.1500e-06 -6.2200e-06 -7.3900e-06 -8.6800e-06 -1.0080e-05 -1.1600e-05 -1.3240e-05 -1.5000e-05 -1.6890e-05 -1.8910e-05 -2.1060e-05 -2.3360e-05 -2.5790e-05 -2.8370e-05 -3.1100e-05 -3.3980e-05 -3.7020e-05 -4.0230e-05 -4.3610e-05 -4.7160e-05 -5.0900e-05 
+0000.00150 -5.1140e-05 -4.7470e-05 -4.3950e-05 -4.0590e-05 -3.7390e-05 -3.4330e-05 -3.1420e-05 -2.8650e-05 -2.6020e-05 -2.3530e-05 -2.1170e-05 -1.8940e-05 -1.6840e-05 -1.4870e-05 -1.3020e-05 -1.1300e-05 -9.6900e-06 -8.2100e-06 -6.8400e-06 -5.5800e-06 -4.4400e-06 -3.4100e-06 -2.4900e-06 -1.6800e-06 -9.8000e-07 -3.8000e-07 +1.1000e-07 +4.9000e-07 +7.6000e-07 +9.3000e-07 +1.0000e-06 +9.6000e-07 +8.1000e-07 +5.6000e-07 +2.0000e-07 -2.6000e-07 -8.3000e-07 -1.5100e-06 -2.2900e-06 -3.1900e-06 -4.1900e-06 -5.3100e-06 -6.5400e-06 -7.8800e-06 -9.3400e-06 -1.0910e-05 -1.2600e-05 -1.4420e-05 -1.6360e-05 -1.8420e-05 -2.0610e-05 -2.2940e-05 -2.5390e-05 -2.7980e-05 -3.0710e-05 -3.3580e-05 -3.6590e-05 -3.9750e-05 -4.3070e-05 -4.6540e-05 -5.0160e-05 
+0000.00100 -5.1990e-05 -4.8360e-05 -4.4880e-05 -4.1540e-05 -3.8350e-05 -3.5310e-05 -3.2400e-05 -2.9620e-05 -2.6980e-05 -2.4480e-05 -2.2100e-05 -1.9850e-05 -1.7730e-05 -1.5740e-05 -1.3860e-05 -1.2110e-05 -1.0470e-05 -8.9600e-06 -7.5600e-06 -6.2800e-06 -5.1100e-06 -4.0500e-06 -3.1100e-06 -2.2800e-06 -1.5600e-06 -9.5000e-07 -4.5000e-07 -6.0000e-08 +2.2000e-07 +4.0000e-07 +4.6000e-07 +4.2000e-07 +2.7000e-07 +1.0000e-08 -3.6000e-07 -8.3000e-07 -1.4200e-06 -2.1200e-06 -2.9200e-06 -3.8400e-06 -4.8700e-06 -6.0100e-06 -7.2700e-06 -8.6400e-06 -1.0130e-05 -1.1730e-05 -1.3450e-05 -1.5290e-05 -1.7260e-05 -1.9350e-05 -2.1560e-05 -2.3900e-05 -2.6360e-05 -2.8960e-05 -3.1690e-05 -3.4560e-05 -3.7560e-05 -4.0710e-05 -4.3990e-05 -4.7420e-05 -5.1000e-05 
+0000.00050 -5.2500e-05 -4.8890e-05 -4.5420e-05 -4.2100e-05 -3.8910e-05 -3.5870e-05 -3.2960e-05 -3.0180e-05 -2.7540e-05 -2.5030e-05 -2.2640e-05 -2.0380e-05 -1.8250e-05 -1.6240e-05 -1.4350e-05 -1.2580e-05 -1.0940e-05 -9.4100e-06 -7.9900e-06 -6.7000e-06 -5.5200e-06 -4.4500e-06 -3.5000e-06 -2.6600e-06 -1.9300e-06 -1.3100e-06 -8.0000e-07 -4.1000e-07 -1.2000e-07 +5.0000e-08 +1.2000e-07 +8.0000e-08 -8.0000e-08 -3.4000e-07 -7.1000e-07 -1.2000e-06 -1.7900e-06 -2.5000e-06 -3.3100e-06 -4.2400e-06 -5.2800e-06 -6.4400e-06 -7.7100e-06 -9.0900e-06 -1.0590e-05 -1.2210e-05 -1.3950e-05 -1.5800e-05 -1.7780e-05 -1.9880e-05 -2.2100e-05 -2.4440e-05 -2.6920e-05 -2.9520e-05 -3.2250e-05 -3.5110e-05 -3.8110e-05 -4.1250e-05 -4.4520e-05 -4.7930e-05 -5.1480e-05 
+0000.00000 -5.2660e-05 -4.9050e-05 -4.5590e-05 -4.2270e-05 -3.9090e-05 -3.6050e-05 -3.3140e-05 -3.0360e-05 -2.7720e-05 -2.5200e-05 -2.2810e-05 -2.0550e-05 -1.8420e-05 -1.6400e-05 -1.4510e-05 -1.2740e-05 -1.1090e-05 -9.5500e-06 -8.1400e-06 -6.8400e-06 -5.6500e-06 -4.5800e-06 -3.6300e-06 -2.7800e-06 -2.0500e-06 -1.4300e-06 -9.2000e-07 -5.3000e-07 -2.4000e-07 -6.0000e-08 +0.0000e+00 -4.0000e-08 -2.0000e-07 -4.6000e-07 -8.4000e-07 -1.3200e-06 -1.9200e-06 -2.6300e-06 -3.4500e-06 -4.3800e-06 -5.4300e-06 -6.5800e-06 -7.8600e-06 -9.2500e-06 -1.0750e-05 -1.2370e-05 -1.4110e-05 -1.5970e-05 -1.7950e-05 -2.0050e-05 -2.2280e-05 -2.4620e-05 -2.7100e-05 -2.9700e-05 -3.2430e-05 -3.5300e-05 -3.8290e-05 -4.1420e-05 -4.4690e-05 -4.8100e-05 -5.1650e-05 
-0000.00050 -5.2490e-05 -4.8880e-05 -4.5420e-05 -4.2090e-05 -3.8910e-05 -3.5870e-05 -3.2960e-05 -3.0180e-05 -2.7540e-05 -2.5020e-05 -2.2640e-05 -2.0380e-05 -1.8250e-05 -1.6240e-05 -1.4350e-05 -1.2580e-05 -1.0940e-05 -9.4100e-06 -7.9900e-06 -6.7000e-06 -5.5200e-06 -4.4500e-06 -3.5000e-06 -2.6600e-06 -1.9300e-06 -1.3100e-06 -8.0000e-07 -4.1000e-07 -1.2000e-07 +5.0000e-08 +1.2000e-07 +8.0000e-08 -8.0000e-08 -3.4000e-07 -7.1000e-07 -1.2000e-06 -1.7900e-06 -2.5000e-06 -3.3100e-06 -4.2400e-06 -5.2800e-06 -6.4400e-06 -7.7100e-06 -9.0900e-06 -1.0590e-05 -1.2210e-05 -1.3950e-05 -1.5800e-05 -1.7780e-05 -1.9870e-05 -2.2100e-05 -2.4440e-05 -2.6920e-05 -2.9520e-05 -3.2250e-05 -3.5120e-05 -3.8110e-05 -4.1250e-05 -4.4520e-05 -4.7930e-05 -5.1490e-05 
-0000.00100 -5.1990e-05 -4.8360e-05 -4.4880e-05 -4.1540e-05 -3.8350e-05 -3.5300e-05 -3.2390e-05 -2.9620e-05 -2.6980e-05 -2.4480e-05 -2.2100e-05 -1.9850e-05 -1.7730e-05 -1.5730e-05 -1.3860e-05 -1.2110e-05 -1.0470e-05 -8.9600e-06 -7.5600e-06 -6.2800e-06 -5.1100e-06 -4.0500e-06 -3.1100e-06 -2.2800e-06 -1.5600e-06 -9.5000e-07 -4.5000e-07 -6.0000e-08 +2.3000e-07 +4.0000e-07 +4.6000e-07 +4.2000e-07 +2.7000e-07 +1.0000e-08 -3.6000e-07 -8.3000e-07 -1.4200e-06 -2.1200e-06 -2.9200e-06 -3.8400e-06 -4.8700e-06 -6.0100e-06 -7.2700e-06 -8.6400e-06 -1.0130e-05 -1.1730e-05 -1.3450e-05 -1.5290e-05 -1.7260e-05 -1.9350e-05 -2.1560e-05 -2.3900e-05 -2.6360e-05 -2.8960e-05 -3.1690e-05 -3.4560e-05 -3.7560e-05 -4.0710e-05 -4.3990e-05 -4.7420e-05 -5.1000e-05 
-0000.00150 -5.1130e-05 -4.7460e-05 -4.3940e-05 -4.0580e-05 -3.7380e-05 -3.4320e-05 -3.1410e-05 -2.8640e-05 -2.6010e-05 -2.3520e-05 -2.1160e-05 -1.8940e-05 -1.6840e-05 -1.4870e-05 -1.3020e-05 -1.1300e-05 -9.6900e-06 -8.2100e-06 -6.8400e-06 -5.5800e-06 -4.4400e-06 -3.4100e-06 -2.4900e-06 -1.6800e-06 -9.8000e-07 -3.8000e-07 +1.1000e-07 +4.9000e-07 +7.6000e-07 +9.3000e-07 +1.0000e-06 +9.6000e-07 +8.1000e-07 +5.6000e-07 +2.0000e-07 -2.6000e-07 -8.3000e-07 -1.5100e-06 -2.2900e-06 -3.1900e-06 -4.1900e-06 -5.3100e-06 -6.5300e-06 -7.8800e-06 -9.3300e-06 -1.0910e-05 -1.2600e-05 -1.4420e-05 -1.6360e-05 -1.8420e-05 -2.0610e-05 -2.2940e-05 -2.5390e-05 -2.7980e-05 -3.0710e-05 -3.3580e-05 -3.6600e-05 -3.9760e-05 -4.3070e-05 -4.6540e-05 -5.0170e-05 
-0000.00200 -5.1860e-05 -4.8080e-05 -4.4480e-05 -4.1060e-05 -3.7810e-05 -3.4730e-05 -3.1810e-05 -2.9040e-05 -2.6420e-05 -2.3950e-05 -2.1630e-05 -1.9440e-05 -1.7380e-05 -1.5460e-05 -1.3670e-05 -1.2000e-05 -1.0450e-05 -9.0200e-06 -7.7000e-06 -6.5000e-06 -5.4100e-06 -4.4300e-06 -3.5600e-06 -2.7900e-06 -2.1200e-06 -1.5600e-06 -1.1000e-06 -7.4000e-07 -4.8000e-07 -3.2000e-07 -2.5000e-07 -2.9000e-07 -4.3000e-07 -6.6000e-07 -1.0000e-06 -1.4300e-06 -1.9700e-06 -2.6100e-06 -3.3500e-06 -4.2000e-06 -5.1500e-06 -6.2100e-06 -7.3900e-06 -8.6700e-06 -1.0080e-05 -1.1590e-05 -1.3230e-05 -1.5000e-05 -1.6890e-05 -1.8910e-05 -2.1060e-05 -2.3360e-05 -2.5790e-05 -2.8370e-05 -3.1100e-05 -3.3990e-05 -3.7030e-05 -4.0240e-05 -4.3620e-05 -4.7170e-05 -5.0910e-05 
# Total Vertical 2nd Order Kick [T2m2]
START
            -0000.01000 -0000.00967 -0000.00933 -0000.00900 -0000.00867 -0000.00833 -0000.00800 -0000.00767 -0000.00733 -0000.00700 -0000.00667 -0000.00633 -0000.00600 -0000.00567 -0000.00533 -0000.00500 -0000.00467 -0000.00433 -0000.00400 -0000.00367 -0000.00333 -0000.00300 -0000.00267 -0000.00233 -0000.00200 -0000.00167 -0000.00133 -0000.00100 -0000.00067 -0000.00033 +0000.00000 +0000.00033 +0000.00067 +0000.00100 +0000.00133 +0000.00167 +0000.00200 +0000.00233 +0000.00267 +0000.00300 +0000.00333 +0000.00367 +0000.00400 +0000.00433 +0000.00467 +0000.00500 +0000.00533 +0000.00567 +0000.00600 +0000.00633 +0000.00667 +0000.00700 +0000.00733 +0000.00767 +0000.00800 +0000.00833 +0000.00867 +0000.00900 +0000.00933 +0000.00967 +0000.01000 
+0000.00200 -1.7831e-04 -1.7717e-04 -1.7608e-04 -1.7502e-04 -1.7400e-04 -1.7301e-04 -1.7205e-04 -1.7112e-04 -1.7023e-04 -1.6936e-04 -1.6852e-04 -1.6770e-04 -1.6691e-04 -1.6614e-04 -1.6539e-04 -1.6467e-04 -1.6396e-04 -1.6327e-04 -1.6259e-04 -1.6193e-04 -1.6129e-04 -1.6065e-04 -1.6003e-04 -1.5942e-04 -1.5881e-04 -1.5821e-04 -1.5762e-04 -1.5703e-04 -1.5645e-04 -1.5587e-04 -1.5529e-04 -1.5470e-04 -1.5412e-04 -1.5353e-04 -1.5294e-04 -1.5235e-04 -1.5174e-04 -1.5113e-04 -1.5051e-04 -1.4988e-04 -1.4924e-04 -1.4859e-04 -1.4792e-04 -1.4724e-04 -1.4654e-04 -1.4582e-04 -1.4508e-04 -1.4433e-04 -1.4355e-04 -1.4275e-04 -1.4193e-04 -1.4109e-04 -1.4021e-04 -1.3932e-04 -1.3839e-04 -1.3744e-04 -1.3645e-04 -1.3543e-04 -1.3439e-04 -1.3330e-04 -1.3219e-04 
+0000.00150 -1.1933e-04 -1.1858e-04 -1.1785e-04 -1.1714e-04 -1.1644e-04 -1.1577e-04 -1.1511e-04 -1.1447e-04 -1.1384e-04 -1.1323e-04 -1.1263e-04 -1.1204e-04 -1.1147e-04 -1.1091e-04 -1.1036e-04 -1.0982e-04 -1.0929e-04 -1.0877e-04 -1.0825e-04 -1.0775e-04 -1.0725e-04 -1.0676e-04 -1.0627e-04 -1.0579e-04 -1.0531e-04 -1.0484e-04 -1.0437e-04 -1.0390e-04 -1.0344e-04 -1.0297e-04 -1.0250e-04 -1.0204e-04 -1.0157e-04 -1.0110e-04 -1.0063e-04 -1.0016e-04 -9.9686e-05 -9.9204e-05 -9.8718e-05 -9.8227e-05 -9.7730e-05 -9.7226e-05 -9.6715e-05 -9.6196e-05 -9.5668e-05 -9.5132e-05 -9.4586e-05 -9.4030e-05 -9.3463e-05 -9.2885e-05 -9.2295e-05 -9.1692e-05 -9.1077e-05 -9.0448e-05 -8.9805e-05 -8.9147e-05 -8.8473e-05 -8.7784e-05 -8.7079e-05 -8.6357e-05 -8.5617e-05 
+0000.00100 -7.3418e-05 -7.2951e-05 -7.2495e-05 -7.2049e-05 -7.1612e-05 -7.1184e-05 -7.0765e-05 -7.0354e-05 -6.9952e-05 -6.9557e-05 -6.9169e-05 -6.8788e-05 -6.8413e-05 -6.8045e-05 -6.7682e-05 -6.7324e-05 -6.6972e-05 -6.6624e-05 -6.6280e-05 -6.5940e-05 -6.5603e-05 -6.5270e-05 -6.4940e-05 -6.4612e-05 -6.4286e-05 -6.3962e-05 -6.3639e-05 -6.3317e-05 -6.2996e-05 -6.2676e-05 -6.2355e-05 -6.2035e-05 -6.1714e-05 -6.1391e-05 -6.1068e-05 -6.0743e-05 -6.0417e-05 -6.0088e-05 -5.9756e-05 -5.9422e-05 -5.9085e-05 -5.8744e-05 -5.8400e-05 -5.8052e-05 -5.7699e-05 -5.7342e-05 -5.6980e-05 -5.6613e-05 -5.6240e-05 -5.5862e-05 -5.5478e-05 -5.5087e-05 -5.4690e-05 -5.4286e-05 -5.3875e-05 -5.3456e-05 -5.3030e-05 -5.2596e-05 -5.2154e-05 -5.1704e-05 -5.1244e-05 
+0000.00050 -3.4978e-05 -3.4753e-05 -3.4533e-05 -3.4317e-05 -3.4105e-05 -3.3897e-05 -3.3693e-05 -3.3493e-05 -3.3295e-05 -3.3102e-05 -3.2911e-05 -3.2723e-05 -3.2538e-05 -3.2355e-05 -3.2175e-05 -3.1997e-05 -3.1821e-05 -3.1647e-05 -3.1475e-05 -3.1305e-05 -3.1136e-05 -3.0968e-05 -3.0801e-05 -3.0636e-05 -3.0471e-05 -3.0307e-05 -3.0143e-05 -2.9980e-05 -2.9817e-05 -2.9654e-05 -2.9492e-05 -2.9329e-05 -2.9166e-05 -2.9002e-05 -2.8838e-05 -2.8673e-05 -2.8507e-05 -2.8341e-05 -2.8173e-05 -2.8004e-05 -2.7834e-05 -2.7662e-05 -2.7489e-05 -2.7314e-05 -2.7137e-05 -2.6959e-05 -2.6778e-05 -2.6595e-05 -2.6410e-05 -2.6222e-05 -2.6032e-05 -2.5839e-05 -2.5644e-05 -2.5445e-05 -2.5244e-05 -2.5040e-05 -2.4833e-05 -2.4622e-05 -2.4408e-05 -2.4191e-05 -2.3970e-05 
+0000.00000 +1.3758e-08 +1.3682e-08 +1.3502e-08 +1.3228e-08 +1.2871e-08 +1.2442e-08 +1.1950e-08 +1.1404e-08 +1.0814e-08 +1.0188e-08 +9.5340e-09 +8.8610e-09 +8.1750e-09 +7.4840e-09 +6.7950e-09 +6.1140e-09 +5.4470e-09 +4.7990e-09 +4.1760e-09 +3.5830e-09 +3.0240e-09 +2.5020e-09 +2.0220e-09 +1.5880e-09 +1.2010e-09 +8.6400e-10 +5.8000e-10 +3.5100e-10 +1.7700e-10 +6.0000e-11 +0.0000e+00 -3.0000e-12 +5.2000e-11 +1.6400e-10 +3.3100e-10 +5.5300e-10 +8.2800e-10 +1.1540e-09 +1.5290e-09 +1.9480e-09 +2.4110e-09 +2.9120e-09 +3.4470e-09 +4.0130e-09 +4.6050e-09 +5.2170e-09 +5.8450e-09 +6.4810e-09 +7.1200e-09 +7.7560e-09 +8.3800e-09 +8.9870e-09 +9.5670e-09 +1.0113e-08 +1.0616e-08 +1.1068e-08 +1.1458e-08 +1.1777e-08 +1.2016e-08 +1.2163e-08 +1.2207e-08 
-0000.00050 +3.5005e-05 +3.4780e-05 +3.4559e-05 +3.4343e-05 +3.4130e-05 +3.3922e-05 +3.3716e-05 +3.3515e-05 +3.3317e-05 +3.3121e-05 +3.2929e-05 +3.2740e-05 +3.2554e-05 +3.2370e-05 +3.2188e-05 +3.2009e-05 +3.1832e-05 +3.1656e-05 +3.1483e-05 +3.1311e-05 +3.1141e-05 +3.0972e-05 +3.0805e-05 +3.0638e-05 +3.0472e-05 +3.0308e-05 +3.0144e-05 +2.9980e-05 +2.9817e-05 +2.9654e-05 +2.9491e-05 +2.9328e-05 +2.9165e-05 +2.9002e-05 +2.8838e-05 +2.8673e-05 +2.8508e-05 +2.8342e-05 +2.8175e-05 +2.8007e-05 +2.7838e-05 +2.7667e-05 +2.7495e-05 +2.7321e-05 +2.7146e-05 +2.6968e-05 +2.6788e-05 +2.6607e-05 +2.6423e-05 +2.6237e-05 +2.6048e-05 +2.5856e-05 +2.5662e-05 +2.5465e-05 +2.5264e-05 +2.5061e-05 +2.4854e-05 +2.4644e-05 +2.4431e-05 +2.4214e-05 +2.3993e-05 
-0000.00100 +7.3443e-05 +7.2977e-05 +7.2521e-05 +7.2074e-05 +7.1637e-05 +7.1209e-05 +7.0789e-05 +7.0377e-05 +6.9973e-05 +6.9577e-05 +6.9188e-05 +6.8806e-05 +6.8430e-05 +6.8060e-05 +6.7695e-05 +6.7336e-05 +6.6982e-05 +6.6633e-05 +6.6288e-05 +6.5946e-05 +6.5609e-05 +6.5274e-05 +6.4943e-05 +6.4614e-05 +6.4287e-05 +6.3962e-05 +6.3639e-05 +6.3317e-05 +6.2995e-05 +6.2674e-05 +6.2354e-05 +6.2033e-05 +6.1712e-05 +6.1390e-05 +6.1067e-05 +6.0743e-05 +6.0417e-05 +6.0089e-05 +5.9758e-05 +5.9425e-05 +5.9089e-05 +5.8749e-05 +5.8406e-05 +5.8059e-05 +5.7708e-05 +5.7352e-05 +5.6991e-05 +5.6625e-05 +5.6254e-05 +5.5877e-05 +5.5494e-05 +5.5104e-05 +5.4708e-05 +5.4305e-05 +5.3895e-05 +5.3478e-05 +5.3052e-05 +5.2619e-05 +5.2177e-05 +5.1726e-05 +5.1267e-05 
-0000.00150 +1.1936e-04 +1.1861e-04 +1.1788e-04 +1.1717e-04 +1.1648e-04 +1.1580e-04 +1.1514e-04 +1.1450e-04 +1.1387e-04 +1.1325e-04 +1.1265e-04 +1.1207e-04 +1.1149e-04 +1.1093e-04 +1.1038e-04 +1.0984e-04 +1.0931e-04 +1.0878e-04 +1.0827e-04 +1.0776e-04 +1.0726e-04 +1.0677e-04 +1.0628e-04 +1.0580e-04 +1.0532e-04 +1.0485e-04 +1.0438e-04 +1.0391e-04 +1.0344e-04 +1.0298e-04 +1.0251e-04 +1.0204e-04 +1.0158e-04 +1.0111e-04 +1.0064e-04 +1.0017e-04 +9.9686e-05 +9.9206e-05 +9.8720e-05 +9.8230e-05 +9.7734e-05 +9.7231e-05 +9.6721e-05 +9.6204e-05 +9.5678e-05 +9.5143e-05 +9.4598e-05 +9.4044e-05 +9.3478e-05 +9.2901e-05 +9.2313e-05 +9.1711e-05 +9.1097e-05 +9.0469e-05 +8.9826e-05 +8.9169e-05 +8.8496e-05 +8.7807e-05 +8.7101e-05 +8.6378e-05 +8.5637e-05 
-0000.00200 +1.7833e-04 +1.7720e-04 +1.7611e-04 +1.7505e-04 +1.7403e-04 +1.7304e-04 +1.7208e-04 +1.7115e-04 +1.7026e-04 +1.6939e-04 +1.6854e-04 +1.6773e-04 +1.6693e-04 +1.6616e-04 +1.6541e-04 +1.6468e-04 +1.6397e-04 +1.6328e-04 +1.6260e-04 +1.6194e-04 +1.6129e-04 +1.6066e-04 +1.6003e-04 +1.5942e-04 +1.5881e-04 +1.5822e-04 +1.5762e-04 +1.5704e-04 +1.5645e-04 +1.5587e-04 +1.5529e-04 +1.5471e-04 +1.5412e-04 +1.5354e-04 +1.5295e-04 +1.5235e-04 +1.5175e-04 +1.5114e-04 +1.5052e-04 +1.4989e-04 +1.4925e-04 +1.4860e-04 +1.4794e-04 +1.4725e-04 +1.4656e-04 +1.4584e-04 +1.4511e-04 +1.4435e-04 +1.4358e-04 +1.4278e-04 +1.4196e-04 +1.4112e-04 +1.4025e-04 +1.3935e-04 +1.3842e-04 +1.3747e-04 +1.3648e-04 +1.3547e-04 +1.3442e-04 +1.3333e-04 +1.3222e-04 
# Horizontal Final Position [m]
START
            -0000.01000 -0000.00967 -0000.00933 -0000.00900 -0000.00867 -0000.00833 -0000.00800 -0000.00767 -0000.00733 -0000.00700 -0000.00667 -0000.00633 -0000.00600 -0000.00567 -0000.00533 -0000.00500 -0000.00467 -0000.00433 -0000.00400 -0000.00367 -0000.00333 -0000.00300 -0000.00267 -0000.00233 -0000.00200 -0000.00167 -0000.00133 -0000.00100 -0000.00067 -0000.00033 +0000.00000 +0000.00033 +0000.00067 +0000.00100 +0000.00133 +0000.00167 +0000.00200 +0000.00233 +0000.00267 +0000.00300 +0000.00333 +0000.00367 +0000.00400 +0000.00433 +0000.00467 +0000.00500 +0000.00533 +0000.00567 +0000.00600 +0000.00633 +0000.00667 +0000.00700 +0000.00733 +0000.00767 +0000.00800 +0000.00833 +0000.00867 +0000.00900 +0000.00933 +0000.00967 +0000.01000 
+0000.00200 -1.0001e-02 -9.6673e-03 -9.3340e-03 -9.0007e-03 -8.6674e-03 -8.3341e-03 -8.0008e-03 -7.6675e-03 -7.3342e-03 -7.0009e-03 -6.6676e-03 -6.3343e-03 -6.0010e-03 -5.6677e-03 -5.3343e-03 -5.0010e-03 -4.6677e-03 -4.3344e-03 -4.0010e-03 -3.6677e-03 -3.3344e-03 -3.0010e-03 -2.6677e-03 -2.3344e-03 -2.0010e-03 -1.6677e-03 -1.3344e-03 -1.0010e-03 -6.6771e-04 -3.3438e-04 -1.0467e-06 +3.3229e-04 +6.6562e-04 +9.9896e-04 +1.3323e-03 +1.6656e-03 +1.9990e-03 +2.3323e-03 +2.6656e-03 +2.9990e-03 +3.3323e-03 +3.6656e-03 +3.9990e-03 +4.3323e-03 +4.6657e-03 +4.9990e-03 +5.3324e-03 +5.6657e-03 +5.9991e-03 +6.3324e-03 +6.6658e-03 +6.9991e-03 +7.3325e-03 +7.6658e-03 +7.9992e-03 +8.3326e-03 +8.6660e-03 +8.9994e-03 +9.3327e-03 +9.6661e-03 +9.9995e-03 
+0000.00150 -1.0001e-02 -9.6673e-03 -9.3340e-03 -9.0007e-03 -8.6674e-03 -8.3341e-03 -8.0008e-03 -7.6675e-03 -7.3342e-03 -7.0009e-03 -6.6676e-03 -6.3343e-03 -6.0010e-03 -5.6677e-03 -5.3343e-03 -5.0010e-03 -4.6677e-03 -4.3344e-03 -4.0010e-03 -3.6677e-03 -3.3344e-03 -3.0010e-03 -2.6677e-03 -2.3344e-03 -2.0010e-03 -1.6677e-03 -1.3344e-03 -1.0010e-03 -6.6771e-04 -3.3438e-04 -1.0460e-06 +3.3229e-04 +6.6562e-04 +9.9896e-04 +1.3323e-03 +1.6656e-03 +1.9990e-03 +2.3323e-03 +2.6656e-03 +2.9990e-03 +3.3323e-03 +3.6656e-03 +3.9990e-03 +4.3323e-03 +4.6657e-03 +4.9990e-03 +5.3324e-03 +5.6657e-03 +5.9991e-03 +6.3324e-03 +6.6658e-03 +6.9991e-03 +7.3325e-03 +7.6658e-03 +7.9992e-03 +8.3326e-03 +8.6660e-03 +8.9994e-03 +9.3327e-03 +9.6661e-03 +9.9995e-03 
+0000.00100 -1.0001e-02 -9.6673e-03 -9.3340e-03 -9.0007e-03 -8.6674e-03 -8.3341e-03 -8.0008e-03 -7.6675e-03 -7.3342e-03 -7.0009e-03 -6.6676e-03 -6.3343e-03 -6.0010e-03 -5.6676e-03 -5.3343e-03 -5.0010e-03 -4.6677e-03 -4.3343e-03 -4.0010e-03 -3.6677e-03 -3.3344e-03 -3.0010e-03 -2.6677e-03 -2.3344e-03 -2.0010e-03 -1.6677e-03 -1.3344e-03 -1.0010e-03 -6.6769e-04 -3.3436e-04 -1.0211e-06 +3.3231e-04 +6.6565e-04 +9.9898e-04 +1.3323e-03 +1.6656e-03 +1.9990e-03 +2.3323e-03 +2.6657e-03 +2.9990e-03 +3.3323e-03 +3.6657e-03 +3.9990e-03 +4.3323e-03 +4.6657e-03 +4.9990e-03 +5.3324e-03 +5.6657e-03 +5.9991e-03 +6.3324e-03 +6.6658e-03 +6.9991e-03 +7.3325e-03 +7.6658e-03 +7.9992e-03 +8.3326e-03 +8.6660e-03 +8.9993e-03 +9.3327e-03 +9.6661e-03 +9.9995e-03 
+0000.00050 -1.0001e-02 -9.6673e-03 -9.3340e-03 -9.0007e-03 -8.6674e-03 -8.3341e-03 -8.0008e-03 -7.6675e-03 -7.3342e-03 -7.0009e-03 -6.6676e-03 -6.3343e-03 -6.0010e-03 -5.6676e-03 -5.3343e-03 -5.0010e-03 -4.6677e-03 -4.3343e-03 -4.0010e-03 -3.6677e-03 -3.3344e-03 -3.0010e-03 -2.6677e-03 -2.3344e-03 -2.0010e-03 -1.6677e-03 -1.3344e-03 -1.0010e-03 -6.6769e-04 -3.3436e-04 -1.0212e-06 +3.3231e-04 +6.6565e-04 +9.9898e-04 +1.3323e-03 +1.6656e-03 +1.9990e-03 +2.3323e-03 +2.6657e-03 +2.9990e-03 +3.3323e-03 +3.6657e-03 +3.9990e-03 +4.3323e-03 +4.6657e-03 +4.9990e-03 +5.3324e-03 +5.6657e-03 +5.9991e-03 +6.3324e-03 +6.6658e-03 +6.9991e-03 +7.3325e-03 +7.6658e-03 +7.9992e-03 +8.3326e-03 +8.6660e-03 +8.9993e-03 +9.3327e-03 +9.6661e-03 +9.9995e-03 
+0000.00000 -1.0001e-02 -9.6673e-03 -9.3340e-03 -9.0007e-03 -8.6674e-03 -8.3341e-03 -8.0008e-03 -7.6675e-03 -7.3342e-03 -7.0009e-03 -6.6676e-03 -6.3343e-03 -6.0010e-03 -5.6676e-03 -5.3343e-03 -5.0010e-03 -4.6677e-03 -4.3343e-03 -4.0010e-03 -3.6677e-03 -3.3344e-03 -3.0010e-03 -2.6677e-03 -2.3344e-03 -2.0010e-03 -1.6677e-03 -1.3344e-03 -1.0010e-03 -6.6769e-04 -3.3436e-04 -1.0211e-06 +3.3231e-04 +6.6565e-04 +9.9898e-04 +1.3323e-03 +1.6656e-03 +1.9990e-03 +2.3323e-03 +2.6657e-03 +2.9990e-03 +3.3323e-03 +3.6657e-03 +3.9990e-03 +4.3323e-03 +4.6657e-03 +4.9990e-03 +5.3324e-03 +5.6657e-03 +5.9991e-03 +6.3324e-03 +6.6658e-03 +6.9991e-03 +7.3325e-03 +7.6658e-03 +7.9992e-03 +8.3326e-03 +8.6660e-03 +8.9993e-03 +9.3327e-03 +9.6661e-03 +9.9995e-03 
-0000.00050 -1.0001e-02 -9.6673e-03 -9.3340e-03 -9.0007e-03 -8.6674e-03 -8.3341e-03 -8.0008e-03 -7.6675e-03 -7.3342e-03 -7.0009e-03 -6.6676e-03 -6.3343e-03 -6.0010e-03 -5.6676e-03 -5.3343e-03 -5.0010e-03 -4.6677e-03 -4.3343e-03 -4.0010e-03 -3.6677e-03 -3.3344e-03 -3.0010e-03 -2.6677e-03 -2.3344e-03 -2.0010e-03 -1.6677e-03 -1.3344e-03 -1.0010e-03 -6.6769e-04 -3.3436e-04 -1.0212e-06 +3.3231e-04 +6.6565e-04 +9.9898e-04 +1.3323e-03 +1.6656e-03 +1.9990e-03 +2.3323e-03 +2.6657e-03 +2.9990e-03 +3.3323e-03 +3.6657e-03 +3.9990e-03 +4.3323e-03 +4.6657e-03 +4.9990e-03 +5.3324e-03 +5.6657e-03 +5.9991e-03 +6.3324e-03 +6.6658e-03 +6.9991e-03 +7.3325e-03 +7.6658e-03 +7.9992e-03 +8.3326e-03 +8.6660e-03 +8.9993e-03 +9.3327e-03 +9.6661e-03 +9.9995e-03 
-0000.00100 -1.0001e-02 -9.6673e-03 -9.3340e-03 -9.0007e-03 -8.6674e-03 -8.3341e-03 -8.0008e-03 -7.6675e-03 -7.3342e-03 -7.0009e-03 -6.6676e-03 -6.3343e-03 -6.0010e-03 -5.6676e-03 -5.3343e-03 -5.0010e-03 -4.6677e-03 -4.3343e-03 -4.0010e-03 -3.6677e-03 -3.3344e-03 -3.0010e-03 -2.6677e-03 -2.3344e-03 -2.0010e-03 -1.6677e-03 -1.3344e-03 -1.0010e-03 -6.6769e-04 -3.3436e-04 -1.0211e-06 +3.3231e-04 +6.6565e-04 +9.9898e-04 +1.3323e-03 +1.6656e-03 +1.9990e-03 +2.3323e-03 +2.6657e-03 +2.9990e-03 +3.3323e-03 +3.6657e-03 +3.9990e-03 +4.3323e-03 +4.6657e-03 +4.9990e-03 +5.3324e-03 +5.6657e-03 +5.9991e-03 +6.3324e-03 +6.6658e-03 +6.9991e-03 +7.3325e-03 +7.6658e-03 +7.9992e-03 +8.3326e-03 +8.6660e-03 +8.9993e-03 +9.3327e-03 +9.6661e-03 +9.9995e-03 
-0000.00150 -1.0001e-02 -9.6673e-03 -9.3340e-03 -9.0007e-03 -8.6674e-03 -8.3341e-03 -8.0008e-03 -7.6675e-03 -7.3342e-03 -7.0009e-03 -6.6676e-03 -6.3343e-03 -6.0010e-03 -5.6677e-03 -5.3343e-03 -5.0010e-03 -4.6677e-03 -4.3344e-03 -4.0010e-03 -3.6677e-03 -3.3344e-03 -3.0010e-03 -2.6677e-03 -2.3344e-03 -2.0010e-03 -1.6677e-03 -1.3344e-03 -1.0010e-03 -6.6771e-04 -3.3438e-04 -1.0460e-06 +3.3229e-04 +6.6562e-04 +9.9896e-04 +1.3323e-03 +1.6656e-03 +1.9990e-03 +2.3323e-03 +2.6656e-03 +2.9990e-03 +3.3323e-03 +3.6656e-03 +3.9990e-03 +4.3323e-03 +4.6657e-03 +4.9990e-03 +5.3324e-03 +5.6657e-03 +5.9991e-03 +6.3324e-03 +6.6658e-03 +6.9991e-03 +7.3325e-03 +7.6658e-03 +7.9992e-03 +8.3326e-03 +8.6660e-03 +8.9994e-03 +9.3327e-03 +9.6661e-03 +9.9995e-03 
-0000.00200 -1.0001e-02 -9.6673e-03 -9.3340e-03 -9.0007e-03 -8.6674e-03 -8.3341e-03 -8.0008e-03 -7.6675e-03 -7.3342e-03 -7.0009e-03 -6.6676e-03 -6.3343e-03 -6.0010e-03 -5.6677e-03 -5.3343e-03 -5.0010e-03 -4.6677e-03 -4.3344e-03 -4.0010e-03 -3.6677e-03 -3.3344e-03 -3.0010e-03 -2.6677e-03 -2.3344e-03 -2.0010e-03 -1.6677e-03 -1.3344e-03 -1.0010e-03 -6.6771e-04 -3.3438e-04 -1.0467e-06 +3.3229e-04 +6.6562e-04 +9.9896e-04 +1.3323e-03 +1.6656e-03 +1.9990e-03 +2.3323e-03 +2.6656e-03 +2.9990e-03 +3.3323e-03 +3.6656e-03 +3.9990e-03 +4.3323e-03 +4.6657e-03 +4.9990e-03 +5.3324e-03 +5.6657e-03 +5.9991e-03 +6.3324e-03 +6.6658e-03 +6.9991e-03 +7.3325e-03 +7.6658e-03 +7.9992e-03 +8.3326e-03 +8.6660e-03 +8.9994e-03 +9.3327e-03 +9.6661e-03 +9.9995e-03 
# Vertical Final Position [m]
START
            -0000.01000 -0000.00967 -0000.00933 -0000.00900 -0000.00867 -0000.00833 -0000.00800 -0000.00767 -0000.00733 -0000.00700 -0000.00667 -0000.00633 -0000.00600 -0000.00567 -0000.00533 -0000.00500 -0000.00467 -0000.00433 -0000.00400 -0000.00367 -0000.00333 -0000.00300 -0000.00267 -0000.00233 -0000.00200 -0000.00167 -0000.00133 -0000.00100 -0000.00067 -0000.00033 +0000.00000 +0000.00033 +0000.00067 +0000.00100 +0000.00133 +0000.00167 +0000.00200 +0000.00233 +0000.00267 +0000.00300 +0000.00333 +0000.00367 +0000.00400 +0000.00433 +0000.00467 +0000.00500 +0000.00533 +0000.00567 +0000.00600 +0000.00633 +0000.00667 +0000.00700 +0000.00733 +0000.00767 +0000.00800 +0000.00833 +0000.00867 +0000.00900 +0000.00933 +0000.00967 +0000.01000 
+0000.00200 +2.0001e-03 +2.0001e-03 +2.0000e-03 +2.0000e-03 +2.0000e-03 +2.0000e-03 +2.0000e-03 +2.0000e-03 +2.0000e-03 +2.0000e-03 +2.0000e-03 +2.0000e-03 +2.0000e-03 +2.0000e-03 +1.9999e-03 +1.9999e-03 +1.9999e-03 +1.9999e-03 +1.9999e-03 +1.9999e-03 +1.9999e-03 +1.9999e-03 +1.9999e-03 +1.9999e-03 +1.9999e-03 +1.9999e-03 +1.9999e-03 +1.9999e-03 +1.9998e-03 +1.9998e-03 +1.9998e-03 +1.9998e-03 +1.9998e-03 +1.9998e-03 +1.9998e-03 +1.9998e-03 +1.9998e-03 +1.9998e-03 +1.9998e-03 +1.9998e-03 +1.9998e-03 +1.9998e-03 +1.9998e-03 +1.9998e-03 +1.9998e-03 +1.9998e-03 +1.9998e-03 +1.9998e-03 +1.9997e-03 +1.9997e-03 +1.9997e-03 +1.9997e-03 +1.9997e-03 +1.9997e-03 +1.9997e-03 +1.9997e-03 +1.9997e-03 +1.9997e-03 +1.9997e-03 +1.9996e-03 +1.9996e-03 
+0000.00150 +1.5001e-03 +1.5001e-03 +1.5000e-03 +1.5000e-03 +1.5000e-03 +1.5000e-03 +1.5000e-03 +1.5000e-03 +1.5000e-03 +1.5000e-03 +1.5000e-03 +1.5000e-03 +1.5000e-03 +1.5000e-03 +1.5000e-03 +1.5000e-03 +1.5000e-03 +1.5000e-03 +1.5000e-03 +1.5000e-03 +1.4999e-03 +1.4999e-03 +1.4999e-03 +1.4999e-03 +1.4999e-03 +1.4999e-03 +1.4999e-03 +1.4999e-03 +1.4999e-03 +1.4999e-03 +1.4999e-03 +1.4999e-03 +1.4999e-03 +1.4999e-03 +1.4999e-03 +1.4999e-03 +1.4999e-03 +1.4999e-03 +1.4999e-03 +1.4999e-03 +1.4999e-03 +1.4998e-03 +1.4998e-03 +1.4998e-03 +1.4998e-03 +1.4998e-03 +1.4998e-03 +1.4998e-03 +1.4998e-03 +1.4998e-03 +1.4998e-03 +1.4998e-03 +1.4998e-03 +1.4998e-03 +1.4998e-03 +1.4998e-03 +1.4998e-03 +1.4998e-03 +1.4998e-03 +1.4997e-03 +1.4997e-03 
+0000.00100 +1.0000e-03 +1.0000e-03 +1.0000e-03 +1.0000e-03 +1.0000e-03 +1.0000e-03 +1.0000e-03 +1.0000e-03 +1.0000e-03 +9.9999e-04 +9.9999e-04 +9.9998e-04 +9.9998e-04 +9.9998e-04 +9.9998e-04 +9.9997e-04 +9.9997e-04 +9.9997e-04 +9.9997e-04 +9.9996e-04 +9.9996e-04 +9.9996e-04 +9.9996e-04 +9.9996e-04 +9.9995e-04 +9.9995e-04 +9.9995e-04 +9.9995e-04 +9.9994e-04 +9.9994e-04 +9.9994e-04 +9.9994e-04 +9.9993e-04 +9.9993e-04 +9.9993e-04 +9.9993e-04 +9.9992e-04 +9.9992e-04 +9.9992e-04 +9.9991e-04 +9.9991e-04 +9.9991e-04 +9.9990e-04 +9.9990e-04 +9.9990e-04 +9.9989e-04 +9.9989e-04 +9.9988e-04 +9.9988e-04 +9.9988e-04 +9.9987e-04 +9.9987e-04 +9.9986e-04 +9.9986e-04 +9.9985e-04 +9.9985e-04 +9.9984e-04 +9.9984e-04 +9.9983e-04 +9.9983e-04 +9.9982e-04 
+0000.00050 +5.0003e-04 +5.0002e-04 +5.0002e-04 +5.0002e-04 +5.0002e-04 +5.0001e-04 +5.0001e-04 +5.0001e-04 +5.0001e-04 +5.0001e-04 +5.0000e-04 +5.0000e-04 +5.0000e-04 +5.0000e-04 +5.0000e-04 +4.9999e-04 +4.9999e-04 +4.9999e-04 +4.9999e-04 +4.9999e-04 +4.9999e-04 +4.9998e-04 +4.9998e-04 +4.9998e-04 +4.9998e-04 +4.9998e-04 +4.9998e-04 +4.9997e-04 +4.9997e-04 +4.9997e-04 +4.9997e-04 +4.9997e-04 +4.9997e-04 +4.9997e-04 +4.9996e-04 +4.9996e-04 +4.9996e-04 +4.9996e-04 +4.9996e-04 +4.9996e-04 +4.9996e-04 +4.9995e-04 +4.9995e-04 +4.9995e-04 +4.9995e-04 +4.9995e-04 +4.9995e-04 +4.9994e-04 +4.9994e-04 +4.9994e-04 +4.9994e-04 +4.9994e-04 +4.9993e-04 +4.9993e-04 +4.9993e-04 +4.9993e-04 +4.9992e-04 +4.9992e-04 +4.9992e-04 +4.9992e-04 +4.9991e-04 
+0000.00000 -3.2115e-11 -3.2280e-11 -3.2561e-11 -3.2947e-11 -3.3424e-11 -3.3982e-11 -3.4609e-11 -3.5294e-11 -3.6027e-11 -3.6799e-11 -3.7599e-11 -3.8419e-11 -3.9250e-11 -4.0083e-11 -4.0913e-11 -4.1730e-11 -4.2528e-11 -4.3301e-11 -4.4044e-11 -4.4749e-11 -4.5413e-11 -4.6030e-11 -4.6597e-11 -4.7110e-11 -4.7565e-11 -4.7959e-11 -4.8291e-11 -4.8557e-11 -4.8758e-11 -4.8890e-11 -4.8954e-11 -4.8949e-11 -4.8876e-11 -4.8735e-11 -4.8527e-11 -4.8254e-11 -4.7917e-11 -4.7520e-11 -4.7064e-11 -4.6553e-11 -4.5991e-11 -4.5381e-11 -4.4729e-11 -4.4039e-11 -4.3317e-11 -4.2568e-11 -4.1800e-11 -4.1018e-11 -4.0229e-11 -3.9442e-11 -3.8664e-11 -3.7905e-11 -3.7172e-11 -3.6475e-11 -3.5824e-11 -3.5229e-11 -3.4701e-11 -3.4251e-11 -3.3891e-11 -3.3632e-11 -3.3486e-11 
-0000.00050 -5.0003e-04 -5.0002e-04 -5.0002e-04 -5.0002e-04 -5.0002e-04 -5.0001e-04 -5.0001e-04 -5.0001e-04 -5.0001e-04 -5.0001e-04 -5.0000e-04 -5.0000e-04 -5.0000e-04 -5.0000e-04 -5.0000e-04 -4.9999e-04 -4.9999e-04 -4.9999e-04 -4.9999e-04 -4.9999e-04 -4.9999e-04 -4.9998e-04 -4.9998e-04 -4.9998e-04 -4.9998e-04 -4.9998e-04 -4.9998e-04 -4.9997e-04 -4.9997e-04 -4.9997e-04 -4.9997e-04 -4.9997e-04 -4.9997e-04 -4.9997e-04 -4.9996e-04 -4.9996e-04 -4.9996e-04 -4.9996e-04 -4.9996e-04 -4.9996e-04 -4.9996e-04 -4.9995e-04 -4.9995e-04 -4.9995e-04 -4.9995e-04 -4.9995e-04 -4.9995e-04 -4.9994e-04 -4.9994e-04 -4.9994e-04 -4.9994e-04 -4.9994e-04 -4.9993e-04 -4.9993e-04 -4.9993e-04 -4.9993e-04 -4.9992e-04 -4.9992e-04 -4.9992e-04 -4.9992e-04 -4.9991e-04 
-0000.00100 -1.0000e-03 -1.0000e-03 -1.0000e-03 -1.0000e-03 -1.0000e-03 -1.0000e-03 -1.0000e-03 -1.0000e-03 -1.0000e-03 -9.9999e-04 -9.9999e-04 -9.9998e-04 -9.9998e-04 -9.9998e-04 -9.9998e-04 -9.9997e-04 -9.9997e-04 -9.9997e-04 -9.9997e-04 -9.9996e-04 -9.9996e-04 -9.9996e-04 -9.9996e-04 -9.9996e-04 -9.9995e-04 -9.9995e-04 -9.9995e-04 -9.9995e-04 -9.9994e-04 -9.9994e-04 -9.9994e-04 -9.9994e-04 -9.9993e-04 -9.9993e-04 -9.9993e-04 -9.9993e-04 -9.9992e-04 -9.9992e-04 -9.9992e-04 -9.9991e-04 -9.9991e-04 -9.9991e-04 -9.9990e-04 -9.9990e-04 -9.9990e-04 -9.9989e-04 -9.9989e-04 -9.9988e-04 -9.9988e-04 -9.9988e-04 -9.9987e-04 -9.9987e-04 -9.9986e-04 -9.9986e-04 -9.9985e-04 -9.9985e-04 -9.9984e-04 -9.9984e-04 -9.9983e-04 -9.9983e-04 -9.9982e-04 
-0000.00150 -1.5001e-03 -1.5001e-03 -1.5000e-03 -1.5000e-03 -1.5000e-03 -1.5000e-03 -1.5000e-03 -1.5000e-03 -1.5000e-03 -1.5000e-03 -1.5000e-03 -1.5000e-03 -1.5000e-03 -1.5000e-03 -1.5000e-03 -1.5000e-03 -1.5000e-03 -1.5000e-03 -1.5000e-03 -1.5000e-03 -1.4999e-03 -1.4999e-03 -1.4999e-03 -1.4999e-03 -1.4999e-03 -1.4999e-03 -1.4999e-03 -1.4999e-03 -1.4999e-03 -1.4999e-03 -1.4999e-03 -1.4999e-03 -1.4999e-03 -1.4999e-03 -1.4999e-03 -1.4999e-03 -1.4999e-03 -1.4999e-03 -1.4999e-03 -1.4999e-03 -1.4999e-03 -1.4998e-03 -1.4998e-03 -1.4998e-03 -1.4998e-03 -1.4998e-03 -1.4998e-03 -1.4998e-03 -1.4998e-03 -1.4998e-03 -1.4998e-03 -1.4998e-03 -1.4998e-03 -1.4998e-03 -1.4998e-03 -1.4998e-03 -1.4998e-03 -1.4998e-03 -1.4998e-03 -1.4997e-03 -1.4997e-03 
-0000.00200 -2.0001e-03 -2.0001e-03 -2.0000e-03 -2.0000e-03 -2.0000e-03 -2.0000e-03 -2.0000e-03 -2.0000e-03 -2.0000e-03 -2.0000e-03 -2.0000e-03 -2.0000e-03 -2.0000e-03 -2.0000e-03 -1.9999e-03 -1.9999e-03 -1.9999e-03 -1.9999e-03 -1.9999e-03 -1.9999e-03 -1.9999e-03 -1.9999e-03 -1.9999e-03 -1.9999e-03 -1.9999e-03 -1.9999e-03 -1.9999e-03 -1.9999e-03 -1.9998e-03 -1.9998e-03 -1.9998e-03 -1.9998e-03 -1.9998e-03 -1.9998e-03 -1.9998e-03 -1.9998e-03 -1.9998e-03 -1.9998e-03 -1.9998e-03 -1.9998e-03 -1.9998e-03 -1.9998e-03 -1.9998e-03 -1.9998e-03 -1.9998e-03 -1.9998e-03 -1.9998e-03 -1.9998e-03 -1.9997e-03 -1.9997e-03 -1.9997e-03 -1.9997e-03 -1.9997e-03 -1.9997e-03 -1.9997e-03 -1.9997e-03 -1.9997e-03 -1.9997e-03 -1.9997e-03 -1.9996e-03 -1.9996e-03 