# Author: FAC idanalysis.IDKickMap
# Termination_kicks [T2m2]: +0.0000e+00 +0.0000e+00 +0.0000e+00 +0.0000e+00 
# Total Length of Longitudinal Interval [m]
0.13
# Number of Horizontal Points
61
# Number of Vertical Points
9
# Total Horizontal 2nd Order Kick [T2m2]
START
            -0000.01000 -0000.00967 -0000.00933 -0000.00900 -0000.00867 -0000.00833 -0000.00800 -0000.00767 -0000.00733 -0000.00700 -0000.00667 -0000.00633 -0000.00600 -0000.00567 -0000.00533 -0000.00500 -0000.00467 -0000.00433 -0000.00400 -0000.00367 -0000.00333 -0000.00300 -0000.00267 -0000.00233 -0000.00200 -0000.00167 -0000.00133 -0000.00100 -0000.00067 -0000.00033 +0000.00000 +0000.00033 +0000.00067 +0000.00100 +0000.00133 +0000.00167 +0000.00200 +0000.00233 +0000.00267 +0000.00300 +0000.00333 +0000.00367 +0000.00400 +0000.00433 +0000.00467 +0000.00500 +0000.00533 +0000.00567 +0000.00600 +0000.00633 +0000.00667 +0000.00700 +0000.00733 +0000.00767 +0000.00800 +0000.00833 +0000.00867 +0000.00900 +0000.00933 +0000.00967 +0000.01000 
+0000.00200 -2.1150e-05 -1.9710e-05 -1.8310e-05 -1.6970e-05 -1.5670e-05 -1.4420e-05 -1.3230e-05 -1.2080e-05 -1.0980e-05 -9.9300e-06 -8.9300e-06 -7.9800e-06 -7.0700e-06 -6.2200e-06 -5.4100e-06 -4.6500e-06 -3.9400e-06 -3.2800e-06 -2.6600e-06 -2.1000e-06 -1.5800e-06 -1.1100e-06 -6.9000e-07 -3.2000e-07 +1.0000e-08 +2.8000e-07 +5.1400e-07 +6.9500e-07 +8.2900e-07 +9.1500e-07 +9.5300e-07 +9.4300e-07 +8.8500e-07 +7.7900e-07 +6.2600e-07 +4.2500e-07 +1.8000e-07 -1.2000e-07 -4.7000e-07 -8.6000e-07 -1.3000e-06 -1.7900e-06 -2.3200e-06 -2.9100e-06 -3.5400e-06 -4.2200e-06 -4.9500e-06 -5.7300e-06 -6.5600e-06 -7.4300e-06 -8.3500e-06 -9.3200e-06 -1.0340e-05 -1.1410e-05 -1.2530e-05 -1.3700e-05 -1.4910e-05 -1.6170e-05 -1.7490e-05 -1.8850e-05 -2.0260e-05 
+0000.00150 -2.1480e-05 -2.0050e-05 -1.8680e-05 -1.7350e-05 -1.6070e-05 -1.4830e-05 -1.3640e-05 -1.2500e-05 -1.1410e-05 -1.0360e-05 -9.3700e-06 -8.4200e-06 -7.5100e-06 -6.6600e-06 -5.8500e-06 -5.0900e-06 -4.3800e-06 -3.7200e-06 -3.1000e-06 -2.5300e-06 -2.0100e-06 -1.5400e-06 -1.1200e-06 -7.4000e-07 -4.2000e-07 -1.4000e-07 +9.0000e-08 +2.8000e-07 +4.1100e-07 +4.9800e-07 +5.3600e-07 +5.2500e-07 +4.6700e-07 +3.6000e-07 +2.1000e-07 +0.0000e+00 -2.5000e-07 -5.5000e-07 -8.9000e-07 -1.2900e-06 -1.7300e-06 -2.2200e-06 -2.7600e-06 -3.3500e-06 -3.9900e-06 -4.6700e-06 -5.4000e-06 -6.1800e-06 -7.0000e-06 -7.8800e-06 -8.8000e-06 -9.7600e-06 -1.0780e-05 -1.1840e-05 -1.2950e-05 -1.4110e-05 -1.5310e-05 -1.6560e-05 -1.7860e-05 -1.9200e-05 -2.0600e-05 
+0000.00100 -2.1700e-05 -2.0290e-05 -1.8930e-05 -1.7620e-05 -1.6350e-05 -1.5120e-05 -1.3940e-05 -1.2810e-05 -1.1720e-05 -1.0680e-05 -9.6800e-06 -8.7400e-06 -7.8300e-06 -6.9800e-06 -6.1700e-06 -5.4100e-06 -4.7000e-06 -4.0300e-06 -3.4200e-06 -2.8500e-06 -2.3300e-06 -1.8500e-06 -1.4300e-06 -1.0500e-06 -7.2000e-07 -4.4000e-07 -2.1000e-07 -2.0000e-08 +1.1000e-07 +2.0000e-07 +2.4000e-07 +2.3000e-07 +1.7000e-07 +6.0000e-08 -9.0000e-08 -3.0000e-07 -5.5000e-07 -8.5000e-07 -1.2000e-06 -1.6000e-06 -2.0400e-06 -2.5300e-06 -3.0700e-06 -3.6600e-06 -4.3000e-06 -4.9800e-06 -5.7100e-06 -6.4900e-06 -7.3200e-06 -8.1900e-06 -9.1100e-06 -1.0080e-05 -1.1090e-05 -1.2150e-05 -1.3250e-05 -1.4400e-05 -1.5600e-05 -1.6840e-05 -1.8120e-05 -1.9450e-05 -2.0830e-05 
+0000.00050 -2.1830e-05 -2.0430e-05 -1.9080e-05 -1.7780e-05 -1.6510e-05 -1.5290e-05 -1.4120e-05 -1.2990e-05 -1.1910e-05 -1.0870e-05 -9.8700e-06 -8.9300e-06 -8.0300e-06 -7.1700e-06 -6.3700e-06 -5.6000e-06 -4.8900e-06 -4.2300e-06 -3.6100e-06 -3.0400e-06 -2.5100e-06 -2.0400e-06 -1.6100e-06 -1.2300e-06 -9.0000e-07 -6.2000e-07 -3.9000e-07 -2.0000e-07 -7.0000e-08 +2.0000e-08 +6.0000e-08 +5.0000e-08 -1.0000e-08 -1.2000e-07 -2.7000e-07 -4.8000e-07 -7.3000e-07 -1.0300e-06 -1.3800e-06 -1.7800e-06 -2.2200e-06 -2.7200e-06 -3.2600e-06 -3.8500e-06 -4.4900e-06 -5.1700e-06 -5.9000e-06 -6.6800e-06 -7.5100e-06 -8.3800e-06 -9.3000e-06 -1.0260e-05 -1.1270e-05 -1.2330e-05 -1.3430e-05 -1.4580e-05 -1.5770e-05 -1.7000e-05 -1.8280e-05 -1.9600e-05 -2.0970e-05 
+0000.00000 -2.1870e-05 -2.0480e-05 -1.9130e-05 -1.7830e-05 -1.6570e-05 -1.5350e-05 -1.4180e-05 -1.3050e-05 -1.1970e-05 -1.0930e-05 -9.9400e-06 -8.9900e-06 -8.0900e-06 -7.2400e-06 -6.4300e-06 -5.6700e-06 -4.9500e-06 -4.2900e-06 -3.6700e-06 -3.1000e-06 -2.5700e-06 -2.1000e-06 -1.6700e-06 -1.2900e-06 -9.6000e-07 -6.8000e-07 -4.5000e-07 -2.6000e-07 -1.2000e-07 -4.0000e-08 +0.0000e+00 -1.0000e-08 -7.0000e-08 -1.7000e-07 -3.3000e-07 -5.3000e-07 -7.9000e-07 -1.0900e-06 -1.4400e-06 -1.8400e-06 -2.2800e-06 -2.7800e-06 -3.3200e-06 -3.9100e-06 -4.5500e-06 -5.2300e-06 -5.9600e-06 -6.7400e-06 -7.5700e-06 -8.4400e-06 -9.3600e-06 -1.0320e-05 -1.1330e-05 -1.2390e-05 -1.3490e-05 -1.4630e-05 -1.5820e-05 -1.7050e-05 -1.8330e-05 -1.9650e-05 -2.1010e-05 
-0000.00050 -2.1830e-05 -2.0430e-05 -1.9080e-05 -1.7780e-05 -1.6510e-05 -1.5290e-05 -1.4120e-05 -1.2990e-05 -1.1910e-05 -1.0870e-05 -9.8800e-06 -8.9300e-06 -8.0300e-06 -7.1700e-06 -6.3700e-06 -5.6000e-06 -4.8900e-06 -4.2300e-06 -3.6100e-06 -3.0400e-06 -2.5100e-06 -2.0400e-06 -1.6100e-06 -1.2300e-06 -9.0000e-07 -6.2000e-07 -3.9000e-07 -2.0000e-07 -7.0000e-08 +2.0000e-08 +6.0000e-08 +5.0000e-08 -1.0000e-08 -1.2000e-07 -2.7000e-07 -4.8000e-07 -7.3000e-07 -1.0300e-06 -1.3800e-06 -1.7800e-06 -2.2200e-06 -2.7200e-06 -3.2600e-06 -3.8500e-06 -4.4900e-06 -5.1700e-06 -5.9000e-06 -6.6800e-06 -7.5100e-06 -8.3800e-06 -9.3000e-06 -1.0260e-05 -1.1270e-05 -1.2330e-05 -1.3430e-05 -1.4580e-05 -1.5770e-05 -1.7000e-05 -1.8280e-05 -1.9600e-05 -2.0970e-05 
-0000.00100 -2.1700e-05 -2.0290e-05 -1.8930e-05 -1.7610e-05 -1.6340e-05 -1.5120e-05 -1.3940e-05 -1.2810e-05 -1.1720e-05 -1.0680e-05 -9.6800e-06 -8.7300e-06 -7.8300e-06 -6.9800e-06 -6.1700e-06 -5.4100e-06 -4.7000e-06 -4.0300e-06 -3.4200e-06 -2.8500e-06 -2.3200e-06 -1.8500e-06 -1.4300e-06 -1.0500e-06 -7.2000e-07 -4.4000e-07 -2.1000e-07 -2.0000e-08 +1.1000e-07 +2.0000e-07 +2.4000e-07 +2.3000e-07 +1.7000e-07 +6.0000e-08 -9.0000e-08 -3.0000e-07 -5.5000e-07 -8.5000e-07 -1.2000e-06 -1.6000e-06 -2.0400e-06 -2.5300e-06 -3.0700e-06 -3.6600e-06 -4.3000e-06 -4.9800e-06 -5.7200e-06 -6.4900e-06 -7.3200e-06 -8.1900e-06 -9.1100e-06 -1.0080e-05 -1.1090e-05 -1.2150e-05 -1.3250e-05 -1.4400e-05 -1.5600e-05 -1.6840e-05 -1.8130e-05 -1.9460e-05 -2.0830e-05 
-0000.00150 -2.1470e-05 -2.0050e-05 -1.8670e-05 -1.7350e-05 -1.6070e-05 -1.4830e-05 -1.3640e-05 -1.2500e-05 -1.1410e-05 -1.0370e-05 -9.3700e-06 -8.4200e-06 -7.5100e-06 -6.6600e-06 -5.8500e-06 -5.0900e-06 -4.3800e-06 -3.7200e-06 -3.1000e-06 -2.5300e-06 -2.0100e-06 -1.5400e-06 -1.1200e-06 -7.4000e-07 -4.2000e-07 -1.4000e-07 +9.0000e-08 +2.8000e-07 +4.1200e-07 +4.9800e-07 +5.3600e-07 +5.2600e-07 +4.6800e-07 +3.6000e-07 +2.1000e-07 +0.0000e+00 -2.5000e-07 -5.5000e-07 -8.9000e-07 -1.2900e-06 -1.7300e-06 -2.2200e-06 -2.7600e-06 -3.3500e-06 -3.9800e-06 -4.6700e-06 -5.4000e-06 -6.1800e-06 -7.0000e-06 -7.8800e-06 -8.8000e-06 -9.7700e-06 -1.0780e-05 -1.1840e-05 -1.2950e-05 -1.4110e-05 -1.5320e-05 -1.6570e-05 -1.7860e-05 -1.9210e-05 -2.0600e-05 
-0000.00200 -2.1150e-05 -1.9700e-05 -1.8310e-05 -1.6960e-05 -1.5670e-05 -1.4420e-05 -1.3220e-05 -1.2080e-05 -1.0980e-05 -9.9300e-06 -8.9300e-06 -7.9700e-06 -7.0700e-06 -6.2100e-06 -5.4100e-06 -4.6500e-06 -3.9400e-06 -3.2800e-06 -2.6600e-06 -2.1000e-06 -1.5800e-06 -1.1100e-06 -6.9000e-07 -3.2000e-07 +1.0000e-08 +2.9000e-07 +5.1500e-07 +6.9600e-07 +8.2900e-07 +9.1500e-07 +9.5300e-07 +9.4200e-07 +8.8400e-07 +7.7900e-07 +6.2500e-07 +4.2300e-07 +1.7000e-07 -1.2000e-07 -4.7000e-07 -8.6000e-07 -1.3000e-06 -1.7900e-06 -2.3300e-06 -2.9100e-06 -3.5500e-06 -4.2300e-06 -4.9600e-06 -5.7300e-06 -6.5600e-06 -7.4300e-06 -8.3600e-06 -9.3300e-06 -1.0350e-05 -1.1420e-05 -1.2530e-05 -1.3700e-05 -1.4920e-05 -1.6180e-05 -1.7490e-05 -1.8860e-05 -2.0270e-05 
# Total Vertical 2nd Order Kick [T2m2]
START
            -0000.01000 -0000.00967 -0000.00933 -0000.00900 -0000.00867 -0000.00833 -0000.00800 -0000.00767 -0000.00733 -0000.00700 -0000.00667 -0000.00633 -0000.00600 -0000.00567 -0000.00533 -0000.00500 -0000.00467 -0000.00433 -0000.00400 -0000.00367 -0000.00333 -0000.00300 -0000.00267 -0000.00233 -0000.00200 -0000.00167 -0000.00133 -0000.00100 -0000.00067 -0000.00033 +0000.00000 +0000.00033 +0000.00067 +0000.00100 +0000.00133 +0000.00167 +0000.00200 +0000.00233 +0000.00267 +0000.00300 +0000.00333 +0000.00367 +0000.00400 +0000.00433 +0000.00467 +0000.00500 +0000.00533 +0000.00567 +0000.00600 +0000.00633 +0000.00667 +0000.00700 +0000.00733 +0000.00767 +0000.00800 +0000.00833 +0000.00867 +0000.00900 +0000.00933 +0000.00967 +0000.01000 
+0000.00200 -3.3739e-05 -3.3508e-05 -3.3271e-05 -3.3028e-05 -3.2780e-05 -3.2527e-05 -3.2270e-05 -3.2008e-05 -3.1742e-05 -3.1472e-05 -3.1199e-05 -3.0922e-05 -3.0643e-05 -3.0360e-05 -3.0076e-05 -2.9789e-05 -2.9500e-05 -2.9209e-05 -2.8917e-05 -2.8624e-05 -2.8329e-05 -2.8034e-05 -2.7737e-05 -2.7440e-05 -2.7143e-05 -2.6846e-05 -2.6548e-05 -2.6251e-05 -2.5953e-05 -2.5656e-05 -2.5360e-05 -2.5064e-05 -2.4769e-05 -2.4474e-05 -2.4180e-05 -2.3888e-05 -2.3596e-05 -2.3305e-05 -2.3016e-05 -2.2727e-05 -2.2440e-05 -2.2155e-05 -2.1870e-05 -2.1587e-05 -2.1305e-05 -2.1024e-05 -2.0745e-05 -2.0467e-05 -2.0191e-05 -1.9915e-05 -1.9641e-05 -1.9368e-05 -1.9096e-05 -1.8825e-05 -1.8555e-05 -1.8286e-05 -1.8018e-05 -1.7750e-05 -1.7483e-05 -1.7217e-05 -1.6951e-05 
+0000.00150 -2.3259e-05 -2.3093e-05 -2.2922e-05 -2.2746e-05 -2.2566e-05 -2.2381e-05 -2.2192e-05 -2.1999e-05 -2.1803e-05 -2.1603e-05 -2.1401e-05 -2.1195e-05 -2.0987e-05 -2.0776e-05 -2.0564e-05 -2.0349e-05 -2.0133e-05 -1.9915e-05 -1.9696e-05 -1.9475e-05 -1.9254e-05 -1.9032e-05 -1.8809e-05 -1.8586e-05 -1.8362e-05 -1.8138e-05 -1.7914e-05 -1.7690e-05 -1.7466e-05 -1.7242e-05 -1.7019e-05 -1.6796e-05 -1.6574e-05 -1.6353e-05 -1.6132e-05 -1.5912e-05 -1.5693e-05 -1.5475e-05 -1.5258e-05 -1.5042e-05 -1.4827e-05 -1.4613e-05 -1.4400e-05 -1.4189e-05 -1.3978e-05 -1.3769e-05 -1.3561e-05 -1.3354e-05 -1.3148e-05 -1.2943e-05 -1.2739e-05 -1.2536e-05 -1.2334e-05 -1.2134e-05 -1.1934e-05 -1.1735e-05 -1.1536e-05 -1.1338e-05 -1.1141e-05 -1.0944e-05 -1.0748e-05 
+0000.00100 -1.4590e-05 -1.4483e-05 -1.4372e-05 -1.4258e-05 -1.4140e-05 -1.4019e-05 -1.3896e-05 -1.3769e-05 -1.3640e-05 -1.3508e-05 -1.3374e-05 -1.3238e-05 -1.3100e-05 -1.2961e-05 -1.2819e-05 -1.2677e-05 -1.2533e-05 -1.2388e-05 -1.2242e-05 -1.2095e-05 -1.1947e-05 -1.1799e-05 -1.1650e-05 -1.1501e-05 -1.1351e-05 -1.1201e-05 -1.1052e-05 -1.0902e-05 -1.0752e-05 -1.0603e-05 -1.0454e-05 -1.0305e-05 -1.0156e-05 -1.0008e-05 -9.8615e-06 -9.7147e-06 -9.5685e-06 -9.4230e-06 -9.2782e-06 -9.1341e-06 -8.9908e-06 -8.8484e-06 -8.7067e-06 -8.5659e-06 -8.4260e-06 -8.2868e-06 -8.1486e-06 -8.0112e-06 -7.8746e-06 -7.7388e-06 -7.6038e-06 -7.4696e-06 -7.3361e-06 -7.2033e-06 -7.0712e-06 -6.9397e-06 -6.8088e-06 -6.6783e-06 -6.5484e-06 -6.4188e-06 -6.2895e-06 
+0000.00050 -7.0290e-06 -6.9769e-06 -6.9227e-06 -6.8666e-06 -6.8088e-06 -6.7492e-06 -6.6881e-06 -6.6254e-06 -6.5614e-06 -6.4962e-06 -6.4297e-06 -6.3621e-06 -6.2935e-06 -6.2240e-06 -6.1536e-06 -6.0825e-06 -6.0107e-06 -5.9382e-06 -5.8653e-06 -5.7919e-06 -5.7180e-06 -5.6439e-06 -5.5694e-06 -5.4948e-06 -5.4200e-06 -5.3451e-06 -5.2701e-06 -5.1951e-06 -5.1202e-06 -5.0454e-06 -4.9707e-06 -4.8962e-06 -4.8219e-06 -4.7479e-06 -4.6741e-06 -4.6006e-06 -4.5274e-06 -4.4546e-06 -4.3821e-06 -4.3101e-06 -4.2384e-06 -4.1672e-06 -4.0964e-06 -4.0260e-06 -3.9561e-06 -3.8866e-06 -3.8176e-06 -3.7490e-06 -3.6808e-06 -3.6131e-06 -3.5458e-06 -3.4788e-06 -3.4123e-06 -3.3461e-06 -3.2803e-06 -3.2148e-06 -3.1496e-06 -3.0847e-06 -3.0200e-06 -2.9556e-06 -2.8913e-06 
+0000.00000 +6.2220e-09 +5.7930e-09 +5.3820e-09 +4.9890e-09 +4.6150e-09 +4.2580e-09 +3.9180e-09 +3.5940e-09 +3.2870e-09 +2.9950e-09 +2.7190e-09 +2.4580e-09 +2.2110e-09 +1.9780e-09 +1.7600e-09 +1.5550e-09 +1.3640e-09 +1.1860e-09 +1.0210e-09 +8.6900e-10 +7.2900e-10 +6.0200e-10 +4.8700e-10 +3.8400e-10 +2.9300e-10 +2.1500e-10 +1.4800e-10 +9.3000e-11 +5.0000e-11 +1.9000e-11 +0.0000e+00 -7.0000e-12 -2.0000e-12 +1.5000e-11 +4.4000e-11 +8.5000e-11 +1.3900e-10 +2.0600e-10 +2.8500e-10 +3.7800e-10 +4.8400e-10 +6.0300e-10 +7.3600e-10 +8.8300e-10 +1.0440e-09 +1.2210e-09 +1.4120e-09 +1.6180e-09 +1.8410e-09 +2.0790e-09 +2.3350e-09 +2.6070e-09 +2.8970e-09 +3.2050e-09 +3.5320e-09 +3.8780e-09 +4.2430e-09 +4.6290e-09 +5.0350e-09 +5.4630e-09 +5.9130e-09 
-0000.00050 +7.0414e-06 +6.9884e-06 +6.9334e-06 +6.8765e-06 +6.8179e-06 +6.7577e-06 +6.6958e-06 +6.6326e-06 +6.5680e-06 +6.5021e-06 +6.4351e-06 +6.3670e-06 +6.2979e-06 +6.2279e-06 +6.1571e-06 +6.0855e-06 +6.0133e-06 +5.9406e-06 +5.8673e-06 +5.7935e-06 +5.7194e-06 +5.6450e-06 +5.5703e-06 +5.4955e-06 +5.4205e-06 +5.3454e-06 +5.2703e-06 +5.1953e-06 +5.1203e-06 +5.0454e-06 +4.9707e-06 +4.8961e-06 +4.8218e-06 +4.7478e-06 +4.6741e-06 +4.6007e-06 +4.5276e-06 +4.4549e-06 +4.3826e-06 +4.3108e-06 +4.2393e-06 +4.1683e-06 +4.0978e-06 +4.0277e-06 +3.9581e-06 +3.8890e-06 +3.8203e-06 +3.7521e-06 +3.6844e-06 +3.6172e-06 +3.5503e-06 +3.4840e-06 +3.4180e-06 +3.3525e-06 +3.2873e-06 +3.2225e-06 +3.1580e-06 +3.0939e-06 +3.0300e-06 +2.9664e-06 +2.9030e-06 
-0000.00100 +1.4603e-05 +1.4495e-05 +1.4383e-05 +1.4268e-05 +1.4150e-05 +1.4028e-05 +1.3904e-05 +1.3776e-05 +1.3647e-05 +1.3514e-05 +1.3380e-05 +1.3243e-05 +1.3105e-05 +1.2965e-05 +1.2823e-05 +1.2680e-05 +1.2536e-05 +1.2390e-05 +1.2244e-05 +1.2097e-05 +1.1949e-05 +1.1800e-05 +1.1651e-05 +1.1502e-05 +1.1352e-05 +1.1202e-05 +1.1052e-05 +1.0902e-05 +1.0753e-05 +1.0603e-05 +1.0454e-05 +1.0305e-05 +1.0157e-05 +1.0009e-05 +9.8612e-06 +9.7144e-06 +9.5684e-06 +9.4230e-06 +9.2784e-06 +9.1346e-06 +8.9915e-06 +8.8493e-06 +8.7079e-06 +8.5674e-06 +8.4278e-06 +8.2891e-06 +8.1512e-06 +8.0142e-06 +7.8781e-06 +7.7428e-06 +7.6083e-06 +7.4746e-06 +7.3417e-06 +7.2096e-06 +7.0781e-06 +6.9473e-06 +6.8170e-06 +6.6874e-06 +6.5582e-06 +6.4294e-06 +6.3010e-06 
-0000.00150 +2.3272e-05 +2.3105e-05 +2.2933e-05 +2.2757e-05 +2.2575e-05 +2.2390e-05 +2.2200e-05 +2.2007e-05 +2.1810e-05 +2.1610e-05 +2.1406e-05 +2.1200e-05 +2.0992e-05 +2.0781e-05 +2.0568e-05 +2.0353e-05 +2.0136e-05 +1.9918e-05 +1.9698e-05 +1.9478e-05 +1.9256e-05 +1.9034e-05 +1.8811e-05 +1.8587e-05 +1.8363e-05 +1.8139e-05 +1.7915e-05 +1.7691e-05 +1.7467e-05 +1.7243e-05 +1.7020e-05 +1.6797e-05 +1.6575e-05 +1.6354e-05 +1.6133e-05 +1.5913e-05 +1.5694e-05 +1.5476e-05 +1.5259e-05 +1.5043e-05 +1.4829e-05 +1.4615e-05 +1.4402e-05 +1.4191e-05 +1.3981e-05 +1.3772e-05 +1.3564e-05 +1.3357e-05 +1.3152e-05 +1.2947e-05 +1.2744e-05 +1.2542e-05 +1.2341e-05 +1.2140e-05 +1.1941e-05 +1.1743e-05 +1.1545e-05 +1.1348e-05 +1.1151e-05 +1.0956e-05 +1.0760e-05 
-0000.00200 +3.3751e-05 +3.3519e-05 +3.3282e-05 +3.3038e-05 +3.2790e-05 +3.2536e-05 +3.2278e-05 +3.2015e-05 +3.1749e-05 +3.1478e-05 +3.1204e-05 +3.0927e-05 +3.0647e-05 +3.0365e-05 +3.0080e-05 +2.9792e-05 +2.9503e-05 +2.9212e-05 +2.8920e-05 +2.8626e-05 +2.8331e-05 +2.8035e-05 +2.7739e-05 +2.7442e-05 +2.7144e-05 +2.6847e-05 +2.6549e-05 +2.6251e-05 +2.5954e-05 +2.5657e-05 +2.5360e-05 +2.5064e-05 +2.4769e-05 +2.4475e-05 +2.4181e-05 +2.3888e-05 +2.3597e-05 +2.3306e-05 +2.3017e-05 +2.2729e-05 +2.2442e-05 +2.2156e-05 +2.1872e-05 +2.1589e-05 +2.1307e-05 +2.1027e-05 +2.0748e-05 +2.0471e-05 +2.0195e-05 +1.9920e-05 +1.9646e-05 +1.9373e-05 +1.9102e-05 +1.8832e-05 +1.8562e-05 +1.8294e-05 +1.8026e-05 +1.7760e-05 +1.7494e-05 +1.7228e-05 +1.6963e-05 
# Horizontal Final Position [m]
START
            -0000.01000 -0000.00967 -0000.00933 -0000.00900 -0000.00867 -0000.00833 -0000.00800 -0000.00767 -0000.00733 -0000.00700 -0000.00667 -0000.00633 -0000.00600 -0000.00567 -0000.00533 -0000.00500 -0000.00467 -0000.00433 -0000.00400 -0000.00367 -0000.00333 -0000.00300 -0000.00267 -0000.00233 -0000.00200 -0000.00167 -0000.00133 -0000.00100 -0000.00067 -0000.00033 +0000.00000 +0000.00033 +0000.00067 +0000.00100 +0000.00133 +0000.00167 +0000.00200 +0000.00233 +0000.00267 +0000.00300 +0000.00333 +0000.00367 +0000.00400 +0000.00433 +0000.00467 +0000.00500 +0000.00533 +0000.00567 +0000.00600 +0000.00633 +0000.00667 +0000.00700 +0000.00733 +0000.00767 +0000.00800 +0000.00833 +0000.00867 +0000.00900 +0000.00933 +0000.00967 +0000.01000 
+0000.00200 -1.0003e-02 -9.6696e-03 -9.3363e-03 -9.0031e-03 -8.6698e-03 -8.3366e-03 -8.0033e-03 -7.6700e-03 -7.3368e-03 -7.0035e-03 -6.6702e-03 -6.3369e-03 -6.0036e-03 -5.6703e-03 -5.3370e-03 -5.0037e-03 -4.6703e-03 -4.3370e-03 -4.0037e-03 -3.6704e-03 -3.3371e-03 -3.0037e-03 -2.6704e-03 -2.3371e-03 -2.0037e-03 -1.6704e-03 -1.3371e-03 -1.0037e-03 -6.7038e-04 -3.3704e-04 -3.6986e-06 +3.2964e-04 +6.6299e-04 +9.9633e-04 +1.3297e-03 +1.6630e-03 +1.9964e-03 +2.3297e-03 +2.6630e-03 +2.9964e-03 +3.3297e-03 +3.6631e-03 +3.9964e-03 +4.3297e-03 +4.6631e-03 +4.9964e-03 +5.3298e-03 +5.6631e-03 +5.9964e-03 +6.3298e-03 +6.6631e-03 +6.9964e-03 +7.3298e-03 +7.6631e-03 +7.9964e-03 +8.3298e-03 +8.6631e-03 +8.9964e-03 +9.3298e-03 +9.6631e-03 +9.9964e-03 
+0000.00150 -1.0003e-02 -9.6696e-03 -9.3363e-03 -9.0031e-03 -8.6698e-03 -8.3366e-03 -8.0033e-03 -7.6700e-03 -7.3368e-03 -7.0035e-03 -6.6702e-03 -6.3369e-03 -6.0036e-03 -5.6703e-03 -5.3370e-03 -5.0037e-03 -4.6703e-03 -4.3370e-03 -4.0037e-03 -3.6704e-03 -3.3371e-03 -3.0037e-03 -2.6704e-03 -2.3371e-03 -2.0037e-03 -1.6704e-03 -1.3371e-03 -1.0037e-03 -6.7038e-04 -3.3704e-04 -3.6986e-06 +3.2964e-04 +6.6299e-04 +9.9633e-04 +1.3297e-03 +1.6630e-03 +1.9964e-03 +2.3297e-03 +2.6630e-03 +2.9964e-03 +3.3297e-03 +3.6631e-03 +3.9964e-03 +4.3297e-03 +4.6631e-03 +4.9964e-03 +5.3298e-03 +5.6631e-03 +5.9964e-03 +6.3298e-03 +6.6631e-03 +6.9964e-03 +7.3298e-03 +7.6631e-03 +7.9964e-03 +8.3298e-03 +8.6631e-03 +8.9964e-03 +9.3298e-03 +9.6631e-03 +9.9964e-03 
+0000.00100 -1.0003e-02 -9.6696e-03 -9.3363e-03 -9.0031e-03 -8.6698e-03 -8.3366e-03 -8.0033e-03 -7.6700e-03 -7.3368e-03 -7.0035e-03 -6.6702e-03 -6.3369e-03 -6.0036e-03 -5.6703e-03 -5.3370e-03 -5.0037e-03 -4.6703e-03 -4.3370e-03 -4.0037e-03 -3.6704e-03 -3.3371e-03 -3.0037e-03 -2.6704e-03 -2.3371e-03 -2.0037e-03 -1.6704e-03 -1.3371e-03 -1.0037e-03 -6.7038e-04 -3.3704e-04 -3.6986e-06 +3.2964e-04 +6.6299e-04 +9.9633e-04 +1.3297e-03 +1.6630e-03 +1.9964e-03 +2.3297e-03 +2.6630e-03 +2.9964e-03 +3.3297e-03 +3.6631e-03 +3.9964e-03 +4.3297e-03 +4.6631e-03 +4.9964e-03 +5.3298e-03 +5.6631e-03 +5.9964e-03 +6.3298e-03 +6.6631e-03 +6.9964e-03 +7.3298e-03 +7.6631e-03 +7.9964e-03 +8.3298e-03 +8.6631e-03 +8.9964e-03 +9.3298e-03 +9.6631e-03 +9.9964e-03 
+0000.00050 -1.0003e-02 -9.6696e-03 -9.3363e-03 -9.0031e-03 -8.6698e-03 -8.3366e-03 -8.0033e-03 -7.6700e-03 -7.3368e-03 -7.0035e-03 -6.6702e-03 -6.3369e-03 -6.0036e-03 -5.6703e-03 -5.3370e-03 -5.0037e-03 -4.6703e-03 -4.3370e-03 -4.0037e-03 -3.6704e-03 -3.3371e-03 -3.0037e-03 -2.6704e-03 -2.3371e-03 -2.0037e-03 -1.6704e-03 -1.3371e-03 -1.0037e-03 -6.7038e-04 -3.3704e-04 -3.6986e-06 +3.2964e-04 +6.6299e-04 +9.9633e-04 +1.3297e-03 +1.6630e-03 +1.9964e-03 +2.3297e-03 +2.6630e-03 +2.9964e-03 +3.3297e-03 +3.6631e-03 +3.9964e-03 +4.3297e-03 +4.6631e-03 +4.9964e-03 +5.3298e-03 +5.6631e-03 +5.9964e-03 +6.3298e-03 +6.6631e-03 +6.9964e-03 +7.3298e-03 +7.6631e-03 +7.9964e-03 +8.3298e-03 +8.6631e-03 +8.9964e-03 +9.3298e-03 +9.6631e-03 +9.9964e-03 
+0000.00000 -1.0003e-02 -9.6696e-03 -9.3363e-03 -9.0031e-03 -8.6698e-03 -8.3366e-03 -8.0033e-03 -7.6700e-03 -7.3368e-03 -7.0035e-03 -6.6702e-03 -6.3369e-03 -6.0036e-03 -5.6703e-03 -5.3370e-03 -5.0037e-03 -4.6703e-03 -4.3370e-03 -4.0037e-03 -3.6704e-03 -3.3371e-03 -3.0037e-03 -2.6704e-03 -2.3371e-03 -2.0037e-03 -1.6704e-03 -1.3371e-03 -1.0037e-03 -6.7038e-04 -3.3704e-04 -3.6986e-06 +3.2964e-04 +6.6299e-04 +9.9633e-04 +1.3297e-03 +1.6630e-03 +1.9964e-03 +2.3297e-03 +2.6630e-03 +2.9964e-03 +3.3297e-03 +3.6631e-03 +3.9964e-03 +4.3297e-03 +4.6631e-03 +4.9964e-03 +5.3298e-03 +5.6631e-03 +5.9964e-03 +6.3298e-03 +6.6631e-03 +6.9964e-03 +7.3298e-03 +7.6631e-03 +7.9964e-03 +8.3298e-03 +8.6631e-03 +8.9964e-03 +9.3298e-03 +9.6631e-03 +9.9964e-03 
-0000.00050 -1.0003e-02 -9.6696e-03 -9.3363e-03 -9.0031e-03 -8.6698e-03 -8.3366e-03 -8.0033e-03 -7.6700e-03 -7.3368e-03 -7.0035e-03 -6.6702e-03 -6.3369e-03 -6.0036e-03 -5.6703e-03 -5.3370e-03 -5.0037e-03 -4.6703e-03 -4.3370e-03 -4.0037e-03 -3.6704e-03 -3.3371e-03 -3.0037e-03 -2.6704e-03 -2.3371e-03 -2.0037e-03 -1.6704e-03 -1.3371e-03 -1.0037e-03 -6.7038e-04 -3.3704e-04 -3.6986e-06 +3.2964e-04 +6.6299e-04 +9.9633e-04 +1.3297e-03 +1.6630e-03 +1.9964e-03 +2.3297e-03 +2.6630e-03 +2.9964e-03 +3.3297e-03 +3.6631e-03 +3.9964e-03 +4.3297e-03 +4.6631e-03 +4.9964e-03 +5.3298e-03 +5.6631e-03 +5.9964e-03 +6.3298e-03 +6.6631e-03 +6.9964e-03 +7.3298e-03 +7.6631e-03 +7.9964e-03 +8.3298e-03 +8.6631e-03 +8.9964e-03 +9.3298e-03 +9.6631e-03 +9.9964e-03 
-0000.00100 -1.0003e-02 -9.6696e-03 -9.3363e-03 -9.0031e-03 -8.6698e-03 -8.3366e-03 -8.0033e-03 -7.6700e-03 -7.3368e-03 -7.0035e-03 -6.6702e-03 -6.3369e-03 -6.0036e-03 -5.6703e-03 -5.3370e-03 -5.0037e-03 -4.6703e-03 -4.3370e-03 -4.0037e-03 -3.6704e-03 -3.3371e-03 -3.0037e-03 -2.6704e-03 -2.3371e-03 -2.0037e-03 -1.6704e-03 -1.3371e-03 -1.0037e-03 -6.7038e-04 -3.3704e-04 -3.6986e-06 +3.2964e-04 +6.6299e-04 +9.9633e-04 +1.3297e-03 +1.6630e-03 +1.9964e-03 +2.3297e-03 +2.6630e-03 +2.9964e-03 +3.3297e-03 +3.6631e-03 +3.9964e-03 +4.3297e-03 +4.6631e-03 +4.9964e-03 +5.3298e-03 +5.6631e-03 +5.9964e-03 +6.3298e-03 +6.6631e-03 +6.9964e-03 +7.3298e-03 +7.6631e-03 +7.9964e-03 +8.3298e-03 +8.6631e-03 +8.9964e-03 +9.3298e-03 +9.6631e-03 +9.9964e-03 
-0000.00150 -1.0003e-02 -9.6696e-03 -9.3363e-03 -9.0031e-03 -8.6698e-03 -8.3366e-03 -8.0033e-03 -7.6700e-03 -7.3368e-03 -7.0035e-03 -6.6702e-03 -6.3369e-03 -6.0036e-03 -5.6703e-03 -5.3370e-03 -5.0037e-03 -4.6703e-03 -4.3370e-03 -4.0037e-03 -3.6704e-03 -3.3371e-03 -3.0037e-03 -2.6704e-03 -2.3371e-03 -2.0037e-03 -1.6704e-03 -1.3371e-03 -1.0037e-03 -6.7038e-04 -3.3704e-04 -3.6986e-06 +3.2964e-04 +6.6299e-04 +9.9633e-04 +1.3297e-03 +1.6630e-03 +1.9964e-03 +2.3297e-03 +2.6630e-03 +2.9964e-03 +3.3297e-03 +3.6631e-03 +3.9964e-03 +4.3297e-03 +4.6631e-03 +4.9964e-03 +5.3298e-03 +5.6631e-03 +5.9964e-03 +6.3298e-03 +6.6631e-03 +6.9964e-03 +7.3298e-03 +7.6631e-03 +7.9964e-03 +8.3298e-03 +8.6631e-03 +8.9964e-03 +9.3298e-03 +9.6631e-03 +9.9964e-03 
-0000.00200 -1.0003e-02 -9.6696e-03 -9.3363e-03 -9.0031e-03 -8.6698e-03 -8.3366e-03 -8.0033e-03 -7.6700e-03 -7.3368e-03 -7.0035e-03 -6.6702e-03 -6.3369e-03 -6.0036e-03 -5.6703e-03 -5.3370e-03 -5.0037e-03 -4.6703e-03 -4.3370e-03 -4.0037e-03 -3.6704e-03 -3.3371e-03 -3.0037e-03 -2.6704e-03 -2.3371e-03 -2.0037e-03 -1.6704e-03 -1.3371e-03 -1.0037e-03 -6.7038e-04 -3.3704e-04 -3.6986e-06 +3.2964e-04 +6.6299e-04 +9.9633e-04 +1.3297e-03 +1.6630e-03 +1.9964e-03 +2.3297e-03 +2.6630e-03 +2.9964e-03 +3.3297e-03 +3.6631e-03 +3.9964e-03 +4.3297e-03 +4.6631e-03 +4.9964e-03 +5.3298e-03 +5.6631e-03 +5.9964e-03 +6.3298e-03 +6.6631e-03 +6.9964e-03 +7.3298e-03 +7.6631e-03 +7.9964e-03 +8.3298e-03 +8.6631e-03 +8.9964e-03 +9.3298e-03 +9.6631e-03 +9.9964e-03 
# Vertical Final Position [m]
START
            -0000.01000 -0000.00967 -0000.00933 -0000.00900 -0000.00867 -0000.00833 -0000.00800 -0000.00767 -0000.00733 -0000.00700 -0000.00667 -0000.00633 -0000.00600 -0000.00567 -0000.00533 -0000.00500 -0000.00467 -0000.00433 -0000.00400 -0000.00367 -0000.00333 -0000.00300 -0000.00267 -0000.00233 -0000.00200 -0000.00167 -0000.00133 -0000.00100 -0000.00067 -0000.00033 +0000.00000 +0000.00033 +0000.00067 +0000.00100 +0000.00133 +0000.00167 +0000.00200 +0000.00233 +0000.00267 +0000.00300 +0000.00333 +0000.00367 +0000.00400 +0000.00433 +0000.00467 +0000.00500 +0000.00533 +0000.00567 +0000.00600 +0000.00633 +0000.00667 +0000.00700 +0000.00733 +0000.00767 +0000.00800 +0000.00833 +0000.00867 +0000.00900 +0000.00933 +0000.00967 +0000.01000 
+0000.00200 +2.0001e-03 +2.0001e-03 +2.0001e-03 +2.0001e-03 +2.0001e-03 +2.0001e-03 +2.0001e-03 +2.0001e-03 +2.0001e-03 +2.0001e-03 +2.0001e-03 +2.0001e-03 +2.0000e-03 +2.0000e-03 +2.0000e-03 +2.0000e-03 +2.0000e-03 +2.0000e-03 +2.0000e-03 +2.0000e-03 +2.0000e-03 +2.0000e-03 +2.0000e-03 +2.0000e-03 +2.0000e-03 +2.0000e-03 +2.0000e-03 +2.0000e-03 +2.0000e-03 +2.0000e-03 +2.0000e-03 +2.0000e-03 +2.0000e-03 +2.0000e-03 +2.0000e-03 +2.0000e-03 +2.0000e-03 +2.0000e-03 +1.9999e-03 +1.9999e-03 +1.9999e-03 +1.9999e-03 +1.9999e-03 +1.9999e-03 +1.9999e-03 +1.9999e-03 +1.9999e-03 +1.9999e-03 +1.9999e-03 +1.9999e-03 +1.9999e-03 +1.9999e-03 +1.9999e-03 +1.9999e-03 +1.9999e-03 +1.9999e-03 +1.9999e-03 +1.9999e-03 +1.9999e-03 +1.9999e-03 +1.9998e-03 
+0000.00150 +1.5001e-03 +1.5001e-03 +1.5001e-03 +1.5001e-03 +1.5001e-03 +1.5001e-03 +1.5001e-03 +1.5001e-03 +1.5001e-03 +1.5001e-03 +1.5001e-03 +1.5000e-03 +1.5000e-03 +1.5000e-03 +1.5000e-03 +1.5000e-03 +1.5000e-03 +1.5000e-03 +1.5000e-03 +1.5000e-03 +1.5000e-03 +1.5000e-03 +1.5000e-03 +1.5000e-03 +1.5000e-03 +1.5000e-03 +1.5000e-03 +1.5000e-03 +1.5000e-03 +1.5000e-03 +1.5000e-03 +1.5000e-03 +1.5000e-03 +1.5000e-03 +1.5000e-03 +1.5000e-03 +1.5000e-03 +1.5000e-03 +1.4999e-03 +1.4999e-03 +1.4999e-03 +1.4999e-03 +1.4999e-03 +1.4999e-03 +1.4999e-03 +1.4999e-03 +1.4999e-03 +1.4999e-03 +1.4999e-03 +1.4999e-03 +1.4999e-03 +1.4999e-03 +1.4999e-03 +1.4999e-03 +1.4999e-03 +1.4999e-03 +1.4999e-03 +1.4999e-03 +1.4999e-03 +1.4999e-03 +1.4999e-03 
+0000.00100 +1.0000e-03 +1.0000e-03 +1.0000e-03 +1.0000e-03 +1.0000e-03 +1.0000e-03 +1.0000e-03 +1.0000e-03 +1.0000e-03 +1.0000e-03 +1.0000e-03 +1.0000e-03 +9.9999e-04 +9.9999e-04 +9.9999e-04 +9.9999e-04 +9.9999e-04 +9.9999e-04 +9.9999e-04 +9.9999e-04 +9.9999e-04 +9.9999e-04 +9.9999e-04 +9.9999e-04 +9.9999e-04 +9.9999e-04 +9.9999e-04 +9.9999e-04 +9.9999e-04 +9.9999e-04 +9.9999e-04 +9.9999e-04 +9.9999e-04 +9.9999e-04 +9.9999e-04 +9.9999e-04 +9.9998e-04 +9.9998e-04 +9.9998e-04 +9.9998e-04 +9.9997e-04 +9.9997e-04 +9.9997e-04 +9.9997e-04 +9.9996e-04 +9.9996e-04 +9.9996e-04 +9.9995e-04 +9.9995e-04 +9.9995e-04 +9.9994e-04 +9.9994e-04 +9.9994e-04 +9.9994e-04 +9.9993e-04 +9.9993e-04 +9.9993e-04 +9.9993e-04 +9.9993e-04 +9.9992e-04 +9.9992e-04 
+0000.00050 +5.0003e-04 +5.0003e-04 +5.0002e-04 +5.0002e-04 +5.0002e-04 +5.0002e-04 +5.0002e-04 +5.0002e-04 +5.0002e-04 +5.0002e-04 +5.0002e-04 +5.0001e-04 +5.0001e-04 +5.0001e-04 +5.0001e-04 +5.0001e-04 +5.0001e-04 +5.0001e-04 +5.0001e-04 +5.0001e-04 +5.0000e-04 +5.0000e-04 +5.0000e-04 +5.0000e-04 +5.0000e-04 +5.0000e-04 +5.0000e-04 +5.0000e-04 +5.0000e-04 +4.9999e-04 +4.9999e-04 +4.9999e-04 +4.9999e-04 +4.9999e-04 +4.9999e-04 +4.9999e-04 +4.9999e-04 +4.9999e-04 +4.9999e-04 +4.9999e-04 +4.9998e-04 +4.9998e-04 +4.9998e-04 +4.9998e-04 +4.9998e-04 +4.9998e-04 +4.9998e-04 +4.9998e-04 +4.9998e-04 +4.9998e-04 +4.9998e-04 +4.9997e-04 +4.9997e-04 +4.9997e-04 +4.9997e-04 +4.9997e-04 +4.9997e-04 +4.9997e-04 +4.9997e-04 +4.9996e-04 +4.9996e-04 
+0000.00000 -4.1082e-11 -4.2014e-11 -4.2917e-11 -4.3789e-11 -4.4631e-11 -4.5443e-11 -4.6225e-11 -4.6976e-11 -4.7697e-11 -4.8387e-11 -4.9046e-11 -4.9674e-11 -5.0272e-11 -5.0838e-11 -5.1373e-11 -5.1877e-11 -5.2350e-11 -5.2791e-11 -5.3201e-11 -5.3579e-11 -5.3925e-11 -5.4240e-11 -5.4523e-11 -5.4775e-11 -5.4994e-11 -5.5181e-11 -5.5337e-11 -5.5460e-11 -5.5551e-11 -5.5610e-11 -5.5637e-11 -5.5632e-11 -5.5594e-11 -5.5524e-11 -5.5421e-11 -5.5286e-11 -5.5119e-11 -5.4919e-11 -5.4687e-11 -5.4422e-11 -5.4124e-11 -5.3794e-11 -5.3432e-11 -5.3037e-11 -5.2609e-11 -5.2148e-11 -5.1655e-11 -5.1130e-11 -5.0571e-11 -4.9981e-11 -4.9357e-11 -4.8701e-11 -4.8012e-11 -4.7291e-11 -4.6537e-11 -4.5750e-11 -4.4931e-11 -4.4080e-11 -4.3196e-11 -4.2279e-11 -4.1330e-11 
-0000.00050 -5.0002e-04 -5.0002e-04 -5.0002e-04 -5.0002e-04 -5.0002e-04 -5.0002e-04 -5.0002e-04 -5.0002e-04 -5.0002e-04 -5.0002e-04 -5.0002e-04 -5.0001e-04 -5.0001e-04 -5.0001e-04 -5.0001e-04 -5.0001e-04 -5.0001e-04 -5.0001e-04 -5.0001e-04 -5.0001e-04 -5.0001e-04 -5.0000e-04 -5.0000e-04 -5.0000e-04 -5.0000e-04 -5.0000e-04 -5.0000e-04 -5.0000e-04 -5.0000e-04 -5.0000e-04 -5.0000e-04 -4.9999e-04 -4.9999e-04 -4.9999e-04 -4.9999e-04 -4.9999e-04 -4.9999e-04 -4.9999e-04 -4.9999e-04 -4.9999e-04 -4.9999e-04 -4.9998e-04 -4.9998e-04 -4.9998e-04 -4.9998e-04 -4.9998e-04 -4.9998e-04 -4.9998e-04 -4.9998e-04 -4.9998e-04 -4.9997e-04 -4.9997e-04 -4.9997e-04 -4.9997e-04 -4.9997e-04 -4.9997e-04 -4.9997e-04 -4.9997e-04 -4.9997e-04 -4.9996e-04 -4.9996e-04 
-0000.00100 -1.0000e-03 -1.0000e-03 -1.0000e-03 -1.0000e-03 -1.0000e-03 -1.0000e-03 -1.0000e-03 -1.0000e-03 -1.0000e-03 -1.0000e-03 -1.0000e-03 -1.0000e-03 -9.9999e-04 -9.9999e-04 -9.9999e-04 -9.9999e-04 -9.9999e-04 -9.9999e-04 -9.9999e-04 -9.9999e-04 -9.9999e-04 -9.9999e-04 -9.9999e-04 -9.9999e-04 -9.9999e-04 -9.9999e-04 -9.9999e-04 -9.9999e-04 -9.9999e-04 -9.9999e-04 -9.9999e-04 -9.9999e-04 -9.9999e-04 -9.9999e-04 -9.9999e-04 -9.9999e-04 -9.9998e-04 -9.9998e-04 -9.9998e-04 -9.9998e-04 -9.9997e-04 -9.9997e-04 -9.9997e-04 -9.9997e-04 -9.9996e-04 -9.9996e-04 -9.9996e-04 -9.9995e-04 -9.9995e-04 -9.9995e-04 -9.9994e-04 -9.9994e-04 -9.9994e-04 -9.9994e-04 -9.9993e-04 -9.9993e-04 -9.9993e-04 -9.9993e-04 -9.9993e-04 -9.9992e-04 -9.9992e-04 
-0000.00150 -1.5001e-03 -1.5001e-03 -1.5001e-03 -1.5001e-03 -1.5001e-03 -1.5001e-03 -1.5001e-03 -1.5001e-03 -1.5001e-03 -1.5001e-03 -1.5001e-03 -1.5000e-03 -1.5000e-03 -1.5000e-03 -1.5000e-03 -1.5000e-03 -1.5000e-03 -1.5000e-03 -1.5000e-03 -1.5000e-03 -1.5000e-03 -1.5000e-03 -1.5000e-03 -1.5000e-03 -1.5000e-03 -1.5000e-03 -1.5000e-03 -1.5000e-03 -1.5000e-03 -1.5000e-03 -1.5000e-03 -1.5000e-03 -1.5000e-03 -1.5000e-03 -1.5000e-03 -1.5000e-03 -1.5000e-03 -1.5000e-03 -1.4999e-03 -1.4999e-03 -1.4999e-03 -1.4999e-03 -1.4999e-03 -1.4999e-03 -1.4999e-03 -1.4999e-03 -1.4999e-03 -1.4999e-03 -1.4999e-03 -1.4999e-03 -1.4999e-03 -1.4999e-03 -1.4999e-03 -1.4999e-03 -1.4999e-03 -1.4999e-03 -1.4999e-03 -1.4999e-03 -1.4999e-03 -1.4999e-03 -1.4999e-03 
-0000.00200 -2.0001e-03 -2.0001e-03 -2.0001e-03 -2.0001e-03 -2.0001e-03 -2.0001e-03 -2.0001e-03 -2.0001e-03 -2.0001e-03 -2.0001e-03 -2.0001e-03 -2.0001e-03 -2.0001e-03 -2.0001e-03 -2.0001e-03 -2.0001e-03 -2.0000e-03 -2.0000e-03 -2.0000e-03 -2.0000e-03 -2.0000e-03 -2.0000e-03 -2.0000e-03 -2.0000e-03 -2.0000e-03 -2.0000e-03 -2.0000e-03 -2.0000e-03 -2.0000e-03 -2.0000e-03 -2.0000e-03 -2.0000e-03 -2.0000e-03 -2.0000e-03 -2.0000e-03 -2.0000e-03 -1.9999e-03 -1.9999e-03 -1.9999e-03 -1.9999e-03 -1.9999e-03 -1.9999e-03 -1.9999e-03 -1.9999e-03 -1.9999e-03 -1.9999e-03 -1.9999e-03 -1.9999e-03 -1.9999e-03 -1.9999e-03 -1.9999e-03 -1.9999e-03 -1.9999e-03 -1.9999e-03 -1.9999e-03 -1.9999e-03 -1.9999e-03 -1.9999e-03 -1.9999e-03 -1.9999e-03 -1.9998e-03 