# Author: FAC idanalysis.IDKickMap
# Termination_kicks [T2m2]: +0.0000e+00 +0.0000e+00 +0.0000e+00 +0.0000e+00 
# Total Length of Longitudinal Interval [m]
0.13
# Number of Horizontal Points
61
# Number of Vertical Points
9
# Total Horizontal 2nd Order Kick [T2m2]
START
            -0000.01000 -0000.00967 -0000.00933 -0000.00900 -0000.00867 -0000.00833 -0000.00800 -0000.00767 -0000.00733 -0000.00700 -0000.00667 -0000.00633 -0000.00600 -0000.00567 -0000.00533 -0000.00500 -0000.00467 -0000.00433 -0000.00400 -0000.00367 -0000.00333 -0000.00300 -0000.00267 -0000.00233 -0000.00200 -0000.00167 -0000.00133 -0000.00100 -0000.00067 -0000.00033 +0000.00000 +0000.00033 +0000.00067 +0000.00100 +0000.00133 +0000.00167 +0000.00200 +0000.00233 +0000.00267 +0000.00300 +0000.00333 +0000.00367 +0000.00400 +0000.00433 +0000.00467 +0000.00500 +0000.00533 +0000.00567 +0000.00600 +0000.00633 +0000.00667 +0000.00700 +0000.00733 +0000.00767 +0000.00800 +0000.00833 +0000.00867 +0000.00900 +0000.00933 +0000.00967 +0000.01000 
+0000.00200 +1.1384e-04 +1.1388e-04 +1.1393e-04 +1.1398e-04 +1.1404e-04 +1.1410e-04 +1.1417e-04 +1.1423e-04 +1.1430e-04 +1.1437e-04 +1.1444e-04 +1.1451e-04 +1.1458e-04 +1.1465e-04 +1.1471e-04 +1.1478e-04 +1.1485e-04 +1.1492e-04 +1.1498e-04 +1.1504e-04 +1.1510e-04 +1.1516e-04 +1.1521e-04 +1.1526e-04 +1.1531e-04 +1.1535e-04 +1.1540e-04 +1.1543e-04 +1.1547e-04 +1.1550e-04 +1.1552e-04 +1.1555e-04 +1.1556e-04 +1.1558e-04 +1.1559e-04 +1.1559e-04 +1.1560e-04 +1.1559e-04 +1.1559e-04 +1.1558e-04 +1.1557e-04 +1.1555e-04 +1.1553e-04 +1.1551e-04 +1.1548e-04 +1.1545e-04 +1.1542e-04 +1.1539e-04 +1.1535e-04 +1.1531e-04 +1.1527e-04 +1.1523e-04 +1.1519e-04 +1.1514e-04 +1.1510e-04 +1.1505e-04 +1.1501e-04 +1.1497e-04 +1.1492e-04 +1.1488e-04 +1.1484e-04 
+0000.00150 -1.4200e-06 -1.6000e-06 -1.7400e-06 -1.8400e-06 -1.9000e-06 -1.9200e-06 -1.9200e-06 -1.8900e-06 -1.8300e-06 -1.7600e-06 -1.6700e-06 -1.5600e-06 -1.4400e-06 -1.3100e-06 -1.1800e-06 -1.0400e-06 -9.0000e-07 -7.6000e-07 -6.2000e-07 -4.8000e-07 -3.5000e-07 -2.3000e-07 -1.1000e-07 -1.0000e-08 +9.0000e-08 +1.7000e-07 +2.4000e-07 +3.0000e-07 +3.5000e-07 +3.8000e-07 +4.0000e-07 +4.0000e-07 +3.9000e-07 +3.7000e-07 +3.3000e-07 +2.8000e-07 +2.2000e-07 +1.4000e-07 +5.0000e-08 -5.0000e-08 -1.5000e-07 -2.7000e-07 -3.9000e-07 -5.2000e-07 -6.5000e-07 -7.8000e-07 -9.1000e-07 -1.0400e-06 -1.1600e-06 -1.2800e-06 -1.3900e-06 -1.4900e-06 -1.5700e-06 -1.6400e-06 -1.6800e-06 -1.7000e-06 -1.6900e-06 -1.6600e-06 -1.5900e-06 -1.4800e-06 -1.3300e-06 
+0000.00100 -1.1700e-06 -1.4500e-06 -1.6800e-06 -1.8600e-06 -1.9900e-06 -2.0700e-06 -2.1200e-06 -2.1400e-06 -2.1200e-06 -2.0800e-06 -2.0200e-06 -1.9300e-06 -1.8300e-06 -1.7200e-06 -1.5900e-06 -1.4600e-06 -1.3300e-06 -1.1900e-06 -1.0500e-06 -9.1000e-07 -7.8000e-07 -6.5000e-07 -5.3000e-07 -4.2000e-07 -3.2000e-07 -2.3000e-07 -1.5000e-07 -9.0000e-08 -4.0000e-08 +0.0000e+00 +2.0000e-08 +3.0000e-08 +2.0000e-08 +0.0000e+00 -4.0000e-08 -9.0000e-08 -1.5000e-07 -2.3000e-07 -3.2000e-07 -4.2000e-07 -5.3000e-07 -6.4000e-07 -7.6000e-07 -8.9000e-07 -1.0200e-06 -1.1500e-06 -1.2700e-06 -1.3900e-06 -1.5100e-06 -1.6200e-06 -1.7100e-06 -1.7900e-06 -1.8500e-06 -1.8900e-06 -1.9000e-06 -1.8800e-06 -1.8300e-06 -1.7500e-06 -1.6200e-06 -1.4400e-06 -1.2200e-06 
+0000.00050 -7.7000e-07 -1.1100e-06 -1.3900e-06 -1.6100e-06 -1.7700e-06 -1.8900e-06 -1.9700e-06 -2.0200e-06 -2.0200e-06 -2.0000e-06 -1.9600e-06 -1.8900e-06 -1.8000e-06 -1.7000e-06 -1.5800e-06 -1.4600e-06 -1.3300e-06 -1.1900e-06 -1.0600e-06 -9.2000e-07 -7.9000e-07 -6.7000e-07 -5.5000e-07 -4.4000e-07 -3.4000e-07 -2.5000e-07 -1.7000e-07 -1.0000e-07 -5.0000e-08 -2.0000e-08 +1.0000e-08 +1.0000e-08 +1.0000e-08 -1.0000e-08 -5.0000e-08 -1.0000e-07 -1.6000e-07 -2.4000e-07 -3.3000e-07 -4.2000e-07 -5.3000e-07 -6.4000e-07 -7.6000e-07 -8.8000e-07 -1.0100e-06 -1.1300e-06 -1.2500e-06 -1.3700e-06 -1.4700e-06 -1.5700e-06 -1.6500e-06 -1.7100e-06 -1.7500e-06 -1.7700e-06 -1.7600e-06 -1.7100e-06 -1.6300e-06 -1.5100e-06 -1.3500e-06 -1.1300e-06 -8.6000e-07 
+0000.00000 -6.5000e-07 -1.0000e-06 -1.2900e-06 -1.5200e-06 -1.7000e-06 -1.8400e-06 -1.9200e-06 -1.9700e-06 -1.9900e-06 -1.9800e-06 -1.9300e-06 -1.8700e-06 -1.7900e-06 -1.6900e-06 -1.5800e-06 -1.4600e-06 -1.3300e-06 -1.2000e-06 -1.0600e-06 -9.3000e-07 -8.0000e-07 -6.7000e-07 -5.5000e-07 -4.4000e-07 -3.4000e-07 -2.5000e-07 -1.8000e-07 -1.1000e-07 -6.0000e-08 -2.0000e-08 +0.0000e+00 +1.0000e-08 +0.0000e+00 -2.0000e-08 -6.0000e-08 -1.1000e-07 -1.7000e-07 -2.5000e-07 -3.3000e-07 -4.3000e-07 -5.3000e-07 -6.5000e-07 -7.6000e-07 -8.9000e-07 -1.0100e-06 -1.1300e-06 -1.2500e-06 -1.3600e-06 -1.4600e-06 -1.5500e-06 -1.6300e-06 -1.6800e-06 -1.7200e-06 -1.7300e-06 -1.7100e-06 -1.6600e-06 -1.5700e-06 -1.4300e-06 -1.2500e-06 -1.0200e-06 -7.4000e-07 
-0000.00050 -7.7000e-07 -1.1100e-06 -1.3900e-06 -1.6100e-06 -1.7700e-06 -1.8900e-06 -1.9700e-06 -2.0200e-06 -2.0200e-06 -2.0000e-06 -1.9600e-06 -1.8900e-06 -1.8000e-06 -1.7000e-06 -1.5800e-06 -1.4600e-06 -1.3300e-06 -1.1900e-06 -1.0600e-06 -9.2000e-07 -7.9000e-07 -6.7000e-07 -5.5000e-07 -4.4000e-07 -3.4000e-07 -2.5000e-07 -1.7000e-07 -1.0000e-07 -5.0000e-08 -2.0000e-08 +1.0000e-08 +1.0000e-08 +1.0000e-08 -2.0000e-08 -5.0000e-08 -1.0000e-07 -1.7000e-07 -2.4000e-07 -3.3000e-07 -4.3000e-07 -5.3000e-07 -6.4000e-07 -7.6000e-07 -8.9000e-07 -1.0100e-06 -1.1300e-06 -1.2500e-06 -1.3700e-06 -1.4700e-06 -1.5700e-06 -1.6500e-06 -1.7100e-06 -1.7500e-06 -1.7700e-06 -1.7600e-06 -1.7200e-06 -1.6400e-06 -1.5200e-06 -1.3500e-06 -1.1300e-06 -8.6000e-07 
-0000.00100 -1.1700e-06 -1.4500e-06 -1.6800e-06 -1.8600e-06 -1.9900e-06 -2.0700e-06 -2.1200e-06 -2.1400e-06 -2.1200e-06 -2.0800e-06 -2.0100e-06 -1.9300e-06 -1.8300e-06 -1.7200e-06 -1.5900e-06 -1.4600e-06 -1.3300e-06 -1.1900e-06 -1.0500e-06 -9.1000e-07 -7.8000e-07 -6.5000e-07 -5.3000e-07 -4.2000e-07 -3.2000e-07 -2.3000e-07 -1.5000e-07 -9.0000e-08 -4.0000e-08 +0.0000e+00 +2.0000e-08 +3.0000e-08 +2.0000e-08 +0.0000e+00 -4.0000e-08 -9.0000e-08 -1.6000e-07 -2.3000e-07 -3.2000e-07 -4.2000e-07 -5.3000e-07 -6.4000e-07 -7.6000e-07 -8.9000e-07 -1.0200e-06 -1.1500e-06 -1.2700e-06 -1.4000e-06 -1.5100e-06 -1.6200e-06 -1.7100e-06 -1.7900e-06 -1.8500e-06 -1.8900e-06 -1.9000e-06 -1.8800e-06 -1.8300e-06 -1.7500e-06 -1.6200e-06 -1.4400e-06 -1.2200e-06 
-0000.00150 -1.4200e-06 -1.6000e-06 -1.7400e-06 -1.8400e-06 -1.9000e-06 -1.9200e-06 -1.9200e-06 -1.8900e-06 -1.8300e-06 -1.7600e-06 -1.6700e-06 -1.5600e-06 -1.4400e-06 -1.3100e-06 -1.1800e-06 -1.0400e-06 -9.0000e-07 -7.6000e-07 -6.2000e-07 -4.8000e-07 -3.5000e-07 -2.3000e-07 -1.2000e-07 -1.0000e-08 +9.0000e-08 +1.7000e-07 +2.4000e-07 +3.0000e-07 +3.5000e-07 +3.8000e-07 +4.0000e-07 +4.0000e-07 +3.9000e-07 +3.7000e-07 +3.3000e-07 +2.8000e-07 +2.1000e-07 +1.4000e-07 +5.0000e-08 -5.0000e-08 -1.5000e-07 -2.7000e-07 -3.9000e-07 -5.2000e-07 -6.5000e-07 -7.8000e-07 -9.1000e-07 -1.0400e-06 -1.1700e-06 -1.2800e-06 -1.3900e-06 -1.4900e-06 -1.5700e-06 -1.6400e-06 -1.6800e-06 -1.7000e-06 -1.7000e-06 -1.6600e-06 -1.5900e-06 -1.4800e-06 -1.3300e-06 
-0000.00200 +1.1384e-04 +1.1389e-04 +1.1394e-04 +1.1399e-04 +1.1405e-04 +1.1411e-04 +1.1417e-04 +1.1424e-04 +1.1430e-04 +1.1437e-04 +1.1444e-04 +1.1451e-04 +1.1458e-04 +1.1465e-04 +1.1472e-04 +1.1479e-04 +1.1485e-04 +1.1492e-04 +1.1498e-04 +1.1504e-04 +1.1510e-04 +1.1516e-04 +1.1521e-04 +1.1526e-04 +1.1531e-04 +1.1536e-04 +1.1540e-04 +1.1543e-04 +1.1547e-04 +1.1550e-04 +1.1552e-04 +1.1555e-04 +1.1556e-04 +1.1558e-04 +1.1559e-04 +1.1559e-04 +1.1560e-04 +1.1559e-04 +1.1559e-04 +1.1558e-04 +1.1557e-04 +1.1555e-04 +1.1553e-04 +1.1551e-04 +1.1548e-04 +1.1545e-04 +1.1542e-04 +1.1538e-04 +1.1535e-04 +1.1531e-04 +1.1527e-04 +1.1523e-04 +1.1518e-04 +1.1514e-04 +1.1510e-04 +1.1505e-04 +1.1501e-04 +1.1496e-04 +1.1492e-04 +1.1488e-04 +1.1484e-04 
# Total Vertical 2nd Order Kick [T2m2]
START
            -0000.01000 -0000.00967 -0000.00933 -0000.00900 -0000.00867 -0000.00833 -0000.00800 -0000.00767 -0000.00733 -0000.00700 -0000.00667 -0000.00633 -0000.00600 -0000.00567 -0000.00533 -0000.00500 -0000.00467 -0000.00433 -0000.00400 -0000.00367 -0000.00333 -0000.00300 -0000.00267 -0000.00233 -0000.00200 -0000.00167 -0000.00133 -0000.00100 -0000.00067 -0000.00033 +0000.00000 +0000.00033 +0000.00067 +0000.00100 +0000.00133 +0000.00167 +0000.00200 +0000.00233 +0000.00267 +0000.00300 +0000.00333 +0000.00367 +0000.00400 +0000.00433 +0000.00467 +0000.00500 +0000.00533 +0000.00567 +0000.00600 +0000.00633 +0000.00667 +0000.00700 +0000.00733 +0000.00767 +0000.00800 +0000.00833 +0000.00867 +0000.00900 +0000.00933 +0000.00967 +0000.01000 
+0000.00200 -2.2233e-04 -2.2278e-04 -2.2321e-04 -2.2360e-04 -2.2397e-04 -2.2430e-04 -2.2461e-04 -2.2488e-04 -2.2512e-04 -2.2534e-04 -2.2553e-04 -2.2569e-04 -2.2582e-04 -2.2593e-04 -2.2601e-04 -2.2607e-04 -2.2610e-04 -2.2611e-04 -2.2610e-04 -2.2607e-04 -2.2602e-04 -2.2595e-04 -2.2586e-04 -2.2576e-04 -2.2564e-04 -2.2551e-04 -2.2537e-04 -2.2522e-04 -2.2505e-04 -2.2488e-04 -2.2471e-04 -2.2453e-04 -2.2435e-04 -2.2416e-04 -2.2398e-04 -2.2381e-04 -2.2363e-04 -2.2347e-04 -2.2331e-04 -2.2316e-04 -2.2303e-04 -2.2291e-04 -2.2281e-04 -2.2273e-04 -2.2267e-04 -2.2264e-04 -2.2263e-04 -2.2266e-04 -2.2271e-04 -2.2280e-04 -2.2293e-04 -2.2310e-04 -2.2331e-04 -2.2356e-04 -2.2387e-04 -2.2423e-04 -2.2464e-04 -2.2511e-04 -2.2564e-04 -2.2623e-04 -2.2689e-04 
+0000.00150 -1.4426e-04 -1.4467e-04 -1.4503e-04 -1.4537e-04 -1.4567e-04 -1.4594e-04 -1.4618e-04 -1.4639e-04 -1.4657e-04 -1.4673e-04 -1.4686e-04 -1.4698e-04 -1.4706e-04 -1.4713e-04 -1.4718e-04 -1.4721e-04 -1.4722e-04 -1.4722e-04 -1.4720e-04 -1.4717e-04 -1.4713e-04 -1.4708e-04 -1.4701e-04 -1.4694e-04 -1.4686e-04 -1.4678e-04 -1.4669e-04 -1.4659e-04 -1.4649e-04 -1.4639e-04 -1.4629e-04 -1.4620e-04 -1.4610e-04 -1.4600e-04 -1.4591e-04 -1.4582e-04 -1.4574e-04 -1.4567e-04 -1.4560e-04 -1.4555e-04 -1.4550e-04 -1.4546e-04 -1.4544e-04 -1.4543e-04 -1.4543e-04 -1.4545e-04 -1.4548e-04 -1.4553e-04 -1.4560e-04 -1.4569e-04 -1.4579e-04 -1.4592e-04 -1.4607e-04 -1.4624e-04 -1.4643e-04 -1.4665e-04 -1.4689e-04 -1.4716e-04 -1.4746e-04 -1.4778e-04 -1.4813e-04 
+0000.00100 -8.7045e-05 -8.7333e-05 -8.7596e-05 -8.7834e-05 -8.8047e-05 -8.8238e-05 -8.8407e-05 -8.8556e-05 -8.8685e-05 -8.8795e-05 -8.8887e-05 -8.8963e-05 -8.9024e-05 -8.9069e-05 -8.9101e-05 -8.9121e-05 -8.9128e-05 -8.9125e-05 -8.9112e-05 -8.9089e-05 -8.9059e-05 -8.9021e-05 -8.8977e-05 -8.8928e-05 -8.8873e-05 -8.8815e-05 -8.8754e-05 -8.8690e-05 -8.8625e-05 -8.8560e-05 -8.8494e-05 -8.8429e-05 -8.8366e-05 -8.8305e-05 -8.8247e-05 -8.8193e-05 -8.8143e-05 -8.8098e-05 -8.8058e-05 -8.8025e-05 -8.7999e-05 -8.7981e-05 -8.7971e-05 -8.7969e-05 -8.7977e-05 -8.7995e-05 -8.8023e-05 -8.8063e-05 -8.8114e-05 -8.8177e-05 -8.8253e-05 -8.8342e-05 -8.8444e-05 -8.8560e-05 -8.8691e-05 -8.8837e-05 -8.8999e-05 -8.9176e-05 -8.9369e-05 -8.9579e-05 -8.9805e-05 
+0000.00050 -4.0999e-05 -4.1146e-05 -4.1281e-05 -4.1402e-05 -4.1511e-05 -4.1609e-05 -4.1695e-05 -4.1771e-05 -4.1837e-05 -4.1893e-05 -4.1941e-05 -4.1979e-05 -4.2010e-05 -4.2034e-05 -4.2050e-05 -4.2060e-05 -4.2064e-05 -4.2063e-05 -4.2056e-05 -4.2045e-05 -4.2030e-05 -4.2011e-05 -4.1989e-05 -4.1964e-05 -4.1937e-05 -4.1908e-05 -4.1878e-05 -4.1846e-05 -4.1814e-05 -4.1781e-05 -4.1748e-05 -4.1716e-05 -4.1685e-05 -4.1654e-05 -4.1626e-05 -4.1599e-05 -4.1575e-05 -4.1553e-05 -4.1534e-05 -4.1518e-05 -4.1506e-05 -4.1497e-05 -4.1493e-05 -4.1493e-05 -4.1498e-05 -4.1508e-05 -4.1523e-05 -4.1544e-05 -4.1570e-05 -4.1603e-05 -4.1642e-05 -4.1687e-05 -4.1739e-05 -4.1798e-05 -4.1865e-05 -4.1938e-05 -4.2020e-05 -4.2109e-05 -4.2206e-05 -4.2312e-05 -4.2425e-05 
+0000.00000 +3.0570e-09 +2.7270e-09 +2.4220e-09 +2.1410e-09 +1.8840e-09 +1.6500e-09 +1.4350e-09 +1.2410e-09 +1.0640e-09 +9.0500e-10 +7.6200e-10 +6.3400e-10 +5.2000e-10 +4.1900e-10 +3.3000e-10 +2.5200e-10 +1.8500e-10 +1.2800e-10 +8.0000e-11 +4.0000e-11 +8.0000e-12 -1.7000e-11 -3.6000e-11 -4.8000e-11 -5.5000e-11 -5.7000e-11 -5.4000e-11 -4.7000e-11 -3.5000e-11 -1.9000e-11 +0.0000e+00 +2.3000e-11 +5.0000e-11 +8.0000e-11 +1.1400e-10 +1.5100e-10 +1.9200e-10 +2.3600e-10 +2.8500e-10 +3.3700e-10 +3.9400e-10 +4.5600e-10 +5.2300e-10 +5.9500e-10 +6.7300e-10 +7.5800e-10 +8.4900e-10 +9.4800e-10 +1.0550e-09 +1.1710e-09 +1.2970e-09 +1.4330e-09 +1.5800e-09 +1.7390e-09 +1.9100e-09 +2.0960e-09 +2.2960e-09 +2.5120e-09 +2.7450e-09 +2.9960e-09 +3.2670e-09 
-0000.00050 +4.1004e-05 +4.1151e-05 +4.1285e-05 +4.1406e-05 +4.1514e-05 +4.1612e-05 +4.1698e-05 +4.1773e-05 +4.1838e-05 +4.1894e-05 +4.1941e-05 +4.1980e-05 +4.2011e-05 +4.2034e-05 +4.2050e-05 +4.2060e-05 +4.2064e-05 +4.2062e-05 +4.2056e-05 +4.2044e-05 +4.2029e-05 +4.2010e-05 +4.1988e-05 +4.1964e-05 +4.1936e-05 +4.1907e-05 +4.1877e-05 +4.1845e-05 +4.1813e-05 +4.1780e-05 +4.1747e-05 +4.1715e-05 +4.1684e-05 +4.1654e-05 +4.1625e-05 +4.1599e-05 +4.1574e-05 +4.1552e-05 +4.1533e-05 +4.1518e-05 +4.1505e-05 +4.1497e-05 +4.1493e-05 +4.1493e-05 +4.1498e-05 +4.1508e-05 +4.1524e-05 +4.1545e-05 +4.1571e-05 +4.1604e-05 +4.1643e-05 +4.1689e-05 +4.1741e-05 +4.1801e-05 +4.1868e-05 +4.1942e-05 +4.2024e-05 +4.2113e-05 +4.2211e-05 +4.2317e-05 +4.2431e-05 
-0000.00100 +8.7049e-05 +8.7337e-05 +8.7599e-05 +8.7837e-05 +8.8050e-05 +8.8240e-05 +8.8409e-05 +8.8557e-05 +8.8686e-05 +8.8795e-05 +8.8888e-05 +8.8963e-05 +8.9023e-05 +8.9069e-05 +8.9101e-05 +8.9120e-05 +8.9127e-05 +8.9124e-05 +8.9111e-05 +8.9088e-05 +8.9058e-05 +8.9020e-05 +8.8976e-05 +8.8927e-05 +8.8872e-05 +8.8814e-05 +8.8753e-05 +8.8689e-05 +8.8624e-05 +8.8559e-05 +8.8493e-05 +8.8428e-05 +8.8365e-05 +8.8304e-05 +8.8246e-05 +8.8192e-05 +8.8142e-05 +8.8097e-05 +8.8058e-05 +8.8025e-05 +8.7999e-05 +8.7981e-05 +8.7971e-05 +8.7970e-05 +8.7978e-05 +8.7996e-05 +8.8024e-05 +8.8064e-05 +8.8115e-05 +8.8179e-05 +8.8255e-05 +8.8344e-05 +8.8446e-05 +8.8563e-05 +8.8694e-05 +8.8841e-05 +8.9002e-05 +8.9180e-05 +8.9373e-05 +8.9583e-05 +8.9811e-05 
-0000.00150 +1.4427e-04 +1.4467e-04 +1.4504e-04 +1.4537e-04 +1.4567e-04 +1.4594e-04 +1.4618e-04 +1.4639e-04 +1.4658e-04 +1.4673e-04 +1.4687e-04 +1.4698e-04 +1.4707e-04 +1.4713e-04 +1.4718e-04 +1.4721e-04 +1.4723e-04 +1.4722e-04 +1.4721e-04 +1.4718e-04 +1.4713e-04 +1.4708e-04 +1.4702e-04 +1.4694e-04 +1.4686e-04 +1.4678e-04 +1.4669e-04 +1.4659e-04 +1.4650e-04 +1.4640e-04 +1.4630e-04 +1.4620e-04 +1.4610e-04 +1.4600e-04 +1.4591e-04 +1.4583e-04 +1.4574e-04 +1.4567e-04 +1.4560e-04 +1.4555e-04 +1.4550e-04 +1.4546e-04 +1.4544e-04 +1.4543e-04 +1.4543e-04 +1.4545e-04 +1.4548e-04 +1.4553e-04 +1.4560e-04 +1.4569e-04 +1.4580e-04 +1.4592e-04 +1.4607e-04 +1.4624e-04 +1.4644e-04 +1.4666e-04 +1.4690e-04 +1.4717e-04 +1.4747e-04 +1.4779e-04 +1.4814e-04 
-0000.00200 +2.2233e-04 +2.2279e-04 +2.2321e-04 +2.2361e-04 +2.2397e-04 +2.2431e-04 +2.2461e-04 +2.2488e-04 +2.2513e-04 +2.2534e-04 +2.2553e-04 +2.2569e-04 +2.2583e-04 +2.2593e-04 +2.2601e-04 +2.2607e-04 +2.2610e-04 +2.2612e-04 +2.2610e-04 +2.2607e-04 +2.2602e-04 +2.2595e-04 +2.2586e-04 +2.2576e-04 +2.2564e-04 +2.2551e-04 +2.2537e-04 +2.2522e-04 +2.2505e-04 +2.2488e-04 +2.2471e-04 +2.2453e-04 +2.2435e-04 +2.2417e-04 +2.2398e-04 +2.2381e-04 +2.2363e-04 +2.2347e-04 +2.2331e-04 +2.2316e-04 +2.2303e-04 +2.2291e-04 +2.2281e-04 +2.2273e-04 +2.2267e-04 +2.2264e-04 +2.2263e-04 +2.2266e-04 +2.2271e-04 +2.2280e-04 +2.2293e-04 +2.2310e-04 +2.2331e-04 +2.2357e-04 +2.2387e-04 +2.2423e-04 +2.2464e-04 +2.2511e-04 +2.2564e-04 +2.2623e-04 +2.2689e-04 
# Horizontal Final Position [m]
START
            -0000.01000 -0000.00967 -0000.00933 -0000.00900 -0000.00867 -0000.00833 -0000.00800 -0000.00767 -0000.00733 -0000.00700 -0000.00667 -0000.00633 -0000.00600 -0000.00567 -0000.00533 -0000.00500 -0000.00467 -0000.00433 -0000.00400 -0000.00367 -0000.00333 -0000.00300 -0000.00267 -0000.00233 -0000.00200 -0000.00167 -0000.00133 -0000.00100 -0000.00067 -0000.00033 +0000.00000 +0000.00033 +0000.00067 +0000.00100 +0000.00133 +0000.00167 +0000.00200 +0000.00233 +0000.00267 +0000.00300 +0000.00333 +0000.00367 +0000.00400 +0000.00433 +0000.00467 +0000.00500 +0000.00533 +0000.00567 +0000.00600 +0000.00633 +0000.00667 +0000.00700 +0000.00733 +0000.00767 +0000.00800 +0000.00833 +0000.00867 +0000.00900 +0000.00933 +0000.00967 +0000.01000 
+0000.00200 -9.9993e-03 -9.6660e-03 -9.3327e-03 -8.9994e-03 -8.6661e-03 -8.3328e-03 -7.9995e-03 -7.6662e-03 -7.3329e-03 -6.9996e-03 -6.6663e-03 -6.3330e-03 -5.9996e-03 -5.6663e-03 -5.3330e-03 -4.9997e-03 -4.6663e-03 -4.3330e-03 -3.9997e-03 -3.6664e-03 -3.3330e-03 -2.9997e-03 -2.6664e-03 -2.3330e-03 -1.9997e-03 -1.6664e-03 -1.3330e-03 -9.9972e-04 -6.6638e-04 -3.3305e-04 +2.7959e-07 +3.3361e-04 +6.6694e-04 +1.0003e-03 +1.3336e-03 +1.6669e-03 +2.0003e-03 +2.3336e-03 +2.6669e-03 +3.0003e-03 +3.3336e-03 +3.6670e-03 +4.0003e-03 +4.3336e-03 +4.6670e-03 +5.0003e-03 +5.3337e-03 +5.6670e-03 +6.0004e-03 +6.3337e-03 +6.6671e-03 +7.0004e-03 +7.3338e-03 +7.6671e-03 +8.0005e-03 +8.3339e-03 +8.6673e-03 +9.0006e-03 +9.3340e-03 +9.6674e-03 +1.0001e-02 
+0000.00150 -9.9998e-03 -9.6665e-03 -9.3331e-03 -8.9998e-03 -8.6664e-03 -8.3331e-03 -7.9998e-03 -7.6664e-03 -7.3331e-03 -6.9998e-03 -6.6665e-03 -6.3332e-03 -5.9998e-03 -5.6665e-03 -5.3332e-03 -4.9999e-03 -4.6666e-03 -4.3332e-03 -3.9999e-03 -3.6666e-03 -3.3333e-03 -3.0000e-03 -2.6666e-03 -2.3333e-03 -2.0000e-03 -1.6667e-03 -1.3333e-03 -1.0000e-03 -6.6669e-04 -3.3336e-04 -2.6418e-08 +3.3331e-04 +6.6664e-04 +9.9998e-04 +1.3333e-03 +1.6667e-03 +2.0000e-03 +2.3333e-03 +2.6667e-03 +3.0000e-03 +3.3334e-03 +3.6667e-03 +4.0001e-03 +4.3334e-03 +4.6668e-03 +5.0001e-03 +5.3335e-03 +5.6668e-03 +6.0002e-03 +6.3335e-03 +6.6668e-03 +7.0002e-03 +7.3335e-03 +7.6669e-03 +8.0002e-03 +8.3335e-03 +8.6669e-03 +9.0002e-03 +9.3335e-03 +9.6668e-03 +1.0000e-02 
+0000.00100 -9.9998e-03 -9.6665e-03 -9.3331e-03 -8.9998e-03 -8.6664e-03 -8.3331e-03 -7.9998e-03 -7.6664e-03 -7.3331e-03 -6.9998e-03 -6.6665e-03 -6.3332e-03 -5.9998e-03 -5.6665e-03 -5.3332e-03 -4.9999e-03 -4.6666e-03 -4.3332e-03 -3.9999e-03 -3.6666e-03 -3.3333e-03 -3.0000e-03 -2.6666e-03 -2.3333e-03 -2.0000e-03 -1.6667e-03 -1.3333e-03 -1.0000e-03 -6.6669e-04 -3.3336e-04 -2.5710e-08 +3.3331e-04 +6.6665e-04 +9.9998e-04 +1.3333e-03 +1.6667e-03 +2.0000e-03 +2.3333e-03 +2.6667e-03 +3.0000e-03 +3.3334e-03 +3.6667e-03 +4.0001e-03 +4.3334e-03 +4.6668e-03 +5.0001e-03 +5.3335e-03 +5.6668e-03 +6.0002e-03 +6.3335e-03 +6.6668e-03 +7.0002e-03 +7.3335e-03 +7.6669e-03 +8.0002e-03 +8.3335e-03 +8.6668e-03 +9.0002e-03 +9.3335e-03 +9.6668e-03 +1.0000e-02 
+0000.00050 -9.9998e-03 -9.6665e-03 -9.3331e-03 -8.9998e-03 -8.6664e-03 -8.3331e-03 -7.9998e-03 -7.6664e-03 -7.3331e-03 -6.9998e-03 -6.6665e-03 -6.3332e-03 -5.9998e-03 -5.6665e-03 -5.3332e-03 -4.9999e-03 -4.6666e-03 -4.3332e-03 -3.9999e-03 -3.6666e-03 -3.3333e-03 -3.0000e-03 -2.6666e-03 -2.3333e-03 -2.0000e-03 -1.6667e-03 -1.3333e-03 -1.0000e-03 -6.6669e-04 -3.3336e-04 -2.5443e-08 +3.3331e-04 +6.6665e-04 +9.9998e-04 +1.3333e-03 +1.6667e-03 +2.0000e-03 +2.3333e-03 +2.6667e-03 +3.0000e-03 +3.3334e-03 +3.6667e-03 +4.0001e-03 +4.3334e-03 +4.6668e-03 +5.0001e-03 +5.3335e-03 +5.6668e-03 +6.0002e-03 +6.3335e-03 +6.6668e-03 +7.0002e-03 +7.3335e-03 +7.6669e-03 +8.0002e-03 +8.3335e-03 +8.6668e-03 +9.0002e-03 +9.3335e-03 +9.6668e-03 +1.0000e-02 
+0000.00000 -9.9998e-03 -9.6665e-03 -9.3331e-03 -8.9998e-03 -8.6664e-03 -8.3331e-03 -7.9998e-03 -7.6664e-03 -7.3331e-03 -6.9998e-03 -6.6665e-03 -6.3332e-03 -5.9998e-03 -5.6665e-03 -5.3332e-03 -4.9999e-03 -4.6666e-03 -4.3332e-03 -3.9999e-03 -3.6666e-03 -3.3333e-03 -3.0000e-03 -2.6666e-03 -2.3333e-03 -2.0000e-03 -1.6667e-03 -1.3333e-03 -1.0000e-03 -6.6669e-04 -3.3336e-04 -2.5374e-08 +3.3331e-04 +6.6665e-04 +9.9998e-04 +1.3333e-03 +1.6667e-03 +2.0000e-03 +2.3333e-03 +2.6667e-03 +3.0000e-03 +3.3334e-03 +3.6667e-03 +4.0001e-03 +4.3334e-03 +4.6668e-03 +5.0001e-03 +5.3335e-03 +5.6668e-03 +6.0002e-03 +6.3335e-03 +6.6668e-03 +7.0002e-03 +7.3335e-03 +7.6669e-03 +8.0002e-03 +8.3335e-03 +8.6668e-03 +9.0002e-03 +9.3335e-03 +9.6668e-03 +1.0000e-02 
-0000.00050 -9.9998e-03 -9.6665e-03 -9.3331e-03 -8.9998e-03 -8.6664e-03 -8.3331e-03 -7.9998e-03 -7.6664e-03 -7.3331e-03 -6.9998e-03 -6.6665e-03 -6.3332e-03 -5.9998e-03 -5.6665e-03 -5.3332e-03 -4.9999e-03 -4.6666e-03 -4.3332e-03 -3.9999e-03 -3.6666e-03 -3.3333e-03 -3.0000e-03 -2.6666e-03 -2.3333e-03 -2.0000e-03 -1.6667e-03 -1.3333e-03 -1.0000e-03 -6.6669e-04 -3.3336e-04 -2.5443e-08 +3.3331e-04 +6.6665e-04 +9.9998e-04 +1.3333e-03 +1.6667e-03 +2.0000e-03 +2.3333e-03 +2.6667e-03 +3.0000e-03 +3.3334e-03 +3.6667e-03 +4.0001e-03 +4.3334e-03 +4.6668e-03 +5.0001e-03 +5.3335e-03 +5.6668e-03 +6.0002e-03 +6.3335e-03 +6.6668e-03 +7.0002e-03 +7.3335e-03 +7.6669e-03 +8.0002e-03 +8.3335e-03 +8.6668e-03 +9.0002e-03 +9.3335e-03 +9.6668e-03 +1.0000e-02 
-0000.00100 -9.9998e-03 -9.6665e-03 -9.3331e-03 -8.9998e-03 -8.6664e-03 -8.3331e-03 -7.9998e-03 -7.6664e-03 -7.3331e-03 -6.9998e-03 -6.6665e-03 -6.3332e-03 -5.9998e-03 -5.6665e-03 -5.3332e-03 -4.9999e-03 -4.6666e-03 -4.3332e-03 -3.9999e-03 -3.6666e-03 -3.3333e-03 -3.0000e-03 -2.6666e-03 -2.3333e-03 -2.0000e-03 -1.6667e-03 -1.3333e-03 -1.0000e-03 -6.6669e-04 -3.3336e-04 -2.5710e-08 +3.3331e-04 +6.6665e-04 +9.9998e-04 +1.3333e-03 +1.6667e-03 +2.0000e-03 +2.3333e-03 +2.6667e-03 +3.0000e-03 +3.3334e-03 +3.6667e-03 +4.0001e-03 +4.3334e-03 +4.6668e-03 +5.0001e-03 +5.3335e-03 +5.6668e-03 +6.0002e-03 +6.3335e-03 +6.6668e-03 +7.0002e-03 +7.3335e-03 +7.6669e-03 +8.0002e-03 +8.3335e-03 +8.6668e-03 +9.0002e-03 +9.3335e-03 +9.6668e-03 +1.0000e-02 
-0000.00150 -9.9998e-03 -9.6665e-03 -9.3331e-03 -8.9998e-03 -8.6664e-03 -8.3331e-03 -7.9998e-03 -7.6664e-03 -7.3331e-03 -6.9998e-03 -6.6665e-03 -6.3332e-03 -5.9998e-03 -5.6665e-03 -5.3332e-03 -4.9999e-03 -4.6666e-03 -4.3332e-03 -3.9999e-03 -3.6666e-03 -3.3333e-03 -3.0000e-03 -2.6666e-03 -2.3333e-03 -2.0000e-03 -1.6667e-03 -1.3333e-03 -1.0000e-03 -6.6669e-04 -3.3336e-04 -2.6418e-08 +3.3331e-04 +6.6664e-04 +9.9998e-04 +1.3333e-03 +1.6667e-03 +2.0000e-03 +2.3333e-03 +2.6667e-03 +3.0000e-03 +3.3334e-03 +3.6667e-03 +4.0001e-03 +4.3334e-03 +4.6668e-03 +5.0001e-03 +5.3335e-03 +5.6668e-03 +6.0002e-03 +6.3335e-03 +6.6668e-03 +7.0002e-03 +7.3335e-03 +7.6669e-03 +8.0002e-03 +8.3335e-03 +8.6669e-03 +9.0002e-03 +9.3335e-03 +9.6668e-03 +1.0000e-02 
-0000.00200 -9.9993e-03 -9.6660e-03 -9.3327e-03 -8.9994e-03 -8.6661e-03 -8.3328e-03 -7.9995e-03 -7.6662e-03 -7.3329e-03 -6.9996e-03 -6.6663e-03 -6.3330e-03 -5.9996e-03 -5.6663e-03 -5.3330e-03 -4.9997e-03 -4.6663e-03 -4.3330e-03 -3.9997e-03 -3.6664e-03 -3.3330e-03 -2.9997e-03 -2.6664e-03 -2.3330e-03 -1.9997e-03 -1.6664e-03 -1.3330e-03 -9.9972e-04 -6.6638e-04 -3.3305e-04 +2.7959e-07 +3.3361e-04 +6.6694e-04 +1.0003e-03 +1.3336e-03 +1.6669e-03 +2.0003e-03 +2.3336e-03 +2.6669e-03 +3.0003e-03 +3.3336e-03 +3.6670e-03 +4.0003e-03 +4.3336e-03 +4.6670e-03 +5.0003e-03 +5.3337e-03 +5.6670e-03 +6.0004e-03 +6.3337e-03 +6.6671e-03 +7.0004e-03 +7.3338e-03 +7.6671e-03 +8.0005e-03 +8.3339e-03 +8.6673e-03 +9.0006e-03 +9.3340e-03 +9.6674e-03 +1.0001e-02 
# Vertical Final Position [m]
START
            -0000.01000 -0000.00967 -0000.00933 -0000.00900 -0000.00867 -0000.00833 -0000.00800 -0000.00767 -0000.00733 -0000.00700 -0000.00667 -0000.00633 -0000.00600 -0000.00567 -0000.00533 -0000.00500 -0000.00467 -0000.00433 -0000.00400 -0000.00367 -0000.00333 -0000.00300 -0000.00267 -0000.00233 -0000.00200 -0000.00167 -0000.00133 -0000.00100 -0000.00067 -0000.00033 +0000.00000 +0000.00033 +0000.00067 +0000.00100 +0000.00133 +0000.00167 +0000.00200 +0000.00233 +0000.00267 +0000.00300 +0000.00333 +0000.00367 +0000.00400 +0000.00433 +0000.00467 +0000.00500 +0000.00533 +0000.00567 +0000.00600 +0000.00633 +0000.00667 +0000.00700 +0000.00733 +0000.00767 +0000.00800 +0000.00833 +0000.00867 +0000.00900 +0000.00933 +0000.00967 +0000.01000 
+0000.00200 +1.9999e-03 +1.9999e-03 +1.9999e-03 +1.9999e-03 +1.9999e-03 +1.9999e-03 +1.9999e-03 +1.9999e-03 +1.9999e-03 +1.9999e-03 +1.9999e-03 +1.9999e-03 +1.9999e-03 +1.9999e-03 +1.9999e-03 +1.9999e-03 +1.9999e-03 +1.9999e-03 +1.9998e-03 +1.9998e-03 +1.9998e-03 +1.9998e-03 +1.9998e-03 +1.9998e-03 +1.9998e-03 +1.9998e-03 +1.9998e-03 +1.9998e-03 +1.9998e-03 +1.9998e-03 +1.9998e-03 +1.9998e-03 +1.9998e-03 +1.9998e-03 +1.9998e-03 +1.9998e-03 +1.9998e-03 +1.9998e-03 +1.9998e-03 +1.9998e-03 +1.9998e-03 +1.9998e-03 +1.9998e-03 +1.9997e-03 +1.9997e-03 +1.9997e-03 +1.9997e-03 +1.9997e-03 +1.9997e-03 +1.9997e-03 +1.9997e-03 +1.9997e-03 +1.9997e-03 +1.9997e-03 +1.9997e-03 +1.9997e-03 +1.9997e-03 +1.9996e-03 +1.9996e-03 +1.9996e-03 +1.9996e-03 
+0000.00150 +1.5000e-03 +1.5000e-03 +1.4999e-03 +1.4999e-03 +1.4999e-03 +1.4999e-03 +1.4999e-03 +1.4999e-03 +1.4999e-03 +1.4999e-03 +1.4999e-03 +1.4999e-03 +1.4999e-03 +1.4999e-03 +1.4999e-03 +1.4999e-03 +1.4999e-03 +1.4999e-03 +1.4999e-03 +1.4999e-03 +1.4999e-03 +1.4999e-03 +1.4999e-03 +1.4999e-03 +1.4999e-03 +1.4999e-03 +1.4999e-03 +1.4999e-03 +1.4999e-03 +1.4999e-03 +1.4999e-03 +1.4999e-03 +1.4999e-03 +1.4998e-03 +1.4998e-03 +1.4998e-03 +1.4998e-03 +1.4998e-03 +1.4998e-03 +1.4998e-03 +1.4998e-03 +1.4998e-03 +1.4998e-03 +1.4998e-03 +1.4998e-03 +1.4998e-03 +1.4998e-03 +1.4998e-03 +1.4998e-03 +1.4998e-03 +1.4998e-03 +1.4998e-03 +1.4998e-03 +1.4998e-03 +1.4998e-03 +1.4998e-03 +1.4998e-03 +1.4998e-03 +1.4997e-03 +1.4997e-03 +1.4997e-03 
+0000.00100 +9.9998e-04 +9.9998e-04 +9.9997e-04 +9.9997e-04 +9.9997e-04 +9.9997e-04 +9.9996e-04 +9.9996e-04 +9.9996e-04 +9.9996e-04 +9.9995e-04 +9.9995e-04 +9.9995e-04 +9.9995e-04 +9.9994e-04 +9.9994e-04 +9.9994e-04 +9.9994e-04 +9.9993e-04 +9.9993e-04 +9.9993e-04 +9.9993e-04 +9.9993e-04 +9.9992e-04 +9.9992e-04 +9.9992e-04 +9.9992e-04 +9.9992e-04 +9.9991e-04 +9.9991e-04 +9.9991e-04 +9.9991e-04 +9.9991e-04 +9.9990e-04 +9.9990e-04 +9.9990e-04 +9.9990e-04 +9.9990e-04 +9.9990e-04 +9.9989e-04 +9.9989e-04 +9.9989e-04 +9.9989e-04 +9.9989e-04 +9.9988e-04 +9.9988e-04 +9.9988e-04 +9.9988e-04 +9.9987e-04 +9.9987e-04 +9.9987e-04 +9.9987e-04 +9.9987e-04 +9.9986e-04 +9.9986e-04 +9.9986e-04 +9.9985e-04 +9.9985e-04 +9.9985e-04 +9.9984e-04 +9.9984e-04 
+0000.00050 +4.9999e-04 +4.9999e-04 +4.9999e-04 +4.9999e-04 +4.9999e-04 +4.9999e-04 +4.9998e-04 +4.9998e-04 +4.9998e-04 +4.9998e-04 +4.9998e-04 +4.9998e-04 +4.9998e-04 +4.9998e-04 +4.9997e-04 +4.9997e-04 +4.9997e-04 +4.9997e-04 +4.9997e-04 +4.9997e-04 +4.9997e-04 +4.9997e-04 +4.9997e-04 +4.9996e-04 +4.9996e-04 +4.9996e-04 +4.9996e-04 +4.9996e-04 +4.9996e-04 +4.9996e-04 +4.9996e-04 +4.9996e-04 +4.9996e-04 +4.9995e-04 +4.9995e-04 +4.9995e-04 +4.9995e-04 +4.9995e-04 +4.9995e-04 +4.9995e-04 +4.9995e-04 +4.9995e-04 +4.9995e-04 +4.9995e-04 +4.9994e-04 +4.9994e-04 +4.9994e-04 +4.9994e-04 +4.9994e-04 +4.9994e-04 +4.9994e-04 +4.9994e-04 +4.9994e-04 +4.9993e-04 +4.9993e-04 +4.9993e-04 +4.9993e-04 +4.9993e-04 +4.9993e-04 +4.9993e-04 +4.9992e-04 
+0000.00000 -4.1488e-11 -4.2151e-11 -4.2772e-11 -4.3352e-11 -4.3893e-11 -4.4397e-11 -4.4866e-11 -4.5302e-11 -4.5705e-11 -4.6078e-11 -4.6422e-11 -4.6739e-11 -4.7030e-11 -4.7295e-11 -4.7538e-11 -4.7758e-11 -4.7956e-11 -4.8135e-11 -4.8294e-11 -4.8435e-11 -4.8559e-11 -4.8666e-11 -4.8757e-11 -4.8833e-11 -4.8894e-11 -4.8941e-11 -4.8975e-11 -4.8996e-11 -4.9004e-11 -4.8999e-11 -4.8983e-11 -4.8954e-11 -4.8914e-11 -4.8861e-11 -4.8797e-11 -4.8720e-11 -4.8632e-11 -4.8531e-11 -4.8418e-11 -4.8291e-11 -4.8152e-11 -4.7998e-11 -4.7831e-11 -4.7648e-11 -4.7450e-11 -4.7236e-11 -4.7005e-11 -4.6756e-11 -4.6488e-11 -4.6200e-11 -4.5892e-11 -4.5562e-11 -4.5209e-11 -4.4832e-11 -4.4430e-11 -4.4000e-11 -4.3543e-11 -4.3056e-11 -4.2538e-11 -4.1986e-11 -4.1401e-11 
-0000.00050 -4.9999e-04 -4.9999e-04 -4.9999e-04 -4.9999e-04 -4.9999e-04 -4.9999e-04 -4.9998e-04 -4.9998e-04 -4.9998e-04 -4.9998e-04 -4.9998e-04 -4.9998e-04 -4.9998e-04 -4.9998e-04 -4.9997e-04 -4.9997e-04 -4.9997e-04 -4.9997e-04 -4.9997e-04 -4.9997e-04 -4.9997e-04 -4.9997e-04 -4.9997e-04 -4.9996e-04 -4.9996e-04 -4.9996e-04 -4.9996e-04 -4.9996e-04 -4.9996e-04 -4.9996e-04 -4.9996e-04 -4.9996e-04 -4.9996e-04 -4.9995e-04 -4.9995e-04 -4.9995e-04 -4.9995e-04 -4.9995e-04 -4.9995e-04 -4.9995e-04 -4.9995e-04 -4.9995e-04 -4.9995e-04 -4.9995e-04 -4.9994e-04 -4.9994e-04 -4.9994e-04 -4.9994e-04 -4.9994e-04 -4.9994e-04 -4.9994e-04 -4.9994e-04 -4.9994e-04 -4.9993e-04 -4.9993e-04 -4.9993e-04 -4.9993e-04 -4.9993e-04 -4.9993e-04 -4.9993e-04 -4.9992e-04 
-0000.00100 -9.9998e-04 -9.9998e-04 -9.9997e-04 -9.9997e-04 -9.9997e-04 -9.9997e-04 -9.9996e-04 -9.9996e-04 -9.9996e-04 -9.9996e-04 -9.9995e-04 -9.9995e-04 -9.9995e-04 -9.9995e-04 -9.9994e-04 -9.9994e-04 -9.9994e-04 -9.9994e-04 -9.9993e-04 -9.9993e-04 -9.9993e-04 -9.9993e-04 -9.9993e-04 -9.9992e-04 -9.9992e-04 -9.9992e-04 -9.9992e-04 -9.9992e-04 -9.9991e-04 -9.9991e-04 -9.9991e-04 -9.9991e-04 -9.9991e-04 -9.9990e-04 -9.9990e-04 -9.9990e-04 -9.9990e-04 -9.9990e-04 -9.9990e-04 -9.9989e-04 -9.9989e-04 -9.9989e-04 -9.9989e-04 -9.9989e-04 -9.9988e-04 -9.9988e-04 -9.9988e-04 -9.9988e-04 -9.9987e-04 -9.9987e-04 -9.9987e-04 -9.9987e-04 -9.9987e-04 -9.9986e-04 -9.9986e-04 -9.9986e-04 -9.9985e-04 -9.9985e-04 -9.9985e-04 -9.9984e-04 -9.9984e-04 
-0000.00150 -1.5000e-03 -1.5000e-03 -1.4999e-03 -1.4999e-03 -1.4999e-03 -1.4999e-03 -1.4999e-03 -1.4999e-03 -1.4999e-03 -1.4999e-03 -1.4999e-03 -1.4999e-03 -1.4999e-03 -1.4999e-03 -1.4999e-03 -1.4999e-03 -1.4999e-03 -1.4999e-03 -1.4999e-03 -1.4999e-03 -1.4999e-03 -1.4999e-03 -1.4999e-03 -1.4999e-03 -1.4999e-03 -1.4999e-03 -1.4999e-03 -1.4999e-03 -1.4999e-03 -1.4999e-03 -1.4999e-03 -1.4999e-03 -1.4999e-03 -1.4998e-03 -1.4998e-03 -1.4998e-03 -1.4998e-03 -1.4998e-03 -1.4998e-03 -1.4998e-03 -1.4998e-03 -1.4998e-03 -1.4998e-03 -1.4998e-03 -1.4998e-03 -1.4998e-03 -1.4998e-03 -1.4998e-03 -1.4998e-03 -1.4998e-03 -1.4998e-03 -1.4998e-03 -1.4998e-03 -1.4998e-03 -1.4998e-03 -1.4998e-03 -1.4998e-03 -1.4998e-03 -1.4997e-03 -1.4997e-03 -1.4997e-03 
-0000.00200 -1.9999e-03 -1.9999e-03 -1.9999e-03 -1.9999e-03 -1.9999e-03 -1.9999e-03 -1.9999e-03 -1.9999e-03 -1.9999e-03 -1.9999e-03 -1.9999e-03 -1.9999e-03 -1.9999e-03 -1.9999e-03 -1.9999e-03 -1.9999e-03 -1.9999e-03 -1.9999e-03 -1.9998e-03 -1.9998e-03 -1.9998e-03 -1.9998e-03 -1.9998e-03 -1.9998e-03 -1.9998e-03 -1.9998e-03 -1.9998e-03 -1.9998e-03 -1.9998e-03 -1.9998e-03 -1.9998e-03 -1.9998e-03 -1.9998e-03 -1.9998e-03 -1.9998e-03 -1.9998e-03 -1.9998e-03 -1.9998e-03 -1.9998e-03 -1.9998e-03 -1.9998e-03 -1.9998e-03 -1.9998e-03 -1.9997e-03 -1.9997e-03 -1.9997e-03 -1.9997e-03 -1.9997e-03 -1.9997e-03 -1.9997e-03 -1.9997e-03 -1.9997e-03 -1.9997e-03 -1.9997e-03 -1.9997e-03 -1.9997e-03 -1.9997e-03 -1.9996e-03 -1.9996e-03 -1.9996e-03 -1.9996e-03 