# Author: FAC idanalysis.IDKickMap
# Termination_kicks [T2m2]: +0.0000e+00 +0.0000e+00 +0.0000e+00 +0.0000e+00 
# Total Length of Longitudinal Interval [m]
0.13
# Number of Horizontal Points
61
# Number of Vertical Points
9
# Total Horizontal 2nd Order Kick [T2m2]
START
            -0000.01000 -0000.00967 -0000.00933 -0000.00900 -0000.00867 -0000.00833 -0000.00800 -0000.00767 -0000.00733 -0000.00700 -0000.00667 -0000.00633 -0000.00600 -0000.00567 -0000.00533 -0000.00500 -0000.00467 -0000.00433 -0000.00400 -0000.00367 -0000.00333 -0000.00300 -0000.00267 -0000.00233 -0000.00200 -0000.00167 -0000.00133 -0000.00100 -0000.00067 -0000.00033 +0000.00000 +0000.00033 +0000.00067 +0000.00100 +0000.00133 +0000.00167 +0000.00200 +0000.00233 +0000.00267 +0000.00300 +0000.00333 +0000.00367 +0000.00400 +0000.00433 +0000.00467 +0000.00500 +0000.00533 +0000.00567 +0000.00600 +0000.00633 +0000.00667 +0000.00700 +0000.00733 +0000.00767 +0000.00800 +0000.00833 +0000.00867 +0000.00900 +0000.00933 +0000.00967 +0000.01000 
+0000.00200 +4.3830e-05 +4.2860e-05 +4.1900e-05 +4.0960e-05 +4.0040e-05 +3.9130e-05 +3.8260e-05 +3.7400e-05 +3.6570e-05 +3.5770e-05 +3.4990e-05 +3.4250e-05 +3.3540e-05 +3.2850e-05 +3.2210e-05 +3.1590e-05 +3.1010e-05 +3.0470e-05 +2.9960e-05 +2.9500e-05 +2.9070e-05 +2.8680e-05 +2.8330e-05 +2.8010e-05 +2.7750e-05 +2.7520e-05 +2.7330e-05 +2.7190e-05 +2.7080e-05 +2.7020e-05 +2.7000e-05 +2.7030e-05 +2.7090e-05 +2.7200e-05 +2.7350e-05 +2.7550e-05 +2.7780e-05 +2.8060e-05 +2.8370e-05 +2.8730e-05 +2.9120e-05 +2.9560e-05 +3.0030e-05 +3.0550e-05 +3.1100e-05 +3.1680e-05 +3.2300e-05 +3.2960e-05 +3.3640e-05 +3.4360e-05 +3.5120e-05 +3.5900e-05 +3.6710e-05 +3.7540e-05 +3.8400e-05 +3.9290e-05 +4.0200e-05 +4.1130e-05 +4.2080e-05 +4.3050e-05 +4.4030e-05 
+0000.00150 +1.4780e-05 +1.3830e-05 +1.2900e-05 +1.2000e-05 +1.1130e-05 +1.0280e-05 +9.4700e-06 +8.6700e-06 +7.9100e-06 +7.1800e-06 +6.4800e-06 +5.8100e-06 +5.1700e-06 +4.5600e-06 +3.9900e-06 +3.4500e-06 +2.9400e-06 +2.4600e-06 +2.0200e-06 +1.6100e-06 +1.2400e-06 +9.1000e-07 +6.0000e-07 +3.4000e-07 +1.1000e-07 -8.0000e-08 -2.4000e-07 -3.6000e-07 -4.5000e-07 -5.0000e-07 -5.1000e-07 -4.8000e-07 -4.2000e-07 -3.3000e-07 -1.9000e-07 -2.0000e-08 +1.8000e-07 +4.3000e-07 +7.0000e-07 +1.0200e-06 +1.3700e-06 +1.7500e-06 +2.1700e-06 +2.6200e-06 +3.1100e-06 +3.6300e-06 +4.1800e-06 +4.7600e-06 +5.3800e-06 +6.0300e-06 +6.7100e-06 +7.4200e-06 +8.1700e-06 +8.9400e-06 +9.7400e-06 +1.0560e-05 +1.1420e-05 +1.2300e-05 +1.3210e-05 +1.4140e-05 +1.5100e-05 
+0000.00100 +1.4780e-05 +1.3830e-05 +1.2900e-05 +1.2000e-05 +1.1130e-05 +1.0300e-05 +9.4900e-06 +8.7100e-06 +7.9600e-06 +7.2400e-06 +6.5500e-06 +5.8900e-06 +5.2700e-06 +4.6800e-06 +4.1200e-06 +3.5900e-06 +3.1000e-06 +2.6400e-06 +2.2100e-06 +1.8200e-06 +1.4600e-06 +1.1300e-06 +8.4000e-07 +5.8000e-07 +3.6000e-07 +1.8000e-07 +2.0000e-08 -9.0000e-08 -1.8000e-07 -2.2000e-07 -2.3000e-07 -2.1000e-07 -1.5000e-07 -6.0000e-08 +7.0000e-08 +2.3000e-07 +4.3000e-07 +6.6000e-07 +9.3000e-07 +1.2300e-06 +1.5600e-06 +1.9300e-06 +2.3400e-06 +2.7800e-06 +3.2500e-06 +3.7500e-06 +4.2900e-06 +4.8600e-06 +5.4600e-06 +6.1000e-06 +6.7700e-06 +7.4700e-06 +8.2000e-06 +8.9600e-06 +9.7500e-06 +1.0570e-05 +1.1420e-05 +1.2300e-05 +1.3210e-05 +1.4140e-05 +1.5110e-05 
+0000.00050 +1.4850e-05 +1.3890e-05 +1.2960e-05 +1.2070e-05 +1.1200e-05 +1.0360e-05 +9.5500e-06 +8.7800e-06 +8.0300e-06 +7.3200e-06 +6.6300e-06 +5.9800e-06 +5.3700e-06 +4.7800e-06 +4.2300e-06 +3.7100e-06 +3.2200e-06 +2.7600e-06 +2.3400e-06 +1.9600e-06 +1.6000e-06 +1.2800e-06 +1.0000e-06 +7.4000e-07 +5.3000e-07 +3.4000e-07 +1.9000e-07 +8.0000e-08 +0.0000e+00 -5.0000e-08 -6.0000e-08 -4.0000e-08 +2.0000e-08 +1.1000e-07 +2.3000e-07 +3.9000e-07 +5.8000e-07 +8.1000e-07 +1.0700e-06 +1.3700e-06 +1.7000e-06 +2.0600e-06 +2.4600e-06 +2.8900e-06 +3.3600e-06 +3.8600e-06 +4.3900e-06 +4.9500e-06 +5.5500e-06 +6.1800e-06 +6.8400e-06 +7.5300e-06 +8.2600e-06 +9.0200e-06 +9.8000e-06 +1.0620e-05 +1.1470e-05 +1.2350e-05 +1.3260e-05 +1.4210e-05 +1.5180e-05 
+0000.00000 +1.4880e-05 +1.3920e-05 +1.2990e-05 +1.2090e-05 +1.1230e-05 +1.0390e-05 +9.5800e-06 +8.8000e-06 +8.0600e-06 +7.3500e-06 +6.6700e-06 +6.0200e-06 +5.4000e-06 +4.8200e-06 +4.2700e-06 +3.7500e-06 +3.2600e-06 +2.8100e-06 +2.3900e-06 +2.0000e-06 +1.6500e-06 +1.3300e-06 +1.0500e-06 +8.0000e-07 +5.8000e-07 +4.0000e-07 +2.5000e-07 +1.3000e-07 +5.0000e-08 +1.0000e-08 +0.0000e+00 +2.0000e-08 +7.0000e-08 +1.6000e-07 +2.9000e-07 +4.5000e-07 +6.4000e-07 +8.7000e-07 +1.1300e-06 +1.4200e-06 +1.7500e-06 +2.1100e-06 +2.5100e-06 +2.9400e-06 +3.4000e-06 +3.9000e-06 +4.4300e-06 +4.9900e-06 +5.5800e-06 +6.2100e-06 +6.8700e-06 +7.5600e-06 +8.2800e-06 +9.0400e-06 +9.8300e-06 +1.0650e-05 +1.1490e-05 +1.2380e-05 +1.3290e-05 +1.4230e-05 +1.5200e-05 
-0000.00050 +1.4860e-05 +1.3900e-05 +1.2970e-05 +1.2080e-05 +1.1210e-05 +1.0370e-05 +9.5600e-06 +8.7800e-06 +8.0400e-06 +7.3200e-06 +6.6400e-06 +5.9900e-06 +5.3700e-06 +4.7800e-06 +4.2300e-06 +3.7100e-06 +3.2200e-06 +2.7700e-06 +2.3500e-06 +1.9600e-06 +1.6000e-06 +1.2800e-06 +1.0000e-06 +7.5000e-07 +5.3000e-07 +3.4000e-07 +1.9000e-07 +8.0000e-08 +0.0000e+00 -5.0000e-08 -6.0000e-08 -4.0000e-08 +2.0000e-08 +1.1000e-07 +2.3000e-07 +3.9000e-07 +5.9000e-07 +8.2000e-07 +1.0800e-06 +1.3700e-06 +1.7000e-06 +2.0700e-06 +2.4600e-06 +2.9000e-06 +3.3600e-06 +3.8600e-06 +4.3900e-06 +4.9500e-06 +5.5500e-06 +6.1800e-06 +6.8400e-06 +7.5300e-06 +8.2500e-06 +9.0100e-06 +9.8000e-06 +1.0620e-05 +1.1470e-05 +1.2350e-05 +1.3260e-05 +1.4190e-05 +1.5160e-05 
-0000.00100 +1.4800e-05 +1.3850e-05 +1.2920e-05 +1.2020e-05 +1.1150e-05 +1.0310e-05 +9.5000e-06 +8.7200e-06 +7.9600e-06 +7.2400e-06 +6.5600e-06 +5.9000e-06 +5.2700e-06 +4.6800e-06 +4.1200e-06 +3.5900e-06 +3.1000e-06 +2.6400e-06 +2.2100e-06 +1.8200e-06 +1.4600e-06 +1.1300e-06 +8.4000e-07 +5.8000e-07 +3.6000e-07 +1.8000e-07 +2.0000e-08 -9.0000e-08 -1.8000e-07 -2.2000e-07 -2.4000e-07 -2.1000e-07 -1.5000e-07 -6.0000e-08 +7.0000e-08 +2.3000e-07 +4.3000e-07 +6.6000e-07 +9.3000e-07 +1.2300e-06 +1.5600e-06 +1.9300e-06 +2.3400e-06 +2.7700e-06 +3.2400e-06 +3.7500e-06 +4.2900e-06 +4.8600e-06 +5.4600e-06 +6.0900e-06 +6.7600e-06 +7.4600e-06 +8.1800e-06 +8.9400e-06 +9.7300e-06 +1.0550e-05 +1.1400e-05 +1.2280e-05 +1.3190e-05 +1.4120e-05 +1.5080e-05 
-0000.00150 +1.4820e-05 +1.3860e-05 +1.2930e-05 +1.2030e-05 +1.1150e-05 +1.0310e-05 +9.4800e-06 +8.6900e-06 +7.9300e-06 +7.1900e-06 +6.4900e-06 +5.8200e-06 +5.1800e-06 +4.5700e-06 +3.9900e-06 +3.4500e-06 +2.9400e-06 +2.4700e-06 +2.0200e-06 +1.6200e-06 +1.2500e-06 +9.1000e-07 +6.1000e-07 +3.4000e-07 +1.1000e-07 -8.0000e-08 -2.4000e-07 -3.6000e-07 -4.4000e-07 -4.9000e-07 -5.1000e-07 -4.8000e-07 -4.2000e-07 -3.2000e-07 -1.9000e-07 -2.0000e-08 +1.9000e-07 +4.3000e-07 +7.1000e-07 +1.0200e-06 +1.3700e-06 +1.7500e-06 +2.1700e-06 +2.6200e-06 +3.1000e-06 +3.6200e-06 +4.1700e-06 +4.7600e-06 +5.3700e-06 +6.0200e-06 +6.7000e-06 +7.4100e-06 +8.1500e-06 +8.9200e-06 +9.7100e-06 +1.0540e-05 +1.1390e-05 +1.2270e-05 +1.3170e-05 +1.4100e-05 +1.5060e-05 
-0000.00200 +4.3900e-05 +4.2920e-05 +4.1960e-05 +4.1010e-05 +4.0080e-05 +3.9170e-05 +3.8290e-05 +3.7430e-05 +3.6600e-05 +3.5790e-05 +3.5010e-05 +3.4260e-05 +3.3550e-05 +3.2860e-05 +3.2210e-05 +3.1600e-05 +3.1020e-05 +3.0470e-05 +2.9970e-05 +2.9500e-05 +2.9070e-05 +2.8680e-05 +2.8320e-05 +2.8010e-05 +2.7740e-05 +2.7520e-05 +2.7330e-05 +2.7180e-05 +2.7080e-05 +2.7020e-05 +2.7000e-05 +2.7030e-05 +2.7090e-05 +2.7200e-05 +2.7350e-05 +2.7550e-05 +2.7780e-05 +2.8060e-05 +2.8370e-05 +2.8730e-05 +2.9120e-05 +2.9560e-05 +3.0030e-05 +3.0540e-05 +3.1090e-05 +3.1670e-05 +3.2290e-05 +3.2950e-05 +3.3630e-05 +3.4350e-05 +3.5100e-05 +3.5880e-05 +3.6680e-05 +3.7510e-05 +3.8370e-05 +3.9250e-05 +4.0160e-05 +4.1080e-05 +4.2030e-05 +4.2990e-05 +4.3960e-05 
# Total Vertical 2nd Order Kick [T2m2]
START
            -0000.01000 -0000.00967 -0000.00933 -0000.00900 -0000.00867 -0000.00833 -0000.00800 -0000.00767 -0000.00733 -0000.00700 -0000.00667 -0000.00633 -0000.00600 -0000.00567 -0000.00533 -0000.00500 -0000.00467 -0000.00433 -0000.00400 -0000.00367 -0000.00333 -0000.00300 -0000.00267 -0000.00233 -0000.00200 -0000.00167 -0000.00133 -0000.00100 -0000.00067 -0000.00033 +0000.00000 +0000.00033 +0000.00067 +0000.00100 +0000.00133 +0000.00167 +0000.00200 +0000.00233 +0000.00267 +0000.00300 +0000.00333 +0000.00367 +0000.00400 +0000.00433 +0000.00467 +0000.00500 +0000.00533 +0000.00567 +0000.00600 +0000.00633 +0000.00667 +0000.00700 +0000.00733 +0000.00767 +0000.00800 +0000.00833 +0000.00867 +0000.00900 +0000.00933 +0000.00967 +0000.01000 
+0000.00200 -1.9135e-04 -1.9119e-04 -1.9106e-04 -1.9097e-04 -1.9090e-04 -1.9085e-04 -1.9084e-04 -1.9085e-04 -1.9088e-04 -1.9094e-04 -1.9102e-04 -1.9112e-04 -1.9124e-04 -1.9138e-04 -1.9154e-04 -1.9171e-04 -1.9190e-04 -1.9210e-04 -1.9231e-04 -1.9254e-04 -1.9278e-04 -1.9302e-04 -1.9328e-04 -1.9354e-04 -1.9381e-04 -1.9408e-04 -1.9436e-04 -1.9464e-04 -1.9493e-04 -1.9521e-04 -1.9550e-04 -1.9578e-04 -1.9606e-04 -1.9634e-04 -1.9661e-04 -1.9688e-04 -1.9714e-04 -1.9740e-04 -1.9765e-04 -1.9788e-04 -1.9811e-04 -1.9833e-04 -1.9853e-04 -1.9873e-04 -1.9890e-04 -1.9907e-04 -1.9921e-04 -1.9934e-04 -1.9945e-04 -1.9955e-04 -1.9962e-04 -1.9967e-04 -1.9970e-04 -1.9971e-04 -1.9970e-04 -1.9966e-04 -1.9960e-04 -1.9951e-04 -1.9939e-04 -1.9924e-04 -1.9907e-04 
+0000.00150 -1.2441e-04 -1.2438e-04 -1.2437e-04 -1.2438e-04 -1.2439e-04 -1.2442e-04 -1.2447e-04 -1.2452e-04 -1.2459e-04 -1.2467e-04 -1.2477e-04 -1.2487e-04 -1.2498e-04 -1.2510e-04 -1.2523e-04 -1.2537e-04 -1.2552e-04 -1.2568e-04 -1.2584e-04 -1.2601e-04 -1.2618e-04 -1.2636e-04 -1.2655e-04 -1.2674e-04 -1.2693e-04 -1.2712e-04 -1.2732e-04 -1.2752e-04 -1.2773e-04 -1.2793e-04 -1.2813e-04 -1.2834e-04 -1.2854e-04 -1.2874e-04 -1.2894e-04 -1.2914e-04 -1.2933e-04 -1.2952e-04 -1.2971e-04 -1.2989e-04 -1.3007e-04 -1.3024e-04 -1.3041e-04 -1.3057e-04 -1.3072e-04 -1.3086e-04 -1.3100e-04 -1.3113e-04 -1.3124e-04 -1.3135e-04 -1.3145e-04 -1.3153e-04 -1.3160e-04 -1.3166e-04 -1.3171e-04 -1.3175e-04 -1.3176e-04 -1.3177e-04 -1.3176e-04 -1.3173e-04 -1.3169e-04 
+0000.00100 -7.5038e-05 -7.5061e-05 -7.5089e-05 -7.5125e-05 -7.5167e-05 -7.5214e-05 -7.5268e-05 -7.5327e-05 -7.5391e-05 -7.5461e-05 -7.5535e-05 -7.5615e-05 -7.5698e-05 -7.5786e-05 -7.5878e-05 -7.5974e-05 -7.6073e-05 -7.6176e-05 -7.6282e-05 -7.6391e-05 -7.6502e-05 -7.6616e-05 -7.6732e-05 -7.6850e-05 -7.6969e-05 -7.7090e-05 -7.7212e-05 -7.7335e-05 -7.7459e-05 -7.7584e-05 -7.7708e-05 -7.7833e-05 -7.7957e-05 -7.8081e-05 -7.8204e-05 -7.8326e-05 -7.8447e-05 -7.8566e-05 -7.8683e-05 -7.8798e-05 -7.8911e-05 -7.9022e-05 -7.9129e-05 -7.9233e-05 -7.9334e-05 -7.9432e-05 -7.9525e-05 -7.9614e-05 -7.9699e-05 -7.9779e-05 -7.9854e-05 -7.9924e-05 -7.9988e-05 -8.0046e-05 -8.0098e-05 -8.0144e-05 -8.0183e-05 -8.0215e-05 -8.0240e-05 -8.0257e-05 -8.0266e-05 
+0000.00050 -3.5312e-05 -3.5334e-05 -3.5359e-05 -3.5386e-05 -3.5415e-05 -3.5446e-05 -3.5479e-05 -3.5515e-05 -3.5552e-05 -3.5591e-05 -3.5632e-05 -3.5674e-05 -3.5718e-05 -3.5764e-05 -3.5811e-05 -3.5860e-05 -3.5910e-05 -3.5961e-05 -3.6014e-05 -3.6067e-05 -3.6122e-05 -3.6177e-05 -3.6233e-05 -3.6290e-05 -3.6348e-05 -3.6406e-05 -3.6465e-05 -3.6524e-05 -3.6583e-05 -3.6642e-05 -3.6702e-05 -3.6762e-05 -3.6821e-05 -3.6880e-05 -3.6939e-05 -3.6998e-05 -3.7056e-05 -3.7113e-05 -3.7170e-05 -3.7226e-05 -3.7281e-05 -3.7335e-05 -3.7388e-05 -3.7439e-05 -3.7489e-05 -3.7538e-05 -3.7585e-05 -3.7630e-05 -3.7674e-05 -3.7715e-05 -3.7755e-05 -3.7792e-05 -3.7827e-05 -3.7859e-05 -3.7889e-05 -3.7916e-05 -3.7941e-05 -3.7962e-05 -3.7981e-05 -3.7996e-05 -3.8007e-05 
+0000.00000 +3.1116e-08 +2.6645e-08 +2.2651e-08 +1.9099e-08 +1.5957e-08 +1.3194e-08 +1.0779e-08 +8.6850e-09 +6.8820e-09 +5.3450e-09 +4.0490e-09 +2.9690e-09 +2.0820e-09 +1.3660e-09 +8.0200e-10 +3.6800e-10 +4.8000e-11 -1.7600e-10 -3.2000e-10 -3.9900e-10 -4.2600e-10 -4.1400e-10 -3.7400e-10 -3.1600e-10 -2.4800e-10 -1.7900e-10 -1.1500e-10 -6.2000e-11 -2.3000e-11 -2.0000e-12 +0.0000e+00 -1.9000e-11 -5.7000e-11 -1.1200e-10 -1.8300e-10 -2.6500e-10 -3.5200e-10 -4.3900e-10 -5.1800e-10 -5.7900e-10 -6.1400e-10 -6.1100e-10 -5.5700e-10 -4.4000e-10 -2.4400e-10 +4.6000e-11 +4.4700e-10 +9.7700e-10 +1.6550e-09 +2.5030e-09 +3.5420e-09 +4.7940e-09 +6.2830e-09 +8.0360e-09 +1.0078e-08 +1.2436e-08 +1.5140e-08 +1.8219e-08 +2.1704e-08 +2.5629e-08 +3.0025e-08 
-0000.00050 +3.5375e-05 +3.5388e-05 +3.5405e-05 +3.5424e-05 +3.5447e-05 +3.5472e-05 +3.5501e-05 +3.5532e-05 +3.5565e-05 +3.5601e-05 +3.5640e-05 +3.5680e-05 +3.5723e-05 +3.5767e-05 +3.5813e-05 +3.5861e-05 +3.5911e-05 +3.5962e-05 +3.6014e-05 +3.6067e-05 +3.6122e-05 +3.6177e-05 +3.6234e-05 +3.6291e-05 +3.6349e-05 +3.6407e-05 +3.6466e-05 +3.6525e-05 +3.6585e-05 +3.6644e-05 +3.6704e-05 +3.6763e-05 +3.6823e-05 +3.6882e-05 +3.6941e-05 +3.6999e-05 +3.7057e-05 +3.7114e-05 +3.7170e-05 +3.7226e-05 +3.7281e-05 +3.7335e-05 +3.7387e-05 +3.7439e-05 +3.7489e-05 +3.7538e-05 +3.7586e-05 +3.7632e-05 +3.7677e-05 +3.7720e-05 +3.7761e-05 +3.7801e-05 +3.7839e-05 +3.7875e-05 +3.7909e-05 +3.7941e-05 +3.7971e-05 +3.7998e-05 +3.8024e-05 +3.8047e-05 +3.8068e-05 
-0000.00100 +7.5101e-05 +7.5113e-05 +7.5133e-05 +7.5160e-05 +7.5195e-05 +7.5236e-05 +7.5285e-05 +7.5339e-05 +7.5400e-05 +7.5467e-05 +7.5539e-05 +7.5616e-05 +7.5699e-05 +7.5786e-05 +7.5877e-05 +7.5972e-05 +7.6072e-05 +7.6175e-05 +7.6281e-05 +7.6390e-05 +7.6502e-05 +7.6616e-05 +7.6733e-05 +7.6851e-05 +7.6971e-05 +7.7093e-05 +7.7215e-05 +7.7339e-05 +7.7463e-05 +7.7588e-05 +7.7712e-05 +7.7837e-05 +7.7961e-05 +7.8084e-05 +7.8207e-05 +7.8329e-05 +7.8449e-05 +7.8567e-05 +7.8684e-05 +7.8799e-05 +7.8911e-05 +7.9021e-05 +7.9128e-05 +7.9232e-05 +7.9332e-05 +7.9430e-05 +7.9523e-05 +7.9613e-05 +7.9699e-05 +7.9780e-05 +7.9857e-05 +7.9928e-05 +7.9995e-05 +8.0057e-05 +8.0114e-05 +8.0164e-05 +8.0209e-05 +8.0248e-05 +8.0281e-05 +8.0307e-05 +8.0327e-05 
-0000.00150 +1.2447e-04 +1.2443e-04 +1.2440e-04 +1.2440e-04 +1.2441e-04 +1.2443e-04 +1.2447e-04 +1.2452e-04 +1.2458e-04 +1.2466e-04 +1.2475e-04 +1.2485e-04 +1.2497e-04 +1.2509e-04 +1.2522e-04 +1.2536e-04 +1.2551e-04 +1.2566e-04 +1.2583e-04 +1.2600e-04 +1.2617e-04 +1.2635e-04 +1.2654e-04 +1.2673e-04 +1.2692e-04 +1.2712e-04 +1.2732e-04 +1.2752e-04 +1.2772e-04 +1.2793e-04 +1.2813e-04 +1.2833e-04 +1.2854e-04 +1.2874e-04 +1.2894e-04 +1.2913e-04 +1.2933e-04 +1.2952e-04 +1.2970e-04 +1.2988e-04 +1.3006e-04 +1.3023e-04 +1.3040e-04 +1.3055e-04 +1.3071e-04 +1.3085e-04 +1.3098e-04 +1.3111e-04 +1.3123e-04 +1.3133e-04 +1.3143e-04 +1.3152e-04 +1.3159e-04 +1.3166e-04 +1.3171e-04 +1.3175e-04 +1.3177e-04 +1.3179e-04 +1.3178e-04 +1.3177e-04 +1.3174e-04 
-0000.00200 +1.9141e-04 +1.9123e-04 +1.9109e-04 +1.9098e-04 +1.9090e-04 +1.9085e-04 +1.9083e-04 +1.9083e-04 +1.9086e-04 +1.9092e-04 +1.9100e-04 +1.9110e-04 +1.9122e-04 +1.9136e-04 +1.9152e-04 +1.9169e-04 +1.9188e-04 +1.9208e-04 +1.9230e-04 +1.9253e-04 +1.9277e-04 +1.9302e-04 +1.9328e-04 +1.9354e-04 +1.9381e-04 +1.9409e-04 +1.9437e-04 +1.9465e-04 +1.9493e-04 +1.9522e-04 +1.9550e-04 +1.9579e-04 +1.9607e-04 +1.9634e-04 +1.9662e-04 +1.9688e-04 +1.9714e-04 +1.9740e-04 +1.9764e-04 +1.9788e-04 +1.9810e-04 +1.9832e-04 +1.9852e-04 +1.9871e-04 +1.9888e-04 +1.9904e-04 +1.9919e-04 +1.9932e-04 +1.9943e-04 +1.9952e-04 +1.9959e-04 +1.9965e-04 +1.9968e-04 +1.9970e-04 +1.9969e-04 +1.9965e-04 +1.9960e-04 +1.9952e-04 +1.9941e-04 +1.9928e-04 +1.9912e-04 
# Horizontal Final Position [m]
START
            -0000.01000 -0000.00967 -0000.00933 -0000.00900 -0000.00867 -0000.00833 -0000.00800 -0000.00767 -0000.00733 -0000.00700 -0000.00667 -0000.00633 -0000.00600 -0000.00567 -0000.00533 -0000.00500 -0000.00467 -0000.00433 -0000.00400 -0000.00367 -0000.00333 -0000.00300 -0000.00267 -0000.00233 -0000.00200 -0000.00167 -0000.00133 -0000.00100 -0000.00067 -0000.00033 +0000.00000 +0000.00033 +0000.00067 +0000.00100 +0000.00133 +0000.00167 +0000.00200 +0000.00233 +0000.00267 +0000.00300 +0000.00333 +0000.00367 +0000.00400 +0000.00433 +0000.00467 +0000.00500 +0000.00533 +0000.00567 +0000.00600 +0000.00633 +0000.00667 +0000.00700 +0000.00733 +0000.00767 +0000.00800 +0000.00833 +0000.00867 +0000.00900 +0000.00933 +0000.00967 +0000.01000 
+0000.00200 -1.0000e-02 -9.6667e-03 -9.3334e-03 -9.0001e-03 -8.6668e-03 -8.3335e-03 -8.0002e-03 -7.6668e-03 -7.3335e-03 -7.0002e-03 -6.6669e-03 -6.3336e-03 -6.0003e-03 -5.6670e-03 -5.3336e-03 -5.0003e-03 -4.6670e-03 -4.3337e-03 -4.0004e-03 -3.6670e-03 -3.3337e-03 -3.0004e-03 -2.6671e-03 -2.3337e-03 -2.0004e-03 -1.6671e-03 -1.3338e-03 -1.0004e-03 -6.6710e-04 -3.3377e-04 -4.3257e-07 +3.3290e-04 +6.6624e-04 +9.9957e-04 +1.3329e-03 +1.6662e-03 +1.9996e-03 +2.3329e-03 +2.6663e-03 +2.9996e-03 +3.3330e-03 +3.6663e-03 +3.9996e-03 +4.3330e-03 +4.6663e-03 +4.9997e-03 +5.3330e-03 +5.6664e-03 +5.9997e-03 +6.3331e-03 +6.6664e-03 +6.9998e-03 +7.3331e-03 +7.6665e-03 +7.9998e-03 +8.3332e-03 +8.6665e-03 +8.9999e-03 +9.3332e-03 +9.6666e-03 +9.9999e-03 
+0000.00150 -1.0000e-02 -9.6668e-03 -9.3335e-03 -9.0002e-03 -8.6668e-03 -8.3335e-03 -8.0002e-03 -7.6669e-03 -7.3336e-03 -7.0003e-03 -6.6669e-03 -6.3336e-03 -6.0003e-03 -5.6670e-03 -5.3337e-03 -5.0003e-03 -4.6670e-03 -4.3337e-03 -4.0004e-03 -3.6671e-03 -3.3337e-03 -3.0004e-03 -2.6671e-03 -2.3337e-03 -2.0004e-03 -1.6671e-03 -1.3338e-03 -1.0004e-03 -6.6710e-04 -3.3377e-04 -4.3536e-07 +3.3290e-04 +6.6623e-04 +9.9957e-04 +1.3329e-03 +1.6662e-03 +1.9996e-03 +2.3329e-03 +2.6663e-03 +2.9996e-03 +3.3329e-03 +3.6663e-03 +3.9996e-03 +4.3330e-03 +4.6663e-03 +4.9996e-03 +5.3330e-03 +5.6663e-03 +5.9997e-03 +6.3330e-03 +6.6664e-03 +6.9997e-03 +7.3331e-03 +7.6664e-03 +7.9998e-03 +8.3331e-03 +8.6665e-03 +8.9998e-03 +9.3332e-03 +9.6665e-03 +9.9999e-03 
+0000.00100 -1.0000e-02 -9.6668e-03 -9.3335e-03 -9.0002e-03 -8.6668e-03 -8.3335e-03 -8.0002e-03 -7.6669e-03 -7.3336e-03 -7.0003e-03 -6.6669e-03 -6.3336e-03 -6.0003e-03 -5.6670e-03 -5.3337e-03 -5.0003e-03 -4.6670e-03 -4.3337e-03 -4.0004e-03 -3.6671e-03 -3.3337e-03 -3.0004e-03 -2.6671e-03 -2.3337e-03 -2.0004e-03 -1.6671e-03 -1.3338e-03 -1.0004e-03 -6.6710e-04 -3.3376e-04 -4.2979e-07 +3.3290e-04 +6.6624e-04 +9.9957e-04 +1.3329e-03 +1.6662e-03 +1.9996e-03 +2.3329e-03 +2.6663e-03 +2.9996e-03 +3.3329e-03 +3.6663e-03 +3.9996e-03 +4.3330e-03 +4.6663e-03 +4.9997e-03 +5.3330e-03 +5.6664e-03 +5.9997e-03 +6.3330e-03 +6.6664e-03 +6.9997e-03 +7.3331e-03 +7.6664e-03 +7.9998e-03 +8.3331e-03 +8.6665e-03 +8.9998e-03 +9.3332e-03 +9.6665e-03 +9.9999e-03 
+0000.00050 -1.0000e-02 -9.6668e-03 -9.3335e-03 -9.0001e-03 -8.6668e-03 -8.3335e-03 -8.0002e-03 -7.6669e-03 -7.3336e-03 -7.0003e-03 -6.6669e-03 -6.3336e-03 -6.0003e-03 -5.6670e-03 -5.3337e-03 -5.0003e-03 -4.6670e-03 -4.3337e-03 -4.0004e-03 -3.6670e-03 -3.3337e-03 -3.0004e-03 -2.6671e-03 -2.3337e-03 -2.0004e-03 -1.6671e-03 -1.3338e-03 -1.0004e-03 -6.6709e-04 -3.3376e-04 -4.2457e-07 +3.3291e-04 +6.6624e-04 +9.9958e-04 +1.3329e-03 +1.6663e-03 +1.9996e-03 +2.3329e-03 +2.6663e-03 +2.9996e-03 +3.3329e-03 +3.6663e-03 +3.9996e-03 +4.3330e-03 +4.6663e-03 +4.9997e-03 +5.3330e-03 +5.6663e-03 +5.9997e-03 +6.3330e-03 +6.6664e-03 +6.9997e-03 +7.3331e-03 +7.6664e-03 +7.9998e-03 +8.3331e-03 +8.6665e-03 +8.9998e-03 +9.3332e-03 +9.6665e-03 +9.9999e-03 
+0000.00000 -1.0000e-02 -9.6668e-03 -9.3335e-03 -9.0001e-03 -8.6668e-03 -8.3335e-03 -8.0002e-03 -7.6669e-03 -7.3336e-03 -7.0003e-03 -6.6669e-03 -6.3336e-03 -6.0003e-03 -5.6670e-03 -5.3337e-03 -5.0003e-03 -4.6670e-03 -4.3337e-03 -4.0004e-03 -3.6670e-03 -3.3337e-03 -3.0004e-03 -2.6671e-03 -2.3337e-03 -2.0004e-03 -1.6671e-03 -1.3338e-03 -1.0004e-03 -6.6709e-04 -3.3376e-04 -4.2451e-07 +3.3291e-04 +6.6624e-04 +9.9958e-04 +1.3329e-03 +1.6663e-03 +1.9996e-03 +2.3329e-03 +2.6663e-03 +2.9996e-03 +3.3329e-03 +3.6663e-03 +3.9996e-03 +4.3330e-03 +4.6663e-03 +4.9997e-03 +5.3330e-03 +5.6663e-03 +5.9997e-03 +6.3330e-03 +6.6664e-03 +6.9997e-03 +7.3331e-03 +7.6664e-03 +7.9998e-03 +8.3331e-03 +8.6665e-03 +8.9998e-03 +9.3332e-03 +9.6665e-03 +9.9999e-03 
-0000.00050 -1.0000e-02 -9.6668e-03 -9.3335e-03 -9.0001e-03 -8.6668e-03 -8.3335e-03 -8.0002e-03 -7.6669e-03 -7.3336e-03 -7.0003e-03 -6.6669e-03 -6.3336e-03 -6.0003e-03 -5.6670e-03 -5.3337e-03 -5.0003e-03 -4.6670e-03 -4.3337e-03 -4.0004e-03 -3.6670e-03 -3.3337e-03 -3.0004e-03 -2.6671e-03 -2.3337e-03 -2.0004e-03 -1.6671e-03 -1.3338e-03 -1.0004e-03 -6.6709e-04 -3.3376e-04 -4.2457e-07 +3.3291e-04 +6.6624e-04 +9.9958e-04 +1.3329e-03 +1.6663e-03 +1.9996e-03 +2.3329e-03 +2.6663e-03 +2.9996e-03 +3.3329e-03 +3.6663e-03 +3.9996e-03 +4.3330e-03 +4.6663e-03 +4.9997e-03 +5.3330e-03 +5.6663e-03 +5.9997e-03 +6.3330e-03 +6.6664e-03 +6.9997e-03 +7.3331e-03 +7.6664e-03 +7.9998e-03 +8.3331e-03 +8.6665e-03 +8.9998e-03 +9.3332e-03 +9.6665e-03 +9.9999e-03 
-0000.00100 -1.0000e-02 -9.6668e-03 -9.3335e-03 -9.0002e-03 -8.6668e-03 -8.3335e-03 -8.0002e-03 -7.6669e-03 -7.3336e-03 -7.0003e-03 -6.6669e-03 -6.3336e-03 -6.0003e-03 -5.6670e-03 -5.3337e-03 -5.0003e-03 -4.6670e-03 -4.3337e-03 -4.0004e-03 -3.6671e-03 -3.3337e-03 -3.0004e-03 -2.6671e-03 -2.3337e-03 -2.0004e-03 -1.6671e-03 -1.3338e-03 -1.0004e-03 -6.6710e-04 -3.3376e-04 -4.2979e-07 +3.3290e-04 +6.6624e-04 +9.9957e-04 +1.3329e-03 +1.6662e-03 +1.9996e-03 +2.3329e-03 +2.6663e-03 +2.9996e-03 +3.3329e-03 +3.6663e-03 +3.9996e-03 +4.3330e-03 +4.6663e-03 +4.9997e-03 +5.3330e-03 +5.6664e-03 +5.9997e-03 +6.3330e-03 +6.6664e-03 +6.9997e-03 +7.3331e-03 +7.6664e-03 +7.9998e-03 +8.3331e-03 +8.6665e-03 +8.9998e-03 +9.3332e-03 +9.6665e-03 +9.9999e-03 
-0000.00150 -1.0000e-02 -9.6668e-03 -9.3335e-03 -9.0002e-03 -8.6668e-03 -8.3335e-03 -8.0002e-03 -7.6669e-03 -7.3336e-03 -7.0003e-03 -6.6669e-03 -6.3336e-03 -6.0003e-03 -5.6670e-03 -5.3337e-03 -5.0003e-03 -4.6670e-03 -4.3337e-03 -4.0004e-03 -3.6671e-03 -3.3337e-03 -3.0004e-03 -2.6671e-03 -2.3337e-03 -2.0004e-03 -1.6671e-03 -1.3338e-03 -1.0004e-03 -6.6710e-04 -3.3377e-04 -4.3536e-07 +3.3290e-04 +6.6623e-04 +9.9957e-04 +1.3329e-03 +1.6662e-03 +1.9996e-03 +2.3329e-03 +2.6663e-03 +2.9996e-03 +3.3329e-03 +3.6663e-03 +3.9996e-03 +4.3330e-03 +4.6663e-03 +4.9996e-03 +5.3330e-03 +5.6663e-03 +5.9997e-03 +6.3330e-03 +6.6664e-03 +6.9997e-03 +7.3331e-03 +7.6664e-03 +7.9998e-03 +8.3331e-03 +8.6665e-03 +8.9998e-03 +9.3332e-03 +9.6665e-03 +9.9999e-03 
-0000.00200 -1.0000e-02 -9.6667e-03 -9.3334e-03 -9.0001e-03 -8.6668e-03 -8.3335e-03 -8.0002e-03 -7.6668e-03 -7.3335e-03 -7.0002e-03 -6.6669e-03 -6.3336e-03 -6.0003e-03 -5.6670e-03 -5.3336e-03 -5.0003e-03 -4.6670e-03 -4.3337e-03 -4.0004e-03 -3.6670e-03 -3.3337e-03 -3.0004e-03 -2.6671e-03 -2.3337e-03 -2.0004e-03 -1.6671e-03 -1.3338e-03 -1.0004e-03 -6.6710e-04 -3.3377e-04 -4.3257e-07 +3.3290e-04 +6.6624e-04 +9.9957e-04 +1.3329e-03 +1.6662e-03 +1.9996e-03 +2.3329e-03 +2.6663e-03 +2.9996e-03 +3.3330e-03 +3.6663e-03 +3.9996e-03 +4.3330e-03 +4.6663e-03 +4.9997e-03 +5.3330e-03 +5.6664e-03 +5.9997e-03 +6.3331e-03 +6.6664e-03 +6.9998e-03 +7.3331e-03 +7.6665e-03 +7.9998e-03 +8.3332e-03 +8.6665e-03 +8.9999e-03 +9.3332e-03 +9.6666e-03 +9.9999e-03 
# Vertical Final Position [m]
START
            -0000.01000 -0000.00967 -0000.00933 -0000.00900 -0000.00867 -0000.00833 -0000.00800 -0000.00767 -0000.00733 -0000.00700 -0000.00667 -0000.00633 -0000.00600 -0000.00567 -0000.00533 -0000.00500 -0000.00467 -0000.00433 -0000.00400 -0000.00367 -0000.00333 -0000.00300 -0000.00267 -0000.00233 -0000.00200 -0000.00167 -0000.00133 -0000.00100 -0000.00067 -0000.00033 +0000.00000 +0000.00033 +0000.00067 +0000.00100 +0000.00133 +0000.00167 +0000.00200 +0000.00233 +0000.00267 +0000.00300 +0000.00333 +0000.00367 +0000.00400 +0000.00433 +0000.00467 +0000.00500 +0000.00533 +0000.00567 +0000.00600 +0000.00633 +0000.00667 +0000.00700 +0000.00733 +0000.00767 +0000.00800 +0000.00833 +0000.00867 +0000.00900 +0000.00933 +0000.00967 +0000.01000 
+0000.00200 +2.0000e-03 +2.0000e-03 +2.0000e-03 +2.0000e-03 +1.9999e-03 +1.9999e-03 +1.9999e-03 +1.9999e-03 +1.9999e-03 +1.9999e-03 +1.9999e-03 +1.9999e-03 +1.9999e-03 +1.9999e-03 +1.9999e-03 +1.9999e-03 +1.9999e-03 +1.9999e-03 +1.9998e-03 +1.9998e-03 +1.9998e-03 +1.9998e-03 +1.9998e-03 +1.9998e-03 +1.9998e-03 +1.9998e-03 +1.9998e-03 +1.9998e-03 +1.9998e-03 +1.9998e-03 +1.9998e-03 +1.9998e-03 +1.9998e-03 +1.9998e-03 +1.9998e-03 +1.9998e-03 +1.9998e-03 +1.9998e-03 +1.9998e-03 +1.9998e-03 +1.9998e-03 +1.9998e-03 +1.9998e-03 +1.9998e-03 +1.9997e-03 +1.9997e-03 +1.9997e-03 +1.9997e-03 +1.9997e-03 +1.9997e-03 +1.9997e-03 +1.9997e-03 +1.9997e-03 +1.9997e-03 +1.9997e-03 +1.9997e-03 +1.9997e-03 +1.9997e-03 +1.9997e-03 +1.9997e-03 +1.9997e-03 
+0000.00150 +1.5000e-03 +1.5000e-03 +1.5000e-03 +1.5000e-03 +1.5000e-03 +1.5000e-03 +1.5000e-03 +1.5000e-03 +1.4999e-03 +1.4999e-03 +1.4999e-03 +1.4999e-03 +1.4999e-03 +1.4999e-03 +1.4999e-03 +1.4999e-03 +1.4999e-03 +1.4999e-03 +1.4999e-03 +1.4999e-03 +1.4999e-03 +1.4999e-03 +1.4999e-03 +1.4999e-03 +1.4999e-03 +1.4999e-03 +1.4999e-03 +1.4999e-03 +1.4999e-03 +1.4999e-03 +1.4999e-03 +1.4999e-03 +1.4999e-03 +1.4999e-03 +1.4999e-03 +1.4999e-03 +1.4999e-03 +1.4999e-03 +1.4999e-03 +1.4999e-03 +1.4999e-03 +1.4999e-03 +1.4998e-03 +1.4998e-03 +1.4998e-03 +1.4998e-03 +1.4998e-03 +1.4998e-03 +1.4998e-03 +1.4998e-03 +1.4998e-03 +1.4998e-03 +1.4998e-03 +1.4998e-03 +1.4998e-03 +1.4998e-03 +1.4998e-03 +1.4998e-03 +1.4998e-03 +1.4998e-03 +1.4998e-03 
+0000.00100 +9.9999e-04 +9.9999e-04 +9.9999e-04 +9.9999e-04 +9.9998e-04 +9.9998e-04 +9.9998e-04 +9.9998e-04 +9.9997e-04 +9.9997e-04 +9.9997e-04 +9.9997e-04 +9.9996e-04 +9.9996e-04 +9.9996e-04 +9.9996e-04 +9.9995e-04 +9.9995e-04 +9.9995e-04 +9.9995e-04 +9.9994e-04 +9.9994e-04 +9.9994e-04 +9.9994e-04 +9.9993e-04 +9.9993e-04 +9.9993e-04 +9.9993e-04 +9.9993e-04 +9.9992e-04 +9.9992e-04 +9.9992e-04 +9.9992e-04 +9.9991e-04 +9.9991e-04 +9.9991e-04 +9.9991e-04 +9.9991e-04 +9.9990e-04 +9.9990e-04 +9.9990e-04 +9.9990e-04 +9.9990e-04 +9.9989e-04 +9.9989e-04 +9.9989e-04 +9.9989e-04 +9.9989e-04 +9.9988e-04 +9.9988e-04 +9.9988e-04 +9.9988e-04 +9.9987e-04 +9.9987e-04 +9.9987e-04 +9.9987e-04 +9.9986e-04 +9.9986e-04 +9.9986e-04 +9.9985e-04 +9.9985e-04 
+0000.00050 +5.0000e-04 +5.0000e-04 +5.0000e-04 +5.0000e-04 +4.9999e-04 +4.9999e-04 +4.9999e-04 +4.9999e-04 +4.9999e-04 +4.9999e-04 +4.9999e-04 +4.9998e-04 +4.9998e-04 +4.9998e-04 +4.9998e-04 +4.9998e-04 +4.9998e-04 +4.9998e-04 +4.9998e-04 +4.9998e-04 +4.9997e-04 +4.9997e-04 +4.9997e-04 +4.9997e-04 +4.9997e-04 +4.9997e-04 +4.9997e-04 +4.9997e-04 +4.9997e-04 +4.9997e-04 +4.9996e-04 +4.9996e-04 +4.9996e-04 +4.9996e-04 +4.9996e-04 +4.9996e-04 +4.9996e-04 +4.9996e-04 +4.9996e-04 +4.9995e-04 +4.9995e-04 +4.9995e-04 +4.9995e-04 +4.9995e-04 +4.9995e-04 +4.9995e-04 +4.9995e-04 +4.9995e-04 +4.9994e-04 +4.9994e-04 +4.9994e-04 +4.9994e-04 +4.9994e-04 +4.9994e-04 +4.9994e-04 +4.9994e-04 +4.9993e-04 +4.9993e-04 +4.9993e-04 +4.9993e-04 +4.9993e-04 
+0000.00000 -2.6350e-11 -2.9983e-11 -3.3261e-11 -3.6210e-11 -3.8853e-11 -4.1211e-11 -4.3306e-11 -4.5158e-11 -4.6788e-11 -4.8214e-11 -4.9455e-11 -5.0527e-11 -5.1446e-11 -5.2230e-11 -5.2891e-11 -5.3444e-11 -5.3902e-11 -5.4278e-11 -5.4582e-11 -5.4824e-11 -5.5015e-11 -5.5164e-11 -5.5278e-11 -5.5364e-11 -5.5430e-11 -5.5479e-11 -5.5517e-11 -5.5548e-11 -5.5574e-11 -5.5598e-11 -5.5621e-11 -5.5643e-11 -5.5663e-11 -5.5681e-11 -5.5695e-11 -5.5701e-11 -5.5695e-11 -5.5674e-11 -5.5631e-11 -5.5560e-11 -5.5454e-11 -5.5305e-11 -5.5105e-11 -5.4842e-11 -5.4508e-11 -5.4090e-11 -5.3577e-11 -5.2955e-11 -5.2211e-11 -5.1329e-11 -5.0294e-11 -4.9090e-11 -4.7700e-11 -4.6105e-11 -4.4287e-11 -4.2225e-11 -3.9899e-11 -3.7288e-11 -3.4369e-11 -3.1120e-11 -2.7516e-11 
-0000.00050 -5.0000e-04 -5.0000e-04 -5.0000e-04 -5.0000e-04 -4.9999e-04 -4.9999e-04 -4.9999e-04 -4.9999e-04 -4.9999e-04 -4.9999e-04 -4.9999e-04 -4.9998e-04 -4.9998e-04 -4.9998e-04 -4.9998e-04 -4.9998e-04 -4.9998e-04 -4.9998e-04 -4.9998e-04 -4.9998e-04 -4.9997e-04 -4.9997e-04 -4.9997e-04 -4.9997e-04 -4.9997e-04 -4.9997e-04 -4.9997e-04 -4.9997e-04 -4.9997e-04 -4.9997e-04 -4.9996e-04 -4.9996e-04 -4.9996e-04 -4.9996e-04 -4.9996e-04 -4.9996e-04 -4.9996e-04 -4.9996e-04 -4.9996e-04 -4.9995e-04 -4.9995e-04 -4.9995e-04 -4.9995e-04 -4.9995e-04 -4.9995e-04 -4.9995e-04 -4.9995e-04 -4.9995e-04 -4.9994e-04 -4.9994e-04 -4.9994e-04 -4.9994e-04 -4.9994e-04 -4.9994e-04 -4.9994e-04 -4.9994e-04 -4.9993e-04 -4.9993e-04 -4.9993e-04 -4.9993e-04 -4.9993e-04 
-0000.00100 -9.9999e-04 -9.9999e-04 -9.9999e-04 -9.9999e-04 -9.9998e-04 -9.9998e-04 -9.9998e-04 -9.9998e-04 -9.9997e-04 -9.9997e-04 -9.9997e-04 -9.9997e-04 -9.9996e-04 -9.9996e-04 -9.9996e-04 -9.9996e-04 -9.9995e-04 -9.9995e-04 -9.9995e-04 -9.9995e-04 -9.9995e-04 -9.9994e-04 -9.9994e-04 -9.9994e-04 -9.9994e-04 -9.9993e-04 -9.9993e-04 -9.9993e-04 -9.9993e-04 -9.9992e-04 -9.9992e-04 -9.9992e-04 -9.9992e-04 -9.9992e-04 -9.9991e-04 -9.9991e-04 -9.9991e-04 -9.9991e-04 -9.9991e-04 -9.9990e-04 -9.9990e-04 -9.9990e-04 -9.9990e-04 -9.9989e-04 -9.9989e-04 -9.9989e-04 -9.9989e-04 -9.9989e-04 -9.9988e-04 -9.9988e-04 -9.9988e-04 -9.9988e-04 -9.9987e-04 -9.9987e-04 -9.9987e-04 -9.9987e-04 -9.9986e-04 -9.9986e-04 -9.9986e-04 -9.9985e-04 -9.9985e-04 
-0000.00150 -1.5000e-03 -1.5000e-03 -1.5000e-03 -1.5000e-03 -1.5000e-03 -1.5000e-03 -1.5000e-03 -1.5000e-03 -1.4999e-03 -1.4999e-03 -1.4999e-03 -1.4999e-03 -1.4999e-03 -1.4999e-03 -1.4999e-03 -1.4999e-03 -1.4999e-03 -1.4999e-03 -1.4999e-03 -1.4999e-03 -1.4999e-03 -1.4999e-03 -1.4999e-03 -1.4999e-03 -1.4999e-03 -1.4999e-03 -1.4999e-03 -1.4999e-03 -1.4999e-03 -1.4999e-03 -1.4999e-03 -1.4999e-03 -1.4999e-03 -1.4999e-03 -1.4999e-03 -1.4999e-03 -1.4999e-03 -1.4999e-03 -1.4999e-03 -1.4999e-03 -1.4999e-03 -1.4999e-03 -1.4998e-03 -1.4998e-03 -1.4998e-03 -1.4998e-03 -1.4998e-03 -1.4998e-03 -1.4998e-03 -1.4998e-03 -1.4998e-03 -1.4998e-03 -1.4998e-03 -1.4998e-03 -1.4998e-03 -1.4998e-03 -1.4998e-03 -1.4998e-03 -1.4998e-03 -1.4998e-03 -1.4998e-03 
-0000.00200 -2.0000e-03 -2.0000e-03 -2.0000e-03 -2.0000e-03 -1.9999e-03 -1.9999e-03 -1.9999e-03 -1.9999e-03 -1.9999e-03 -1.9999e-03 -1.9999e-03 -1.9999e-03 -1.9999e-03 -1.9999e-03 -1.9999e-03 -1.9999e-03 -1.9999e-03 -1.9999e-03 -1.9998e-03 -1.9998e-03 -1.9998e-03 -1.9998e-03 -1.9998e-03 -1.9998e-03 -1.9998e-03 -1.9998e-03 -1.9998e-03 -1.9998e-03 -1.9998e-03 -1.9998e-03 -1.9998e-03 -1.9998e-03 -1.9998e-03 -1.9998e-03 -1.9998e-03 -1.9998e-03 -1.9998e-03 -1.9998e-03 -1.9998e-03 -1.9998e-03 -1.9998e-03 -1.9998e-03 -1.9998e-03 -1.9998e-03 -1.9997e-03 -1.9997e-03 -1.9997e-03 -1.9997e-03 -1.9997e-03 -1.9997e-03 -1.9997e-03 -1.9997e-03 -1.9997e-03 -1.9997e-03 -1.9997e-03 -1.9997e-03 -1.9997e-03 -1.9997e-03 -1.9997e-03 -1.9997e-03 -1.9997e-03 