# Author: FAC idanalysis.IDKickMap
# Termination_kicks [T2m2]: +0.0000e+00 +0.0000e+00 +0.0000e+00 +0.0000e+00 
# Total Length of Longitudinal Interval [m]
0.13
# Number of Horizontal Points
61
# Number of Vertical Points
9
# Total Horizontal 2nd Order Kick [T2m2]
START
            -0000.01000 -0000.00967 -0000.00933 -0000.00900 -0000.00867 -0000.00833 -0000.00800 -0000.00767 -0000.00733 -0000.00700 -0000.00667 -0000.00633 -0000.00600 -0000.00567 -0000.00533 -0000.00500 -0000.00467 -0000.00433 -0000.00400 -0000.00367 -0000.00333 -0000.00300 -0000.00267 -0000.00233 -0000.00200 -0000.00167 -0000.00133 -0000.00100 -0000.00067 -0000.00033 +0000.00000 +0000.00033 +0000.00067 +0000.00100 +0000.00133 +0000.00167 +0000.00200 +0000.00233 +0000.00267 +0000.00300 +0000.00333 +0000.00367 +0000.00400 +0000.00433 +0000.00467 +0000.00500 +0000.00533 +0000.00567 +0000.00600 +0000.00633 +0000.00667 +0000.00700 +0000.00733 +0000.00767 +0000.00800 +0000.00833 +0000.00867 +0000.00900 +0000.00933 +0000.00967 +0000.01000 
+0000.00200 +9.0122e-04 +8.9864e-04 +8.9613e-04 +8.9370e-04 +8.9134e-04 +8.8905e-04 +8.8682e-04 +8.8465e-04 +8.8254e-04 +8.8048e-04 +8.7848e-04 +8.7653e-04 +8.7463e-04 +8.7279e-04 +8.7099e-04 +8.6924e-04 +8.6755e-04 +8.6590e-04 +8.6431e-04 +8.6278e-04 +8.6130e-04 +8.5987e-04 +8.5851e-04 +8.5722e-04 +8.5599e-04 +8.5483e-04 +8.5375e-04 +8.5274e-04 +8.5182e-04 +8.5099e-04 +8.5026e-04 +8.4962e-04 +8.4910e-04 +8.4868e-04 +8.4839e-04 +8.4822e-04 +8.4820e-04 +8.4831e-04 +8.4858e-04 +8.4901e-04 +8.4960e-04 +8.5038e-04 +8.5135e-04 +8.5252e-04 +8.5389e-04 +8.5549e-04 +8.5733e-04 +8.5940e-04 +8.6173e-04 +8.6434e-04 +8.6722e-04 +8.7040e-04 +8.7389e-04 +8.7770e-04 +8.8184e-04 +8.8634e-04 +8.9120e-04 +8.9645e-04 +9.0209e-04 +9.0815e-04 +9.1463e-04 
+0000.00150 +4.6404e-04 +4.6376e-04 +4.6321e-04 +4.6240e-04 +4.6137e-04 +4.6014e-04 +4.5874e-04 +4.5719e-04 +4.5551e-04 +4.5373e-04 +4.5187e-04 +4.4994e-04 +4.4797e-04 +4.4598e-04 +4.4399e-04 +4.4200e-04 +4.4005e-04 +4.3814e-04 +4.3629e-04 +4.3451e-04 +4.3281e-04 +4.3122e-04 +4.2973e-04 +4.2836e-04 +4.2711e-04 +4.2601e-04 +4.2505e-04 +4.2423e-04 +4.2358e-04 +4.2309e-04 +4.2276e-04 +4.2260e-04 +4.2261e-04 +4.2280e-04 +4.2316e-04 +4.2370e-04 +4.2440e-04 +4.2528e-04 +4.2633e-04 +4.2754e-04 +4.2891e-04 +4.3044e-04 +4.3211e-04 +4.3393e-04 +4.3588e-04 +4.3796e-04 +4.4015e-04 +4.4244e-04 +4.4483e-04 +4.4730e-04 +4.4983e-04 +4.5242e-04 +4.5505e-04 +4.5771e-04 +4.6037e-04 +4.6301e-04 +4.6563e-04 +4.6820e-04 +4.7071e-04 +4.7312e-04 +4.7542e-04 
+0000.00100 +4.5782e-04 +4.5857e-04 +4.5891e-04 +4.5888e-04 +4.5851e-04 +4.5785e-04 +4.5692e-04 +4.5576e-04 +4.5439e-04 +4.5286e-04 +4.5119e-04 +4.4940e-04 +4.4753e-04 +4.4560e-04 +4.4363e-04 +4.4165e-04 +4.3968e-04 +4.3774e-04 +4.3585e-04 +4.3402e-04 +4.3227e-04 +4.3063e-04 +4.2910e-04 +4.2769e-04 +4.2642e-04 +4.2530e-04 +4.2434e-04 +4.2354e-04 +4.2292e-04 +4.2247e-04 +4.2220e-04 +4.2212e-04 +4.2222e-04 +4.2252e-04 +4.2299e-04 +4.2365e-04 +4.2450e-04 +4.2551e-04 +4.2670e-04 +4.2805e-04 +4.2956e-04 +4.3121e-04 +4.3299e-04 +4.3490e-04 +4.3691e-04 +4.3902e-04 +4.4121e-04 +4.4346e-04 +4.4575e-04 +4.4807e-04 +4.5038e-04 +4.5268e-04 +4.5493e-04 +4.5712e-04 +4.5921e-04 +4.6118e-04 +4.6300e-04 +4.6464e-04 +4.6607e-04 +4.6726e-04 +4.6817e-04 
+0000.00050 +4.5428e-04 +4.5567e-04 +4.5658e-04 +4.5705e-04 +4.5711e-04 +4.5682e-04 +4.5621e-04 +4.5532e-04 +4.5419e-04 +4.5285e-04 +4.5133e-04 +4.4966e-04 +4.4788e-04 +4.4602e-04 +4.4410e-04 +4.4214e-04 +4.4018e-04 +4.3824e-04 +4.3634e-04 +4.3449e-04 +4.3273e-04 +4.3105e-04 +4.2949e-04 +4.2806e-04 +4.2677e-04 +4.2562e-04 +4.2464e-04 +4.2383e-04 +4.2319e-04 +4.2274e-04 +4.2248e-04 +4.2241e-04 +4.2253e-04 +4.2284e-04 +4.2334e-04 +4.2404e-04 +4.2492e-04 +4.2597e-04 +4.2720e-04 +4.2859e-04 +4.3014e-04 +4.3182e-04 +4.3364e-04 +4.3557e-04 +4.3760e-04 +4.3971e-04 +4.4189e-04 +4.4411e-04 +4.4635e-04 +4.4859e-04 +4.5080e-04 +4.5296e-04 +4.5505e-04 +4.5702e-04 +4.5886e-04 +4.6053e-04 +4.6200e-04 +4.6323e-04 +4.6418e-04 +4.6483e-04 +4.6513e-04 
+0000.00000 +4.5309e-04 +4.5469e-04 +4.5578e-04 +4.5641e-04 +4.5662e-04 +4.5646e-04 +4.5596e-04 +4.5516e-04 +4.5411e-04 +4.5283e-04 +4.5136e-04 +4.4974e-04 +4.4800e-04 +4.4616e-04 +4.4425e-04 +4.4231e-04 +4.4036e-04 +4.3842e-04 +4.3652e-04 +4.3467e-04 +4.3290e-04 +4.3122e-04 +4.2965e-04 +4.2821e-04 +4.2690e-04 +4.2575e-04 +4.2476e-04 +4.2394e-04 +4.2330e-04 +4.2285e-04 +4.2258e-04 +4.2251e-04 +4.2263e-04 +4.2295e-04 +4.2346e-04 +4.2416e-04 +4.2504e-04 +4.2611e-04 +4.2735e-04 +4.2875e-04 +4.3030e-04 +4.3200e-04 +4.3382e-04 +4.3576e-04 +4.3779e-04 +4.3990e-04 +4.4207e-04 +4.4428e-04 +4.4650e-04 +4.4872e-04 +4.5090e-04 +4.5303e-04 +4.5506e-04 +4.5697e-04 +4.5874e-04 +4.6032e-04 +4.6168e-04 +4.6279e-04 +4.6361e-04 +4.6410e-04 +4.6422e-04 
-0000.00050 +4.5428e-04 +4.5567e-04 +4.5658e-04 +4.5705e-04 +4.5712e-04 +4.5683e-04 +4.5622e-04 +4.5533e-04 +4.5419e-04 +4.5285e-04 +4.5133e-04 +4.4966e-04 +4.4788e-04 +4.4602e-04 +4.4410e-04 +4.4214e-04 +4.4019e-04 +4.3824e-04 +4.3634e-04 +4.3449e-04 +4.3273e-04 +4.3106e-04 +4.2949e-04 +4.2806e-04 +4.2677e-04 +4.2562e-04 +4.2464e-04 +4.2383e-04 +4.2319e-04 +4.2274e-04 +4.2248e-04 +4.2241e-04 +4.2253e-04 +4.2284e-04 +4.2334e-04 +4.2404e-04 +4.2491e-04 +4.2597e-04 +4.2720e-04 +4.2859e-04 +4.3014e-04 +4.3182e-04 +4.3364e-04 +4.3557e-04 +4.3760e-04 +4.3971e-04 +4.4189e-04 +4.4411e-04 +4.4635e-04 +4.4859e-04 +4.5080e-04 +4.5296e-04 +4.5505e-04 +4.5702e-04 +4.5886e-04 +4.6053e-04 +4.6200e-04 +4.6323e-04 +4.6418e-04 +4.6483e-04 +4.6513e-04 
-0000.00100 +4.5783e-04 +4.5858e-04 +4.5892e-04 +4.5889e-04 +4.5853e-04 +4.5786e-04 +4.5693e-04 +4.5577e-04 +4.5441e-04 +4.5287e-04 +4.5120e-04 +4.4941e-04 +4.4754e-04 +4.4561e-04 +4.4364e-04 +4.4166e-04 +4.3969e-04 +4.3774e-04 +4.3585e-04 +4.3402e-04 +4.3228e-04 +4.3063e-04 +4.2910e-04 +4.2769e-04 +4.2642e-04 +4.2530e-04 +4.2434e-04 +4.2354e-04 +4.2291e-04 +4.2246e-04 +4.2220e-04 +4.2212e-04 +4.2222e-04 +4.2251e-04 +4.2299e-04 +4.2365e-04 +4.2449e-04 +4.2551e-04 +4.2670e-04 +4.2805e-04 +4.2955e-04 +4.3120e-04 +4.3299e-04 +4.3490e-04 +4.3691e-04 +4.3902e-04 +4.4121e-04 +4.4346e-04 +4.4575e-04 +4.4806e-04 +4.5038e-04 +4.5268e-04 +4.5493e-04 +4.5711e-04 +4.5920e-04 +4.6117e-04 +4.6299e-04 +4.6463e-04 +4.6606e-04 +4.6725e-04 +4.6816e-04 
-0000.00150 +4.6404e-04 +4.6377e-04 +4.6322e-04 +4.6241e-04 +4.6138e-04 +4.6016e-04 +4.5876e-04 +4.5720e-04 +4.5553e-04 +4.5375e-04 +4.5188e-04 +4.4996e-04 +4.4799e-04 +4.4600e-04 +4.4400e-04 +4.4202e-04 +4.4006e-04 +4.3815e-04 +4.3630e-04 +4.3452e-04 +4.3282e-04 +4.3122e-04 +4.2973e-04 +4.2836e-04 +4.2712e-04 +4.2601e-04 +4.2504e-04 +4.2423e-04 +4.2358e-04 +4.2308e-04 +4.2275e-04 +4.2260e-04 +4.2261e-04 +4.2280e-04 +4.2316e-04 +4.2369e-04 +4.2440e-04 +4.2528e-04 +4.2632e-04 +4.2754e-04 +4.2891e-04 +4.3043e-04 +4.3211e-04 +4.3393e-04 +4.3588e-04 +4.3795e-04 +4.4014e-04 +4.4244e-04 +4.4482e-04 +4.4729e-04 +4.4983e-04 +4.5242e-04 +4.5505e-04 +4.5770e-04 +4.6036e-04 +4.6300e-04 +4.6562e-04 +4.6819e-04 +4.7069e-04 +4.7310e-04 +4.7540e-04 
-0000.00200 +9.0124e-04 +8.9866e-04 +8.9616e-04 +8.9373e-04 +8.9137e-04 +8.8908e-04 +8.8685e-04 +8.8468e-04 +8.8256e-04 +8.8051e-04 +8.7850e-04 +8.7655e-04 +8.7465e-04 +8.7280e-04 +8.7101e-04 +8.6926e-04 +8.6756e-04 +8.6591e-04 +8.6432e-04 +8.6278e-04 +8.6130e-04 +8.5988e-04 +8.5851e-04 +8.5721e-04 +8.5598e-04 +8.5482e-04 +8.5374e-04 +8.5274e-04 +8.5181e-04 +8.5098e-04 +8.5025e-04 +8.4961e-04 +8.4909e-04 +8.4867e-04 +8.4838e-04 +8.4822e-04 +8.4819e-04 +8.4830e-04 +8.4857e-04 +8.4900e-04 +8.4960e-04 +8.5038e-04 +8.5135e-04 +8.5251e-04 +8.5389e-04 +8.5549e-04 +8.5733e-04 +8.5940e-04 +8.6173e-04 +8.6434e-04 +8.6722e-04 +8.7040e-04 +8.7388e-04 +8.7769e-04 +8.8183e-04 +8.8633e-04 +8.9119e-04 +8.9643e-04 +9.0207e-04 +9.0812e-04 +9.1459e-04 
# Total Vertical 2nd Order Kick [T2m2]
START
            -0000.01000 -0000.00967 -0000.00933 -0000.00900 -0000.00867 -0000.00833 -0000.00800 -0000.00767 -0000.00733 -0000.00700 -0000.00667 -0000.00633 -0000.00600 -0000.00567 -0000.00533 -0000.00500 -0000.00467 -0000.00433 -0000.00400 -0000.00367 -0000.00333 -0000.00300 -0000.00267 -0000.00233 -0000.00200 -0000.00167 -0000.00133 -0000.00100 -0000.00067 -0000.00033 +0000.00000 +0000.00033 +0000.00067 +0000.00100 +0000.00133 +0000.00167 +0000.00200 +0000.00233 +0000.00267 +0000.00300 +0000.00333 +0000.00367 +0000.00400 +0000.00433 +0000.00467 +0000.00500 +0000.00533 +0000.00567 +0000.00600 +0000.00633 +0000.00667 +0000.00700 +0000.00733 +0000.00767 +0000.00800 +0000.00833 +0000.00867 +0000.00900 +0000.00933 +0000.00967 +0000.01000 
+0000.00200 -2.3596e-04 -2.2953e-04 -2.2387e-04 -2.1893e-04 -2.1466e-04 -2.1103e-04 -2.0798e-04 -2.0547e-04 -2.0346e-04 -2.0190e-04 -2.0077e-04 -2.0002e-04 -1.9961e-04 -1.9951e-04 -1.9969e-04 -2.0012e-04 -2.0076e-04 -2.0158e-04 -2.0257e-04 -2.0368e-04 -2.0491e-04 -2.0621e-04 -2.0758e-04 -2.0899e-04 -2.1042e-04 -2.1186e-04 -2.1329e-04 -2.1468e-04 -2.1604e-04 -2.1735e-04 -2.1859e-04 -2.1976e-04 -2.2085e-04 -2.2186e-04 -2.2277e-04 -2.2359e-04 -2.2432e-04 -2.2494e-04 -2.2547e-04 -2.2591e-04 -2.2625e-04 -2.2651e-04 -2.2669e-04 -2.2680e-04 -2.2684e-04 -2.2684e-04 -2.2679e-04 -2.2673e-04 -2.2664e-04 -2.2657e-04 -2.2652e-04 -2.2651e-04 -2.2657e-04 -2.2671e-04 -2.2696e-04 -2.2734e-04 -2.2788e-04 -2.2862e-04 -2.2956e-04 -2.3076e-04 -2.3224e-04 
+0000.00150 -1.5420e-04 -1.4945e-04 -1.4526e-04 -1.4162e-04 -1.3847e-04 -1.3580e-04 -1.3356e-04 -1.3173e-04 -1.3027e-04 -1.2917e-04 -1.2838e-04 -1.2789e-04 -1.2767e-04 -1.2768e-04 -1.2792e-04 -1.2835e-04 -1.2895e-04 -1.2970e-04 -1.3058e-04 -1.3157e-04 -1.3265e-04 -1.3381e-04 -1.3501e-04 -1.3626e-04 -1.3753e-04 -1.3881e-04 -1.4008e-04 -1.4134e-04 -1.4257e-04 -1.4376e-04 -1.4489e-04 -1.4597e-04 -1.4698e-04 -1.4792e-04 -1.4877e-04 -1.4954e-04 -1.5021e-04 -1.5079e-04 -1.5128e-04 -1.5166e-04 -1.5194e-04 -1.5212e-04 -1.5219e-04 -1.5217e-04 -1.5205e-04 -1.5184e-04 -1.5154e-04 -1.5116e-04 -1.5070e-04 -1.5017e-04 -1.4957e-04 -1.4892e-04 -1.4823e-04 -1.4750e-04 -1.4675e-04 -1.4599e-04 -1.4524e-04 -1.4450e-04 -1.4379e-04 -1.4313e-04 -1.4254e-04 
+0000.00100 -9.4391e-05 -9.1385e-05 -8.8726e-05 -8.6391e-05 -8.4364e-05 -8.2624e-05 -8.1153e-05 -7.9934e-05 -7.8950e-05 -7.8182e-05 -7.7616e-05 -7.7234e-05 -7.7023e-05 -7.6966e-05 -7.7049e-05 -7.7259e-05 -7.7581e-05 -7.8003e-05 -7.8513e-05 -7.9097e-05 -7.9746e-05 -8.0446e-05 -8.1189e-05 -8.1964e-05 -8.2761e-05 -8.3571e-05 -8.4386e-05 -8.5197e-05 -8.5997e-05 -8.6777e-05 -8.7533e-05 -8.8257e-05 -8.8943e-05 -8.9587e-05 -9.0184e-05 -9.0728e-05 -9.1217e-05 -9.1647e-05 -9.2016e-05 -9.2320e-05 -9.2558e-05 -9.2728e-05 -9.2830e-05 -9.2863e-05 -9.2827e-05 -9.2722e-05 -9.2550e-05 -9.2313e-05 -9.2011e-05 -9.1648e-05 -9.1226e-05 -9.0749e-05 -9.0220e-05 -8.9645e-05 -8.9027e-05 -8.8373e-05 -8.7688e-05 -8.6978e-05 -8.6250e-05 -8.5512e-05 -8.4771e-05 
+0000.00050 -4.4880e-05 -4.3412e-05 -4.2109e-05 -4.0963e-05 -3.9964e-05 -3.9103e-05 -3.8373e-05 -3.7764e-05 -3.7268e-05 -3.6878e-05 -3.6586e-05 -3.6383e-05 -3.6264e-05 -3.6220e-05 -3.6245e-05 -3.6332e-05 -3.6476e-05 -3.6669e-05 -3.6905e-05 -3.7179e-05 -3.7486e-05 -3.7820e-05 -3.8176e-05 -3.8548e-05 -3.8933e-05 -3.9326e-05 -3.9723e-05 -4.0119e-05 -4.0511e-05 -4.0895e-05 -4.1269e-05 -4.1628e-05 -4.1970e-05 -4.2292e-05 -4.2592e-05 -4.2868e-05 -4.3117e-05 -4.3337e-05 -4.3528e-05 -4.3687e-05 -4.3814e-05 -4.3907e-05 -4.3966e-05 -4.3991e-05 -4.3980e-05 -4.3934e-05 -4.3854e-05 -4.3739e-05 -4.3590e-05 -4.3409e-05 -4.3195e-05 -4.2950e-05 -4.2676e-05 -4.2374e-05 -4.2047e-05 -4.1696e-05 -4.1324e-05 -4.0933e-05 -4.0527e-05 -4.0107e-05 -3.9678e-05 
+0000.00000 +1.6382e-08 +1.4846e-08 +1.3410e-08 +1.2068e-08 +1.0815e-08 +9.6463e-09 +8.5564e-09 +7.5411e-09 +6.5959e-09 +5.7168e-09 +4.8997e-09 +4.1409e-09 +3.4369e-09 +2.7843e-09 +2.1801e-09 +1.6213e-09 +1.1052e-09 +6.2932e-10 +1.9138e-10 -2.1068e-10 -5.7874e-10 -9.1446e-10 -1.2193e-09 -1.4944e-09 -1.7409e-09 -1.9596e-09 -2.1511e-09 -2.3158e-09 -2.4539e-09 -2.5653e-09 -2.6499e-09 -2.7072e-09 -2.7365e-09 -2.7371e-09 -2.7078e-09 -2.6474e-09 -2.5544e-09 -2.4270e-09 -2.2635e-09 -2.0617e-09 -1.8193e-09 -1.5337e-09 -1.2022e-09 -8.2196e-10 -3.8969e-10 +9.7914e-11 +6.4443e-10 +1.2536e-09 +1.9295e-09 +2.6763e-09 +3.4984e-09 +4.4004e-09 +5.3871e-09 +6.4636e-09 +7.6351e-09 +8.9070e-09 +1.0285e-08 +1.1775e-08 +1.3383e-08 +1.5116e-08 +1.6979e-08 
-0000.00050 +4.4913e-05 +4.3441e-05 +4.2136e-05 +4.0986e-05 +3.9985e-05 +3.9122e-05 +3.8389e-05 +3.7778e-05 +3.7281e-05 +3.6889e-05 +3.6595e-05 +3.6391e-05 +3.6270e-05 +3.6225e-05 +3.6249e-05 +3.6335e-05 +3.6478e-05 +3.6670e-05 +3.6905e-05 +3.7179e-05 +3.7485e-05 +3.7818e-05 +3.8173e-05 +3.8546e-05 +3.8930e-05 +3.9323e-05 +3.9719e-05 +4.0115e-05 +4.0507e-05 +4.0891e-05 +4.1264e-05 +4.1623e-05 +4.1965e-05 +4.2288e-05 +4.2588e-05 +4.2863e-05 +4.3112e-05 +4.3333e-05 +4.3524e-05 +4.3683e-05 +4.3810e-05 +4.3904e-05 +4.3964e-05 +4.3989e-05 +4.3979e-05 +4.3935e-05 +4.3855e-05 +4.3741e-05 +4.3594e-05 +4.3413e-05 +4.3201e-05 +4.2958e-05 +4.2686e-05 +4.2387e-05 +4.2062e-05 +4.1714e-05 +4.1344e-05 +4.0957e-05 +4.0553e-05 +4.0138e-05 +3.9712e-05 
-0000.00100 +9.4428e-05 +9.1418e-05 +8.8753e-05 +8.6415e-05 +8.4384e-05 +8.2641e-05 +8.1168e-05 +7.9947e-05 +7.8960e-05 +7.8191e-05 +7.7622e-05 +7.7240e-05 +7.7027e-05 +7.6969e-05 +7.7051e-05 +7.7260e-05 +7.7581e-05 +7.8003e-05 +7.8512e-05 +7.9096e-05 +7.9744e-05 +8.0444e-05 +8.1187e-05 +8.1961e-05 +8.2758e-05 +8.3568e-05 +8.4383e-05 +8.5194e-05 +8.5993e-05 +8.6774e-05 +8.7529e-05 +8.8253e-05 +8.8939e-05 +8.9583e-05 +9.0180e-05 +9.0724e-05 +9.1213e-05 +9.1643e-05 +9.2012e-05 +9.2316e-05 +9.2554e-05 +9.2725e-05 +9.2827e-05 +9.2860e-05 +9.2825e-05 +9.2721e-05 +9.2550e-05 +9.2313e-05 +9.2012e-05 +9.1650e-05 +9.1230e-05 +9.0755e-05 +9.0228e-05 +8.9655e-05 +8.9040e-05 +8.8389e-05 +8.7707e-05 +8.7001e-05 +8.6277e-05 +8.5543e-05 +8.4807e-05 
-0000.00150 +1.5423e-04 +1.4948e-04 +1.4529e-04 +1.4164e-04 +1.3849e-04 +1.3581e-04 +1.3357e-04 +1.3174e-04 +1.3028e-04 +1.2917e-04 +1.2839e-04 +1.2789e-04 +1.2767e-04 +1.2768e-04 +1.2792e-04 +1.2835e-04 +1.2895e-04 +1.2970e-04 +1.3058e-04 +1.3157e-04 +1.3265e-04 +1.3380e-04 +1.3501e-04 +1.3626e-04 +1.3753e-04 +1.3881e-04 +1.4008e-04 +1.4134e-04 +1.4257e-04 +1.4375e-04 +1.4489e-04 +1.4597e-04 +1.4698e-04 +1.4791e-04 +1.4877e-04 +1.4953e-04 +1.5021e-04 +1.5079e-04 +1.5127e-04 +1.5165e-04 +1.5193e-04 +1.5211e-04 +1.5219e-04 +1.5217e-04 +1.5205e-04 +1.5184e-04 +1.5154e-04 +1.5116e-04 +1.5070e-04 +1.5017e-04 +1.4957e-04 +1.4893e-04 +1.4824e-04 +1.4751e-04 +1.4677e-04 +1.4601e-04 +1.4526e-04 +1.4452e-04 +1.4382e-04 +1.4317e-04 +1.4258e-04 
-0000.00200 +2.3600e-04 +2.2956e-04 +2.2390e-04 +2.1895e-04 +2.1468e-04 +2.1105e-04 +2.0799e-04 +2.0548e-04 +2.0346e-04 +2.0191e-04 +2.0077e-04 +2.0002e-04 +1.9961e-04 +1.9951e-04 +1.9969e-04 +2.0011e-04 +2.0075e-04 +2.0158e-04 +2.0256e-04 +2.0368e-04 +2.0490e-04 +2.0621e-04 +2.0758e-04 +2.0899e-04 +2.1042e-04 +2.1186e-04 +2.1329e-04 +2.1468e-04 +2.1604e-04 +2.1735e-04 +2.1859e-04 +2.1976e-04 +2.2085e-04 +2.2186e-04 +2.2277e-04 +2.2359e-04 +2.2432e-04 +2.2494e-04 +2.2547e-04 +2.2590e-04 +2.2625e-04 +2.2651e-04 +2.2669e-04 +2.2679e-04 +2.2684e-04 +2.2684e-04 +2.2679e-04 +2.2672e-04 +2.2664e-04 +2.2657e-04 +2.2652e-04 +2.2651e-04 +2.2657e-04 +2.2671e-04 +2.2696e-04 +2.2735e-04 +2.2790e-04 +2.2863e-04 +2.2959e-04 +2.3079e-04 +2.3227e-04 
# Horizontal Final Position [m]
START
            -0000.01000 -0000.00967 -0000.00933 -0000.00900 -0000.00867 -0000.00833 -0000.00800 -0000.00767 -0000.00733 -0000.00700 -0000.00667 -0000.00633 -0000.00600 -0000.00567 -0000.00533 -0000.00500 -0000.00467 -0000.00433 -0000.00400 -0000.00367 -0000.00333 -0000.00300 -0000.00267 -0000.00233 -0000.00200 -0000.00167 -0000.00133 -0000.00100 -0000.00067 -0000.00033 +0000.00000 +0000.00033 +0000.00067 +0000.00100 +0000.00133 +0000.00167 +0000.00200 +0000.00233 +0000.00267 +0000.00300 +0000.00333 +0000.00367 +0000.00400 +0000.00433 +0000.00467 +0000.00500 +0000.00533 +0000.00567 +0000.00600 +0000.00633 +0000.00667 +0000.00700 +0000.00733 +0000.00767 +0000.00800 +0000.00833 +0000.00867 +0000.00900 +0000.00933 +0000.00967 +0000.01000 
+0000.00200 -9.9977e-03 -9.6645e-03 -9.3313e-03 -8.9981e-03 -8.6649e-03 -8.3316e-03 -7.9984e-03 -7.6651e-03 -7.3319e-03 -6.9986e-03 -6.6653e-03 -6.3320e-03 -5.9988e-03 -5.6655e-03 -5.3322e-03 -4.9989e-03 -4.6656e-03 -4.3323e-03 -3.9990e-03 -3.6657e-03 -3.3324e-03 -2.9991e-03 -2.6658e-03 -2.3325e-03 -1.9992e-03 -1.6658e-03 -1.3325e-03 -9.9920e-04 -6.6587e-04 -3.3255e-04 +7.8412e-07 +3.3412e-04 +6.6745e-04 +1.0008e-03 +1.3341e-03 +1.6675e-03 +2.0008e-03 +2.3342e-03 +2.6675e-03 +3.0009e-03 +3.3342e-03 +3.6676e-03 +4.0009e-03 +4.3343e-03 +4.6677e-03 +5.0010e-03 +5.3344e-03 +5.6678e-03 +6.0012e-03 +6.3346e-03 +6.6680e-03 +7.0014e-03 +7.3348e-03 +7.6682e-03 +8.0016e-03 +8.3350e-03 +8.6685e-03 +9.0019e-03 +9.3354e-03 +9.6688e-03 +1.0002e-02 
+0000.00150 -9.9986e-03 -9.6654e-03 -9.3321e-03 -8.9989e-03 -8.6657e-03 -8.3324e-03 -7.9992e-03 -7.6659e-03 -7.3326e-03 -6.9994e-03 -6.6661e-03 -6.3328e-03 -5.9995e-03 -5.6663e-03 -5.3330e-03 -4.9997e-03 -4.6664e-03 -4.3331e-03 -3.9998e-03 -3.6665e-03 -3.3332e-03 -2.9999e-03 -2.6666e-03 -2.3332e-03 -1.9999e-03 -1.6666e-03 -1.3333e-03 -9.9997e-04 -6.6664e-04 -3.3331e-04 +1.6136e-08 +3.3335e-04 +6.6668e-04 +1.0000e-03 +1.3334e-03 +1.6667e-03 +2.0000e-03 +2.3334e-03 +2.6667e-03 +3.0001e-03 +3.3335e-03 +3.6668e-03 +4.0002e-03 +4.3335e-03 +4.6669e-03 +5.0003e-03 +5.3337e-03 +5.6670e-03 +6.0004e-03 +6.3338e-03 +6.6672e-03 +7.0006e-03 +7.3340e-03 +7.6674e-03 +8.0008e-03 +8.3342e-03 +8.6676e-03 +9.0011e-03 +9.3345e-03 +9.6679e-03 +1.0001e-02 
+0000.00100 -9.9986e-03 -9.6654e-03 -9.3321e-03 -8.9989e-03 -8.6656e-03 -8.3324e-03 -7.9991e-03 -7.6659e-03 -7.3326e-03 -6.9993e-03 -6.6661e-03 -6.3328e-03 -5.9995e-03 -5.6662e-03 -5.3330e-03 -4.9997e-03 -4.6664e-03 -4.3331e-03 -3.9998e-03 -3.6665e-03 -3.3332e-03 -2.9999e-03 -2.6666e-03 -2.3332e-03 -1.9999e-03 -1.6666e-03 -1.3333e-03 -9.9996e-04 -6.6664e-04 -3.3331e-04 +2.2549e-08 +3.3336e-04 +6.6669e-04 +1.0000e-03 +1.3334e-03 +1.6667e-03 +2.0001e-03 +2.3334e-03 +2.6668e-03 +3.0001e-03 +3.3335e-03 +3.6668e-03 +4.0002e-03 +4.3336e-03 +4.6669e-03 +5.0003e-03 +5.3337e-03 +5.6671e-03 +6.0004e-03 +6.3338e-03 +6.6672e-03 +7.0006e-03 +7.3340e-03 +7.6674e-03 +8.0008e-03 +8.3342e-03 +8.6677e-03 +9.0011e-03 +9.3345e-03 +9.6679e-03 +1.0001e-02 
+0000.00050 -9.9986e-03 -9.6653e-03 -9.3321e-03 -8.9989e-03 -8.6656e-03 -8.3324e-03 -7.9991e-03 -7.6659e-03 -7.3326e-03 -6.9993e-03 -6.6661e-03 -6.3328e-03 -5.9995e-03 -5.6662e-03 -5.3329e-03 -4.9997e-03 -4.6664e-03 -4.3331e-03 -3.9998e-03 -3.6665e-03 -3.3332e-03 -2.9999e-03 -2.6666e-03 -2.3332e-03 -1.9999e-03 -1.6666e-03 -1.3333e-03 -9.9997e-04 -6.6664e-04 -3.3331e-04 +1.7017e-08 +3.3335e-04 +6.6669e-04 +1.0000e-03 +1.3334e-03 +1.6667e-03 +2.0001e-03 +2.3334e-03 +2.6668e-03 +3.0001e-03 +3.3335e-03 +3.6668e-03 +4.0002e-03 +4.3336e-03 +4.6669e-03 +5.0003e-03 +5.3337e-03 +5.6671e-03 +6.0005e-03 +6.3338e-03 +6.6672e-03 +7.0006e-03 +7.3340e-03 +7.6674e-03 +8.0008e-03 +8.3343e-03 +8.6677e-03 +9.0011e-03 +9.3345e-03 +9.6680e-03 +1.0001e-02 
+0000.00000 -9.9988e-03 -9.6655e-03 -9.3322e-03 -8.9989e-03 -8.6656e-03 -8.3324e-03 -7.9991e-03 -7.6658e-03 -7.3325e-03 -6.9992e-03 -6.6660e-03 -6.3327e-03 -5.9994e-03 -5.6661e-03 -5.3329e-03 -4.9996e-03 -4.6663e-03 -4.3330e-03 -3.9997e-03 -3.6664e-03 -3.3331e-03 -2.9998e-03 -2.6665e-03 -2.3332e-03 -1.9999e-03 -1.6666e-03 -1.3333e-03 -9.9999e-04 -6.6668e-04 -3.3335e-04 -2.9195e-08 +3.3330e-04 +6.6663e-04 +9.9997e-04 +1.3333e-03 +1.6667e-03 +2.0000e-03 +2.3334e-03 +2.6667e-03 +3.0001e-03 +3.3334e-03 +3.6668e-03 +4.0002e-03 +4.3335e-03 +4.6669e-03 +5.0003e-03 +5.3337e-03 +5.6671e-03 +6.0005e-03 +6.3339e-03 +6.6673e-03 +7.0007e-03 +7.3341e-03 +7.6675e-03 +8.0009e-03 +8.3343e-03 +8.6677e-03 +9.0011e-03 +9.3346e-03 +9.6680e-03 +1.0001e-02 
-0000.00050 -9.9986e-03 -9.6653e-03 -9.3321e-03 -8.9989e-03 -8.6656e-03 -8.3324e-03 -7.9991e-03 -7.6659e-03 -7.3326e-03 -6.9993e-03 -6.6661e-03 -6.3328e-03 -5.9995e-03 -5.6662e-03 -5.3329e-03 -4.9997e-03 -4.6664e-03 -4.3331e-03 -3.9998e-03 -3.6665e-03 -3.3332e-03 -2.9999e-03 -2.6666e-03 -2.3332e-03 -1.9999e-03 -1.6666e-03 -1.3333e-03 -9.9997e-04 -6.6664e-04 -3.3331e-04 +1.7017e-08 +3.3335e-04 +6.6669e-04 +1.0000e-03 +1.3334e-03 +1.6667e-03 +2.0001e-03 +2.3334e-03 +2.6668e-03 +3.0001e-03 +3.3335e-03 +3.6668e-03 +4.0002e-03 +4.3336e-03 +4.6669e-03 +5.0003e-03 +5.3337e-03 +5.6671e-03 +6.0005e-03 +6.3338e-03 +6.6672e-03 +7.0006e-03 +7.3340e-03 +7.6674e-03 +8.0008e-03 +8.3343e-03 +8.6677e-03 +9.0011e-03 +9.3345e-03 +9.6680e-03 +1.0001e-02 
-0000.00100 -9.9986e-03 -9.6654e-03 -9.3321e-03 -8.9989e-03 -8.6656e-03 -8.3324e-03 -7.9991e-03 -7.6659e-03 -7.3326e-03 -6.9993e-03 -6.6661e-03 -6.3328e-03 -5.9995e-03 -5.6662e-03 -5.3330e-03 -4.9997e-03 -4.6664e-03 -4.3331e-03 -3.9998e-03 -3.6665e-03 -3.3332e-03 -2.9999e-03 -2.6666e-03 -2.3332e-03 -1.9999e-03 -1.6666e-03 -1.3333e-03 -9.9996e-04 -6.6664e-04 -3.3331e-04 +2.2549e-08 +3.3336e-04 +6.6669e-04 +1.0000e-03 +1.3334e-03 +1.6667e-03 +2.0001e-03 +2.3334e-03 +2.6668e-03 +3.0001e-03 +3.3335e-03 +3.6668e-03 +4.0002e-03 +4.3336e-03 +4.6669e-03 +5.0003e-03 +5.3337e-03 +5.6671e-03 +6.0004e-03 +6.3338e-03 +6.6672e-03 +7.0006e-03 +7.3340e-03 +7.6674e-03 +8.0008e-03 +8.3342e-03 +8.6677e-03 +9.0011e-03 +9.3345e-03 +9.6679e-03 +1.0001e-02 
-0000.00150 -9.9986e-03 -9.6654e-03 -9.3321e-03 -8.9989e-03 -8.6657e-03 -8.3324e-03 -7.9992e-03 -7.6659e-03 -7.3326e-03 -6.9994e-03 -6.6661e-03 -6.3328e-03 -5.9995e-03 -5.6663e-03 -5.3330e-03 -4.9997e-03 -4.6664e-03 -4.3331e-03 -3.9998e-03 -3.6665e-03 -3.3332e-03 -2.9999e-03 -2.6666e-03 -2.3332e-03 -1.9999e-03 -1.6666e-03 -1.3333e-03 -9.9997e-04 -6.6664e-04 -3.3331e-04 +1.6136e-08 +3.3335e-04 +6.6668e-04 +1.0000e-03 +1.3334e-03 +1.6667e-03 +2.0000e-03 +2.3334e-03 +2.6667e-03 +3.0001e-03 +3.3335e-03 +3.6668e-03 +4.0002e-03 +4.3335e-03 +4.6669e-03 +5.0003e-03 +5.3337e-03 +5.6670e-03 +6.0004e-03 +6.3338e-03 +6.6672e-03 +7.0006e-03 +7.3340e-03 +7.6674e-03 +8.0008e-03 +8.3342e-03 +8.6676e-03 +9.0011e-03 +9.3345e-03 +9.6679e-03 +1.0001e-02 
-0000.00200 -9.9977e-03 -9.6645e-03 -9.3313e-03 -8.9981e-03 -8.6649e-03 -8.3316e-03 -7.9984e-03 -7.6651e-03 -7.3319e-03 -6.9986e-03 -6.6653e-03 -6.3320e-03 -5.9988e-03 -5.6655e-03 -5.3322e-03 -4.9989e-03 -4.6656e-03 -4.3323e-03 -3.9990e-03 -3.6657e-03 -3.3324e-03 -2.9991e-03 -2.6658e-03 -2.3325e-03 -1.9992e-03 -1.6658e-03 -1.3325e-03 -9.9920e-04 -6.6587e-04 -3.3255e-04 +7.8412e-07 +3.3412e-04 +6.6745e-04 +1.0008e-03 +1.3341e-03 +1.6675e-03 +2.0008e-03 +2.3342e-03 +2.6675e-03 +3.0009e-03 +3.3342e-03 +3.6676e-03 +4.0009e-03 +4.3343e-03 +4.6677e-03 +5.0010e-03 +5.3344e-03 +5.6678e-03 +6.0012e-03 +6.3346e-03 +6.6680e-03 +7.0014e-03 +7.3348e-03 +7.6682e-03 +8.0016e-03 +8.3350e-03 +8.6685e-03 +9.0019e-03 +9.3354e-03 +9.6688e-03 +1.0002e-02 
# Vertical Final Position [m]
START
            -0000.01000 -0000.00967 -0000.00933 -0000.00900 -0000.00867 -0000.00833 -0000.00800 -0000.00767 -0000.00733 -0000.00700 -0000.00667 -0000.00633 -0000.00600 -0000.00567 -0000.00533 -0000.00500 -0000.00467 -0000.00433 -0000.00400 -0000.00367 -0000.00333 -0000.00300 -0000.00267 -0000.00233 -0000.00200 -0000.00167 -0000.00133 -0000.00100 -0000.00067 -0000.00033 +0000.00000 +0000.00033 +0000.00067 +0000.00100 +0000.00133 +0000.00167 +0000.00200 +0000.00233 +0000.00267 +0000.00300 +0000.00333 +0000.00367 +0000.00400 +0000.00433 +0000.00467 +0000.00500 +0000.00533 +0000.00567 +0000.00600 +0000.00633 +0000.00667 +0000.00700 +0000.00733 +0000.00767 +0000.00800 +0000.00833 +0000.00867 +0000.00900 +0000.00933 +0000.00967 +0000.01000 
+0000.00200 +2.0002e-03 +2.0002e-03 +2.0002e-03 +2.0002e-03 +2.0002e-03 +2.0002e-03 +2.0002e-03 +2.0002e-03 +2.0002e-03 +2.0002e-03 +2.0002e-03 +2.0002e-03 +2.0002e-03 +2.0002e-03 +2.0001e-03 +2.0001e-03 +2.0001e-03 +2.0001e-03 +2.0000e-03 +2.0000e-03 +2.0000e-03 +2.0000e-03 +1.9999e-03 +1.9999e-03 +1.9999e-03 +1.9999e-03 +1.9998e-03 +1.9998e-03 +1.9998e-03 +1.9998e-03 +1.9998e-03 +1.9997e-03 +1.9997e-03 +1.9997e-03 +1.9997e-03 +1.9996e-03 +1.9996e-03 +1.9996e-03 +1.9996e-03 +1.9996e-03 +1.9995e-03 +1.9995e-03 +1.9995e-03 +1.9995e-03 +1.9995e-03 +1.9995e-03 +1.9995e-03 +1.9994e-03 +1.9994e-03 +1.9994e-03 +1.9994e-03 +1.9994e-03 +1.9994e-03 +1.9994e-03 +1.9994e-03 +1.9994e-03 +1.9993e-03 +1.9993e-03 +1.9993e-03 +1.9993e-03 +1.9993e-03 
+0000.00150 +1.5001e-03 +1.5002e-03 +1.5002e-03 +1.5002e-03 +1.5002e-03 +1.5002e-03 +1.5002e-03 +1.5002e-03 +1.5002e-03 +1.5002e-03 +1.5002e-03 +1.5002e-03 +1.5001e-03 +1.5001e-03 +1.5001e-03 +1.5001e-03 +1.5001e-03 +1.5001e-03 +1.5001e-03 +1.5000e-03 +1.5000e-03 +1.5000e-03 +1.5000e-03 +1.5000e-03 +1.4999e-03 +1.4999e-03 +1.4999e-03 +1.4999e-03 +1.4999e-03 +1.4998e-03 +1.4998e-03 +1.4998e-03 +1.4998e-03 +1.4998e-03 +1.4998e-03 +1.4998e-03 +1.4997e-03 +1.4997e-03 +1.4997e-03 +1.4997e-03 +1.4997e-03 +1.4997e-03 +1.4997e-03 +1.4997e-03 +1.4997e-03 +1.4996e-03 +1.4996e-03 +1.4996e-03 +1.4996e-03 +1.4996e-03 +1.4996e-03 +1.4996e-03 +1.4996e-03 +1.4996e-03 +1.4996e-03 +1.4996e-03 +1.4996e-03 +1.4995e-03 +1.4995e-03 +1.4995e-03 +1.4995e-03 
+0000.00100 +1.0001e-03 +1.0001e-03 +1.0001e-03 +1.0001e-03 +1.0001e-03 +1.0001e-03 +1.0001e-03 +1.0001e-03 +1.0001e-03 +1.0001e-03 +1.0001e-03 +1.0001e-03 +1.0001e-03 +1.0001e-03 +1.0001e-03 +1.0001e-03 +1.0001e-03 +1.0001e-03 +1.0001e-03 +1.0000e-03 +1.0000e-03 +1.0000e-03 +1.0000e-03 +9.9998e-04 +9.9997e-04 +9.9996e-04 +9.9994e-04 +9.9993e-04 +9.9992e-04 +9.9990e-04 +9.9989e-04 +9.9988e-04 +9.9987e-04 +9.9986e-04 +9.9985e-04 +9.9984e-04 +9.9983e-04 +9.9982e-04 +9.9981e-04 +9.9980e-04 +9.9979e-04 +9.9979e-04 +9.9978e-04 +9.9978e-04 +9.9977e-04 +9.9977e-04 +9.9976e-04 +9.9976e-04 +9.9975e-04 +9.9975e-04 +9.9975e-04 +9.9974e-04 +9.9974e-04 +9.9974e-04 +9.9973e-04 +9.9973e-04 +9.9973e-04 +9.9972e-04 +9.9972e-04 +9.9971e-04 +9.9970e-04 
+0000.00050 +5.0003e-04 +5.0004e-04 +5.0005e-04 +5.0005e-04 +5.0006e-04 +5.0006e-04 +5.0007e-04 +5.0007e-04 +5.0007e-04 +5.0007e-04 +5.0007e-04 +5.0007e-04 +5.0006e-04 +5.0006e-04 +5.0005e-04 +5.0005e-04 +5.0004e-04 +5.0004e-04 +5.0003e-04 +5.0003e-04 +5.0002e-04 +5.0001e-04 +5.0001e-04 +5.0000e-04 +4.9999e-04 +4.9998e-04 +4.9998e-04 +4.9997e-04 +4.9996e-04 +4.9996e-04 +4.9995e-04 +4.9994e-04 +4.9994e-04 +4.9993e-04 +4.9993e-04 +4.9992e-04 +4.9992e-04 +4.9991e-04 +4.9991e-04 +4.9990e-04 +4.9990e-04 +4.9990e-04 +4.9989e-04 +4.9989e-04 +4.9989e-04 +4.9989e-04 +4.9988e-04 +4.9988e-04 +4.9988e-04 +4.9988e-04 +4.9988e-04 +4.9988e-04 +4.9988e-04 +4.9987e-04 +4.9987e-04 +4.9987e-04 +4.9987e-04 +4.9987e-04 +4.9987e-04 +4.9987e-04 +4.9986e-04 
+0000.00000 +1.3215e-12 -4.3841e-13 -2.1540e-12 -3.8242e-12 -5.4479e-12 -7.0240e-12 -8.5517e-12 -1.0030e-11 -1.1458e-11 -1.2834e-11 -1.4158e-11 -1.5428e-11 -1.6645e-11 -1.7806e-11 -1.8911e-11 -1.9960e-11 -2.0951e-11 -2.1883e-11 -2.2757e-11 -2.3570e-11 -2.4323e-11 -2.5014e-11 -2.5643e-11 -2.6209e-11 -2.6712e-11 -2.7150e-11 -2.7524e-11 -2.7832e-11 -2.8074e-11 -2.8249e-11 -2.8357e-11 -2.8397e-11 -2.8370e-11 -2.8273e-11 -2.8107e-11 -2.7871e-11 -2.7565e-11 -2.7188e-11 -2.6740e-11 -2.6221e-11 -2.5630e-11 -2.4967e-11 -2.4231e-11 -2.3422e-11 -2.2540e-11 -2.1584e-11 -2.0555e-11 -1.9452e-11 -1.8274e-11 -1.7022e-11 -1.5696e-11 -1.4294e-11 -1.2818e-11 -1.1266e-11 -9.6397e-12 -7.9376e-12 -6.1601e-12 -4.3070e-12 -2.3785e-12 -3.7434e-13 +1.7054e-12 
-0000.00050 -5.0003e-04 -5.0004e-04 -5.0005e-04 -5.0005e-04 -5.0006e-04 -5.0006e-04 -5.0007e-04 -5.0007e-04 -5.0007e-04 -5.0007e-04 -5.0007e-04 -5.0007e-04 -5.0006e-04 -5.0006e-04 -5.0005e-04 -5.0005e-04 -5.0004e-04 -5.0004e-04 -5.0003e-04 -5.0003e-04 -5.0002e-04 -5.0001e-04 -5.0001e-04 -5.0000e-04 -4.9999e-04 -4.9998e-04 -4.9998e-04 -4.9997e-04 -4.9996e-04 -4.9996e-04 -4.9995e-04 -4.9994e-04 -4.9994e-04 -4.9993e-04 -4.9993e-04 -4.9992e-04 -4.9992e-04 -4.9991e-04 -4.9991e-04 -4.9990e-04 -4.9990e-04 -4.9990e-04 -4.9989e-04 -4.9989e-04 -4.9989e-04 -4.9989e-04 -4.9988e-04 -4.9988e-04 -4.9988e-04 -4.9988e-04 -4.9988e-04 -4.9988e-04 -4.9988e-04 -4.9987e-04 -4.9987e-04 -4.9987e-04 -4.9987e-04 -4.9987e-04 -4.9987e-04 -4.9987e-04 -4.9986e-04 
-0000.00100 -1.0001e-03 -1.0001e-03 -1.0001e-03 -1.0001e-03 -1.0001e-03 -1.0001e-03 -1.0001e-03 -1.0001e-03 -1.0001e-03 -1.0001e-03 -1.0001e-03 -1.0001e-03 -1.0001e-03 -1.0001e-03 -1.0001e-03 -1.0001e-03 -1.0001e-03 -1.0001e-03 -1.0001e-03 -1.0000e-03 -1.0000e-03 -1.0000e-03 -1.0000e-03 -9.9998e-04 -9.9997e-04 -9.9996e-04 -9.9994e-04 -9.9993e-04 -9.9992e-04 -9.9990e-04 -9.9989e-04 -9.9988e-04 -9.9987e-04 -9.9986e-04 -9.9985e-04 -9.9984e-04 -9.9983e-04 -9.9982e-04 -9.9981e-04 -9.9980e-04 -9.9979e-04 -9.9979e-04 -9.9978e-04 -9.9978e-04 -9.9977e-04 -9.9977e-04 -9.9976e-04 -9.9976e-04 -9.9975e-04 -9.9975e-04 -9.9975e-04 -9.9974e-04 -9.9974e-04 -9.9974e-04 -9.9973e-04 -9.9973e-04 -9.9973e-04 -9.9972e-04 -9.9972e-04 -9.9971e-04 -9.9970e-04 
-0000.00150 -1.5001e-03 -1.5002e-03 -1.5002e-03 -1.5002e-03 -1.5002e-03 -1.5002e-03 -1.5002e-03 -1.5002e-03 -1.5002e-03 -1.5002e-03 -1.5002e-03 -1.5002e-03 -1.5001e-03 -1.5001e-03 -1.5001e-03 -1.5001e-03 -1.5001e-03 -1.5001e-03 -1.5001e-03 -1.5000e-03 -1.5000e-03 -1.5000e-03 -1.5000e-03 -1.5000e-03 -1.4999e-03 -1.4999e-03 -1.4999e-03 -1.4999e-03 -1.4999e-03 -1.4998e-03 -1.4998e-03 -1.4998e-03 -1.4998e-03 -1.4998e-03 -1.4998e-03 -1.4998e-03 -1.4997e-03 -1.4997e-03 -1.4997e-03 -1.4997e-03 -1.4997e-03 -1.4997e-03 -1.4997e-03 -1.4997e-03 -1.4997e-03 -1.4996e-03 -1.4996e-03 -1.4996e-03 -1.4996e-03 -1.4996e-03 -1.4996e-03 -1.4996e-03 -1.4996e-03 -1.4996e-03 -1.4996e-03 -1.4996e-03 -1.4996e-03 -1.4995e-03 -1.4995e-03 -1.4995e-03 -1.4995e-03 
-0000.00200 -2.0002e-03 -2.0002e-03 -2.0002e-03 -2.0002e-03 -2.0002e-03 -2.0002e-03 -2.0002e-03 -2.0002e-03 -2.0002e-03 -2.0002e-03 -2.0002e-03 -2.0002e-03 -2.0002e-03 -2.0002e-03 -2.0001e-03 -2.0001e-03 -2.0001e-03 -2.0001e-03 -2.0000e-03 -2.0000e-03 -2.0000e-03 -2.0000e-03 -1.9999e-03 -1.9999e-03 -1.9999e-03 -1.9999e-03 -1.9998e-03 -1.9998e-03 -1.9998e-03 -1.9998e-03 -1.9998e-03 -1.9997e-03 -1.9997e-03 -1.9997e-03 -1.9997e-03 -1.9996e-03 -1.9996e-03 -1.9996e-03 -1.9996e-03 -1.9996e-03 -1.9995e-03 -1.9995e-03 -1.9995e-03 -1.9995e-03 -1.9995e-03 -1.9995e-03 -1.9995e-03 -1.9994e-03 -1.9994e-03 -1.9994e-03 -1.9994e-03 -1.9994e-03 -1.9994e-03 -1.9994e-03 -1.9994e-03 -1.9994e-03 -1.9993e-03 -1.9993e-03 -1.9993e-03 -1.9993e-03 -1.9993e-03 