# Author: FAC idanalysis.IDKickMap
# Termination_kicks [T2m2]: +0.0000e+00 +0.0000e+00 +0.0000e+00 +0.0000e+00 
# Total Length of Longitudinal Interval [m]
0.13
# Number of Horizontal Points
61
# Number of Vertical Points
9
# Total Horizontal 2nd Order Kick [T2m2]
START
            -0000.01000 -0000.00967 -0000.00933 -0000.00900 -0000.00867 -0000.00833 -0000.00800 -0000.00767 -0000.00733 -0000.00700 -0000.00667 -0000.00633 -0000.00600 -0000.00567 -0000.00533 -0000.00500 -0000.00467 -0000.00433 -0000.00400 -0000.00367 -0000.00333 -0000.00300 -0000.00267 -0000.00233 -0000.00200 -0000.00167 -0000.00133 -0000.00100 -0000.00067 -0000.00033 +0000.00000 +0000.00033 +0000.00067 +0000.00100 +0000.00133 +0000.00167 +0000.00200 +0000.00233 +0000.00267 +0000.00300 +0000.00333 +0000.00367 +0000.00400 +0000.00433 +0000.00467 +0000.00500 +0000.00533 +0000.00567 +0000.00600 +0000.00633 +0000.00667 +0000.00700 +0000.00733 +0000.00767 +0000.00800 +0000.00833 +0000.00867 +0000.00900 +0000.00933 +0000.00967 +0000.01000 
+0000.00200 -2.8180e-05 -2.7310e-05 -2.6520e-05 -2.5800e-05 -2.5160e-05 -2.4580e-05 -2.4060e-05 -2.3600e-05 -2.3180e-05 -2.2820e-05 -2.2500e-05 -2.2220e-05 -2.1970e-05 -2.1760e-05 -2.1580e-05 -2.1420e-05 -2.1280e-05 -2.1170e-05 -2.1070e-05 -2.0990e-05 -2.0920e-05 -2.0860e-05 -2.0820e-05 -2.0780e-05 -2.0750e-05 -2.0720e-05 -2.0700e-05 -2.0680e-05 -2.0670e-05 -2.0650e-05 -2.0640e-05 -2.0640e-05 -2.0630e-05 -2.0630e-05 -2.0630e-05 -2.0640e-05 -2.0650e-05 -2.0660e-05 -2.0680e-05 -2.0710e-05 -2.0760e-05 -2.0810e-05 -2.0880e-05 -2.0960e-05 -2.1060e-05 -2.1190e-05 -2.1330e-05 -2.1510e-05 -2.1710e-05 -2.1950e-05 -2.2220e-05 -2.2540e-05 -2.2900e-05 -2.3300e-05 -2.3760e-05 -2.4280e-05 -2.4860e-05 -2.5510e-05 -2.6220e-05 -2.7020e-05 -2.7890e-05 
+0000.00150 -7.9000e-06 -7.1800e-06 -6.5200e-06 -5.9100e-06 -5.3400e-06 -4.8100e-06 -4.3300e-06 -3.8800e-06 -3.4700e-06 -3.0900e-06 -2.7500e-06 -2.4400e-06 -2.1500e-06 -1.8900e-06 -1.6500e-06 -1.4300e-06 -1.2400e-06 -1.0600e-06 -9.1000e-07 -7.6000e-07 -6.4000e-07 -5.3000e-07 -4.3000e-07 -3.5000e-07 -2.8000e-07 -2.1000e-07 -1.6000e-07 -1.2000e-07 -9.0000e-08 -7.0000e-08 -6.0000e-08 -6.0000e-08 -7.0000e-08 -9.0000e-08 -1.2000e-07 -1.6000e-07 -2.1000e-07 -2.7000e-07 -3.4000e-07 -4.3000e-07 -5.3000e-07 -6.5000e-07 -7.8000e-07 -9.3000e-07 -1.0900e-06 -1.2800e-06 -1.4900e-06 -1.7200e-06 -1.9700e-06 -2.2500e-06 -2.5600e-06 -2.9000e-06 -3.2700e-06 -3.6800e-06 -4.1200e-06 -4.6000e-06 -5.1200e-06 -5.6900e-06 -6.3000e-06 -6.9700e-06 -7.6800e-06 
+0000.00100 -7.8800e-06 -7.2400e-06 -6.6400e-06 -6.0800e-06 -5.5600e-06 -5.0600e-06 -4.6000e-06 -4.1700e-06 -3.7600e-06 -3.3800e-06 -3.0300e-06 -2.7100e-06 -2.4000e-06 -2.1200e-06 -1.8600e-06 -1.6300e-06 -1.4100e-06 -1.2000e-06 -1.0200e-06 -8.6000e-07 -7.1000e-07 -5.7000e-07 -4.5000e-07 -3.5000e-07 -2.6000e-07 -1.8000e-07 -1.2000e-07 -7.0000e-08 -3.0000e-08 -1.0000e-08 +0.0000e+00 +0.0000e+00 -1.0000e-08 -4.0000e-08 -8.0000e-08 -1.3000e-07 -2.0000e-07 -2.8000e-07 -3.8000e-07 -4.9000e-07 -6.1000e-07 -7.5000e-07 -9.1000e-07 -1.0800e-06 -1.2800e-06 -1.4900e-06 -1.7200e-06 -1.9700e-06 -2.2400e-06 -2.5400e-06 -2.8600e-06 -3.2000e-06 -3.5700e-06 -3.9700e-06 -4.4000e-06 -4.8500e-06 -5.3400e-06 -5.8600e-06 -6.4200e-06 -7.0100e-06 -7.6400e-06 
+0000.00050 -7.9100e-06 -7.3100e-06 -6.7400e-06 -6.2000e-06 -5.6900e-06 -5.2100e-06 -4.7600e-06 -4.3300e-06 -3.9300e-06 -3.5500e-06 -3.2000e-06 -2.8700e-06 -2.5600e-06 -2.2700e-06 -2.0000e-06 -1.7500e-06 -1.5200e-06 -1.3000e-06 -1.1100e-06 -9.3000e-07 -7.7000e-07 -6.2000e-07 -4.9000e-07 -3.8000e-07 -2.8000e-07 -2.0000e-07 -1.3000e-07 -7.0000e-08 -3.0000e-08 -1.0000e-08 +0.0000e+00 +0.0000e+00 -2.0000e-08 -5.0000e-08 -9.0000e-08 -1.6000e-07 -2.3000e-07 -3.2000e-07 -4.3000e-07 -5.5000e-07 -6.8000e-07 -8.4000e-07 -1.0100e-06 -1.1900e-06 -1.4000e-06 -1.6200e-06 -1.8600e-06 -2.1200e-06 -2.4000e-06 -2.7100e-06 -3.0300e-06 -3.3800e-06 -3.7500e-06 -4.1400e-06 -4.5600e-06 -5.0000e-06 -5.4700e-06 -5.9700e-06 -6.5000e-06 -7.0600e-06 -7.6500e-06 
+0000.00000 -7.9200e-06 -7.3300e-06 -6.7700e-06 -6.2400e-06 -5.7400e-06 -5.2600e-06 -4.8100e-06 -4.3900e-06 -3.9800e-06 -3.6000e-06 -3.2500e-06 -2.9100e-06 -2.6000e-06 -2.3100e-06 -2.0400e-06 -1.7800e-06 -1.5500e-06 -1.3300e-06 -1.1300e-06 -9.5000e-07 -7.9000e-07 -6.4000e-07 -5.1000e-07 -3.9000e-07 -2.9000e-07 -2.0000e-07 -1.3000e-07 -8.0000e-08 -4.0000e-08 -1.0000e-08 +0.0000e+00 -1.0000e-08 -2.0000e-08 -6.0000e-08 -1.0000e-07 -1.7000e-07 -2.4000e-07 -3.4000e-07 -4.4000e-07 -5.7000e-07 -7.1000e-07 -8.7000e-07 -1.0400e-06 -1.2300e-06 -1.4400e-06 -1.6600e-06 -1.9100e-06 -2.1700e-06 -2.4500e-06 -2.7600e-06 -3.0800e-06 -3.4300e-06 -3.8000e-06 -4.1900e-06 -4.6000e-06 -5.0400e-06 -5.5100e-06 -6.0000e-06 -6.5200e-06 -7.0700e-06 -7.6500e-06 
-0000.00050 -7.9300e-06 -7.3300e-06 -6.7600e-06 -6.2200e-06 -5.7100e-06 -5.2200e-06 -4.7700e-06 -4.3400e-06 -3.9400e-06 -3.5600e-06 -3.2000e-06 -2.8700e-06 -2.5600e-06 -2.2600e-06 -1.9900e-06 -1.7400e-06 -1.5100e-06 -1.3000e-06 -1.1000e-06 -9.2000e-07 -7.6000e-07 -6.2000e-07 -4.9000e-07 -3.7000e-07 -2.8000e-07 -1.9000e-07 -1.2000e-07 -7.0000e-08 -3.0000e-08 -1.0000e-08 +0.0000e+00 +0.0000e+00 -2.0000e-08 -5.0000e-08 -1.0000e-07 -1.6000e-07 -2.3000e-07 -3.2000e-07 -4.3000e-07 -5.5000e-07 -6.9000e-07 -8.4000e-07 -1.0100e-06 -1.2000e-06 -1.4000e-06 -1.6300e-06 -1.8700e-06 -2.1300e-06 -2.4100e-06 -2.7100e-06 -3.0300e-06 -3.3800e-06 -3.7500e-06 -4.1400e-06 -4.5600e-06 -5.0000e-06 -5.4700e-06 -5.9600e-06 -6.4900e-06 -7.0500e-06 -7.6300e-06 
-0000.00100 -7.9200e-06 -7.2800e-06 -6.6800e-06 -6.1100e-06 -5.5800e-06 -5.0800e-06 -4.6100e-06 -4.1800e-06 -3.7700e-06 -3.3900e-06 -3.0300e-06 -2.7000e-06 -2.4000e-06 -2.1200e-06 -1.8600e-06 -1.6200e-06 -1.4000e-06 -1.1900e-06 -1.0100e-06 -8.4000e-07 -7.0000e-07 -5.6000e-07 -4.4000e-07 -3.4000e-07 -2.5000e-07 -1.7000e-07 -1.1000e-07 -6.0000e-08 -3.0000e-08 +0.0000e+00 +1.0000e-08 +0.0000e+00 -1.0000e-08 -4.0000e-08 -8.0000e-08 -1.4000e-07 -2.1000e-07 -2.9000e-07 -3.8000e-07 -4.9000e-07 -6.2000e-07 -7.6000e-07 -9.2000e-07 -1.0900e-06 -1.2900e-06 -1.5000e-06 -1.7300e-06 -1.9800e-06 -2.2500e-06 -2.5400e-06 -2.8600e-06 -3.2000e-06 -3.5700e-06 -3.9600e-06 -4.3900e-06 -4.8400e-06 -5.3200e-06 -5.8400e-06 -6.3900e-06 -6.9800e-06 -7.6000e-06 
-0000.00150 -7.9700e-06 -7.2400e-06 -6.5700e-06 -5.9500e-06 -5.3700e-06 -4.8400e-06 -4.3500e-06 -3.8900e-06 -3.4800e-06 -3.1000e-06 -2.7500e-06 -2.4300e-06 -2.1400e-06 -1.8800e-06 -1.6400e-06 -1.4200e-06 -1.2200e-06 -1.0500e-06 -8.9000e-07 -7.5000e-07 -6.3000e-07 -5.2000e-07 -4.2000e-07 -3.4000e-07 -2.7000e-07 -2.1000e-07 -1.6000e-07 -1.2000e-07 -9.0000e-08 -7.0000e-08 -7.0000e-08 -7.0000e-08 -8.0000e-08 -1.0000e-07 -1.3000e-07 -1.7000e-07 -2.2000e-07 -2.8000e-07 -3.6000e-07 -4.5000e-07 -5.5000e-07 -6.6000e-07 -7.9000e-07 -9.4000e-07 -1.1100e-06 -1.2900e-06 -1.5000e-06 -1.7300e-06 -1.9800e-06 -2.2600e-06 -2.5600e-06 -2.9000e-06 -3.2700e-06 -3.6700e-06 -4.1000e-06 -4.5800e-06 -5.0900e-06 -5.6500e-06 -6.2600e-06 -6.9100e-06 -7.6200e-06 
-0000.00200 -2.8270e-05 -2.7380e-05 -2.6580e-05 -2.5850e-05 -2.5200e-05 -2.4610e-05 -2.4080e-05 -2.3610e-05 -2.3190e-05 -2.2820e-05 -2.2490e-05 -2.2210e-05 -2.1960e-05 -2.1740e-05 -2.1550e-05 -2.1390e-05 -2.1260e-05 -2.1140e-05 -2.1040e-05 -2.0960e-05 -2.0900e-05 -2.0840e-05 -2.0800e-05 -2.0760e-05 -2.0730e-05 -2.0710e-05 -2.0690e-05 -2.0670e-05 -2.0660e-05 -2.0650e-05 -2.0640e-05 -2.0640e-05 -2.0640e-05 -2.0640e-05 -2.0640e-05 -2.0650e-05 -2.0660e-05 -2.0680e-05 -2.0700e-05 -2.0740e-05 -2.0780e-05 -2.0830e-05 -2.0900e-05 -2.0990e-05 -2.1090e-05 -2.1210e-05 -2.1360e-05 -2.1530e-05 -2.1730e-05 -2.1960e-05 -2.2230e-05 -2.2540e-05 -2.2890e-05 -2.3290e-05 -2.3750e-05 -2.4250e-05 -2.4820e-05 -2.5460e-05 -2.6160e-05 -2.6950e-05 -2.7810e-05 
# Total Vertical 2nd Order Kick [T2m2]
START
            -0000.01000 -0000.00967 -0000.00933 -0000.00900 -0000.00867 -0000.00833 -0000.00800 -0000.00767 -0000.00733 -0000.00700 -0000.00667 -0000.00633 -0000.00600 -0000.00567 -0000.00533 -0000.00500 -0000.00467 -0000.00433 -0000.00400 -0000.00367 -0000.00333 -0000.00300 -0000.00267 -0000.00233 -0000.00200 -0000.00167 -0000.00133 -0000.00100 -0000.00067 -0000.00033 +0000.00000 +0000.00033 +0000.00067 +0000.00100 +0000.00133 +0000.00167 +0000.00200 +0000.00233 +0000.00267 +0000.00300 +0000.00333 +0000.00367 +0000.00400 +0000.00433 +0000.00467 +0000.00500 +0000.00533 +0000.00567 +0000.00600 +0000.00633 +0000.00667 +0000.00700 +0000.00733 +0000.00767 +0000.00800 +0000.00833 +0000.00867 +0000.00900 +0000.00933 +0000.00967 +0000.01000 
+0000.00200 -1.9923e-04 -1.9917e-04 -1.9909e-04 -1.9902e-04 -1.9894e-04 -1.9885e-04 -1.9876e-04 -1.9867e-04 -1.9857e-04 -1.9847e-04 -1.9837e-04 -1.9826e-04 -1.9816e-04 -1.9805e-04 -1.9793e-04 -1.9782e-04 -1.9771e-04 -1.9759e-04 -1.9747e-04 -1.9735e-04 -1.9724e-04 -1.9712e-04 -1.9700e-04 -1.9688e-04 -1.9676e-04 -1.9664e-04 -1.9652e-04 -1.9640e-04 -1.9628e-04 -1.9616e-04 -1.9604e-04 -1.9592e-04 -1.9581e-04 -1.9569e-04 -1.9558e-04 -1.9546e-04 -1.9535e-04 -1.9524e-04 -1.9512e-04 -1.9501e-04 -1.9490e-04 -1.9479e-04 -1.9469e-04 -1.9458e-04 -1.9447e-04 -1.9437e-04 -1.9426e-04 -1.9415e-04 -1.9405e-04 -1.9395e-04 -1.9384e-04 -1.9374e-04 -1.9363e-04 -1.9353e-04 -1.9342e-04 -1.9332e-04 -1.9321e-04 -1.9311e-04 -1.9300e-04 -1.9289e-04 -1.9278e-04 
+0000.00150 -1.3096e-04 -1.3090e-04 -1.3084e-04 -1.3077e-04 -1.3071e-04 -1.3064e-04 -1.3057e-04 -1.3050e-04 -1.3042e-04 -1.3035e-04 -1.3027e-04 -1.3019e-04 -1.3011e-04 -1.3003e-04 -1.2995e-04 -1.2987e-04 -1.2978e-04 -1.2970e-04 -1.2961e-04 -1.2953e-04 -1.2944e-04 -1.2936e-04 -1.2927e-04 -1.2918e-04 -1.2909e-04 -1.2901e-04 -1.2892e-04 -1.2883e-04 -1.2874e-04 -1.2865e-04 -1.2856e-04 -1.2848e-04 -1.2839e-04 -1.2830e-04 -1.2821e-04 -1.2813e-04 -1.2804e-04 -1.2795e-04 -1.2787e-04 -1.2778e-04 -1.2770e-04 -1.2761e-04 -1.2753e-04 -1.2745e-04 -1.2736e-04 -1.2728e-04 -1.2720e-04 -1.2712e-04 -1.2704e-04 -1.2696e-04 -1.2688e-04 -1.2680e-04 -1.2672e-04 -1.2665e-04 -1.2657e-04 -1.2649e-04 -1.2642e-04 -1.2634e-04 -1.2627e-04 -1.2619e-04 -1.2612e-04 
+0000.00100 -7.9579e-05 -7.9534e-05 -7.9487e-05 -7.9440e-05 -7.9393e-05 -7.9344e-05 -7.9295e-05 -7.9246e-05 -7.9196e-05 -7.9145e-05 -7.9094e-05 -7.9042e-05 -7.8990e-05 -7.8937e-05 -7.8884e-05 -7.8830e-05 -7.8776e-05 -7.8721e-05 -7.8666e-05 -7.8611e-05 -7.8556e-05 -7.8500e-05 -7.8444e-05 -7.8387e-05 -7.8331e-05 -7.8274e-05 -7.8217e-05 -7.8160e-05 -7.8102e-05 -7.8045e-05 -7.7988e-05 -7.7930e-05 -7.7873e-05 -7.7815e-05 -7.7758e-05 -7.7700e-05 -7.7643e-05 -7.7586e-05 -7.7529e-05 -7.7472e-05 -7.7415e-05 -7.7359e-05 -7.7303e-05 -7.7247e-05 -7.7192e-05 -7.7137e-05 -7.7083e-05 -7.7029e-05 -7.6975e-05 -7.6922e-05 -7.6869e-05 -7.6817e-05 -7.6766e-05 -7.6715e-05 -7.6666e-05 -7.6616e-05 -7.6568e-05 -7.6520e-05 -7.6473e-05 -7.6428e-05 -7.6383e-05 
+0000.00050 -3.7638e-05 -3.7611e-05 -3.7584e-05 -3.7557e-05 -3.7531e-05 -3.7504e-05 -3.7478e-05 -3.7452e-05 -3.7426e-05 -3.7400e-05 -3.7374e-05 -3.7348e-05 -3.7322e-05 -3.7296e-05 -3.7270e-05 -3.7244e-05 -3.7218e-05 -3.7192e-05 -3.7165e-05 -3.7139e-05 -3.7112e-05 -3.7085e-05 -3.7058e-05 -3.7031e-05 -3.7003e-05 -3.6976e-05 -3.6948e-05 -3.6921e-05 -3.6893e-05 -3.6864e-05 -3.6836e-05 -3.6808e-05 -3.6779e-05 -3.6751e-05 -3.6722e-05 -3.6694e-05 -3.6665e-05 -3.6636e-05 -3.6608e-05 -3.6579e-05 -3.6550e-05 -3.6522e-05 -3.6493e-05 -3.6465e-05 -3.6437e-05 -3.6409e-05 -3.6381e-05 -3.6354e-05 -3.6327e-05 -3.6300e-05 -3.6274e-05 -3.6248e-05 -3.6223e-05 -3.6198e-05 -3.6174e-05 -3.6151e-05 -3.6128e-05 -3.6106e-05 -3.6085e-05 -3.6065e-05 -3.6046e-05 
+0000.00000 -1.2426e-08 -6.1190e-09 -7.4600e-10 +3.7650e-09 +7.4870e-09 +1.0489e-08 +1.2836e-08 +1.4593e-08 +1.5821e-08 +1.6579e-08 +1.6921e-08 +1.6903e-08 +1.6574e-08 +1.5983e-08 +1.5176e-08 +1.4195e-08 +1.3082e-08 +1.1873e-08 +1.0604e-08 +9.3080e-09 +8.0140e-09 +6.7520e-09 +5.5440e-09 +4.4140e-09 +3.3810e-09 +2.4620e-09 +1.6720e-09 +1.0230e-09 +5.2400e-10 +1.8100e-10 +0.0000e+00 -1.9000e-11 +1.2400e-10 +4.2500e-10 +8.7700e-10 +1.4710e-09 +2.1980e-09 +3.0410e-09 +3.9860e-09 +5.0120e-09 +6.0970e-09 +7.2190e-09 +8.3480e-09 +9.4570e-09 +1.0512e-08 +1.1479e-08 +1.2321e-08 +1.2998e-08 +1.3467e-08 +1.3682e-08 +1.3598e-08 +1.3162e-08 +1.2322e-08 +1.1023e-08 +9.2070e-09 +6.8120e-09 +3.7760e-09 +3.3000e-11 -4.4850e-09 -9.8510e-09 -1.6137e-08 
-0000.00050 +3.7616e-05 +3.7601e-05 +3.7585e-05 +3.7567e-05 +3.7548e-05 +3.7528e-05 +3.7506e-05 +3.7484e-05 +3.7460e-05 +3.7435e-05 +3.7410e-05 +3.7384e-05 +3.7357e-05 +3.7330e-05 +3.7302e-05 +3.7274e-05 +3.7245e-05 +3.7216e-05 +3.7187e-05 +3.7158e-05 +3.7129e-05 +3.7099e-05 +3.7069e-05 +3.7040e-05 +3.7010e-05 +3.6981e-05 +3.6952e-05 +3.6923e-05 +3.6894e-05 +3.6865e-05 +3.6836e-05 +3.6808e-05 +3.6780e-05 +3.6752e-05 +3.6724e-05 +3.6697e-05 +3.6669e-05 +3.6642e-05 +3.6616e-05 +3.6589e-05 +3.6563e-05 +3.6536e-05 +3.6510e-05 +3.6484e-05 +3.6459e-05 +3.6433e-05 +3.6407e-05 +3.6381e-05 +3.6355e-05 +3.6329e-05 +3.6303e-05 +3.6276e-05 +3.6249e-05 +3.6222e-05 +3.6195e-05 +3.6167e-05 +3.6138e-05 +3.6109e-05 +3.6079e-05 +3.6048e-05 +3.6016e-05 
-0000.00100 +7.9564e-05 +7.9531e-05 +7.9495e-05 +7.9456e-05 +7.9416e-05 +7.9373e-05 +7.9328e-05 +7.9282e-05 +7.9234e-05 +7.9184e-05 +7.9133e-05 +7.9080e-05 +7.9027e-05 +7.8972e-05 +7.8917e-05 +7.8861e-05 +7.8804e-05 +7.8746e-05 +7.8689e-05 +7.8630e-05 +7.8572e-05 +7.8513e-05 +7.8454e-05 +7.8395e-05 +7.8336e-05 +7.8277e-05 +7.8218e-05 +7.8160e-05 +7.8101e-05 +7.8043e-05 +7.7985e-05 +7.7928e-05 +7.7871e-05 +7.7814e-05 +7.7757e-05 +7.7701e-05 +7.7646e-05 +7.7591e-05 +7.7536e-05 +7.7481e-05 +7.7427e-05 +7.7374e-05 +7.7321e-05 +7.7268e-05 +7.7215e-05 +7.7162e-05 +7.7110e-05 +7.7058e-05 +7.7006e-05 +7.6954e-05 +7.6901e-05 +7.6849e-05 +7.6797e-05 +7.6744e-05 +7.6691e-05 +7.6638e-05 +7.6584e-05 +7.6529e-05 +7.6473e-05 +7.6417e-05 +7.6360e-05 
-0000.00150 +1.3096e-04 +1.3092e-04 +1.3086e-04 +1.3081e-04 +1.3075e-04 +1.3068e-04 +1.3062e-04 +1.3055e-04 +1.3047e-04 +1.3040e-04 +1.3032e-04 +1.3024e-04 +1.3016e-04 +1.3008e-04 +1.2999e-04 +1.2991e-04 +1.2982e-04 +1.2973e-04 +1.2964e-04 +1.2955e-04 +1.2946e-04 +1.2937e-04 +1.2928e-04 +1.2919e-04 +1.2910e-04 +1.2901e-04 +1.2892e-04 +1.2883e-04 +1.2874e-04 +1.2865e-04 +1.2856e-04 +1.2848e-04 +1.2839e-04 +1.2830e-04 +1.2822e-04 +1.2813e-04 +1.2805e-04 +1.2796e-04 +1.2788e-04 +1.2780e-04 +1.2772e-04 +1.2764e-04 +1.2755e-04 +1.2747e-04 +1.2740e-04 +1.2732e-04 +1.2724e-04 +1.2716e-04 +1.2708e-04 +1.2700e-04 +1.2693e-04 +1.2685e-04 +1.2677e-04 +1.2669e-04 +1.2661e-04 +1.2653e-04 +1.2645e-04 +1.2637e-04 +1.2629e-04 +1.2620e-04 +1.2612e-04 
-0000.00200 +1.9925e-04 +1.9920e-04 +1.9913e-04 +1.9906e-04 +1.9899e-04 +1.9891e-04 +1.9882e-04 +1.9873e-04 +1.9863e-04 +1.9853e-04 +1.9843e-04 +1.9832e-04 +1.9821e-04 +1.9809e-04 +1.9798e-04 +1.9786e-04 +1.9774e-04 +1.9762e-04 +1.9750e-04 +1.9738e-04 +1.9726e-04 +1.9713e-04 +1.9701e-04 +1.9689e-04 +1.9676e-04 +1.9664e-04 +1.9652e-04 +1.9640e-04 +1.9628e-04 +1.9616e-04 +1.9604e-04 +1.9592e-04 +1.9580e-04 +1.9569e-04 +1.9558e-04 +1.9546e-04 +1.9535e-04 +1.9524e-04 +1.9513e-04 +1.9503e-04 +1.9492e-04 +1.9481e-04 +1.9471e-04 +1.9460e-04 +1.9450e-04 +1.9440e-04 +1.9430e-04 +1.9420e-04 +1.9409e-04 +1.9399e-04 +1.9389e-04 +1.9379e-04 +1.9368e-04 +1.9358e-04 +1.9347e-04 +1.9337e-04 +1.9326e-04 +1.9314e-04 +1.9303e-04 +1.9291e-04 +1.9279e-04 
# Horizontal Final Position [m]
START
            -0000.01000 -0000.00967 -0000.00933 -0000.00900 -0000.00867 -0000.00833 -0000.00800 -0000.00767 -0000.00733 -0000.00700 -0000.00667 -0000.00633 -0000.00600 -0000.00567 -0000.00533 -0000.00500 -0000.00467 -0000.00433 -0000.00400 -0000.00367 -0000.00333 -0000.00300 -0000.00267 -0000.00233 -0000.00200 -0000.00167 -0000.00133 -0000.00100 -0000.00067 -0000.00033 +0000.00000 +0000.00033 +0000.00067 +0000.00100 +0000.00133 +0000.00167 +0000.00200 +0000.00233 +0000.00267 +0000.00300 +0000.00333 +0000.00367 +0000.00400 +0000.00433 +0000.00467 +0000.00500 +0000.00533 +0000.00567 +0000.00600 +0000.00633 +0000.00667 +0000.00700 +0000.00733 +0000.00767 +0000.00800 +0000.00833 +0000.00867 +0000.00900 +0000.00933 +0000.00967 +0000.01000 
+0000.00200 -1.0000e-02 -9.6668e-03 -9.3335e-03 -9.0002e-03 -8.6669e-03 -8.3335e-03 -8.0002e-03 -7.6669e-03 -7.3336e-03 -7.0003e-03 -6.6669e-03 -6.3336e-03 -6.0003e-03 -5.6670e-03 -5.3337e-03 -5.0003e-03 -4.6670e-03 -4.3337e-03 -4.0003e-03 -3.6670e-03 -3.3337e-03 -3.0004e-03 -2.6670e-03 -2.3337e-03 -2.0004e-03 -1.6670e-03 -1.3337e-03 -1.0004e-03 -6.6705e-04 -3.3372e-04 -3.8241e-07 +3.3295e-04 +6.6628e-04 +9.9962e-04 +1.3330e-03 +1.6663e-03 +1.9996e-03 +2.3330e-03 +2.6663e-03 +2.9996e-03 +3.3330e-03 +3.6663e-03 +3.9996e-03 +4.3330e-03 +4.6663e-03 +4.9997e-03 +5.3330e-03 +5.6663e-03 +5.9997e-03 +6.3330e-03 +6.6664e-03 +6.9997e-03 +7.3331e-03 +7.6664e-03 +7.9998e-03 +8.3331e-03 +8.6664e-03 +8.9998e-03 +9.3331e-03 +9.6665e-03 +9.9999e-03 
+0000.00150 -1.0000e-02 -9.6668e-03 -9.3335e-03 -9.0002e-03 -8.6669e-03 -8.3336e-03 -8.0002e-03 -7.6669e-03 -7.3336e-03 -7.0003e-03 -6.6670e-03 -6.3336e-03 -6.0003e-03 -5.6670e-03 -5.3337e-03 -5.0004e-03 -4.6670e-03 -4.3337e-03 -4.0004e-03 -3.6671e-03 -3.3337e-03 -3.0004e-03 -2.6671e-03 -2.3337e-03 -2.0004e-03 -1.6671e-03 -1.3337e-03 -1.0004e-03 -6.6708e-04 -3.3375e-04 -4.1777e-07 +3.3292e-04 +6.6625e-04 +9.9958e-04 +1.3329e-03 +1.6663e-03 +1.9996e-03 +2.3329e-03 +2.6663e-03 +2.9996e-03 +3.3329e-03 +3.6663e-03 +3.9996e-03 +4.3330e-03 +4.6663e-03 +4.9996e-03 +5.3330e-03 +5.6663e-03 +5.9997e-03 +6.3330e-03 +6.6663e-03 +6.9997e-03 +7.3330e-03 +7.6664e-03 +7.9997e-03 +8.3331e-03 +8.6664e-03 +8.9998e-03 +9.3331e-03 +9.6665e-03 +9.9999e-03 
+0000.00100 -1.0000e-02 -9.6668e-03 -9.3335e-03 -9.0002e-03 -8.6669e-03 -8.3336e-03 -8.0002e-03 -7.6669e-03 -7.3336e-03 -7.0003e-03 -6.6670e-03 -6.3336e-03 -6.0003e-03 -5.6670e-03 -5.3337e-03 -5.0004e-03 -4.6670e-03 -4.3337e-03 -4.0004e-03 -3.6671e-03 -3.3337e-03 -3.0004e-03 -2.6671e-03 -2.3337e-03 -2.0004e-03 -1.6671e-03 -1.3337e-03 -1.0004e-03 -6.6708e-04 -3.3375e-04 -4.1848e-07 +3.3291e-04 +6.6625e-04 +9.9958e-04 +1.3329e-03 +1.6663e-03 +1.9996e-03 +2.3329e-03 +2.6663e-03 +2.9996e-03 +3.3329e-03 +3.6663e-03 +3.9996e-03 +4.3330e-03 +4.6663e-03 +4.9996e-03 +5.3330e-03 +5.6663e-03 +5.9997e-03 +6.3330e-03 +6.6663e-03 +6.9997e-03 +7.3330e-03 +7.6664e-03 +7.9997e-03 +8.3331e-03 +8.6664e-03 +8.9998e-03 +9.3331e-03 +9.6665e-03 +9.9999e-03 
+0000.00050 -1.0000e-02 -9.6668e-03 -9.3335e-03 -9.0002e-03 -8.6669e-03 -8.3336e-03 -8.0002e-03 -7.6669e-03 -7.3336e-03 -7.0003e-03 -6.6670e-03 -6.3336e-03 -6.0003e-03 -5.6670e-03 -5.3337e-03 -5.0004e-03 -4.6670e-03 -4.3337e-03 -4.0004e-03 -3.6671e-03 -3.3337e-03 -3.0004e-03 -2.6671e-03 -2.3337e-03 -2.0004e-03 -1.6671e-03 -1.3337e-03 -1.0004e-03 -6.6708e-04 -3.3375e-04 -4.1882e-07 +3.3291e-04 +6.6625e-04 +9.9958e-04 +1.3329e-03 +1.6663e-03 +1.9996e-03 +2.3329e-03 +2.6663e-03 +2.9996e-03 +3.3329e-03 +3.6663e-03 +3.9996e-03 +4.3330e-03 +4.6663e-03 +4.9996e-03 +5.3330e-03 +5.6663e-03 +5.9997e-03 +6.3330e-03 +6.6663e-03 +6.9997e-03 +7.3330e-03 +7.6664e-03 +7.9997e-03 +8.3331e-03 +8.6664e-03 +8.9998e-03 +9.3331e-03 +9.6665e-03 +9.9999e-03 
+0000.00000 -1.0000e-02 -9.6668e-03 -9.3335e-03 -9.0002e-03 -8.6669e-03 -8.3336e-03 -8.0002e-03 -7.6669e-03 -7.3336e-03 -7.0003e-03 -6.6670e-03 -6.3336e-03 -6.0003e-03 -5.6670e-03 -5.3337e-03 -5.0004e-03 -4.6670e-03 -4.3337e-03 -4.0004e-03 -3.6671e-03 -3.3337e-03 -3.0004e-03 -2.6671e-03 -2.3337e-03 -2.0004e-03 -1.6671e-03 -1.3337e-03 -1.0004e-03 -6.6708e-04 -3.3375e-04 -4.1892e-07 +3.3291e-04 +6.6625e-04 +9.9958e-04 +1.3329e-03 +1.6663e-03 +1.9996e-03 +2.3329e-03 +2.6663e-03 +2.9996e-03 +3.3329e-03 +3.6663e-03 +3.9996e-03 +4.3330e-03 +4.6663e-03 +4.9996e-03 +5.3330e-03 +5.6663e-03 +5.9997e-03 +6.3330e-03 +6.6663e-03 +6.9997e-03 +7.3330e-03 +7.6664e-03 +7.9997e-03 +8.3331e-03 +8.6664e-03 +8.9998e-03 +9.3331e-03 +9.6665e-03 +9.9999e-03 
-0000.00050 -1.0000e-02 -9.6668e-03 -9.3335e-03 -9.0002e-03 -8.6669e-03 -8.3336e-03 -8.0002e-03 -7.6669e-03 -7.3336e-03 -7.0003e-03 -6.6670e-03 -6.3336e-03 -6.0003e-03 -5.6670e-03 -5.3337e-03 -5.0004e-03 -4.6670e-03 -4.3337e-03 -4.0004e-03 -3.6671e-03 -3.3337e-03 -3.0004e-03 -2.6671e-03 -2.3337e-03 -2.0004e-03 -1.6671e-03 -1.3337e-03 -1.0004e-03 -6.6708e-04 -3.3375e-04 -4.1882e-07 +3.3291e-04 +6.6625e-04 +9.9958e-04 +1.3329e-03 +1.6663e-03 +1.9996e-03 +2.3329e-03 +2.6663e-03 +2.9996e-03 +3.3329e-03 +3.6663e-03 +3.9996e-03 +4.3330e-03 +4.6663e-03 +4.9996e-03 +5.3330e-03 +5.6663e-03 +5.9997e-03 +6.3330e-03 +6.6663e-03 +6.9997e-03 +7.3330e-03 +7.6664e-03 +7.9997e-03 +8.3331e-03 +8.6664e-03 +8.9998e-03 +9.3331e-03 +9.6665e-03 +9.9999e-03 
-0000.00100 -1.0000e-02 -9.6668e-03 -9.3335e-03 -9.0002e-03 -8.6669e-03 -8.3336e-03 -8.0002e-03 -7.6669e-03 -7.3336e-03 -7.0003e-03 -6.6670e-03 -6.3336e-03 -6.0003e-03 -5.6670e-03 -5.3337e-03 -5.0004e-03 -4.6670e-03 -4.3337e-03 -4.0004e-03 -3.6671e-03 -3.3337e-03 -3.0004e-03 -2.6671e-03 -2.3337e-03 -2.0004e-03 -1.6671e-03 -1.3337e-03 -1.0004e-03 -6.6708e-04 -3.3375e-04 -4.1848e-07 +3.3291e-04 +6.6625e-04 +9.9958e-04 +1.3329e-03 +1.6663e-03 +1.9996e-03 +2.3329e-03 +2.6663e-03 +2.9996e-03 +3.3329e-03 +3.6663e-03 +3.9996e-03 +4.3330e-03 +4.6663e-03 +4.9996e-03 +5.3330e-03 +5.6663e-03 +5.9997e-03 +6.3330e-03 +6.6663e-03 +6.9997e-03 +7.3330e-03 +7.6664e-03 +7.9997e-03 +8.3331e-03 +8.6664e-03 +8.9998e-03 +9.3331e-03 +9.6665e-03 +9.9999e-03 
-0000.00150 -1.0000e-02 -9.6668e-03 -9.3335e-03 -9.0002e-03 -8.6669e-03 -8.3336e-03 -8.0002e-03 -7.6669e-03 -7.3336e-03 -7.0003e-03 -6.6670e-03 -6.3336e-03 -6.0003e-03 -5.6670e-03 -5.3337e-03 -5.0004e-03 -4.6670e-03 -4.3337e-03 -4.0004e-03 -3.6671e-03 -3.3337e-03 -3.0004e-03 -2.6671e-03 -2.3337e-03 -2.0004e-03 -1.6671e-03 -1.3337e-03 -1.0004e-03 -6.6708e-04 -3.3375e-04 -4.1777e-07 +3.3292e-04 +6.6625e-04 +9.9958e-04 +1.3329e-03 +1.6663e-03 +1.9996e-03 +2.3329e-03 +2.6663e-03 +2.9996e-03 +3.3329e-03 +3.6663e-03 +3.9996e-03 +4.3330e-03 +4.6663e-03 +4.9996e-03 +5.3330e-03 +5.6663e-03 +5.9997e-03 +6.3330e-03 +6.6663e-03 +6.9997e-03 +7.3330e-03 +7.6664e-03 +7.9997e-03 +8.3331e-03 +8.6664e-03 +8.9998e-03 +9.3331e-03 +9.6665e-03 +9.9999e-03 
-0000.00200 -1.0000e-02 -9.6668e-03 -9.3335e-03 -9.0002e-03 -8.6669e-03 -8.3335e-03 -8.0002e-03 -7.6669e-03 -7.3336e-03 -7.0003e-03 -6.6669e-03 -6.3336e-03 -6.0003e-03 -5.6670e-03 -5.3337e-03 -5.0003e-03 -4.6670e-03 -4.3337e-03 -4.0003e-03 -3.6670e-03 -3.3337e-03 -3.0004e-03 -2.6670e-03 -2.3337e-03 -2.0004e-03 -1.6670e-03 -1.3337e-03 -1.0004e-03 -6.6705e-04 -3.3372e-04 -3.8241e-07 +3.3295e-04 +6.6628e-04 +9.9962e-04 +1.3330e-03 +1.6663e-03 +1.9996e-03 +2.3330e-03 +2.6663e-03 +2.9996e-03 +3.3330e-03 +3.6663e-03 +3.9996e-03 +4.3330e-03 +4.6663e-03 +4.9997e-03 +5.3330e-03 +5.6663e-03 +5.9997e-03 +6.3330e-03 +6.6664e-03 +6.9997e-03 +7.3331e-03 +7.6664e-03 +7.9998e-03 +8.3331e-03 +8.6664e-03 +8.9998e-03 +9.3331e-03 +9.6665e-03 +9.9999e-03 
# Vertical Final Position [m]
START
            -0000.01000 -0000.00967 -0000.00933 -0000.00900 -0000.00867 -0000.00833 -0000.00800 -0000.00767 -0000.00733 -0000.00700 -0000.00667 -0000.00633 -0000.00600 -0000.00567 -0000.00533 -0000.00500 -0000.00467 -0000.00433 -0000.00400 -0000.00367 -0000.00333 -0000.00300 -0000.00267 -0000.00233 -0000.00200 -0000.00167 -0000.00133 -0000.00100 -0000.00067 -0000.00033 +0000.00000 +0000.00033 +0000.00067 +0000.00100 +0000.00133 +0000.00167 +0000.00200 +0000.00233 +0000.00267 +0000.00300 +0000.00333 +0000.00367 +0000.00400 +0000.00433 +0000.00467 +0000.00500 +0000.00533 +0000.00567 +0000.00600 +0000.00633 +0000.00667 +0000.00700 +0000.00733 +0000.00767 +0000.00800 +0000.00833 +0000.00867 +0000.00900 +0000.00933 +0000.00967 +0000.01000 
+0000.00200 +1.9999e-03 +1.9999e-03 +1.9999e-03 +1.9999e-03 +1.9999e-03 +1.9999e-03 +1.9999e-03 +1.9999e-03 +1.9999e-03 +1.9999e-03 +1.9998e-03 +1.9998e-03 +1.9998e-03 +1.9998e-03 +1.9998e-03 +1.9998e-03 +1.9998e-03 +1.9998e-03 +1.9998e-03 +1.9998e-03 +1.9998e-03 +1.9998e-03 +1.9998e-03 +1.9998e-03 +1.9998e-03 +1.9998e-03 +1.9998e-03 +1.9998e-03 +1.9998e-03 +1.9998e-03 +1.9998e-03 +1.9998e-03 +1.9998e-03 +1.9998e-03 +1.9998e-03 +1.9998e-03 +1.9998e-03 +1.9998e-03 +1.9998e-03 +1.9998e-03 +1.9998e-03 +1.9998e-03 +1.9998e-03 +1.9998e-03 +1.9998e-03 +1.9998e-03 +1.9998e-03 +1.9998e-03 +1.9998e-03 +1.9998e-03 +1.9998e-03 +1.9997e-03 +1.9997e-03 +1.9997e-03 +1.9997e-03 +1.9997e-03 +1.9997e-03 +1.9997e-03 +1.9997e-03 +1.9997e-03 +1.9997e-03 
+0000.00150 +1.4999e-03 +1.4999e-03 +1.4999e-03 +1.4999e-03 +1.4999e-03 +1.4999e-03 +1.4999e-03 +1.4999e-03 +1.4999e-03 +1.4999e-03 +1.4999e-03 +1.4999e-03 +1.4999e-03 +1.4999e-03 +1.4999e-03 +1.4999e-03 +1.4999e-03 +1.4999e-03 +1.4999e-03 +1.4999e-03 +1.4999e-03 +1.4999e-03 +1.4999e-03 +1.4999e-03 +1.4999e-03 +1.4999e-03 +1.4999e-03 +1.4999e-03 +1.4999e-03 +1.4999e-03 +1.4999e-03 +1.4999e-03 +1.4999e-03 +1.4999e-03 +1.4999e-03 +1.4999e-03 +1.4999e-03 +1.4999e-03 +1.4999e-03 +1.4999e-03 +1.4999e-03 +1.4999e-03 +1.4998e-03 +1.4998e-03 +1.4998e-03 +1.4998e-03 +1.4998e-03 +1.4998e-03 +1.4998e-03 +1.4998e-03 +1.4998e-03 +1.4998e-03 +1.4998e-03 +1.4998e-03 +1.4998e-03 +1.4998e-03 +1.4998e-03 +1.4998e-03 +1.4998e-03 +1.4998e-03 +1.4998e-03 
+0000.00100 +9.9996e-04 +9.9996e-04 +9.9996e-04 +9.9996e-04 +9.9996e-04 +9.9996e-04 +9.9995e-04 +9.9995e-04 +9.9995e-04 +9.9995e-04 +9.9995e-04 +9.9995e-04 +9.9994e-04 +9.9994e-04 +9.9994e-04 +9.9994e-04 +9.9994e-04 +9.9994e-04 +9.9994e-04 +9.9994e-04 +9.9993e-04 +9.9993e-04 +9.9993e-04 +9.9993e-04 +9.9993e-04 +9.9993e-04 +9.9993e-04 +9.9993e-04 +9.9992e-04 +9.9992e-04 +9.9992e-04 +9.9992e-04 +9.9992e-04 +9.9992e-04 +9.9992e-04 +9.9992e-04 +9.9991e-04 +9.9991e-04 +9.9991e-04 +9.9991e-04 +9.9991e-04 +9.9991e-04 +9.9991e-04 +9.9991e-04 +9.9990e-04 +9.9990e-04 +9.9990e-04 +9.9990e-04 +9.9990e-04 +9.9990e-04 +9.9989e-04 +9.9989e-04 +9.9989e-04 +9.9989e-04 +9.9989e-04 +9.9989e-04 +9.9988e-04 +9.9988e-04 +9.9988e-04 +9.9988e-04 +9.9988e-04 
+0000.00050 +4.9998e-04 +4.9998e-04 +4.9998e-04 +4.9998e-04 +4.9998e-04 +4.9998e-04 +4.9998e-04 +4.9998e-04 +4.9998e-04 +4.9998e-04 +4.9997e-04 +4.9997e-04 +4.9997e-04 +4.9997e-04 +4.9997e-04 +4.9997e-04 +4.9997e-04 +4.9997e-04 +4.9997e-04 +4.9997e-04 +4.9997e-04 +4.9997e-04 +4.9997e-04 +4.9997e-04 +4.9997e-04 +4.9997e-04 +4.9997e-04 +4.9996e-04 +4.9996e-04 +4.9996e-04 +4.9996e-04 +4.9996e-04 +4.9996e-04 +4.9996e-04 +4.9996e-04 +4.9996e-04 +4.9996e-04 +4.9996e-04 +4.9996e-04 +4.9996e-04 +4.9996e-04 +4.9996e-04 +4.9996e-04 +4.9995e-04 +4.9995e-04 +4.9995e-04 +4.9995e-04 +4.9995e-04 +4.9995e-04 +4.9995e-04 +4.9995e-04 +4.9995e-04 +4.9995e-04 +4.9995e-04 +4.9995e-04 +4.9995e-04 +4.9994e-04 +4.9994e-04 +4.9994e-04 +4.9994e-04 +4.9994e-04 
+0000.00000 -7.2751e-11 -6.4078e-11 -5.6682e-11 -5.0462e-11 -4.5319e-11 -4.1161e-11 -3.7896e-11 -3.5438e-11 -3.3704e-11 -3.2613e-11 -3.2089e-11 -3.2059e-11 -3.2455e-11 -3.3211e-11 -3.4263e-11 -3.5555e-11 -3.7030e-11 -3.8637e-11 -4.0328e-11 -4.2058e-11 -4.3787e-11 -4.5478e-11 -4.7095e-11 -4.8610e-11 -4.9994e-11 -5.1225e-11 -5.2283e-11 -5.3152e-11 -5.3820e-11 -5.4276e-11 -5.4515e-11 -5.4536e-11 -5.4339e-11 -5.3930e-11 -5.3318e-11 -5.2513e-11 -5.1533e-11 -5.0395e-11 -4.9123e-11 -4.7743e-11 -4.6285e-11 -4.4781e-11 -4.3269e-11 -4.1789e-11 -4.0385e-11 -3.9104e-11 -3.7997e-11 -3.7119e-11 -3.6528e-11 -3.6285e-11 -3.6454e-11 -3.7106e-11 -3.8312e-11 -4.0148e-11 -4.2692e-11 -4.6028e-11 -5.0242e-11 -5.5424e-11 -6.1666e-11 -6.9067e-11 -7.7726e-11 
-0000.00050 -4.9998e-04 -4.9998e-04 -4.9998e-04 -4.9998e-04 -4.9998e-04 -4.9998e-04 -4.9998e-04 -4.9998e-04 -4.9998e-04 -4.9998e-04 -4.9997e-04 -4.9997e-04 -4.9997e-04 -4.9997e-04 -4.9997e-04 -4.9997e-04 -4.9997e-04 -4.9997e-04 -4.9997e-04 -4.9997e-04 -4.9997e-04 -4.9997e-04 -4.9997e-04 -4.9997e-04 -4.9997e-04 -4.9997e-04 -4.9997e-04 -4.9996e-04 -4.9996e-04 -4.9996e-04 -4.9996e-04 -4.9996e-04 -4.9996e-04 -4.9996e-04 -4.9996e-04 -4.9996e-04 -4.9996e-04 -4.9996e-04 -4.9996e-04 -4.9996e-04 -4.9996e-04 -4.9996e-04 -4.9996e-04 -4.9995e-04 -4.9995e-04 -4.9995e-04 -4.9995e-04 -4.9995e-04 -4.9995e-04 -4.9995e-04 -4.9995e-04 -4.9995e-04 -4.9995e-04 -4.9995e-04 -4.9995e-04 -4.9995e-04 -4.9994e-04 -4.9994e-04 -4.9994e-04 -4.9994e-04 -4.9994e-04 
-0000.00100 -9.9996e-04 -9.9996e-04 -9.9996e-04 -9.9996e-04 -9.9996e-04 -9.9996e-04 -9.9995e-04 -9.9995e-04 -9.9995e-04 -9.9995e-04 -9.9995e-04 -9.9995e-04 -9.9994e-04 -9.9994e-04 -9.9994e-04 -9.9994e-04 -9.9994e-04 -9.9994e-04 -9.9994e-04 -9.9994e-04 -9.9993e-04 -9.9993e-04 -9.9993e-04 -9.9993e-04 -9.9993e-04 -9.9993e-04 -9.9993e-04 -9.9993e-04 -9.9992e-04 -9.9992e-04 -9.9992e-04 -9.9992e-04 -9.9992e-04 -9.9992e-04 -9.9992e-04 -9.9992e-04 -9.9991e-04 -9.9991e-04 -9.9991e-04 -9.9991e-04 -9.9991e-04 -9.9991e-04 -9.9991e-04 -9.9991e-04 -9.9990e-04 -9.9990e-04 -9.9990e-04 -9.9990e-04 -9.9990e-04 -9.9990e-04 -9.9989e-04 -9.9989e-04 -9.9989e-04 -9.9989e-04 -9.9989e-04 -9.9989e-04 -9.9989e-04 -9.9988e-04 -9.9988e-04 -9.9988e-04 -9.9988e-04 
-0000.00150 -1.4999e-03 -1.4999e-03 -1.4999e-03 -1.4999e-03 -1.4999e-03 -1.4999e-03 -1.4999e-03 -1.4999e-03 -1.4999e-03 -1.4999e-03 -1.4999e-03 -1.4999e-03 -1.4999e-03 -1.4999e-03 -1.4999e-03 -1.4999e-03 -1.4999e-03 -1.4999e-03 -1.4999e-03 -1.4999e-03 -1.4999e-03 -1.4999e-03 -1.4999e-03 -1.4999e-03 -1.4999e-03 -1.4999e-03 -1.4999e-03 -1.4999e-03 -1.4999e-03 -1.4999e-03 -1.4999e-03 -1.4999e-03 -1.4999e-03 -1.4999e-03 -1.4999e-03 -1.4999e-03 -1.4999e-03 -1.4999e-03 -1.4999e-03 -1.4999e-03 -1.4999e-03 -1.4999e-03 -1.4998e-03 -1.4998e-03 -1.4998e-03 -1.4998e-03 -1.4998e-03 -1.4998e-03 -1.4998e-03 -1.4998e-03 -1.4998e-03 -1.4998e-03 -1.4998e-03 -1.4998e-03 -1.4998e-03 -1.4998e-03 -1.4998e-03 -1.4998e-03 -1.4998e-03 -1.4998e-03 -1.4998e-03 
-0000.00200 -1.9999e-03 -1.9999e-03 -1.9999e-03 -1.9999e-03 -1.9999e-03 -1.9999e-03 -1.9999e-03 -1.9999e-03 -1.9999e-03 -1.9999e-03 -1.9998e-03 -1.9998e-03 -1.9998e-03 -1.9998e-03 -1.9998e-03 -1.9998e-03 -1.9998e-03 -1.9998e-03 -1.9998e-03 -1.9998e-03 -1.9998e-03 -1.9998e-03 -1.9998e-03 -1.9998e-03 -1.9998e-03 -1.9998e-03 -1.9998e-03 -1.9998e-03 -1.9998e-03 -1.9998e-03 -1.9998e-03 -1.9998e-03 -1.9998e-03 -1.9998e-03 -1.9998e-03 -1.9998e-03 -1.9998e-03 -1.9998e-03 -1.9998e-03 -1.9998e-03 -1.9998e-03 -1.9998e-03 -1.9998e-03 -1.9998e-03 -1.9998e-03 -1.9998e-03 -1.9998e-03 -1.9998e-03 -1.9998e-03 -1.9998e-03 -1.9998e-03 -1.9997e-03 -1.9997e-03 -1.9997e-03 -1.9997e-03 -1.9997e-03 -1.9997e-03 -1.9997e-03 -1.9997e-03 -1.9997e-03 -1.9997e-03 