# Author: FAC idanalysis.IDKickMap
# Termination_kicks [T2m2]: +0.0000e+00 +0.0000e+00 +0.0000e+00 +0.0000e+00 
# Total Length of Longitudinal Interval [m]
0.13
# Number of Horizontal Points
61
# Number of Vertical Points
9
# Total Horizontal 2nd Order Kick [T2m2]
START
            -0000.01000 -0000.00967 -0000.00933 -0000.00900 -0000.00867 -0000.00833 -0000.00800 -0000.00767 -0000.00733 -0000.00700 -0000.00667 -0000.00633 -0000.00600 -0000.00567 -0000.00533 -0000.00500 -0000.00467 -0000.00433 -0000.00400 -0000.00367 -0000.00333 -0000.00300 -0000.00267 -0000.00233 -0000.00200 -0000.00167 -0000.00133 -0000.00100 -0000.00067 -0000.00033 +0000.00000 +0000.00033 +0000.00067 +0000.00100 +0000.00133 +0000.00167 +0000.00200 +0000.00233 +0000.00267 +0000.00300 +0000.00333 +0000.00367 +0000.00400 +0000.00433 +0000.00467 +0000.00500 +0000.00533 +0000.00567 +0000.00600 +0000.00633 +0000.00667 +0000.00700 +0000.00733 +0000.00767 +0000.00800 +0000.00833 +0000.00867 +0000.00900 +0000.00933 +0000.00967 +0000.01000 
+0000.00200 +1.4466e-04 +1.4185e-04 +1.3871e-04 +1.3527e-04 +1.3159e-04 +1.2771e-04 +1.2366e-04 +1.1949e-04 +1.1523e-04 +1.1091e-04 +1.0657e-04 +1.0224e-04 +9.7950e-05 +9.3730e-05 +8.9610e-05 +8.5610e-05 +8.1750e-05 +7.8070e-05 +7.4570e-05 +7.1280e-05 +6.8220e-05 +6.5400e-05 +6.2840e-05 +6.0550e-05 +5.8540e-05 +5.6820e-05 +5.5400e-05 +5.4280e-05 +5.3480e-05 +5.3000e-05 +5.2830e-05 +5.2980e-05 +5.3440e-05 +5.4220e-05 +5.5310e-05 +5.6700e-05 +5.8390e-05 +6.0360e-05 +6.2610e-05 +6.5130e-05 +6.7890e-05 +7.0900e-05 +7.4120e-05 +7.7540e-05 +8.1140e-05 +8.4900e-05 +8.8790e-05 +9.2800e-05 +9.6890e-05 +1.0104e-04 +1.0522e-04 +1.0939e-04 +1.1352e-04 +1.1759e-04 +1.2155e-04 +1.2536e-04 +1.2900e-04 +1.3241e-04 +1.3556e-04 +1.3839e-04 +1.4088e-04 
+0000.00150 +7.6350e-05 +7.4510e-05 +7.2290e-05 +6.9720e-05 +6.6860e-05 +6.3740e-05 +6.0420e-05 +5.6920e-05 +5.3290e-05 +4.9570e-05 +4.5780e-05 +4.1970e-05 +3.8160e-05 +3.4390e-05 +3.0680e-05 +2.7060e-05 +2.3550e-05 +2.0190e-05 +1.6980e-05 +1.3960e-05 +1.1140e-05 +8.5400e-06 +6.1600e-06 +4.0400e-06 +2.1800e-06 +5.8000e-07 -7.3000e-07 -1.7600e-06 -2.5000e-06 -2.9400e-06 -3.0700e-06 -2.9100e-06 -2.4500e-06 -1.6900e-06 -6.4000e-07 +7.0000e-07 +2.3200e-06 +4.2100e-06 +6.3600e-06 +8.7700e-06 +1.1410e-05 +1.4270e-05 +1.7330e-05 +2.0590e-05 +2.4000e-05 +2.7560e-05 +3.1240e-05 +3.5010e-05 +3.8860e-05 +4.2740e-05 +4.6640e-05 +5.0510e-05 +5.4330e-05 +5.8060e-05 +6.1660e-05 +6.5110e-05 +6.8350e-05 +7.1340e-05 +7.4050e-05 +7.6430e-05 +7.8430e-05 
+0000.00100 +7.0000e-05 +6.9000e-05 +6.7560e-05 +6.5720e-05 +6.3530e-05 +6.1040e-05 +5.8290e-05 +5.5320e-05 +5.2170e-05 +4.8880e-05 +4.5490e-05 +4.2040e-05 +3.8550e-05 +3.5060e-05 +3.1610e-05 +2.8210e-05 +2.4890e-05 +2.1690e-05 +1.8620e-05 +1.5710e-05 +1.2980e-05 +1.0440e-05 +8.1200e-06 +6.0200e-06 +4.1700e-06 +2.5700e-06 +1.2400e-06 +1.7000e-07 -6.1000e-07 -1.1100e-06 -1.3200e-06 -1.2300e-06 -8.6000e-07 -2.0000e-07 +7.5000e-07 +1.9800e-06 +3.4900e-06 +5.2600e-06 +7.2900e-06 +9.5700e-06 +1.2080e-05 +1.4810e-05 +1.7740e-05 +2.0850e-05 +2.4130e-05 +2.7550e-05 +3.1090e-05 +3.4720e-05 +3.8420e-05 +4.2160e-05 +4.5910e-05 +4.9640e-05 +5.3320e-05 +5.6900e-05 +6.0360e-05 +6.3650e-05 +6.6740e-05 +6.9580e-05 +7.2130e-05 +7.4350e-05 +7.6190e-05 
+0000.00050 +6.6260e-05 +6.5810e-05 +6.4870e-05 +6.3490e-05 +6.1730e-05 +5.9620e-05 +5.7220e-05 +5.4560e-05 +5.1700e-05 +4.8670e-05 +4.5510e-05 +4.2250e-05 +3.8950e-05 +3.5610e-05 +3.2290e-05 +2.9010e-05 +2.5790e-05 +2.2670e-05 +1.9660e-05 +1.6800e-05 +1.4110e-05 +1.1590e-05 +9.2800e-06 +7.1900e-06 +5.3300e-06 +3.7200e-06 +2.3700e-06 +1.2800e-06 +4.7000e-07 -7.0000e-08 -3.2000e-07 -2.8000e-07 +5.0000e-08 +6.6000e-07 +1.5600e-06 +2.7400e-06 +4.1900e-06 +5.9100e-06 +7.8800e-06 +1.0100e-05 +1.2550e-05 +1.5220e-05 +1.8090e-05 +2.1140e-05 +2.4350e-05 +2.7700e-05 +3.1170e-05 +3.4740e-05 +3.8360e-05 +4.2030e-05 +4.5700e-05 +4.9340e-05 +5.2920e-05 +5.6410e-05 +5.9760e-05 +6.2940e-05 +6.5910e-05 +6.8620e-05 +7.1030e-05 +7.3100e-05 +7.4770e-05 
+0000.00000 +6.5020e-05 +6.4760e-05 +6.3980e-05 +6.2760e-05 +6.1130e-05 +5.9150e-05 +5.6860e-05 +5.4310e-05 +5.1540e-05 +4.8590e-05 +4.5510e-05 +4.2320e-05 +3.9070e-05 +3.5780e-05 +3.2500e-05 +2.9250e-05 +2.6070e-05 +2.2970e-05 +1.9990e-05 +1.7140e-05 +1.4460e-05 +1.1950e-05 +9.6500e-06 +7.5600e-06 +5.7000e-06 +4.0800e-06 +2.7200e-06 +1.6300e-06 +8.1000e-07 +2.6000e-07 +0.0000e+00 +3.0000e-08 +3.4000e-07 +9.4000e-07 +1.8300e-06 +2.9900e-06 +4.4300e-06 +6.1300e-06 +8.0900e-06 +1.0290e-05 +1.2730e-05 +1.5380e-05 +1.8230e-05 +2.1260e-05 +2.4460e-05 +2.7790e-05 +3.1240e-05 +3.4780e-05 +3.8380e-05 +4.2020e-05 +4.5660e-05 +4.9270e-05 +5.2820e-05 +5.6270e-05 +5.9590e-05 +6.2730e-05 +6.5650e-05 +6.8310e-05 +7.0670e-05 +7.2670e-05 +7.4280e-05 
-0000.00050 +6.6270e-05 +6.5810e-05 +6.4870e-05 +6.3480e-05 +6.1710e-05 +5.9600e-05 +5.7190e-05 +5.4530e-05 +5.1660e-05 +4.8630e-05 +4.5470e-05 +4.2210e-05 +3.8900e-05 +3.5570e-05 +3.2250e-05 +2.8960e-05 +2.5750e-05 +2.2620e-05 +1.9620e-05 +1.6760e-05 +1.4070e-05 +1.1560e-05 +9.2500e-06 +7.1700e-06 +5.3100e-06 +3.7000e-06 +2.3500e-06 +1.2700e-06 +4.6000e-07 -7.0000e-08 -3.1000e-07 -2.7000e-07 +6.0000e-08 +6.8000e-07 +1.5800e-06 +2.7600e-06 +4.2200e-06 +5.9400e-06 +7.9100e-06 +1.0140e-05 +1.2590e-05 +1.5260e-05 +1.8130e-05 +2.1180e-05 +2.4400e-05 +2.7750e-05 +3.1220e-05 +3.4780e-05 +3.8410e-05 +4.2070e-05 +4.5740e-05 +4.9380e-05 +5.2960e-05 +5.6440e-05 +5.9790e-05 +6.2960e-05 +6.5930e-05 +6.8630e-05 +7.1040e-05 +7.3100e-05 +7.4760e-05 
-0000.00100 +7.0030e-05 +6.9020e-05 +6.7560e-05 +6.5700e-05 +6.3500e-05 +6.1000e-05 +5.8240e-05 +5.5260e-05 +5.2100e-05 +4.8810e-05 +4.5420e-05 +4.1960e-05 +3.8470e-05 +3.4980e-05 +3.1520e-05 +2.8120e-05 +2.4810e-05 +2.1610e-05 +1.8550e-05 +1.5640e-05 +1.2910e-05 +1.0380e-05 +8.0600e-06 +5.9700e-06 +4.1300e-06 +2.5300e-06 +1.2100e-06 +1.5000e-07 -6.2000e-07 -1.1100e-06 -1.3200e-06 -1.2300e-06 -8.4000e-07 -1.7000e-07 +7.8000e-07 +2.0200e-06 +3.5300e-06 +5.3100e-06 +7.3500e-06 +9.6300e-06 +1.2150e-05 +1.4880e-05 +1.7820e-05 +2.0930e-05 +2.4210e-05 +2.7640e-05 +3.1170e-05 +3.4810e-05 +3.8510e-05 +4.2250e-05 +4.5990e-05 +4.9720e-05 +5.3380e-05 +5.6960e-05 +6.0410e-05 +6.3690e-05 +6.6770e-05 +6.9590e-05 +7.2130e-05 +7.4330e-05 +7.6150e-05 
-0000.00150 +7.6410e-05 +7.4540e-05 +7.2290e-05 +6.9700e-05 +6.6820e-05 +6.3690e-05 +6.0350e-05 +5.6840e-05 +5.3200e-05 +4.9460e-05 +4.5670e-05 +4.1850e-05 +3.8040e-05 +3.4260e-05 +3.0550e-05 +2.6930e-05 +2.3430e-05 +2.0070e-05 +1.6870e-05 +1.3850e-05 +1.1040e-05 +8.4400e-06 +6.0800e-06 +3.9600e-06 +2.1100e-06 +5.3000e-07 -7.8000e-07 -1.8000e-06 -2.5200e-06 -2.9500e-06 -3.0700e-06 -2.9000e-06 -2.4300e-06 -1.6600e-06 -6.0000e-07 +7.5000e-07 +2.3800e-06 +4.2900e-06 +6.4500e-06 +8.8600e-06 +1.1510e-05 +1.4380e-05 +1.7450e-05 +2.0700e-05 +2.4120e-05 +2.7680e-05 +3.1370e-05 +3.5140e-05 +3.8980e-05 +4.2860e-05 +4.6750e-05 +5.0610e-05 +5.4420e-05 +5.8140e-05 +6.1740e-05 +6.5160e-05 +6.8380e-05 +7.1360e-05 +7.4040e-05 +7.6400e-05 +7.8370e-05 
-0000.00200 +1.4477e-04 +1.4192e-04 +1.3875e-04 +1.3529e-04 +1.3158e-04 +1.2768e-04 +1.2361e-04 +1.1942e-04 +1.1514e-04 +1.1081e-04 +1.0646e-04 +1.0212e-04 +9.7830e-05 +9.3600e-05 +8.9480e-05 +8.5480e-05 +8.1620e-05 +7.7940e-05 +7.4450e-05 +7.1170e-05 +6.8110e-05 +6.5300e-05 +6.2750e-05 +6.0460e-05 +5.8460e-05 +5.6760e-05 +5.5350e-05 +5.4250e-05 +5.3460e-05 +5.2980e-05 +5.2830e-05 +5.2990e-05 +5.3470e-05 +5.4260e-05 +5.5360e-05 +5.6760e-05 +5.8460e-05 +6.0440e-05 +6.2700e-05 +6.5230e-05 +6.8000e-05 +7.1010e-05 +7.4240e-05 +7.7660e-05 +8.1270e-05 +8.5030e-05 +8.8920e-05 +9.2930e-05 +9.7010e-05 +1.0116e-04 +1.0532e-04 +1.0948e-04 +1.1361e-04 +1.1766e-04 +1.2160e-04 +1.2539e-04 +1.2901e-04 +1.3239e-04 +1.3551e-04 +1.3832e-04 +1.4077e-04 
# Total Vertical 2nd Order Kick [T2m2]
START
            -0000.01000 -0000.00967 -0000.00933 -0000.00900 -0000.00867 -0000.00833 -0000.00800 -0000.00767 -0000.00733 -0000.00700 -0000.00667 -0000.00633 -0000.00600 -0000.00567 -0000.00533 -0000.00500 -0000.00467 -0000.00433 -0000.00400 -0000.00367 -0000.00333 -0000.00300 -0000.00267 -0000.00233 -0000.00200 -0000.00167 -0000.00133 -0000.00100 -0000.00067 -0000.00033 +0000.00000 +0000.00033 +0000.00067 +0000.00100 +0000.00133 +0000.00167 +0000.00200 +0000.00233 +0000.00267 +0000.00300 +0000.00333 +0000.00367 +0000.00400 +0000.00433 +0000.00467 +0000.00500 +0000.00533 +0000.00567 +0000.00600 +0000.00633 +0000.00667 +0000.00700 +0000.00733 +0000.00767 +0000.00800 +0000.00833 +0000.00867 +0000.00900 +0000.00933 +0000.00967 +0000.01000 
+0000.00200 -1.9614e-04 -1.9065e-04 -1.8574e-04 -1.8137e-04 -1.7752e-04 -1.7417e-04 -1.7130e-04 -1.6887e-04 -1.6688e-04 -1.6529e-04 -1.6409e-04 -1.6325e-04 -1.6275e-04 -1.6257e-04 -1.6268e-04 -1.6308e-04 -1.6373e-04 -1.6461e-04 -1.6572e-04 -1.6702e-04 -1.6851e-04 -1.7015e-04 -1.7193e-04 -1.7384e-04 -1.7586e-04 -1.7796e-04 -1.8013e-04 -1.8236e-04 -1.8463e-04 -1.8692e-04 -1.8922e-04 -1.9150e-04 -1.9377e-04 -1.9599e-04 -1.9816e-04 -2.0026e-04 -2.0228e-04 -2.0421e-04 -2.0603e-04 -2.0772e-04 -2.0928e-04 -2.1070e-04 -2.1196e-04 -2.1304e-04 -2.1395e-04 -2.1466e-04 -2.1517e-04 -2.1547e-04 -2.1555e-04 -2.1539e-04 -2.1499e-04 -2.1434e-04 -2.1343e-04 -2.1225e-04 -2.1079e-04 -2.0905e-04 -2.0702e-04 -2.0469e-04 -2.0206e-04 -1.9911e-04 -1.9585e-04 
+0000.00150 -1.2882e-04 -1.2472e-04 -1.2107e-04 -1.1785e-04 -1.1503e-04 -1.1260e-04 -1.1053e-04 -1.0881e-04 -1.0742e-04 -1.0634e-04 -1.0555e-04 -1.0503e-04 -1.0476e-04 -1.0474e-04 -1.0493e-04 -1.0533e-04 -1.0592e-04 -1.0667e-04 -1.0759e-04 -1.0864e-04 -1.0982e-04 -1.1111e-04 -1.1249e-04 -1.1396e-04 -1.1549e-04 -1.1708e-04 -1.1871e-04 -1.2037e-04 -1.2205e-04 -1.2373e-04 -1.2541e-04 -1.2706e-04 -1.2869e-04 -1.3027e-04 -1.3181e-04 -1.3328e-04 -1.3468e-04 -1.3600e-04 -1.3723e-04 -1.3837e-04 -1.3940e-04 -1.4031e-04 -1.4110e-04 -1.4176e-04 -1.4228e-04 -1.4266e-04 -1.4289e-04 -1.4296e-04 -1.4287e-04 -1.4261e-04 -1.4218e-04 -1.4157e-04 -1.4077e-04 -1.3979e-04 -1.3862e-04 -1.3726e-04 -1.3570e-04 -1.3394e-04 -1.3198e-04 -1.2981e-04 -1.2744e-04 
+0000.00100 -7.8853e-05 -7.6161e-05 -7.3760e-05 -7.1639e-05 -6.9782e-05 -6.8178e-05 -6.6813e-05 -6.5675e-05 -6.4751e-05 -6.4029e-05 -6.3497e-05 -6.3143e-05 -6.2955e-05 -6.2923e-05 -6.3035e-05 -6.3279e-05 -6.3647e-05 -6.4126e-05 -6.4707e-05 -6.5379e-05 -6.6134e-05 -6.6960e-05 -6.7850e-05 -6.8793e-05 -6.9781e-05 -7.0804e-05 -7.1855e-05 -7.2926e-05 -7.4007e-05 -7.5092e-05 -7.6172e-05 -7.7240e-05 -7.8290e-05 -7.9313e-05 -8.0303e-05 -8.1254e-05 -8.2160e-05 -8.3013e-05 -8.3809e-05 -8.4542e-05 -8.5206e-05 -8.5796e-05 -8.6306e-05 -8.6733e-05 -8.7072e-05 -8.7318e-05 -8.7466e-05 -8.7514e-05 -8.7458e-05 -8.7293e-05 -8.7017e-05 -8.6627e-05 -8.6119e-05 -8.5492e-05 -8.4742e-05 -8.3869e-05 -8.2869e-05 -8.1740e-05 -8.0483e-05 -7.9094e-05 -7.7574e-05 
+0000.00050 -3.7687e-05 -3.6361e-05 -3.5176e-05 -3.4125e-05 -3.3202e-05 -3.2401e-05 -3.1716e-05 -3.1141e-05 -3.0670e-05 -3.0297e-05 -3.0017e-05 -2.9824e-05 -2.9712e-05 -2.9677e-05 -2.9713e-05 -2.9815e-05 -2.9977e-05 -3.0195e-05 -3.0464e-05 -3.0778e-05 -3.1134e-05 -3.1527e-05 -3.1952e-05 -3.2405e-05 -3.2881e-05 -3.3376e-05 -3.3886e-05 -3.4407e-05 -3.4935e-05 -3.5467e-05 -3.5998e-05 -3.6524e-05 -3.7043e-05 -3.7550e-05 -3.8043e-05 -3.8518e-05 -3.8971e-05 -3.9400e-05 -3.9802e-05 -4.0174e-05 -4.0513e-05 -4.0816e-05 -4.1081e-05 -4.1305e-05 -4.1486e-05 -4.1621e-05 -4.1708e-05 -4.1745e-05 -4.1730e-05 -4.1661e-05 -4.1536e-05 -4.1353e-05 -4.1111e-05 -4.0808e-05 -4.0442e-05 -4.0013e-05 -3.9519e-05 -3.8958e-05 -3.8330e-05 -3.7633e-05 -3.6868e-05 
+0000.00000 -4.6363e-07 -4.9382e-07 -5.1491e-07 -5.2773e-07 -5.3308e-07 -5.3175e-07 -5.2448e-07 -5.1200e-07 -4.9499e-07 -4.7411e-07 -4.5000e-07 -4.2325e-07 -3.9444e-07 -3.6411e-07 -3.3277e-07 -3.0092e-07 -2.6900e-07 -2.3743e-07 -2.0663e-07 -1.7694e-07 -1.4872e-07 -1.2226e-07 -9.7850e-08 -7.5730e-08 -5.6130e-08 -3.9240e-08 -2.5220e-08 -1.4190e-08 -6.2700e-09 -1.5300e-09 +0.0000e+00 -1.7100e-09 -6.6300e-09 -1.4740e-08 -2.5940e-08 -4.0150e-08 -5.7220e-08 -7.6990e-08 -9.9280e-08 -1.2386e-07 -1.5049e-07 -1.7888e-07 -2.0873e-07 -2.3970e-07 -2.7142e-07 -3.0350e-07 -3.3550e-07 -3.6698e-07 -3.9745e-07 -4.2640e-07 -4.5328e-07 -4.7752e-07 -4.9852e-07 -5.1564e-07 -5.2823e-07 -5.3560e-07 -5.3703e-07 -5.3176e-07 -5.1903e-07 -4.9802e-07 -4.6789e-07 
-0000.00050 +3.6757e-05 +3.5368e-05 +3.4139e-05 +3.3061e-05 +3.2126e-05 +3.1327e-05 +3.0656e-05 +3.0106e-05 +2.9669e-05 +2.9338e-05 +2.9107e-05 +2.8968e-05 +2.8916e-05 +2.8942e-05 +2.9042e-05 +2.9209e-05 +2.9436e-05 +2.9719e-05 +3.0051e-05 +3.0426e-05 +3.0840e-05 +3.1287e-05 +3.1762e-05 +3.2260e-05 +3.2776e-05 +3.3306e-05 +3.3845e-05 +3.4389e-05 +3.4933e-05 +3.5474e-05 +3.6008e-05 +3.6531e-05 +3.7040e-05 +3.7530e-05 +3.8000e-05 +3.8446e-05 +3.8864e-05 +3.9253e-05 +3.9609e-05 +3.9931e-05 +4.0215e-05 +4.0460e-05 +4.0664e-05 +4.0824e-05 +4.0940e-05 +4.1010e-05 +4.1031e-05 +4.1004e-05 +4.0927e-05 +4.0799e-05 +4.0619e-05 +4.0387e-05 +4.0103e-05 +3.9765e-05 +3.9375e-05 +3.8931e-05 +3.8435e-05 +3.7886e-05 +3.7285e-05 +3.6633e-05 +3.5930e-05 
-0000.00100 +7.7917e-05 +7.5152e-05 +7.2700e-05 +7.0545e-05 +6.8673e-05 +6.7068e-05 +6.5716e-05 +6.4602e-05 +6.3713e-05 +6.3035e-05 +6.2554e-05 +6.2257e-05 +6.2132e-05 +6.2165e-05 +6.2345e-05 +6.2659e-05 +6.3096e-05 +6.3645e-05 +6.4293e-05 +6.5031e-05 +6.5847e-05 +6.6732e-05 +6.7675e-05 +6.8667e-05 +6.9698e-05 +7.0759e-05 +7.1841e-05 +7.2936e-05 +7.4035e-05 +7.5130e-05 +7.6213e-05 +7.7278e-05 +7.8316e-05 +7.9322e-05 +8.0287e-05 +8.1207e-05 +8.2075e-05 +8.2885e-05 +8.3632e-05 +8.4311e-05 +8.4916e-05 +8.5443e-05 +8.5889e-05 +8.6248e-05 +8.6517e-05 +8.6692e-05 +8.6771e-05 +8.6751e-05 +8.6628e-05 +8.6401e-05 +8.6067e-05 +8.5626e-05 +8.5074e-05 +8.4411e-05 +8.3637e-05 +8.2750e-05 +8.1751e-05 +8.0638e-05 +7.9413e-05 +7.8076e-05 +7.6628e-05 
-0000.00150 +1.2788e-04 +1.2369e-04 +1.1998e-04 +1.1671e-04 +1.1387e-04 +1.1144e-04 +1.0938e-04 +1.0769e-04 +1.0633e-04 +1.0529e-04 +1.0456e-04 +1.0410e-04 +1.0391e-04 +1.0395e-04 +1.0422e-04 +1.0470e-04 +1.0536e-04 +1.0619e-04 +1.0718e-04 +1.0831e-04 +1.0955e-04 +1.1091e-04 +1.1235e-04 +1.1387e-04 +1.1545e-04 +1.1709e-04 +1.1875e-04 +1.2044e-04 +1.2214e-04 +1.2383e-04 +1.2551e-04 +1.2716e-04 +1.2877e-04 +1.3034e-04 +1.3184e-04 +1.3328e-04 +1.3464e-04 +1.3591e-04 +1.3709e-04 +1.3817e-04 +1.3913e-04 +1.3997e-04 +1.4069e-04 +1.4127e-04 +1.4172e-04 +1.4202e-04 +1.4217e-04 +1.4216e-04 +1.4200e-04 +1.4167e-04 +1.4118e-04 +1.4051e-04 +1.3967e-04 +1.3866e-04 +1.3746e-04 +1.3609e-04 +1.3453e-04 +1.3280e-04 +1.3088e-04 +1.2877e-04 +1.2649e-04 
-0000.00200 +1.9517e-04 +1.8957e-04 +1.8457e-04 +1.8015e-04 +1.7627e-04 +1.7291e-04 +1.7004e-04 +1.6765e-04 +1.6570e-04 +1.6416e-04 +1.6302e-04 +1.6225e-04 +1.6183e-04 +1.6173e-04 +1.6194e-04 +1.6242e-04 +1.6317e-04 +1.6415e-04 +1.6534e-04 +1.6673e-04 +1.6829e-04 +1.7001e-04 +1.7187e-04 +1.7384e-04 +1.7591e-04 +1.7807e-04 +1.8028e-04 +1.8255e-04 +1.8484e-04 +1.8714e-04 +1.8944e-04 +1.9172e-04 +1.9397e-04 +1.9617e-04 +1.9831e-04 +2.0037e-04 +2.0234e-04 +2.0421e-04 +2.0596e-04 +2.0758e-04 +2.0907e-04 +2.1040e-04 +2.1157e-04 +2.1257e-04 +2.1338e-04 +2.1401e-04 +2.1443e-04 +2.1463e-04 +2.1462e-04 +2.1439e-04 +2.1391e-04 +2.1320e-04 +2.1223e-04 +2.1102e-04 +2.0953e-04 +2.0778e-04 +2.0576e-04 +2.0347e-04 +2.0089e-04 +1.9802e-04 +1.9487e-04 
# Horizontal Final Position [m]
START
            -0000.01000 -0000.00967 -0000.00933 -0000.00900 -0000.00867 -0000.00833 -0000.00800 -0000.00767 -0000.00733 -0000.00700 -0000.00667 -0000.00633 -0000.00600 -0000.00567 -0000.00533 -0000.00500 -0000.00467 -0000.00433 -0000.00400 -0000.00367 -0000.00333 -0000.00300 -0000.00267 -0000.00233 -0000.00200 -0000.00167 -0000.00133 -0000.00100 -0000.00067 -0000.00033 +0000.00000 +0000.00033 +0000.00067 +0000.00100 +0000.00133 +0000.00167 +0000.00200 +0000.00233 +0000.00267 +0000.00300 +0000.00333 +0000.00367 +0000.00400 +0000.00433 +0000.00467 +0000.00500 +0000.00533 +0000.00567 +0000.00600 +0000.00633 +0000.00667 +0000.00700 +0000.00733 +0000.00767 +0000.00800 +0000.00833 +0000.00867 +0000.00900 +0000.00933 +0000.00967 +0000.01000 
+0000.00200 -9.9990e-03 -9.6658e-03 -9.3326e-03 -8.9993e-03 -8.6661e-03 -8.3328e-03 -7.9996e-03 -7.6663e-03 -7.3331e-03 -6.9998e-03 -6.6665e-03 -6.3333e-03 -6.0000e-03 -5.6667e-03 -5.3334e-03 -5.0001e-03 -4.6668e-03 -4.3335e-03 -4.0002e-03 -3.6669e-03 -3.3336e-03 -3.0003e-03 -2.6670e-03 -2.3337e-03 -2.0004e-03 -1.6671e-03 -1.3337e-03 -1.0004e-03 -6.6709e-04 -3.3376e-04 -4.2692e-07 +3.3291e-04 +6.6624e-04 +9.9958e-04 +1.3329e-03 +1.6663e-03 +1.9996e-03 +2.3330e-03 +2.6663e-03 +2.9997e-03 +3.3330e-03 +3.6664e-03 +3.9998e-03 +4.3331e-03 +4.6665e-03 +4.9999e-03 +5.3332e-03 +5.6666e-03 +6.0000e-03 +6.3334e-03 +6.6668e-03 +7.0002e-03 +7.3336e-03 +7.6670e-03 +8.0004e-03 +8.3338e-03 +8.6672e-03 +9.0007e-03 +9.3341e-03 +9.6675e-03 +1.0001e-02 
+0000.00150 -9.9991e-03 -9.6659e-03 -9.3327e-03 -8.9994e-03 -8.6662e-03 -8.3330e-03 -7.9997e-03 -7.6665e-03 -7.3332e-03 -6.9999e-03 -6.6667e-03 -6.3334e-03 -6.0001e-03 -5.6668e-03 -5.3335e-03 -5.0003e-03 -4.6670e-03 -4.3337e-03 -4.0004e-03 -3.6670e-03 -3.3337e-03 -3.0004e-03 -2.6671e-03 -2.3338e-03 -2.0005e-03 -1.6672e-03 -1.3338e-03 -1.0005e-03 -6.6718e-04 -3.3385e-04 -5.1480e-07 +3.3282e-04 +6.6616e-04 +9.9950e-04 +1.3328e-03 +1.6662e-03 +1.9995e-03 +2.3329e-03 +2.6662e-03 +2.9996e-03 +3.3329e-03 +3.6663e-03 +3.9997e-03 +4.3330e-03 +4.6664e-03 +4.9998e-03 +5.3331e-03 +5.6665e-03 +5.9999e-03 +6.3333e-03 +6.6667e-03 +7.0001e-03 +7.3335e-03 +7.6669e-03 +8.0003e-03 +8.3337e-03 +8.6671e-03 +9.0006e-03 +9.3340e-03 +9.6675e-03 +1.0001e-02 
+0000.00100 -9.9992e-03 -9.6660e-03 -9.3327e-03 -8.9994e-03 -8.6662e-03 -8.3329e-03 -7.9996e-03 -7.6663e-03 -7.3331e-03 -6.9998e-03 -6.6665e-03 -6.3333e-03 -6.0000e-03 -5.6667e-03 -5.3334e-03 -5.0002e-03 -4.6669e-03 -4.3336e-03 -4.0003e-03 -3.6670e-03 -3.3337e-03 -3.0004e-03 -2.6671e-03 -2.3338e-03 -2.0005e-03 -1.6672e-03 -1.3339e-03 -1.0006e-03 -6.6723e-04 -3.3390e-04 -5.7184e-07 +3.3276e-04 +6.6610e-04 +9.9945e-04 +1.3328e-03 +1.6661e-03 +1.9995e-03 +2.3329e-03 +2.6662e-03 +2.9996e-03 +3.3330e-03 +3.6663e-03 +3.9997e-03 +4.3331e-03 +4.6665e-03 +4.9999e-03 +5.3332e-03 +5.6666e-03 +6.0000e-03 +6.3334e-03 +6.6668e-03 +7.0002e-03 +7.3336e-03 +7.6670e-03 +8.0004e-03 +8.3338e-03 +8.6672e-03 +9.0006e-03 +9.3340e-03 +9.6674e-03 +1.0001e-02 
+0000.00050 -9.9992e-03 -9.6659e-03 -9.3327e-03 -8.9994e-03 -8.6661e-03 -8.3328e-03 -7.9996e-03 -7.6663e-03 -7.3330e-03 -6.9998e-03 -6.6665e-03 -6.3332e-03 -6.0000e-03 -5.6667e-03 -5.3334e-03 -5.0001e-03 -4.6669e-03 -4.3336e-03 -4.0003e-03 -3.6670e-03 -3.3337e-03 -3.0004e-03 -2.6671e-03 -2.3338e-03 -2.0005e-03 -1.6672e-03 -1.3339e-03 -1.0006e-03 -6.6723e-04 -3.3391e-04 -5.7492e-07 +3.3276e-04 +6.6610e-04 +9.9944e-04 +1.3328e-03 +1.6661e-03 +1.9995e-03 +2.3329e-03 +2.6662e-03 +2.9996e-03 +3.3330e-03 +3.6663e-03 +3.9997e-03 +4.3331e-03 +4.6665e-03 +4.9999e-03 +5.3333e-03 +5.6667e-03 +6.0000e-03 +6.3334e-03 +6.6668e-03 +7.0002e-03 +7.3336e-03 +7.6670e-03 +8.0004e-03 +8.3338e-03 +8.6672e-03 +9.0006e-03 +9.3340e-03 +9.6674e-03 +1.0001e-02 
+0000.00000 -9.9992e-03 -9.6659e-03 -9.3327e-03 -8.9994e-03 -8.6661e-03 -8.3328e-03 -7.9996e-03 -7.6663e-03 -7.3330e-03 -6.9998e-03 -6.6665e-03 -6.3332e-03 -6.0000e-03 -5.6667e-03 -5.3334e-03 -5.0001e-03 -4.6669e-03 -4.3336e-03 -4.0003e-03 -3.6670e-03 -3.3337e-03 -3.0004e-03 -2.6671e-03 -2.3338e-03 -2.0005e-03 -1.6672e-03 -1.3339e-03 -1.0006e-03 -6.6723e-04 -3.3391e-04 -5.7443e-07 +3.3276e-04 +6.6610e-04 +9.9944e-04 +1.3328e-03 +1.6661e-03 +1.9995e-03 +2.3329e-03 +2.6662e-03 +2.9996e-03 +3.3330e-03 +3.6663e-03 +3.9997e-03 +4.3331e-03 +4.6665e-03 +4.9999e-03 +5.3333e-03 +5.6667e-03 +6.0000e-03 +6.3334e-03 +6.6668e-03 +7.0002e-03 +7.3336e-03 +7.6670e-03 +8.0004e-03 +8.3338e-03 +8.6672e-03 +9.0006e-03 +9.3340e-03 +9.6674e-03 +1.0001e-02 
-0000.00050 -9.9992e-03 -9.6659e-03 -9.3327e-03 -8.9994e-03 -8.6661e-03 -8.3328e-03 -7.9996e-03 -7.6663e-03 -7.3330e-03 -6.9998e-03 -6.6665e-03 -6.3332e-03 -6.0000e-03 -5.6667e-03 -5.3334e-03 -5.0001e-03 -4.6669e-03 -4.3336e-03 -4.0003e-03 -3.6670e-03 -3.3337e-03 -3.0004e-03 -2.6671e-03 -2.3338e-03 -2.0005e-03 -1.6672e-03 -1.3339e-03 -1.0006e-03 -6.6723e-04 -3.3391e-04 -5.7492e-07 +3.3276e-04 +6.6610e-04 +9.9944e-04 +1.3328e-03 +1.6661e-03 +1.9995e-03 +2.3329e-03 +2.6662e-03 +2.9996e-03 +3.3330e-03 +3.6663e-03 +3.9997e-03 +4.3331e-03 +4.6665e-03 +4.9999e-03 +5.3333e-03 +5.6667e-03 +6.0000e-03 +6.3334e-03 +6.6668e-03 +7.0002e-03 +7.3336e-03 +7.6670e-03 +8.0004e-03 +8.3338e-03 +8.6672e-03 +9.0006e-03 +9.3340e-03 +9.6674e-03 +1.0001e-02 
-0000.00100 -9.9992e-03 -9.6660e-03 -9.3327e-03 -8.9994e-03 -8.6662e-03 -8.3329e-03 -7.9996e-03 -7.6663e-03 -7.3331e-03 -6.9998e-03 -6.6665e-03 -6.3333e-03 -6.0000e-03 -5.6667e-03 -5.3334e-03 -5.0002e-03 -4.6669e-03 -4.3336e-03 -4.0003e-03 -3.6670e-03 -3.3337e-03 -3.0004e-03 -2.6671e-03 -2.3338e-03 -2.0005e-03 -1.6672e-03 -1.3339e-03 -1.0006e-03 -6.6723e-04 -3.3390e-04 -5.7184e-07 +3.3276e-04 +6.6610e-04 +9.9945e-04 +1.3328e-03 +1.6661e-03 +1.9995e-03 +2.3329e-03 +2.6662e-03 +2.9996e-03 +3.3330e-03 +3.6663e-03 +3.9997e-03 +4.3331e-03 +4.6665e-03 +4.9999e-03 +5.3332e-03 +5.6666e-03 +6.0000e-03 +6.3334e-03 +6.6668e-03 +7.0002e-03 +7.3336e-03 +7.6670e-03 +8.0004e-03 +8.3338e-03 +8.6672e-03 +9.0006e-03 +9.3340e-03 +9.6674e-03 +1.0001e-02 
-0000.00150 -9.9991e-03 -9.6659e-03 -9.3327e-03 -8.9994e-03 -8.6662e-03 -8.3330e-03 -7.9997e-03 -7.6665e-03 -7.3332e-03 -6.9999e-03 -6.6667e-03 -6.3334e-03 -6.0001e-03 -5.6668e-03 -5.3335e-03 -5.0003e-03 -4.6670e-03 -4.3337e-03 -4.0004e-03 -3.6670e-03 -3.3337e-03 -3.0004e-03 -2.6671e-03 -2.3338e-03 -2.0005e-03 -1.6672e-03 -1.3338e-03 -1.0005e-03 -6.6718e-04 -3.3385e-04 -5.1480e-07 +3.3282e-04 +6.6616e-04 +9.9950e-04 +1.3328e-03 +1.6662e-03 +1.9995e-03 +2.3329e-03 +2.6662e-03 +2.9996e-03 +3.3329e-03 +3.6663e-03 +3.9997e-03 +4.3330e-03 +4.6664e-03 +4.9998e-03 +5.3331e-03 +5.6665e-03 +5.9999e-03 +6.3333e-03 +6.6667e-03 +7.0001e-03 +7.3335e-03 +7.6669e-03 +8.0003e-03 +8.3337e-03 +8.6671e-03 +9.0006e-03 +9.3340e-03 +9.6675e-03 +1.0001e-02 
-0000.00200 -9.9990e-03 -9.6658e-03 -9.3326e-03 -8.9993e-03 -8.6661e-03 -8.3328e-03 -7.9996e-03 -7.6663e-03 -7.3331e-03 -6.9998e-03 -6.6665e-03 -6.3333e-03 -6.0000e-03 -5.6667e-03 -5.3334e-03 -5.0001e-03 -4.6668e-03 -4.3335e-03 -4.0002e-03 -3.6669e-03 -3.3336e-03 -3.0003e-03 -2.6670e-03 -2.3337e-03 -2.0004e-03 -1.6671e-03 -1.3337e-03 -1.0004e-03 -6.6709e-04 -3.3376e-04 -4.2692e-07 +3.3291e-04 +6.6624e-04 +9.9958e-04 +1.3329e-03 +1.6663e-03 +1.9996e-03 +2.3330e-03 +2.6663e-03 +2.9997e-03 +3.3330e-03 +3.6664e-03 +3.9998e-03 +4.3331e-03 +4.6665e-03 +4.9999e-03 +5.3332e-03 +5.6666e-03 +6.0000e-03 +6.3334e-03 +6.6668e-03 +7.0002e-03 +7.3336e-03 +7.6670e-03 +8.0004e-03 +8.3338e-03 +8.6672e-03 +9.0007e-03 +9.3341e-03 +9.6675e-03 +1.0001e-02 
# Vertical Final Position [m]
START
            -0000.01000 -0000.00967 -0000.00933 -0000.00900 -0000.00867 -0000.00833 -0000.00800 -0000.00767 -0000.00733 -0000.00700 -0000.00667 -0000.00633 -0000.00600 -0000.00567 -0000.00533 -0000.00500 -0000.00467 -0000.00433 -0000.00400 -0000.00367 -0000.00333 -0000.00300 -0000.00267 -0000.00233 -0000.00200 -0000.00167 -0000.00133 -0000.00100 -0000.00067 -0000.00033 +0000.00000 +0000.00033 +0000.00067 +0000.00100 +0000.00133 +0000.00167 +0000.00200 +0000.00233 +0000.00267 +0000.00300 +0000.00333 +0000.00367 +0000.00400 +0000.00433 +0000.00467 +0000.00500 +0000.00533 +0000.00567 +0000.00600 +0000.00633 +0000.00667 +0000.00700 +0000.00733 +0000.00767 +0000.00800 +0000.00833 +0000.00867 +0000.00900 +0000.00933 +0000.00967 +0000.01000 
+0000.00200 +2.0002e-03 +2.0002e-03 +2.0003e-03 +2.0003e-03 +2.0003e-03 +2.0003e-03 +2.0003e-03 +2.0002e-03 +2.0002e-03 +2.0002e-03 +2.0002e-03 +2.0002e-03 +2.0002e-03 +2.0002e-03 +2.0002e-03 +2.0002e-03 +2.0001e-03 +2.0001e-03 +2.0001e-03 +2.0001e-03 +2.0001e-03 +2.0000e-03 +2.0000e-03 +2.0000e-03 +2.0000e-03 +1.9999e-03 +1.9999e-03 +1.9999e-03 +1.9999e-03 +1.9998e-03 +1.9998e-03 +1.9998e-03 +1.9998e-03 +1.9997e-03 +1.9997e-03 +1.9997e-03 +1.9997e-03 +1.9996e-03 +1.9996e-03 +1.9996e-03 +1.9996e-03 +1.9995e-03 +1.9995e-03 +1.9995e-03 +1.9995e-03 +1.9995e-03 +1.9994e-03 +1.9994e-03 +1.9994e-03 +1.9994e-03 +1.9994e-03 +1.9994e-03 +1.9994e-03 +1.9994e-03 +1.9994e-03 +1.9993e-03 +1.9993e-03 +1.9993e-03 +1.9993e-03 +1.9994e-03 +1.9994e-03 
+0000.00150 +1.5002e-03 +1.5002e-03 +1.5002e-03 +1.5002e-03 +1.5002e-03 +1.5002e-03 +1.5002e-03 +1.5002e-03 +1.5002e-03 +1.5002e-03 +1.5002e-03 +1.5002e-03 +1.5002e-03 +1.5002e-03 +1.5002e-03 +1.5002e-03 +1.5001e-03 +1.5001e-03 +1.5001e-03 +1.5001e-03 +1.5001e-03 +1.5001e-03 +1.5000e-03 +1.5000e-03 +1.5000e-03 +1.5000e-03 +1.5000e-03 +1.4999e-03 +1.4999e-03 +1.4999e-03 +1.4999e-03 +1.4999e-03 +1.4998e-03 +1.4998e-03 +1.4998e-03 +1.4998e-03 +1.4998e-03 +1.4997e-03 +1.4997e-03 +1.4997e-03 +1.4997e-03 +1.4997e-03 +1.4996e-03 +1.4996e-03 +1.4996e-03 +1.4996e-03 +1.4996e-03 +1.4996e-03 +1.4996e-03 +1.4996e-03 +1.4996e-03 +1.4996e-03 +1.4996e-03 +1.4996e-03 +1.4996e-03 +1.4996e-03 +1.4996e-03 +1.4996e-03 +1.4996e-03 +1.4996e-03 +1.4996e-03 
+0000.00100 +1.0001e-03 +1.0001e-03 +1.0001e-03 +1.0001e-03 +1.0001e-03 +1.0001e-03 +1.0001e-03 +1.0001e-03 +1.0001e-03 +1.0001e-03 +1.0001e-03 +1.0001e-03 +1.0001e-03 +1.0001e-03 +1.0001e-03 +1.0001e-03 +1.0001e-03 +1.0001e-03 +1.0001e-03 +1.0001e-03 +1.0001e-03 +1.0000e-03 +1.0000e-03 +1.0000e-03 +1.0000e-03 +9.9999e-04 +9.9998e-04 +9.9997e-04 +9.9995e-04 +9.9994e-04 +9.9992e-04 +9.9991e-04 +9.9989e-04 +9.9988e-04 +9.9986e-04 +9.9985e-04 +9.9984e-04 +9.9982e-04 +9.9981e-04 +9.9980e-04 +9.9979e-04 +9.9978e-04 +9.9977e-04 +9.9976e-04 +9.9975e-04 +9.9974e-04 +9.9973e-04 +9.9973e-04 +9.9972e-04 +9.9972e-04 +9.9971e-04 +9.9971e-04 +9.9971e-04 +9.9971e-04 +9.9971e-04 +9.9972e-04 +9.9972e-04 +9.9973e-04 +9.9974e-04 +9.9975e-04 +9.9976e-04 
+0000.00050 +5.0003e-04 +5.0004e-04 +5.0005e-04 +5.0005e-04 +5.0006e-04 +5.0006e-04 +5.0007e-04 +5.0007e-04 +5.0007e-04 +5.0007e-04 +5.0007e-04 +5.0007e-04 +5.0007e-04 +5.0007e-04 +5.0007e-04 +5.0006e-04 +5.0006e-04 +5.0005e-04 +5.0005e-04 +5.0004e-04 +5.0004e-04 +5.0003e-04 +5.0002e-04 +5.0002e-04 +5.0001e-04 +5.0000e-04 +5.0000e-04 +4.9999e-04 +4.9998e-04 +4.9997e-04 +4.9996e-04 +4.9996e-04 +4.9995e-04 +4.9994e-04 +4.9993e-04 +4.9993e-04 +4.9992e-04 +4.9991e-04 +4.9990e-04 +4.9990e-04 +4.9989e-04 +4.9989e-04 +4.9988e-04 +4.9988e-04 +4.9987e-04 +4.9987e-04 +4.9986e-04 +4.9986e-04 +4.9986e-04 +4.9986e-04 +4.9986e-04 +4.9986e-04 +4.9986e-04 +4.9986e-04 +4.9986e-04 +4.9987e-04 +4.9987e-04 +4.9987e-04 +4.9988e-04 +4.9989e-04 +4.9990e-04 
+0000.00000 -1.9433e-10 -2.2324e-10 -2.4213e-10 -2.5195e-10 -2.5360e-10 -2.4795e-10 -2.3582e-10 -2.1803e-10 -1.9535e-10 -1.6851e-10 -1.3821e-10 -1.0514e-10 -6.9920e-11 -3.3169e-11 +4.5432e-12 +4.2676e-11 +8.0721e-11 +1.1820e-10 +1.5468e-10 +1.8974e-10 +2.2301e-10 +2.5415e-10 +2.8283e-10 +3.0879e-10 +3.3178e-10 +3.5158e-10 +3.6802e-10 +3.8095e-10 +3.9024e-10 +3.9583e-10 +3.9766e-10 +3.9572e-10 +3.9001e-10 +3.8060e-10 +3.6756e-10 +3.5101e-10 +3.3110e-10 +3.0800e-10 +2.8193e-10 +2.5313e-10 +2.2189e-10 +1.8851e-10 +1.5335e-10 +1.1676e-10 +7.9181e-11 +4.1035e-11 +2.8049e-12 -3.5003e-11 -7.1847e-11 -1.0715e-10 -1.4032e-10 -1.7070e-10 -1.9762e-10 -2.2038e-10 -2.3825e-10 -2.5044e-10 -2.5617e-10 -2.5458e-10 -2.4482e-10 -2.2598e-10 -1.9713e-10 
-0000.00050 -5.0003e-04 -5.0004e-04 -5.0005e-04 -5.0005e-04 -5.0006e-04 -5.0006e-04 -5.0007e-04 -5.0007e-04 -5.0007e-04 -5.0007e-04 -5.0007e-04 -5.0007e-04 -5.0007e-04 -5.0007e-04 -5.0006e-04 -5.0006e-04 -5.0006e-04 -5.0005e-04 -5.0005e-04 -5.0004e-04 -5.0004e-04 -5.0003e-04 -5.0002e-04 -5.0002e-04 -5.0001e-04 -5.0000e-04 -4.9999e-04 -4.9999e-04 -4.9998e-04 -4.9997e-04 -4.9996e-04 -4.9996e-04 -4.9995e-04 -4.9994e-04 -4.9993e-04 -4.9992e-04 -4.9992e-04 -4.9991e-04 -4.9990e-04 -4.9990e-04 -4.9989e-04 -4.9989e-04 -4.9988e-04 -4.9987e-04 -4.9987e-04 -4.9987e-04 -4.9986e-04 -4.9986e-04 -4.9986e-04 -4.9986e-04 -4.9986e-04 -4.9986e-04 -4.9986e-04 -4.9986e-04 -4.9986e-04 -4.9987e-04 -4.9987e-04 -4.9988e-04 -4.9988e-04 -4.9989e-04 -4.9990e-04 
-0000.00100 -1.0001e-03 -1.0001e-03 -1.0001e-03 -1.0001e-03 -1.0001e-03 -1.0001e-03 -1.0001e-03 -1.0001e-03 -1.0001e-03 -1.0001e-03 -1.0001e-03 -1.0001e-03 -1.0001e-03 -1.0001e-03 -1.0001e-03 -1.0001e-03 -1.0001e-03 -1.0001e-03 -1.0001e-03 -1.0001e-03 -1.0001e-03 -1.0000e-03 -1.0000e-03 -1.0000e-03 -1.0000e-03 -9.9999e-04 -9.9998e-04 -9.9996e-04 -9.9995e-04 -9.9993e-04 -9.9992e-04 -9.9991e-04 -9.9989e-04 -9.9988e-04 -9.9986e-04 -9.9985e-04 -9.9984e-04 -9.9982e-04 -9.9981e-04 -9.9980e-04 -9.9979e-04 -9.9977e-04 -9.9976e-04 -9.9975e-04 -9.9975e-04 -9.9974e-04 -9.9973e-04 -9.9972e-04 -9.9972e-04 -9.9972e-04 -9.9971e-04 -9.9971e-04 -9.9971e-04 -9.9971e-04 -9.9972e-04 -9.9972e-04 -9.9973e-04 -9.9973e-04 -9.9974e-04 -9.9975e-04 -9.9976e-04 
-0000.00150 -1.5002e-03 -1.5002e-03 -1.5002e-03 -1.5002e-03 -1.5002e-03 -1.5002e-03 -1.5002e-03 -1.5002e-03 -1.5002e-03 -1.5002e-03 -1.5002e-03 -1.5002e-03 -1.5002e-03 -1.5002e-03 -1.5002e-03 -1.5002e-03 -1.5001e-03 -1.5001e-03 -1.5001e-03 -1.5001e-03 -1.5001e-03 -1.5001e-03 -1.5000e-03 -1.5000e-03 -1.5000e-03 -1.5000e-03 -1.5000e-03 -1.4999e-03 -1.4999e-03 -1.4999e-03 -1.4999e-03 -1.4999e-03 -1.4998e-03 -1.4998e-03 -1.4998e-03 -1.4998e-03 -1.4998e-03 -1.4997e-03 -1.4997e-03 -1.4997e-03 -1.4997e-03 -1.4997e-03 -1.4996e-03 -1.4996e-03 -1.4996e-03 -1.4996e-03 -1.4996e-03 -1.4996e-03 -1.4996e-03 -1.4996e-03 -1.4996e-03 -1.4996e-03 -1.4996e-03 -1.4996e-03 -1.4996e-03 -1.4996e-03 -1.4996e-03 -1.4996e-03 -1.4996e-03 -1.4996e-03 -1.4996e-03 
-0000.00200 -2.0002e-03 -2.0002e-03 -2.0003e-03 -2.0003e-03 -2.0003e-03 -2.0003e-03 -2.0003e-03 -2.0002e-03 -2.0002e-03 -2.0002e-03 -2.0002e-03 -2.0002e-03 -2.0002e-03 -2.0002e-03 -2.0002e-03 -2.0002e-03 -2.0001e-03 -2.0001e-03 -2.0001e-03 -2.0001e-03 -2.0001e-03 -2.0000e-03 -2.0000e-03 -2.0000e-03 -2.0000e-03 -1.9999e-03 -1.9999e-03 -1.9999e-03 -1.9999e-03 -1.9998e-03 -1.9998e-03 -1.9998e-03 -1.9998e-03 -1.9997e-03 -1.9997e-03 -1.9997e-03 -1.9997e-03 -1.9996e-03 -1.9996e-03 -1.9996e-03 -1.9996e-03 -1.9995e-03 -1.9995e-03 -1.9995e-03 -1.9995e-03 -1.9995e-03 -1.9994e-03 -1.9994e-03 -1.9994e-03 -1.9994e-03 -1.9994e-03 -1.9994e-03 -1.9994e-03 -1.9994e-03 -1.9994e-03 -1.9993e-03 -1.9993e-03 -1.9993e-03 -1.9993e-03 -1.9994e-03 -1.9994e-03 