# Author: FAC idanalysis.IDKickMap
# Termination_kicks [T2m2]: +0.0000e+00 +0.0000e+00 +0.0000e+00 +0.0000e+00 
# Total Length of Longitudinal Interval [m]
0.13
# Number of Horizontal Points
61
# Number of Vertical Points
9
# Total Horizontal 2nd Order Kick [T2m2]
START
            -0000.01000 -0000.00967 -0000.00933 -0000.00900 -0000.00867 -0000.00833 -0000.00800 -0000.00767 -0000.00733 -0000.00700 -0000.00667 -0000.00633 -0000.00600 -0000.00567 -0000.00533 -0000.00500 -0000.00467 -0000.00433 -0000.00400 -0000.00367 -0000.00333 -0000.00300 -0000.00267 -0000.00233 -0000.00200 -0000.00167 -0000.00133 -0000.00100 -0000.00067 -0000.00033 +0000.00000 +0000.00033 +0000.00067 +0000.00100 +0000.00133 +0000.00167 +0000.00200 +0000.00233 +0000.00267 +0000.00300 +0000.00333 +0000.00367 +0000.00400 +0000.00433 +0000.00467 +0000.00500 +0000.00533 +0000.00567 +0000.00600 +0000.00633 +0000.00667 +0000.00700 +0000.00733 +0000.00767 +0000.00800 +0000.00833 +0000.00867 +0000.00900 +0000.00933 +0000.00967 +0000.01000 
+0000.00200 -1.2154e-04 -1.2010e-04 -1.1870e-04 -1.1736e-04 -1.1606e-04 -1.1481e-04 -1.1362e-04 -1.1247e-04 -1.1137e-04 -1.1032e-04 -1.0932e-04 -1.0837e-04 -1.0746e-04 -1.0661e-04 -1.0580e-04 -1.0504e-04 -1.0433e-04 -1.0367e-04 -1.0305e-04 -1.0249e-04 -1.0197e-04 -1.0150e-04 -1.0108e-04 -1.0071e-04 -1.0038e-04 -1.0011e-04 -9.9876e-05 -9.9695e-05 -9.9561e-05 -9.9475e-05 -9.9437e-05 -9.9447e-05 -9.9505e-05 -9.9611e-05 -9.9764e-05 -9.9965e-05 -1.0021e-04 -1.0051e-04 -1.0086e-04 -1.0125e-04 -1.0169e-04 -1.0218e-04 -1.0271e-04 -1.0330e-04 -1.0393e-04 -1.0461e-04 -1.0534e-04 -1.0612e-04 -1.0695e-04 -1.0782e-04 -1.0874e-04 -1.0971e-04 -1.1073e-04 -1.1180e-04 -1.1292e-04 -1.1409e-04 -1.1530e-04 -1.1656e-04 -1.1788e-04 -1.1924e-04 -1.2065e-04 
+0000.00150 -1.2187e-04 -1.2044e-04 -1.1907e-04 -1.1774e-04 -1.1646e-04 -1.1522e-04 -1.1403e-04 -1.1289e-04 -1.1180e-04 -1.1075e-04 -1.0976e-04 -1.0881e-04 -1.0790e-04 -1.0705e-04 -1.0624e-04 -1.0548e-04 -1.0477e-04 -1.0411e-04 -1.0349e-04 -1.0292e-04 -1.0240e-04 -1.0193e-04 -1.0151e-04 -1.0113e-04 -1.0081e-04 -1.0053e-04 -1.0030e-04 -1.0011e-04 -9.9979e-05 -9.9892e-05 -9.9854e-05 -9.9865e-05 -9.9923e-05 -1.0003e-04 -1.0018e-04 -1.0039e-04 -1.0064e-04 -1.0094e-04 -1.0128e-04 -1.0168e-04 -1.0212e-04 -1.0261e-04 -1.0315e-04 -1.0374e-04 -1.0438e-04 -1.0506e-04 -1.0579e-04 -1.0657e-04 -1.0739e-04 -1.0827e-04 -1.0919e-04 -1.1015e-04 -1.1117e-04 -1.1223e-04 -1.1334e-04 -1.1450e-04 -1.1570e-04 -1.1695e-04 -1.1825e-04 -1.1959e-04 -1.2099e-04 
+0000.00100 -1.2209e-04 -1.2068e-04 -1.1932e-04 -1.1801e-04 -1.1674e-04 -1.1551e-04 -1.1433e-04 -1.1320e-04 -1.1211e-04 -1.1107e-04 -1.1007e-04 -1.0913e-04 -1.0822e-04 -1.0737e-04 -1.0656e-04 -1.0580e-04 -1.0509e-04 -1.0442e-04 -1.0381e-04 -1.0324e-04 -1.0272e-04 -1.0224e-04 -1.0182e-04 -1.0144e-04 -1.0111e-04 -1.0083e-04 -1.0060e-04 -1.0041e-04 -1.0028e-04 -1.0019e-04 -1.0015e-04 -1.0016e-04 -1.0022e-04 -1.0033e-04 -1.0048e-04 -1.0069e-04 -1.0094e-04 -1.0124e-04 -1.0159e-04 -1.0199e-04 -1.0243e-04 -1.0292e-04 -1.0346e-04 -1.0405e-04 -1.0469e-04 -1.0537e-04 -1.0610e-04 -1.0688e-04 -1.0771e-04 -1.0858e-04 -1.0950e-04 -1.1047e-04 -1.1148e-04 -1.1254e-04 -1.1364e-04 -1.1479e-04 -1.1599e-04 -1.1723e-04 -1.1851e-04 -1.1984e-04 -1.2122e-04 
+0000.00050 -1.2222e-04 -1.2082e-04 -1.1947e-04 -1.1817e-04 -1.1690e-04 -1.1568e-04 -1.1451e-04 -1.1338e-04 -1.1230e-04 -1.1126e-04 -1.1026e-04 -1.0932e-04 -1.0842e-04 -1.0756e-04 -1.0676e-04 -1.0599e-04 -1.0528e-04 -1.0462e-04 -1.0400e-04 -1.0343e-04 -1.0290e-04 -1.0243e-04 -1.0200e-04 -1.0162e-04 -1.0129e-04 -1.0101e-04 -1.0078e-04 -1.0059e-04 -1.0046e-04 -1.0037e-04 -1.0033e-04 -1.0034e-04 -1.0040e-04 -1.0051e-04 -1.0066e-04 -1.0087e-04 -1.0112e-04 -1.0142e-04 -1.0177e-04 -1.0217e-04 -1.0261e-04 -1.0311e-04 -1.0365e-04 -1.0424e-04 -1.0488e-04 -1.0556e-04 -1.0629e-04 -1.0707e-04 -1.0790e-04 -1.0877e-04 -1.0969e-04 -1.1065e-04 -1.1166e-04 -1.1272e-04 -1.1382e-04 -1.1497e-04 -1.1616e-04 -1.1739e-04 -1.1867e-04 -1.1999e-04 -1.2136e-04 
+0000.00000 -1.2226e-04 -1.2087e-04 -1.1952e-04 -1.1822e-04 -1.1696e-04 -1.1574e-04 -1.1457e-04 -1.1344e-04 -1.1236e-04 -1.1132e-04 -1.1033e-04 -1.0938e-04 -1.0848e-04 -1.0763e-04 -1.0682e-04 -1.0606e-04 -1.0534e-04 -1.0468e-04 -1.0406e-04 -1.0349e-04 -1.0296e-04 -1.0249e-04 -1.0206e-04 -1.0168e-04 -1.0135e-04 -1.0107e-04 -1.0084e-04 -1.0065e-04 -1.0051e-04 -1.0043e-04 -1.0039e-04 -1.0040e-04 -1.0046e-04 -1.0056e-04 -1.0072e-04 -1.0092e-04 -1.0118e-04 -1.0148e-04 -1.0183e-04 -1.0223e-04 -1.0267e-04 -1.0317e-04 -1.0371e-04 -1.0430e-04 -1.0494e-04 -1.0562e-04 -1.0635e-04 -1.0713e-04 -1.0796e-04 -1.0883e-04 -1.0975e-04 -1.1071e-04 -1.1172e-04 -1.1278e-04 -1.1388e-04 -1.1502e-04 -1.1621e-04 -1.1744e-04 -1.1872e-04 -1.2004e-04 -1.2140e-04 
-0000.00050 -1.2222e-04 -1.2082e-04 -1.1947e-04 -1.1817e-04 -1.1690e-04 -1.1568e-04 -1.1451e-04 -1.1338e-04 -1.1230e-04 -1.1126e-04 -1.1027e-04 -1.0932e-04 -1.0842e-04 -1.0756e-04 -1.0676e-04 -1.0599e-04 -1.0528e-04 -1.0462e-04 -1.0400e-04 -1.0343e-04 -1.0290e-04 -1.0243e-04 -1.0200e-04 -1.0162e-04 -1.0129e-04 -1.0101e-04 -1.0078e-04 -1.0059e-04 -1.0046e-04 -1.0037e-04 -1.0033e-04 -1.0034e-04 -1.0040e-04 -1.0051e-04 -1.0066e-04 -1.0087e-04 -1.0112e-04 -1.0142e-04 -1.0177e-04 -1.0217e-04 -1.0261e-04 -1.0311e-04 -1.0365e-04 -1.0424e-04 -1.0488e-04 -1.0556e-04 -1.0629e-04 -1.0707e-04 -1.0790e-04 -1.0877e-04 -1.0969e-04 -1.1065e-04 -1.1166e-04 -1.1272e-04 -1.1382e-04 -1.1497e-04 -1.1616e-04 -1.1739e-04 -1.1867e-04 -1.1999e-04 -1.2136e-04 
-0000.00100 -1.2209e-04 -1.2068e-04 -1.1932e-04 -1.1800e-04 -1.1673e-04 -1.1551e-04 -1.1433e-04 -1.1320e-04 -1.1211e-04 -1.1107e-04 -1.1007e-04 -1.0912e-04 -1.0822e-04 -1.0737e-04 -1.0656e-04 -1.0580e-04 -1.0509e-04 -1.0442e-04 -1.0381e-04 -1.0324e-04 -1.0271e-04 -1.0224e-04 -1.0182e-04 -1.0144e-04 -1.0111e-04 -1.0083e-04 -1.0060e-04 -1.0041e-04 -1.0028e-04 -1.0019e-04 -1.0015e-04 -1.0016e-04 -1.0022e-04 -1.0033e-04 -1.0048e-04 -1.0069e-04 -1.0094e-04 -1.0124e-04 -1.0159e-04 -1.0199e-04 -1.0243e-04 -1.0292e-04 -1.0346e-04 -1.0405e-04 -1.0469e-04 -1.0537e-04 -1.0611e-04 -1.0688e-04 -1.0771e-04 -1.0858e-04 -1.0950e-04 -1.1047e-04 -1.1148e-04 -1.1254e-04 -1.1364e-04 -1.1479e-04 -1.1599e-04 -1.1723e-04 -1.1852e-04 -1.1985e-04 -1.2122e-04 
-0000.00150 -1.2186e-04 -1.2044e-04 -1.1906e-04 -1.1774e-04 -1.1646e-04 -1.1522e-04 -1.1403e-04 -1.1289e-04 -1.1180e-04 -1.1076e-04 -1.0976e-04 -1.0881e-04 -1.0790e-04 -1.0705e-04 -1.0624e-04 -1.0548e-04 -1.0477e-04 -1.0411e-04 -1.0349e-04 -1.0292e-04 -1.0240e-04 -1.0193e-04 -1.0151e-04 -1.0113e-04 -1.0081e-04 -1.0053e-04 -1.0030e-04 -1.0011e-04 -9.9978e-05 -9.9892e-05 -9.9854e-05 -9.9864e-05 -9.9922e-05 -1.0003e-04 -1.0018e-04 -1.0039e-04 -1.0064e-04 -1.0094e-04 -1.0128e-04 -1.0168e-04 -1.0212e-04 -1.0261e-04 -1.0315e-04 -1.0374e-04 -1.0437e-04 -1.0506e-04 -1.0579e-04 -1.0657e-04 -1.0739e-04 -1.0827e-04 -1.0919e-04 -1.1016e-04 -1.1117e-04 -1.1223e-04 -1.1334e-04 -1.1450e-04 -1.1571e-04 -1.1696e-04 -1.1825e-04 -1.1960e-04 -1.2099e-04 
-0000.00200 -1.2154e-04 -1.2009e-04 -1.1870e-04 -1.1735e-04 -1.1606e-04 -1.1481e-04 -1.1361e-04 -1.1247e-04 -1.1137e-04 -1.1032e-04 -1.0932e-04 -1.0836e-04 -1.0746e-04 -1.0660e-04 -1.0580e-04 -1.0504e-04 -1.0433e-04 -1.0367e-04 -1.0305e-04 -1.0249e-04 -1.0197e-04 -1.0150e-04 -1.0108e-04 -1.0071e-04 -1.0038e-04 -1.0010e-04 -9.9875e-05 -9.9694e-05 -9.9561e-05 -9.9475e-05 -9.9437e-05 -9.9448e-05 -9.9506e-05 -9.9611e-05 -9.9765e-05 -9.9967e-05 -1.0022e-04 -1.0051e-04 -1.0086e-04 -1.0125e-04 -1.0169e-04 -1.0218e-04 -1.0272e-04 -1.0330e-04 -1.0394e-04 -1.0462e-04 -1.0535e-04 -1.0612e-04 -1.0695e-04 -1.0782e-04 -1.0875e-04 -1.0972e-04 -1.1074e-04 -1.1181e-04 -1.1292e-04 -1.1409e-04 -1.1531e-04 -1.1657e-04 -1.1788e-04 -1.1925e-04 -1.2066e-04 
# Total Vertical 2nd Order Kick [T2m2]
START
            -0000.01000 -0000.00967 -0000.00933 -0000.00900 -0000.00867 -0000.00833 -0000.00800 -0000.00767 -0000.00733 -0000.00700 -0000.00667 -0000.00633 -0000.00600 -0000.00567 -0000.00533 -0000.00500 -0000.00467 -0000.00433 -0000.00400 -0000.00367 -0000.00333 -0000.00300 -0000.00267 -0000.00233 -0000.00200 -0000.00167 -0000.00133 -0000.00100 -0000.00067 -0000.00033 +0000.00000 +0000.00033 +0000.00067 +0000.00100 +0000.00133 +0000.00167 +0000.00200 +0000.00233 +0000.00267 +0000.00300 +0000.00333 +0000.00367 +0000.00400 +0000.00433 +0000.00467 +0000.00500 +0000.00533 +0000.00567 +0000.00600 +0000.00633 +0000.00667 +0000.00700 +0000.00733 +0000.00767 +0000.00800 +0000.00833 +0000.00867 +0000.00900 +0000.00933 +0000.00967 +0000.01000 
+0000.00200 -3.3759e-05 -3.3528e-05 -3.3291e-05 -3.3048e-05 -3.2800e-05 -3.2547e-05 -3.2290e-05 -3.2028e-05 -3.1762e-05 -3.1492e-05 -3.1219e-05 -3.0942e-05 -3.0663e-05 -3.0380e-05 -3.0096e-05 -2.9809e-05 -2.9520e-05 -2.9229e-05 -2.8937e-05 -2.8644e-05 -2.8349e-05 -2.8054e-05 -2.7757e-05 -2.7460e-05 -2.7163e-05 -2.6866e-05 -2.6568e-05 -2.6271e-05 -2.5973e-05 -2.5676e-05 -2.5380e-05 -2.5084e-05 -2.4789e-05 -2.4494e-05 -2.4200e-05 -2.3908e-05 -2.3616e-05 -2.3325e-05 -2.3036e-05 -2.2747e-05 -2.2460e-05 -2.2175e-05 -2.1890e-05 -2.1607e-05 -2.1325e-05 -2.1044e-05 -2.0765e-05 -2.0487e-05 -2.0211e-05 -1.9935e-05 -1.9661e-05 -1.9388e-05 -1.9116e-05 -1.8845e-05 -1.8575e-05 -1.8306e-05 -1.8038e-05 -1.7770e-05 -1.7503e-05 -1.7237e-05 -1.6971e-05 
+0000.00150 -2.3279e-05 -2.3113e-05 -2.2942e-05 -2.2766e-05 -2.2586e-05 -2.2401e-05 -2.2212e-05 -2.2019e-05 -2.1823e-05 -2.1623e-05 -2.1421e-05 -2.1215e-05 -2.1007e-05 -2.0796e-05 -2.0584e-05 -2.0369e-05 -2.0153e-05 -1.9935e-05 -1.9716e-05 -1.9495e-05 -1.9274e-05 -1.9052e-05 -1.8829e-05 -1.8606e-05 -1.8382e-05 -1.8158e-05 -1.7934e-05 -1.7710e-05 -1.7486e-05 -1.7262e-05 -1.7039e-05 -1.6816e-05 -1.6594e-05 -1.6373e-05 -1.6152e-05 -1.5932e-05 -1.5713e-05 -1.5495e-05 -1.5278e-05 -1.5062e-05 -1.4847e-05 -1.4633e-05 -1.4420e-05 -1.4209e-05 -1.3998e-05 -1.3789e-05 -1.3581e-05 -1.3374e-05 -1.3168e-05 -1.2963e-05 -1.2759e-05 -1.2556e-05 -1.2354e-05 -1.2154e-05 -1.1954e-05 -1.1755e-05 -1.1556e-05 -1.1358e-05 -1.1161e-05 -1.0964e-05 -1.0768e-05 
+0000.00100 -1.4610e-05 -1.4503e-05 -1.4392e-05 -1.4278e-05 -1.4160e-05 -1.4039e-05 -1.3916e-05 -1.3789e-05 -1.3660e-05 -1.3528e-05 -1.3394e-05 -1.3258e-05 -1.3120e-05 -1.2981e-05 -1.2839e-05 -1.2697e-05 -1.2553e-05 -1.2408e-05 -1.2262e-05 -1.2115e-05 -1.1967e-05 -1.1819e-05 -1.1670e-05 -1.1521e-05 -1.1371e-05 -1.1221e-05 -1.1072e-05 -1.0922e-05 -1.0772e-05 -1.0623e-05 -1.0474e-05 -1.0325e-05 -1.0176e-05 -1.0028e-05 -9.8810e-06 -9.7342e-06 -9.5880e-06 -9.4425e-06 -9.2977e-06 -9.1536e-06 -9.0103e-06 -8.8679e-06 -8.7262e-06 -8.5854e-06 -8.4455e-06 -8.3063e-06 -8.1681e-06 -8.0307e-06 -7.8941e-06 -7.7583e-06 -7.6233e-06 -7.4891e-06 -7.3556e-06 -7.2228e-06 -7.0907e-06 -6.9592e-06 -6.8283e-06 -6.6978e-06 -6.5679e-06 -6.4383e-06 -6.3090e-06 
+0000.00050 -7.0485e-06 -6.9964e-06 -6.9422e-06 -6.8861e-06 -6.8283e-06 -6.7687e-06 -6.7076e-06 -6.6449e-06 -6.5809e-06 -6.5157e-06 -6.4492e-06 -6.3816e-06 -6.3130e-06 -6.2435e-06 -6.1731e-06 -6.1020e-06 -6.0302e-06 -5.9577e-06 -5.8848e-06 -5.8114e-06 -5.7375e-06 -5.6634e-06 -5.5889e-06 -5.5143e-06 -5.4395e-06 -5.3646e-06 -5.2896e-06 -5.2146e-06 -5.1397e-06 -5.0649e-06 -4.9902e-06 -4.9157e-06 -4.8414e-06 -4.7674e-06 -4.6936e-06 -4.6201e-06 -4.5469e-06 -4.4741e-06 -4.4016e-06 -4.3296e-06 -4.2579e-06 -4.1867e-06 -4.1159e-06 -4.0455e-06 -3.9756e-06 -3.9061e-06 -3.8371e-06 -3.7685e-06 -3.7003e-06 -3.6326e-06 -3.5653e-06 -3.4983e-06 -3.4318e-06 -3.3656e-06 -3.2998e-06 -3.2343e-06 -3.1691e-06 -3.1042e-06 -3.0395e-06 -2.9751e-06 -2.9108e-06 
+0000.00000 -1.3297e-08 -1.3726e-08 -1.4137e-08 -1.4530e-08 -1.4904e-08 -1.5261e-08 -1.5601e-08 -1.5925e-08 -1.6232e-08 -1.6524e-08 -1.6800e-08 -1.7061e-08 -1.7308e-08 -1.7541e-08 -1.7759e-08 -1.7964e-08 -1.8155e-08 -1.8333e-08 -1.8498e-08 -1.8650e-08 -1.8790e-08 -1.8917e-08 -1.9032e-08 -1.9135e-08 -1.9226e-08 -1.9304e-08 -1.9371e-08 -1.9426e-08 -1.9469e-08 -1.9500e-08 -1.9519e-08 -1.9526e-08 -1.9521e-08 -1.9504e-08 -1.9475e-08 -1.9434e-08 -1.9380e-08 -1.9313e-08 -1.9234e-08 -1.9141e-08 -1.9035e-08 -1.8916e-08 -1.8783e-08 -1.8636e-08 -1.8475e-08 -1.8298e-08 -1.8107e-08 -1.7901e-08 -1.7678e-08 -1.7440e-08 -1.7184e-08 -1.6912e-08 -1.6622e-08 -1.6314e-08 -1.5987e-08 -1.5641e-08 -1.5276e-08 -1.4890e-08 -1.4484e-08 -1.4056e-08 -1.3606e-08 
-0000.00050 +7.0219e-06 +6.9689e-06 +6.9139e-06 +6.8570e-06 +6.7984e-06 +6.7382e-06 +6.6763e-06 +6.6131e-06 +6.5485e-06 +6.4826e-06 +6.4156e-06 +6.3475e-06 +6.2784e-06 +6.2084e-06 +6.1376e-06 +6.0660e-06 +5.9938e-06 +5.9211e-06 +5.8478e-06 +5.7740e-06 +5.6999e-06 +5.6255e-06 +5.5508e-06 +5.4760e-06 +5.4010e-06 +5.3259e-06 +5.2508e-06 +5.1758e-06 +5.1008e-06 +5.0259e-06 +4.9512e-06 +4.8766e-06 +4.8023e-06 +4.7283e-06 +4.6546e-06 +4.5812e-06 +4.5081e-06 +4.4354e-06 +4.3631e-06 +4.2913e-06 +4.2198e-06 +4.1488e-06 +4.0783e-06 +4.0082e-06 +3.9386e-06 +3.8695e-06 +3.8008e-06 +3.7326e-06 +3.6649e-06 +3.5977e-06 +3.5308e-06 +3.4645e-06 +3.3985e-06 +3.3330e-06 +3.2678e-06 +3.2030e-06 +3.1385e-06 +3.0744e-06 +3.0105e-06 +2.9469e-06 +2.8835e-06 
-0000.00100 +1.4583e-05 +1.4475e-05 +1.4363e-05 +1.4248e-05 +1.4130e-05 +1.4008e-05 +1.3884e-05 +1.3756e-05 +1.3627e-05 +1.3494e-05 +1.3360e-05 +1.3223e-05 +1.3085e-05 +1.2945e-05 +1.2803e-05 +1.2660e-05 +1.2516e-05 +1.2370e-05 +1.2224e-05 +1.2077e-05 +1.1929e-05 +1.1780e-05 +1.1631e-05 +1.1482e-05 +1.1332e-05 +1.1182e-05 +1.1032e-05 +1.0882e-05 +1.0733e-05 +1.0583e-05 +1.0434e-05 +1.0285e-05 +1.0137e-05 +9.9890e-06 +9.8417e-06 +9.6949e-06 +9.5489e-06 +9.4035e-06 +9.2589e-06 +9.1151e-06 +8.9720e-06 +8.8298e-06 +8.6884e-06 +8.5479e-06 +8.4083e-06 +8.2696e-06 +8.1317e-06 +7.9947e-06 +7.8586e-06 +7.7233e-06 +7.5888e-06 +7.4551e-06 +7.3222e-06 +7.1901e-06 +7.0586e-06 +6.9278e-06 +6.7975e-06 +6.6679e-06 +6.5387e-06 +6.4099e-06 +6.2815e-06 
-0000.00150 +2.3252e-05 +2.3085e-05 +2.2913e-05 +2.2737e-05 +2.2555e-05 +2.2370e-05 +2.2180e-05 +2.1987e-05 +2.1790e-05 +2.1590e-05 +2.1386e-05 +2.1180e-05 +2.0972e-05 +2.0761e-05 +2.0548e-05 +2.0333e-05 +2.0116e-05 +1.9898e-05 +1.9678e-05 +1.9458e-05 +1.9236e-05 +1.9014e-05 +1.8791e-05 +1.8567e-05 +1.8343e-05 +1.8119e-05 +1.7895e-05 +1.7671e-05 +1.7447e-05 +1.7223e-05 +1.7000e-05 +1.6777e-05 +1.6555e-05 +1.6334e-05 +1.6113e-05 +1.5893e-05 +1.5674e-05 +1.5456e-05 +1.5239e-05 +1.5023e-05 +1.4809e-05 +1.4595e-05 +1.4382e-05 +1.4171e-05 +1.3961e-05 +1.3752e-05 +1.3544e-05 +1.3337e-05 +1.3132e-05 +1.2927e-05 +1.2724e-05 +1.2522e-05 +1.2321e-05 +1.2120e-05 +1.1921e-05 +1.1723e-05 +1.1525e-05 +1.1328e-05 +1.1131e-05 +1.0936e-05 +1.0740e-05 
-0000.00200 +3.3731e-05 +3.3499e-05 +3.3262e-05 +3.3018e-05 +3.2770e-05 +3.2516e-05 +3.2258e-05 +3.1995e-05 +3.1729e-05 +3.1458e-05 +3.1184e-05 +3.0907e-05 +3.0627e-05 +3.0345e-05 +3.0060e-05 +2.9772e-05 +2.9483e-05 +2.9192e-05 +2.8900e-05 +2.8606e-05 +2.8311e-05 +2.8015e-05 +2.7719e-05 +2.7422e-05 +2.7124e-05 +2.6827e-05 +2.6529e-05 +2.6231e-05 +2.5934e-05 +2.5637e-05 +2.5340e-05 +2.5044e-05 +2.4749e-05 +2.4455e-05 +2.4161e-05 +2.3868e-05 +2.3577e-05 +2.3286e-05 +2.2997e-05 +2.2709e-05 +2.2422e-05 +2.2136e-05 +2.1852e-05 +2.1569e-05 +2.1287e-05 +2.1007e-05 +2.0728e-05 +2.0451e-05 +2.0175e-05 +1.9900e-05 +1.9626e-05 +1.9353e-05 +1.9082e-05 +1.8812e-05 +1.8542e-05 +1.8274e-05 +1.8006e-05 +1.7740e-05 +1.7474e-05 +1.7208e-05 +1.6943e-05 
# Horizontal Final Position [m]
START
            -0000.01000 -0000.00967 -0000.00933 -0000.00900 -0000.00867 -0000.00833 -0000.00800 -0000.00767 -0000.00733 -0000.00700 -0000.00667 -0000.00633 -0000.00600 -0000.00567 -0000.00533 -0000.00500 -0000.00467 -0000.00433 -0000.00400 -0000.00367 -0000.00333 -0000.00300 -0000.00267 -0000.00233 -0000.00200 -0000.00167 -0000.00133 -0000.00100 -0000.00067 -0000.00033 +0000.00000 +0000.00033 +0000.00067 +0000.00100 +0000.00133 +0000.00167 +0000.00200 +0000.00233 +0000.00267 +0000.00300 +0000.00333 +0000.00367 +0000.00400 +0000.00433 +0000.00467 +0000.00500 +0000.00533 +0000.00567 +0000.00600 +0000.00633 +0000.00667 +0000.00700 +0000.00733 +0000.00767 +0000.00800 +0000.00833 +0000.00867 +0000.00900 +0000.00933 +0000.00967 +0000.01000 
+0000.00200 -1.0003e-02 -9.6696e-03 -9.3363e-03 -9.0031e-03 -8.6698e-03 -8.3366e-03 -8.0033e-03 -7.6700e-03 -7.3368e-03 -7.0035e-03 -6.6702e-03 -6.3369e-03 -6.0036e-03 -5.6703e-03 -5.3370e-03 -5.0037e-03 -4.6703e-03 -4.3370e-03 -4.0037e-03 -3.6704e-03 -3.3371e-03 -3.0037e-03 -2.6704e-03 -2.3371e-03 -2.0037e-03 -1.6704e-03 -1.3371e-03 -1.0037e-03 -6.7038e-04 -3.3704e-04 -3.6986e-06 +3.2964e-04 +6.6299e-04 +9.9633e-04 +1.3297e-03 +1.6630e-03 +1.9964e-03 +2.3297e-03 +2.6630e-03 +2.9964e-03 +3.3297e-03 +3.6631e-03 +3.9964e-03 +4.3297e-03 +4.6631e-03 +4.9964e-03 +5.3298e-03 +5.6631e-03 +5.9964e-03 +6.3298e-03 +6.6631e-03 +6.9964e-03 +7.3298e-03 +7.6631e-03 +7.9964e-03 +8.3298e-03 +8.6631e-03 +8.9964e-03 +9.3298e-03 +9.6631e-03 +9.9964e-03 
+0000.00150 -1.0003e-02 -9.6696e-03 -9.3363e-03 -9.0031e-03 -8.6698e-03 -8.3366e-03 -8.0033e-03 -7.6700e-03 -7.3368e-03 -7.0035e-03 -6.6702e-03 -6.3369e-03 -6.0036e-03 -5.6703e-03 -5.3370e-03 -5.0037e-03 -4.6703e-03 -4.3370e-03 -4.0037e-03 -3.6704e-03 -3.3371e-03 -3.0037e-03 -2.6704e-03 -2.3371e-03 -2.0037e-03 -1.6704e-03 -1.3371e-03 -1.0037e-03 -6.7038e-04 -3.3704e-04 -3.6986e-06 +3.2964e-04 +6.6299e-04 +9.9633e-04 +1.3297e-03 +1.6630e-03 +1.9964e-03 +2.3297e-03 +2.6630e-03 +2.9964e-03 +3.3297e-03 +3.6631e-03 +3.9964e-03 +4.3297e-03 +4.6631e-03 +4.9964e-03 +5.3298e-03 +5.6631e-03 +5.9964e-03 +6.3298e-03 +6.6631e-03 +6.9964e-03 +7.3298e-03 +7.6631e-03 +7.9964e-03 +8.3298e-03 +8.6631e-03 +8.9964e-03 +9.3298e-03 +9.6631e-03 +9.9964e-03 
+0000.00100 -1.0003e-02 -9.6696e-03 -9.3363e-03 -9.0031e-03 -8.6698e-03 -8.3366e-03 -8.0033e-03 -7.6700e-03 -7.3368e-03 -7.0035e-03 -6.6702e-03 -6.3369e-03 -6.0036e-03 -5.6703e-03 -5.3370e-03 -5.0037e-03 -4.6703e-03 -4.3370e-03 -4.0037e-03 -3.6704e-03 -3.3371e-03 -3.0037e-03 -2.6704e-03 -2.3371e-03 -2.0037e-03 -1.6704e-03 -1.3371e-03 -1.0037e-03 -6.7038e-04 -3.3704e-04 -3.6986e-06 +3.2964e-04 +6.6299e-04 +9.9633e-04 +1.3297e-03 +1.6630e-03 +1.9964e-03 +2.3297e-03 +2.6630e-03 +2.9964e-03 +3.3297e-03 +3.6631e-03 +3.9964e-03 +4.3297e-03 +4.6631e-03 +4.9964e-03 +5.3298e-03 +5.6631e-03 +5.9964e-03 +6.3298e-03 +6.6631e-03 +6.9964e-03 +7.3298e-03 +7.6631e-03 +7.9964e-03 +8.3298e-03 +8.6631e-03 +8.9964e-03 +9.3298e-03 +9.6631e-03 +9.9964e-03 
+0000.00050 -1.0003e-02 -9.6696e-03 -9.3363e-03 -9.0031e-03 -8.6698e-03 -8.3366e-03 -8.0033e-03 -7.6700e-03 -7.3368e-03 -7.0035e-03 -6.6702e-03 -6.3369e-03 -6.0036e-03 -5.6703e-03 -5.3370e-03 -5.0037e-03 -4.6703e-03 -4.3370e-03 -4.0037e-03 -3.6704e-03 -3.3371e-03 -3.0037e-03 -2.6704e-03 -2.3371e-03 -2.0037e-03 -1.6704e-03 -1.3371e-03 -1.0037e-03 -6.7038e-04 -3.3704e-04 -3.6986e-06 +3.2964e-04 +6.6299e-04 +9.9633e-04 +1.3297e-03 +1.6630e-03 +1.9964e-03 +2.3297e-03 +2.6630e-03 +2.9964e-03 +3.3297e-03 +3.6631e-03 +3.9964e-03 +4.3297e-03 +4.6631e-03 +4.9964e-03 +5.3298e-03 +5.6631e-03 +5.9964e-03 +6.3298e-03 +6.6631e-03 +6.9964e-03 +7.3298e-03 +7.6631e-03 +7.9964e-03 +8.3298e-03 +8.6631e-03 +8.9964e-03 +9.3298e-03 +9.6631e-03 +9.9964e-03 
+0000.00000 -1.0003e-02 -9.6696e-03 -9.3363e-03 -9.0031e-03 -8.6698e-03 -8.3366e-03 -8.0033e-03 -7.6700e-03 -7.3368e-03 -7.0035e-03 -6.6702e-03 -6.3369e-03 -6.0036e-03 -5.6703e-03 -5.3370e-03 -5.0037e-03 -4.6703e-03 -4.3370e-03 -4.0037e-03 -3.6704e-03 -3.3371e-03 -3.0037e-03 -2.6704e-03 -2.3371e-03 -2.0037e-03 -1.6704e-03 -1.3371e-03 -1.0037e-03 -6.7038e-04 -3.3704e-04 -3.6986e-06 +3.2964e-04 +6.6299e-04 +9.9633e-04 +1.3297e-03 +1.6630e-03 +1.9964e-03 +2.3297e-03 +2.6630e-03 +2.9964e-03 +3.3297e-03 +3.6631e-03 +3.9964e-03 +4.3297e-03 +4.6631e-03 +4.9964e-03 +5.3298e-03 +5.6631e-03 +5.9964e-03 +6.3298e-03 +6.6631e-03 +6.9964e-03 +7.3298e-03 +7.6631e-03 +7.9964e-03 +8.3298e-03 +8.6631e-03 +8.9964e-03 +9.3298e-03 +9.6631e-03 +9.9964e-03 
-0000.00050 -1.0003e-02 -9.6696e-03 -9.3363e-03 -9.0031e-03 -8.6698e-03 -8.3366e-03 -8.0033e-03 -7.6700e-03 -7.3368e-03 -7.0035e-03 -6.6702e-03 -6.3369e-03 -6.0036e-03 -5.6703e-03 -5.3370e-03 -5.0037e-03 -4.6703e-03 -4.3370e-03 -4.0037e-03 -3.6704e-03 -3.3371e-03 -3.0037e-03 -2.6704e-03 -2.3371e-03 -2.0037e-03 -1.6704e-03 -1.3371e-03 -1.0037e-03 -6.7038e-04 -3.3704e-04 -3.6986e-06 +3.2964e-04 +6.6299e-04 +9.9633e-04 +1.3297e-03 +1.6630e-03 +1.9964e-03 +2.3297e-03 +2.6630e-03 +2.9964e-03 +3.3297e-03 +3.6631e-03 +3.9964e-03 +4.3297e-03 +4.6631e-03 +4.9964e-03 +5.3298e-03 +5.6631e-03 +5.9964e-03 +6.3298e-03 +6.6631e-03 +6.9964e-03 +7.3298e-03 +7.6631e-03 +7.9964e-03 +8.3298e-03 +8.6631e-03 +8.9964e-03 +9.3298e-03 +9.6631e-03 +9.9964e-03 
-0000.00100 -1.0003e-02 -9.6696e-03 -9.3363e-03 -9.0031e-03 -8.6698e-03 -8.3366e-03 -8.0033e-03 -7.6700e-03 -7.3368e-03 -7.0035e-03 -6.6702e-03 -6.3369e-03 -6.0036e-03 -5.6703e-03 -5.3370e-03 -5.0037e-03 -4.6703e-03 -4.3370e-03 -4.0037e-03 -3.6704e-03 -3.3371e-03 -3.0037e-03 -2.6704e-03 -2.3371e-03 -2.0037e-03 -1.6704e-03 -1.3371e-03 -1.0037e-03 -6.7038e-04 -3.3704e-04 -3.6986e-06 +3.2964e-04 +6.6299e-04 +9.9633e-04 +1.3297e-03 +1.6630e-03 +1.9964e-03 +2.3297e-03 +2.6630e-03 +2.9964e-03 +3.3297e-03 +3.6631e-03 +3.9964e-03 +4.3297e-03 +4.6631e-03 +4.9964e-03 +5.3298e-03 +5.6631e-03 +5.9964e-03 +6.3298e-03 +6.6631e-03 +6.9964e-03 +7.3298e-03 +7.6631e-03 +7.9964e-03 +8.3298e-03 +8.6631e-03 +8.9964e-03 +9.3298e-03 +9.6631e-03 +9.9964e-03 
-0000.00150 -1.0003e-02 -9.6696e-03 -9.3363e-03 -9.0031e-03 -8.6698e-03 -8.3366e-03 -8.0033e-03 -7.6700e-03 -7.3368e-03 -7.0035e-03 -6.6702e-03 -6.3369e-03 -6.0036e-03 -5.6703e-03 -5.3370e-03 -5.0037e-03 -4.6703e-03 -4.3370e-03 -4.0037e-03 -3.6704e-03 -3.3371e-03 -3.0037e-03 -2.6704e-03 -2.3371e-03 -2.0037e-03 -1.6704e-03 -1.3371e-03 -1.0037e-03 -6.7038e-04 -3.3704e-04 -3.6986e-06 +3.2964e-04 +6.6299e-04 +9.9633e-04 +1.3297e-03 +1.6630e-03 +1.9964e-03 +2.3297e-03 +2.6630e-03 +2.9964e-03 +3.3297e-03 +3.6631e-03 +3.9964e-03 +4.3297e-03 +4.6631e-03 +4.9964e-03 +5.3298e-03 +5.6631e-03 +5.9964e-03 +6.3298e-03 +6.6631e-03 +6.9964e-03 +7.3298e-03 +7.6631e-03 +7.9964e-03 +8.3298e-03 +8.6631e-03 +8.9964e-03 +9.3298e-03 +9.6631e-03 +9.9964e-03 
-0000.00200 -1.0003e-02 -9.6696e-03 -9.3363e-03 -9.0031e-03 -8.6698e-03 -8.3366e-03 -8.0033e-03 -7.6700e-03 -7.3368e-03 -7.0035e-03 -6.6702e-03 -6.3369e-03 -6.0036e-03 -5.6703e-03 -5.3370e-03 -5.0037e-03 -4.6703e-03 -4.3370e-03 -4.0037e-03 -3.6704e-03 -3.3371e-03 -3.0037e-03 -2.6704e-03 -2.3371e-03 -2.0037e-03 -1.6704e-03 -1.3371e-03 -1.0037e-03 -6.7038e-04 -3.3704e-04 -3.6986e-06 +3.2964e-04 +6.6299e-04 +9.9633e-04 +1.3297e-03 +1.6630e-03 +1.9964e-03 +2.3297e-03 +2.6630e-03 +2.9964e-03 +3.3297e-03 +3.6631e-03 +3.9964e-03 +4.3297e-03 +4.6631e-03 +4.9964e-03 +5.3298e-03 +5.6631e-03 +5.9964e-03 +6.3298e-03 +6.6631e-03 +6.9964e-03 +7.3298e-03 +7.6631e-03 +7.9964e-03 +8.3298e-03 +8.6631e-03 +8.9964e-03 +9.3298e-03 +9.6631e-03 +9.9964e-03 
# Vertical Final Position [m]
START
            -0000.01000 -0000.00967 -0000.00933 -0000.00900 -0000.00867 -0000.00833 -0000.00800 -0000.00767 -0000.00733 -0000.00700 -0000.00667 -0000.00633 -0000.00600 -0000.00567 -0000.00533 -0000.00500 -0000.00467 -0000.00433 -0000.00400 -0000.00367 -0000.00333 -0000.00300 -0000.00267 -0000.00233 -0000.00200 -0000.00167 -0000.00133 -0000.00100 -0000.00067 -0000.00033 +0000.00000 +0000.00033 +0000.00067 +0000.00100 +0000.00133 +0000.00167 +0000.00200 +0000.00233 +0000.00267 +0000.00300 +0000.00333 +0000.00367 +0000.00400 +0000.00433 +0000.00467 +0000.00500 +0000.00533 +0000.00567 +0000.00600 +0000.00633 +0000.00667 +0000.00700 +0000.00733 +0000.00767 +0000.00800 +0000.00833 +0000.00867 +0000.00900 +0000.00933 +0000.00967 +0000.01000 
+0000.00200 +2.0001e-03 +2.0001e-03 +2.0001e-03 +2.0001e-03 +2.0001e-03 +2.0001e-03 +2.0001e-03 +2.0001e-03 +2.0001e-03 +2.0001e-03 +2.0001e-03 +2.0001e-03 +2.0000e-03 +2.0000e-03 +2.0000e-03 +2.0000e-03 +2.0000e-03 +2.0000e-03 +2.0000e-03 +2.0000e-03 +2.0000e-03 +2.0000e-03 +2.0000e-03 +2.0000e-03 +2.0000e-03 +2.0000e-03 +2.0000e-03 +2.0000e-03 +2.0000e-03 +2.0000e-03 +2.0000e-03 +2.0000e-03 +2.0000e-03 +2.0000e-03 +2.0000e-03 +2.0000e-03 +2.0000e-03 +2.0000e-03 +1.9999e-03 +1.9999e-03 +1.9999e-03 +1.9999e-03 +1.9999e-03 +1.9999e-03 +1.9999e-03 +1.9999e-03 +1.9999e-03 +1.9999e-03 +1.9999e-03 +1.9999e-03 +1.9999e-03 +1.9999e-03 +1.9999e-03 +1.9999e-03 +1.9999e-03 +1.9999e-03 +1.9999e-03 +1.9999e-03 +1.9999e-03 +1.9999e-03 +1.9998e-03 
+0000.00150 +1.5001e-03 +1.5001e-03 +1.5001e-03 +1.5001e-03 +1.5001e-03 +1.5001e-03 +1.5001e-03 +1.5001e-03 +1.5001e-03 +1.5001e-03 +1.5001e-03 +1.5000e-03 +1.5000e-03 +1.5000e-03 +1.5000e-03 +1.5000e-03 +1.5000e-03 +1.5000e-03 +1.5000e-03 +1.5000e-03 +1.5000e-03 +1.5000e-03 +1.5000e-03 +1.5000e-03 +1.5000e-03 +1.5000e-03 +1.5000e-03 +1.5000e-03 +1.5000e-03 +1.5000e-03 +1.5000e-03 +1.5000e-03 +1.5000e-03 +1.5000e-03 +1.5000e-03 +1.5000e-03 +1.5000e-03 +1.5000e-03 +1.4999e-03 +1.4999e-03 +1.4999e-03 +1.4999e-03 +1.4999e-03 +1.4999e-03 +1.4999e-03 +1.4999e-03 +1.4999e-03 +1.4999e-03 +1.4999e-03 +1.4999e-03 +1.4999e-03 +1.4999e-03 +1.4999e-03 +1.4999e-03 +1.4999e-03 +1.4999e-03 +1.4999e-03 +1.4999e-03 +1.4999e-03 +1.4999e-03 +1.4999e-03 
+0000.00100 +1.0000e-03 +1.0000e-03 +1.0000e-03 +1.0000e-03 +1.0000e-03 +1.0000e-03 +1.0000e-03 +1.0000e-03 +1.0000e-03 +1.0000e-03 +1.0000e-03 +1.0000e-03 +9.9999e-04 +9.9999e-04 +9.9999e-04 +9.9999e-04 +9.9999e-04 +9.9999e-04 +9.9999e-04 +9.9999e-04 +9.9999e-04 +9.9999e-04 +9.9999e-04 +9.9999e-04 +9.9999e-04 +9.9999e-04 +9.9999e-04 +9.9999e-04 +9.9999e-04 +9.9999e-04 +9.9999e-04 +9.9999e-04 +9.9999e-04 +9.9999e-04 +9.9999e-04 +9.9999e-04 +9.9998e-04 +9.9998e-04 +9.9998e-04 +9.9998e-04 +9.9997e-04 +9.9997e-04 +9.9997e-04 +9.9997e-04 +9.9996e-04 +9.9996e-04 +9.9996e-04 +9.9995e-04 +9.9995e-04 +9.9995e-04 +9.9994e-04 +9.9994e-04 +9.9994e-04 +9.9994e-04 +9.9993e-04 +9.9993e-04 +9.9993e-04 +9.9993e-04 +9.9993e-04 +9.9992e-04 +9.9992e-04 
+0000.00050 +5.0003e-04 +5.0003e-04 +5.0002e-04 +5.0002e-04 +5.0002e-04 +5.0002e-04 +5.0002e-04 +5.0002e-04 +5.0002e-04 +5.0002e-04 +5.0002e-04 +5.0001e-04 +5.0001e-04 +5.0001e-04 +5.0001e-04 +5.0001e-04 +5.0001e-04 +5.0001e-04 +5.0001e-04 +5.0001e-04 +5.0000e-04 +5.0000e-04 +5.0000e-04 +5.0000e-04 +5.0000e-04 +5.0000e-04 +5.0000e-04 +5.0000e-04 +5.0000e-04 +4.9999e-04 +4.9999e-04 +4.9999e-04 +4.9999e-04 +4.9999e-04 +4.9999e-04 +4.9999e-04 +4.9999e-04 +4.9999e-04 +4.9999e-04 +4.9999e-04 +4.9998e-04 +4.9998e-04 +4.9998e-04 +4.9998e-04 +4.9998e-04 +4.9998e-04 +4.9998e-04 +4.9998e-04 +4.9998e-04 +4.9998e-04 +4.9998e-04 +4.9997e-04 +4.9997e-04 +4.9997e-04 +4.9997e-04 +4.9997e-04 +4.9997e-04 +4.9997e-04 +4.9997e-04 +4.9996e-04 +4.9996e-04 
+0000.00000 -4.1082e-11 -4.2014e-11 -4.2917e-11 -4.3789e-11 -4.4631e-11 -4.5443e-11 -4.6225e-11 -4.6976e-11 -4.7697e-11 -4.8387e-11 -4.9046e-11 -4.9674e-11 -5.0272e-11 -5.0838e-11 -5.1373e-11 -5.1877e-11 -5.2350e-11 -5.2791e-11 -5.3201e-11 -5.3579e-11 -5.3925e-11 -5.4240e-11 -5.4523e-11 -5.4775e-11 -5.4994e-11 -5.5181e-11 -5.5337e-11 -5.5460e-11 -5.5551e-11 -5.5610e-11 -5.5637e-11 -5.5632e-11 -5.5594e-11 -5.5524e-11 -5.5421e-11 -5.5286e-11 -5.5119e-11 -5.4919e-11 -5.4687e-11 -5.4422e-11 -5.4124e-11 -5.3794e-11 -5.3432e-11 -5.3037e-11 -5.2609e-11 -5.2148e-11 -5.1655e-11 -5.1130e-11 -5.0571e-11 -4.9981e-11 -4.9357e-11 -4.8701e-11 -4.8012e-11 -4.7291e-11 -4.6537e-11 -4.5750e-11 -4.4931e-11 -4.4080e-11 -4.3196e-11 -4.2279e-11 -4.1330e-11 
-0000.00050 -5.0002e-04 -5.0002e-04 -5.0002e-04 -5.0002e-04 -5.0002e-04 -5.0002e-04 -5.0002e-04 -5.0002e-04 -5.0002e-04 -5.0002e-04 -5.0002e-04 -5.0001e-04 -5.0001e-04 -5.0001e-04 -5.0001e-04 -5.0001e-04 -5.0001e-04 -5.0001e-04 -5.0001e-04 -5.0001e-04 -5.0001e-04 -5.0000e-04 -5.0000e-04 -5.0000e-04 -5.0000e-04 -5.0000e-04 -5.0000e-04 -5.0000e-04 -5.0000e-04 -5.0000e-04 -5.0000e-04 -4.9999e-04 -4.9999e-04 -4.9999e-04 -4.9999e-04 -4.9999e-04 -4.9999e-04 -4.9999e-04 -4.9999e-04 -4.9999e-04 -4.9999e-04 -4.9998e-04 -4.9998e-04 -4.9998e-04 -4.9998e-04 -4.9998e-04 -4.9998e-04 -4.9998e-04 -4.9998e-04 -4.9998e-04 -4.9997e-04 -4.9997e-04 -4.9997e-04 -4.9997e-04 -4.9997e-04 -4.9997e-04 -4.9997e-04 -4.9997e-04 -4.9997e-04 -4.9996e-04 -4.9996e-04 
-0000.00100 -1.0000e-03 -1.0000e-03 -1.0000e-03 -1.0000e-03 -1.0000e-03 -1.0000e-03 -1.0000e-03 -1.0000e-03 -1.0000e-03 -1.0000e-03 -1.0000e-03 -1.0000e-03 -9.9999e-04 -9.9999e-04 -9.9999e-04 -9.9999e-04 -9.9999e-04 -9.9999e-04 -9.9999e-04 -9.9999e-04 -9.9999e-04 -9.9999e-04 -9.9999e-04 -9.9999e-04 -9.9999e-04 -9.9999e-04 -9.9999e-04 -9.9999e-04 -9.9999e-04 -9.9999e-04 -9.9999e-04 -9.9999e-04 -9.9999e-04 -9.9999e-04 -9.9999e-04 -9.9999e-04 -9.9998e-04 -9.9998e-04 -9.9998e-04 -9.9998e-04 -9.9997e-04 -9.9997e-04 -9.9997e-04 -9.9997e-04 -9.9996e-04 -9.9996e-04 -9.9996e-04 -9.9995e-04 -9.9995e-04 -9.9995e-04 -9.9994e-04 -9.9994e-04 -9.9994e-04 -9.9994e-04 -9.9993e-04 -9.9993e-04 -9.9993e-04 -9.9993e-04 -9.9993e-04 -9.9992e-04 -9.9992e-04 
-0000.00150 -1.5001e-03 -1.5001e-03 -1.5001e-03 -1.5001e-03 -1.5001e-03 -1.5001e-03 -1.5001e-03 -1.5001e-03 -1.5001e-03 -1.5001e-03 -1.5001e-03 -1.5000e-03 -1.5000e-03 -1.5000e-03 -1.5000e-03 -1.5000e-03 -1.5000e-03 -1.5000e-03 -1.5000e-03 -1.5000e-03 -1.5000e-03 -1.5000e-03 -1.5000e-03 -1.5000e-03 -1.5000e-03 -1.5000e-03 -1.5000e-03 -1.5000e-03 -1.5000e-03 -1.5000e-03 -1.5000e-03 -1.5000e-03 -1.5000e-03 -1.5000e-03 -1.5000e-03 -1.5000e-03 -1.5000e-03 -1.5000e-03 -1.4999e-03 -1.4999e-03 -1.4999e-03 -1.4999e-03 -1.4999e-03 -1.4999e-03 -1.4999e-03 -1.4999e-03 -1.4999e-03 -1.4999e-03 -1.4999e-03 -1.4999e-03 -1.4999e-03 -1.4999e-03 -1.4999e-03 -1.4999e-03 -1.4999e-03 -1.4999e-03 -1.4999e-03 -1.4999e-03 -1.4999e-03 -1.4999e-03 -1.4999e-03 
-0000.00200 -2.0001e-03 -2.0001e-03 -2.0001e-03 -2.0001e-03 -2.0001e-03 -2.0001e-03 -2.0001e-03 -2.0001e-03 -2.0001e-03 -2.0001e-03 -2.0001e-03 -2.0001e-03 -2.0001e-03 -2.0001e-03 -2.0001e-03 -2.0001e-03 -2.0000e-03 -2.0000e-03 -2.0000e-03 -2.0000e-03 -2.0000e-03 -2.0000e-03 -2.0000e-03 -2.0000e-03 -2.0000e-03 -2.0000e-03 -2.0000e-03 -2.0000e-03 -2.0000e-03 -2.0000e-03 -2.0000e-03 -2.0000e-03 -2.0000e-03 -2.0000e-03 -2.0000e-03 -2.0000e-03 -1.9999e-03 -1.9999e-03 -1.9999e-03 -1.9999e-03 -1.9999e-03 -1.9999e-03 -1.9999e-03 -1.9999e-03 -1.9999e-03 -1.9999e-03 -1.9999e-03 -1.9999e-03 -1.9999e-03 -1.9999e-03 -1.9999e-03 -1.9999e-03 -1.9999e-03 -1.9999e-03 -1.9999e-03 -1.9999e-03 -1.9999e-03 -1.9999e-03 -1.9999e-03 -1.9999e-03 -1.9998e-03 