# Author: FAC idanalysis.IDKickMap
# Termination_kicks [T2m2]: +0.0000e+00 +0.0000e+00 +0.0000e+00 +0.0000e+00 
# Total Length of Longitudinal Interval [m]
0.13
# Number of Horizontal Points
61
# Number of Vertical Points
9
# Total Horizontal 2nd Order Kick [T2m2]
START
            -0000.01000 -0000.00967 -0000.00933 -0000.00900 -0000.00867 -0000.00833 -0000.00800 -0000.00767 -0000.00733 -0000.00700 -0000.00667 -0000.00633 -0000.00600 -0000.00567 -0000.00533 -0000.00500 -0000.00467 -0000.00433 -0000.00400 -0000.00367 -0000.00333 -0000.00300 -0000.00267 -0000.00233 -0000.00200 -0000.00167 -0000.00133 -0000.00100 -0000.00067 -0000.00033 +0000.00000 +0000.00033 +0000.00067 +0000.00100 +0000.00133 +0000.00167 +0000.00200 +0000.00233 +0000.00267 +0000.00300 +0000.00333 +0000.00367 +0000.00400 +0000.00433 +0000.00467 +0000.00500 +0000.00533 +0000.00567 +0000.00600 +0000.00633 +0000.00667 +0000.00700 +0000.00733 +0000.00767 +0000.00800 +0000.00833 +0000.00867 +0000.00900 +0000.00933 +0000.00967 +0000.01000 
+0000.00200 -4.4110e-05 -4.1170e-05 -3.8310e-05 -3.5550e-05 -3.2880e-05 -3.0310e-05 -2.7830e-05 -2.5450e-05 -2.3160e-05 -2.0970e-05 -1.8880e-05 -1.6890e-05 -1.4990e-05 -1.3190e-05 -1.1500e-05 -9.9000e-06 -8.4000e-06 -7.0000e-06 -5.7100e-06 -4.5100e-06 -3.4200e-06 -2.4200e-06 -1.5300e-06 -7.4000e-07 -5.0000e-08 +5.3000e-07 +1.0200e-06 +1.4000e-06 +1.6800e-06 +1.8500e-06 +1.9300e-06 +1.9000e-06 +1.7700e-06 +1.5300e-06 +1.1900e-06 +7.5000e-07 +2.1000e-07 -4.3000e-07 -1.1800e-06 -2.0300e-06 -2.9800e-06 -4.0300e-06 -5.1900e-06 -6.4400e-06 -7.8000e-06 -9.2600e-06 -1.0810e-05 -1.2470e-05 -1.4230e-05 -1.6080e-05 -1.8040e-05 -2.0090e-05 -2.2240e-05 -2.4490e-05 -2.6840e-05 -2.9280e-05 -3.1820e-05 -3.4450e-05 -3.7180e-05 -4.0010e-05 -4.2920e-05 
+0000.00150 -4.4430e-05 -4.1590e-05 -3.8830e-05 -3.6140e-05 -3.3550e-05 -3.1030e-05 -2.8600e-05 -2.6260e-05 -2.4010e-05 -2.1850e-05 -1.9780e-05 -1.7800e-05 -1.5920e-05 -1.4130e-05 -1.2430e-05 -1.0830e-05 -9.3300e-06 -7.9300e-06 -6.6300e-06 -5.4200e-06 -4.3200e-06 -3.3200e-06 -2.4200e-06 -1.6200e-06 -9.2000e-07 -3.3000e-07 +1.6000e-07 +5.5000e-07 +8.3000e-07 +1.0100e-06 +1.0900e-06 +1.0600e-06 +9.3000e-07 +6.9000e-07 +3.5000e-07 -1.0000e-07 -6.4000e-07 -1.2900e-06 -2.0500e-06 -2.9000e-06 -3.8600e-06 -4.9200e-06 -6.0800e-06 -7.3500e-06 -8.7100e-06 -1.0170e-05 -1.1720e-05 -1.3380e-05 -1.5130e-05 -1.6980e-05 -1.8920e-05 -2.0960e-05 -2.3090e-05 -2.5310e-05 -2.7620e-05 -3.0010e-05 -3.2500e-05 -3.5070e-05 -3.7730e-05 -4.0470e-05 -4.3290e-05 
+0000.00100 -4.4640e-05 -4.1870e-05 -3.9170e-05 -3.6550e-05 -3.4000e-05 -3.1530e-05 -2.9140e-05 -2.6830e-05 -2.4600e-05 -2.2460e-05 -2.0410e-05 -1.8440e-05 -1.6560e-05 -1.4780e-05 -1.3090e-05 -1.1490e-05 -9.9900e-06 -8.5800e-06 -7.2800e-06 -6.0700e-06 -4.9600e-06 -3.9500e-06 -3.0500e-06 -2.2400e-06 -1.5400e-06 -9.4000e-07 -4.5000e-07 -6.0000e-08 +2.3000e-07 +4.1000e-07 +4.9000e-07 +4.6000e-07 +3.2000e-07 +8.0000e-08 -2.6000e-07 -7.1000e-07 -1.2600e-06 -1.9100e-06 -2.6700e-06 -3.5300e-06 -4.5000e-06 -5.5600e-06 -6.7200e-06 -7.9900e-06 -9.3500e-06 -1.0810e-05 -1.2370e-05 -1.4030e-05 -1.5770e-05 -1.7610e-05 -1.9550e-05 -2.1570e-05 -2.3680e-05 -2.5870e-05 -2.8160e-05 -3.0520e-05 -3.2970e-05 -3.5490e-05 -3.8100e-05 -4.0770e-05 -4.3530e-05 
+0000.00050 -4.4750e-05 -4.2030e-05 -3.9370e-05 -3.6790e-05 -3.4270e-05 -3.1830e-05 -2.9460e-05 -2.7170e-05 -2.4960e-05 -2.2830e-05 -2.0780e-05 -1.8820e-05 -1.6950e-05 -1.5170e-05 -1.3480e-05 -1.1890e-05 -1.0380e-05 -8.9800e-06 -7.6700e-06 -6.4600e-06 -5.3500e-06 -4.3300e-06 -3.4200e-06 -2.6200e-06 -1.9100e-06 -1.3100e-06 -8.1000e-07 -4.2000e-07 -1.3000e-07 +5.0000e-08 +1.3000e-07 +1.0000e-07 -3.0000e-08 -2.7000e-07 -6.2000e-07 -1.0700e-06 -1.6200e-06 -2.2800e-06 -3.0400e-06 -3.9000e-06 -4.8700e-06 -5.9400e-06 -7.1100e-06 -8.3700e-06 -9.7400e-06 -1.1200e-05 -1.2760e-05 -1.4410e-05 -1.6160e-05 -1.7990e-05 -1.9920e-05 -2.1930e-05 -2.4030e-05 -2.6210e-05 -2.8480e-05 -3.0820e-05 -3.3240e-05 -3.5740e-05 -3.8310e-05 -4.0950e-05 -4.3650e-05 
+0000.00000 -4.4780e-05 -4.2080e-05 -3.9440e-05 -3.6860e-05 -3.4360e-05 -3.1920e-05 -2.9560e-05 -2.7280e-05 -2.5070e-05 -2.2950e-05 -2.0910e-05 -1.8950e-05 -1.7080e-05 -1.5300e-05 -1.3610e-05 -1.2020e-05 -1.0520e-05 -9.1100e-06 -7.8000e-06 -6.5900e-06 -5.4800e-06 -4.4600e-06 -3.5500e-06 -2.7400e-06 -2.0400e-06 -1.4400e-06 -9.4000e-07 -5.4000e-07 -2.6000e-07 -7.0000e-08 +0.0000e+00 -2.0000e-08 -1.6000e-07 -4.0000e-07 -7.4000e-07 -1.1900e-06 -1.7500e-06 -2.4100e-06 -3.1700e-06 -4.0300e-06 -5.0000e-06 -6.0700e-06 -7.2400e-06 -8.5000e-06 -9.8700e-06 -1.1330e-05 -1.2890e-05 -1.4540e-05 -1.6280e-05 -1.8120e-05 -2.0040e-05 -2.2050e-05 -2.4140e-05 -2.6320e-05 -2.8580e-05 -3.0920e-05 -3.3330e-05 -3.5820e-05 -3.8380e-05 -4.1000e-05 -4.3690e-05 
-0000.00050 -4.4750e-05 -4.2030e-05 -3.9370e-05 -3.6790e-05 -3.4270e-05 -3.1830e-05 -2.9460e-05 -2.7170e-05 -2.4960e-05 -2.2830e-05 -2.0790e-05 -1.8830e-05 -1.6960e-05 -1.5180e-05 -1.3490e-05 -1.1890e-05 -1.0390e-05 -8.9800e-06 -7.6700e-06 -6.4600e-06 -5.3500e-06 -4.3400e-06 -3.4300e-06 -2.6200e-06 -1.9200e-06 -1.3100e-06 -8.2000e-07 -4.2000e-07 -1.4000e-07 +5.0000e-08 +1.2000e-07 +1.0000e-07 -4.0000e-08 -2.8000e-07 -6.2000e-07 -1.0700e-06 -1.6200e-06 -2.2800e-06 -3.0400e-06 -3.9000e-06 -4.8700e-06 -5.9400e-06 -7.1100e-06 -8.3700e-06 -9.7400e-06 -1.1200e-05 -1.2760e-05 -1.4410e-05 -1.6150e-05 -1.7990e-05 -1.9920e-05 -2.1930e-05 -2.4030e-05 -2.6210e-05 -2.8480e-05 -3.0820e-05 -3.3240e-05 -3.5740e-05 -3.8310e-05 -4.0950e-05 -4.3660e-05 
-0000.00100 -4.4630e-05 -4.1860e-05 -3.9170e-05 -3.6550e-05 -3.4000e-05 -3.1530e-05 -2.9140e-05 -2.6830e-05 -2.4600e-05 -2.2460e-05 -2.0410e-05 -1.8440e-05 -1.6570e-05 -1.4780e-05 -1.3090e-05 -1.1490e-05 -9.9900e-06 -8.5900e-06 -7.2800e-06 -6.0700e-06 -4.9600e-06 -3.9500e-06 -3.0500e-06 -2.2400e-06 -1.5400e-06 -9.4000e-07 -4.5000e-07 -6.0000e-08 +2.3000e-07 +4.1000e-07 +4.9000e-07 +4.6000e-07 +3.3000e-07 +9.0000e-08 -2.5000e-07 -7.0000e-07 -1.2500e-06 -1.9000e-06 -2.6600e-06 -3.5200e-06 -4.4800e-06 -5.5500e-06 -6.7100e-06 -7.9800e-06 -9.3400e-06 -1.0800e-05 -1.2360e-05 -1.4010e-05 -1.5760e-05 -1.7600e-05 -1.9540e-05 -2.1560e-05 -2.3670e-05 -2.5870e-05 -2.8150e-05 -3.0520e-05 -3.2970e-05 -3.5500e-05 -3.8100e-05 -4.0780e-05 -4.3540e-05 
-0000.00150 -4.4420e-05 -4.1580e-05 -3.8820e-05 -3.6140e-05 -3.3540e-05 -3.1030e-05 -2.8600e-05 -2.6260e-05 -2.4010e-05 -2.1850e-05 -1.9780e-05 -1.7800e-05 -1.5920e-05 -1.4130e-05 -1.2440e-05 -1.0840e-05 -9.3400e-06 -7.9400e-06 -6.6300e-06 -5.4300e-06 -4.3300e-06 -3.3200e-06 -2.4200e-06 -1.6200e-06 -9.3000e-07 -3.3000e-07 +1.6000e-07 +5.5000e-07 +8.3000e-07 +1.0100e-06 +1.0900e-06 +1.0600e-06 +9.3000e-07 +6.9000e-07 +3.5000e-07 -9.0000e-08 -6.4000e-07 -1.2900e-06 -2.0400e-06 -2.9000e-06 -3.8600e-06 -4.9200e-06 -6.0800e-06 -7.3400e-06 -8.7000e-06 -1.0160e-05 -1.1720e-05 -1.3370e-05 -1.5130e-05 -1.6980e-05 -1.8920e-05 -2.0960e-05 -2.3080e-05 -2.5310e-05 -2.7620e-05 -3.0020e-05 -3.2510e-05 -3.5080e-05 -3.7740e-05 -4.0480e-05 -4.3310e-05 
-0000.00200 -4.4090e-05 -4.1150e-05 -3.8300e-05 -3.5540e-05 -3.2870e-05 -3.0300e-05 -2.7830e-05 -2.5450e-05 -2.3160e-05 -2.0980e-05 -1.8890e-05 -1.6890e-05 -1.5000e-05 -1.3200e-05 -1.1510e-05 -9.9100e-06 -8.4100e-06 -7.0200e-06 -5.7200e-06 -4.5200e-06 -3.4300e-06 -2.4300e-06 -1.5400e-06 -7.5000e-07 -6.0000e-08 +5.3000e-07 +1.0100e-06 +1.3900e-06 +1.6700e-06 +1.8500e-06 +1.9300e-06 +1.9000e-06 +1.7700e-06 +1.5300e-06 +1.2000e-06 +7.6000e-07 +2.2000e-07 -4.2000e-07 -1.1700e-06 -2.0200e-06 -2.9700e-06 -4.0200e-06 -5.1700e-06 -6.4300e-06 -7.7800e-06 -9.2400e-06 -1.0800e-05 -1.2460e-05 -1.4210e-05 -1.6070e-05 -1.8030e-05 -2.0080e-05 -2.2240e-05 -2.4490e-05 -2.6840e-05 -2.9290e-05 -3.1830e-05 -3.4470e-05 -3.7200e-05 -4.0030e-05 -4.2950e-05 
# Total Vertical 2nd Order Kick [T2m2]
START
            -0000.01000 -0000.00967 -0000.00933 -0000.00900 -0000.00867 -0000.00833 -0000.00800 -0000.00767 -0000.00733 -0000.00700 -0000.00667 -0000.00633 -0000.00600 -0000.00567 -0000.00533 -0000.00500 -0000.00467 -0000.00433 -0000.00400 -0000.00367 -0000.00333 -0000.00300 -0000.00267 -0000.00233 -0000.00200 -0000.00167 -0000.00133 -0000.00100 -0000.00067 -0000.00033 +0000.00000 +0000.00033 +0000.00067 +0000.00100 +0000.00133 +0000.00167 +0000.00200 +0000.00233 +0000.00267 +0000.00300 +0000.00333 +0000.00367 +0000.00400 +0000.00433 +0000.00467 +0000.00500 +0000.00533 +0000.00567 +0000.00600 +0000.00633 +0000.00667 +0000.00700 +0000.00733 +0000.00767 +0000.00800 +0000.00833 +0000.00867 +0000.00900 +0000.00933 +0000.00967 +0000.01000 
+0000.00200 -4.1515e-05 -4.1242e-05 -4.0935e-05 -4.0597e-05 -4.0229e-05 -3.9833e-05 -3.9410e-05 -3.8963e-05 -3.8493e-05 -3.8002e-05 -3.7490e-05 -3.6960e-05 -3.6413e-05 -3.5850e-05 -3.5273e-05 -3.4683e-05 -3.4082e-05 -3.3470e-05 -3.2848e-05 -3.2219e-05 -3.1583e-05 -3.0941e-05 -3.0294e-05 -2.9643e-05 -2.8990e-05 -2.8335e-05 -2.7679e-05 -2.7023e-05 -2.6367e-05 -2.5713e-05 -2.5061e-05 -2.4412e-05 -2.3767e-05 -2.3125e-05 -2.2489e-05 -2.1858e-05 -2.1232e-05 -2.0613e-05 -2.0000e-05 -1.9395e-05 -1.8797e-05 -1.8206e-05 -1.7624e-05 -1.7049e-05 -1.6483e-05 -1.5925e-05 -1.5376e-05 -1.4836e-05 -1.4304e-05 -1.3781e-05 -1.3266e-05 -1.2760e-05 -1.2262e-05 -1.1772e-05 -1.1290e-05 -1.0816e-05 -1.0350e-05 -9.8899e-06 -9.4369e-06 -8.9901e-06 -8.5491e-06 
+0000.00150 -2.8970e-05 -2.8790e-05 -2.8583e-05 -2.8351e-05 -2.8094e-05 -2.7814e-05 -2.7513e-05 -2.7192e-05 -2.6852e-05 -2.6494e-05 -2.6119e-05 -2.5730e-05 -2.5326e-05 -2.4910e-05 -2.4482e-05 -2.4043e-05 -2.3594e-05 -2.3137e-05 -2.2672e-05 -2.2201e-05 -2.1723e-05 -2.1241e-05 -2.0755e-05 -2.0265e-05 -1.9773e-05 -1.9280e-05 -1.8785e-05 -1.8290e-05 -1.7796e-05 -1.7303e-05 -1.6811e-05 -1.6322e-05 -1.5836e-05 -1.5353e-05 -1.4874e-05 -1.4399e-05 -1.3928e-05 -1.3463e-05 -1.3004e-05 -1.2550e-05 -1.2102e-05 -1.1660e-05 -1.1225e-05 -1.0797e-05 -1.0376e-05 -9.9616e-06 -9.5546e-06 -9.1548e-06 -8.7624e-06 -8.3773e-06 -7.9996e-06 -7.6290e-06 -7.2657e-06 -6.9095e-06 -6.5602e-06 -6.2177e-06 -5.8817e-06 -5.5521e-06 -5.2285e-06 -4.9107e-06 -4.5983e-06 
+0000.00100 -1.8345e-05 -1.8237e-05 -1.8111e-05 -1.7966e-05 -1.7804e-05 -1.7626e-05 -1.7433e-05 -1.7225e-05 -1.7004e-05 -1.6770e-05 -1.6525e-05 -1.6269e-05 -1.6003e-05 -1.5728e-05 -1.5444e-05 -1.5153e-05 -1.4855e-05 -1.4551e-05 -1.4241e-05 -1.3926e-05 -1.3608e-05 -1.3286e-05 -1.2961e-05 -1.2634e-05 -1.2305e-05 -1.1974e-05 -1.1643e-05 -1.1312e-05 -1.0982e-05 -1.0652e-05 -1.0323e-05 -9.9961e-06 -9.6706e-06 -9.3478e-06 -9.0276e-06 -8.7105e-06 -8.3968e-06 -8.0866e-06 -7.7803e-06 -7.4782e-06 -7.1803e-06 -6.8870e-06 -6.5983e-06 -6.3145e-06 -6.0356e-06 -5.7618e-06 -5.4931e-06 -5.2296e-06 -4.9714e-06 -4.7184e-06 -4.4707e-06 -4.2282e-06 -3.9909e-06 -3.7587e-06 -3.5315e-06 -3.3092e-06 -3.0916e-06 -2.8786e-06 -2.6701e-06 -2.4658e-06 -2.2655e-06 
+0000.00050 -8.9011e-06 -8.8523e-06 -8.7933e-06 -8.7247e-06 -8.6469e-06 -8.5605e-06 -8.4660e-06 -8.3639e-06 -8.2548e-06 -8.1390e-06 -8.0171e-06 -7.8896e-06 -7.7568e-06 -7.6192e-06 -7.4773e-06 -7.3314e-06 -7.1819e-06 -7.0292e-06 -6.8737e-06 -6.7158e-06 -6.5558e-06 -6.3940e-06 -6.2307e-06 -6.0663e-06 -5.9011e-06 -5.7353e-06 -5.5693e-06 -5.4032e-06 -5.2374e-06 -5.0721e-06 -4.9074e-06 -4.7437e-06 -4.5810e-06 -4.4197e-06 -4.2599e-06 -4.1017e-06 -3.9453e-06 -3.7908e-06 -3.6384e-06 -3.4881e-06 -3.3402e-06 -3.1946e-06 -3.0515e-06 -2.9108e-06 -2.7728e-06 -2.6374e-06 -2.5046e-06 -2.3744e-06 -2.2470e-06 -2.1221e-06 -2.0000e-06 -1.8804e-06 -1.7634e-06 -1.6489e-06 -1.5369e-06 -1.4272e-06 -1.3197e-06 -1.2145e-06 -1.1113e-06 -1.0100e-06 -9.1044e-07 
+0000.00000 -2.0322e-08 -2.3167e-08 -2.5324e-08 -2.6854e-08 -2.7819e-08 -2.8278e-08 -2.8288e-08 -2.7902e-08 -2.7173e-08 -2.6149e-08 -2.4879e-08 -2.3407e-08 -2.1775e-08 -2.0025e-08 -1.8194e-08 -1.6318e-08 -1.4430e-08 -1.2562e-08 -1.0741e-08 -8.9964e-09 -7.3504e-09 -5.8244e-09 -4.4394e-09 -3.2114e-09 -2.1564e-09 -1.2868e-09 -6.1280e-10 -1.4250e-10 +1.1820e-10 +1.6610e-10 +0.0000e+00 -3.7900e-10 -9.6740e-10 -1.7594e-09 -2.7469e-09 -3.9194e-09 -5.2644e-09 -6.7664e-09 -8.4094e-09 -1.0172e-08 -1.2033e-08 -1.3969e-08 -1.5952e-08 -1.7955e-08 -1.9945e-08 -2.1889e-08 -2.3752e-08 -2.5495e-08 -2.7079e-08 -2.8460e-08 -2.9593e-08 -3.0431e-08 -3.0925e-08 -3.1022e-08 -3.0669e-08 -2.9808e-08 -2.8382e-08 -2.6328e-08 -2.3584e-08 -2.0084e-08 -1.5759e-08 
-0000.00050 +8.8600e-06 +8.8054e-06 +8.7420e-06 +8.6703e-06 +8.5905e-06 +8.5032e-06 +8.4087e-06 +8.3074e-06 +8.1997e-06 +8.0861e-06 +7.9668e-06 +7.8423e-06 +7.7128e-06 +7.5788e-06 +7.4406e-06 +7.2986e-06 +7.1529e-06 +7.0041e-06 +6.8523e-06 +6.6980e-06 +6.5413e-06 +6.3826e-06 +6.2222e-06 +6.0603e-06 +5.8973e-06 +5.7333e-06 +5.5686e-06 +5.4035e-06 +5.2382e-06 +5.0730e-06 +4.9080e-06 +4.7434e-06 +4.5796e-06 +4.4167e-06 +4.2548e-06 +4.0942e-06 +3.9350e-06 +3.7775e-06 +3.6217e-06 +3.4679e-06 +3.3161e-06 +3.1666e-06 +3.0194e-06 +2.8747e-06 +2.7326e-06 +2.5932e-06 +2.4566e-06 +2.3229e-06 +2.1922e-06 +2.0645e-06 +1.9401e-06 +1.8188e-06 +1.7008e-06 +1.5861e-06 +1.4748e-06 +1.3669e-06 +1.2624e-06 +1.1613e-06 +1.0637e-06 +9.6957e-07 +8.7890e-07 
-0000.00100 +1.8303e-05 +1.8189e-05 +1.8058e-05 +1.7910e-05 +1.7746e-05 +1.7567e-05 +1.7373e-05 +1.7166e-05 +1.6947e-05 +1.6715e-05 +1.6473e-05 +1.6220e-05 +1.5957e-05 +1.5686e-05 +1.5406e-05 +1.5119e-05 +1.4825e-05 +1.4525e-05 +1.4219e-05 +1.3909e-05 +1.3594e-05 +1.3275e-05 +1.2953e-05 +1.2629e-05 +1.2302e-05 +1.1974e-05 +1.1644e-05 +1.1314e-05 +1.0984e-05 +1.0654e-05 +1.0325e-05 +9.9970e-06 +9.6705e-06 +9.3460e-06 +9.0237e-06 +8.7041e-06 +8.3874e-06 +8.0740e-06 +7.7641e-06 +7.4581e-06 +7.1562e-06 +6.8587e-06 +6.5657e-06 +6.2775e-06 +5.9943e-06 +5.7163e-06 +5.4436e-06 +5.1763e-06 +4.9146e-06 +4.6587e-06 +4.4085e-06 +4.1642e-06 +3.9258e-06 +3.6934e-06 +3.4670e-06 +3.2466e-06 +3.0322e-06 +2.8238e-06 +2.6213e-06 +2.4247e-06 +2.2338e-06 
-0000.00150 +2.8926e-05 +2.8739e-05 +2.8527e-05 +2.8291e-05 +2.8032e-05 +2.7751e-05 +2.7450e-05 +2.7129e-05 +2.6791e-05 +2.6435e-05 +2.6064e-05 +2.5678e-05 +2.5279e-05 +2.4867e-05 +2.4443e-05 +2.4009e-05 +2.3565e-05 +2.3112e-05 +2.2652e-05 +2.2184e-05 +2.1711e-05 +2.1232e-05 +2.0750e-05 +2.0263e-05 +1.9774e-05 +1.9282e-05 +1.8789e-05 +1.8296e-05 +1.7802e-05 +1.7309e-05 +1.6817e-05 +1.6327e-05 +1.5839e-05 +1.5354e-05 +1.4873e-05 +1.4395e-05 +1.3921e-05 +1.3452e-05 +1.2989e-05 +1.2530e-05 +1.2078e-05 +1.1632e-05 +1.1192e-05 +1.0759e-05 +1.0333e-05 +9.9137e-06 +9.5022e-06 +9.0983e-06 +8.7020e-06 +8.3136e-06 +7.9332e-06 +7.5607e-06 +7.1962e-06 +6.8398e-06 +6.4915e-06 +6.1511e-06 +5.8188e-06 +5.4943e-06 +5.1775e-06 +4.8684e-06 +4.5667e-06 
-0000.00200 +4.1468e-05 +4.1186e-05 +4.0874e-05 +4.0531e-05 +4.0160e-05 +3.9763e-05 +3.9341e-05 +3.8895e-05 +3.8427e-05 +3.7938e-05 +3.7430e-05 +3.6904e-05 +3.6362e-05 +3.5804e-05 +3.5232e-05 +3.4647e-05 +3.4051e-05 +3.3444e-05 +3.2828e-05 +3.2203e-05 +3.1572e-05 +3.0934e-05 +3.0291e-05 +2.9644e-05 +2.8994e-05 +2.8341e-05 +2.7687e-05 +2.7032e-05 +2.6377e-05 +2.5723e-05 +2.5071e-05 +2.4421e-05 +2.3774e-05 +2.3130e-05 +2.2491e-05 +2.1856e-05 +2.1227e-05 +2.0604e-05 +1.9987e-05 +1.9376e-05 +1.8773e-05 +1.8177e-05 +1.7589e-05 +1.7009e-05 +1.6438e-05 +1.5875e-05 +1.5320e-05 +1.4775e-05 +1.4239e-05 +1.3712e-05 +1.3194e-05 +1.2686e-05 +1.2187e-05 +1.1697e-05 +1.1216e-05 +1.0745e-05 +1.0282e-05 +9.8282e-06 +9.3831e-06 +8.9463e-06 +8.5177e-06 
# Horizontal Final Position [m]
START
            -0000.01000 -0000.00967 -0000.00933 -0000.00900 -0000.00867 -0000.00833 -0000.00800 -0000.00767 -0000.00733 -0000.00700 -0000.00667 -0000.00633 -0000.00600 -0000.00567 -0000.00533 -0000.00500 -0000.00467 -0000.00433 -0000.00400 -0000.00367 -0000.00333 -0000.00300 -0000.00267 -0000.00233 -0000.00200 -0000.00167 -0000.00133 -0000.00100 -0000.00067 -0000.00033 +0000.00000 +0000.00033 +0000.00067 +0000.00100 +0000.00133 +0000.00167 +0000.00200 +0000.00233 +0000.00267 +0000.00300 +0000.00333 +0000.00367 +0000.00400 +0000.00433 +0000.00467 +0000.00500 +0000.00533 +0000.00567 +0000.00600 +0000.00633 +0000.00667 +0000.00700 +0000.00733 +0000.00767 +0000.00800 +0000.00833 +0000.00867 +0000.00900 +0000.00933 +0000.00967 +0000.01000 
+0000.00200 -1.0003e-02 -9.6694e-03 -9.3361e-03 -9.0029e-03 -8.6697e-03 -8.3364e-03 -8.0032e-03 -7.6699e-03 -7.3367e-03 -7.0034e-03 -6.6701e-03 -6.3368e-03 -6.0035e-03 -5.6702e-03 -5.3369e-03 -5.0036e-03 -4.6703e-03 -4.3370e-03 -4.0037e-03 -3.6704e-03 -3.3370e-03 -3.0037e-03 -2.6704e-03 -2.3370e-03 -2.0037e-03 -1.6704e-03 -1.3370e-03 -1.0037e-03 -6.7034e-04 -3.3699e-04 -3.6458e-06 +3.2970e-04 +6.6305e-04 +9.9640e-04 +1.3297e-03 +1.6631e-03 +1.9964e-03 +2.3298e-03 +2.6631e-03 +2.9965e-03 +3.3298e-03 +3.6632e-03 +3.9965e-03 +4.3299e-03 +4.6632e-03 +4.9965e-03 +5.3299e-03 +5.6632e-03 +5.9965e-03 +6.3298e-03 +6.6632e-03 +6.9965e-03 +7.3298e-03 +7.6631e-03 +7.9964e-03 +8.3297e-03 +8.6630e-03 +8.9963e-03 +9.3296e-03 +9.6629e-03 +9.9962e-03 
+0000.00150 -1.0003e-02 -9.6694e-03 -9.3361e-03 -9.0029e-03 -8.6697e-03 -8.3364e-03 -8.0032e-03 -7.6699e-03 -7.3366e-03 -7.0034e-03 -6.6701e-03 -6.3368e-03 -6.0035e-03 -5.6702e-03 -5.3369e-03 -5.0036e-03 -4.6703e-03 -4.3370e-03 -4.0037e-03 -3.6704e-03 -3.3370e-03 -3.0037e-03 -2.6704e-03 -2.3370e-03 -2.0037e-03 -1.6704e-03 -1.3370e-03 -1.0037e-03 -6.7034e-04 -3.3700e-04 -3.6486e-06 +3.2970e-04 +6.6305e-04 +9.9640e-04 +1.3297e-03 +1.6631e-03 +1.9964e-03 +2.3298e-03 +2.6631e-03 +2.9965e-03 +3.3298e-03 +3.6632e-03 +3.9965e-03 +4.3299e-03 +4.6632e-03 +4.9966e-03 +5.3299e-03 +5.6632e-03 +5.9965e-03 +6.3299e-03 +6.6632e-03 +6.9965e-03 +7.3298e-03 +7.6631e-03 +7.9964e-03 +8.3298e-03 +8.6630e-03 +8.9963e-03 +9.3296e-03 +9.6629e-03 +9.9962e-03 
+0000.00100 -1.0003e-02 -9.6693e-03 -9.3361e-03 -9.0029e-03 -8.6697e-03 -8.3364e-03 -8.0032e-03 -7.6699e-03 -7.3366e-03 -7.0034e-03 -6.6701e-03 -6.3368e-03 -6.0035e-03 -5.6702e-03 -5.3369e-03 -5.0036e-03 -4.6703e-03 -4.3370e-03 -4.0037e-03 -3.6704e-03 -3.3370e-03 -3.0037e-03 -2.6704e-03 -2.3370e-03 -2.0037e-03 -1.6704e-03 -1.3370e-03 -1.0037e-03 -6.7034e-04 -3.3699e-04 -3.6430e-06 +3.2971e-04 +6.6306e-04 +9.9641e-04 +1.3298e-03 +1.6631e-03 +1.9965e-03 +2.3298e-03 +2.6632e-03 +2.9965e-03 +3.3299e-03 +3.6632e-03 +3.9965e-03 +4.3299e-03 +4.6632e-03 +4.9966e-03 +5.3299e-03 +5.6632e-03 +5.9966e-03 +6.3299e-03 +6.6632e-03 +6.9965e-03 +7.3298e-03 +7.6631e-03 +7.9965e-03 +8.3298e-03 +8.6630e-03 +8.9963e-03 +9.3296e-03 +9.6629e-03 +9.9962e-03 
+0000.00050 -1.0003e-02 -9.6693e-03 -9.3361e-03 -9.0029e-03 -8.6697e-03 -8.3364e-03 -8.0032e-03 -7.6699e-03 -7.3366e-03 -7.0034e-03 -6.6701e-03 -6.3368e-03 -6.0035e-03 -5.6702e-03 -5.3369e-03 -5.0036e-03 -4.6703e-03 -4.3370e-03 -4.0037e-03 -3.6704e-03 -3.3370e-03 -3.0037e-03 -2.6704e-03 -2.3370e-03 -2.0037e-03 -1.6704e-03 -1.3370e-03 -1.0037e-03 -6.7034e-04 -3.3699e-04 -3.6424e-06 +3.2971e-04 +6.6306e-04 +9.9641e-04 +1.3298e-03 +1.6631e-03 +1.9965e-03 +2.3298e-03 +2.6632e-03 +2.9965e-03 +3.3299e-03 +3.6632e-03 +3.9965e-03 +4.3299e-03 +4.6632e-03 +4.9966e-03 +5.3299e-03 +5.6632e-03 +5.9966e-03 +6.3299e-03 +6.6632e-03 +6.9965e-03 +7.3298e-03 +7.6631e-03 +7.9965e-03 +8.3298e-03 +8.6630e-03 +8.9963e-03 +9.3296e-03 +9.6629e-03 +9.9962e-03 
+0000.00000 -1.0003e-02 -9.6693e-03 -9.3361e-03 -9.0029e-03 -8.6697e-03 -8.3364e-03 -8.0032e-03 -7.6699e-03 -7.3366e-03 -7.0034e-03 -6.6701e-03 -6.3368e-03 -6.0035e-03 -5.6702e-03 -5.3369e-03 -5.0036e-03 -4.6703e-03 -4.3370e-03 -4.0037e-03 -3.6704e-03 -3.3370e-03 -3.0037e-03 -2.6704e-03 -2.3370e-03 -2.0037e-03 -1.6704e-03 -1.3370e-03 -1.0037e-03 -6.7034e-04 -3.3699e-04 -3.6424e-06 +3.2971e-04 +6.6306e-04 +9.9641e-04 +1.3298e-03 +1.6631e-03 +1.9965e-03 +2.3298e-03 +2.6632e-03 +2.9965e-03 +3.3299e-03 +3.6632e-03 +3.9965e-03 +4.3299e-03 +4.6632e-03 +4.9966e-03 +5.3299e-03 +5.6632e-03 +5.9966e-03 +6.3299e-03 +6.6632e-03 +6.9965e-03 +7.3298e-03 +7.6631e-03 +7.9965e-03 +8.3298e-03 +8.6630e-03 +8.9963e-03 +9.3296e-03 +9.6629e-03 +9.9962e-03 
-0000.00050 -1.0003e-02 -9.6693e-03 -9.3361e-03 -9.0029e-03 -8.6697e-03 -8.3364e-03 -8.0032e-03 -7.6699e-03 -7.3366e-03 -7.0034e-03 -6.6701e-03 -6.3368e-03 -6.0035e-03 -5.6702e-03 -5.3369e-03 -5.0036e-03 -4.6703e-03 -4.3370e-03 -4.0037e-03 -3.6704e-03 -3.3370e-03 -3.0037e-03 -2.6704e-03 -2.3370e-03 -2.0037e-03 -1.6704e-03 -1.3370e-03 -1.0037e-03 -6.7034e-04 -3.3699e-04 -3.6424e-06 +3.2971e-04 +6.6306e-04 +9.9641e-04 +1.3298e-03 +1.6631e-03 +1.9965e-03 +2.3298e-03 +2.6632e-03 +2.9965e-03 +3.3299e-03 +3.6632e-03 +3.9965e-03 +4.3299e-03 +4.6632e-03 +4.9966e-03 +5.3299e-03 +5.6632e-03 +5.9966e-03 +6.3299e-03 +6.6632e-03 +6.9965e-03 +7.3298e-03 +7.6631e-03 +7.9965e-03 +8.3298e-03 +8.6630e-03 +8.9963e-03 +9.3296e-03 +9.6629e-03 +9.9962e-03 
-0000.00100 -1.0003e-02 -9.6693e-03 -9.3361e-03 -9.0029e-03 -8.6697e-03 -8.3364e-03 -8.0032e-03 -7.6699e-03 -7.3366e-03 -7.0034e-03 -6.6701e-03 -6.3368e-03 -6.0035e-03 -5.6702e-03 -5.3369e-03 -5.0036e-03 -4.6703e-03 -4.3370e-03 -4.0037e-03 -3.6704e-03 -3.3370e-03 -3.0037e-03 -2.6704e-03 -2.3370e-03 -2.0037e-03 -1.6704e-03 -1.3370e-03 -1.0037e-03 -6.7034e-04 -3.3699e-04 -3.6430e-06 +3.2971e-04 +6.6306e-04 +9.9641e-04 +1.3298e-03 +1.6631e-03 +1.9965e-03 +2.3298e-03 +2.6632e-03 +2.9965e-03 +3.3299e-03 +3.6632e-03 +3.9965e-03 +4.3299e-03 +4.6632e-03 +4.9966e-03 +5.3299e-03 +5.6632e-03 +5.9966e-03 +6.3299e-03 +6.6632e-03 +6.9965e-03 +7.3298e-03 +7.6631e-03 +7.9965e-03 +8.3298e-03 +8.6630e-03 +8.9963e-03 +9.3296e-03 +9.6629e-03 +9.9962e-03 
-0000.00150 -1.0003e-02 -9.6694e-03 -9.3361e-03 -9.0029e-03 -8.6697e-03 -8.3364e-03 -8.0032e-03 -7.6699e-03 -7.3366e-03 -7.0034e-03 -6.6701e-03 -6.3368e-03 -6.0035e-03 -5.6702e-03 -5.3369e-03 -5.0036e-03 -4.6703e-03 -4.3370e-03 -4.0037e-03 -3.6704e-03 -3.3370e-03 -3.0037e-03 -2.6704e-03 -2.3370e-03 -2.0037e-03 -1.6704e-03 -1.3370e-03 -1.0037e-03 -6.7034e-04 -3.3700e-04 -3.6486e-06 +3.2970e-04 +6.6305e-04 +9.9640e-04 +1.3297e-03 +1.6631e-03 +1.9964e-03 +2.3298e-03 +2.6631e-03 +2.9965e-03 +3.3298e-03 +3.6632e-03 +3.9965e-03 +4.3299e-03 +4.6632e-03 +4.9966e-03 +5.3299e-03 +5.6632e-03 +5.9965e-03 +6.3299e-03 +6.6632e-03 +6.9965e-03 +7.3298e-03 +7.6631e-03 +7.9964e-03 +8.3298e-03 +8.6630e-03 +8.9963e-03 +9.3296e-03 +9.6629e-03 +9.9962e-03 
-0000.00200 -1.0003e-02 -9.6694e-03 -9.3361e-03 -9.0029e-03 -8.6697e-03 -8.3364e-03 -8.0032e-03 -7.6699e-03 -7.3367e-03 -7.0034e-03 -6.6701e-03 -6.3368e-03 -6.0035e-03 -5.6702e-03 -5.3369e-03 -5.0036e-03 -4.6703e-03 -4.3370e-03 -4.0037e-03 -3.6704e-03 -3.3370e-03 -3.0037e-03 -2.6704e-03 -2.3370e-03 -2.0037e-03 -1.6704e-03 -1.3370e-03 -1.0037e-03 -6.7034e-04 -3.3699e-04 -3.6458e-06 +3.2970e-04 +6.6305e-04 +9.9640e-04 +1.3297e-03 +1.6631e-03 +1.9964e-03 +2.3298e-03 +2.6631e-03 +2.9965e-03 +3.3298e-03 +3.6632e-03 +3.9965e-03 +4.3299e-03 +4.6632e-03 +4.9965e-03 +5.3299e-03 +5.6632e-03 +5.9965e-03 +6.3298e-03 +6.6632e-03 +6.9965e-03 +7.3298e-03 +7.6631e-03 +7.9964e-03 +8.3297e-03 +8.6630e-03 +8.9963e-03 +9.3296e-03 +9.6629e-03 +9.9962e-03 
# Vertical Final Position [m]
START
            -0000.01000 -0000.00967 -0000.00933 -0000.00900 -0000.00867 -0000.00833 -0000.00800 -0000.00767 -0000.00733 -0000.00700 -0000.00667 -0000.00633 -0000.00600 -0000.00567 -0000.00533 -0000.00500 -0000.00467 -0000.00433 -0000.00400 -0000.00367 -0000.00333 -0000.00300 -0000.00267 -0000.00233 -0000.00200 -0000.00167 -0000.00133 -0000.00100 -0000.00067 -0000.00033 +0000.00000 +0000.00033 +0000.00067 +0000.00100 +0000.00133 +0000.00167 +0000.00200 +0000.00233 +0000.00267 +0000.00300 +0000.00333 +0000.00367 +0000.00400 +0000.00433 +0000.00467 +0000.00500 +0000.00533 +0000.00567 +0000.00600 +0000.00633 +0000.00667 +0000.00700 +0000.00733 +0000.00767 +0000.00800 +0000.00833 +0000.00867 +0000.00900 +0000.00933 +0000.00967 +0000.01000 
+0000.00200 +2.0001e-03 +2.0001e-03 +2.0001e-03 +2.0001e-03 +2.0001e-03 +2.0001e-03 +2.0001e-03 +2.0001e-03 +2.0001e-03 +2.0001e-03 +2.0001e-03 +2.0001e-03 +2.0001e-03 +2.0001e-03 +2.0001e-03 +2.0001e-03 +2.0001e-03 +2.0001e-03 +2.0000e-03 +2.0000e-03 +2.0000e-03 +2.0000e-03 +2.0000e-03 +2.0000e-03 +2.0000e-03 +2.0000e-03 +2.0000e-03 +2.0000e-03 +2.0000e-03 +2.0000e-03 +2.0000e-03 +2.0000e-03 +2.0000e-03 +2.0000e-03 +1.9999e-03 +1.9999e-03 +1.9999e-03 +1.9999e-03 +1.9999e-03 +1.9999e-03 +1.9999e-03 +1.9999e-03 +1.9999e-03 +1.9999e-03 +1.9999e-03 +1.9999e-03 +1.9999e-03 +1.9999e-03 +1.9999e-03 +1.9999e-03 +1.9999e-03 +1.9999e-03 +1.9998e-03 +1.9998e-03 +1.9998e-03 +1.9998e-03 +1.9998e-03 +1.9998e-03 +1.9998e-03 +1.9998e-03 +1.9998e-03 
+0000.00150 +1.5001e-03 +1.5001e-03 +1.5001e-03 +1.5001e-03 +1.5001e-03 +1.5001e-03 +1.5001e-03 +1.5001e-03 +1.5001e-03 +1.5001e-03 +1.5001e-03 +1.5001e-03 +1.5001e-03 +1.5001e-03 +1.5001e-03 +1.5001e-03 +1.5001e-03 +1.5000e-03 +1.5000e-03 +1.5000e-03 +1.5000e-03 +1.5000e-03 +1.5000e-03 +1.5000e-03 +1.5000e-03 +1.5000e-03 +1.5000e-03 +1.5000e-03 +1.5000e-03 +1.5000e-03 +1.5000e-03 +1.5000e-03 +1.5000e-03 +1.5000e-03 +1.5000e-03 +1.4999e-03 +1.4999e-03 +1.4999e-03 +1.4999e-03 +1.4999e-03 +1.4999e-03 +1.4999e-03 +1.4999e-03 +1.4999e-03 +1.4999e-03 +1.4999e-03 +1.4999e-03 +1.4999e-03 +1.4999e-03 +1.4999e-03 +1.4999e-03 +1.4999e-03 +1.4999e-03 +1.4999e-03 +1.4999e-03 +1.4999e-03 +1.4999e-03 +1.4999e-03 +1.4999e-03 +1.4999e-03 +1.4999e-03 
+0000.00100 +1.0001e-03 +1.0001e-03 +1.0001e-03 +1.0001e-03 +1.0001e-03 +1.0001e-03 +1.0001e-03 +1.0001e-03 +1.0001e-03 +1.0001e-03 +1.0001e-03 +1.0001e-03 +1.0000e-03 +1.0000e-03 +1.0000e-03 +1.0000e-03 +1.0000e-03 +1.0000e-03 +1.0000e-03 +1.0000e-03 +1.0000e-03 +1.0000e-03 +9.9999e-04 +9.9999e-04 +9.9999e-04 +9.9998e-04 +9.9998e-04 +9.9998e-04 +9.9997e-04 +9.9997e-04 +9.9997e-04 +9.9997e-04 +9.9996e-04 +9.9996e-04 +9.9996e-04 +9.9996e-04 +9.9996e-04 +9.9996e-04 +9.9996e-04 +9.9996e-04 +9.9996e-04 +9.9996e-04 +9.9996e-04 +9.9996e-04 +9.9995e-04 +9.9995e-04 +9.9995e-04 +9.9995e-04 +9.9995e-04 +9.9995e-04 +9.9995e-04 +9.9994e-04 +9.9994e-04 +9.9994e-04 +9.9993e-04 +9.9993e-04 +9.9992e-04 +9.9992e-04 +9.9991e-04 +9.9990e-04 +9.9989e-04 
+0000.00050 +5.0003e-04 +5.0003e-04 +5.0003e-04 +5.0003e-04 +5.0003e-04 +5.0003e-04 +5.0003e-04 +5.0003e-04 +5.0003e-04 +5.0003e-04 +5.0003e-04 +5.0002e-04 +5.0002e-04 +5.0002e-04 +5.0002e-04 +5.0002e-04 +5.0002e-04 +5.0002e-04 +5.0001e-04 +5.0001e-04 +5.0001e-04 +5.0001e-04 +5.0001e-04 +5.0001e-04 +5.0000e-04 +5.0000e-04 +5.0000e-04 +5.0000e-04 +5.0000e-04 +5.0000e-04 +4.9999e-04 +4.9999e-04 +4.9999e-04 +4.9999e-04 +4.9999e-04 +4.9999e-04 +4.9999e-04 +4.9998e-04 +4.9998e-04 +4.9998e-04 +4.9998e-04 +4.9998e-04 +4.9998e-04 +4.9998e-04 +4.9997e-04 +4.9997e-04 +4.9997e-04 +4.9997e-04 +4.9997e-04 +4.9997e-04 +4.9997e-04 +4.9997e-04 +4.9996e-04 +4.9996e-04 +4.9996e-04 +4.9996e-04 +4.9996e-04 +4.9996e-04 +4.9995e-04 +4.9995e-04 +4.9995e-04 
+0000.00000 -3.7792e-11 -4.1789e-11 -4.4814e-11 -4.6957e-11 -4.8305e-11 -4.8939e-11 -4.8940e-11 -4.8385e-11 -4.7345e-11 -4.5892e-11 -4.4091e-11 -4.2006e-11 -3.9697e-11 -3.7221e-11 -3.4632e-11 -3.1980e-11 -2.9312e-11 -2.6671e-11 -2.4100e-11 -2.1634e-11 -1.9308e-11 -1.7153e-11 -1.5196e-11 -1.3462e-11 -1.1972e-11 -1.0743e-11 -9.7913e-12 -9.1268e-12 -8.7581e-12 -8.6899e-12 -8.9239e-12 -9.4585e-12 -1.0289e-11 -1.1406e-11 -1.2800e-11 -1.4454e-11 -1.6353e-11 -1.8473e-11 -2.0792e-11 -2.3280e-11 -2.5908e-11 -2.8641e-11 -3.1442e-11 -3.4269e-11 -3.7080e-11 -3.9826e-11 -4.2458e-11 -4.4922e-11 -4.7160e-11 -4.9113e-11 -5.0717e-11 -5.1906e-11 -5.2610e-11 -5.2755e-11 -5.2264e-11 -5.1059e-11 -4.9057e-11 -4.6170e-11 -4.2311e-11 -3.7385e-11 -3.1297e-11 
-0000.00050 -5.0003e-04 -5.0003e-04 -5.0003e-04 -5.0003e-04 -5.0003e-04 -5.0003e-04 -5.0003e-04 -5.0003e-04 -5.0003e-04 -5.0003e-04 -5.0003e-04 -5.0002e-04 -5.0002e-04 -5.0002e-04 -5.0002e-04 -5.0002e-04 -5.0002e-04 -5.0002e-04 -5.0001e-04 -5.0001e-04 -5.0001e-04 -5.0001e-04 -5.0001e-04 -5.0001e-04 -5.0000e-04 -5.0000e-04 -5.0000e-04 -5.0000e-04 -5.0000e-04 -5.0000e-04 -4.9999e-04 -4.9999e-04 -4.9999e-04 -4.9999e-04 -4.9999e-04 -4.9999e-04 -4.9999e-04 -4.9998e-04 -4.9998e-04 -4.9998e-04 -4.9998e-04 -4.9998e-04 -4.9998e-04 -4.9998e-04 -4.9997e-04 -4.9997e-04 -4.9997e-04 -4.9997e-04 -4.9997e-04 -4.9997e-04 -4.9997e-04 -4.9997e-04 -4.9996e-04 -4.9996e-04 -4.9996e-04 -4.9996e-04 -4.9996e-04 -4.9996e-04 -4.9995e-04 -4.9995e-04 -4.9995e-04 
-0000.00100 -1.0001e-03 -1.0001e-03 -1.0001e-03 -1.0001e-03 -1.0001e-03 -1.0001e-03 -1.0001e-03 -1.0001e-03 -1.0001e-03 -1.0001e-03 -1.0001e-03 -1.0001e-03 -1.0000e-03 -1.0000e-03 -1.0000e-03 -1.0000e-03 -1.0000e-03 -1.0000e-03 -1.0000e-03 -1.0000e-03 -1.0000e-03 -1.0000e-03 -9.9999e-04 -9.9999e-04 -9.9999e-04 -9.9998e-04 -9.9998e-04 -9.9998e-04 -9.9997e-04 -9.9997e-04 -9.9997e-04 -9.9997e-04 -9.9996e-04 -9.9996e-04 -9.9996e-04 -9.9996e-04 -9.9996e-04 -9.9996e-04 -9.9996e-04 -9.9996e-04 -9.9996e-04 -9.9996e-04 -9.9996e-04 -9.9996e-04 -9.9995e-04 -9.9995e-04 -9.9995e-04 -9.9995e-04 -9.9995e-04 -9.9995e-04 -9.9995e-04 -9.9994e-04 -9.9994e-04 -9.9994e-04 -9.9993e-04 -9.9993e-04 -9.9992e-04 -9.9992e-04 -9.9991e-04 -9.9990e-04 -9.9989e-04 
-0000.00150 -1.5001e-03 -1.5001e-03 -1.5001e-03 -1.5001e-03 -1.5001e-03 -1.5001e-03 -1.5001e-03 -1.5001e-03 -1.5001e-03 -1.5001e-03 -1.5001e-03 -1.5001e-03 -1.5001e-03 -1.5001e-03 -1.5001e-03 -1.5001e-03 -1.5001e-03 -1.5000e-03 -1.5000e-03 -1.5000e-03 -1.5000e-03 -1.5000e-03 -1.5000e-03 -1.5000e-03 -1.5000e-03 -1.5000e-03 -1.5000e-03 -1.5000e-03 -1.5000e-03 -1.5000e-03 -1.5000e-03 -1.5000e-03 -1.5000e-03 -1.5000e-03 -1.5000e-03 -1.4999e-03 -1.4999e-03 -1.4999e-03 -1.4999e-03 -1.4999e-03 -1.4999e-03 -1.4999e-03 -1.4999e-03 -1.4999e-03 -1.4999e-03 -1.4999e-03 -1.4999e-03 -1.4999e-03 -1.4999e-03 -1.4999e-03 -1.4999e-03 -1.4999e-03 -1.4999e-03 -1.4999e-03 -1.4999e-03 -1.4999e-03 -1.4999e-03 -1.4999e-03 -1.4999e-03 -1.4999e-03 -1.4999e-03 
-0000.00200 -2.0001e-03 -2.0001e-03 -2.0001e-03 -2.0001e-03 -2.0001e-03 -2.0001e-03 -2.0001e-03 -2.0001e-03 -2.0001e-03 -2.0001e-03 -2.0001e-03 -2.0001e-03 -2.0001e-03 -2.0001e-03 -2.0001e-03 -2.0001e-03 -2.0001e-03 -2.0001e-03 -2.0000e-03 -2.0000e-03 -2.0000e-03 -2.0000e-03 -2.0000e-03 -2.0000e-03 -2.0000e-03 -2.0000e-03 -2.0000e-03 -2.0000e-03 -2.0000e-03 -2.0000e-03 -2.0000e-03 -2.0000e-03 -2.0000e-03 -2.0000e-03 -1.9999e-03 -1.9999e-03 -1.9999e-03 -1.9999e-03 -1.9999e-03 -1.9999e-03 -1.9999e-03 -1.9999e-03 -1.9999e-03 -1.9999e-03 -1.9999e-03 -1.9999e-03 -1.9999e-03 -1.9999e-03 -1.9999e-03 -1.9999e-03 -1.9999e-03 -1.9999e-03 -1.9998e-03 -1.9998e-03 -1.9998e-03 -1.9998e-03 -1.9998e-03 -1.9998e-03 -1.9998e-03 -1.9998e-03 -1.9998e-03 