# Author: FAC idanalysis.IDKickMap
# Termination_kicks [T2m2]: +0.0000e+00 +0.0000e+00 +0.0000e+00 +0.0000e+00 
# Total Length of Longitudinal Interval [m]
0.13
# Number of Horizontal Points
61
# Number of Vertical Points
9
# Total Horizontal 2nd Order Kick [T2m2]
START
            -0000.01000 -0000.00967 -0000.00933 -0000.00900 -0000.00867 -0000.00833 -0000.00800 -0000.00767 -0000.00733 -0000.00700 -0000.00667 -0000.00633 -0000.00600 -0000.00567 -0000.00533 -0000.00500 -0000.00467 -0000.00433 -0000.00400 -0000.00367 -0000.00333 -0000.00300 -0000.00267 -0000.00233 -0000.00200 -0000.00167 -0000.00133 -0000.00100 -0000.00067 -0000.00033 +0000.00000 +0000.00033 +0000.00067 +0000.00100 +0000.00133 +0000.00167 +0000.00200 +0000.00233 +0000.00267 +0000.00300 +0000.00333 +0000.00367 +0000.00400 +0000.00433 +0000.00467 +0000.00500 +0000.00533 +0000.00567 +0000.00600 +0000.00633 +0000.00667 +0000.00700 +0000.00733 +0000.00767 +0000.00800 +0000.00833 +0000.00867 +0000.00900 +0000.00933 +0000.00967 +0000.01000 
+0000.00200 -1.9368e-04 -1.9243e-04 -1.9119e-04 -1.8995e-04 -1.8872e-04 -1.8750e-04 -1.8630e-04 -1.8512e-04 -1.8397e-04 -1.8284e-04 -1.8175e-04 -1.8069e-04 -1.7967e-04 -1.7868e-04 -1.7774e-04 -1.7685e-04 -1.7600e-04 -1.7520e-04 -1.7445e-04 -1.7375e-04 -1.7311e-04 -1.7253e-04 -1.7200e-04 -1.7153e-04 -1.7112e-04 -1.7077e-04 -1.7049e-04 -1.7026e-04 -1.7010e-04 -1.7000e-04 -1.6996e-04 -1.6999e-04 -1.7008e-04 -1.7023e-04 -1.7045e-04 -1.7072e-04 -1.7106e-04 -1.7146e-04 -1.7192e-04 -1.7244e-04 -1.7301e-04 -1.7364e-04 -1.7432e-04 -1.7505e-04 -1.7584e-04 -1.7667e-04 -1.7755e-04 -1.7847e-04 -1.7944e-04 -1.8044e-04 -1.8148e-04 -1.8255e-04 -1.8365e-04 -1.8478e-04 -1.8593e-04 -1.8710e-04 -1.8828e-04 -1.8948e-04 -1.9069e-04 -1.9190e-04 -1.9311e-04 
+0000.00150 -1.9311e-04 -1.9170e-04 -1.9031e-04 -1.8896e-04 -1.8765e-04 -1.8637e-04 -1.8513e-04 -1.8393e-04 -1.8277e-04 -1.8165e-04 -1.8058e-04 -1.7955e-04 -1.7857e-04 -1.7763e-04 -1.7675e-04 -1.7591e-04 -1.7512e-04 -1.7438e-04 -1.7369e-04 -1.7306e-04 -1.7247e-04 -1.7195e-04 -1.7147e-04 -1.7105e-04 -1.7068e-04 -1.7037e-04 -1.7012e-04 -1.6992e-04 -1.6977e-04 -1.6968e-04 -1.6965e-04 -1.6967e-04 -1.6975e-04 -1.6989e-04 -1.7008e-04 -1.7032e-04 -1.7062e-04 -1.7098e-04 -1.7139e-04 -1.7185e-04 -1.7237e-04 -1.7294e-04 -1.7356e-04 -1.7423e-04 -1.7496e-04 -1.7573e-04 -1.7655e-04 -1.7742e-04 -1.7834e-04 -1.7930e-04 -1.8031e-04 -1.8136e-04 -1.8245e-04 -1.8359e-04 -1.8476e-04 -1.8597e-04 -1.8722e-04 -1.8851e-04 -1.8983e-04 -1.9118e-04 -1.9256e-04 
+0000.00100 -1.9360e-04 -1.9210e-04 -1.9064e-04 -1.8924e-04 -1.8788e-04 -1.8656e-04 -1.8530e-04 -1.8408e-04 -1.8291e-04 -1.8179e-04 -1.8073e-04 -1.7971e-04 -1.7874e-04 -1.7782e-04 -1.7695e-04 -1.7613e-04 -1.7537e-04 -1.7465e-04 -1.7399e-04 -1.7338e-04 -1.7282e-04 -1.7231e-04 -1.7186e-04 -1.7146e-04 -1.7111e-04 -1.7081e-04 -1.7057e-04 -1.7038e-04 -1.7024e-04 -1.7016e-04 -1.7012e-04 -1.7014e-04 -1.7022e-04 -1.7034e-04 -1.7052e-04 -1.7075e-04 -1.7104e-04 -1.7137e-04 -1.7176e-04 -1.7220e-04 -1.7270e-04 -1.7324e-04 -1.7384e-04 -1.7448e-04 -1.7518e-04 -1.7593e-04 -1.7673e-04 -1.7758e-04 -1.7848e-04 -1.7942e-04 -1.8042e-04 -1.8147e-04 -1.8256e-04 -1.8370e-04 -1.8489e-04 -1.8613e-04 -1.8741e-04 -1.8874e-04 -1.9012e-04 -1.9154e-04 -1.9301e-04 
+0000.00050 -1.9388e-04 -1.9234e-04 -1.9086e-04 -1.8943e-04 -1.8805e-04 -1.8672e-04 -1.8544e-04 -1.8422e-04 -1.8305e-04 -1.8193e-04 -1.8086e-04 -1.7984e-04 -1.7888e-04 -1.7796e-04 -1.7710e-04 -1.7630e-04 -1.7554e-04 -1.7483e-04 -1.7418e-04 -1.7358e-04 -1.7303e-04 -1.7253e-04 -1.7209e-04 -1.7169e-04 -1.7135e-04 -1.7106e-04 -1.7082e-04 -1.7063e-04 -1.7050e-04 -1.7041e-04 -1.7038e-04 -1.7040e-04 -1.7047e-04 -1.7059e-04 -1.7077e-04 -1.7099e-04 -1.7127e-04 -1.7159e-04 -1.7197e-04 -1.7240e-04 -1.7288e-04 -1.7342e-04 -1.7400e-04 -1.7464e-04 -1.7532e-04 -1.7606e-04 -1.7685e-04 -1.7769e-04 -1.7858e-04 -1.7952e-04 -1.8052e-04 -1.8156e-04 -1.8266e-04 -1.8380e-04 -1.8500e-04 -1.8625e-04 -1.8755e-04 -1.8890e-04 -1.9030e-04 -1.9175e-04 -1.9326e-04 
+0000.00000 -1.9398e-04 -1.9244e-04 -1.9095e-04 -1.8951e-04 -1.8812e-04 -1.8679e-04 -1.8551e-04 -1.8428e-04 -1.8311e-04 -1.8199e-04 -1.8092e-04 -1.7990e-04 -1.7894e-04 -1.7803e-04 -1.7717e-04 -1.7636e-04 -1.7561e-04 -1.7491e-04 -1.7426e-04 -1.7366e-04 -1.7311e-04 -1.7261e-04 -1.7217e-04 -1.7178e-04 -1.7143e-04 -1.7114e-04 -1.7090e-04 -1.7072e-04 -1.7058e-04 -1.7050e-04 -1.7046e-04 -1.7048e-04 -1.7055e-04 -1.7067e-04 -1.7084e-04 -1.7106e-04 -1.7133e-04 -1.7166e-04 -1.7203e-04 -1.7246e-04 -1.7294e-04 -1.7347e-04 -1.7405e-04 -1.7468e-04 -1.7536e-04 -1.7610e-04 -1.7688e-04 -1.7772e-04 -1.7861e-04 -1.7955e-04 -1.8054e-04 -1.8159e-04 -1.8268e-04 -1.8383e-04 -1.8503e-04 -1.8628e-04 -1.8759e-04 -1.8894e-04 -1.9035e-04 -1.9182e-04 -1.9333e-04 
-0000.00050 -1.9391e-04 -1.9237e-04 -1.9089e-04 -1.8946e-04 -1.8808e-04 -1.8675e-04 -1.8548e-04 -1.8425e-04 -1.8308e-04 -1.8196e-04 -1.8089e-04 -1.7987e-04 -1.7891e-04 -1.7800e-04 -1.7714e-04 -1.7633e-04 -1.7557e-04 -1.7486e-04 -1.7421e-04 -1.7360e-04 -1.7305e-04 -1.7255e-04 -1.7211e-04 -1.7171e-04 -1.7137e-04 -1.7107e-04 -1.7083e-04 -1.7064e-04 -1.7050e-04 -1.7042e-04 -1.7038e-04 -1.7040e-04 -1.7047e-04 -1.7058e-04 -1.7076e-04 -1.7098e-04 -1.7125e-04 -1.7158e-04 -1.7195e-04 -1.7238e-04 -1.7286e-04 -1.7339e-04 -1.7397e-04 -1.7461e-04 -1.7529e-04 -1.7603e-04 -1.7682e-04 -1.7766e-04 -1.7855e-04 -1.7949e-04 -1.8048e-04 -1.8153e-04 -1.8262e-04 -1.8377e-04 -1.8497e-04 -1.8622e-04 -1.8752e-04 -1.8887e-04 -1.9027e-04 -1.9173e-04 -1.9323e-04 
-0000.00100 -1.9366e-04 -1.9216e-04 -1.9071e-04 -1.8930e-04 -1.8794e-04 -1.8663e-04 -1.8537e-04 -1.8415e-04 -1.8298e-04 -1.8186e-04 -1.8079e-04 -1.7977e-04 -1.7880e-04 -1.7788e-04 -1.7701e-04 -1.7619e-04 -1.7542e-04 -1.7471e-04 -1.7404e-04 -1.7343e-04 -1.7287e-04 -1.7236e-04 -1.7190e-04 -1.7149e-04 -1.7114e-04 -1.7084e-04 -1.7059e-04 -1.7039e-04 -1.7025e-04 -1.7016e-04 -1.7012e-04 -1.7014e-04 -1.7021e-04 -1.7033e-04 -1.7050e-04 -1.7073e-04 -1.7101e-04 -1.7134e-04 -1.7173e-04 -1.7216e-04 -1.7265e-04 -1.7319e-04 -1.7378e-04 -1.7443e-04 -1.7512e-04 -1.7587e-04 -1.7666e-04 -1.7751e-04 -1.7841e-04 -1.7935e-04 -1.8035e-04 -1.8140e-04 -1.8249e-04 -1.8363e-04 -1.8482e-04 -1.8606e-04 -1.8735e-04 -1.8868e-04 -1.9006e-04 -1.9148e-04 -1.9295e-04 
-0000.00150 -1.9321e-04 -1.9180e-04 -1.9042e-04 -1.8907e-04 -1.8776e-04 -1.8648e-04 -1.8524e-04 -1.8404e-04 -1.8288e-04 -1.8176e-04 -1.8069e-04 -1.7965e-04 -1.7867e-04 -1.7773e-04 -1.7684e-04 -1.7600e-04 -1.7520e-04 -1.7446e-04 -1.7377e-04 -1.7313e-04 -1.7254e-04 -1.7200e-04 -1.7152e-04 -1.7110e-04 -1.7072e-04 -1.7041e-04 -1.7014e-04 -1.6994e-04 -1.6978e-04 -1.6969e-04 -1.6965e-04 -1.6967e-04 -1.6974e-04 -1.6987e-04 -1.7005e-04 -1.7029e-04 -1.7058e-04 -1.7093e-04 -1.7133e-04 -1.7179e-04 -1.7230e-04 -1.7287e-04 -1.7348e-04 -1.7415e-04 -1.7487e-04 -1.7564e-04 -1.7646e-04 -1.7732e-04 -1.7824e-04 -1.7920e-04 -1.8020e-04 -1.8125e-04 -1.8234e-04 -1.8347e-04 -1.8465e-04 -1.8586e-04 -1.8711e-04 -1.8840e-04 -1.8972e-04 -1.9107e-04 -1.9245e-04 
-0000.00200 -1.9384e-04 -1.9260e-04 -1.9135e-04 -1.9011e-04 -1.8888e-04 -1.8767e-04 -1.8646e-04 -1.8528e-04 -1.8413e-04 -1.8300e-04 -1.8190e-04 -1.8084e-04 -1.7981e-04 -1.7882e-04 -1.7788e-04 -1.7697e-04 -1.7612e-04 -1.7531e-04 -1.7455e-04 -1.7385e-04 -1.7320e-04 -1.7261e-04 -1.7207e-04 -1.7159e-04 -1.7118e-04 -1.7082e-04 -1.7052e-04 -1.7029e-04 -1.7012e-04 -1.7001e-04 -1.6996e-04 -1.6998e-04 -1.7006e-04 -1.7020e-04 -1.7041e-04 -1.7068e-04 -1.7101e-04 -1.7140e-04 -1.7185e-04 -1.7235e-04 -1.7292e-04 -1.7354e-04 -1.7421e-04 -1.7494e-04 -1.7572e-04 -1.7655e-04 -1.7742e-04 -1.7834e-04 -1.7929e-04 -1.8029e-04 -1.8133e-04 -1.8239e-04 -1.8349e-04 -1.8462e-04 -1.8576e-04 -1.8693e-04 -1.8812e-04 -1.8932e-04 -1.9052e-04 -1.9174e-04 -1.9295e-04 
# Total Vertical 2nd Order Kick [T2m2]
START
            -0000.01000 -0000.00967 -0000.00933 -0000.00900 -0000.00867 -0000.00833 -0000.00800 -0000.00767 -0000.00733 -0000.00700 -0000.00667 -0000.00633 -0000.00600 -0000.00567 -0000.00533 -0000.00500 -0000.00467 -0000.00433 -0000.00400 -0000.00367 -0000.00333 -0000.00300 -0000.00267 -0000.00233 -0000.00200 -0000.00167 -0000.00133 -0000.00100 -0000.00067 -0000.00033 +0000.00000 +0000.00033 +0000.00067 +0000.00100 +0000.00133 +0000.00167 +0000.00200 +0000.00233 +0000.00267 +0000.00300 +0000.00333 +0000.00367 +0000.00400 +0000.00433 +0000.00467 +0000.00500 +0000.00533 +0000.00567 +0000.00600 +0000.00633 +0000.00667 +0000.00700 +0000.00733 +0000.00767 +0000.00800 +0000.00833 +0000.00867 +0000.00900 +0000.00933 +0000.00967 +0000.01000 
+0000.00200 -1.9368e-04 -1.9243e-04 -1.9119e-04 -1.8995e-04 -1.8872e-04 -1.8750e-04 -1.8630e-04 -1.8512e-04 -1.8397e-04 -1.8284e-04 -1.8175e-04 -1.8069e-04 -1.7967e-04 -1.7868e-04 -1.7774e-04 -1.7685e-04 -1.7600e-04 -1.7520e-04 -1.7445e-04 -1.7375e-04 -1.7311e-04 -1.7253e-04 -1.7200e-04 -1.7153e-04 -1.7112e-04 -1.7077e-04 -1.7049e-04 -1.7026e-04 -1.7010e-04 -1.7000e-04 -1.6996e-04 -1.6999e-04 -1.7008e-04 -1.7023e-04 -1.7045e-04 -1.7072e-04 -1.7106e-04 -1.7146e-04 -1.7192e-04 -1.7244e-04 -1.7301e-04 -1.7364e-04 -1.7432e-04 -1.7505e-04 -1.7584e-04 -1.7667e-04 -1.7755e-04 -1.7847e-04 -1.7944e-04 -1.8044e-04 -1.8148e-04 -1.8255e-04 -1.8365e-04 -1.8478e-04 -1.8593e-04 -1.8710e-04 -1.8828e-04 -1.8948e-04 -1.9069e-04 -1.9190e-04 -1.9311e-04 
+0000.00150 -1.9368e-04 -1.9243e-04 -1.9119e-04 -1.8995e-04 -1.8872e-04 -1.8750e-04 -1.8630e-04 -1.8512e-04 -1.8397e-04 -1.8284e-04 -1.8175e-04 -1.8069e-04 -1.7967e-04 -1.7868e-04 -1.7774e-04 -1.7685e-04 -1.7600e-04 -1.7520e-04 -1.7445e-04 -1.7375e-04 -1.7311e-04 -1.7253e-04 -1.7200e-04 -1.7153e-04 -1.7112e-04 -1.7077e-04 -1.7049e-04 -1.7026e-04 -1.7010e-04 -1.7000e-04 -1.6996e-04 -1.6999e-04 -1.7008e-04 -1.7023e-04 -1.7045e-04 -1.7072e-04 -1.7106e-04 -1.7146e-04 -1.7192e-04 -1.7244e-04 -1.7301e-04 -1.7364e-04 -1.7432e-04 -1.7505e-04 -1.7584e-04 -1.7667e-04 -1.7755e-04 -1.7847e-04 -1.7944e-04 -1.8044e-04 -1.8148e-04 -1.8255e-04 -1.8365e-04 -1.8478e-04 -1.8593e-04 -1.8710e-04 -1.8828e-04 -1.8948e-04 -1.9069e-04 -1.9190e-04 -1.9311e-04 
+0000.00100 -1.9368e-04 -1.9243e-04 -1.9119e-04 -1.8995e-04 -1.8872e-04 -1.8750e-04 -1.8630e-04 -1.8512e-04 -1.8397e-04 -1.8284e-04 -1.8175e-04 -1.8069e-04 -1.7967e-04 -1.7868e-04 -1.7774e-04 -1.7685e-04 -1.7600e-04 -1.7520e-04 -1.7445e-04 -1.7375e-04 -1.7311e-04 -1.7253e-04 -1.7200e-04 -1.7153e-04 -1.7112e-04 -1.7077e-04 -1.7049e-04 -1.7026e-04 -1.7010e-04 -1.7000e-04 -1.6996e-04 -1.6999e-04 -1.7008e-04 -1.7023e-04 -1.7045e-04 -1.7072e-04 -1.7106e-04 -1.7146e-04 -1.7192e-04 -1.7244e-04 -1.7301e-04 -1.7364e-04 -1.7432e-04 -1.7505e-04 -1.7584e-04 -1.7667e-04 -1.7755e-04 -1.7847e-04 -1.7944e-04 -1.8044e-04 -1.8148e-04 -1.8255e-04 -1.8365e-04 -1.8478e-04 -1.8593e-04 -1.8710e-04 -1.8828e-04 -1.8948e-04 -1.9069e-04 -1.9190e-04 -1.9311e-04 
+0000.00050 -1.9368e-04 -1.9243e-04 -1.9119e-04 -1.8995e-04 -1.8872e-04 -1.8750e-04 -1.8630e-04 -1.8512e-04 -1.8397e-04 -1.8284e-04 -1.8175e-04 -1.8069e-04 -1.7967e-04 -1.7868e-04 -1.7774e-04 -1.7685e-04 -1.7600e-04 -1.7520e-04 -1.7445e-04 -1.7375e-04 -1.7311e-04 -1.7253e-04 -1.7200e-04 -1.7153e-04 -1.7112e-04 -1.7077e-04 -1.7049e-04 -1.7026e-04 -1.7010e-04 -1.7000e-04 -1.6996e-04 -1.6999e-04 -1.7008e-04 -1.7023e-04 -1.7045e-04 -1.7072e-04 -1.7106e-04 -1.7146e-04 -1.7192e-04 -1.7244e-04 -1.7301e-04 -1.7364e-04 -1.7432e-04 -1.7505e-04 -1.7584e-04 -1.7667e-04 -1.7755e-04 -1.7847e-04 -1.7944e-04 -1.8044e-04 -1.8148e-04 -1.8255e-04 -1.8365e-04 -1.8478e-04 -1.8593e-04 -1.8710e-04 -1.8828e-04 -1.8948e-04 -1.9069e-04 -1.9190e-04 -1.9311e-04 
+0000.00000 -1.9368e-04 -1.9243e-04 -1.9119e-04 -1.8995e-04 -1.8872e-04 -1.8750e-04 -1.8630e-04 -1.8512e-04 -1.8397e-04 -1.8284e-04 -1.8175e-04 -1.8069e-04 -1.7967e-04 -1.7868e-04 -1.7774e-04 -1.7685e-04 -1.7600e-04 -1.7520e-04 -1.7445e-04 -1.7375e-04 -1.7311e-04 -1.7253e-04 -1.7200e-04 -1.7153e-04 -1.7112e-04 -1.7077e-04 -1.7049e-04 -1.7026e-04 -1.7010e-04 -1.7000e-04 -1.6996e-04 -1.6999e-04 -1.7008e-04 -1.7023e-04 -1.7045e-04 -1.7072e-04 -1.7106e-04 -1.7146e-04 -1.7192e-04 -1.7244e-04 -1.7301e-04 -1.7364e-04 -1.7432e-04 -1.7505e-04 -1.7584e-04 -1.7667e-04 -1.7755e-04 -1.7847e-04 -1.7944e-04 -1.8044e-04 -1.8148e-04 -1.8255e-04 -1.8365e-04 -1.8478e-04 -1.8593e-04 -1.8710e-04 -1.8828e-04 -1.8948e-04 -1.9069e-04 -1.9190e-04 -1.9311e-04 
-0000.00050 -1.9368e-04 -1.9243e-04 -1.9119e-04 -1.8995e-04 -1.8872e-04 -1.8750e-04 -1.8630e-04 -1.8512e-04 -1.8397e-04 -1.8284e-04 -1.8175e-04 -1.8069e-04 -1.7967e-04 -1.7868e-04 -1.7774e-04 -1.7685e-04 -1.7600e-04 -1.7520e-04 -1.7445e-04 -1.7375e-04 -1.7311e-04 -1.7253e-04 -1.7200e-04 -1.7153e-04 -1.7112e-04 -1.7077e-04 -1.7049e-04 -1.7026e-04 -1.7010e-04 -1.7000e-04 -1.6996e-04 -1.6999e-04 -1.7008e-04 -1.7023e-04 -1.7045e-04 -1.7072e-04 -1.7106e-04 -1.7146e-04 -1.7192e-04 -1.7244e-04 -1.7301e-04 -1.7364e-04 -1.7432e-04 -1.7505e-04 -1.7584e-04 -1.7667e-04 -1.7755e-04 -1.7847e-04 -1.7944e-04 -1.8044e-04 -1.8148e-04 -1.8255e-04 -1.8365e-04 -1.8478e-04 -1.8593e-04 -1.8710e-04 -1.8828e-04 -1.8948e-04 -1.9069e-04 -1.9190e-04 -1.9311e-04 
-0000.00100 -1.9368e-04 -1.9243e-04 -1.9119e-04 -1.8995e-04 -1.8872e-04 -1.8750e-04 -1.8630e-04 -1.8512e-04 -1.8397e-04 -1.8284e-04 -1.8175e-04 -1.8069e-04 -1.7967e-04 -1.7868e-04 -1.7774e-04 -1.7685e-04 -1.7600e-04 -1.7520e-04 -1.7445e-04 -1.7375e-04 -1.7311e-04 -1.7253e-04 -1.7200e-04 -1.7153e-04 -1.7112e-04 -1.7077e-04 -1.7049e-04 -1.7026e-04 -1.7010e-04 -1.7000e-04 -1.6996e-04 -1.6999e-04 -1.7008e-04 -1.7023e-04 -1.7045e-04 -1.7072e-04 -1.7106e-04 -1.7146e-04 -1.7192e-04 -1.7244e-04 -1.7301e-04 -1.7364e-04 -1.7432e-04 -1.7505e-04 -1.7584e-04 -1.7667e-04 -1.7755e-04 -1.7847e-04 -1.7944e-04 -1.8044e-04 -1.8148e-04 -1.8255e-04 -1.8365e-04 -1.8478e-04 -1.8593e-04 -1.8710e-04 -1.8828e-04 -1.8948e-04 -1.9069e-04 -1.9190e-04 -1.9311e-04 
-0000.00150 -1.9368e-04 -1.9243e-04 -1.9119e-04 -1.8995e-04 -1.8872e-04 -1.8750e-04 -1.8630e-04 -1.8512e-04 -1.8397e-04 -1.8284e-04 -1.8175e-04 -1.8069e-04 -1.7967e-04 -1.7868e-04 -1.7774e-04 -1.7685e-04 -1.7600e-04 -1.7520e-04 -1.7445e-04 -1.7375e-04 -1.7311e-04 -1.7253e-04 -1.7200e-04 -1.7153e-04 -1.7112e-04 -1.7077e-04 -1.7049e-04 -1.7026e-04 -1.7010e-04 -1.7000e-04 -1.6996e-04 -1.6999e-04 -1.7008e-04 -1.7023e-04 -1.7045e-04 -1.7072e-04 -1.7106e-04 -1.7146e-04 -1.7192e-04 -1.7244e-04 -1.7301e-04 -1.7364e-04 -1.7432e-04 -1.7505e-04 -1.7584e-04 -1.7667e-04 -1.7755e-04 -1.7847e-04 -1.7944e-04 -1.8044e-04 -1.8148e-04 -1.8255e-04 -1.8365e-04 -1.8478e-04 -1.8593e-04 -1.8710e-04 -1.8828e-04 -1.8948e-04 -1.9069e-04 -1.9190e-04 -1.9311e-04 
-0000.00200 -1.9368e-04 -1.9243e-04 -1.9119e-04 -1.8995e-04 -1.8872e-04 -1.8750e-04 -1.8630e-04 -1.8512e-04 -1.8397e-04 -1.8284e-04 -1.8175e-04 -1.8069e-04 -1.7967e-04 -1.7868e-04 -1.7774e-04 -1.7685e-04 -1.7600e-04 -1.7520e-04 -1.7445e-04 -1.7375e-04 -1.7311e-04 -1.7253e-04 -1.7200e-04 -1.7153e-04 -1.7112e-04 -1.7077e-04 -1.7049e-04 -1.7026e-04 -1.7010e-04 -1.7000e-04 -1.6996e-04 -1.6999e-04 -1.7008e-04 -1.7023e-04 -1.7045e-04 -1.7072e-04 -1.7106e-04 -1.7146e-04 -1.7192e-04 -1.7244e-04 -1.7301e-04 -1.7364e-04 -1.7432e-04 -1.7505e-04 -1.7584e-04 -1.7667e-04 -1.7755e-04 -1.7847e-04 -1.7944e-04 -1.8044e-04 -1.8148e-04 -1.8255e-04 -1.8365e-04 -1.8478e-04 -1.8593e-04 -1.8710e-04 -1.8828e-04 -1.8948e-04 -1.9069e-04 -1.9190e-04 -1.9311e-04 
# Horizontal Final Position [m]
START
            -0000.01000 -0000.00967 -0000.00933 -0000.00900 -0000.00867 -0000.00833 -0000.00800 -0000.00767 -0000.00733 -0000.00700 -0000.00667 -0000.00633 -0000.00600 -0000.00567 -0000.00533 -0000.00500 -0000.00467 -0000.00433 -0000.00400 -0000.00367 -0000.00333 -0000.00300 -0000.00267 -0000.00233 -0000.00200 -0000.00167 -0000.00133 -0000.00100 -0000.00067 -0000.00033 +0000.00000 +0000.00033 +0000.00067 +0000.00100 +0000.00133 +0000.00167 +0000.00200 +0000.00233 +0000.00267 +0000.00300 +0000.00333 +0000.00367 +0000.00400 +0000.00433 +0000.00467 +0000.00500 +0000.00533 +0000.00567 +0000.00600 +0000.00633 +0000.00667 +0000.00700 +0000.00733 +0000.00767 +0000.00800 +0000.00833 +0000.00867 +0000.00900 +0000.00933 +0000.00967 +0000.01000 
+0000.00200 -1.0001e-02 -9.6675e-03 -9.3342e-03 -9.0009e-03 -8.6675e-03 -8.3342e-03 -8.0009e-03 -7.6675e-03 -7.3342e-03 -7.0009e-03 -6.6676e-03 -6.3342e-03 -6.0009e-03 -5.6676e-03 -5.3343e-03 -5.0009e-03 -4.6676e-03 -4.3343e-03 -4.0010e-03 -3.6677e-03 -3.3343e-03 -3.0010e-03 -2.6677e-03 -2.3344e-03 -2.0010e-03 -1.6677e-03 -1.3344e-03 -1.0010e-03 -6.6771e-04 -3.3438e-04 -1.0495e-06 +3.3228e-04 +6.6562e-04 +9.9896e-04 +1.3323e-03 +1.6656e-03 +1.9990e-03 +2.3323e-03 +2.6657e-03 +2.9990e-03 +3.3323e-03 +3.6657e-03 +3.9990e-03 +4.3324e-03 +4.6657e-03 +4.9991e-03 +5.3324e-03 +5.6658e-03 +5.9991e-03 +6.3325e-03 +6.6658e-03 +6.9991e-03 +7.3325e-03 +7.6658e-03 +7.9992e-03 +8.3325e-03 +8.6658e-03 +8.9992e-03 +9.3325e-03 +9.6658e-03 +9.9992e-03 
+0000.00150 -1.0001e-02 -9.6675e-03 -9.3342e-03 -9.0009e-03 -8.6675e-03 -8.3342e-03 -8.0009e-03 -7.6675e-03 -7.3342e-03 -7.0009e-03 -6.6676e-03 -6.3342e-03 -6.0009e-03 -5.6676e-03 -5.3343e-03 -5.0009e-03 -4.6676e-03 -4.3343e-03 -4.0010e-03 -3.6677e-03 -3.3343e-03 -3.0010e-03 -2.6677e-03 -2.3344e-03 -2.0010e-03 -1.6677e-03 -1.3344e-03 -1.0010e-03 -6.6772e-04 -3.3438e-04 -1.0509e-06 +3.3228e-04 +6.6562e-04 +9.9896e-04 +1.3323e-03 +1.6656e-03 +1.9990e-03 +2.3323e-03 +2.6657e-03 +2.9990e-03 +3.3323e-03 +3.6657e-03 +3.9990e-03 +4.3324e-03 +4.6657e-03 +4.9991e-03 +5.3324e-03 +5.6658e-03 +5.9991e-03 +6.3325e-03 +6.6658e-03 +6.9991e-03 +7.3325e-03 +7.6658e-03 +7.9992e-03 +8.3325e-03 +8.6658e-03 +8.9992e-03 +9.3325e-03 +9.6658e-03 +9.9992e-03 
+0000.00100 -1.0001e-02 -9.6675e-03 -9.3342e-03 -9.0009e-03 -8.6675e-03 -8.3342e-03 -8.0009e-03 -7.6675e-03 -7.3342e-03 -7.0009e-03 -6.6676e-03 -6.3342e-03 -6.0009e-03 -5.6676e-03 -5.3343e-03 -5.0009e-03 -4.6676e-03 -4.3343e-03 -4.0010e-03 -3.6677e-03 -3.3343e-03 -3.0010e-03 -2.6677e-03 -2.3344e-03 -2.0010e-03 -1.6677e-03 -1.3344e-03 -1.0010e-03 -6.6772e-04 -3.3438e-04 -1.0513e-06 +3.3228e-04 +6.6562e-04 +9.9896e-04 +1.3323e-03 +1.6656e-03 +1.9990e-03 +2.3323e-03 +2.6657e-03 +2.9990e-03 +3.3323e-03 +3.6657e-03 +3.9990e-03 +4.3324e-03 +4.6657e-03 +4.9991e-03 +5.3324e-03 +5.6658e-03 +5.9991e-03 +6.3325e-03 +6.6658e-03 +6.9991e-03 +7.3325e-03 +7.6658e-03 +7.9992e-03 +8.3325e-03 +8.6658e-03 +8.9992e-03 +9.3325e-03 +9.6658e-03 +9.9992e-03 
+0000.00050 -1.0001e-02 -9.6675e-03 -9.3342e-03 -9.0009e-03 -8.6676e-03 -8.3343e-03 -8.0010e-03 -7.6676e-03 -7.3343e-03 -7.0010e-03 -6.6677e-03 -6.3343e-03 -6.0010e-03 -5.6677e-03 -5.3343e-03 -5.0010e-03 -4.6677e-03 -4.3343e-03 -4.0010e-03 -3.6677e-03 -3.3343e-03 -3.0010e-03 -2.6677e-03 -2.3343e-03 -2.0010e-03 -1.6676e-03 -1.3343e-03 -1.0010e-03 -6.6764e-04 -3.3430e-04 -9.6717e-07 +3.3237e-04 +6.6570e-04 +9.9903e-04 +1.3324e-03 +1.6657e-03 +1.9990e-03 +2.3324e-03 +2.6657e-03 +2.9990e-03 +3.3323e-03 +3.6657e-03 +3.9990e-03 +4.3323e-03 +4.6657e-03 +4.9990e-03 +5.3323e-03 +5.6657e-03 +5.9990e-03 +6.3323e-03 +6.6657e-03 +6.9990e-03 +7.3324e-03 +7.6657e-03 +7.9991e-03 +8.3324e-03 +8.6658e-03 +8.9992e-03 +9.3325e-03 +9.6659e-03 +9.9993e-03 
+0000.00000 -1.0001e-02 -9.6675e-03 -9.3342e-03 -9.0009e-03 -8.6676e-03 -8.3343e-03 -8.0010e-03 -7.6676e-03 -7.3343e-03 -7.0010e-03 -6.6677e-03 -6.3343e-03 -6.0010e-03 -5.6677e-03 -5.3343e-03 -5.0010e-03 -4.6677e-03 -4.3343e-03 -4.0010e-03 -3.6677e-03 -3.3343e-03 -3.0010e-03 -2.6677e-03 -2.3343e-03 -2.0010e-03 -1.6676e-03 -1.3343e-03 -1.0010e-03 -6.6764e-04 -3.3430e-04 -9.6721e-07 +3.3237e-04 +6.6570e-04 +9.9903e-04 +1.3324e-03 +1.6657e-03 +1.9990e-03 +2.3324e-03 +2.6657e-03 +2.9990e-03 +3.3323e-03 +3.6657e-03 +3.9990e-03 +4.3323e-03 +4.6657e-03 +4.9990e-03 +5.3323e-03 +5.6657e-03 +5.9990e-03 +6.3323e-03 +6.6657e-03 +6.9990e-03 +7.3324e-03 +7.6657e-03 +7.9991e-03 +8.3324e-03 +8.6658e-03 +8.9992e-03 +9.3325e-03 +9.6659e-03 +9.9993e-03 
-0000.00050 -1.0001e-02 -9.6675e-03 -9.3342e-03 -9.0009e-03 -8.6676e-03 -8.3343e-03 -8.0010e-03 -7.6676e-03 -7.3343e-03 -7.0010e-03 -6.6677e-03 -6.3343e-03 -6.0010e-03 -5.6677e-03 -5.3343e-03 -5.0010e-03 -4.6677e-03 -4.3343e-03 -4.0010e-03 -3.6677e-03 -3.3343e-03 -3.0010e-03 -2.6677e-03 -2.3343e-03 -2.0010e-03 -1.6676e-03 -1.3343e-03 -1.0010e-03 -6.6764e-04 -3.3430e-04 -9.6717e-07 +3.3237e-04 +6.6570e-04 +9.9903e-04 +1.3324e-03 +1.6657e-03 +1.9990e-03 +2.3324e-03 +2.6657e-03 +2.9990e-03 +3.3323e-03 +3.6657e-03 +3.9990e-03 +4.3323e-03 +4.6657e-03 +4.9990e-03 +5.3323e-03 +5.6657e-03 +5.9990e-03 +6.3323e-03 +6.6657e-03 +6.9990e-03 +7.3324e-03 +7.6657e-03 +7.9991e-03 +8.3324e-03 +8.6658e-03 +8.9992e-03 +9.3325e-03 +9.6659e-03 +9.9993e-03 
-0000.00100 -1.0001e-02 -9.6675e-03 -9.3342e-03 -9.0009e-03 -8.6675e-03 -8.3342e-03 -8.0009e-03 -7.6675e-03 -7.3342e-03 -7.0009e-03 -6.6676e-03 -6.3342e-03 -6.0009e-03 -5.6676e-03 -5.3343e-03 -5.0009e-03 -4.6676e-03 -4.3343e-03 -4.0010e-03 -3.6677e-03 -3.3343e-03 -3.0010e-03 -2.6677e-03 -2.3344e-03 -2.0010e-03 -1.6677e-03 -1.3344e-03 -1.0010e-03 -6.6772e-04 -3.3438e-04 -1.0513e-06 +3.3228e-04 +6.6562e-04 +9.9896e-04 +1.3323e-03 +1.6656e-03 +1.9990e-03 +2.3323e-03 +2.6657e-03 +2.9990e-03 +3.3323e-03 +3.6657e-03 +3.9990e-03 +4.3324e-03 +4.6657e-03 +4.9991e-03 +5.3324e-03 +5.6658e-03 +5.9991e-03 +6.3325e-03 +6.6658e-03 +6.9991e-03 +7.3325e-03 +7.6658e-03 +7.9992e-03 +8.3325e-03 +8.6658e-03 +8.9992e-03 +9.3325e-03 +9.6658e-03 +9.9992e-03 
-0000.00150 -1.0001e-02 -9.6675e-03 -9.3342e-03 -9.0009e-03 -8.6675e-03 -8.3342e-03 -8.0009e-03 -7.6675e-03 -7.3342e-03 -7.0009e-03 -6.6676e-03 -6.3342e-03 -6.0009e-03 -5.6676e-03 -5.3343e-03 -5.0009e-03 -4.6676e-03 -4.3343e-03 -4.0010e-03 -3.6677e-03 -3.3343e-03 -3.0010e-03 -2.6677e-03 -2.3344e-03 -2.0010e-03 -1.6677e-03 -1.3344e-03 -1.0010e-03 -6.6772e-04 -3.3438e-04 -1.0509e-06 +3.3228e-04 +6.6562e-04 +9.9896e-04 +1.3323e-03 +1.6656e-03 +1.9990e-03 +2.3323e-03 +2.6657e-03 +2.9990e-03 +3.3323e-03 +3.6657e-03 +3.9990e-03 +4.3324e-03 +4.6657e-03 +4.9991e-03 +5.3324e-03 +5.6658e-03 +5.9991e-03 +6.3325e-03 +6.6658e-03 +6.9991e-03 +7.3325e-03 +7.6658e-03 +7.9992e-03 +8.3325e-03 +8.6658e-03 +8.9992e-03 +9.3325e-03 +9.6658e-03 +9.9992e-03 
-0000.00200 -1.0001e-02 -9.6675e-03 -9.3342e-03 -9.0009e-03 -8.6675e-03 -8.3342e-03 -8.0009e-03 -7.6675e-03 -7.3342e-03 -7.0009e-03 -6.6676e-03 -6.3342e-03 -6.0009e-03 -5.6676e-03 -5.3343e-03 -5.0009e-03 -4.6676e-03 -4.3343e-03 -4.0010e-03 -3.6677e-03 -3.3343e-03 -3.0010e-03 -2.6677e-03 -2.3344e-03 -2.0010e-03 -1.6677e-03 -1.3344e-03 -1.0010e-03 -6.6771e-04 -3.3438e-04 -1.0495e-06 +3.3228e-04 +6.6562e-04 +9.9896e-04 +1.3323e-03 +1.6656e-03 +1.9990e-03 +2.3323e-03 +2.6657e-03 +2.9990e-03 +3.3323e-03 +3.6657e-03 +3.9990e-03 +4.3324e-03 +4.6657e-03 +4.9991e-03 +5.3324e-03 +5.6658e-03 +5.9991e-03 +6.3325e-03 +6.6658e-03 +6.9991e-03 +7.3325e-03 +7.6658e-03 +7.9992e-03 +8.3325e-03 +8.6658e-03 +8.9992e-03 +9.3325e-03 +9.6658e-03 +9.9992e-03 
# Vertical Final Position [m]
START
            -0000.01000 -0000.00967 -0000.00933 -0000.00900 -0000.00867 -0000.00833 -0000.00800 -0000.00767 -0000.00733 -0000.00700 -0000.00667 -0000.00633 -0000.00600 -0000.00567 -0000.00533 -0000.00500 -0000.00467 -0000.00433 -0000.00400 -0000.00367 -0000.00333 -0000.00300 -0000.00267 -0000.00233 -0000.00200 -0000.00167 -0000.00133 -0000.00100 -0000.00067 -0000.00033 +0000.00000 +0000.00033 +0000.00067 +0000.00100 +0000.00133 +0000.00167 +0000.00200 +0000.00233 +0000.00267 +0000.00300 +0000.00333 +0000.00367 +0000.00400 +0000.00433 +0000.00467 +0000.00500 +0000.00533 +0000.00567 +0000.00600 +0000.00633 +0000.00667 +0000.00700 +0000.00733 +0000.00767 +0000.00800 +0000.00833 +0000.00867 +0000.00900 +0000.00933 +0000.00967 +0000.01000 
+0000.00200 +2.0000e-03 +2.0000e-03 +2.0000e-03 +2.0000e-03 +2.0000e-03 +2.0000e-03 +2.0000e-03 +2.0000e-03 +2.0000e-03 +2.0000e-03 +1.9999e-03 +1.9999e-03 +1.9999e-03 +1.9999e-03 +1.9999e-03 +1.9999e-03 +1.9999e-03 +1.9999e-03 +1.9999e-03 +1.9999e-03 +1.9999e-03 +1.9999e-03 +1.9999e-03 +1.9999e-03 +1.9999e-03 +1.9999e-03 +1.9998e-03 +1.9998e-03 +1.9998e-03 +1.9998e-03 +1.9998e-03 +1.9998e-03 +1.9998e-03 +1.9998e-03 +1.9998e-03 +1.9998e-03 +1.9998e-03 +1.9998e-03 +1.9998e-03 +1.9998e-03 +1.9998e-03 +1.9998e-03 +1.9998e-03 +1.9998e-03 +1.9998e-03 +1.9998e-03 +1.9998e-03 +1.9998e-03 +1.9998e-03 +1.9998e-03 +1.9998e-03 +1.9997e-03 +1.9997e-03 +1.9997e-03 +1.9997e-03 +1.9997e-03 +1.9997e-03 +1.9997e-03 +1.9997e-03 +1.9997e-03 +1.9997e-03 
+0000.00150 +1.5000e-03 +1.5000e-03 +1.5000e-03 +1.5000e-03 +1.5000e-03 +1.5000e-03 +1.5000e-03 +1.5000e-03 +1.5000e-03 +1.5000e-03 +1.5000e-03 +1.5000e-03 +1.5000e-03 +1.4999e-03 +1.4999e-03 +1.4999e-03 +1.4999e-03 +1.4999e-03 +1.4999e-03 +1.4999e-03 +1.4999e-03 +1.4999e-03 +1.4999e-03 +1.4999e-03 +1.4999e-03 +1.4999e-03 +1.4999e-03 +1.4999e-03 +1.4999e-03 +1.4999e-03 +1.4999e-03 +1.4999e-03 +1.4999e-03 +1.4999e-03 +1.4999e-03 +1.4999e-03 +1.4999e-03 +1.4999e-03 +1.4999e-03 +1.4999e-03 +1.4999e-03 +1.4999e-03 +1.4999e-03 +1.4999e-03 +1.4999e-03 +1.4998e-03 +1.4998e-03 +1.4998e-03 +1.4998e-03 +1.4998e-03 +1.4998e-03 +1.4998e-03 +1.4998e-03 +1.4998e-03 +1.4998e-03 +1.4998e-03 +1.4998e-03 +1.4998e-03 +1.4998e-03 +1.4998e-03 +1.4998e-03 
+0000.00100 +1.0000e-03 +1.0000e-03 +1.0000e-03 +1.0000e-03 +1.0000e-03 +9.9999e-04 +9.9999e-04 +9.9999e-04 +9.9999e-04 +9.9999e-04 +9.9999e-04 +9.9998e-04 +9.9998e-04 +9.9998e-04 +9.9998e-04 +9.9997e-04 +9.9997e-04 +9.9997e-04 +9.9997e-04 +9.9996e-04 +9.9996e-04 +9.9996e-04 +9.9996e-04 +9.9995e-04 +9.9995e-04 +9.9995e-04 +9.9995e-04 +9.9994e-04 +9.9994e-04 +9.9994e-04 +9.9994e-04 +9.9993e-04 +9.9993e-04 +9.9993e-04 +9.9993e-04 +9.9992e-04 +9.9992e-04 +9.9992e-04 +9.9992e-04 +9.9992e-04 +9.9991e-04 +9.9991e-04 +9.9991e-04 +9.9991e-04 +9.9990e-04 +9.9990e-04 +9.9990e-04 +9.9990e-04 +9.9989e-04 +9.9989e-04 +9.9989e-04 +9.9989e-04 +9.9988e-04 +9.9988e-04 +9.9988e-04 +9.9987e-04 +9.9987e-04 +9.9987e-04 +9.9986e-04 +9.9986e-04 +9.9986e-04 
+0000.00050 +5.0001e-04 +5.0001e-04 +5.0001e-04 +5.0001e-04 +5.0000e-04 +5.0000e-04 +5.0000e-04 +5.0000e-04 +5.0000e-04 +5.0000e-04 +4.9999e-04 +4.9999e-04 +4.9999e-04 +4.9999e-04 +4.9999e-04 +4.9999e-04 +4.9999e-04 +4.9998e-04 +4.9998e-04 +4.9998e-04 +4.9998e-04 +4.9998e-04 +4.9998e-04 +4.9998e-04 +4.9998e-04 +4.9998e-04 +4.9997e-04 +4.9997e-04 +4.9997e-04 +4.9997e-04 +4.9997e-04 +4.9997e-04 +4.9997e-04 +4.9997e-04 +4.9997e-04 +4.9996e-04 +4.9996e-04 +4.9996e-04 +4.9996e-04 +4.9996e-04 +4.9996e-04 +4.9996e-04 +4.9996e-04 +4.9996e-04 +4.9995e-04 +4.9995e-04 +4.9995e-04 +4.9995e-04 +4.9995e-04 +4.9995e-04 +4.9995e-04 +4.9994e-04 +4.9994e-04 +4.9994e-04 +4.9994e-04 +4.9994e-04 +4.9994e-04 +4.9993e-04 +4.9993e-04 +4.9993e-04 +4.9993e-04 
+0000.00000 -2.8664e-10 -2.6348e-10 -2.4237e-10 -2.2318e-10 -2.0578e-10 -1.9006e-10 -1.7590e-10 -1.6318e-10 -1.5179e-10 -1.4164e-10 -1.3262e-10 -1.2463e-10 -1.1760e-10 -1.1143e-10 -1.0604e-10 -1.0137e-10 -9.7323e-11 -9.3850e-11 -9.0885e-11 -8.8369e-11 -8.6251e-11 -8.4481e-11 -8.3017e-11 -8.1818e-11 -8.0851e-11 -8.0085e-11 -7.9495e-11 -7.9061e-11 -7.8766e-11 -7.8599e-11 -7.8552e-11 -7.8624e-11 -7.8816e-11 -7.9136e-11 -7.9594e-11 -8.0208e-11 -8.0997e-11 -8.1986e-11 -8.3207e-11 -8.4692e-11 -8.6480e-11 -8.8617e-11 -9.1149e-11 -9.4129e-11 -9.7616e-11 -1.0167e-10 -1.0636e-10 -1.1175e-10 -1.1793e-10 -1.2496e-10 -1.3295e-10 -1.4197e-10 -1.5212e-10 -1.6350e-10 -1.7621e-10 -1.9036e-10 -2.0606e-10 -2.2343e-10 -2.4260e-10 -2.6368e-10 -2.8682e-10 
-0000.00050 -5.0001e-04 -5.0001e-04 -5.0001e-04 -5.0001e-04 -5.0000e-04 -5.0000e-04 -5.0000e-04 -5.0000e-04 -5.0000e-04 -4.9999e-04 -4.9999e-04 -4.9999e-04 -4.9999e-04 -4.9999e-04 -4.9999e-04 -4.9999e-04 -4.9999e-04 -4.9998e-04 -4.9998e-04 -4.9998e-04 -4.9998e-04 -4.9998e-04 -4.9998e-04 -4.9998e-04 -4.9998e-04 -4.9998e-04 -4.9997e-04 -4.9997e-04 -4.9997e-04 -4.9997e-04 -4.9997e-04 -4.9997e-04 -4.9997e-04 -4.9997e-04 -4.9997e-04 -4.9997e-04 -4.9996e-04 -4.9996e-04 -4.9996e-04 -4.9996e-04 -4.9996e-04 -4.9996e-04 -4.9996e-04 -4.9996e-04 -4.9995e-04 -4.9995e-04 -4.9995e-04 -4.9995e-04 -4.9995e-04 -4.9995e-04 -4.9995e-04 -4.9994e-04 -4.9994e-04 -4.9994e-04 -4.9994e-04 -4.9994e-04 -4.9994e-04 -4.9993e-04 -4.9993e-04 -4.9993e-04 -4.9993e-04 
-0000.00100 -1.0000e-03 -1.0000e-03 -1.0000e-03 -1.0000e-03 -1.0000e-03 -9.9999e-04 -9.9999e-04 -9.9999e-04 -9.9999e-04 -9.9999e-04 -9.9999e-04 -9.9998e-04 -9.9998e-04 -9.9998e-04 -9.9998e-04 -9.9997e-04 -9.9997e-04 -9.9997e-04 -9.9997e-04 -9.9996e-04 -9.9996e-04 -9.9996e-04 -9.9996e-04 -9.9995e-04 -9.9995e-04 -9.9995e-04 -9.9995e-04 -9.9994e-04 -9.9994e-04 -9.9994e-04 -9.9994e-04 -9.9993e-04 -9.9993e-04 -9.9993e-04 -9.9993e-04 -9.9992e-04 -9.9992e-04 -9.9992e-04 -9.9992e-04 -9.9992e-04 -9.9991e-04 -9.9991e-04 -9.9991e-04 -9.9991e-04 -9.9990e-04 -9.9990e-04 -9.9990e-04 -9.9990e-04 -9.9989e-04 -9.9989e-04 -9.9989e-04 -9.9989e-04 -9.9988e-04 -9.9988e-04 -9.9988e-04 -9.9987e-04 -9.9987e-04 -9.9987e-04 -9.9986e-04 -9.9986e-04 -9.9986e-04 
-0000.00150 -1.5000e-03 -1.5000e-03 -1.5000e-03 -1.5000e-03 -1.5000e-03 -1.5000e-03 -1.5000e-03 -1.5000e-03 -1.5000e-03 -1.5000e-03 -1.5000e-03 -1.5000e-03 -1.5000e-03 -1.4999e-03 -1.4999e-03 -1.4999e-03 -1.4999e-03 -1.4999e-03 -1.4999e-03 -1.4999e-03 -1.4999e-03 -1.4999e-03 -1.4999e-03 -1.4999e-03 -1.4999e-03 -1.4999e-03 -1.4999e-03 -1.4999e-03 -1.4999e-03 -1.4999e-03 -1.4999e-03 -1.4999e-03 -1.4999e-03 -1.4999e-03 -1.4999e-03 -1.4999e-03 -1.4999e-03 -1.4999e-03 -1.4999e-03 -1.4999e-03 -1.4999e-03 -1.4999e-03 -1.4999e-03 -1.4999e-03 -1.4999e-03 -1.4998e-03 -1.4998e-03 -1.4998e-03 -1.4998e-03 -1.4998e-03 -1.4998e-03 -1.4998e-03 -1.4998e-03 -1.4998e-03 -1.4998e-03 -1.4998e-03 -1.4998e-03 -1.4998e-03 -1.4998e-03 -1.4998e-03 -1.4998e-03 
-0000.00200 -2.0000e-03 -2.0000e-03 -2.0000e-03 -2.0000e-03 -2.0000e-03 -2.0000e-03 -2.0000e-03 -2.0000e-03 -2.0000e-03 -2.0000e-03 -1.9999e-03 -1.9999e-03 -1.9999e-03 -1.9999e-03 -1.9999e-03 -1.9999e-03 -1.9999e-03 -1.9999e-03 -1.9999e-03 -1.9999e-03 -1.9999e-03 -1.9999e-03 -1.9999e-03 -1.9999e-03 -1.9999e-03 -1.9999e-03 -1.9998e-03 -1.9998e-03 -1.9998e-03 -1.9998e-03 -1.9998e-03 -1.9998e-03 -1.9998e-03 -1.9998e-03 -1.9998e-03 -1.9998e-03 -1.9998e-03 -1.9998e-03 -1.9998e-03 -1.9998e-03 -1.9998e-03 -1.9998e-03 -1.9998e-03 -1.9998e-03 -1.9998e-03 -1.9998e-03 -1.9998e-03 -1.9998e-03 -1.9998e-03 -1.9998e-03 -1.9998e-03 -1.9997e-03 -1.9997e-03 -1.9997e-03 -1.9997e-03 -1.9997e-03 -1.9997e-03 -1.9997e-03 -1.9997e-03 -1.9997e-03 -1.9997e-03 