# Author: FAC idanalysis.IDKickMap
# Termination_kicks [T2m2]: +0.0000e+00 +0.0000e+00 +0.0000e+00 +0.0000e+00 
# Total Length of Longitudinal Interval [m]
0.13
# Number of Horizontal Points
61
# Number of Vertical Points
9
# Total Horizontal 2nd Order Kick [T2m2]
START
            -0000.01000 -0000.00967 -0000.00933 -0000.00900 -0000.00867 -0000.00833 -0000.00800 -0000.00767 -0000.00733 -0000.00700 -0000.00667 -0000.00633 -0000.00600 -0000.00567 -0000.00533 -0000.00500 -0000.00467 -0000.00433 -0000.00400 -0000.00367 -0000.00333 -0000.00300 -0000.00267 -0000.00233 -0000.00200 -0000.00167 -0000.00133 -0000.00100 -0000.00067 -0000.00033 +0000.00000 +0000.00033 +0000.00067 +0000.00100 +0000.00133 +0000.00167 +0000.00200 +0000.00233 +0000.00267 +0000.00300 +0000.00333 +0000.00367 +0000.00400 +0000.00433 +0000.00467 +0000.00500 +0000.00533 +0000.00567 +0000.00600 +0000.00633 +0000.00667 +0000.00700 +0000.00733 +0000.00767 +0000.00800 +0000.00833 +0000.00867 +0000.00900 +0000.00933 +0000.00967 +0000.01000 
+0000.00200 -2.1319e-04 -2.0217e-04 -1.9161e-04 -1.8153e-04 -1.7189e-04 -1.6270e-04 -1.5394e-04 -1.4560e-04 -1.3768e-04 -1.3017e-04 -1.2306e-04 -1.1635e-04 -1.1002e-04 -1.0406e-04 -9.8480e-05 -9.3270e-05 -8.8420e-05 -8.3920e-05 -7.9770e-05 -7.5970e-05 -7.2510e-05 -6.9390e-05 -6.6600e-05 -6.4150e-05 -6.2020e-05 -6.0220e-05 -5.8740e-05 -5.7590e-05 -5.6760e-05 -5.6250e-05 -5.6060e-05 -5.6190e-05 -5.6640e-05 -5.7420e-05 -5.8510e-05 -5.9930e-05 -6.1670e-05 -6.3740e-05 -6.6140e-05 -6.8880e-05 -7.1950e-05 -7.5360e-05 -7.9110e-05 -8.3210e-05 -8.7660e-05 -9.2470e-05 -9.7640e-05 -1.0318e-04 -1.0910e-04 -1.1540e-04 -1.2208e-04 -1.2916e-04 -1.3665e-04 -1.4454e-04 -1.5286e-04 -1.6160e-04 -1.7078e-04 -1.8041e-04 -1.9049e-04 -2.0104e-04 -2.1207e-04 
+0000.00150 -1.4778e-04 -1.3747e-04 -1.2756e-04 -1.1806e-04 -1.0896e-04 -1.0026e-04 -9.1940e-05 -8.4000e-05 -7.6440e-05 -6.9260e-05 -6.2430e-05 -5.5970e-05 -4.9870e-05 -4.4120e-05 -3.8720e-05 -3.3670e-05 -2.8960e-05 -2.4580e-05 -2.0540e-05 -1.6840e-05 -1.3460e-05 -1.0410e-05 -7.6900e-06 -5.2900e-06 -3.2100e-06 -1.4500e-06 -2.0000e-08 +1.1000e-06 +1.9100e-06 +2.4000e-06 +2.5700e-06 +2.4200e-06 +1.9600e-06 +1.1800e-06 +8.0000e-08 -1.3300e-06 -3.0600e-06 -5.1100e-06 -7.4900e-06 -1.0190e-05 -1.3210e-05 -1.6560e-05 -2.0240e-05 -2.4250e-05 -2.8600e-05 -3.3290e-05 -3.8320e-05 -4.3700e-05 -4.9420e-05 -5.5500e-05 -6.1930e-05 -6.8730e-05 -7.5890e-05 -8.3420e-05 -9.1330e-05 -9.9630e-05 -1.0831e-04 -1.1738e-04 -1.2685e-04 -1.3673e-04 -1.4702e-04 
+0000.00100 -1.4817e-04 -1.3832e-04 -1.2881e-04 -1.1965e-04 -1.1082e-04 -1.0233e-04 -9.4180e-05 -8.6370e-05 -7.8900e-05 -7.1770e-05 -6.4970e-05 -5.8500e-05 -5.2380e-05 -4.6580e-05 -4.1120e-05 -3.5990e-05 -3.1200e-05 -2.6740e-05 -2.2610e-05 -1.8810e-05 -1.5340e-05 -1.2210e-05 -9.4000e-06 -6.9300e-06 -4.7800e-06 -2.9700e-06 -1.4800e-06 -3.2000e-07 +5.1000e-07 +1.0100e-06 +1.1800e-06 +1.0200e-06 +5.3000e-07 -2.8000e-07 -1.4300e-06 -2.9000e-06 -4.7000e-06 -6.8300e-06 -9.2900e-06 -1.2080e-05 -1.5190e-05 -1.8640e-05 -2.2420e-05 -2.6520e-05 -3.0960e-05 -3.5720e-05 -4.0820e-05 -4.6250e-05 -5.2010e-05 -5.8100e-05 -6.4520e-05 -7.1280e-05 -7.8360e-05 -8.5790e-05 -9.3540e-05 -1.0163e-04 -1.1006e-04 -1.1882e-04 -1.2792e-04 -1.3736e-04 -1.4713e-04 
+0000.00050 -1.4859e-04 -1.3900e-04 -1.2971e-04 -1.2073e-04 -1.1205e-04 -1.0368e-04 -9.5620e-05 -8.7880e-05 -8.0450e-05 -7.3340e-05 -6.6550e-05 -6.0080e-05 -5.3930e-05 -4.8100e-05 -4.2600e-05 -3.7430e-05 -3.2590e-05 -2.8070e-05 -2.3890e-05 -2.0030e-05 -1.6510e-05 -1.3320e-05 -1.0470e-05 -7.9500e-06 -5.7600e-06 -3.9100e-06 -2.4000e-06 -1.2200e-06 -3.8000e-07 +1.2000e-07 +2.9000e-07 +1.3000e-07 -3.8000e-07 -1.2100e-06 -2.3900e-06 -3.9000e-06 -5.7400e-06 -7.9200e-06 -1.0430e-05 -1.3270e-05 -1.6440e-05 -1.9950e-05 -2.3780e-05 -2.7940e-05 -3.2430e-05 -3.7240e-05 -4.2380e-05 -4.7840e-05 -5.3620e-05 -5.9720e-05 -6.6140e-05 -7.2870e-05 -7.9910e-05 -8.7270e-05 -9.4940e-05 -1.0291e-04 -1.1119e-04 -1.1977e-04 -1.2865e-04 -1.3782e-04 -1.4729e-04 
+0000.00000 -1.4873e-04 -1.3922e-04 -1.3001e-04 -1.2108e-04 -1.1245e-04 -1.0412e-04 -9.6100e-05 -8.8380e-05 -8.0960e-05 -7.3860e-05 -6.7070e-05 -6.0600e-05 -5.4440e-05 -4.8610e-05 -4.3100e-05 -3.7910e-05 -3.3050e-05 -2.8520e-05 -2.4310e-05 -2.0440e-05 -1.6900e-05 -1.3700e-05 -1.0830e-05 -8.2900e-06 -6.1000e-06 -4.2300e-06 -2.7100e-06 -1.5300e-06 -6.8000e-07 -1.7000e-07 +0.0000e+00 -1.7000e-07 -6.8000e-07 -1.5300e-06 -2.7100e-06 -4.2300e-06 -6.0900e-06 -8.2800e-06 -1.0810e-05 -1.3670e-05 -1.6860e-05 -2.0380e-05 -2.4230e-05 -2.8410e-05 -3.2910e-05 -3.7740e-05 -4.2890e-05 -4.8360e-05 -5.4150e-05 -6.0250e-05 -6.6660e-05 -7.3390e-05 -8.0420e-05 -8.7750e-05 -9.5390e-05 -1.0332e-04 -1.1155e-04 -1.2007e-04 -1.2887e-04 -1.3796e-04 -1.4733e-04 
-0000.00050 -1.4859e-04 -1.3900e-04 -1.2971e-04 -1.2073e-04 -1.1205e-04 -1.0369e-04 -9.5630e-05 -8.7890e-05 -8.0460e-05 -7.3350e-05 -6.6560e-05 -6.0090e-05 -5.3940e-05 -4.8120e-05 -4.2620e-05 -3.7440e-05 -3.2600e-05 -2.8090e-05 -2.3900e-05 -2.0050e-05 -1.6520e-05 -1.3340e-05 -1.0480e-05 -7.9600e-06 -5.7700e-06 -3.9200e-06 -2.4100e-06 -1.2300e-06 -3.9000e-07 +1.2000e-07 +2.9000e-07 +1.3000e-07 -3.8000e-07 -1.2100e-06 -2.3900e-06 -3.8900e-06 -5.7400e-06 -7.9100e-06 -1.0420e-05 -1.3260e-05 -1.6430e-05 -1.9940e-05 -2.3770e-05 -2.7930e-05 -3.2420e-05 -3.7230e-05 -4.2370e-05 -4.7830e-05 -5.3610e-05 -5.9710e-05 -6.6120e-05 -7.2860e-05 -7.9900e-05 -8.7260e-05 -9.4930e-05 -1.0290e-04 -1.1118e-04 -1.1976e-04 -1.2864e-04 -1.3782e-04 -1.4729e-04 
-0000.00100 -1.4817e-04 -1.3832e-04 -1.2882e-04 -1.1966e-04 -1.1083e-04 -1.0235e-04 -9.4200e-05 -8.6400e-05 -7.8930e-05 -7.1790e-05 -6.4990e-05 -5.8530e-05 -5.2400e-05 -4.6610e-05 -4.1150e-05 -3.6020e-05 -3.1230e-05 -2.6770e-05 -2.2640e-05 -1.8840e-05 -1.5370e-05 -1.2230e-05 -9.4200e-06 -6.9500e-06 -4.8000e-06 -2.9800e-06 -1.4900e-06 -3.3000e-07 +5.0000e-07 +1.0000e-06 +1.1700e-06 +1.0200e-06 +5.3000e-07 -2.8000e-07 -1.4200e-06 -2.8900e-06 -4.6900e-06 -6.8200e-06 -9.2700e-06 -1.2060e-05 -1.5170e-05 -1.8620e-05 -2.2390e-05 -2.6500e-05 -3.0930e-05 -3.5700e-05 -4.0790e-05 -4.6220e-05 -5.1980e-05 -5.8070e-05 -6.4490e-05 -7.1250e-05 -7.8340e-05 -8.5760e-05 -9.3520e-05 -1.0162e-04 -1.1005e-04 -1.1881e-04 -1.2791e-04 -1.3736e-04 -1.4713e-04 
-0000.00150 -1.4778e-04 -1.3747e-04 -1.2757e-04 -1.1808e-04 -1.0899e-04 -1.0029e-04 -9.1970e-05 -8.4040e-05 -7.6480e-05 -6.9300e-05 -6.2480e-05 -5.6020e-05 -4.9920e-05 -4.4170e-05 -3.8770e-05 -3.3710e-05 -2.9000e-05 -2.4620e-05 -2.0580e-05 -1.6870e-05 -1.3500e-05 -1.0450e-05 -7.7200e-06 -5.3200e-06 -3.2400e-06 -1.4700e-06 -3.0000e-08 +1.0900e-06 +1.9000e-06 +2.3900e-06 +2.5600e-06 +2.4200e-06 +1.9600e-06 +1.1900e-06 +1.0000e-07 -1.3100e-06 -3.0400e-06 -5.0900e-06 -7.4600e-06 -1.0160e-05 -1.3180e-05 -1.6530e-05 -2.0200e-05 -2.4220e-05 -2.8560e-05 -3.3250e-05 -3.8280e-05 -4.3650e-05 -4.9380e-05 -5.5450e-05 -6.1890e-05 -6.8690e-05 -7.5850e-05 -8.3390e-05 -9.1300e-05 -9.9600e-05 -1.0828e-04 -1.1736e-04 -1.2684e-04 -1.3673e-04 -1.4703e-04 
-0000.00200 -2.1319e-04 -2.0217e-04 -1.9163e-04 -1.8155e-04 -1.7192e-04 -1.6273e-04 -1.5398e-04 -1.4565e-04 -1.3773e-04 -1.3023e-04 -1.2312e-04 -1.1640e-04 -1.1007e-04 -1.0412e-04 -9.8540e-05 -9.3330e-05 -8.8470e-05 -8.3970e-05 -7.9820e-05 -7.6020e-05 -7.2560e-05 -6.9430e-05 -6.6640e-05 -6.4180e-05 -6.2050e-05 -6.0250e-05 -5.8770e-05 -5.7610e-05 -5.6780e-05 -5.6260e-05 -5.6070e-05 -5.6190e-05 -5.6640e-05 -5.7400e-05 -5.8490e-05 -5.9900e-05 -6.1640e-05 -6.3710e-05 -6.6100e-05 -6.8830e-05 -7.1900e-05 -7.5300e-05 -7.9050e-05 -8.3150e-05 -8.7600e-05 -9.2400e-05 -9.7570e-05 -1.0312e-04 -1.0903e-04 -1.1533e-04 -1.2202e-04 -1.2910e-04 -1.3659e-04 -1.4449e-04 -1.5281e-04 -1.6156e-04 -1.7075e-04 -1.8038e-04 -1.9048e-04 -2.0104e-04 -2.1208e-04 
# Total Vertical 2nd Order Kick [T2m2]
START
            -0000.01000 -0000.00967 -0000.00933 -0000.00900 -0000.00867 -0000.00833 -0000.00800 -0000.00767 -0000.00733 -0000.00700 -0000.00667 -0000.00633 -0000.00600 -0000.00567 -0000.00533 -0000.00500 -0000.00467 -0000.00433 -0000.00400 -0000.00367 -0000.00333 -0000.00300 -0000.00267 -0000.00233 -0000.00200 -0000.00167 -0000.00133 -0000.00100 -0000.00067 -0000.00033 +0000.00000 +0000.00033 +0000.00067 +0000.00100 +0000.00133 +0000.00167 +0000.00200 +0000.00233 +0000.00267 +0000.00300 +0000.00333 +0000.00367 +0000.00400 +0000.00433 +0000.00467 +0000.00500 +0000.00533 +0000.00567 +0000.00600 +0000.00633 +0000.00667 +0000.00700 +0000.00733 +0000.00767 +0000.00800 +0000.00833 +0000.00867 +0000.00900 +0000.00933 +0000.00967 +0000.01000 
+0000.00200 -2.4652e-04 -2.4526e-04 -2.4393e-04 -2.4254e-04 -2.4108e-04 -2.3956e-04 -2.3798e-04 -2.3635e-04 -2.3466e-04 -2.3293e-04 -2.3115e-04 -2.2933e-04 -2.2747e-04 -2.2557e-04 -2.2364e-04 -2.2167e-04 -2.1968e-04 -2.1766e-04 -2.1561e-04 -2.1354e-04 -2.1146e-04 -2.0935e-04 -2.0724e-04 -2.0511e-04 -2.0297e-04 -2.0082e-04 -1.9867e-04 -1.9652e-04 -1.9436e-04 -1.9221e-04 -1.9006e-04 -1.8792e-04 -1.8578e-04 -1.8365e-04 -1.8153e-04 -1.7943e-04 -1.7734e-04 -1.7527e-04 -1.7321e-04 -1.7118e-04 -1.6917e-04 -1.6718e-04 -1.6521e-04 -1.6327e-04 -1.6136e-04 -1.5948e-04 -1.5763e-04 -1.5581e-04 -1.5402e-04 -1.5226e-04 -1.5055e-04 -1.4887e-04 -1.4722e-04 -1.4562e-04 -1.4405e-04 -1.4253e-04 -1.4105e-04 -1.3961e-04 -1.3821e-04 -1.3686e-04 -1.3555e-04 
+0000.00150 -1.6631e-04 -1.6548e-04 -1.6460e-04 -1.6366e-04 -1.6267e-04 -1.6163e-04 -1.6055e-04 -1.5941e-04 -1.5824e-04 -1.5702e-04 -1.5576e-04 -1.5446e-04 -1.5312e-04 -1.5175e-04 -1.5034e-04 -1.4890e-04 -1.4743e-04 -1.4594e-04 -1.4442e-04 -1.4287e-04 -1.4130e-04 -1.3971e-04 -1.3810e-04 -1.3648e-04 -1.3484e-04 -1.3319e-04 -1.3153e-04 -1.2986e-04 -1.2818e-04 -1.2650e-04 -1.2482e-04 -1.2314e-04 -1.2145e-04 -1.1978e-04 -1.1810e-04 -1.1644e-04 -1.1478e-04 -1.1314e-04 -1.1151e-04 -1.0990e-04 -1.0830e-04 -1.0673e-04 -1.0518e-04 -1.0365e-04 -1.0216e-04 -1.0069e-04 -9.9250e-05 -9.7847e-05 -9.6479e-05 -9.5149e-05 -9.3861e-05 -9.2615e-05 -9.1414e-05 -9.0261e-05 -8.9157e-05 -8.8106e-05 -8.7109e-05 -8.6169e-05 -8.5288e-05 -8.4468e-05 -8.3713e-05 
+0000.00100 -1.0318e-04 -1.0263e-04 -1.0204e-04 -1.0142e-04 -1.0076e-04 -1.0008e-04 -9.9361e-05 -9.8613e-05 -9.7837e-05 -9.7032e-05 -9.6201e-05 -9.5344e-05 -9.4462e-05 -9.3557e-05 -9.2629e-05 -9.1680e-05 -9.0711e-05 -8.9723e-05 -8.8717e-05 -8.7695e-05 -8.6657e-05 -8.5605e-05 -8.4540e-05 -8.3464e-05 -8.2377e-05 -8.1281e-05 -8.0177e-05 -7.9067e-05 -7.7952e-05 -7.6833e-05 -7.5712e-05 -7.4590e-05 -7.3469e-05 -7.2349e-05 -7.1233e-05 -7.0122e-05 -6.9017e-05 -6.7920e-05 -6.6833e-05 -6.5756e-05 -6.4692e-05 -6.3642e-05 -6.2608e-05 -6.1590e-05 -6.0592e-05 -5.9614e-05 -5.8659e-05 -5.7727e-05 -5.6821e-05 -5.5942e-05 -5.5092e-05 -5.4273e-05 -5.3486e-05 -5.2734e-05 -5.2017e-05 -5.1338e-05 -5.0699e-05 -5.0102e-05 -4.9548e-05 -4.9039e-05 -4.8577e-05 
+0000.00050 -4.9456e-05 -4.9186e-05 -4.8899e-05 -4.8594e-05 -4.8272e-05 -4.7933e-05 -4.7579e-05 -4.7209e-05 -4.6824e-05 -4.6424e-05 -4.6011e-05 -4.5584e-05 -4.5144e-05 -4.4693e-05 -4.4230e-05 -4.3756e-05 -4.3271e-05 -4.2777e-05 -4.2273e-05 -4.1761e-05 -4.1242e-05 -4.0715e-05 -4.0181e-05 -3.9641e-05 -3.9097e-05 -3.8548e-05 -3.7994e-05 -3.7438e-05 -3.6879e-05 -3.6319e-05 -3.5757e-05 -3.5196e-05 -3.4634e-05 -3.4074e-05 -3.3516e-05 -3.2960e-05 -3.2408e-05 -3.1861e-05 -3.1318e-05 -3.0781e-05 -3.0251e-05 -2.9728e-05 -2.9214e-05 -2.8709e-05 -2.8213e-05 -2.7729e-05 -2.7256e-05 -2.6796e-05 -2.6349e-05 -2.5916e-05 -2.5499e-05 -2.5097e-05 -2.4713e-05 -2.4346e-05 -2.3999e-05 -2.3671e-05 -2.3363e-05 -2.3078e-05 -2.2815e-05 -2.2575e-05 -2.2360e-05 
+0000.00000 -1.1621e-07 -1.1931e-07 -1.2089e-07 -1.2109e-07 -1.2006e-07 -1.1792e-07 -1.1481e-07 -1.1086e-07 -1.0618e-07 -1.0090e-07 -9.5120e-08 -8.8949e-08 -8.2486e-08 -7.5827e-08 -6.9063e-08 -6.2276e-08 -5.5549e-08 -4.8955e-08 -4.2564e-08 -3.6440e-08 -3.0642e-08 -2.5225e-08 -2.0238e-08 -1.5724e-08 -1.1723e-08 -8.2680e-09 -5.3870e-09 -3.1040e-09 -1.4370e-09 -4.0000e-10 +0.0000e+00 -2.4000e-10 -1.1180e-09 -2.6260e-09 -4.7530e-09 -7.4790e-09 -1.0784e-08 -1.4638e-08 -1.9009e-08 -2.3858e-08 -2.9142e-08 -3.4814e-08 -4.0819e-08 -4.7098e-08 -5.3588e-08 -6.0221e-08 -6.6921e-08 -7.3610e-08 -8.0203e-08 -8.6612e-08 -9.2740e-08 -9.8490e-08 -1.0376e-07 -1.0843e-07 -1.1239e-07 -1.1552e-07 -1.1770e-07 -1.1880e-07 -1.1867e-07 -1.1718e-07 -1.1419e-07 
-0000.00050 +4.9223e-05 +4.8947e-05 +4.8656e-05 +4.8351e-05 +4.8031e-05 +4.7696e-05 +4.7348e-05 +4.6986e-05 +4.6610e-05 +4.6222e-05 +4.5820e-05 +4.5406e-05 +4.4979e-05 +4.4541e-05 +4.4092e-05 +4.3632e-05 +4.3161e-05 +4.2680e-05 +4.2189e-05 +4.1690e-05 +4.1182e-05 +4.0666e-05 +4.0143e-05 +3.9612e-05 +3.9076e-05 +3.8534e-05 +3.7986e-05 +3.7435e-05 +3.6879e-05 +3.6321e-05 +3.5760e-05 +3.5198e-05 +3.4635e-05 +3.4072e-05 +3.3509e-05 +3.2948e-05 +3.2389e-05 +3.1834e-05 +3.1282e-05 +3.0735e-05 +3.0194e-05 +2.9660e-05 +2.9133e-05 +2.8615e-05 +2.8107e-05 +2.7609e-05 +2.7122e-05 +2.6648e-05 +2.6188e-05 +2.5742e-05 +2.5312e-05 +2.4899e-05 +2.4504e-05 +2.4128e-05 +2.3772e-05 +2.3438e-05 +2.3127e-05 +2.2839e-05 +2.2576e-05 +2.2340e-05 +2.2131e-05 
-0000.00100 +1.0295e-04 +1.0239e-04 +1.0180e-04 +1.0117e-04 +1.0052e-04 +9.9837e-05 +9.9125e-05 +9.8386e-05 +9.7619e-05 +9.6826e-05 +9.6007e-05 +9.5163e-05 +9.4295e-05 +9.3404e-05 +9.2490e-05 +9.1556e-05 +9.0601e-05 +8.9627e-05 +8.8635e-05 +8.7625e-05 +8.6600e-05 +8.5560e-05 +8.4505e-05 +8.3438e-05 +8.2360e-05 +8.1271e-05 +8.0174e-05 +7.9069e-05 +7.7957e-05 +7.6840e-05 +7.5720e-05 +7.4597e-05 +7.3474e-05 +7.2351e-05 +7.1231e-05 +7.0114e-05 +6.9002e-05 +6.7896e-05 +6.6800e-05 +6.5713e-05 +6.4637e-05 +6.3575e-05 +6.2528e-05 +6.1497e-05 +6.0485e-05 +5.9493e-05 +5.8523e-05 +5.7577e-05 +5.6657e-05 +5.5765e-05 +5.4902e-05 +5.4071e-05 +5.3273e-05 +5.2510e-05 +5.1786e-05 +5.1101e-05 +5.0457e-05 +4.9858e-05 +4.9305e-05 +4.8799e-05 +4.8345e-05 
-0000.00150 +1.6607e-04 +1.6523e-04 +1.6434e-04 +1.6340e-04 +1.6242e-04 +1.6138e-04 +1.6030e-04 +1.5918e-04 +1.5801e-04 +1.5680e-04 +1.5555e-04 +1.5427e-04 +1.5295e-04 +1.5159e-04 +1.5020e-04 +1.4878e-04 +1.4732e-04 +1.4584e-04 +1.4434e-04 +1.4280e-04 +1.4125e-04 +1.3967e-04 +1.3808e-04 +1.3647e-04 +1.3484e-04 +1.3319e-04 +1.3154e-04 +1.2988e-04 +1.2820e-04 +1.2652e-04 +1.2484e-04 +1.2316e-04 +1.2147e-04 +1.1979e-04 +1.1811e-04 +1.1644e-04 +1.1478e-04 +1.1313e-04 +1.1149e-04 +1.0986e-04 +1.0826e-04 +1.0667e-04 +1.0511e-04 +1.0357e-04 +1.0205e-04 +1.0057e-04 +9.9113e-05 +9.7694e-05 +9.6311e-05 +9.4967e-05 +9.3664e-05 +9.2405e-05 +9.1192e-05 +9.0029e-05 +8.8917e-05 +8.7859e-05 +8.6857e-05 +8.5916e-05 +8.5036e-05 +8.4221e-05 +8.3474e-05 
-0000.00200 +2.4627e-04 +2.4500e-04 +2.4367e-04 +2.4227e-04 +2.4081e-04 +2.3930e-04 +2.3773e-04 +2.3610e-04 +2.3443e-04 +2.3271e-04 +2.3094e-04 +2.2914e-04 +2.2729e-04 +2.2541e-04 +2.2349e-04 +2.2154e-04 +2.1957e-04 +2.1756e-04 +2.1553e-04 +2.1348e-04 +2.1141e-04 +2.0932e-04 +2.0721e-04 +2.0510e-04 +2.0297e-04 +2.0083e-04 +1.9869e-04 +1.9654e-04 +1.9439e-04 +1.9224e-04 +1.9009e-04 +1.8794e-04 +1.8580e-04 +1.8367e-04 +1.8155e-04 +1.7944e-04 +1.7734e-04 +1.7526e-04 +1.7319e-04 +1.7115e-04 +1.6912e-04 +1.6712e-04 +1.6514e-04 +1.6318e-04 +1.6125e-04 +1.5936e-04 +1.5749e-04 +1.5565e-04 +1.5385e-04 +1.5208e-04 +1.5034e-04 +1.4865e-04 +1.4699e-04 +1.4538e-04 +1.4380e-04 +1.4227e-04 +1.4079e-04 +1.3935e-04 +1.3795e-04 +1.3660e-04 +1.3531e-04 
# Horizontal Final Position [m]
START
            -0000.01000 -0000.00967 -0000.00933 -0000.00900 -0000.00867 -0000.00833 -0000.00800 -0000.00767 -0000.00733 -0000.00700 -0000.00667 -0000.00633 -0000.00600 -0000.00567 -0000.00533 -0000.00500 -0000.00467 -0000.00433 -0000.00400 -0000.00367 -0000.00333 -0000.00300 -0000.00267 -0000.00233 -0000.00200 -0000.00167 -0000.00133 -0000.00100 -0000.00067 -0000.00033 +0000.00000 +0000.00033 +0000.00067 +0000.00100 +0000.00133 +0000.00167 +0000.00200 +0000.00233 +0000.00267 +0000.00300 +0000.00333 +0000.00367 +0000.00400 +0000.00433 +0000.00467 +0000.00500 +0000.00533 +0000.00567 +0000.00600 +0000.00633 +0000.00667 +0000.00700 +0000.00733 +0000.00767 +0000.00800 +0000.00833 +0000.00867 +0000.00900 +0000.00933 +0000.00967 +0000.01000 
+0000.00200 -9.9999e-03 -9.6666e-03 -9.3333e-03 -9.0000e-03 -8.6668e-03 -8.3335e-03 -8.0002e-03 -7.6669e-03 -7.3336e-03 -7.0003e-03 -6.6670e-03 -6.3337e-03 -6.0004e-03 -5.6670e-03 -5.3337e-03 -5.0004e-03 -4.6671e-03 -4.3338e-03 -4.0004e-03 -3.6671e-03 -3.3338e-03 -3.0004e-03 -2.6671e-03 -2.3338e-03 -2.0005e-03 -1.6671e-03 -1.3338e-03 -1.0005e-03 -6.6713e-04 -3.3380e-04 -4.6366e-07 +3.3287e-04 +6.6620e-04 +9.9954e-04 +1.3329e-03 +1.6662e-03 +1.9995e-03 +2.3329e-03 +2.6662e-03 +2.9995e-03 +3.3329e-03 +3.6662e-03 +3.9996e-03 +4.3329e-03 +4.6662e-03 +4.9996e-03 +5.3329e-03 +5.6663e-03 +5.9996e-03 +6.3330e-03 +6.6663e-03 +6.9997e-03 +7.3331e-03 +7.6664e-03 +7.9998e-03 +8.3332e-03 +8.6666e-03 +8.9999e-03 +9.3333e-03 +9.6667e-03 +1.0000e-02 
+0000.00150 -9.9998e-03 -9.6665e-03 -9.3332e-03 -9.0000e-03 -8.6667e-03 -8.3334e-03 -8.0001e-03 -7.6668e-03 -7.3335e-03 -7.0002e-03 -6.6669e-03 -6.3336e-03 -6.0003e-03 -5.6669e-03 -5.3336e-03 -5.0003e-03 -4.6670e-03 -4.3337e-03 -4.0003e-03 -3.6670e-03 -3.3337e-03 -3.0004e-03 -2.6670e-03 -2.3337e-03 -2.0004e-03 -1.6670e-03 -1.3337e-03 -1.0004e-03 -6.6704e-04 -3.3371e-04 -3.7485e-07 +3.3296e-04 +6.6629e-04 +9.9963e-04 +1.3330e-03 +1.6663e-03 +1.9996e-03 +2.3330e-03 +2.6663e-03 +2.9996e-03 +3.3330e-03 +3.6663e-03 +3.9997e-03 +4.3330e-03 +4.6663e-03 +4.9997e-03 +5.3330e-03 +5.6664e-03 +5.9997e-03 +6.3331e-03 +6.6664e-03 +6.9998e-03 +7.3332e-03 +7.6665e-03 +7.9999e-03 +8.3333e-03 +8.6666e-03 +9.0000e-03 +9.3334e-03 +9.6668e-03 +1.0000e-02 
+0000.00100 -9.9998e-03 -9.6665e-03 -9.3332e-03 -9.0000e-03 -8.6667e-03 -8.3334e-03 -8.0001e-03 -7.6668e-03 -7.3335e-03 -7.0002e-03 -6.6669e-03 -6.3336e-03 -6.0003e-03 -5.6669e-03 -5.3336e-03 -5.0003e-03 -4.6670e-03 -4.3337e-03 -4.0003e-03 -3.6670e-03 -3.3337e-03 -3.0004e-03 -2.6670e-03 -2.3337e-03 -2.0004e-03 -1.6670e-03 -1.3337e-03 -1.0004e-03 -6.6704e-04 -3.3371e-04 -3.7474e-07 +3.3296e-04 +6.6629e-04 +9.9963e-04 +1.3330e-03 +1.6663e-03 +1.9996e-03 +2.3330e-03 +2.6663e-03 +2.9996e-03 +3.3330e-03 +3.6663e-03 +3.9997e-03 +4.3330e-03 +4.6663e-03 +4.9997e-03 +5.3330e-03 +5.6664e-03 +5.9997e-03 +6.3331e-03 +6.6664e-03 +6.9998e-03 +7.3332e-03 +7.6665e-03 +7.9999e-03 +8.3333e-03 +8.6666e-03 +9.0000e-03 +9.3334e-03 +9.6668e-03 +1.0000e-02 
+0000.00050 -9.9998e-03 -9.6665e-03 -9.3332e-03 -9.0000e-03 -8.6667e-03 -8.3334e-03 -8.0001e-03 -7.6668e-03 -7.3335e-03 -7.0002e-03 -6.6669e-03 -6.3336e-03 -6.0003e-03 -5.6669e-03 -5.3336e-03 -5.0003e-03 -4.6670e-03 -4.3337e-03 -4.0003e-03 -3.6670e-03 -3.3337e-03 -3.0004e-03 -2.6670e-03 -2.3337e-03 -2.0004e-03 -1.6670e-03 -1.3337e-03 -1.0004e-03 -6.6704e-04 -3.3371e-04 -3.7457e-07 +3.3296e-04 +6.6629e-04 +9.9963e-04 +1.3330e-03 +1.6663e-03 +1.9996e-03 +2.3330e-03 +2.6663e-03 +2.9996e-03 +3.3330e-03 +3.6663e-03 +3.9997e-03 +4.3330e-03 +4.6663e-03 +4.9997e-03 +5.3330e-03 +5.6664e-03 +5.9997e-03 +6.3331e-03 +6.6664e-03 +6.9998e-03 +7.3332e-03 +7.6665e-03 +7.9999e-03 +8.3333e-03 +8.6666e-03 +9.0000e-03 +9.3334e-03 +9.6668e-03 +1.0000e-02 
+0000.00000 -9.9998e-03 -9.6665e-03 -9.3332e-03 -8.9999e-03 -8.6667e-03 -8.3334e-03 -8.0001e-03 -7.6668e-03 -7.3335e-03 -7.0002e-03 -6.6669e-03 -6.3336e-03 -6.0002e-03 -5.6669e-03 -5.3336e-03 -5.0003e-03 -4.6670e-03 -4.3337e-03 -4.0003e-03 -3.6670e-03 -3.3337e-03 -3.0004e-03 -2.6670e-03 -2.3337e-03 -2.0004e-03 -1.6670e-03 -1.3337e-03 -1.0004e-03 -6.6704e-04 -3.3371e-04 -3.7824e-07 +3.3295e-04 +6.6629e-04 +9.9962e-04 +1.3330e-03 +1.6663e-03 +1.9996e-03 +2.3330e-03 +2.6663e-03 +2.9996e-03 +3.3330e-03 +3.6663e-03 +3.9997e-03 +4.3330e-03 +4.6663e-03 +4.9997e-03 +5.3330e-03 +5.6664e-03 +5.9997e-03 +6.3331e-03 +6.6664e-03 +6.9998e-03 +7.3332e-03 +7.6665e-03 +7.9999e-03 +8.3333e-03 +8.6666e-03 +9.0000e-03 +9.3334e-03 +9.6668e-03 +1.0000e-02 
-0000.00050 -9.9998e-03 -9.6665e-03 -9.3332e-03 -9.0000e-03 -8.6667e-03 -8.3334e-03 -8.0001e-03 -7.6668e-03 -7.3335e-03 -7.0002e-03 -6.6669e-03 -6.3336e-03 -6.0003e-03 -5.6669e-03 -5.3336e-03 -5.0003e-03 -4.6670e-03 -4.3337e-03 -4.0003e-03 -3.6670e-03 -3.3337e-03 -3.0004e-03 -2.6670e-03 -2.3337e-03 -2.0004e-03 -1.6670e-03 -1.3337e-03 -1.0004e-03 -6.6704e-04 -3.3371e-04 -3.7457e-07 +3.3296e-04 +6.6629e-04 +9.9963e-04 +1.3330e-03 +1.6663e-03 +1.9996e-03 +2.3330e-03 +2.6663e-03 +2.9996e-03 +3.3330e-03 +3.6663e-03 +3.9997e-03 +4.3330e-03 +4.6663e-03 +4.9997e-03 +5.3330e-03 +5.6664e-03 +5.9997e-03 +6.3331e-03 +6.6664e-03 +6.9998e-03 +7.3332e-03 +7.6665e-03 +7.9999e-03 +8.3333e-03 +8.6666e-03 +9.0000e-03 +9.3334e-03 +9.6668e-03 +1.0000e-02 
-0000.00100 -9.9998e-03 -9.6665e-03 -9.3332e-03 -9.0000e-03 -8.6667e-03 -8.3334e-03 -8.0001e-03 -7.6668e-03 -7.3335e-03 -7.0002e-03 -6.6669e-03 -6.3336e-03 -6.0003e-03 -5.6669e-03 -5.3336e-03 -5.0003e-03 -4.6670e-03 -4.3337e-03 -4.0003e-03 -3.6670e-03 -3.3337e-03 -3.0004e-03 -2.6670e-03 -2.3337e-03 -2.0004e-03 -1.6670e-03 -1.3337e-03 -1.0004e-03 -6.6704e-04 -3.3371e-04 -3.7474e-07 +3.3296e-04 +6.6629e-04 +9.9963e-04 +1.3330e-03 +1.6663e-03 +1.9996e-03 +2.3330e-03 +2.6663e-03 +2.9996e-03 +3.3330e-03 +3.6663e-03 +3.9997e-03 +4.3330e-03 +4.6663e-03 +4.9997e-03 +5.3330e-03 +5.6664e-03 +5.9997e-03 +6.3331e-03 +6.6664e-03 +6.9998e-03 +7.3332e-03 +7.6665e-03 +7.9999e-03 +8.3333e-03 +8.6666e-03 +9.0000e-03 +9.3334e-03 +9.6668e-03 +1.0000e-02 
-0000.00150 -9.9998e-03 -9.6665e-03 -9.3332e-03 -9.0000e-03 -8.6667e-03 -8.3334e-03 -8.0001e-03 -7.6668e-03 -7.3335e-03 -7.0002e-03 -6.6669e-03 -6.3336e-03 -6.0003e-03 -5.6669e-03 -5.3336e-03 -5.0003e-03 -4.6670e-03 -4.3337e-03 -4.0003e-03 -3.6670e-03 -3.3337e-03 -3.0004e-03 -2.6670e-03 -2.3337e-03 -2.0004e-03 -1.6670e-03 -1.3337e-03 -1.0004e-03 -6.6704e-04 -3.3371e-04 -3.7485e-07 +3.3296e-04 +6.6629e-04 +9.9963e-04 +1.3330e-03 +1.6663e-03 +1.9996e-03 +2.3330e-03 +2.6663e-03 +2.9996e-03 +3.3330e-03 +3.6663e-03 +3.9997e-03 +4.3330e-03 +4.6663e-03 +4.9997e-03 +5.3330e-03 +5.6664e-03 +5.9997e-03 +6.3331e-03 +6.6664e-03 +6.9998e-03 +7.3332e-03 +7.6665e-03 +7.9999e-03 +8.3333e-03 +8.6666e-03 +9.0000e-03 +9.3334e-03 +9.6668e-03 +1.0000e-02 
-0000.00200 -9.9999e-03 -9.6666e-03 -9.3333e-03 -9.0000e-03 -8.6668e-03 -8.3335e-03 -8.0002e-03 -7.6669e-03 -7.3336e-03 -7.0003e-03 -6.6670e-03 -6.3337e-03 -6.0004e-03 -5.6670e-03 -5.3337e-03 -5.0004e-03 -4.6671e-03 -4.3338e-03 -4.0004e-03 -3.6671e-03 -3.3338e-03 -3.0004e-03 -2.6671e-03 -2.3338e-03 -2.0005e-03 -1.6671e-03 -1.3338e-03 -1.0005e-03 -6.6713e-04 -3.3380e-04 -4.6366e-07 +3.3287e-04 +6.6620e-04 +9.9954e-04 +1.3329e-03 +1.6662e-03 +1.9995e-03 +2.3329e-03 +2.6662e-03 +2.9995e-03 +3.3329e-03 +3.6662e-03 +3.9996e-03 +4.3329e-03 +4.6662e-03 +4.9996e-03 +5.3329e-03 +5.6663e-03 +5.9996e-03 +6.3330e-03 +6.6663e-03 +6.9997e-03 +7.3331e-03 +7.6664e-03 +7.9998e-03 +8.3332e-03 +8.6666e-03 +8.9999e-03 +9.3333e-03 +9.6667e-03 +1.0000e-02 
# Vertical Final Position [m]
START
            -0000.01000 -0000.00967 -0000.00933 -0000.00900 -0000.00867 -0000.00833 -0000.00800 -0000.00767 -0000.00733 -0000.00700 -0000.00667 -0000.00633 -0000.00600 -0000.00567 -0000.00533 -0000.00500 -0000.00467 -0000.00433 -0000.00400 -0000.00367 -0000.00333 -0000.00300 -0000.00267 -0000.00233 -0000.00200 -0000.00167 -0000.00133 -0000.00100 -0000.00067 -0000.00033 +0000.00000 +0000.00033 +0000.00067 +0000.00100 +0000.00133 +0000.00167 +0000.00200 +0000.00233 +0000.00267 +0000.00300 +0000.00333 +0000.00367 +0000.00400 +0000.00433 +0000.00467 +0000.00500 +0000.00533 +0000.00567 +0000.00600 +0000.00633 +0000.00667 +0000.00700 +0000.00733 +0000.00767 +0000.00800 +0000.00833 +0000.00867 +0000.00900 +0000.00933 +0000.00967 +0000.01000 
+0000.00200 +2.0001e-03 +2.0001e-03 +2.0001e-03 +2.0001e-03 +2.0001e-03 +2.0001e-03 +2.0000e-03 +2.0000e-03 +2.0000e-03 +2.0000e-03 +2.0000e-03 +2.0000e-03 +2.0000e-03 +2.0000e-03 +1.9999e-03 +1.9999e-03 +1.9999e-03 +1.9999e-03 +1.9999e-03 +1.9999e-03 +1.9999e-03 +1.9999e-03 +1.9999e-03 +1.9999e-03 +1.9999e-03 +1.9998e-03 +1.9998e-03 +1.9998e-03 +1.9998e-03 +1.9998e-03 +1.9998e-03 +1.9998e-03 +1.9998e-03 +1.9998e-03 +1.9998e-03 +1.9998e-03 +1.9998e-03 +1.9998e-03 +1.9997e-03 +1.9997e-03 +1.9997e-03 +1.9997e-03 +1.9997e-03 +1.9997e-03 +1.9997e-03 +1.9997e-03 +1.9997e-03 +1.9997e-03 +1.9997e-03 +1.9996e-03 +1.9996e-03 +1.9996e-03 +1.9996e-03 +1.9996e-03 +1.9996e-03 +1.9996e-03 +1.9996e-03 +1.9995e-03 +1.9995e-03 +1.9995e-03 +1.9995e-03 
+0000.00150 +1.5001e-03 +1.5001e-03 +1.5001e-03 +1.5001e-03 +1.5001e-03 +1.5000e-03 +1.5000e-03 +1.5000e-03 +1.5000e-03 +1.5000e-03 +1.5000e-03 +1.5000e-03 +1.5000e-03 +1.5000e-03 +1.5000e-03 +1.5000e-03 +1.5000e-03 +1.4999e-03 +1.4999e-03 +1.4999e-03 +1.4999e-03 +1.4999e-03 +1.4999e-03 +1.4999e-03 +1.4999e-03 +1.4999e-03 +1.4999e-03 +1.4999e-03 +1.4999e-03 +1.4999e-03 +1.4999e-03 +1.4999e-03 +1.4999e-03 +1.4999e-03 +1.4999e-03 +1.4998e-03 +1.4998e-03 +1.4998e-03 +1.4998e-03 +1.4998e-03 +1.4998e-03 +1.4998e-03 +1.4998e-03 +1.4998e-03 +1.4998e-03 +1.4998e-03 +1.4998e-03 +1.4998e-03 +1.4998e-03 +1.4997e-03 +1.4997e-03 +1.4997e-03 +1.4997e-03 +1.4997e-03 +1.4997e-03 +1.4997e-03 +1.4997e-03 +1.4997e-03 +1.4997e-03 +1.4997e-03 +1.4996e-03 
+0000.00100 +1.0001e-03 +1.0001e-03 +1.0001e-03 +1.0001e-03 +1.0000e-03 +1.0000e-03 +1.0000e-03 +1.0000e-03 +1.0000e-03 +1.0000e-03 +1.0000e-03 +1.0000e-03 +1.0000e-03 +1.0000e-03 +9.9999e-04 +9.9999e-04 +9.9998e-04 +9.9998e-04 +9.9997e-04 +9.9997e-04 +9.9996e-04 +9.9996e-04 +9.9996e-04 +9.9995e-04 +9.9995e-04 +9.9994e-04 +9.9994e-04 +9.9993e-04 +9.9993e-04 +9.9993e-04 +9.9992e-04 +9.9992e-04 +9.9991e-04 +9.9991e-04 +9.9991e-04 +9.9990e-04 +9.9990e-04 +9.9989e-04 +9.9989e-04 +9.9988e-04 +9.9988e-04 +9.9988e-04 +9.9987e-04 +9.9987e-04 +9.9986e-04 +9.9986e-04 +9.9985e-04 +9.9985e-04 +9.9984e-04 +9.9984e-04 +9.9983e-04 +9.9983e-04 +9.9982e-04 +9.9982e-04 +9.9981e-04 +9.9980e-04 +9.9980e-04 +9.9979e-04 +9.9978e-04 +9.9978e-04 +9.9977e-04 
+0000.00050 +5.0004e-04 +5.0003e-04 +5.0003e-04 +5.0003e-04 +5.0002e-04 +5.0002e-04 +5.0002e-04 +5.0002e-04 +5.0001e-04 +5.0001e-04 +5.0001e-04 +5.0001e-04 +5.0000e-04 +5.0000e-04 +5.0000e-04 +5.0000e-04 +5.0000e-04 +4.9999e-04 +4.9999e-04 +4.9999e-04 +4.9999e-04 +4.9998e-04 +4.9998e-04 +4.9998e-04 +4.9998e-04 +4.9998e-04 +4.9997e-04 +4.9997e-04 +4.9997e-04 +4.9997e-04 +4.9996e-04 +4.9996e-04 +4.9996e-04 +4.9996e-04 +4.9996e-04 +4.9995e-04 +4.9995e-04 +4.9995e-04 +4.9995e-04 +4.9994e-04 +4.9994e-04 +4.9994e-04 +4.9994e-04 +4.9994e-04 +4.9993e-04 +4.9993e-04 +4.9993e-04 +4.9993e-04 +4.9992e-04 +4.9992e-04 +4.9992e-04 +4.9992e-04 +4.9991e-04 +4.9991e-04 +4.9991e-04 +4.9990e-04 +4.9990e-04 +4.9990e-04 +4.9990e-04 +4.9989e-04 +4.9989e-04 
+0000.00000 -8.1470e-11 -8.4602e-11 -8.6668e-11 -8.7764e-11 -8.7988e-11 -8.7432e-11 -8.6183e-11 -8.4328e-11 -8.1947e-11 -7.9120e-11 -7.5921e-11 -7.2421e-11 -6.8689e-11 -6.4788e-11 -6.0780e-11 -5.6722e-11 -5.2668e-11 -4.8668e-11 -4.4771e-11 -4.1019e-11 -3.7452e-11 -3.4108e-11 -3.1019e-11 -2.8215e-11 -2.5723e-11 -2.3565e-11 -2.1760e-11 -2.0325e-11 -1.9272e-11 -1.8610e-11 -1.8345e-11 -1.8478e-11 -1.9007e-11 -1.9929e-11 -2.1235e-11 -2.2912e-11 -2.4946e-11 -2.7318e-11 -3.0005e-11 -3.2983e-11 -3.6220e-11 -3.9686e-11 -4.3344e-11 -4.7154e-11 -5.1074e-11 -5.5056e-11 -5.9051e-11 -6.3006e-11 -6.6863e-11 -7.0562e-11 -7.4040e-11 -7.7228e-11 -8.0057e-11 -8.2452e-11 -8.4335e-11 -8.5626e-11 -8.6239e-11 -8.6086e-11 -8.5077e-11 -8.3115e-11 -8.0103e-11 
-0000.00050 -5.0004e-04 -5.0003e-04 -5.0003e-04 -5.0003e-04 -5.0002e-04 -5.0002e-04 -5.0002e-04 -5.0002e-04 -5.0001e-04 -5.0001e-04 -5.0001e-04 -5.0001e-04 -5.0000e-04 -5.0000e-04 -5.0000e-04 -5.0000e-04 -5.0000e-04 -4.9999e-04 -4.9999e-04 -4.9999e-04 -4.9999e-04 -4.9998e-04 -4.9998e-04 -4.9998e-04 -4.9998e-04 -4.9998e-04 -4.9997e-04 -4.9997e-04 -4.9997e-04 -4.9997e-04 -4.9996e-04 -4.9996e-04 -4.9996e-04 -4.9996e-04 -4.9996e-04 -4.9995e-04 -4.9995e-04 -4.9995e-04 -4.9995e-04 -4.9994e-04 -4.9994e-04 -4.9994e-04 -4.9994e-04 -4.9994e-04 -4.9993e-04 -4.9993e-04 -4.9993e-04 -4.9993e-04 -4.9992e-04 -4.9992e-04 -4.9992e-04 -4.9992e-04 -4.9991e-04 -4.9991e-04 -4.9991e-04 -4.9990e-04 -4.9990e-04 -4.9990e-04 -4.9990e-04 -4.9989e-04 -4.9989e-04 
-0000.00100 -1.0001e-03 -1.0001e-03 -1.0001e-03 -1.0001e-03 -1.0000e-03 -1.0000e-03 -1.0000e-03 -1.0000e-03 -1.0000e-03 -1.0000e-03 -1.0000e-03 -1.0000e-03 -1.0000e-03 -1.0000e-03 -9.9999e-04 -9.9999e-04 -9.9998e-04 -9.9998e-04 -9.9997e-04 -9.9997e-04 -9.9996e-04 -9.9996e-04 -9.9996e-04 -9.9995e-04 -9.9995e-04 -9.9994e-04 -9.9994e-04 -9.9993e-04 -9.9993e-04 -9.9993e-04 -9.9992e-04 -9.9992e-04 -9.9991e-04 -9.9991e-04 -9.9991e-04 -9.9990e-04 -9.9990e-04 -9.9989e-04 -9.9989e-04 -9.9988e-04 -9.9988e-04 -9.9988e-04 -9.9987e-04 -9.9987e-04 -9.9986e-04 -9.9986e-04 -9.9985e-04 -9.9985e-04 -9.9984e-04 -9.9984e-04 -9.9983e-04 -9.9983e-04 -9.9982e-04 -9.9982e-04 -9.9981e-04 -9.9980e-04 -9.9980e-04 -9.9979e-04 -9.9978e-04 -9.9978e-04 -9.9977e-04 
-0000.00150 -1.5001e-03 -1.5001e-03 -1.5001e-03 -1.5001e-03 -1.5001e-03 -1.5000e-03 -1.5000e-03 -1.5000e-03 -1.5000e-03 -1.5000e-03 -1.5000e-03 -1.5000e-03 -1.5000e-03 -1.5000e-03 -1.5000e-03 -1.5000e-03 -1.5000e-03 -1.4999e-03 -1.4999e-03 -1.4999e-03 -1.4999e-03 -1.4999e-03 -1.4999e-03 -1.4999e-03 -1.4999e-03 -1.4999e-03 -1.4999e-03 -1.4999e-03 -1.4999e-03 -1.4999e-03 -1.4999e-03 -1.4999e-03 -1.4999e-03 -1.4999e-03 -1.4999e-03 -1.4998e-03 -1.4998e-03 -1.4998e-03 -1.4998e-03 -1.4998e-03 -1.4998e-03 -1.4998e-03 -1.4998e-03 -1.4998e-03 -1.4998e-03 -1.4998e-03 -1.4998e-03 -1.4998e-03 -1.4998e-03 -1.4997e-03 -1.4997e-03 -1.4997e-03 -1.4997e-03 -1.4997e-03 -1.4997e-03 -1.4997e-03 -1.4997e-03 -1.4997e-03 -1.4997e-03 -1.4997e-03 -1.4996e-03 
-0000.00200 -2.0001e-03 -2.0001e-03 -2.0001e-03 -2.0001e-03 -2.0001e-03 -2.0001e-03 -2.0000e-03 -2.0000e-03 -2.0000e-03 -2.0000e-03 -2.0000e-03 -2.0000e-03 -2.0000e-03 -2.0000e-03 -1.9999e-03 -1.9999e-03 -1.9999e-03 -1.9999e-03 -1.9999e-03 -1.9999e-03 -1.9999e-03 -1.9999e-03 -1.9999e-03 -1.9999e-03 -1.9999e-03 -1.9998e-03 -1.9998e-03 -1.9998e-03 -1.9998e-03 -1.9998e-03 -1.9998e-03 -1.9998e-03 -1.9998e-03 -1.9998e-03 -1.9998e-03 -1.9998e-03 -1.9998e-03 -1.9998e-03 -1.9997e-03 -1.9997e-03 -1.9997e-03 -1.9997e-03 -1.9997e-03 -1.9997e-03 -1.9997e-03 -1.9997e-03 -1.9997e-03 -1.9997e-03 -1.9997e-03 -1.9996e-03 -1.9996e-03 -1.9996e-03 -1.9996e-03 -1.9996e-03 -1.9996e-03 -1.9996e-03 -1.9996e-03 -1.9995e-03 -1.9995e-03 -1.9995e-03 -1.9995e-03 