# Author: FAC idanalysis.IDKickMap
# Termination_kicks [T2m2]: +0.0000e+00 +0.0000e+00 +0.0000e+00 +0.0000e+00 
# Total Length of Longitudinal Interval [m]
0.13
# Number of Horizontal Points
61
# Number of Vertical Points
9
# Total Horizontal 2nd Order Kick [T2m2]
START
            -0000.01000 -0000.00967 -0000.00933 -0000.00900 -0000.00867 -0000.00833 -0000.00800 -0000.00767 -0000.00733 -0000.00700 -0000.00667 -0000.00633 -0000.00600 -0000.00567 -0000.00533 -0000.00500 -0000.00467 -0000.00433 -0000.00400 -0000.00367 -0000.00333 -0000.00300 -0000.00267 -0000.00233 -0000.00200 -0000.00167 -0000.00133 -0000.00100 -0000.00067 -0000.00033 +0000.00000 +0000.00033 +0000.00067 +0000.00100 +0000.00133 +0000.00167 +0000.00200 +0000.00233 +0000.00267 +0000.00300 +0000.00333 +0000.00367 +0000.00400 +0000.00433 +0000.00467 +0000.00500 +0000.00533 +0000.00567 +0000.00600 +0000.00633 +0000.00667 +0000.00700 +0000.00733 +0000.00767 +0000.00800 +0000.00833 +0000.00867 +0000.00900 +0000.00933 +0000.00967 +0000.01000 
+0000.00200 -1.3146e-04 -1.2271e-04 -1.1423e-04 -1.0602e-04 -9.8090e-05 -9.0440e-05 -8.3070e-05 -7.5990e-05 -6.9180e-05 -6.2670e-05 -5.6450e-05 -5.0510e-05 -4.4870e-05 -3.9530e-05 -3.4480e-05 -2.9730e-05 -2.5270e-05 -2.1120e-05 -1.7270e-05 -1.3720e-05 -1.0480e-05 -7.5400e-06 -4.9000e-06 -2.5700e-06 -5.5000e-07 +1.1700e-06 +2.5700e-06 +3.6700e-06 +4.4700e-06 +4.9500e-06 +5.1200e-06 +4.9900e-06 +4.5500e-06 +3.8000e-06 +2.7400e-06 +1.3700e-06 -3.0000e-07 -2.2800e-06 -4.5600e-06 -7.1500e-06 -1.0050e-05 -1.3250e-05 -1.6750e-05 -2.0550e-05 -2.4650e-05 -2.9050e-05 -3.3750e-05 -3.8740e-05 -4.4030e-05 -4.9610e-05 -5.5480e-05 -6.1640e-05 -6.8080e-05 -7.4810e-05 -8.1830e-05 -8.9130e-05 -9.6700e-05 -1.0455e-04 -1.1267e-04 -1.2107e-04 -1.2973e-04 
+0000.00150 -1.3172e-04 -1.2345e-04 -1.1538e-04 -1.0753e-04 -9.9900e-05 -9.2510e-05 -8.5340e-05 -7.8430e-05 -7.1760e-05 -6.5340e-05 -5.9190e-05 -5.3300e-05 -4.7690e-05 -4.2350e-05 -3.7290e-05 -3.2510e-05 -2.8020e-05 -2.3830e-05 -1.9930e-05 -1.6330e-05 -1.3030e-05 -1.0040e-05 -7.3500e-06 -4.9800e-06 -2.9100e-06 -1.1600e-06 +2.8000e-07 +1.4100e-06 +2.2100e-06 +2.7100e-06 +2.8800e-06 +2.7400e-06 +2.2800e-06 +1.5000e-06 +4.1000e-07 -9.9000e-07 -2.7100e-06 -4.7400e-06 -7.0800e-06 -9.7200e-06 -1.2670e-05 -1.5930e-05 -1.9480e-05 -2.3330e-05 -2.7470e-05 -3.1900e-05 -3.6620e-05 -4.1610e-05 -4.6890e-05 -5.2430e-05 -5.8240e-05 -6.4310e-05 -7.0640e-05 -7.7220e-05 -8.4040e-05 -9.1100e-05 -9.8390e-05 -1.0590e-04 -1.1363e-04 -1.2157e-04 -1.2971e-04 
+0000.00100 -1.3173e-04 -1.2382e-04 -1.1607e-04 -1.0850e-04 -1.0110e-04 -9.3900e-05 -8.6910e-05 -8.0120e-05 -7.3560e-05 -6.7220e-05 -6.1130e-05 -5.5280e-05 -4.9680e-05 -4.4350e-05 -3.9290e-05 -3.4500e-05 -2.9990e-05 -2.5760e-05 -2.1830e-05 -1.8190e-05 -1.4860e-05 -1.1830e-05 -9.1000e-06 -6.6900e-06 -4.6000e-06 -2.8200e-06 -1.3500e-06 -2.1000e-07 +6.1000e-07 +1.1000e-06 +1.2800e-06 +1.1300e-06 +6.6000e-07 -1.3000e-07 -1.2500e-06 -2.6800e-06 -4.4300e-06 -6.4900e-06 -8.8700e-06 -1.1550e-05 -1.4540e-05 -1.7840e-05 -2.1430e-05 -2.5310e-05 -2.9480e-05 -3.3930e-05 -3.8660e-05 -4.3650e-05 -4.8910e-05 -5.4430e-05 -6.0190e-05 -6.6190e-05 -7.2430e-05 -7.8890e-05 -8.5560e-05 -9.2440e-05 -9.9520e-05 -1.0677e-04 -1.1421e-04 -1.2180e-04 -1.2955e-04 
+0000.00050 -1.3166e-04 -1.2398e-04 -1.1644e-04 -1.0903e-04 -1.0179e-04 -9.4710e-05 -8.7820e-05 -8.1120e-05 -7.4620e-05 -6.8340e-05 -6.2280e-05 -5.6460e-05 -5.0880e-05 -4.5560e-05 -4.0490e-05 -3.5690e-05 -3.1170e-05 -2.6930e-05 -2.2980e-05 -1.9320e-05 -1.5960e-05 -1.2910e-05 -1.0160e-05 -7.7300e-06 -5.6100e-06 -3.8200e-06 -2.3400e-06 -1.1900e-06 -3.6000e-07 +1.4000e-07 +3.2000e-07 +1.7000e-07 -3.1000e-07 -1.1100e-06 -2.2400e-06 -3.6900e-06 -5.4600e-06 -7.5400e-06 -9.9400e-06 -1.2650e-05 -1.5670e-05 -1.8980e-05 -2.2590e-05 -2.6490e-05 -3.0680e-05 -3.5140e-05 -3.9870e-05 -4.4870e-05 -5.0120e-05 -5.5610e-05 -6.1350e-05 -6.7310e-05 -7.3480e-05 -7.9870e-05 -8.6450e-05 -9.3220e-05 -1.0016e-04 -1.0726e-04 -1.1450e-04 -1.2188e-04 -1.2939e-04 
+0000.00000 -1.3163e-04 -1.2403e-04 -1.1655e-04 -1.0921e-04 -1.0201e-04 -9.4980e-05 -8.8120e-05 -8.1450e-05 -7.4980e-05 -6.8710e-05 -6.2670e-05 -5.6850e-05 -5.1280e-05 -4.5960e-05 -4.0890e-05 -3.6090e-05 -3.1560e-05 -2.7320e-05 -2.3360e-05 -1.9690e-05 -1.6330e-05 -1.3270e-05 -1.0510e-05 -8.0700e-06 -5.9500e-06 -4.1500e-06 -2.6700e-06 -1.5100e-06 -6.8000e-07 -1.8000e-07 +0.0000e+00 -1.5000e-07 -6.3000e-07 -1.4400e-06 -2.5700e-06 -4.0300e-06 -5.8000e-06 -7.8900e-06 -1.0300e-05 -1.3020e-05 -1.6040e-05 -1.9360e-05 -2.2980e-05 -2.6890e-05 -3.1080e-05 -3.5540e-05 -4.0280e-05 -4.5270e-05 -5.0520e-05 -5.6010e-05 -6.1730e-05 -6.7680e-05 -7.3840e-05 -8.0200e-05 -8.6750e-05 -9.3470e-05 -1.0037e-04 -1.0741e-04 -1.1460e-04 -1.2191e-04 -1.2933e-04 
-0000.00050 -1.3166e-04 -1.2398e-04 -1.1644e-04 -1.0903e-04 -1.0179e-04 -9.4710e-05 -8.7820e-05 -8.1120e-05 -7.4620e-05 -6.8340e-05 -6.2280e-05 -5.6460e-05 -5.0880e-05 -4.5560e-05 -4.0490e-05 -3.5690e-05 -3.1170e-05 -2.6930e-05 -2.2980e-05 -1.9320e-05 -1.5960e-05 -1.2910e-05 -1.0160e-05 -7.7300e-06 -5.6100e-06 -3.8200e-06 -2.3400e-06 -1.1900e-06 -3.6000e-07 +1.4000e-07 +3.2000e-07 +1.7000e-07 -3.1000e-07 -1.1100e-06 -2.2400e-06 -3.6900e-06 -5.4600e-06 -7.5400e-06 -9.9400e-06 -1.2650e-05 -1.5660e-05 -1.8980e-05 -2.2590e-05 -2.6490e-05 -3.0680e-05 -3.5140e-05 -3.9870e-05 -4.4870e-05 -5.0120e-05 -5.5610e-05 -6.1350e-05 -6.7310e-05 -7.3480e-05 -7.9870e-05 -8.6450e-05 -9.3220e-05 -1.0016e-04 -1.0726e-04 -1.1450e-04 -1.2189e-04 -1.2939e-04 
-0000.00100 -1.3173e-04 -1.2382e-04 -1.1607e-04 -1.0850e-04 -1.0110e-04 -9.3900e-05 -8.6910e-05 -8.0120e-05 -7.3560e-05 -6.7220e-05 -6.1130e-05 -5.5280e-05 -4.9690e-05 -4.4350e-05 -3.9290e-05 -3.4500e-05 -2.9990e-05 -2.5760e-05 -2.1830e-05 -1.8190e-05 -1.4860e-05 -1.1830e-05 -9.1000e-06 -6.6900e-06 -4.6000e-06 -2.8200e-06 -1.3500e-06 -2.1000e-07 +6.1000e-07 +1.1100e-06 +1.2800e-06 +1.1300e-06 +6.6000e-07 -1.3000e-07 -1.2400e-06 -2.6800e-06 -4.4300e-06 -6.4900e-06 -8.8700e-06 -1.1550e-05 -1.4540e-05 -1.7830e-05 -2.1420e-05 -2.5310e-05 -2.9480e-05 -3.3930e-05 -3.8650e-05 -4.3650e-05 -4.8910e-05 -5.4420e-05 -6.0190e-05 -6.6190e-05 -7.2430e-05 -7.8890e-05 -8.5560e-05 -9.2440e-05 -9.9520e-05 -1.0678e-04 -1.1421e-04 -1.2180e-04 -1.2955e-04 
-0000.00150 -1.3172e-04 -1.2345e-04 -1.1538e-04 -1.0753e-04 -9.9900e-05 -9.2510e-05 -8.5350e-05 -7.8430e-05 -7.1760e-05 -6.5350e-05 -5.9190e-05 -5.3300e-05 -4.7690e-05 -4.2350e-05 -3.7290e-05 -3.2510e-05 -2.8020e-05 -2.3830e-05 -1.9930e-05 -1.6330e-05 -1.3030e-05 -1.0040e-05 -7.3500e-06 -4.9800e-06 -2.9100e-06 -1.1600e-06 +2.8000e-07 +1.4100e-06 +2.2100e-06 +2.7100e-06 +2.8800e-06 +2.7400e-06 +2.2800e-06 +1.5000e-06 +4.1000e-07 -9.9000e-07 -2.7100e-06 -4.7400e-06 -7.0800e-06 -9.7200e-06 -1.2670e-05 -1.5930e-05 -1.9480e-05 -2.3330e-05 -2.7470e-05 -3.1900e-05 -3.6620e-05 -4.1610e-05 -4.6890e-05 -5.2430e-05 -5.8240e-05 -6.4320e-05 -7.0640e-05 -7.7220e-05 -8.4040e-05 -9.1100e-05 -9.8390e-05 -1.0591e-04 -1.1364e-04 -1.2158e-04 -1.2972e-04 
-0000.00200 -1.3146e-04 -1.2271e-04 -1.1423e-04 -1.0602e-04 -9.8090e-05 -9.0440e-05 -8.3070e-05 -7.5980e-05 -6.9180e-05 -6.2670e-05 -5.6450e-05 -5.0510e-05 -4.4870e-05 -3.9530e-05 -3.4480e-05 -2.9730e-05 -2.5280e-05 -2.1120e-05 -1.7270e-05 -1.3720e-05 -1.0480e-05 -7.5400e-06 -4.9000e-06 -2.5700e-06 -5.5000e-07 +1.1600e-06 +2.5700e-06 +3.6700e-06 +4.4600e-06 +4.9500e-06 +5.1200e-06 +4.9900e-06 +4.5500e-06 +3.8000e-06 +2.7400e-06 +1.3700e-06 -3.0000e-07 -2.2800e-06 -4.5600e-06 -7.1500e-06 -1.0050e-05 -1.3250e-05 -1.6750e-05 -2.0550e-05 -2.4650e-05 -2.9050e-05 -3.3740e-05 -3.8740e-05 -4.4020e-05 -4.9600e-05 -5.5480e-05 -6.1640e-05 -6.8080e-05 -7.4810e-05 -8.1830e-05 -8.9130e-05 -9.6700e-05 -1.0455e-04 -1.1267e-04 -1.2107e-04 -1.2973e-04 
# Total Vertical 2nd Order Kick [T2m2]
START
            -0000.01000 -0000.00967 -0000.00933 -0000.00900 -0000.00867 -0000.00833 -0000.00800 -0000.00767 -0000.00733 -0000.00700 -0000.00667 -0000.00633 -0000.00600 -0000.00567 -0000.00533 -0000.00500 -0000.00467 -0000.00433 -0000.00400 -0000.00367 -0000.00333 -0000.00300 -0000.00267 -0000.00233 -0000.00200 -0000.00167 -0000.00133 -0000.00100 -0000.00067 -0000.00033 +0000.00000 +0000.00033 +0000.00067 +0000.00100 +0000.00133 +0000.00167 +0000.00200 +0000.00233 +0000.00267 +0000.00300 +0000.00333 +0000.00367 +0000.00400 +0000.00433 +0000.00467 +0000.00500 +0000.00533 +0000.00567 +0000.00600 +0000.00633 +0000.00667 +0000.00700 +0000.00733 +0000.00767 +0000.00800 +0000.00833 +0000.00867 +0000.00900 +0000.00933 +0000.00967 +0000.01000 
+0000.00200 -1.0417e-04 -1.0361e-04 -1.0295e-04 -1.0220e-04 -1.0137e-04 -1.0044e-04 -9.9435e-05 -9.8345e-05 -9.7178e-05 -9.5936e-05 -9.4622e-05 -9.3239e-05 -9.1790e-05 -9.0279e-05 -8.8708e-05 -8.7082e-05 -8.5402e-05 -8.3672e-05 -8.1896e-05 -8.0077e-05 -7.8218e-05 -7.6322e-05 -7.4393e-05 -7.2434e-05 -7.0449e-05 -6.8442e-05 -6.6414e-05 -6.4371e-05 -6.2316e-05 -6.0251e-05 -5.8182e-05 -5.6111e-05 -5.4042e-05 -5.1979e-05 -4.9925e-05 -4.7885e-05 -4.5862e-05 -4.3859e-05 -4.1881e-05 -3.9931e-05 -3.8014e-05 -3.6132e-05 -3.4291e-05 -3.2494e-05 -3.0745e-05 -2.9048e-05 -2.7408e-05 -2.5827e-05 -2.4310e-05 -2.2862e-05 -2.1487e-05 -2.0188e-05 -1.8970e-05 -1.7837e-05 -1.6793e-05 -1.5843e-05 -1.4991e-05 -1.4242e-05 -1.3599e-05 -1.3067e-05 -1.2650e-05 
+0000.00150 -7.2375e-05 -7.2086e-05 -7.1715e-05 -7.1265e-05 -7.0738e-05 -7.0137e-05 -6.9464e-05 -6.8721e-05 -6.7913e-05 -6.7040e-05 -6.6106e-05 -6.5114e-05 -6.4066e-05 -6.2964e-05 -6.1813e-05 -6.0613e-05 -5.9369e-05 -5.8083e-05 -5.6757e-05 -5.5396e-05 -5.4000e-05 -5.2574e-05 -5.1119e-05 -4.9640e-05 -4.8139e-05 -4.6619e-05 -4.5083e-05 -4.3533e-05 -4.1974e-05 -4.0407e-05 -3.8836e-05 -3.7264e-05 -3.5694e-05 -3.4129e-05 -3.2573e-05 -3.1027e-05 -2.9497e-05 -2.7984e-05 -2.6491e-05 -2.5023e-05 -2.3582e-05 -2.2172e-05 -2.0795e-05 -1.9456e-05 -1.8156e-05 -1.6901e-05 -1.5692e-05 -1.4534e-05 -1.3430e-05 -1.2382e-05 -1.1395e-05 -1.0472e-05 -9.6172e-06 -8.8326e-06 -8.1223e-06 -7.4899e-06 -6.9388e-06 -6.4727e-06 -6.0951e-06 -5.8095e-06 -5.6195e-06 
+0000.00100 -4.5638e-05 -4.5513e-05 -4.5328e-05 -4.5085e-05 -4.4785e-05 -4.4431e-05 -4.4025e-05 -4.3568e-05 -4.3063e-05 -4.2511e-05 -4.1914e-05 -4.1275e-05 -4.0596e-05 -3.9878e-05 -3.9123e-05 -3.8334e-05 -3.7512e-05 -3.6659e-05 -3.5779e-05 -3.4872e-05 -3.3940e-05 -3.2987e-05 -3.2013e-05 -3.1022e-05 -3.0014e-05 -2.8994e-05 -2.7961e-05 -2.6919e-05 -2.5870e-05 -2.4816e-05 -2.3759e-05 -2.2702e-05 -2.1646e-05 -2.0594e-05 -1.9548e-05 -1.8510e-05 -1.7483e-05 -1.6469e-05 -1.5470e-05 -1.4488e-05 -1.3526e-05 -1.2586e-05 -1.1670e-05 -1.0782e-05 -9.9222e-06 -9.0939e-06 -8.2993e-06 -7.5410e-06 -6.8212e-06 -6.1424e-06 -5.5070e-06 -4.9175e-06 -4.3761e-06 -3.8856e-06 -3.4481e-06 -3.0664e-06 -2.7427e-06 -2.4797e-06 -2.2799e-06 -2.1456e-06 -2.0796e-06 
+0000.00050 -2.2059e-05 -2.2018e-05 -2.1945e-05 -2.1841e-05 -2.1707e-05 -2.1545e-05 -2.1355e-05 -2.1138e-05 -2.0896e-05 -2.0629e-05 -2.0339e-05 -2.0027e-05 -1.9693e-05 -1.9339e-05 -1.8965e-05 -1.8574e-05 -1.8165e-05 -1.7741e-05 -1.7301e-05 -1.6848e-05 -1.6382e-05 -1.5904e-05 -1.5416e-05 -1.4919e-05 -1.4413e-05 -1.3901e-05 -1.3382e-05 -1.2858e-05 -1.2331e-05 -1.1801e-05 -1.1269e-05 -1.0738e-05 -1.0207e-05 -9.6783e-06 -9.1528e-06 -8.6317e-06 -8.1161e-06 -7.6073e-06 -7.1065e-06 -6.6148e-06 -6.1334e-06 -5.6636e-06 -5.2066e-06 -4.7635e-06 -4.3356e-06 -3.9242e-06 -3.5304e-06 -3.1555e-06 -2.8007e-06 -2.4673e-06 -2.1565e-06 -1.8696e-06 -1.6078e-06 -1.3725e-06 -1.1648e-06 -9.8613e-07 -8.3765e-07 -7.2069e-07 -6.3654e-07 -5.8650e-07 -5.7187e-07 
+0000.00000 +9.5830e-10 +6.5730e-10 +3.9840e-10 +1.7830e-10 -6.3000e-12 -1.5840e-10 -2.8090e-10 -3.7670e-10 -4.4860e-10 -4.9910e-10 -5.3060e-10 -5.4570e-10 -5.4650e-10 -5.3520e-10 -5.1390e-10 -4.8430e-10 -4.4840e-10 -4.0770e-10 -3.6390e-10 -3.1830e-10 -2.7240e-10 -2.2730e-10 -1.8410e-10 -1.4380e-10 -1.0720e-10 -7.5200e-11 -4.8200e-11 -2.6900e-11 -1.1600e-11 -2.6000e-12 +0.0000e+00 -4.0000e-12 -1.4400e-11 -3.1000e-11 -5.3600e-11 -8.1700e-11 -1.1480e-10 -1.5220e-10 -1.9310e-10 -2.3680e-10 -2.8200e-10 -3.2790e-10 -3.7300e-10 -4.1610e-10 -4.5560e-10 -4.9010e-10 -5.1770e-10 -5.3680e-10 -5.4520e-10 -5.4110e-10 -5.2210e-10 -4.8610e-10 -4.3070e-10 -3.5320e-10 -2.5110e-10 -1.2170e-10 +3.8000e-11 +2.3090e-10 +4.6020e-10 +7.2900e-10 +1.0406e-09 
-0000.00050 +2.2062e-05 +2.2020e-05 +2.1946e-05 +2.1842e-05 +2.1708e-05 +2.1545e-05 +2.1355e-05 +2.1138e-05 +2.0896e-05 +2.0629e-05 +2.0339e-05 +2.0026e-05 +1.9693e-05 +1.9338e-05 +1.8965e-05 +1.8574e-05 +1.8165e-05 +1.7741e-05 +1.7301e-05 +1.6848e-05 +1.6382e-05 +1.5905e-05 +1.5417e-05 +1.4919e-05 +1.4414e-05 +1.3901e-05 +1.3382e-05 +1.2859e-05 +1.2331e-05 +1.1801e-05 +1.1270e-05 +1.0738e-05 +1.0207e-05 +9.6784e-06 +9.1528e-06 +8.6316e-06 +8.1160e-06 +7.6071e-06 +7.1062e-06 +6.6144e-06 +6.1329e-06 +5.6631e-06 +5.2059e-06 +4.7628e-06 +4.3348e-06 +3.9233e-06 +3.5294e-06 +3.1545e-06 +2.7997e-06 +2.4663e-06 +2.1556e-06 +1.8687e-06 +1.6071e-06 +1.3719e-06 +1.1644e-06 +9.8587e-07 +8.3769e-07 +7.2110e-07 +6.3739e-07 +5.8786e-07 +5.7382e-07 
-0000.00100 +4.5640e-05 +4.5514e-05 +4.5329e-05 +4.5085e-05 +4.4785e-05 +4.4431e-05 +4.4024e-05 +4.3568e-05 +4.3062e-05 +4.2510e-05 +4.1914e-05 +4.1275e-05 +4.0595e-05 +3.9877e-05 +3.9122e-05 +3.8333e-05 +3.7511e-05 +3.6659e-05 +3.5779e-05 +3.4872e-05 +3.3940e-05 +3.2987e-05 +3.2014e-05 +3.1022e-05 +3.0015e-05 +2.8994e-05 +2.7962e-05 +2.6920e-05 +2.5871e-05 +2.4817e-05 +2.3760e-05 +2.2702e-05 +2.1647e-05 +2.0594e-05 +1.9548e-05 +1.8511e-05 +1.7483e-05 +1.6469e-05 +1.5470e-05 +1.4488e-05 +1.3526e-05 +1.2586e-05 +1.1671e-05 +1.0782e-05 +9.9215e-06 +9.0931e-06 +8.2985e-06 +7.5401e-06 +6.8203e-06 +6.1415e-06 +5.5061e-06 +4.9166e-06 +4.3753e-06 +3.8849e-06 +3.4476e-06 +3.0661e-06 +2.7427e-06 +2.4800e-06 +2.2805e-06 +2.1467e-06 +2.0812e-06 
-0000.00150 +7.2376e-05 +7.2087e-05 +7.1716e-05 +7.1265e-05 +7.0738e-05 +7.0136e-05 +6.9463e-05 +6.8721e-05 +6.7912e-05 +6.7039e-05 +6.6106e-05 +6.5113e-05 +6.4065e-05 +6.2964e-05 +6.1812e-05 +6.0613e-05 +5.9369e-05 +5.8083e-05 +5.6757e-05 +5.5396e-05 +5.4000e-05 +5.2574e-05 +5.1120e-05 +4.9641e-05 +4.8140e-05 +4.6620e-05 +4.5083e-05 +4.3534e-05 +4.1974e-05 +4.0407e-05 +3.8837e-05 +3.7265e-05 +3.5695e-05 +3.4130e-05 +3.2573e-05 +3.1028e-05 +2.9497e-05 +2.7984e-05 +2.6492e-05 +2.5023e-05 +2.3582e-05 +2.2172e-05 +2.0795e-05 +1.9456e-05 +1.8156e-05 +1.6901e-05 +1.5692e-05 +1.4534e-05 +1.3429e-05 +1.2382e-05 +1.1395e-05 +1.0472e-05 +9.6162e-06 +8.8317e-06 +8.1215e-06 +7.4892e-06 +6.9384e-06 +6.4725e-06 +6.0951e-06 +5.8099e-06 +5.6204e-06 
-0000.00200 +1.0417e-04 +1.0361e-04 +1.0295e-04 +1.0221e-04 +1.0137e-04 +1.0044e-04 +9.9433e-05 +9.8343e-05 +9.7176e-05 +9.5934e-05 +9.4620e-05 +9.3237e-05 +9.1789e-05 +9.0278e-05 +8.8707e-05 +8.7081e-05 +8.5401e-05 +8.3672e-05 +8.1896e-05 +8.0077e-05 +7.8218e-05 +7.6322e-05 +7.4394e-05 +7.2435e-05 +7.0450e-05 +6.8443e-05 +6.6415e-05 +6.4372e-05 +6.2317e-05 +6.0253e-05 +5.8183e-05 +5.6113e-05 +5.4044e-05 +5.1980e-05 +4.9927e-05 +4.7886e-05 +4.5863e-05 +4.3860e-05 +4.1882e-05 +3.9932e-05 +3.8014e-05 +3.6133e-05 +3.4292e-05 +3.2495e-05 +3.0745e-05 +2.9048e-05 +2.7407e-05 +2.5826e-05 +2.4310e-05 +2.2862e-05 +2.1486e-05 +2.0187e-05 +1.8969e-05 +1.7836e-05 +1.6792e-05 +1.5843e-05 +1.4991e-05 +1.4241e-05 +1.3598e-05 +1.3067e-05 +1.2651e-05 
# Horizontal Final Position [m]
START
            -0000.01000 -0000.00967 -0000.00933 -0000.00900 -0000.00867 -0000.00833 -0000.00800 -0000.00767 -0000.00733 -0000.00700 -0000.00667 -0000.00633 -0000.00600 -0000.00567 -0000.00533 -0000.00500 -0000.00467 -0000.00433 -0000.00400 -0000.00367 -0000.00333 -0000.00300 -0000.00267 -0000.00233 -0000.00200 -0000.00167 -0000.00133 -0000.00100 -0000.00067 -0000.00033 +0000.00000 +0000.00033 +0000.00067 +0000.00100 +0000.00133 +0000.00167 +0000.00200 +0000.00233 +0000.00267 +0000.00300 +0000.00333 +0000.00367 +0000.00400 +0000.00433 +0000.00467 +0000.00500 +0000.00533 +0000.00567 +0000.00600 +0000.00633 +0000.00667 +0000.00700 +0000.00733 +0000.00767 +0000.00800 +0000.00833 +0000.00867 +0000.00900 +0000.00933 +0000.00967 +0000.01000 
+0000.00200 -1.0002e-02 -9.6689e-03 -9.3356e-03 -9.0023e-03 -8.6690e-03 -8.3357e-03 -8.0024e-03 -7.6691e-03 -7.3358e-03 -7.0025e-03 -6.6692e-03 -6.3359e-03 -6.0026e-03 -5.6693e-03 -5.3359e-03 -5.0026e-03 -4.6693e-03 -4.3360e-03 -4.0027e-03 -3.6694e-03 -3.3361e-03 -3.0028e-03 -2.6694e-03 -2.3361e-03 -2.0028e-03 -1.6695e-03 -1.3361e-03 -1.0028e-03 -6.6948e-04 -3.3615e-04 -2.8176e-06 +3.3052e-04 +6.6385e-04 +9.9719e-04 +1.3305e-03 +1.6639e-03 +1.9972e-03 +2.3306e-03 +2.6639e-03 +2.9972e-03 +3.3306e-03 +3.6639e-03 +3.9973e-03 +4.3306e-03 +4.6640e-03 +4.9974e-03 +5.3307e-03 +5.6641e-03 +5.9974e-03 +6.3308e-03 +6.6641e-03 +6.9975e-03 +7.3309e-03 +7.6642e-03 +7.9976e-03 +8.3310e-03 +8.6643e-03 +8.9977e-03 +9.3311e-03 +9.6644e-03 +9.9978e-03 
+0000.00150 -1.0002e-02 -9.6689e-03 -9.3356e-03 -9.0023e-03 -8.6690e-03 -8.3357e-03 -8.0024e-03 -7.6691e-03 -7.3358e-03 -7.0025e-03 -6.6692e-03 -6.3359e-03 -6.0025e-03 -5.6692e-03 -5.3359e-03 -5.0026e-03 -4.6693e-03 -4.3360e-03 -4.0027e-03 -3.6694e-03 -3.3361e-03 -3.0027e-03 -2.6694e-03 -2.3361e-03 -2.0028e-03 -1.6695e-03 -1.3361e-03 -1.0028e-03 -6.6947e-04 -3.3614e-04 -2.8055e-06 +3.3053e-04 +6.6386e-04 +9.9720e-04 +1.3305e-03 +1.6639e-03 +1.9972e-03 +2.3306e-03 +2.6639e-03 +2.9973e-03 +3.3306e-03 +3.6640e-03 +3.9973e-03 +4.3307e-03 +4.6640e-03 +4.9974e-03 +5.3307e-03 +5.6641e-03 +5.9974e-03 +6.3308e-03 +6.6642e-03 +6.9975e-03 +7.3309e-03 +7.6642e-03 +7.9976e-03 +8.3310e-03 +8.6643e-03 +8.9977e-03 +9.3311e-03 +9.6644e-03 +9.9978e-03 
+0000.00100 -1.0002e-02 -9.6689e-03 -9.3356e-03 -9.0023e-03 -8.6690e-03 -8.3357e-03 -8.0024e-03 -7.6691e-03 -7.3358e-03 -7.0025e-03 -6.6692e-03 -6.3359e-03 -6.0025e-03 -5.6692e-03 -5.3359e-03 -5.0026e-03 -4.6693e-03 -4.3360e-03 -4.0027e-03 -3.6694e-03 -3.3361e-03 -3.0027e-03 -2.6694e-03 -2.3361e-03 -2.0028e-03 -1.6694e-03 -1.3361e-03 -1.0028e-03 -6.6947e-04 -3.3614e-04 -2.8049e-06 +3.3053e-04 +6.6386e-04 +9.9720e-04 +1.3305e-03 +1.6639e-03 +1.9972e-03 +2.3306e-03 +2.6639e-03 +2.9973e-03 +3.3306e-03 +3.6640e-03 +3.9973e-03 +4.3307e-03 +4.6640e-03 +4.9974e-03 +5.3307e-03 +5.6641e-03 +5.9974e-03 +6.3308e-03 +6.6642e-03 +6.9975e-03 +7.3309e-03 +7.6642e-03 +7.9976e-03 +8.3310e-03 +8.6643e-03 +8.9977e-03 +9.3311e-03 +9.6644e-03 +9.9978e-03 
+0000.00050 -1.0002e-02 -9.6689e-03 -9.3356e-03 -9.0023e-03 -8.6690e-03 -8.3357e-03 -8.0024e-03 -7.6691e-03 -7.3358e-03 -7.0025e-03 -6.6692e-03 -6.3359e-03 -6.0025e-03 -5.6692e-03 -5.3359e-03 -5.0026e-03 -4.6693e-03 -4.3360e-03 -4.0027e-03 -3.6694e-03 -3.3361e-03 -3.0027e-03 -2.6694e-03 -2.3361e-03 -2.0028e-03 -1.6694e-03 -1.3361e-03 -1.0028e-03 -6.6947e-04 -3.3614e-04 -2.8046e-06 +3.3053e-04 +6.6386e-04 +9.9720e-04 +1.3305e-03 +1.6639e-03 +1.9972e-03 +2.3306e-03 +2.6639e-03 +2.9973e-03 +3.3306e-03 +3.6640e-03 +3.9973e-03 +4.3307e-03 +4.6640e-03 +4.9974e-03 +5.3307e-03 +5.6641e-03 +5.9974e-03 +6.3308e-03 +6.6642e-03 +6.9975e-03 +7.3309e-03 +7.6642e-03 +7.9976e-03 +8.3310e-03 +8.6643e-03 +8.9977e-03 +9.3311e-03 +9.6644e-03 +9.9978e-03 
+0000.00000 -1.0002e-02 -9.6689e-03 -9.3356e-03 -9.0023e-03 -8.6690e-03 -8.3357e-03 -8.0024e-03 -7.6691e-03 -7.3358e-03 -7.0025e-03 -6.6692e-03 -6.3359e-03 -6.0025e-03 -5.6692e-03 -5.3359e-03 -5.0026e-03 -4.6693e-03 -4.3360e-03 -4.0027e-03 -3.6694e-03 -3.3361e-03 -3.0027e-03 -2.6694e-03 -2.3361e-03 -2.0028e-03 -1.6694e-03 -1.3361e-03 -1.0028e-03 -6.6947e-04 -3.3614e-04 -2.8045e-06 +3.3053e-04 +6.6386e-04 +9.9720e-04 +1.3305e-03 +1.6639e-03 +1.9972e-03 +2.3306e-03 +2.6639e-03 +2.9973e-03 +3.3306e-03 +3.6640e-03 +3.9973e-03 +4.3307e-03 +4.6640e-03 +4.9974e-03 +5.3307e-03 +5.6641e-03 +5.9974e-03 +6.3308e-03 +6.6642e-03 +6.9975e-03 +7.3309e-03 +7.6642e-03 +7.9976e-03 +8.3310e-03 +8.6643e-03 +8.9977e-03 +9.3311e-03 +9.6644e-03 +9.9978e-03 
-0000.00050 -1.0002e-02 -9.6689e-03 -9.3356e-03 -9.0023e-03 -8.6690e-03 -8.3357e-03 -8.0024e-03 -7.6691e-03 -7.3358e-03 -7.0025e-03 -6.6692e-03 -6.3359e-03 -6.0025e-03 -5.6692e-03 -5.3359e-03 -5.0026e-03 -4.6693e-03 -4.3360e-03 -4.0027e-03 -3.6694e-03 -3.3361e-03 -3.0027e-03 -2.6694e-03 -2.3361e-03 -2.0028e-03 -1.6694e-03 -1.3361e-03 -1.0028e-03 -6.6947e-04 -3.3614e-04 -2.8046e-06 +3.3053e-04 +6.6386e-04 +9.9720e-04 +1.3305e-03 +1.6639e-03 +1.9972e-03 +2.3306e-03 +2.6639e-03 +2.9973e-03 +3.3306e-03 +3.6640e-03 +3.9973e-03 +4.3307e-03 +4.6640e-03 +4.9974e-03 +5.3307e-03 +5.6641e-03 +5.9974e-03 +6.3308e-03 +6.6642e-03 +6.9975e-03 +7.3309e-03 +7.6642e-03 +7.9976e-03 +8.3310e-03 +8.6643e-03 +8.9977e-03 +9.3311e-03 +9.6644e-03 +9.9978e-03 
-0000.00100 -1.0002e-02 -9.6689e-03 -9.3356e-03 -9.0023e-03 -8.6690e-03 -8.3357e-03 -8.0024e-03 -7.6691e-03 -7.3358e-03 -7.0025e-03 -6.6692e-03 -6.3359e-03 -6.0025e-03 -5.6692e-03 -5.3359e-03 -5.0026e-03 -4.6693e-03 -4.3360e-03 -4.0027e-03 -3.6694e-03 -3.3361e-03 -3.0027e-03 -2.6694e-03 -2.3361e-03 -2.0028e-03 -1.6694e-03 -1.3361e-03 -1.0028e-03 -6.6947e-04 -3.3614e-04 -2.8049e-06 +3.3053e-04 +6.6386e-04 +9.9720e-04 +1.3305e-03 +1.6639e-03 +1.9972e-03 +2.3306e-03 +2.6639e-03 +2.9973e-03 +3.3306e-03 +3.6640e-03 +3.9973e-03 +4.3307e-03 +4.6640e-03 +4.9974e-03 +5.3307e-03 +5.6641e-03 +5.9974e-03 +6.3308e-03 +6.6642e-03 +6.9975e-03 +7.3309e-03 +7.6642e-03 +7.9976e-03 +8.3310e-03 +8.6643e-03 +8.9977e-03 +9.3311e-03 +9.6644e-03 +9.9978e-03 
-0000.00150 -1.0002e-02 -9.6689e-03 -9.3356e-03 -9.0023e-03 -8.6690e-03 -8.3357e-03 -8.0024e-03 -7.6691e-03 -7.3358e-03 -7.0025e-03 -6.6692e-03 -6.3359e-03 -6.0025e-03 -5.6692e-03 -5.3359e-03 -5.0026e-03 -4.6693e-03 -4.3360e-03 -4.0027e-03 -3.6694e-03 -3.3361e-03 -3.0027e-03 -2.6694e-03 -2.3361e-03 -2.0028e-03 -1.6695e-03 -1.3361e-03 -1.0028e-03 -6.6947e-04 -3.3614e-04 -2.8055e-06 +3.3053e-04 +6.6386e-04 +9.9720e-04 +1.3305e-03 +1.6639e-03 +1.9972e-03 +2.3306e-03 +2.6639e-03 +2.9973e-03 +3.3306e-03 +3.6640e-03 +3.9973e-03 +4.3307e-03 +4.6640e-03 +4.9974e-03 +5.3307e-03 +5.6641e-03 +5.9974e-03 +6.3308e-03 +6.6642e-03 +6.9975e-03 +7.3309e-03 +7.6642e-03 +7.9976e-03 +8.3310e-03 +8.6643e-03 +8.9977e-03 +9.3311e-03 +9.6644e-03 +9.9978e-03 
-0000.00200 -1.0002e-02 -9.6689e-03 -9.3356e-03 -9.0023e-03 -8.6690e-03 -8.3357e-03 -8.0024e-03 -7.6691e-03 -7.3358e-03 -7.0025e-03 -6.6692e-03 -6.3359e-03 -6.0026e-03 -5.6693e-03 -5.3359e-03 -5.0026e-03 -4.6693e-03 -4.3360e-03 -4.0027e-03 -3.6694e-03 -3.3361e-03 -3.0028e-03 -2.6694e-03 -2.3361e-03 -2.0028e-03 -1.6695e-03 -1.3361e-03 -1.0028e-03 -6.6948e-04 -3.3615e-04 -2.8176e-06 +3.3052e-04 +6.6385e-04 +9.9719e-04 +1.3305e-03 +1.6639e-03 +1.9972e-03 +2.3306e-03 +2.6639e-03 +2.9972e-03 +3.3306e-03 +3.6639e-03 +3.9973e-03 +4.3306e-03 +4.6640e-03 +4.9974e-03 +5.3307e-03 +5.6641e-03 +5.9974e-03 +6.3308e-03 +6.6641e-03 +6.9975e-03 +7.3309e-03 +7.6642e-03 +7.9976e-03 +8.3310e-03 +8.6643e-03 +8.9977e-03 +9.3311e-03 +9.6644e-03 +9.9978e-03 
# Vertical Final Position [m]
START
            -0000.01000 -0000.00967 -0000.00933 -0000.00900 -0000.00867 -0000.00833 -0000.00800 -0000.00767 -0000.00733 -0000.00700 -0000.00667 -0000.00633 -0000.00600 -0000.00567 -0000.00533 -0000.00500 -0000.00467 -0000.00433 -0000.00400 -0000.00367 -0000.00333 -0000.00300 -0000.00267 -0000.00233 -0000.00200 -0000.00167 -0000.00133 -0000.00100 -0000.00067 -0000.00033 +0000.00000 +0000.00033 +0000.00067 +0000.00100 +0000.00133 +0000.00167 +0000.00200 +0000.00233 +0000.00267 +0000.00300 +0000.00333 +0000.00367 +0000.00400 +0000.00433 +0000.00467 +0000.00500 +0000.00533 +0000.00567 +0000.00600 +0000.00633 +0000.00667 +0000.00700 +0000.00733 +0000.00767 +0000.00800 +0000.00833 +0000.00867 +0000.00900 +0000.00933 +0000.00967 +0000.01000 
+0000.00200 +2.0002e-03 +2.0002e-03 +2.0002e-03 +2.0002e-03 +2.0002e-03 +2.0001e-03 +2.0001e-03 +2.0001e-03 +2.0001e-03 +2.0001e-03 +2.0001e-03 +2.0001e-03 +2.0001e-03 +2.0001e-03 +2.0001e-03 +2.0001e-03 +2.0001e-03 +2.0001e-03 +2.0000e-03 +2.0000e-03 +2.0000e-03 +2.0000e-03 +2.0000e-03 +2.0000e-03 +2.0000e-03 +2.0000e-03 +2.0000e-03 +2.0000e-03 +2.0000e-03 +1.9999e-03 +1.9999e-03 +1.9999e-03 +1.9999e-03 +1.9999e-03 +1.9999e-03 +1.9999e-03 +1.9999e-03 +1.9999e-03 +1.9999e-03 +1.9999e-03 +1.9998e-03 +1.9998e-03 +1.9998e-03 +1.9998e-03 +1.9998e-03 +1.9998e-03 +1.9998e-03 +1.9998e-03 +1.9998e-03 +1.9998e-03 +1.9998e-03 +1.9998e-03 +1.9998e-03 +1.9997e-03 +1.9997e-03 +1.9997e-03 +1.9997e-03 +1.9997e-03 +1.9997e-03 +1.9997e-03 +1.9997e-03 
+0000.00150 +1.5001e-03 +1.5001e-03 +1.5001e-03 +1.5001e-03 +1.5001e-03 +1.5001e-03 +1.5001e-03 +1.5001e-03 +1.5001e-03 +1.5001e-03 +1.5001e-03 +1.5001e-03 +1.5001e-03 +1.5001e-03 +1.5001e-03 +1.5001e-03 +1.5001e-03 +1.5001e-03 +1.5000e-03 +1.5000e-03 +1.5000e-03 +1.5000e-03 +1.5000e-03 +1.5000e-03 +1.5000e-03 +1.5000e-03 +1.5000e-03 +1.5000e-03 +1.5000e-03 +1.5000e-03 +1.5000e-03 +1.5000e-03 +1.4999e-03 +1.4999e-03 +1.4999e-03 +1.4999e-03 +1.4999e-03 +1.4999e-03 +1.4999e-03 +1.4999e-03 +1.4999e-03 +1.4999e-03 +1.4999e-03 +1.4999e-03 +1.4999e-03 +1.4999e-03 +1.4999e-03 +1.4999e-03 +1.4999e-03 +1.4998e-03 +1.4998e-03 +1.4998e-03 +1.4998e-03 +1.4998e-03 +1.4998e-03 +1.4998e-03 +1.4998e-03 +1.4998e-03 +1.4998e-03 +1.4998e-03 +1.4998e-03 
+0000.00100 +1.0001e-03 +1.0001e-03 +1.0001e-03 +1.0001e-03 +1.0001e-03 +1.0001e-03 +1.0001e-03 +1.0001e-03 +1.0001e-03 +1.0001e-03 +1.0001e-03 +1.0001e-03 +1.0000e-03 +1.0000e-03 +1.0000e-03 +1.0000e-03 +1.0000e-03 +1.0000e-03 +1.0000e-03 +1.0000e-03 +1.0000e-03 +1.0000e-03 +1.0000e-03 +1.0000e-03 +1.0000e-03 +9.9999e-04 +9.9999e-04 +9.9999e-04 +9.9998e-04 +9.9998e-04 +9.9997e-04 +9.9997e-04 +9.9996e-04 +9.9996e-04 +9.9995e-04 +9.9995e-04 +9.9995e-04 +9.9994e-04 +9.9994e-04 +9.9993e-04 +9.9993e-04 +9.9992e-04 +9.9992e-04 +9.9992e-04 +9.9991e-04 +9.9991e-04 +9.9991e-04 +9.9990e-04 +9.9990e-04 +9.9989e-04 +9.9989e-04 +9.9989e-04 +9.9989e-04 +9.9988e-04 +9.9988e-04 +9.9988e-04 +9.9987e-04 +9.9987e-04 +9.9987e-04 +9.9987e-04 +9.9987e-04 
+0000.00050 +5.0004e-04 +5.0004e-04 +5.0004e-04 +5.0004e-04 +5.0004e-04 +5.0004e-04 +5.0004e-04 +5.0004e-04 +5.0004e-04 +5.0003e-04 +5.0003e-04 +5.0003e-04 +5.0003e-04 +5.0003e-04 +5.0003e-04 +5.0002e-04 +5.0002e-04 +5.0002e-04 +5.0002e-04 +5.0002e-04 +5.0001e-04 +5.0001e-04 +5.0001e-04 +5.0001e-04 +5.0000e-04 +5.0000e-04 +5.0000e-04 +5.0000e-04 +4.9999e-04 +4.9999e-04 +4.9999e-04 +4.9999e-04 +4.9998e-04 +4.9998e-04 +4.9998e-04 +4.9998e-04 +4.9997e-04 +4.9997e-04 +4.9997e-04 +4.9997e-04 +4.9997e-04 +4.9996e-04 +4.9996e-04 +4.9996e-04 +4.9996e-04 +4.9996e-04 +4.9995e-04 +4.9995e-04 +4.9995e-04 +4.9995e-04 +4.9995e-04 +4.9995e-04 +4.9994e-04 +4.9994e-04 +4.9994e-04 +4.9994e-04 +4.9994e-04 +4.9994e-04 +4.9994e-04 +4.9994e-04 +4.9994e-04 
+0000.00000 +3.9687e-11 +3.9113e-11 +3.8524e-11 +3.7924e-11 +3.7316e-11 +3.6703e-11 +3.6090e-11 +3.5478e-11 +3.4871e-11 +3.4271e-11 +3.3682e-11 +3.3105e-11 +3.2543e-11 +3.1998e-11 +3.1473e-11 +3.0969e-11 +3.0489e-11 +3.0034e-11 +2.9606e-11 +2.9206e-11 +2.8836e-11 +2.8498e-11 +2.8192e-11 +2.7919e-11 +2.7680e-11 +2.7477e-11 +2.7310e-11 +2.7179e-11 +2.7085e-11 +2.7028e-11 +2.7009e-11 +2.7027e-11 +2.7082e-11 +2.7175e-11 +2.7304e-11 +2.7471e-11 +2.7673e-11 +2.7911e-11 +2.8183e-11 +2.8489e-11 +2.8827e-11 +2.9197e-11 +2.9597e-11 +3.0026e-11 +3.0483e-11 +3.0965e-11 +3.1470e-11 +3.1998e-11 +3.2546e-11 +3.3112e-11 +3.3693e-11 +3.4288e-11 +3.4893e-11 +3.5506e-11 +3.6125e-11 +3.6746e-11 +3.7366e-11 +3.7983e-11 +3.8593e-11 +3.9193e-11 +3.9779e-11 
-0000.00050 -5.0004e-04 -5.0004e-04 -5.0004e-04 -5.0004e-04 -5.0004e-04 -5.0004e-04 -5.0004e-04 -5.0004e-04 -5.0004e-04 -5.0003e-04 -5.0003e-04 -5.0003e-04 -5.0003e-04 -5.0003e-04 -5.0003e-04 -5.0002e-04 -5.0002e-04 -5.0002e-04 -5.0002e-04 -5.0002e-04 -5.0001e-04 -5.0001e-04 -5.0001e-04 -5.0001e-04 -5.0000e-04 -5.0000e-04 -5.0000e-04 -5.0000e-04 -4.9999e-04 -4.9999e-04 -4.9999e-04 -4.9999e-04 -4.9998e-04 -4.9998e-04 -4.9998e-04 -4.9998e-04 -4.9997e-04 -4.9997e-04 -4.9997e-04 -4.9997e-04 -4.9997e-04 -4.9996e-04 -4.9996e-04 -4.9996e-04 -4.9996e-04 -4.9996e-04 -4.9995e-04 -4.9995e-04 -4.9995e-04 -4.9995e-04 -4.9995e-04 -4.9995e-04 -4.9994e-04 -4.9994e-04 -4.9994e-04 -4.9994e-04 -4.9994e-04 -4.9994e-04 -4.9994e-04 -4.9994e-04 -4.9994e-04 
-0000.00100 -1.0001e-03 -1.0001e-03 -1.0001e-03 -1.0001e-03 -1.0001e-03 -1.0001e-03 -1.0001e-03 -1.0001e-03 -1.0001e-03 -1.0001e-03 -1.0001e-03 -1.0001e-03 -1.0000e-03 -1.0000e-03 -1.0000e-03 -1.0000e-03 -1.0000e-03 -1.0000e-03 -1.0000e-03 -1.0000e-03 -1.0000e-03 -1.0000e-03 -1.0000e-03 -1.0000e-03 -1.0000e-03 -9.9999e-04 -9.9999e-04 -9.9999e-04 -9.9998e-04 -9.9998e-04 -9.9997e-04 -9.9997e-04 -9.9996e-04 -9.9996e-04 -9.9995e-04 -9.9995e-04 -9.9995e-04 -9.9994e-04 -9.9994e-04 -9.9993e-04 -9.9993e-04 -9.9992e-04 -9.9992e-04 -9.9992e-04 -9.9991e-04 -9.9991e-04 -9.9991e-04 -9.9990e-04 -9.9990e-04 -9.9989e-04 -9.9989e-04 -9.9989e-04 -9.9989e-04 -9.9988e-04 -9.9988e-04 -9.9988e-04 -9.9987e-04 -9.9987e-04 -9.9987e-04 -9.9987e-04 -9.9987e-04 
-0000.00150 -1.5001e-03 -1.5001e-03 -1.5001e-03 -1.5001e-03 -1.5001e-03 -1.5001e-03 -1.5001e-03 -1.5001e-03 -1.5001e-03 -1.5001e-03 -1.5001e-03 -1.5001e-03 -1.5001e-03 -1.5001e-03 -1.5001e-03 -1.5001e-03 -1.5001e-03 -1.5001e-03 -1.5000e-03 -1.5000e-03 -1.5000e-03 -1.5000e-03 -1.5000e-03 -1.5000e-03 -1.5000e-03 -1.5000e-03 -1.5000e-03 -1.5000e-03 -1.5000e-03 -1.5000e-03 -1.5000e-03 -1.5000e-03 -1.4999e-03 -1.4999e-03 -1.4999e-03 -1.4999e-03 -1.4999e-03 -1.4999e-03 -1.4999e-03 -1.4999e-03 -1.4999e-03 -1.4999e-03 -1.4999e-03 -1.4999e-03 -1.4999e-03 -1.4999e-03 -1.4999e-03 -1.4999e-03 -1.4999e-03 -1.4998e-03 -1.4998e-03 -1.4998e-03 -1.4998e-03 -1.4998e-03 -1.4998e-03 -1.4998e-03 -1.4998e-03 -1.4998e-03 -1.4998e-03 -1.4998e-03 -1.4998e-03 
-0000.00200 -2.0002e-03 -2.0002e-03 -2.0002e-03 -2.0002e-03 -2.0002e-03 -2.0001e-03 -2.0001e-03 -2.0001e-03 -2.0001e-03 -2.0001e-03 -2.0001e-03 -2.0001e-03 -2.0001e-03 -2.0001e-03 -2.0001e-03 -2.0001e-03 -2.0001e-03 -2.0001e-03 -2.0000e-03 -2.0000e-03 -2.0000e-03 -2.0000e-03 -2.0000e-03 -2.0000e-03 -2.0000e-03 -2.0000e-03 -2.0000e-03 -2.0000e-03 -2.0000e-03 -1.9999e-03 -1.9999e-03 -1.9999e-03 -1.9999e-03 -1.9999e-03 -1.9999e-03 -1.9999e-03 -1.9999e-03 -1.9999e-03 -1.9999e-03 -1.9999e-03 -1.9998e-03 -1.9998e-03 -1.9998e-03 -1.9998e-03 -1.9998e-03 -1.9998e-03 -1.9998e-03 -1.9998e-03 -1.9998e-03 -1.9998e-03 -1.9998e-03 -1.9998e-03 -1.9998e-03 -1.9997e-03 -1.9997e-03 -1.9997e-03 -1.9997e-03 -1.9997e-03 -1.9997e-03 -1.9997e-03 -1.9997e-03 