# Author: FAC idanalysis.IDKickMap
# Termination_kicks [T2m2]: +0.0000e+00 +0.0000e+00 +0.0000e+00 +0.0000e+00 
# Total Length of Longitudinal Interval [m]
0.13
# Number of Horizontal Points
61
# Number of Vertical Points
9
# Total Horizontal 2nd Order Kick [T2m2]
START
            -0000.01000 -0000.00967 -0000.00933 -0000.00900 -0000.00867 -0000.00833 -0000.00800 -0000.00767 -0000.00733 -0000.00700 -0000.00667 -0000.00633 -0000.00600 -0000.00567 -0000.00533 -0000.00500 -0000.00467 -0000.00433 -0000.00400 -0000.00367 -0000.00333 -0000.00300 -0000.00267 -0000.00233 -0000.00200 -0000.00167 -0000.00133 -0000.00100 -0000.00067 -0000.00033 +0000.00000 +0000.00033 +0000.00067 +0000.00100 +0000.00133 +0000.00167 +0000.00200 +0000.00233 +0000.00267 +0000.00300 +0000.00333 +0000.00367 +0000.00400 +0000.00433 +0000.00467 +0000.00500 +0000.00533 +0000.00567 +0000.00600 +0000.00633 +0000.00667 +0000.00700 +0000.00733 +0000.00767 +0000.00800 +0000.00833 +0000.00867 +0000.00900 +0000.00933 +0000.00967 +0000.01000 
+0000.00200 -1.5535e-04 -1.5311e-04 -1.5090e-04 -1.4873e-04 -1.4660e-04 -1.4452e-04 -1.4249e-04 -1.4051e-04 -1.3860e-04 -1.3674e-04 -1.3495e-04 -1.3322e-04 -1.3157e-04 -1.2998e-04 -1.2848e-04 -1.2705e-04 -1.2570e-04 -1.2444e-04 -1.2326e-04 -1.2216e-04 -1.2115e-04 -1.2024e-04 -1.1941e-04 -1.1868e-04 -1.1804e-04 -1.1749e-04 -1.1704e-04 -1.1668e-04 -1.1643e-04 -1.1626e-04 -1.1620e-04 -1.1623e-04 -1.1636e-04 -1.1658e-04 -1.1691e-04 -1.1732e-04 -1.1784e-04 -1.1844e-04 -1.1914e-04 -1.1994e-04 -1.2082e-04 -1.2179e-04 -1.2285e-04 -1.2400e-04 -1.2523e-04 -1.2655e-04 -1.2794e-04 -1.2941e-04 -1.3096e-04 -1.3258e-04 -1.3428e-04 -1.3603e-04 -1.3786e-04 -1.3974e-04 -1.4168e-04 -1.4368e-04 -1.4573e-04 -1.4782e-04 -1.4996e-04 -1.5213e-04 -1.5434e-04 
+0000.00150 -1.5540e-04 -1.5324e-04 -1.5111e-04 -1.4902e-04 -1.4695e-04 -1.4493e-04 -1.4295e-04 -1.4103e-04 -1.3915e-04 -1.3733e-04 -1.3557e-04 -1.3387e-04 -1.3224e-04 -1.3068e-04 -1.2920e-04 -1.2778e-04 -1.2645e-04 -1.2519e-04 -1.2402e-04 -1.2294e-04 -1.2194e-04 -1.2102e-04 -1.2020e-04 -1.1947e-04 -1.1883e-04 -1.1829e-04 -1.1784e-04 -1.1748e-04 -1.1723e-04 -1.1706e-04 -1.1700e-04 -1.1703e-04 -1.1716e-04 -1.1738e-04 -1.1770e-04 -1.1812e-04 -1.1863e-04 -1.1923e-04 -1.1993e-04 -1.2072e-04 -1.2160e-04 -1.2257e-04 -1.2362e-04 -1.2476e-04 -1.2598e-04 -1.2728e-04 -1.2866e-04 -1.3012e-04 -1.3164e-04 -1.3324e-04 -1.3491e-04 -1.3663e-04 -1.3842e-04 -1.4027e-04 -1.4216e-04 -1.4411e-04 -1.4610e-04 -1.4813e-04 -1.5020e-04 -1.5230e-04 -1.5442e-04 
+0000.00100 -1.5542e-04 -1.5333e-04 -1.5126e-04 -1.4921e-04 -1.4720e-04 -1.4522e-04 -1.4328e-04 -1.4138e-04 -1.3954e-04 -1.3774e-04 -1.3601e-04 -1.3433e-04 -1.3272e-04 -1.3118e-04 -1.2970e-04 -1.2830e-04 -1.2698e-04 -1.2573e-04 -1.2457e-04 -1.2349e-04 -1.2249e-04 -1.2159e-04 -1.2077e-04 -1.2004e-04 -1.1940e-04 -1.1886e-04 -1.1841e-04 -1.1806e-04 -1.1780e-04 -1.1764e-04 -1.1757e-04 -1.1761e-04 -1.1773e-04 -1.1796e-04 -1.1828e-04 -1.1869e-04 -1.1920e-04 -1.1980e-04 -1.2050e-04 -1.2128e-04 -1.2216e-04 -1.2312e-04 -1.2417e-04 -1.2530e-04 -1.2651e-04 -1.2781e-04 -1.2917e-04 -1.3062e-04 -1.3213e-04 -1.3371e-04 -1.3535e-04 -1.3706e-04 -1.3882e-04 -1.4064e-04 -1.4250e-04 -1.4441e-04 -1.4636e-04 -1.4835e-04 -1.5037e-04 -1.5241e-04 -1.5447e-04 
+0000.00050 -1.5542e-04 -1.5337e-04 -1.5133e-04 -1.4932e-04 -1.4733e-04 -1.4538e-04 -1.4346e-04 -1.4159e-04 -1.3976e-04 -1.3799e-04 -1.3627e-04 -1.3460e-04 -1.3300e-04 -1.3147e-04 -1.3000e-04 -1.2861e-04 -1.2729e-04 -1.2605e-04 -1.2489e-04 -1.2382e-04 -1.2283e-04 -1.2192e-04 -1.2110e-04 -1.2038e-04 -1.1974e-04 -1.1920e-04 -1.1876e-04 -1.1840e-04 -1.1815e-04 -1.1799e-04 -1.1792e-04 -1.1795e-04 -1.1808e-04 -1.1830e-04 -1.1862e-04 -1.1904e-04 -1.1954e-04 -1.2015e-04 -1.2084e-04 -1.2162e-04 -1.2249e-04 -1.2345e-04 -1.2450e-04 -1.2563e-04 -1.2683e-04 -1.2812e-04 -1.2948e-04 -1.3091e-04 -1.3242e-04 -1.3399e-04 -1.3562e-04 -1.3731e-04 -1.3906e-04 -1.4086e-04 -1.4270e-04 -1.4459e-04 -1.4651e-04 -1.4847e-04 -1.5046e-04 -1.5247e-04 -1.5450e-04 
+0000.00000 -1.5542e-04 -1.5338e-04 -1.5136e-04 -1.4935e-04 -1.4738e-04 -1.4543e-04 -1.4352e-04 -1.4166e-04 -1.3984e-04 -1.3807e-04 -1.3635e-04 -1.3469e-04 -1.3309e-04 -1.3156e-04 -1.3010e-04 -1.2871e-04 -1.2740e-04 -1.2616e-04 -1.2500e-04 -1.2392e-04 -1.2293e-04 -1.2203e-04 -1.2121e-04 -1.2049e-04 -1.1986e-04 -1.1931e-04 -1.1887e-04 -1.1851e-04 -1.1826e-04 -1.1810e-04 -1.1803e-04 -1.1806e-04 -1.1819e-04 -1.1841e-04 -1.1873e-04 -1.1915e-04 -1.1966e-04 -1.2026e-04 -1.2095e-04 -1.2173e-04 -1.2260e-04 -1.2356e-04 -1.2460e-04 -1.2573e-04 -1.2694e-04 -1.2822e-04 -1.2958e-04 -1.3101e-04 -1.3251e-04 -1.3408e-04 -1.3571e-04 -1.3739e-04 -1.3913e-04 -1.4093e-04 -1.4277e-04 -1.4465e-04 -1.4656e-04 -1.4851e-04 -1.5049e-04 -1.5249e-04 -1.5451e-04 
-0000.00050 -1.5542e-04 -1.5337e-04 -1.5133e-04 -1.4931e-04 -1.4733e-04 -1.4537e-04 -1.4346e-04 -1.4158e-04 -1.3976e-04 -1.3798e-04 -1.3626e-04 -1.3460e-04 -1.3300e-04 -1.3146e-04 -1.3000e-04 -1.2861e-04 -1.2729e-04 -1.2605e-04 -1.2489e-04 -1.2381e-04 -1.2282e-04 -1.2192e-04 -1.2110e-04 -1.2038e-04 -1.1974e-04 -1.1920e-04 -1.1875e-04 -1.1840e-04 -1.1815e-04 -1.1798e-04 -1.1792e-04 -1.1795e-04 -1.1808e-04 -1.1830e-04 -1.1862e-04 -1.1904e-04 -1.1955e-04 -1.2015e-04 -1.2084e-04 -1.2162e-04 -1.2250e-04 -1.2346e-04 -1.2450e-04 -1.2563e-04 -1.2684e-04 -1.2812e-04 -1.2948e-04 -1.3092e-04 -1.3242e-04 -1.3399e-04 -1.3562e-04 -1.3731e-04 -1.3906e-04 -1.4086e-04 -1.4270e-04 -1.4459e-04 -1.4652e-04 -1.4847e-04 -1.5046e-04 -1.5247e-04 -1.5450e-04 
-0000.00100 -1.5541e-04 -1.5332e-04 -1.5125e-04 -1.4920e-04 -1.4719e-04 -1.4521e-04 -1.4327e-04 -1.4137e-04 -1.3953e-04 -1.3774e-04 -1.3600e-04 -1.3432e-04 -1.3271e-04 -1.3117e-04 -1.2970e-04 -1.2830e-04 -1.2697e-04 -1.2573e-04 -1.2456e-04 -1.2348e-04 -1.2249e-04 -1.2158e-04 -1.2076e-04 -1.2004e-04 -1.1940e-04 -1.1886e-04 -1.1841e-04 -1.1806e-04 -1.1780e-04 -1.1764e-04 -1.1758e-04 -1.1761e-04 -1.1774e-04 -1.1796e-04 -1.1828e-04 -1.1870e-04 -1.1921e-04 -1.1981e-04 -1.2050e-04 -1.2129e-04 -1.2216e-04 -1.2313e-04 -1.2418e-04 -1.2531e-04 -1.2652e-04 -1.2781e-04 -1.2918e-04 -1.3062e-04 -1.3214e-04 -1.3372e-04 -1.3536e-04 -1.3707e-04 -1.3883e-04 -1.4065e-04 -1.4251e-04 -1.4442e-04 -1.4637e-04 -1.4836e-04 -1.5037e-04 -1.5242e-04 -1.5448e-04 
-0000.00150 -1.5539e-04 -1.5323e-04 -1.5110e-04 -1.4900e-04 -1.4694e-04 -1.4492e-04 -1.4294e-04 -1.4101e-04 -1.3914e-04 -1.3732e-04 -1.3556e-04 -1.3386e-04 -1.3223e-04 -1.3067e-04 -1.2918e-04 -1.2777e-04 -1.2644e-04 -1.2519e-04 -1.2401e-04 -1.2293e-04 -1.2193e-04 -1.2102e-04 -1.2020e-04 -1.1947e-04 -1.1883e-04 -1.1829e-04 -1.1784e-04 -1.1748e-04 -1.1723e-04 -1.1706e-04 -1.1700e-04 -1.1703e-04 -1.1716e-04 -1.1739e-04 -1.1771e-04 -1.1812e-04 -1.1864e-04 -1.1924e-04 -1.1994e-04 -1.2073e-04 -1.2161e-04 -1.2257e-04 -1.2363e-04 -1.2477e-04 -1.2599e-04 -1.2729e-04 -1.2867e-04 -1.3013e-04 -1.3165e-04 -1.3325e-04 -1.3492e-04 -1.3665e-04 -1.3843e-04 -1.4028e-04 -1.4218e-04 -1.4412e-04 -1.4611e-04 -1.4814e-04 -1.5021e-04 -1.5231e-04 -1.5444e-04 
-0000.00200 -1.5534e-04 -1.5309e-04 -1.5088e-04 -1.4871e-04 -1.4658e-04 -1.4450e-04 -1.4247e-04 -1.4050e-04 -1.3858e-04 -1.3672e-04 -1.3493e-04 -1.3321e-04 -1.3155e-04 -1.2997e-04 -1.2847e-04 -1.2704e-04 -1.2569e-04 -1.2443e-04 -1.2325e-04 -1.2215e-04 -1.2115e-04 -1.2023e-04 -1.1940e-04 -1.1867e-04 -1.1803e-04 -1.1749e-04 -1.1704e-04 -1.1668e-04 -1.1642e-04 -1.1626e-04 -1.1620e-04 -1.1623e-04 -1.1636e-04 -1.1659e-04 -1.1691e-04 -1.1733e-04 -1.1784e-04 -1.1845e-04 -1.1915e-04 -1.1994e-04 -1.2083e-04 -1.2180e-04 -1.2286e-04 -1.2401e-04 -1.2524e-04 -1.2656e-04 -1.2795e-04 -1.2943e-04 -1.3098e-04 -1.3260e-04 -1.3429e-04 -1.3605e-04 -1.3787e-04 -1.3976e-04 -1.4170e-04 -1.4370e-04 -1.4574e-04 -1.4784e-04 -1.4997e-04 -1.5215e-04 -1.5436e-04 
# Total Vertical 2nd Order Kick [T2m2]
START
            -0000.01000 -0000.00967 -0000.00933 -0000.00900 -0000.00867 -0000.00833 -0000.00800 -0000.00767 -0000.00733 -0000.00700 -0000.00667 -0000.00633 -0000.00600 -0000.00567 -0000.00533 -0000.00500 -0000.00467 -0000.00433 -0000.00400 -0000.00367 -0000.00333 -0000.00300 -0000.00267 -0000.00233 -0000.00200 -0000.00167 -0000.00133 -0000.00100 -0000.00067 -0000.00033 +0000.00000 +0000.00033 +0000.00067 +0000.00100 +0000.00133 +0000.00167 +0000.00200 +0000.00233 +0000.00267 +0000.00300 +0000.00333 +0000.00367 +0000.00400 +0000.00433 +0000.00467 +0000.00500 +0000.00533 +0000.00567 +0000.00600 +0000.00633 +0000.00667 +0000.00700 +0000.00733 +0000.00767 +0000.00800 +0000.00833 +0000.00867 +0000.00900 +0000.00933 +0000.00967 +0000.01000 
+0000.00200 -1.7480e-05 -1.7440e-05 -1.7362e-05 -1.7249e-05 -1.7100e-05 -1.6917e-05 -1.6702e-05 -1.6456e-05 -1.6181e-05 -1.5877e-05 -1.5546e-05 -1.5190e-05 -1.4809e-05 -1.4405e-05 -1.3979e-05 -1.3533e-05 -1.3067e-05 -1.2584e-05 -1.2084e-05 -1.1569e-05 -1.1040e-05 -1.0498e-05 -9.9443e-06 -9.3807e-06 -8.8082e-06 -8.2282e-06 -7.6418e-06 -7.0503e-06 -6.4551e-06 -5.8573e-06 -5.2582e-06 -4.6591e-06 -4.0613e-06 -3.4660e-06 -2.8744e-06 -2.2879e-06 -1.7075e-06 -1.1347e-06 -5.7059e-07 -1.6456e-08 +5.2647e-07 +1.0570e-06 +1.5738e-06 +2.0757e-06 +2.5615e-06 +3.0300e-06 +3.4799e-06 +3.9101e-06 +4.3192e-06 +4.7062e-06 +5.0697e-06 +5.4086e-06 +5.7217e-06 +6.0078e-06 +6.2657e-06 +6.4941e-06 +6.6919e-06 +6.8580e-06 +6.9911e-06 +7.0899e-06 +7.1535e-06 
+0000.00150 -1.2604e-05 -1.2587e-05 -1.2541e-05 -1.2467e-05 -1.2365e-05 -1.2238e-05 -1.2086e-05 -1.1910e-05 -1.1711e-05 -1.1491e-05 -1.1249e-05 -1.0988e-05 -1.0707e-05 -1.0409e-05 -1.0094e-05 -9.7637e-06 -9.4183e-06 -9.0590e-06 -8.6869e-06 -8.3030e-06 -7.9083e-06 -7.5038e-06 -7.0904e-06 -6.6692e-06 -6.2411e-06 -5.8072e-06 -5.3683e-06 -4.9256e-06 -4.4799e-06 -4.0322e-06 -3.5835e-06 -3.1348e-06 -2.6870e-06 -2.2412e-06 -1.7982e-06 -1.3591e-06 -9.2474e-07 -4.9615e-07 -7.4272e-08 +3.3995e-07 +7.4555e-07 +1.1416e-06 +1.5271e-06 +1.9012e-06 +2.2629e-06 +2.6112e-06 +2.9453e-06 +3.2641e-06 +3.5668e-06 +3.8524e-06 +4.1200e-06 +4.3687e-06 +4.5975e-06 +4.8055e-06 +4.9917e-06 +5.1554e-06 +5.2955e-06 +5.4111e-06 +5.5014e-06 +5.5654e-06 +5.6021e-06 
+0000.00100 -8.1782e-06 -8.1730e-06 -8.1481e-06 -8.1041e-06 -8.0418e-06 -7.9619e-06 -7.8650e-06 -7.7519e-06 -7.6232e-06 -7.4797e-06 -7.3220e-06 -7.1508e-06 -6.9667e-06 -6.7706e-06 -6.5630e-06 -6.3447e-06 -6.1163e-06 -5.8785e-06 -5.6320e-06 -5.3774e-06 -5.1155e-06 -4.8469e-06 -4.5723e-06 -4.2923e-06 -4.0076e-06 -3.7190e-06 -3.4270e-06 -3.1322e-06 -2.8355e-06 -2.5374e-06 -2.2387e-06 -1.9398e-06 -1.6417e-06 -1.3447e-06 -1.0497e-06 -7.5734e-07 -4.6817e-07 -1.8288e-07 +9.7866e-08 +3.7343e-07 +6.4317e-07 +9.0643e-07 +1.1626e-06 +1.4110e-06 +1.6509e-06 +1.8819e-06 +2.1032e-06 +2.3141e-06 +2.5141e-06 +2.7026e-06 +2.8788e-06 +3.0422e-06 +3.1921e-06 +3.3279e-06 +3.4489e-06 +3.5547e-06 +3.6444e-06 +3.7176e-06 +3.7735e-06 +3.8116e-06 +3.8313e-06 
+0000.00050 -4.0341e-06 -4.0339e-06 -4.0237e-06 -4.0039e-06 -3.9748e-06 -3.9368e-06 -3.8901e-06 -3.8353e-06 -3.7726e-06 -3.7023e-06 -3.6249e-06 -3.5406e-06 -3.4499e-06 -3.3530e-06 -3.2502e-06 -3.1421e-06 -3.0288e-06 -2.9107e-06 -2.7882e-06 -2.6616e-06 -2.5313e-06 -2.3975e-06 -2.2607e-06 -2.1211e-06 -1.9792e-06 -1.8352e-06 -1.6894e-06 -1.5423e-06 -1.3942e-06 -1.2453e-06 -1.0960e-06 -9.4669e-07 -7.9765e-07 -6.4923e-07 -5.0176e-07 -3.5556e-07 -2.1096e-07 -6.8305e-08 +7.2090e-08 +2.0990e-07 +3.4478e-07 +4.7643e-07 +6.0450e-07 +7.2868e-07 +8.4864e-07 +9.6405e-07 +1.0746e-06 +1.1800e-06 +1.2798e-06 +1.3738e-06 +1.4617e-06 +1.5431e-06 +1.6177e-06 +1.6852e-06 +1.7453e-06 +1.7976e-06 +1.8419e-06 +1.8778e-06 +1.9050e-06 +1.9232e-06 +1.9321e-06 
+0000.00000 -2.6031e-08 -2.7311e-08 -2.8582e-08 -2.9840e-08 -3.1080e-08 -3.2301e-08 -3.3498e-08 -3.4670e-08 -3.5813e-08 -3.6924e-08 -3.8001e-08 -3.9041e-08 -4.0043e-08 -4.1003e-08 -4.1920e-08 -4.2791e-08 -4.3616e-08 -4.4391e-08 -4.5116e-08 -4.5789e-08 -4.6408e-08 -4.6972e-08 -4.7481e-08 -4.7932e-08 -4.8326e-08 -4.8661e-08 -4.8936e-08 -4.9152e-08 -4.9307e-08 -4.9402e-08 -4.9435e-08 -4.9408e-08 -4.9320e-08 -4.9171e-08 -4.8962e-08 -4.8692e-08 -4.8363e-08 -4.7975e-08 -4.7529e-08 -4.7025e-08 -4.6466e-08 -4.5851e-08 -4.5182e-08 -4.4460e-08 -4.3688e-08 -4.2866e-08 -4.1996e-08 -4.1080e-08 -4.0121e-08 -3.9119e-08 -3.8078e-08 -3.6999e-08 -3.5885e-08 -3.4739e-08 -3.3563e-08 -3.2360e-08 -3.1134e-08 -2.9886e-08 -2.8620e-08 -2.7340e-08 -2.6049e-08 
-0000.00050 +3.9820e-06 +3.9793e-06 +3.9665e-06 +3.9442e-06 +3.9126e-06 +3.8721e-06 +3.8231e-06 +3.7659e-06 +3.7009e-06 +3.6285e-06 +3.5489e-06 +3.4625e-06 +3.3697e-06 +3.2709e-06 +3.1663e-06 +3.0564e-06 +2.9415e-06 +2.8218e-06 +2.6979e-06 +2.5699e-06 +2.4384e-06 +2.3035e-06 +2.1656e-06 +2.0252e-06 +1.8824e-06 +1.7377e-06 +1.5914e-06 +1.4439e-06 +1.2954e-06 +1.1463e-06 +9.9700e-07 +8.4774e-07 +6.9888e-07 +5.5076e-07 +4.0371e-07 +2.5805e-07 +1.1412e-07 -2.7760e-08 -1.6726e-07 -3.0405e-07 -4.3782e-07 -5.6822e-07 -6.9495e-07 -8.1768e-07 -9.3609e-07 -1.0499e-06 -1.1587e-06 -1.2622e-06 -1.3601e-06 -1.4521e-06 -1.5379e-06 -1.6172e-06 -1.6895e-06 -1.7547e-06 -1.8125e-06 -1.8624e-06 -1.9042e-06 -1.9376e-06 -1.9623e-06 -1.9780e-06 -1.9843e-06 
-0000.00100 +8.1259e-06 +8.1182e-06 +8.0907e-06 +8.0443e-06 +7.9795e-06 +7.8971e-06 +7.7979e-06 +7.6824e-06 +7.5514e-06 +7.4056e-06 +7.2457e-06 +7.0724e-06 +6.8864e-06 +6.6883e-06 +6.4789e-06 +6.2588e-06 +6.0287e-06 +5.7893e-06 +5.5413e-06 +5.2854e-06 +5.0222e-06 +4.7525e-06 +4.4768e-06 +4.1959e-06 +3.9105e-06 +3.6211e-06 +3.3285e-06 +3.0334e-06 +2.7363e-06 +2.4380e-06 +2.1392e-06 +1.8404e-06 +1.5424e-06 +1.2458e-06 +9.5124e-07 +6.5938e-07 +3.7088e-07 +8.6385e-08 -1.9346e-07 -4.6800e-07 -7.3659e-07 -9.9861e-07 -1.2534e-06 -1.5003e-06 -1.7387e-06 -1.9680e-06 -2.1875e-06 -2.3966e-06 -2.5947e-06 -2.7811e-06 -2.9552e-06 -3.1164e-06 -3.2641e-06 -3.3976e-06 -3.5163e-06 -3.6196e-06 -3.7069e-06 -3.7776e-06 -3.8310e-06 -3.8666e-06 -3.8836e-06 
-0000.00150 +1.2552e-05 +1.2532e-05 +1.2483e-05 +1.2407e-05 +1.2303e-05 +1.2173e-05 +1.2019e-05 +1.1840e-05 +1.1639e-05 +1.1416e-05 +1.1172e-05 +1.0909e-05 +1.0627e-05 +1.0327e-05 +1.0010e-05 +9.6773e-06 +9.3302e-06 +8.9693e-06 +8.5957e-06 +8.2104e-06 +7.8144e-06 +7.4087e-06 +6.9942e-06 +6.5721e-06 +6.1432e-06 +5.7085e-06 +5.2691e-06 +4.8259e-06 +4.3798e-06 +3.9320e-06 +3.4832e-06 +3.0346e-06 +2.5870e-06 +2.1415e-06 +1.6989e-06 +1.2604e-06 +8.2671e-07 +3.9894e-07 -2.2004e-08 -4.3517e-07 -8.3960e-07 -1.2344e-06 -1.6185e-06 -1.9911e-06 -2.3511e-06 -2.6977e-06 -3.0300e-06 -3.3470e-06 -3.6477e-06 -3.9312e-06 -4.1967e-06 -4.4431e-06 -4.6696e-06 -4.8753e-06 -5.0592e-06 -5.2205e-06 -5.3581e-06 -5.4713e-06 -5.5590e-06 -5.6205e-06 -5.6547e-06 
-0000.00200 +1.7427e-05 +1.7385e-05 +1.7305e-05 +1.7188e-05 +1.7037e-05 +1.6852e-05 +1.6635e-05 +1.6386e-05 +1.6109e-05 +1.5802e-05 +1.5469e-05 +1.5111e-05 +1.4728e-05 +1.4322e-05 +1.3894e-05 +1.3446e-05 +1.2979e-05 +1.2494e-05 +1.1992e-05 +1.1475e-05 +1.0945e-05 +1.0402e-05 +9.8472e-06 +9.2827e-06 +8.7094e-06 +8.1286e-06 +7.5416e-06 +6.9496e-06 +6.3540e-06 +5.7560e-06 +5.1569e-06 +4.5579e-06 +3.9603e-06 +3.3653e-06 +2.7741e-06 +2.1882e-06 +1.6085e-06 +1.0365e-06 +4.7340e-07 -7.9654e-08 -6.2138e-07 -1.1506e-06 -1.6660e-06 -2.1663e-06 -2.6505e-06 -3.1172e-06 -3.5653e-06 -3.9935e-06 -4.4006e-06 -4.7855e-06 -5.1468e-06 -5.4835e-06 -5.7943e-06 -6.0780e-06 -6.3335e-06 -6.5595e-06 -6.7549e-06 -6.9184e-06 -7.0490e-06 -7.1453e-06 -7.2064e-06 
# Horizontal Final Position [m]
START
            -0000.01000 -0000.00967 -0000.00933 -0000.00900 -0000.00867 -0000.00833 -0000.00800 -0000.00767 -0000.00733 -0000.00700 -0000.00667 -0000.00633 -0000.00600 -0000.00567 -0000.00533 -0000.00500 -0000.00467 -0000.00433 -0000.00400 -0000.00367 -0000.00333 -0000.00300 -0000.00267 -0000.00233 -0000.00200 -0000.00167 -0000.00133 -0000.00100 -0000.00067 -0000.00033 +0000.00000 +0000.00033 +0000.00067 +0000.00100 +0000.00133 +0000.00167 +0000.00200 +0000.00233 +0000.00267 +0000.00300 +0000.00333 +0000.00367 +0000.00400 +0000.00433 +0000.00467 +0000.00500 +0000.00533 +0000.00567 +0000.00600 +0000.00633 +0000.00667 +0000.00700 +0000.00733 +0000.00767 +0000.00800 +0000.00833 +0000.00867 +0000.00900 +0000.00933 +0000.00967 +0000.01000 
+0000.00200 -1.0004e-02 -9.6705e-03 -9.3372e-03 -9.0038e-03 -8.6705e-03 -8.3371e-03 -8.0038e-03 -7.6705e-03 -7.3372e-03 -7.0038e-03 -6.6705e-03 -6.3372e-03 -6.0039e-03 -5.6705e-03 -5.3372e-03 -5.0039e-03 -4.6706e-03 -4.3373e-03 -4.0040e-03 -3.6706e-03 -3.3373e-03 -3.0040e-03 -2.6707e-03 -2.3373e-03 -2.0040e-03 -1.6707e-03 -1.3374e-03 -1.0040e-03 -6.7071e-04 -3.3738e-04 -4.0441e-06 +3.2929e-04 +6.6263e-04 +9.9596e-04 +1.3293e-03 +1.6626e-03 +1.9960e-03 +2.3293e-03 +2.6627e-03 +2.9960e-03 +3.3294e-03 +3.6627e-03 +3.9961e-03 +4.3294e-03 +4.6628e-03 +4.9961e-03 +5.3295e-03 +5.6628e-03 +5.9962e-03 +6.3295e-03 +6.6628e-03 +6.9962e-03 +7.3295e-03 +7.6629e-03 +7.9962e-03 +8.3296e-03 +8.6629e-03 +8.9962e-03 +9.3295e-03 +9.6629e-03 +9.9962e-03 
+0000.00150 -1.0004e-02 -9.6705e-03 -9.3372e-03 -9.0038e-03 -8.6705e-03 -8.3371e-03 -8.0038e-03 -7.6705e-03 -7.3372e-03 -7.0038e-03 -6.6705e-03 -6.3372e-03 -6.0039e-03 -5.6705e-03 -5.3372e-03 -5.0039e-03 -4.6706e-03 -4.3373e-03 -4.0040e-03 -3.6706e-03 -3.3373e-03 -3.0040e-03 -2.6707e-03 -2.3373e-03 -2.0040e-03 -1.6707e-03 -1.3374e-03 -1.0040e-03 -6.7071e-04 -3.3738e-04 -4.0438e-06 +3.2929e-04 +6.6263e-04 +9.9596e-04 +1.3293e-03 +1.6626e-03 +1.9960e-03 +2.3293e-03 +2.6627e-03 +2.9960e-03 +3.3294e-03 +3.6627e-03 +3.9961e-03 +4.3294e-03 +4.6628e-03 +4.9961e-03 +5.3295e-03 +5.6628e-03 +5.9962e-03 +6.3295e-03 +6.6628e-03 +6.9962e-03 +7.3295e-03 +7.6629e-03 +7.9962e-03 +8.3296e-03 +8.6629e-03 +8.9962e-03 +9.3295e-03 +9.6629e-03 +9.9962e-03 
+0000.00100 -1.0004e-02 -9.6705e-03 -9.3372e-03 -9.0038e-03 -8.6705e-03 -8.3371e-03 -8.0038e-03 -7.6705e-03 -7.3372e-03 -7.0038e-03 -6.6705e-03 -6.3372e-03 -6.0039e-03 -5.6705e-03 -5.3372e-03 -5.0039e-03 -4.6706e-03 -4.3373e-03 -4.0040e-03 -3.6706e-03 -3.3373e-03 -3.0040e-03 -2.6707e-03 -2.3373e-03 -2.0040e-03 -1.6707e-03 -1.3374e-03 -1.0040e-03 -6.7071e-04 -3.3738e-04 -4.0436e-06 +3.2929e-04 +6.6263e-04 +9.9596e-04 +1.3293e-03 +1.6626e-03 +1.9960e-03 +2.3293e-03 +2.6627e-03 +2.9960e-03 +3.3294e-03 +3.6627e-03 +3.9961e-03 +4.3294e-03 +4.6628e-03 +4.9961e-03 +5.3295e-03 +5.6628e-03 +5.9962e-03 +6.3295e-03 +6.6628e-03 +6.9962e-03 +7.3295e-03 +7.6629e-03 +7.9962e-03 +8.3296e-03 +8.6629e-03 +8.9962e-03 +9.3295e-03 +9.6629e-03 +9.9962e-03 
+0000.00050 -1.0004e-02 -9.6705e-03 -9.3372e-03 -9.0038e-03 -8.6705e-03 -8.3371e-03 -8.0038e-03 -7.6705e-03 -7.3372e-03 -7.0038e-03 -6.6705e-03 -6.3372e-03 -6.0039e-03 -5.6705e-03 -5.3372e-03 -5.0039e-03 -4.6706e-03 -4.3373e-03 -4.0040e-03 -3.6706e-03 -3.3373e-03 -3.0040e-03 -2.6707e-03 -2.3373e-03 -2.0040e-03 -1.6707e-03 -1.3374e-03 -1.0040e-03 -6.7071e-04 -3.3738e-04 -4.0435e-06 +3.2929e-04 +6.6263e-04 +9.9596e-04 +1.3293e-03 +1.6626e-03 +1.9960e-03 +2.3293e-03 +2.6627e-03 +2.9960e-03 +3.3294e-03 +3.6627e-03 +3.9961e-03 +4.3294e-03 +4.6628e-03 +4.9961e-03 +5.3295e-03 +5.6628e-03 +5.9962e-03 +6.3295e-03 +6.6628e-03 +6.9962e-03 +7.3295e-03 +7.6629e-03 +7.9962e-03 +8.3296e-03 +8.6629e-03 +8.9962e-03 +9.3295e-03 +9.6629e-03 +9.9962e-03 
+0000.00000 -1.0004e-02 -9.6705e-03 -9.3372e-03 -9.0038e-03 -8.6705e-03 -8.3371e-03 -8.0038e-03 -7.6705e-03 -7.3372e-03 -7.0038e-03 -6.6705e-03 -6.3372e-03 -6.0039e-03 -5.6705e-03 -5.3372e-03 -5.0039e-03 -4.6706e-03 -4.3373e-03 -4.0040e-03 -3.6706e-03 -3.3373e-03 -3.0040e-03 -2.6707e-03 -2.3373e-03 -2.0040e-03 -1.6707e-03 -1.3374e-03 -1.0040e-03 -6.7071e-04 -3.3738e-04 -4.0435e-06 +3.2929e-04 +6.6263e-04 +9.9596e-04 +1.3293e-03 +1.6626e-03 +1.9960e-03 +2.3293e-03 +2.6627e-03 +2.9960e-03 +3.3294e-03 +3.6627e-03 +3.9961e-03 +4.3294e-03 +4.6628e-03 +4.9961e-03 +5.3295e-03 +5.6628e-03 +5.9962e-03 +6.3295e-03 +6.6628e-03 +6.9962e-03 +7.3295e-03 +7.6629e-03 +7.9962e-03 +8.3296e-03 +8.6629e-03 +8.9962e-03 +9.3295e-03 +9.6629e-03 +9.9962e-03 
-0000.00050 -1.0004e-02 -9.6705e-03 -9.3372e-03 -9.0038e-03 -8.6705e-03 -8.3371e-03 -8.0038e-03 -7.6705e-03 -7.3372e-03 -7.0038e-03 -6.6705e-03 -6.3372e-03 -6.0039e-03 -5.6705e-03 -5.3372e-03 -5.0039e-03 -4.6706e-03 -4.3373e-03 -4.0040e-03 -3.6706e-03 -3.3373e-03 -3.0040e-03 -2.6707e-03 -2.3373e-03 -2.0040e-03 -1.6707e-03 -1.3374e-03 -1.0040e-03 -6.7071e-04 -3.3738e-04 -4.0435e-06 +3.2929e-04 +6.6263e-04 +9.9596e-04 +1.3293e-03 +1.6626e-03 +1.9960e-03 +2.3293e-03 +2.6627e-03 +2.9960e-03 +3.3294e-03 +3.6627e-03 +3.9961e-03 +4.3294e-03 +4.6628e-03 +4.9961e-03 +5.3295e-03 +5.6628e-03 +5.9962e-03 +6.3295e-03 +6.6628e-03 +6.9962e-03 +7.3295e-03 +7.6629e-03 +7.9962e-03 +8.3296e-03 +8.6629e-03 +8.9962e-03 +9.3295e-03 +9.6629e-03 +9.9962e-03 
-0000.00100 -1.0004e-02 -9.6705e-03 -9.3372e-03 -9.0038e-03 -8.6705e-03 -8.3371e-03 -8.0038e-03 -7.6705e-03 -7.3372e-03 -7.0038e-03 -6.6705e-03 -6.3372e-03 -6.0039e-03 -5.6705e-03 -5.3372e-03 -5.0039e-03 -4.6706e-03 -4.3373e-03 -4.0040e-03 -3.6706e-03 -3.3373e-03 -3.0040e-03 -2.6707e-03 -2.3373e-03 -2.0040e-03 -1.6707e-03 -1.3374e-03 -1.0040e-03 -6.7071e-04 -3.3738e-04 -4.0436e-06 +3.2929e-04 +6.6263e-04 +9.9596e-04 +1.3293e-03 +1.6626e-03 +1.9960e-03 +2.3293e-03 +2.6627e-03 +2.9960e-03 +3.3294e-03 +3.6627e-03 +3.9961e-03 +4.3294e-03 +4.6628e-03 +4.9961e-03 +5.3295e-03 +5.6628e-03 +5.9962e-03 +6.3295e-03 +6.6628e-03 +6.9962e-03 +7.3295e-03 +7.6629e-03 +7.9962e-03 +8.3296e-03 +8.6629e-03 +8.9962e-03 +9.3295e-03 +9.6629e-03 +9.9962e-03 
-0000.00150 -1.0004e-02 -9.6705e-03 -9.3372e-03 -9.0038e-03 -8.6705e-03 -8.3371e-03 -8.0038e-03 -7.6705e-03 -7.3372e-03 -7.0038e-03 -6.6705e-03 -6.3372e-03 -6.0039e-03 -5.6705e-03 -5.3372e-03 -5.0039e-03 -4.6706e-03 -4.3373e-03 -4.0040e-03 -3.6706e-03 -3.3373e-03 -3.0040e-03 -2.6707e-03 -2.3373e-03 -2.0040e-03 -1.6707e-03 -1.3374e-03 -1.0040e-03 -6.7071e-04 -3.3738e-04 -4.0438e-06 +3.2929e-04 +6.6263e-04 +9.9596e-04 +1.3293e-03 +1.6626e-03 +1.9960e-03 +2.3293e-03 +2.6627e-03 +2.9960e-03 +3.3294e-03 +3.6627e-03 +3.9961e-03 +4.3294e-03 +4.6628e-03 +4.9961e-03 +5.3295e-03 +5.6628e-03 +5.9962e-03 +6.3295e-03 +6.6628e-03 +6.9962e-03 +7.3295e-03 +7.6629e-03 +7.9962e-03 +8.3296e-03 +8.6629e-03 +8.9962e-03 +9.3295e-03 +9.6629e-03 +9.9962e-03 
-0000.00200 -1.0004e-02 -9.6705e-03 -9.3372e-03 -9.0038e-03 -8.6705e-03 -8.3371e-03 -8.0038e-03 -7.6705e-03 -7.3372e-03 -7.0038e-03 -6.6705e-03 -6.3372e-03 -6.0039e-03 -5.6705e-03 -5.3372e-03 -5.0039e-03 -4.6706e-03 -4.3373e-03 -4.0040e-03 -3.6706e-03 -3.3373e-03 -3.0040e-03 -2.6707e-03 -2.3373e-03 -2.0040e-03 -1.6707e-03 -1.3374e-03 -1.0040e-03 -6.7071e-04 -3.3738e-04 -4.0441e-06 +3.2929e-04 +6.6263e-04 +9.9596e-04 +1.3293e-03 +1.6626e-03 +1.9960e-03 +2.3293e-03 +2.6627e-03 +2.9960e-03 +3.3294e-03 +3.6627e-03 +3.9961e-03 +4.3294e-03 +4.6628e-03 +4.9961e-03 +5.3295e-03 +5.6628e-03 +5.9962e-03 +6.3295e-03 +6.6628e-03 +6.9962e-03 +7.3295e-03 +7.6629e-03 +7.9962e-03 +8.3296e-03 +8.6629e-03 +8.9962e-03 +9.3295e-03 +9.6629e-03 +9.9962e-03 
# Vertical Final Position [m]
START
            -0000.01000 -0000.00967 -0000.00933 -0000.00900 -0000.00867 -0000.00833 -0000.00800 -0000.00767 -0000.00733 -0000.00700 -0000.00667 -0000.00633 -0000.00600 -0000.00567 -0000.00533 -0000.00500 -0000.00467 -0000.00433 -0000.00400 -0000.00367 -0000.00333 -0000.00300 -0000.00267 -0000.00233 -0000.00200 -0000.00167 -0000.00133 -0000.00100 -0000.00067 -0000.00033 +0000.00000 +0000.00033 +0000.00067 +0000.00100 +0000.00133 +0000.00167 +0000.00200 +0000.00233 +0000.00267 +0000.00300 +0000.00333 +0000.00367 +0000.00400 +0000.00433 +0000.00467 +0000.00500 +0000.00533 +0000.00567 +0000.00600 +0000.00633 +0000.00667 +0000.00700 +0000.00733 +0000.00767 +0000.00800 +0000.00833 +0000.00867 +0000.00900 +0000.00933 +0000.00967 +0000.01000 
+0000.00200 +2.0001e-03 +2.0001e-03 +2.0001e-03 +2.0001e-03 +2.0001e-03 +2.0001e-03 +2.0001e-03 +2.0001e-03 +2.0001e-03 +2.0001e-03 +2.0001e-03 +2.0001e-03 +2.0001e-03 +2.0001e-03 +2.0001e-03 +2.0001e-03 +2.0001e-03 +2.0001e-03 +2.0001e-03 +2.0001e-03 +2.0001e-03 +2.0000e-03 +2.0000e-03 +2.0000e-03 +2.0000e-03 +2.0000e-03 +2.0000e-03 +2.0000e-03 +2.0000e-03 +2.0000e-03 +2.0000e-03 +2.0000e-03 +2.0000e-03 +2.0000e-03 +2.0000e-03 +2.0000e-03 +2.0000e-03 +2.0000e-03 +2.0000e-03 +2.0000e-03 +1.9999e-03 +1.9999e-03 +1.9999e-03 +1.9999e-03 +1.9999e-03 +1.9999e-03 +1.9999e-03 +1.9999e-03 +1.9999e-03 +1.9999e-03 +1.9999e-03 +1.9999e-03 +1.9999e-03 +1.9999e-03 +1.9999e-03 +1.9999e-03 +1.9999e-03 +1.9999e-03 +1.9999e-03 +1.9999e-03 +1.9999e-03 
+0000.00150 +1.5001e-03 +1.5001e-03 +1.5001e-03 +1.5001e-03 +1.5001e-03 +1.5001e-03 +1.5001e-03 +1.5001e-03 +1.5001e-03 +1.5001e-03 +1.5001e-03 +1.5001e-03 +1.5001e-03 +1.5001e-03 +1.5001e-03 +1.5001e-03 +1.5000e-03 +1.5000e-03 +1.5000e-03 +1.5000e-03 +1.5000e-03 +1.5000e-03 +1.5000e-03 +1.5000e-03 +1.5000e-03 +1.5000e-03 +1.5000e-03 +1.5000e-03 +1.5000e-03 +1.5000e-03 +1.5000e-03 +1.5000e-03 +1.5000e-03 +1.5000e-03 +1.5000e-03 +1.5000e-03 +1.5000e-03 +1.5000e-03 +1.5000e-03 +1.5000e-03 +1.5000e-03 +1.5000e-03 +1.4999e-03 +1.4999e-03 +1.4999e-03 +1.4999e-03 +1.4999e-03 +1.4999e-03 +1.4999e-03 +1.4999e-03 +1.4999e-03 +1.4999e-03 +1.4999e-03 +1.4999e-03 +1.4999e-03 +1.4999e-03 +1.4999e-03 +1.4999e-03 +1.4999e-03 +1.4999e-03 +1.4999e-03 
+0000.00100 +1.0001e-03 +1.0001e-03 +1.0001e-03 +1.0001e-03 +1.0001e-03 +1.0001e-03 +1.0001e-03 +1.0001e-03 +1.0001e-03 +1.0000e-03 +1.0000e-03 +1.0000e-03 +1.0000e-03 +1.0000e-03 +1.0000e-03 +1.0000e-03 +1.0000e-03 +1.0000e-03 +1.0000e-03 +1.0000e-03 +1.0000e-03 +1.0000e-03 +1.0000e-03 +1.0000e-03 +1.0000e-03 +1.0000e-03 +9.9999e-04 +9.9999e-04 +9.9999e-04 +9.9999e-04 +9.9998e-04 +9.9998e-04 +9.9998e-04 +9.9998e-04 +9.9997e-04 +9.9997e-04 +9.9997e-04 +9.9997e-04 +9.9997e-04 +9.9997e-04 +9.9996e-04 +9.9996e-04 +9.9996e-04 +9.9996e-04 +9.9996e-04 +9.9996e-04 +9.9996e-04 +9.9996e-04 +9.9996e-04 +9.9996e-04 +9.9996e-04 +9.9996e-04 +9.9996e-04 +9.9996e-04 +9.9996e-04 +9.9995e-04 +9.9995e-04 +9.9995e-04 +9.9995e-04 +9.9995e-04 +9.9995e-04 
+0000.00050 +5.0003e-04 +5.0003e-04 +5.0003e-04 +5.0003e-04 +5.0003e-04 +5.0003e-04 +5.0003e-04 +5.0002e-04 +5.0002e-04 +5.0002e-04 +5.0002e-04 +5.0002e-04 +5.0002e-04 +5.0002e-04 +5.0002e-04 +5.0002e-04 +5.0002e-04 +5.0002e-04 +5.0002e-04 +5.0001e-04 +5.0001e-04 +5.0001e-04 +5.0001e-04 +5.0001e-04 +5.0001e-04 +5.0001e-04 +5.0001e-04 +5.0000e-04 +5.0000e-04 +5.0000e-04 +5.0000e-04 +5.0000e-04 +5.0000e-04 +4.9999e-04 +4.9999e-04 +4.9999e-04 +4.9999e-04 +4.9999e-04 +4.9999e-04 +4.9999e-04 +4.9998e-04 +4.9998e-04 +4.9998e-04 +4.9998e-04 +4.9998e-04 +4.9998e-04 +4.9998e-04 +4.9998e-04 +4.9998e-04 +4.9997e-04 +4.9997e-04 +4.9997e-04 +4.9997e-04 +4.9997e-04 +4.9997e-04 +4.9997e-04 +4.9997e-04 +4.9997e-04 +4.9997e-04 +4.9997e-04 +4.9997e-04 
+0000.00000 -4.2448e-11 -4.4504e-11 -4.6531e-11 -4.8528e-11 -5.0488e-11 -5.2408e-11 -5.4284e-11 -5.6113e-11 -5.7890e-11 -5.9612e-11 -6.1277e-11 -6.2881e-11 -6.4420e-11 -6.5893e-11 -6.7296e-11 -6.8627e-11 -6.9883e-11 -7.1063e-11 -7.2164e-11 -7.3185e-11 -7.4123e-11 -7.4977e-11 -7.5745e-11 -7.6427e-11 -7.7021e-11 -7.7526e-11 -7.7941e-11 -7.8265e-11 -7.8498e-11 -7.8640e-11 -7.8691e-11 -7.8649e-11 -7.8516e-11 -7.8291e-11 -7.7974e-11 -7.7568e-11 -7.7071e-11 -7.6485e-11 -7.5810e-11 -7.5049e-11 -7.4202e-11 -7.3270e-11 -7.2255e-11 -7.1159e-11 -6.9984e-11 -6.8732e-11 -6.7405e-11 -6.6004e-11 -6.4534e-11 -6.2996e-11 -6.1393e-11 -5.9728e-11 -5.8004e-11 -5.6225e-11 -5.4393e-11 -5.2513e-11 -5.0588e-11 -4.8622e-11 -4.6618e-11 -4.4582e-11 -4.2517e-11 
-0000.00050 -5.0003e-04 -5.0003e-04 -5.0003e-04 -5.0003e-04 -5.0003e-04 -5.0003e-04 -5.0003e-04 -5.0002e-04 -5.0002e-04 -5.0002e-04 -5.0002e-04 -5.0002e-04 -5.0002e-04 -5.0002e-04 -5.0002e-04 -5.0002e-04 -5.0002e-04 -5.0002e-04 -5.0002e-04 -5.0001e-04 -5.0001e-04 -5.0001e-04 -5.0001e-04 -5.0001e-04 -5.0001e-04 -5.0001e-04 -5.0001e-04 -5.0000e-04 -5.0000e-04 -5.0000e-04 -5.0000e-04 -5.0000e-04 -5.0000e-04 -4.9999e-04 -4.9999e-04 -4.9999e-04 -4.9999e-04 -4.9999e-04 -4.9999e-04 -4.9999e-04 -4.9998e-04 -4.9998e-04 -4.9998e-04 -4.9998e-04 -4.9998e-04 -4.9998e-04 -4.9998e-04 -4.9998e-04 -4.9998e-04 -4.9997e-04 -4.9997e-04 -4.9997e-04 -4.9997e-04 -4.9997e-04 -4.9997e-04 -4.9997e-04 -4.9997e-04 -4.9997e-04 -4.9997e-04 -4.9997e-04 -4.9997e-04 
-0000.00100 -1.0001e-03 -1.0001e-03 -1.0001e-03 -1.0001e-03 -1.0001e-03 -1.0001e-03 -1.0001e-03 -1.0001e-03 -1.0001e-03 -1.0000e-03 -1.0000e-03 -1.0000e-03 -1.0000e-03 -1.0000e-03 -1.0000e-03 -1.0000e-03 -1.0000e-03 -1.0000e-03 -1.0000e-03 -1.0000e-03 -1.0000e-03 -1.0000e-03 -1.0000e-03 -1.0000e-03 -1.0000e-03 -1.0000e-03 -9.9999e-04 -9.9999e-04 -9.9999e-04 -9.9999e-04 -9.9998e-04 -9.9998e-04 -9.9998e-04 -9.9998e-04 -9.9997e-04 -9.9997e-04 -9.9997e-04 -9.9997e-04 -9.9997e-04 -9.9997e-04 -9.9996e-04 -9.9996e-04 -9.9996e-04 -9.9996e-04 -9.9996e-04 -9.9996e-04 -9.9996e-04 -9.9996e-04 -9.9996e-04 -9.9996e-04 -9.9996e-04 -9.9996e-04 -9.9996e-04 -9.9996e-04 -9.9996e-04 -9.9995e-04 -9.9995e-04 -9.9995e-04 -9.9995e-04 -9.9995e-04 -9.9995e-04 
-0000.00150 -1.5001e-03 -1.5001e-03 -1.5001e-03 -1.5001e-03 -1.5001e-03 -1.5001e-03 -1.5001e-03 -1.5001e-03 -1.5001e-03 -1.5001e-03 -1.5001e-03 -1.5001e-03 -1.5001e-03 -1.5001e-03 -1.5001e-03 -1.5001e-03 -1.5001e-03 -1.5001e-03 -1.5001e-03 -1.5000e-03 -1.5000e-03 -1.5000e-03 -1.5000e-03 -1.5000e-03 -1.5000e-03 -1.5000e-03 -1.5000e-03 -1.5000e-03 -1.5000e-03 -1.5000e-03 -1.5000e-03 -1.5000e-03 -1.5000e-03 -1.5000e-03 -1.5000e-03 -1.5000e-03 -1.5000e-03 -1.5000e-03 -1.5000e-03 -1.5000e-03 -1.5000e-03 -1.5000e-03 -1.4999e-03 -1.4999e-03 -1.4999e-03 -1.4999e-03 -1.4999e-03 -1.4999e-03 -1.4999e-03 -1.4999e-03 -1.4999e-03 -1.4999e-03 -1.4999e-03 -1.4999e-03 -1.4999e-03 -1.4999e-03 -1.4999e-03 -1.4999e-03 -1.4999e-03 -1.4999e-03 -1.4999e-03 
-0000.00200 -2.0001e-03 -2.0001e-03 -2.0001e-03 -2.0001e-03 -2.0001e-03 -2.0001e-03 -2.0001e-03 -2.0001e-03 -2.0001e-03 -2.0001e-03 -2.0001e-03 -2.0001e-03 -2.0001e-03 -2.0001e-03 -2.0001e-03 -2.0001e-03 -2.0001e-03 -2.0001e-03 -2.0001e-03 -2.0001e-03 -2.0001e-03 -2.0000e-03 -2.0000e-03 -2.0000e-03 -2.0000e-03 -2.0000e-03 -2.0000e-03 -2.0000e-03 -2.0000e-03 -2.0000e-03 -2.0000e-03 -2.0000e-03 -2.0000e-03 -2.0000e-03 -2.0000e-03 -2.0000e-03 -2.0000e-03 -2.0000e-03 -2.0000e-03 -2.0000e-03 -1.9999e-03 -1.9999e-03 -1.9999e-03 -1.9999e-03 -1.9999e-03 -1.9999e-03 -1.9999e-03 -1.9999e-03 -1.9999e-03 -1.9999e-03 -1.9999e-03 -1.9999e-03 -1.9999e-03 -1.9999e-03 -1.9999e-03 -1.9999e-03 -1.9999e-03 -1.9999e-03 -1.9999e-03 -1.9999e-03 -1.9999e-03 