# Author: FAC idanalysis.IDKickMap
# Termination_kicks [T2m2]: +0.0000e+00 +0.0000e+00 +0.0000e+00 +0.0000e+00 
# Total Length of Longitudinal Interval [m]
0.13
# Number of Horizontal Points
61
# Number of Vertical Points
9
# Total Horizontal 2nd Order Kick [T2m2]
START
            -0000.01000 -0000.00967 -0000.00933 -0000.00900 -0000.00867 -0000.00833 -0000.00800 -0000.00767 -0000.00733 -0000.00700 -0000.00667 -0000.00633 -0000.00600 -0000.00567 -0000.00533 -0000.00500 -0000.00467 -0000.00433 -0000.00400 -0000.00367 -0000.00333 -0000.00300 -0000.00267 -0000.00233 -0000.00200 -0000.00167 -0000.00133 -0000.00100 -0000.00067 -0000.00033 +0000.00000 +0000.00033 +0000.00067 +0000.00100 +0000.00133 +0000.00167 +0000.00200 +0000.00233 +0000.00267 +0000.00300 +0000.00333 +0000.00367 +0000.00400 +0000.00433 +0000.00467 +0000.00500 +0000.00533 +0000.00567 +0000.00600 +0000.00633 +0000.00667 +0000.00700 +0000.00733 +0000.00767 +0000.00800 +0000.00833 +0000.00867 +0000.00900 +0000.00933 +0000.00967 +0000.01000 
+0000.00200 -1.1717e-04 -1.1009e-04 -1.0313e-04 -9.6300e-05 -8.9610e-05 -8.3080e-05 -7.6710e-05 -7.0520e-05 -6.4520e-05 -5.8710e-05 -5.3110e-05 -4.7720e-05 -4.2560e-05 -3.7620e-05 -3.2930e-05 -2.8480e-05 -2.4280e-05 -2.0340e-05 -1.6670e-05 -1.3260e-05 -1.0130e-05 -7.2800e-06 -4.7100e-06 -2.4300e-06 -4.4000e-07 +1.2600e-06 +2.6600e-06 +3.7600e-06 +4.5600e-06 +5.0600e-06 +5.2600e-06 +5.1500e-06 +4.7500e-06 +4.0400e-06 +3.0300e-06 +1.7200e-06 +1.1000e-07 -1.7900e-06 -3.9900e-06 -6.4800e-06 -9.2600e-06 -1.2320e-05 -1.5660e-05 -1.9270e-05 -2.3150e-05 -2.7300e-05 -3.1710e-05 -3.6370e-05 -4.1280e-05 -4.6420e-05 -5.1800e-05 -5.7390e-05 -6.3210e-05 -6.9220e-05 -7.5440e-05 -8.1840e-05 -8.8420e-05 -9.5160e-05 -1.0207e-04 -1.0911e-04 -1.1629e-04 
+0000.00150 -1.1623e-04 -1.0964e-04 -1.0312e-04 -9.6680e-05 -9.0340e-05 -8.4100e-05 -7.8000e-05 -7.2030e-05 -6.6220e-05 -6.0570e-05 -5.5110e-05 -4.9830e-05 -4.4750e-05 -3.9890e-05 -3.5250e-05 -3.0830e-05 -2.6660e-05 -2.2740e-05 -1.9070e-05 -1.5660e-05 -1.2520e-05 -9.6600e-06 -7.0800e-06 -4.7900e-06 -2.7900e-06 -1.0800e-06 +3.4000e-07 +1.4500e-06 +2.2600e-06 +2.7600e-06 +2.9600e-06 +2.8600e-06 +2.4500e-06 +1.7300e-06 +7.1000e-07 -6.1000e-07 -2.2300e-06 -4.1500e-06 -6.3600e-06 -8.8600e-06 -1.1640e-05 -1.4710e-05 -1.8050e-05 -2.1660e-05 -2.5530e-05 -2.9650e-05 -3.4020e-05 -3.8630e-05 -4.3460e-05 -4.8520e-05 -5.3790e-05 -5.9250e-05 -6.4900e-05 -7.0730e-05 -7.6720e-05 -8.2860e-05 -8.9140e-05 -9.5550e-05 -1.0206e-04 -1.0866e-04 -1.1535e-04 
+0000.00100 -1.1545e-04 -1.0922e-04 -1.0302e-04 -9.6870e-05 -9.0770e-05 -8.4760e-05 -7.8850e-05 -7.3050e-05 -6.7380e-05 -6.1850e-05 -5.6490e-05 -5.1290e-05 -4.6280e-05 -4.1470e-05 -3.6870e-05 -3.2490e-05 -2.8340e-05 -2.4430e-05 -2.0770e-05 -1.7360e-05 -1.4230e-05 -1.1360e-05 -8.7700e-06 -6.4700e-06 -4.4600e-06 -2.7400e-06 -1.3200e-06 -2.1000e-07 +6.1000e-07 +1.1200e-06 +1.3200e-06 +1.2100e-06 +8.0000e-07 +8.0000e-08 -9.5000e-07 -2.2700e-06 -3.9000e-06 -5.8300e-06 -8.0500e-06 -1.0550e-05 -1.3340e-05 -1.6410e-05 -1.9750e-05 -2.3350e-05 -2.7200e-05 -3.1300e-05 -3.5640e-05 -4.0210e-05 -4.4990e-05 -4.9980e-05 -5.5170e-05 -6.0530e-05 -6.6060e-05 -7.1750e-05 -7.7580e-05 -8.3530e-05 -8.9590e-05 -9.5740e-05 -1.0197e-04 -1.0826e-04 -1.1458e-04 
+0000.00050 -1.1494e-04 -1.0894e-04 -1.0293e-04 -9.6950e-05 -9.1010e-05 -8.5130e-05 -7.9340e-05 -7.3640e-05 -6.8060e-05 -6.2610e-05 -5.7300e-05 -5.2160e-05 -4.7190e-05 -4.2420e-05 -3.7840e-05 -3.3480e-05 -2.9340e-05 -2.5440e-05 -2.1790e-05 -1.8390e-05 -1.5250e-05 -1.2380e-05 -9.7900e-06 -7.4900e-06 -5.4700e-06 -3.7500e-06 -2.3300e-06 -1.2100e-06 -3.9000e-07 +1.2000e-07 +3.2000e-07 +2.2000e-07 -2.0000e-07 -9.2000e-07 -1.9500e-06 -3.2800e-06 -4.9100e-06 -6.8400e-06 -9.0600e-06 -1.1570e-05 -1.4360e-05 -1.7430e-05 -2.0760e-05 -2.4350e-05 -2.8200e-05 -3.2290e-05 -3.6600e-05 -4.1140e-05 -4.5890e-05 -5.0840e-05 -5.5970e-05 -6.1280e-05 -6.6740e-05 -7.2340e-05 -7.8060e-05 -8.3900e-05 -8.9830e-05 -9.5830e-05 -1.0189e-04 -1.0798e-04 -1.1409e-04 
+0000.00000 -1.1477e-04 -1.0883e-04 -1.0289e-04 -9.6970e-05 -9.1080e-05 -8.5250e-05 -7.9490e-05 -7.3830e-05 -6.8280e-05 -6.2850e-05 -5.7570e-05 -5.2440e-05 -4.7490e-05 -4.2730e-05 -3.8160e-05 -3.3800e-05 -2.9670e-05 -2.5780e-05 -2.2120e-05 -1.8720e-05 -1.5590e-05 -1.2720e-05 -1.0130e-05 -7.8200e-06 -5.8000e-06 -4.0800e-06 -2.6600e-06 -1.5300e-06 -7.2000e-07 -2.1000e-07 +0.0000e+00 -1.1000e-07 -5.2000e-07 -1.2500e-06 -2.2800e-06 -3.6100e-06 -5.2400e-06 -7.1700e-06 -9.4000e-06 -1.1910e-05 -1.4700e-05 -1.7770e-05 -2.1100e-05 -2.4690e-05 -2.8530e-05 -3.2620e-05 -3.6930e-05 -4.1460e-05 -4.6200e-05 -5.1130e-05 -5.6250e-05 -6.1530e-05 -6.6960e-05 -7.2540e-05 -7.8230e-05 -8.4020e-05 -8.9910e-05 -9.5860e-05 -1.0186e-04 -1.0789e-04 -1.1392e-04 
-0000.00050 -1.1494e-04 -1.0893e-04 -1.0293e-04 -9.6950e-05 -9.1010e-05 -8.5130e-05 -7.9340e-05 -7.3640e-05 -6.8060e-05 -6.2610e-05 -5.7300e-05 -5.2160e-05 -4.7190e-05 -4.2420e-05 -3.7840e-05 -3.3480e-05 -2.9340e-05 -2.5440e-05 -2.1790e-05 -1.8390e-05 -1.5250e-05 -1.2380e-05 -9.7900e-06 -7.4900e-06 -5.4700e-06 -3.7500e-06 -2.3300e-06 -1.2100e-06 -3.9000e-07 +1.2000e-07 +3.2000e-07 +2.2000e-07 -2.0000e-07 -9.2000e-07 -1.9500e-06 -3.2800e-06 -4.9100e-06 -6.8400e-06 -9.0600e-06 -1.1570e-05 -1.4360e-05 -1.7430e-05 -2.0760e-05 -2.4360e-05 -2.8200e-05 -3.2290e-05 -3.6610e-05 -4.1150e-05 -4.5900e-05 -5.0850e-05 -5.5980e-05 -6.1280e-05 -6.6740e-05 -7.2340e-05 -7.8070e-05 -8.3910e-05 -8.9830e-05 -9.5840e-05 -1.0189e-04 -1.0799e-04 -1.1410e-04 
-0000.00100 -1.1545e-04 -1.0922e-04 -1.0302e-04 -9.6860e-05 -9.0770e-05 -8.4760e-05 -7.8850e-05 -7.3050e-05 -6.7380e-05 -6.1850e-05 -5.6490e-05 -5.1290e-05 -4.6280e-05 -4.1470e-05 -3.6870e-05 -3.2490e-05 -2.8340e-05 -2.4430e-05 -2.0770e-05 -1.7360e-05 -1.4230e-05 -1.1360e-05 -8.7800e-06 -6.4700e-06 -4.4600e-06 -2.7400e-06 -1.3200e-06 -2.1000e-07 +6.1000e-07 +1.1200e-06 +1.3200e-06 +1.2100e-06 +8.0000e-07 +8.0000e-08 -9.5000e-07 -2.2700e-06 -3.9000e-06 -5.8300e-06 -8.0500e-06 -1.0550e-05 -1.3340e-05 -1.6410e-05 -1.9750e-05 -2.3350e-05 -2.7200e-05 -3.1300e-05 -3.5640e-05 -4.0210e-05 -4.4990e-05 -4.9980e-05 -5.5170e-05 -6.0530e-05 -6.6070e-05 -7.1750e-05 -7.7580e-05 -8.3530e-05 -8.9590e-05 -9.5750e-05 -1.0198e-04 -1.0826e-04 -1.1459e-04 
-0000.00150 -1.1622e-04 -1.0963e-04 -1.0311e-04 -9.6670e-05 -9.0330e-05 -8.4090e-05 -7.7990e-05 -7.2020e-05 -6.6210e-05 -6.0570e-05 -5.5100e-05 -4.9820e-05 -4.4750e-05 -3.9880e-05 -3.5240e-05 -3.0830e-05 -2.6650e-05 -2.2730e-05 -1.9060e-05 -1.5660e-05 -1.2520e-05 -9.6600e-06 -7.0800e-06 -4.7900e-06 -2.7800e-06 -1.0700e-06 +3.4000e-07 +1.4500e-06 +2.2600e-06 +2.7600e-06 +2.9600e-06 +2.8600e-06 +2.4500e-06 +1.7300e-06 +7.1000e-07 -6.1000e-07 -2.2300e-06 -4.1500e-06 -6.3600e-06 -8.8600e-06 -1.1650e-05 -1.4720e-05 -1.8060e-05 -2.1660e-05 -2.5530e-05 -2.9660e-05 -3.4030e-05 -3.8640e-05 -4.3470e-05 -4.8530e-05 -5.3800e-05 -5.9260e-05 -6.4910e-05 -7.0740e-05 -7.6730e-05 -8.2880e-05 -8.9150e-05 -9.5560e-05 -1.0207e-04 -1.0868e-04 -1.1536e-04 
-0000.00200 -1.1716e-04 -1.1007e-04 -1.0311e-04 -9.6280e-05 -8.9590e-05 -8.3060e-05 -7.6690e-05 -7.0500e-05 -6.4500e-05 -5.8690e-05 -5.3090e-05 -4.7700e-05 -4.2540e-05 -3.7610e-05 -3.2910e-05 -2.8470e-05 -2.4270e-05 -2.0330e-05 -1.6660e-05 -1.3250e-05 -1.0120e-05 -7.2700e-06 -4.7100e-06 -2.4300e-06 -4.4000e-07 +1.2600e-06 +2.6600e-06 +3.7600e-06 +4.5600e-06 +5.0600e-06 +5.2600e-06 +5.1500e-06 +4.7400e-06 +4.0300e-06 +3.0200e-06 +1.7100e-06 +1.1000e-07 -1.8000e-06 -4.0000e-06 -6.4900e-06 -9.2600e-06 -1.2320e-05 -1.5660e-05 -1.9280e-05 -2.3160e-05 -2.7310e-05 -3.1720e-05 -3.6380e-05 -4.1290e-05 -4.6430e-05 -5.1810e-05 -5.7410e-05 -6.3220e-05 -6.9240e-05 -7.5450e-05 -8.1860e-05 -8.8440e-05 -9.5180e-05 -1.0208e-04 -1.0913e-04 -1.1631e-04 
# Total Vertical 2nd Order Kick [T2m2]
START
            -0000.01000 -0000.00967 -0000.00933 -0000.00900 -0000.00867 -0000.00833 -0000.00800 -0000.00767 -0000.00733 -0000.00700 -0000.00667 -0000.00633 -0000.00600 -0000.00567 -0000.00533 -0000.00500 -0000.00467 -0000.00433 -0000.00400 -0000.00367 -0000.00333 -0000.00300 -0000.00267 -0000.00233 -0000.00200 -0000.00167 -0000.00133 -0000.00100 -0000.00067 -0000.00033 +0000.00000 +0000.00033 +0000.00067 +0000.00100 +0000.00133 +0000.00167 +0000.00200 +0000.00233 +0000.00267 +0000.00300 +0000.00333 +0000.00367 +0000.00400 +0000.00433 +0000.00467 +0000.00500 +0000.00533 +0000.00567 +0000.00600 +0000.00633 +0000.00667 +0000.00700 +0000.00733 +0000.00767 +0000.00800 +0000.00833 +0000.00867 +0000.00900 +0000.00933 +0000.00967 +0000.01000 
+0000.00200 -6.0336e-05 -6.0821e-05 -6.1114e-05 -6.1222e-05 -6.1156e-05 -6.0923e-05 -6.0534e-05 -5.9996e-05 -5.9318e-05 -5.8508e-05 -5.7575e-05 -5.6525e-05 -5.5367e-05 -5.4110e-05 -5.2759e-05 -5.1322e-05 -4.9807e-05 -4.8221e-05 -4.6570e-05 -4.4862e-05 -4.3102e-05 -4.1298e-05 -3.9455e-05 -3.7580e-05 -3.5678e-05 -3.3756e-05 -3.1818e-05 -2.9871e-05 -2.7920e-05 -2.5970e-05 -2.4026e-05 -2.2093e-05 -2.0176e-05 -1.8279e-05 -1.6407e-05 -1.4563e-05 -1.2753e-05 -1.0979e-05 -9.2468e-06 -7.5587e-06 -5.9187e-06 -4.3299e-06 -2.7957e-06 -1.3191e-06 +9.7060e-08 +1.4501e-06 +2.7373e-06 +3.9563e-06 +5.1049e-06 +6.1808e-06 +7.1822e-06 +8.1072e-06 +8.9542e-06 +9.7216e-06 +1.0408e-05 +1.1013e-05 +1.1534e-05 +1.1971e-05 +1.2324e-05 +1.2591e-05 +1.2772e-05 
+0000.00150 -4.2456e-05 -4.2912e-05 -4.3216e-05 -4.3377e-05 -4.3400e-05 -4.3294e-05 -4.3064e-05 -4.2717e-05 -4.2259e-05 -4.1698e-05 -4.1040e-05 -4.0290e-05 -3.9454e-05 -3.8540e-05 -3.7552e-05 -3.6496e-05 -3.5378e-05 -3.4203e-05 -3.2978e-05 -3.1706e-05 -3.0393e-05 -2.9045e-05 -2.7665e-05 -2.6260e-05 -2.4833e-05 -2.3390e-05 -2.1934e-05 -2.0470e-05 -1.9002e-05 -1.7535e-05 -1.6072e-05 -1.4617e-05 -1.3174e-05 -1.1747e-05 -1.0338e-05 -8.9527e-06 -7.5929e-06 -6.2621e-06 -4.9634e-06 -3.6998e-06 -2.4741e-06 -1.2889e-06 -1.4703e-07 +9.4920e-07 +1.9974e-06 +2.9952e-06 +3.9405e-06 +4.8314e-06 +5.6658e-06 +6.4419e-06 +7.1582e-06 +7.8131e-06 +8.4050e-06 +8.9327e-06 +9.3949e-06 +9.7906e-06 +1.0119e-05 +1.0378e-05 +1.0569e-05 +1.0690e-05 +1.0740e-05 
+0000.00100 -2.7023e-05 -2.7372e-05 -2.7616e-05 -2.7761e-05 -2.7812e-05 -2.7773e-05 -2.7649e-05 -2.7445e-05 -2.7165e-05 -2.6813e-05 -2.6394e-05 -2.5912e-05 -2.5371e-05 -2.4775e-05 -2.4129e-05 -2.3435e-05 -2.2699e-05 -2.1923e-05 -2.1112e-05 -2.0269e-05 -1.9397e-05 -1.8501e-05 -1.7583e-05 -1.6647e-05 -1.5696e-05 -1.4733e-05 -1.3761e-05 -1.2784e-05 -1.1803e-05 -1.0823e-05 -9.8453e-06 -8.8732e-06 -7.9091e-06 -6.9556e-06 -6.0151e-06 -5.0901e-06 -4.1828e-06 -3.2954e-06 -2.4301e-06 -1.5890e-06 -7.7407e-07 +1.2859e-08 +7.6989e-07 +1.4953e-06 +2.1874e-06 +2.8446e-06 +3.4652e-06 +4.0480e-06 +4.5916e-06 +5.0946e-06 +5.5558e-06 +5.9741e-06 +6.3484e-06 +6.6778e-06 +6.9613e-06 +7.1982e-06 +7.3877e-06 +7.5290e-06 +7.6217e-06 +7.6652e-06 +7.6590e-06 
+0000.00050 -1.3129e-05 -1.3317e-05 -1.3452e-05 -1.3537e-05 -1.3573e-05 -1.3564e-05 -1.3511e-05 -1.3418e-05 -1.3286e-05 -1.3117e-05 -1.2914e-05 -1.2678e-05 -1.2413e-05 -1.2120e-05 -1.1800e-05 -1.1457e-05 -1.1092e-05 -1.0707e-05 -1.0303e-05 -9.8834e-06 -9.4490e-06 -9.0018e-06 -8.5435e-06 -8.0759e-06 -7.6005e-06 -7.1190e-06 -6.6330e-06 -6.1439e-06 -5.6532e-06 -5.1625e-06 -4.6731e-06 -4.1864e-06 -3.7037e-06 -3.2264e-06 -2.7557e-06 -2.2927e-06 -1.8388e-06 -1.3949e-06 -9.6236e-07 -5.4205e-07 -1.3505e-07 +2.5765e-07 +6.3510e-07 +9.9642e-07 +1.3407e-06 +1.6672e-06 +1.9750e-06 +2.2634e-06 +2.5317e-06 +2.7792e-06 +3.0053e-06 +3.2094e-06 +3.3909e-06 +3.5493e-06 +3.6842e-06 +3.7951e-06 +3.8815e-06 +3.9432e-06 +3.9798e-06 +3.9910e-06 +3.9766e-06 
+0000.00000 +2.1904e-08 +2.0619e-08 +1.9357e-08 +1.8122e-08 +1.6915e-08 +1.5737e-08 +1.4591e-08 +1.3478e-08 +1.2400e-08 +1.1359e-08 +1.0356e-08 +9.3917e-09 +8.4688e-09 +7.5880e-09 +6.7506e-09 +5.9577e-09 +5.2106e-09 +4.5102e-09 +3.8574e-09 +3.2532e-09 +2.6984e-09 +2.1938e-09 +1.7400e-09 +1.3380e-09 +9.8700e-10 +6.8900e-10 +4.4500e-10 +2.5300e-10 +1.1500e-10 +3.0000e-11 +0.0000e+00 +2.3000e-11 +1.0100e-10 +2.3200e-10 +4.1700e-10 +6.5600e-10 +9.4800e-10 +1.2920e-09 +1.6900e-09 +2.1389e-09 +2.6397e-09 +3.1914e-09 +3.7933e-09 +4.4446e-09 +5.1445e-09 +5.8921e-09 +6.6865e-09 +7.5266e-09 +8.4113e-09 +9.3395e-09 +1.0310e-08 +1.1321e-08 +1.2372e-08 +1.3461e-08 +1.4587e-08 +1.5747e-08 +1.6941e-08 +1.8167e-08 +1.9422e-08 +2.0705e-08 +2.2015e-08 
-0000.00050 +1.3173e-05 +1.3358e-05 +1.3491e-05 +1.3573e-05 +1.3607e-05 +1.3595e-05 +1.3540e-05 +1.3444e-05 +1.3310e-05 +1.3139e-05 +1.2934e-05 +1.2697e-05 +1.2430e-05 +1.2135e-05 +1.1814e-05 +1.1469e-05 +1.1102e-05 +1.0716e-05 +1.0311e-05 +9.8898e-06 +9.4543e-06 +9.0061e-06 +8.5470e-06 +8.0785e-06 +7.6025e-06 +7.1204e-06 +6.6339e-06 +6.1444e-06 +5.6535e-06 +5.1626e-06 +4.6732e-06 +4.1865e-06 +3.7040e-06 +3.2269e-06 +2.7566e-06 +2.2941e-06 +1.8407e-06 +1.3976e-06 +9.6569e-07 +5.4626e-07 +1.4026e-07 -2.5135e-07 -6.2762e-07 -9.8762e-07 -1.3305e-06 -1.6554e-06 -1.9616e-06 -2.2484e-06 -2.5149e-06 -2.7606e-06 -2.9847e-06 -3.1868e-06 -3.3662e-06 -3.5225e-06 -3.6551e-06 -3.7636e-06 -3.8476e-06 -3.9068e-06 -3.9409e-06 -3.9495e-06 -3.9324e-06 
-0000.00100 +2.7067e-05 +2.7413e-05 +2.7654e-05 +2.7797e-05 +2.7845e-05 +2.7804e-05 +2.7678e-05 +2.7471e-05 +2.7189e-05 +2.6835e-05 +2.6414e-05 +2.5930e-05 +2.5387e-05 +2.4790e-05 +2.4142e-05 +2.3447e-05 +2.2709e-05 +2.1932e-05 +2.1119e-05 +2.0275e-05 +1.9402e-05 +1.8505e-05 +1.7586e-05 +1.6649e-05 +1.5697e-05 +1.4734e-05 +1.3762e-05 +1.2784e-05 +1.1803e-05 +1.0823e-05 +9.8450e-06 +8.8729e-06 +7.9090e-06 +6.9558e-06 +6.0157e-06 +5.0911e-06 +4.1844e-06 +3.2977e-06 +2.4332e-06 +1.5930e-06 +7.7890e-07 -6.9320e-09 -7.6279e-07 -1.4868e-06 -2.1775e-06 -2.8332e-06 -3.4523e-06 -4.0334e-06 -4.5752e-06 -5.0763e-06 -5.5356e-06 -5.9518e-06 -6.3240e-06 -6.6512e-06 -6.9324e-06 -7.1669e-06 -7.3539e-06 -7.4927e-06 -7.5828e-06 -7.6236e-06 -7.6146e-06 
-0000.00150 +4.2499e-05 +4.2952e-05 +4.3254e-05 +4.3413e-05 +4.3434e-05 +4.3324e-05 +4.3092e-05 +4.2743e-05 +4.2283e-05 +4.1720e-05 +4.1059e-05 +4.0307e-05 +3.9470e-05 +3.8554e-05 +3.7564e-05 +3.6507e-05 +3.5387e-05 +3.4211e-05 +3.2984e-05 +3.1711e-05 +3.0398e-05 +2.9048e-05 +2.7668e-05 +2.6262e-05 +2.4835e-05 +2.3390e-05 +2.1934e-05 +2.0470e-05 +1.9002e-05 +1.7534e-05 +1.6071e-05 +1.4616e-05 +1.3173e-05 +1.1746e-05 +1.0338e-05 +8.9532e-06 +7.5939e-06 +6.2638e-06 +4.9659e-06 +3.7031e-06 +2.4783e-06 +1.2942e-06 +1.5345e-07 -9.4149e-07 -1.9882e-06 -2.9845e-06 -3.9283e-06 -4.8174e-06 -5.6500e-06 -6.4243e-06 -7.1386e-06 -7.7914e-06 -8.3811e-06 -8.9065e-06 -9.3664e-06 -9.7596e-06 -1.0085e-05 -1.0342e-05 -1.0530e-05 -1.0648e-05 -1.0695e-05 
-0000.00200 +6.0381e-05 +6.0862e-05 +6.1152e-05 +6.1257e-05 +6.1188e-05 +6.0953e-05 +6.0561e-05 +6.0021e-05 +5.9341e-05 +5.8529e-05 +5.7593e-05 +5.6542e-05 +5.5382e-05 +5.4123e-05 +5.2770e-05 +5.1332e-05 +4.9816e-05 +4.8228e-05 +4.6576e-05 +4.4867e-05 +4.3106e-05 +4.1301e-05 +3.9457e-05 +3.7581e-05 +3.5679e-05 +3.3756e-05 +3.1818e-05 +2.9871e-05 +2.7919e-05 +2.5969e-05 +2.4025e-05 +2.2092e-05 +2.0175e-05 +1.8278e-05 +1.6406e-05 +1.4563e-05 +1.2753e-05 +1.0980e-05 +9.2486e-06 +7.5614e-06 +5.9222e-06 +4.3345e-06 +2.8014e-06 +1.3260e-06 -8.8855e-08 -1.4404e-06 -2.7260e-06 -3.9434e-06 -5.0901e-06 -6.1642e-06 -7.1636e-06 -8.0865e-06 -8.9312e-06 -9.6963e-06 -1.0380e-05 -1.0982e-05 -1.1501e-05 -1.1935e-05 -1.2285e-05 -1.2549e-05 -1.2727e-05 
# Horizontal Final Position [m]
START
            -0000.01000 -0000.00967 -0000.00933 -0000.00900 -0000.00867 -0000.00833 -0000.00800 -0000.00767 -0000.00733 -0000.00700 -0000.00667 -0000.00633 -0000.00600 -0000.00567 -0000.00533 -0000.00500 -0000.00467 -0000.00433 -0000.00400 -0000.00367 -0000.00333 -0000.00300 -0000.00267 -0000.00233 -0000.00200 -0000.00167 -0000.00133 -0000.00100 -0000.00067 -0000.00033 +0000.00000 +0000.00033 +0000.00067 +0000.00100 +0000.00133 +0000.00167 +0000.00200 +0000.00233 +0000.00267 +0000.00300 +0000.00333 +0000.00367 +0000.00400 +0000.00433 +0000.00467 +0000.00500 +0000.00533 +0000.00567 +0000.00600 +0000.00633 +0000.00667 +0000.00700 +0000.00733 +0000.00767 +0000.00800 +0000.00833 +0000.00867 +0000.00900 +0000.00933 +0000.00967 +0000.01000 
+0000.00200 -1.0002e-02 -9.6692e-03 -9.3360e-03 -9.0027e-03 -8.6695e-03 -8.3362e-03 -8.0029e-03 -7.6697e-03 -7.3364e-03 -7.0031e-03 -6.6699e-03 -6.3366e-03 -6.0033e-03 -5.6700e-03 -5.3367e-03 -5.0034e-03 -4.6701e-03 -4.3368e-03 -4.0035e-03 -3.6702e-03 -3.3368e-03 -3.0035e-03 -2.6702e-03 -2.3369e-03 -2.0035e-03 -1.6702e-03 -1.3369e-03 -1.0035e-03 -6.7018e-04 -3.3684e-04 -3.4912e-06 +3.2986e-04 +6.6321e-04 +9.9656e-04 +1.3299e-03 +1.6633e-03 +1.9966e-03 +2.3300e-03 +2.6633e-03 +2.9967e-03 +3.3300e-03 +3.6634e-03 +3.9967e-03 +4.3301e-03 +4.6634e-03 +4.9968e-03 +5.3301e-03 +5.6635e-03 +5.9968e-03 +6.3301e-03 +6.6635e-03 +6.9968e-03 +7.3301e-03 +7.6634e-03 +7.9967e-03 +8.3300e-03 +8.6633e-03 +8.9966e-03 +9.3299e-03 +9.6631e-03 +9.9964e-03 
+0000.00150 -1.0002e-02 -9.6692e-03 -9.3360e-03 -9.0027e-03 -8.6695e-03 -8.3362e-03 -8.0029e-03 -7.6697e-03 -7.3364e-03 -7.0031e-03 -6.6699e-03 -6.3366e-03 -6.0033e-03 -5.6700e-03 -5.3367e-03 -5.0034e-03 -4.6701e-03 -4.3368e-03 -4.0035e-03 -3.6702e-03 -3.3368e-03 -3.0035e-03 -2.6702e-03 -2.3369e-03 -2.0035e-03 -1.6702e-03 -1.3369e-03 -1.0035e-03 -6.7018e-04 -3.3684e-04 -3.4892e-06 +3.2986e-04 +6.6321e-04 +9.9656e-04 +1.3299e-03 +1.6633e-03 +1.9966e-03 +2.3300e-03 +2.6633e-03 +2.9967e-03 +3.3300e-03 +3.6634e-03 +3.9967e-03 +4.3301e-03 +4.6634e-03 +4.9968e-03 +5.3301e-03 +5.6635e-03 +5.9968e-03 +6.3301e-03 +6.6635e-03 +6.9968e-03 +7.3301e-03 +7.6634e-03 +7.9967e-03 +8.3300e-03 +8.6633e-03 +8.9966e-03 +9.3299e-03 +9.6631e-03 +9.9964e-03 
+0000.00100 -1.0002e-02 -9.6692e-03 -9.3360e-03 -9.0027e-03 -8.6695e-03 -8.3362e-03 -8.0029e-03 -7.6697e-03 -7.3364e-03 -7.0031e-03 -6.6699e-03 -6.3366e-03 -6.0033e-03 -5.6700e-03 -5.3367e-03 -5.0034e-03 -4.6701e-03 -4.3368e-03 -4.0035e-03 -3.6702e-03 -3.3368e-03 -3.0035e-03 -2.6702e-03 -2.3369e-03 -2.0035e-03 -1.6702e-03 -1.3369e-03 -1.0035e-03 -6.7018e-04 -3.3684e-04 -3.4892e-06 +3.2986e-04 +6.6321e-04 +9.9656e-04 +1.3299e-03 +1.6633e-03 +1.9966e-03 +2.3300e-03 +2.6633e-03 +2.9967e-03 +3.3300e-03 +3.6634e-03 +3.9967e-03 +4.3301e-03 +4.6634e-03 +4.9968e-03 +5.3301e-03 +5.6635e-03 +5.9968e-03 +6.3301e-03 +6.6635e-03 +6.9968e-03 +7.3301e-03 +7.6634e-03 +7.9967e-03 +8.3300e-03 +8.6633e-03 +8.9966e-03 +9.3299e-03 +9.6631e-03 +9.9964e-03 
+0000.00050 -1.0002e-02 -9.6692e-03 -9.3360e-03 -9.0027e-03 -8.6695e-03 -8.3362e-03 -8.0029e-03 -7.6697e-03 -7.3364e-03 -7.0031e-03 -6.6699e-03 -6.3366e-03 -6.0033e-03 -5.6700e-03 -5.3367e-03 -5.0034e-03 -4.6701e-03 -4.3368e-03 -4.0035e-03 -3.6702e-03 -3.3368e-03 -3.0035e-03 -2.6702e-03 -2.3369e-03 -2.0035e-03 -1.6702e-03 -1.3369e-03 -1.0035e-03 -6.7018e-04 -3.3684e-04 -3.4886e-06 +3.2986e-04 +6.6321e-04 +9.9656e-04 +1.3299e-03 +1.6633e-03 +1.9966e-03 +2.3300e-03 +2.6633e-03 +2.9967e-03 +3.3300e-03 +3.6634e-03 +3.9967e-03 +4.3301e-03 +4.6634e-03 +4.9968e-03 +5.3301e-03 +5.6635e-03 +5.9968e-03 +6.3301e-03 +6.6635e-03 +6.9968e-03 +7.3301e-03 +7.6634e-03 +7.9967e-03 +8.3300e-03 +8.6633e-03 +8.9966e-03 +9.3299e-03 +9.6631e-03 +9.9964e-03 
+0000.00000 -1.0002e-02 -9.6692e-03 -9.3360e-03 -9.0027e-03 -8.6695e-03 -8.3362e-03 -8.0029e-03 -7.6697e-03 -7.3364e-03 -7.0031e-03 -6.6699e-03 -6.3366e-03 -6.0033e-03 -5.6700e-03 -5.3367e-03 -5.0034e-03 -4.6701e-03 -4.3368e-03 -4.0035e-03 -3.6702e-03 -3.3368e-03 -3.0035e-03 -2.6702e-03 -2.3369e-03 -2.0035e-03 -1.6702e-03 -1.3369e-03 -1.0035e-03 -6.7018e-04 -3.3684e-04 -3.4886e-06 +3.2986e-04 +6.6321e-04 +9.9656e-04 +1.3299e-03 +1.6633e-03 +1.9966e-03 +2.3300e-03 +2.6633e-03 +2.9967e-03 +3.3300e-03 +3.6634e-03 +3.9967e-03 +4.3301e-03 +4.6634e-03 +4.9968e-03 +5.3301e-03 +5.6635e-03 +5.9968e-03 +6.3301e-03 +6.6635e-03 +6.9968e-03 +7.3301e-03 +7.6634e-03 +7.9967e-03 +8.3300e-03 +8.6633e-03 +8.9966e-03 +9.3299e-03 +9.6631e-03 +9.9964e-03 
-0000.00050 -1.0002e-02 -9.6692e-03 -9.3360e-03 -9.0027e-03 -8.6695e-03 -8.3362e-03 -8.0029e-03 -7.6697e-03 -7.3364e-03 -7.0031e-03 -6.6699e-03 -6.3366e-03 -6.0033e-03 -5.6700e-03 -5.3367e-03 -5.0034e-03 -4.6701e-03 -4.3368e-03 -4.0035e-03 -3.6702e-03 -3.3368e-03 -3.0035e-03 -2.6702e-03 -2.3369e-03 -2.0035e-03 -1.6702e-03 -1.3369e-03 -1.0035e-03 -6.7018e-04 -3.3684e-04 -3.4886e-06 +3.2986e-04 +6.6321e-04 +9.9656e-04 +1.3299e-03 +1.6633e-03 +1.9966e-03 +2.3300e-03 +2.6633e-03 +2.9967e-03 +3.3300e-03 +3.6634e-03 +3.9967e-03 +4.3301e-03 +4.6634e-03 +4.9968e-03 +5.3301e-03 +5.6635e-03 +5.9968e-03 +6.3301e-03 +6.6635e-03 +6.9968e-03 +7.3301e-03 +7.6634e-03 +7.9967e-03 +8.3300e-03 +8.6633e-03 +8.9966e-03 +9.3299e-03 +9.6631e-03 +9.9964e-03 
-0000.00100 -1.0002e-02 -9.6692e-03 -9.3360e-03 -9.0027e-03 -8.6695e-03 -8.3362e-03 -8.0029e-03 -7.6697e-03 -7.3364e-03 -7.0031e-03 -6.6699e-03 -6.3366e-03 -6.0033e-03 -5.6700e-03 -5.3367e-03 -5.0034e-03 -4.6701e-03 -4.3368e-03 -4.0035e-03 -3.6702e-03 -3.3368e-03 -3.0035e-03 -2.6702e-03 -2.3369e-03 -2.0035e-03 -1.6702e-03 -1.3369e-03 -1.0035e-03 -6.7018e-04 -3.3684e-04 -3.4892e-06 +3.2986e-04 +6.6321e-04 +9.9656e-04 +1.3299e-03 +1.6633e-03 +1.9966e-03 +2.3300e-03 +2.6633e-03 +2.9967e-03 +3.3300e-03 +3.6634e-03 +3.9967e-03 +4.3301e-03 +4.6634e-03 +4.9968e-03 +5.3301e-03 +5.6635e-03 +5.9968e-03 +6.3301e-03 +6.6635e-03 +6.9968e-03 +7.3301e-03 +7.6634e-03 +7.9967e-03 +8.3300e-03 +8.6633e-03 +8.9966e-03 +9.3299e-03 +9.6631e-03 +9.9964e-03 
-0000.00150 -1.0002e-02 -9.6692e-03 -9.3360e-03 -9.0027e-03 -8.6695e-03 -8.3362e-03 -8.0029e-03 -7.6697e-03 -7.3364e-03 -7.0031e-03 -6.6699e-03 -6.3366e-03 -6.0033e-03 -5.6700e-03 -5.3367e-03 -5.0034e-03 -4.6701e-03 -4.3368e-03 -4.0035e-03 -3.6702e-03 -3.3368e-03 -3.0035e-03 -2.6702e-03 -2.3369e-03 -2.0035e-03 -1.6702e-03 -1.3369e-03 -1.0035e-03 -6.7018e-04 -3.3684e-04 -3.4892e-06 +3.2986e-04 +6.6321e-04 +9.9656e-04 +1.3299e-03 +1.6633e-03 +1.9966e-03 +2.3300e-03 +2.6633e-03 +2.9967e-03 +3.3300e-03 +3.6634e-03 +3.9967e-03 +4.3301e-03 +4.6634e-03 +4.9968e-03 +5.3301e-03 +5.6635e-03 +5.9968e-03 +6.3301e-03 +6.6635e-03 +6.9968e-03 +7.3301e-03 +7.6634e-03 +7.9967e-03 +8.3300e-03 +8.6633e-03 +8.9966e-03 +9.3299e-03 +9.6631e-03 +9.9964e-03 
-0000.00200 -1.0002e-02 -9.6692e-03 -9.3360e-03 -9.0027e-03 -8.6695e-03 -8.3362e-03 -8.0029e-03 -7.6697e-03 -7.3364e-03 -7.0031e-03 -6.6699e-03 -6.3366e-03 -6.0033e-03 -5.6700e-03 -5.3367e-03 -5.0034e-03 -4.6701e-03 -4.3368e-03 -4.0035e-03 -3.6702e-03 -3.3368e-03 -3.0035e-03 -2.6702e-03 -2.3369e-03 -2.0035e-03 -1.6702e-03 -1.3369e-03 -1.0035e-03 -6.7018e-04 -3.3684e-04 -3.4912e-06 +3.2986e-04 +6.6321e-04 +9.9656e-04 +1.3299e-03 +1.6633e-03 +1.9966e-03 +2.3300e-03 +2.6633e-03 +2.9967e-03 +3.3300e-03 +3.6634e-03 +3.9967e-03 +4.3301e-03 +4.6634e-03 +4.9968e-03 +5.3301e-03 +5.6635e-03 +5.9968e-03 +6.3301e-03 +6.6635e-03 +6.9968e-03 +7.3301e-03 +7.6634e-03 +7.9967e-03 +8.3300e-03 +8.6633e-03 +8.9966e-03 +9.3299e-03 +9.6631e-03 +9.9964e-03 
# Vertical Final Position [m]
START
            -0000.01000 -0000.00967 -0000.00933 -0000.00900 -0000.00867 -0000.00833 -0000.00800 -0000.00767 -0000.00733 -0000.00700 -0000.00667 -0000.00633 -0000.00600 -0000.00567 -0000.00533 -0000.00500 -0000.00467 -0000.00433 -0000.00400 -0000.00367 -0000.00333 -0000.00300 -0000.00267 -0000.00233 -0000.00200 -0000.00167 -0000.00133 -0000.00100 -0000.00067 -0000.00033 +0000.00000 +0000.00033 +0000.00067 +0000.00100 +0000.00133 +0000.00167 +0000.00200 +0000.00233 +0000.00267 +0000.00300 +0000.00333 +0000.00367 +0000.00400 +0000.00433 +0000.00467 +0000.00500 +0000.00533 +0000.00567 +0000.00600 +0000.00633 +0000.00667 +0000.00700 +0000.00733 +0000.00767 +0000.00800 +0000.00833 +0000.00867 +0000.00900 +0000.00933 +0000.00967 +0000.01000 
+0000.00200 +2.0002e-03 +2.0002e-03 +2.0002e-03 +2.0002e-03 +2.0002e-03 +2.0002e-03 +2.0002e-03 +2.0002e-03 +2.0002e-03 +2.0001e-03 +2.0001e-03 +2.0001e-03 +2.0001e-03 +2.0001e-03 +2.0001e-03 +2.0001e-03 +2.0001e-03 +2.0001e-03 +2.0001e-03 +2.0001e-03 +2.0001e-03 +2.0001e-03 +2.0000e-03 +2.0000e-03 +2.0000e-03 +2.0000e-03 +2.0000e-03 +2.0000e-03 +2.0000e-03 +2.0000e-03 +2.0000e-03 +2.0000e-03 +2.0000e-03 +1.9999e-03 +1.9999e-03 +1.9999e-03 +1.9999e-03 +1.9999e-03 +1.9999e-03 +1.9999e-03 +1.9999e-03 +1.9999e-03 +1.9999e-03 +1.9999e-03 +1.9999e-03 +1.9998e-03 +1.9998e-03 +1.9998e-03 +1.9998e-03 +1.9998e-03 +1.9998e-03 +1.9998e-03 +1.9998e-03 +1.9998e-03 +1.9998e-03 +1.9998e-03 +1.9998e-03 +1.9998e-03 +1.9998e-03 +1.9998e-03 +1.9998e-03 
+0000.00150 +1.5001e-03 +1.5001e-03 +1.5001e-03 +1.5001e-03 +1.5001e-03 +1.5001e-03 +1.5001e-03 +1.5001e-03 +1.5001e-03 +1.5001e-03 +1.5001e-03 +1.5001e-03 +1.5001e-03 +1.5001e-03 +1.5001e-03 +1.5001e-03 +1.5001e-03 +1.5001e-03 +1.5001e-03 +1.5001e-03 +1.5001e-03 +1.5001e-03 +1.5000e-03 +1.5000e-03 +1.5000e-03 +1.5000e-03 +1.5000e-03 +1.5000e-03 +1.5000e-03 +1.5000e-03 +1.5000e-03 +1.5000e-03 +1.5000e-03 +1.5000e-03 +1.5000e-03 +1.5000e-03 +1.5000e-03 +1.4999e-03 +1.4999e-03 +1.4999e-03 +1.4999e-03 +1.4999e-03 +1.4999e-03 +1.4999e-03 +1.4999e-03 +1.4999e-03 +1.4999e-03 +1.4999e-03 +1.4999e-03 +1.4999e-03 +1.4999e-03 +1.4999e-03 +1.4999e-03 +1.4998e-03 +1.4998e-03 +1.4998e-03 +1.4998e-03 +1.4998e-03 +1.4998e-03 +1.4998e-03 +1.4998e-03 
+0000.00100 +1.0001e-03 +1.0001e-03 +1.0001e-03 +1.0001e-03 +1.0001e-03 +1.0001e-03 +1.0001e-03 +1.0001e-03 +1.0001e-03 +1.0001e-03 +1.0001e-03 +1.0001e-03 +1.0001e-03 +1.0001e-03 +1.0001e-03 +1.0001e-03 +1.0001e-03 +1.0001e-03 +1.0000e-03 +1.0000e-03 +1.0000e-03 +1.0000e-03 +1.0000e-03 +1.0000e-03 +1.0000e-03 +1.0000e-03 +9.9999e-04 +9.9998e-04 +9.9998e-04 +9.9997e-04 +9.9997e-04 +9.9996e-04 +9.9996e-04 +9.9995e-04 +9.9995e-04 +9.9995e-04 +9.9994e-04 +9.9994e-04 +9.9994e-04 +9.9994e-04 +9.9994e-04 +9.9994e-04 +9.9993e-04 +9.9993e-04 +9.9993e-04 +9.9993e-04 +9.9993e-04 +9.9993e-04 +9.9993e-04 +9.9993e-04 +9.9993e-04 +9.9993e-04 +9.9993e-04 +9.9992e-04 +9.9992e-04 +9.9992e-04 +9.9991e-04 +9.9991e-04 +9.9990e-04 +9.9990e-04 +9.9989e-04 
+0000.00050 +5.0004e-04 +5.0004e-04 +5.0004e-04 +5.0004e-04 +5.0004e-04 +5.0004e-04 +5.0004e-04 +5.0004e-04 +5.0004e-04 +5.0004e-04 +5.0003e-04 +5.0003e-04 +5.0003e-04 +5.0003e-04 +5.0003e-04 +5.0003e-04 +5.0002e-04 +5.0002e-04 +5.0002e-04 +5.0002e-04 +5.0002e-04 +5.0001e-04 +5.0001e-04 +5.0001e-04 +5.0001e-04 +5.0001e-04 +5.0000e-04 +5.0000e-04 +5.0000e-04 +5.0000e-04 +4.9999e-04 +4.9999e-04 +4.9999e-04 +4.9999e-04 +4.9999e-04 +4.9998e-04 +4.9998e-04 +4.9998e-04 +4.9998e-04 +4.9998e-04 +4.9997e-04 +4.9997e-04 +4.9997e-04 +4.9997e-04 +4.9997e-04 +4.9997e-04 +4.9996e-04 +4.9996e-04 +4.9996e-04 +4.9996e-04 +4.9996e-04 +4.9996e-04 +4.9996e-04 +4.9996e-04 +4.9995e-04 +4.9995e-04 +4.9995e-04 +4.9995e-04 +4.9995e-04 +4.9995e-04 +4.9995e-04 
+0000.00000 +4.2976e-11 +4.1793e-11 +4.0589e-11 +3.9370e-11 +3.8143e-11 +3.6912e-11 +3.5685e-11 +3.4466e-11 +3.3260e-11 +3.2072e-11 +3.0908e-11 +2.9772e-11 +2.8668e-11 +2.7599e-11 +2.6571e-11 +2.5587e-11 +2.4649e-11 +2.3762e-11 +2.2929e-11 +2.2151e-11 +2.1433e-11 +2.0775e-11 +2.0181e-11 +1.9651e-11 +1.9189e-11 +1.8794e-11 +1.8469e-11 +1.8215e-11 +1.8031e-11 +1.7920e-11 +1.7880e-11 +1.7914e-11 +1.8019e-11 +1.8196e-11 +1.8445e-11 +1.8764e-11 +1.9153e-11 +1.9610e-11 +2.0135e-11 +2.0725e-11 +2.1379e-11 +2.2094e-11 +2.2868e-11 +2.3700e-11 +2.4585e-11 +2.5521e-11 +2.6505e-11 +2.7534e-11 +2.8604e-11 +2.9710e-11 +3.0850e-11 +3.2018e-11 +3.3211e-11 +3.4423e-11 +3.5650e-11 +3.6886e-11 +3.8126e-11 +3.9365e-11 +4.0596e-11 +4.1814e-11 +4.3013e-11 
-0000.00050 -5.0004e-04 -5.0004e-04 -5.0004e-04 -5.0004e-04 -5.0004e-04 -5.0004e-04 -5.0004e-04 -5.0004e-04 -5.0004e-04 -5.0004e-04 -5.0003e-04 -5.0003e-04 -5.0003e-04 -5.0003e-04 -5.0003e-04 -5.0003e-04 -5.0002e-04 -5.0002e-04 -5.0002e-04 -5.0002e-04 -5.0002e-04 -5.0001e-04 -5.0001e-04 -5.0001e-04 -5.0001e-04 -5.0001e-04 -5.0000e-04 -5.0000e-04 -5.0000e-04 -5.0000e-04 -4.9999e-04 -4.9999e-04 -4.9999e-04 -4.9999e-04 -4.9999e-04 -4.9998e-04 -4.9998e-04 -4.9998e-04 -4.9998e-04 -4.9998e-04 -4.9997e-04 -4.9997e-04 -4.9997e-04 -4.9997e-04 -4.9997e-04 -4.9997e-04 -4.9996e-04 -4.9996e-04 -4.9996e-04 -4.9996e-04 -4.9996e-04 -4.9996e-04 -4.9996e-04 -4.9996e-04 -4.9995e-04 -4.9995e-04 -4.9995e-04 -4.9995e-04 -4.9995e-04 -4.9995e-04 -4.9995e-04 
-0000.00100 -1.0001e-03 -1.0001e-03 -1.0001e-03 -1.0001e-03 -1.0001e-03 -1.0001e-03 -1.0001e-03 -1.0001e-03 -1.0001e-03 -1.0001e-03 -1.0001e-03 -1.0001e-03 -1.0001e-03 -1.0001e-03 -1.0001e-03 -1.0001e-03 -1.0001e-03 -1.0001e-03 -1.0000e-03 -1.0000e-03 -1.0000e-03 -1.0000e-03 -1.0000e-03 -1.0000e-03 -1.0000e-03 -1.0000e-03 -9.9999e-04 -9.9998e-04 -9.9998e-04 -9.9997e-04 -9.9997e-04 -9.9996e-04 -9.9996e-04 -9.9995e-04 -9.9995e-04 -9.9995e-04 -9.9994e-04 -9.9994e-04 -9.9994e-04 -9.9994e-04 -9.9994e-04 -9.9994e-04 -9.9993e-04 -9.9993e-04 -9.9993e-04 -9.9993e-04 -9.9993e-04 -9.9993e-04 -9.9993e-04 -9.9993e-04 -9.9993e-04 -9.9993e-04 -9.9993e-04 -9.9992e-04 -9.9992e-04 -9.9992e-04 -9.9991e-04 -9.9991e-04 -9.9990e-04 -9.9990e-04 -9.9989e-04 
-0000.00150 -1.5001e-03 -1.5001e-03 -1.5001e-03 -1.5001e-03 -1.5001e-03 -1.5001e-03 -1.5001e-03 -1.5001e-03 -1.5001e-03 -1.5001e-03 -1.5001e-03 -1.5001e-03 -1.5001e-03 -1.5001e-03 -1.5001e-03 -1.5001e-03 -1.5001e-03 -1.5001e-03 -1.5001e-03 -1.5001e-03 -1.5001e-03 -1.5001e-03 -1.5000e-03 -1.5000e-03 -1.5000e-03 -1.5000e-03 -1.5000e-03 -1.5000e-03 -1.5000e-03 -1.5000e-03 -1.5000e-03 -1.5000e-03 -1.5000e-03 -1.5000e-03 -1.5000e-03 -1.5000e-03 -1.5000e-03 -1.4999e-03 -1.4999e-03 -1.4999e-03 -1.4999e-03 -1.4999e-03 -1.4999e-03 -1.4999e-03 -1.4999e-03 -1.4999e-03 -1.4999e-03 -1.4999e-03 -1.4999e-03 -1.4999e-03 -1.4999e-03 -1.4999e-03 -1.4999e-03 -1.4998e-03 -1.4998e-03 -1.4998e-03 -1.4998e-03 -1.4998e-03 -1.4998e-03 -1.4998e-03 -1.4998e-03 
-0000.00200 -2.0002e-03 -2.0002e-03 -2.0002e-03 -2.0002e-03 -2.0002e-03 -2.0002e-03 -2.0002e-03 -2.0002e-03 -2.0002e-03 -2.0001e-03 -2.0001e-03 -2.0001e-03 -2.0001e-03 -2.0001e-03 -2.0001e-03 -2.0001e-03 -2.0001e-03 -2.0001e-03 -2.0001e-03 -2.0001e-03 -2.0001e-03 -2.0001e-03 -2.0000e-03 -2.0000e-03 -2.0000e-03 -2.0000e-03 -2.0000e-03 -2.0000e-03 -2.0000e-03 -2.0000e-03 -2.0000e-03 -2.0000e-03 -2.0000e-03 -1.9999e-03 -1.9999e-03 -1.9999e-03 -1.9999e-03 -1.9999e-03 -1.9999e-03 -1.9999e-03 -1.9999e-03 -1.9999e-03 -1.9999e-03 -1.9999e-03 -1.9999e-03 -1.9998e-03 -1.9998e-03 -1.9998e-03 -1.9998e-03 -1.9998e-03 -1.9998e-03 -1.9998e-03 -1.9998e-03 -1.9998e-03 -1.9998e-03 -1.9998e-03 -1.9998e-03 -1.9998e-03 -1.9998e-03 -1.9998e-03 -1.9998e-03 