# Author: FAC idanalysis.IDKickMap
# Termination_kicks [T2m2]: +0.0000e+00 +0.0000e+00 +0.0000e+00 +0.0000e+00 
# Total Length of Longitudinal Interval [m]
0.13
# Number of Horizontal Points
61
# Number of Vertical Points
9
# Total Horizontal 2nd Order Kick [T2m2]
START
            -0000.01000 -0000.00967 -0000.00933 -0000.00900 -0000.00867 -0000.00833 -0000.00800 -0000.00767 -0000.00733 -0000.00700 -0000.00667 -0000.00633 -0000.00600 -0000.00567 -0000.00533 -0000.00500 -0000.00467 -0000.00433 -0000.00400 -0000.00367 -0000.00333 -0000.00300 -0000.00267 -0000.00233 -0000.00200 -0000.00167 -0000.00133 -0000.00100 -0000.00067 -0000.00033 +0000.00000 +0000.00033 +0000.00067 +0000.00100 +0000.00133 +0000.00167 +0000.00200 +0000.00233 +0000.00267 +0000.00300 +0000.00333 +0000.00367 +0000.00400 +0000.00433 +0000.00467 +0000.00500 +0000.00533 +0000.00567 +0000.00600 +0000.00633 +0000.00667 +0000.00700 +0000.00733 +0000.00767 +0000.00800 +0000.00833 +0000.00867 +0000.00900 +0000.00933 +0000.00967 +0000.01000 
+0000.00200 -1.4625e-04 -1.4467e-04 -1.4316e-04 -1.4170e-04 -1.4031e-04 -1.3897e-04 -1.3769e-04 -1.3646e-04 -1.3529e-04 -1.3418e-04 -1.3312e-04 -1.3212e-04 -1.3117e-04 -1.3027e-04 -1.2943e-04 -1.2863e-04 -1.2789e-04 -1.2721e-04 -1.2657e-04 -1.2598e-04 -1.2545e-04 -1.2497e-04 -1.2453e-04 -1.2415e-04 -1.2382e-04 -1.2353e-04 -1.2330e-04 -1.2312e-04 -1.2298e-04 -1.2289e-04 -1.2286e-04 -1.2287e-04 -1.2293e-04 -1.2304e-04 -1.2320e-04 -1.2341e-04 -1.2367e-04 -1.2398e-04 -1.2434e-04 -1.2475e-04 -1.2521e-04 -1.2571e-04 -1.2627e-04 -1.2688e-04 -1.2754e-04 -1.2825e-04 -1.2902e-04 -1.2983e-04 -1.3070e-04 -1.3162e-04 -1.3259e-04 -1.3361e-04 -1.3469e-04 -1.3583e-04 -1.3702e-04 -1.3826e-04 -1.3956e-04 -1.4092e-04 -1.4234e-04 -1.4381e-04 -1.4534e-04 
+0000.00150 -1.4675e-04 -1.4517e-04 -1.4366e-04 -1.4220e-04 -1.4080e-04 -1.3946e-04 -1.3817e-04 -1.3695e-04 -1.3578e-04 -1.3466e-04 -1.3360e-04 -1.3259e-04 -1.3164e-04 -1.3074e-04 -1.2989e-04 -1.2909e-04 -1.2835e-04 -1.2766e-04 -1.2702e-04 -1.2644e-04 -1.2590e-04 -1.2541e-04 -1.2498e-04 -1.2460e-04 -1.2426e-04 -1.2398e-04 -1.2374e-04 -1.2356e-04 -1.2342e-04 -1.2334e-04 -1.2330e-04 -1.2331e-04 -1.2337e-04 -1.2349e-04 -1.2365e-04 -1.2386e-04 -1.2412e-04 -1.2443e-04 -1.2479e-04 -1.2520e-04 -1.2566e-04 -1.2617e-04 -1.2673e-04 -1.2734e-04 -1.2800e-04 -1.2872e-04 -1.2948e-04 -1.3030e-04 -1.3117e-04 -1.3209e-04 -1.3307e-04 -1.3409e-04 -1.3518e-04 -1.3631e-04 -1.3750e-04 -1.3875e-04 -1.4005e-04 -1.4141e-04 -1.4283e-04 -1.4430e-04 -1.4584e-04 
+0000.00100 -1.4709e-04 -1.4552e-04 -1.4400e-04 -1.4255e-04 -1.4115e-04 -1.3981e-04 -1.3852e-04 -1.3729e-04 -1.3612e-04 -1.3500e-04 -1.3394e-04 -1.3293e-04 -1.3197e-04 -1.3107e-04 -1.3022e-04 -1.2943e-04 -1.2868e-04 -1.2799e-04 -1.2735e-04 -1.2676e-04 -1.2622e-04 -1.2574e-04 -1.2530e-04 -1.2491e-04 -1.2458e-04 -1.2429e-04 -1.2406e-04 -1.2387e-04 -1.2373e-04 -1.2365e-04 -1.2361e-04 -1.2363e-04 -1.2369e-04 -1.2380e-04 -1.2396e-04 -1.2417e-04 -1.2444e-04 -1.2475e-04 -1.2511e-04 -1.2552e-04 -1.2598e-04 -1.2649e-04 -1.2706e-04 -1.2767e-04 -1.2833e-04 -1.2905e-04 -1.2982e-04 -1.3064e-04 -1.3151e-04 -1.3243e-04 -1.3341e-04 -1.3444e-04 -1.3552e-04 -1.3666e-04 -1.3785e-04 -1.3910e-04 -1.4040e-04 -1.4176e-04 -1.4318e-04 -1.4465e-04 -1.4618e-04 
+0000.00050 -1.4730e-04 -1.4573e-04 -1.4422e-04 -1.4276e-04 -1.4136e-04 -1.4002e-04 -1.3873e-04 -1.3750e-04 -1.3633e-04 -1.3521e-04 -1.3415e-04 -1.3314e-04 -1.3218e-04 -1.3127e-04 -1.3042e-04 -1.2963e-04 -1.2888e-04 -1.2819e-04 -1.2754e-04 -1.2695e-04 -1.2641e-04 -1.2593e-04 -1.2549e-04 -1.2510e-04 -1.2476e-04 -1.2448e-04 -1.2424e-04 -1.2406e-04 -1.2392e-04 -1.2383e-04 -1.2380e-04 -1.2381e-04 -1.2387e-04 -1.2398e-04 -1.2415e-04 -1.2436e-04 -1.2462e-04 -1.2493e-04 -1.2530e-04 -1.2571e-04 -1.2617e-04 -1.2668e-04 -1.2725e-04 -1.2786e-04 -1.2853e-04 -1.2925e-04 -1.3002e-04 -1.3084e-04 -1.3171e-04 -1.3264e-04 -1.3361e-04 -1.3465e-04 -1.3573e-04 -1.3687e-04 -1.3806e-04 -1.3931e-04 -1.4061e-04 -1.4197e-04 -1.4339e-04 -1.4486e-04 -1.4639e-04 
+0000.00000 -1.4737e-04 -1.4580e-04 -1.4429e-04 -1.4283e-04 -1.4143e-04 -1.4009e-04 -1.3880e-04 -1.3757e-04 -1.3640e-04 -1.3528e-04 -1.3422e-04 -1.3320e-04 -1.3225e-04 -1.3134e-04 -1.3049e-04 -1.2969e-04 -1.2895e-04 -1.2825e-04 -1.2761e-04 -1.2702e-04 -1.2648e-04 -1.2599e-04 -1.2555e-04 -1.2517e-04 -1.2483e-04 -1.2454e-04 -1.2431e-04 -1.2412e-04 -1.2398e-04 -1.2390e-04 -1.2386e-04 -1.2387e-04 -1.2394e-04 -1.2405e-04 -1.2421e-04 -1.2442e-04 -1.2469e-04 -1.2500e-04 -1.2536e-04 -1.2578e-04 -1.2624e-04 -1.2675e-04 -1.2732e-04 -1.2793e-04 -1.2860e-04 -1.2932e-04 -1.3009e-04 -1.3091e-04 -1.3178e-04 -1.3271e-04 -1.3368e-04 -1.3472e-04 -1.3580e-04 -1.3694e-04 -1.3813e-04 -1.3938e-04 -1.4068e-04 -1.4204e-04 -1.4346e-04 -1.4493e-04 -1.4645e-04 
-0000.00050 -1.4730e-04 -1.4573e-04 -1.4422e-04 -1.4276e-04 -1.4136e-04 -1.4002e-04 -1.3873e-04 -1.3750e-04 -1.3633e-04 -1.3521e-04 -1.3415e-04 -1.3313e-04 -1.3218e-04 -1.3127e-04 -1.3042e-04 -1.2963e-04 -1.2888e-04 -1.2819e-04 -1.2754e-04 -1.2695e-04 -1.2641e-04 -1.2592e-04 -1.2549e-04 -1.2510e-04 -1.2476e-04 -1.2448e-04 -1.2424e-04 -1.2405e-04 -1.2392e-04 -1.2383e-04 -1.2380e-04 -1.2381e-04 -1.2387e-04 -1.2399e-04 -1.2415e-04 -1.2436e-04 -1.2462e-04 -1.2494e-04 -1.2530e-04 -1.2571e-04 -1.2617e-04 -1.2669e-04 -1.2725e-04 -1.2787e-04 -1.2853e-04 -1.2925e-04 -1.3002e-04 -1.3084e-04 -1.3171e-04 -1.3264e-04 -1.3362e-04 -1.3465e-04 -1.3573e-04 -1.3687e-04 -1.3807e-04 -1.3931e-04 -1.4062e-04 -1.4198e-04 -1.4339e-04 -1.4486e-04 -1.4639e-04 
-0000.00100 -1.4709e-04 -1.4552e-04 -1.4401e-04 -1.4255e-04 -1.4115e-04 -1.3981e-04 -1.3852e-04 -1.3729e-04 -1.3612e-04 -1.3500e-04 -1.3394e-04 -1.3293e-04 -1.3197e-04 -1.3107e-04 -1.3022e-04 -1.2943e-04 -1.2868e-04 -1.2799e-04 -1.2735e-04 -1.2676e-04 -1.2622e-04 -1.2573e-04 -1.2530e-04 -1.2491e-04 -1.2458e-04 -1.2429e-04 -1.2406e-04 -1.2387e-04 -1.2373e-04 -1.2365e-04 -1.2361e-04 -1.2363e-04 -1.2369e-04 -1.2380e-04 -1.2396e-04 -1.2417e-04 -1.2444e-04 -1.2475e-04 -1.2511e-04 -1.2552e-04 -1.2598e-04 -1.2649e-04 -1.2706e-04 -1.2767e-04 -1.2833e-04 -1.2905e-04 -1.2982e-04 -1.3064e-04 -1.3151e-04 -1.3243e-04 -1.3341e-04 -1.3444e-04 -1.3552e-04 -1.3666e-04 -1.3785e-04 -1.3910e-04 -1.4041e-04 -1.4176e-04 -1.4318e-04 -1.4465e-04 -1.4618e-04 
-0000.00150 -1.4675e-04 -1.4517e-04 -1.4365e-04 -1.4220e-04 -1.4080e-04 -1.3946e-04 -1.3817e-04 -1.3695e-04 -1.3577e-04 -1.3466e-04 -1.3360e-04 -1.3259e-04 -1.3163e-04 -1.3073e-04 -1.2989e-04 -1.2909e-04 -1.2835e-04 -1.2766e-04 -1.2702e-04 -1.2644e-04 -1.2590e-04 -1.2541e-04 -1.2498e-04 -1.2459e-04 -1.2426e-04 -1.2398e-04 -1.2374e-04 -1.2356e-04 -1.2342e-04 -1.2333e-04 -1.2330e-04 -1.2331e-04 -1.2337e-04 -1.2349e-04 -1.2365e-04 -1.2386e-04 -1.2412e-04 -1.2443e-04 -1.2479e-04 -1.2520e-04 -1.2566e-04 -1.2617e-04 -1.2673e-04 -1.2734e-04 -1.2800e-04 -1.2872e-04 -1.2948e-04 -1.3030e-04 -1.3117e-04 -1.3209e-04 -1.3307e-04 -1.3410e-04 -1.3518e-04 -1.3632e-04 -1.3751e-04 -1.3875e-04 -1.4006e-04 -1.4142e-04 -1.4283e-04 -1.4431e-04 -1.4584e-04 
-0000.00200 -1.4624e-04 -1.4467e-04 -1.4316e-04 -1.4170e-04 -1.4031e-04 -1.3897e-04 -1.3769e-04 -1.3646e-04 -1.3529e-04 -1.3418e-04 -1.3312e-04 -1.3211e-04 -1.3116e-04 -1.3027e-04 -1.2942e-04 -1.2863e-04 -1.2789e-04 -1.2720e-04 -1.2657e-04 -1.2598e-04 -1.2545e-04 -1.2497e-04 -1.2453e-04 -1.2415e-04 -1.2382e-04 -1.2353e-04 -1.2330e-04 -1.2311e-04 -1.2298e-04 -1.2289e-04 -1.2286e-04 -1.2287e-04 -1.2293e-04 -1.2304e-04 -1.2320e-04 -1.2341e-04 -1.2367e-04 -1.2398e-04 -1.2434e-04 -1.2475e-04 -1.2521e-04 -1.2571e-04 -1.2627e-04 -1.2688e-04 -1.2754e-04 -1.2825e-04 -1.2902e-04 -1.2983e-04 -1.3070e-04 -1.3162e-04 -1.3259e-04 -1.3362e-04 -1.3470e-04 -1.3583e-04 -1.3702e-04 -1.3826e-04 -1.3957e-04 -1.4092e-04 -1.4234e-04 -1.4381e-04 -1.4534e-04 
# Total Vertical 2nd Order Kick [T2m2]
START
            -0000.01000 -0000.00967 -0000.00933 -0000.00900 -0000.00867 -0000.00833 -0000.00800 -0000.00767 -0000.00733 -0000.00700 -0000.00667 -0000.00633 -0000.00600 -0000.00567 -0000.00533 -0000.00500 -0000.00467 -0000.00433 -0000.00400 -0000.00367 -0000.00333 -0000.00300 -0000.00267 -0000.00233 -0000.00200 -0000.00167 -0000.00133 -0000.00100 -0000.00067 -0000.00033 +0000.00000 +0000.00033 +0000.00067 +0000.00100 +0000.00133 +0000.00167 +0000.00200 +0000.00233 +0000.00267 +0000.00300 +0000.00333 +0000.00367 +0000.00400 +0000.00433 +0000.00467 +0000.00500 +0000.00533 +0000.00567 +0000.00600 +0000.00633 +0000.00667 +0000.00700 +0000.00733 +0000.00767 +0000.00800 +0000.00833 +0000.00867 +0000.00900 +0000.00933 +0000.00967 +0000.01000 
+0000.00200 -6.9318e-05 -6.8970e-05 -6.8625e-05 -6.8284e-05 -6.7946e-05 -6.7611e-05 -6.7279e-05 -6.6950e-05 -6.6623e-05 -6.6299e-05 -6.5978e-05 -6.5658e-05 -6.5341e-05 -6.5026e-05 -6.4713e-05 -6.4401e-05 -6.4091e-05 -6.3783e-05 -6.3476e-05 -6.3170e-05 -6.2866e-05 -6.2562e-05 -6.2260e-05 -6.1958e-05 -6.1657e-05 -6.1357e-05 -6.1057e-05 -6.0757e-05 -6.0458e-05 -6.0158e-05 -5.9859e-05 -5.9560e-05 -5.9260e-05 -5.8960e-05 -5.8660e-05 -5.8360e-05 -5.8058e-05 -5.7756e-05 -5.7453e-05 -5.7149e-05 -5.6845e-05 -5.6539e-05 -5.6232e-05 -5.5923e-05 -5.5613e-05 -5.5302e-05 -5.4989e-05 -5.4674e-05 -5.4358e-05 -5.4040e-05 -5.3720e-05 -5.3397e-05 -5.3073e-05 -5.2746e-05 -5.2418e-05 -5.2086e-05 -5.1753e-05 -5.1416e-05 -5.1077e-05 -5.0736e-05 -5.0391e-05 
+0000.00150 -4.7077e-05 -4.6819e-05 -4.6564e-05 -4.6312e-05 -4.6061e-05 -4.5812e-05 -4.5565e-05 -4.5320e-05 -4.5077e-05 -4.4835e-05 -4.4595e-05 -4.4357e-05 -4.4119e-05 -4.3883e-05 -4.3649e-05 -4.3415e-05 -4.3183e-05 -4.2951e-05 -4.2720e-05 -4.2491e-05 -4.2262e-05 -4.2033e-05 -4.1806e-05 -4.1578e-05 -4.1352e-05 -4.1125e-05 -4.0899e-05 -4.0674e-05 -4.0448e-05 -4.0222e-05 -3.9997e-05 -3.9771e-05 -3.9545e-05 -3.9320e-05 -3.9093e-05 -3.8867e-05 -3.8640e-05 -3.8413e-05 -3.8185e-05 -3.7956e-05 -3.7727e-05 -3.7497e-05 -3.7267e-05 -3.7035e-05 -3.6803e-05 -3.6569e-05 -3.6335e-05 -3.6099e-05 -3.5863e-05 -3.5625e-05 -3.5386e-05 -3.5145e-05 -3.4903e-05 -3.4660e-05 -3.4415e-05 -3.4168e-05 -3.3920e-05 -3.3670e-05 -3.3419e-05 -3.3166e-05 -3.2911e-05 
+0000.00100 -2.9205e-05 -2.9036e-05 -2.8868e-05 -2.8701e-05 -2.8535e-05 -2.8371e-05 -2.8207e-05 -2.8045e-05 -2.7883e-05 -2.7723e-05 -2.7564e-05 -2.7405e-05 -2.7247e-05 -2.7090e-05 -2.6934e-05 -2.6778e-05 -2.6623e-05 -2.6469e-05 -2.6315e-05 -2.6162e-05 -2.6009e-05 -2.5856e-05 -2.5704e-05 -2.5553e-05 -2.5401e-05 -2.5250e-05 -2.5098e-05 -2.4947e-05 -2.4796e-05 -2.4646e-05 -2.4495e-05 -2.4344e-05 -2.4193e-05 -2.4042e-05 -2.3890e-05 -2.3739e-05 -2.3587e-05 -2.3435e-05 -2.3283e-05 -2.3130e-05 -2.2977e-05 -2.2824e-05 -2.2670e-05 -2.2515e-05 -2.2360e-05 -2.2205e-05 -2.2049e-05 -2.1892e-05 -2.1734e-05 -2.1576e-05 -2.1417e-05 -2.1257e-05 -2.1096e-05 -2.0935e-05 -2.0772e-05 -2.0609e-05 -2.0444e-05 -2.0279e-05 -2.0113e-05 -1.9945e-05 -1.9776e-05 
+0000.00050 -1.3983e-05 -1.3899e-05 -1.3815e-05 -1.3732e-05 -1.3650e-05 -1.3568e-05 -1.3487e-05 -1.3406e-05 -1.3326e-05 -1.3246e-05 -1.3167e-05 -1.3088e-05 -1.3009e-05 -1.2931e-05 -1.2853e-05 -1.2775e-05 -1.2698e-05 -1.2620e-05 -1.2544e-05 -1.2467e-05 -1.2390e-05 -1.2314e-05 -1.2238e-05 -1.2162e-05 -1.2086e-05 -1.2010e-05 -1.1935e-05 -1.1859e-05 -1.1783e-05 -1.1708e-05 -1.1632e-05 -1.1557e-05 -1.1481e-05 -1.1405e-05 -1.1330e-05 -1.1254e-05 -1.1178e-05 -1.1101e-05 -1.1025e-05 -1.0949e-05 -1.0872e-05 -1.0795e-05 -1.0718e-05 -1.0641e-05 -1.0563e-05 -1.0485e-05 -1.0407e-05 -1.0329e-05 -1.0250e-05 -1.0171e-05 -1.0091e-05 -1.0011e-05 -9.9310e-06 -9.8503e-06 -9.7692e-06 -9.6876e-06 -9.6056e-06 -9.5232e-06 -9.4402e-06 -9.3568e-06 -9.2728e-06 
+0000.00000 -9.9810e-09 -1.0196e-08 -1.0415e-08 -1.0639e-08 -1.0865e-08 -1.1093e-08 -1.1321e-08 -1.1548e-08 -1.1774e-08 -1.1998e-08 -1.2218e-08 -1.2433e-08 -1.2644e-08 -1.2848e-08 -1.3046e-08 -1.3236e-08 -1.3418e-08 -1.3591e-08 -1.3754e-08 -1.3908e-08 -1.4051e-08 -1.4182e-08 -1.4303e-08 -1.4411e-08 -1.4506e-08 -1.4589e-08 -1.4659e-08 -1.4716e-08 -1.4759e-08 -1.4788e-08 -1.4804e-08 -1.4805e-08 -1.4792e-08 -1.4765e-08 -1.4724e-08 -1.4669e-08 -1.4600e-08 -1.4516e-08 -1.4419e-08 -1.4309e-08 -1.4185e-08 -1.4048e-08 -1.3898e-08 -1.3735e-08 -1.3561e-08 -1.3374e-08 -1.3177e-08 -1.2969e-08 -1.2750e-08 -1.2523e-08 -1.2286e-08 -1.2040e-08 -1.1787e-08 -1.1527e-08 -1.1261e-08 -1.0990e-08 -1.0714e-08 -1.0434e-08 -1.0152e-08 -9.8678e-09 -9.5829e-09 
-0000.00050 +1.3963e-05 +1.3879e-05 +1.3795e-05 +1.3711e-05 +1.3629e-05 +1.3546e-05 +1.3465e-05 +1.3383e-05 +1.3303e-05 +1.3222e-05 +1.3143e-05 +1.3063e-05 +1.2984e-05 +1.2905e-05 +1.2827e-05 +1.2749e-05 +1.2671e-05 +1.2593e-05 +1.2516e-05 +1.2439e-05 +1.2362e-05 +1.2286e-05 +1.2209e-05 +1.2133e-05 +1.2057e-05 +1.1981e-05 +1.1905e-05 +1.1830e-05 +1.1754e-05 +1.1678e-05 +1.1603e-05 +1.1527e-05 +1.1451e-05 +1.1376e-05 +1.1300e-05 +1.1224e-05 +1.1148e-05 +1.1072e-05 +1.0996e-05 +1.0920e-05 +1.0843e-05 +1.0767e-05 +1.0690e-05 +1.0613e-05 +1.0536e-05 +1.0458e-05 +1.0381e-05 +1.0303e-05 +1.0224e-05 +1.0145e-05 +1.0066e-05 +9.9871e-06 +9.9074e-06 +9.8272e-06 +9.7467e-06 +9.6657e-06 +9.5843e-06 +9.5024e-06 +9.4200e-06 +9.3371e-06 +9.2538e-06 
-0000.00100 +2.9186e-05 +2.9016e-05 +2.8847e-05 +2.8680e-05 +2.8514e-05 +2.8349e-05 +2.8185e-05 +2.8022e-05 +2.7860e-05 +2.7699e-05 +2.7539e-05 +2.7380e-05 +2.7222e-05 +2.7065e-05 +2.6908e-05 +2.6752e-05 +2.6597e-05 +2.6442e-05 +2.6288e-05 +2.6134e-05 +2.5981e-05 +2.5828e-05 +2.5676e-05 +2.5524e-05 +2.5372e-05 +2.5220e-05 +2.5069e-05 +2.4918e-05 +2.4767e-05 +2.4616e-05 +2.4465e-05 +2.4314e-05 +2.4163e-05 +2.4012e-05 +2.3861e-05 +2.3709e-05 +2.3558e-05 +2.3406e-05 +2.3254e-05 +2.3101e-05 +2.2949e-05 +2.2795e-05 +2.2642e-05 +2.2488e-05 +2.2333e-05 +2.2178e-05 +2.2022e-05 +2.1866e-05 +2.1708e-05 +2.1551e-05 +2.1392e-05 +2.1233e-05 +2.1073e-05 +2.0912e-05 +2.0750e-05 +2.0587e-05 +2.0423e-05 +2.0258e-05 +2.0092e-05 +1.9925e-05 +1.9757e-05 
-0000.00150 +4.7057e-05 +4.6799e-05 +4.6544e-05 +4.6291e-05 +4.6039e-05 +4.5790e-05 +4.5543e-05 +4.5297e-05 +4.5054e-05 +4.4811e-05 +4.4571e-05 +4.4332e-05 +4.4094e-05 +4.3858e-05 +4.3623e-05 +4.3389e-05 +4.3156e-05 +4.2924e-05 +4.2693e-05 +4.2463e-05 +4.2234e-05 +4.2005e-05 +4.1777e-05 +4.1550e-05 +4.1323e-05 +4.1096e-05 +4.0870e-05 +4.0644e-05 +4.0418e-05 +4.0193e-05 +3.9967e-05 +3.9741e-05 +3.9516e-05 +3.9290e-05 +3.9064e-05 +3.8837e-05 +3.8611e-05 +3.8384e-05 +3.8156e-05 +3.7928e-05 +3.7699e-05 +3.7469e-05 +3.7239e-05 +3.7008e-05 +3.6775e-05 +3.6542e-05 +3.6308e-05 +3.6073e-05 +3.5837e-05 +3.5600e-05 +3.5361e-05 +3.5121e-05 +3.4879e-05 +3.4637e-05 +3.4392e-05 +3.4146e-05 +3.3899e-05 +3.3650e-05 +3.3399e-05 +3.3146e-05 +3.2892e-05 
-0000.00200 +6.9298e-05 +6.8950e-05 +6.8605e-05 +6.8263e-05 +6.7925e-05 +6.7589e-05 +6.7257e-05 +6.6927e-05 +6.6600e-05 +6.6275e-05 +6.5953e-05 +6.5633e-05 +6.5316e-05 +6.5000e-05 +6.4686e-05 +6.4374e-05 +6.4064e-05 +6.3755e-05 +6.3448e-05 +6.3142e-05 +6.2837e-05 +6.2533e-05 +6.2230e-05 +6.1928e-05 +6.1627e-05 +6.1326e-05 +6.1026e-05 +6.0727e-05 +6.0427e-05 +6.0128e-05 +5.9828e-05 +5.9529e-05 +5.9230e-05 +5.8930e-05 +5.8630e-05 +5.8329e-05 +5.8028e-05 +5.7726e-05 +5.7424e-05 +5.7120e-05 +5.6816e-05 +5.6510e-05 +5.6203e-05 +5.5895e-05 +5.5586e-05 +5.5275e-05 +5.4962e-05 +5.4648e-05 +5.4332e-05 +5.4015e-05 +5.3695e-05 +5.3373e-05 +5.3050e-05 +5.2724e-05 +5.2395e-05 +5.2065e-05 +5.1732e-05 +5.1396e-05 +5.1058e-05 +5.0717e-05 +5.0373e-05 
# Horizontal Final Position [m]
START
            -0000.01000 -0000.00967 -0000.00933 -0000.00900 -0000.00867 -0000.00833 -0000.00800 -0000.00767 -0000.00733 -0000.00700 -0000.00667 -0000.00633 -0000.00600 -0000.00567 -0000.00533 -0000.00500 -0000.00467 -0000.00433 -0000.00400 -0000.00367 -0000.00333 -0000.00300 -0000.00267 -0000.00233 -0000.00200 -0000.00167 -0000.00133 -0000.00100 -0000.00067 -0000.00033 +0000.00000 +0000.00033 +0000.00067 +0000.00100 +0000.00133 +0000.00167 +0000.00200 +0000.00233 +0000.00267 +0000.00300 +0000.00333 +0000.00367 +0000.00400 +0000.00433 +0000.00467 +0000.00500 +0000.00533 +0000.00567 +0000.00600 +0000.00633 +0000.00667 +0000.00700 +0000.00733 +0000.00767 +0000.00800 +0000.00833 +0000.00867 +0000.00900 +0000.00933 +0000.00967 +0000.01000 
+0000.00200 -1.0002e-02 -9.6692e-03 -9.3359e-03 -9.0026e-03 -8.6693e-03 -8.3360e-03 -8.0027e-03 -7.6694e-03 -7.3361e-03 -7.0028e-03 -6.6695e-03 -6.3362e-03 -6.0029e-03 -5.6695e-03 -5.3362e-03 -5.0029e-03 -4.6695e-03 -4.3362e-03 -4.0029e-03 -3.6696e-03 -3.3362e-03 -3.0029e-03 -2.6696e-03 -2.3362e-03 -2.0029e-03 -1.6695e-03 -1.3362e-03 -1.0029e-03 -6.6955e-04 -3.3621e-04 -2.8785e-06 +3.3046e-04 +6.6379e-04 +9.9712e-04 +1.3305e-03 +1.6638e-03 +1.9971e-03 +2.3305e-03 +2.6638e-03 +2.9971e-03 +3.3305e-03 +3.6638e-03 +3.9971e-03 +4.3305e-03 +4.6638e-03 +4.9971e-03 +5.3305e-03 +5.6638e-03 +5.9972e-03 +6.3305e-03 +6.6639e-03 +6.9972e-03 +7.3306e-03 +7.6639e-03 +7.9973e-03 +8.3307e-03 +8.6640e-03 +8.9974e-03 +9.3308e-03 +9.6642e-03 +9.9976e-03 
+0000.00150 -1.0002e-02 -9.6692e-03 -9.3359e-03 -9.0026e-03 -8.6693e-03 -8.3360e-03 -8.0027e-03 -7.6694e-03 -7.3361e-03 -7.0028e-03 -6.6695e-03 -6.3362e-03 -6.0029e-03 -5.6695e-03 -5.3362e-03 -5.0029e-03 -4.6695e-03 -4.3362e-03 -4.0029e-03 -3.6696e-03 -3.3362e-03 -3.0029e-03 -2.6696e-03 -2.3362e-03 -2.0029e-03 -1.6695e-03 -1.3362e-03 -1.0029e-03 -6.6955e-04 -3.3621e-04 -2.8786e-06 +3.3046e-04 +6.6379e-04 +9.9712e-04 +1.3305e-03 +1.6638e-03 +1.9971e-03 +2.3305e-03 +2.6638e-03 +2.9971e-03 +3.3305e-03 +3.6638e-03 +3.9971e-03 +4.3305e-03 +4.6638e-03 +4.9971e-03 +5.3305e-03 +5.6638e-03 +5.9972e-03 +6.3305e-03 +6.6639e-03 +6.9972e-03 +7.3306e-03 +7.6639e-03 +7.9973e-03 +8.3307e-03 +8.6640e-03 +8.9974e-03 +9.3308e-03 +9.6642e-03 +9.9976e-03 
+0000.00100 -1.0002e-02 -9.6692e-03 -9.3359e-03 -9.0026e-03 -8.6693e-03 -8.3360e-03 -8.0027e-03 -7.6694e-03 -7.3361e-03 -7.0028e-03 -6.6695e-03 -6.3362e-03 -6.0029e-03 -5.6695e-03 -5.3362e-03 -5.0029e-03 -4.6695e-03 -4.3362e-03 -4.0029e-03 -3.6696e-03 -3.3362e-03 -3.0029e-03 -2.6696e-03 -2.3362e-03 -2.0029e-03 -1.6695e-03 -1.3362e-03 -1.0029e-03 -6.6955e-04 -3.3621e-04 -2.8787e-06 +3.3046e-04 +6.6379e-04 +9.9712e-04 +1.3305e-03 +1.6638e-03 +1.9971e-03 +2.3305e-03 +2.6638e-03 +2.9971e-03 +3.3305e-03 +3.6638e-03 +3.9971e-03 +4.3305e-03 +4.6638e-03 +4.9971e-03 +5.3305e-03 +5.6638e-03 +5.9972e-03 +6.3305e-03 +6.6639e-03 +6.9972e-03 +7.3306e-03 +7.6639e-03 +7.9973e-03 +8.3307e-03 +8.6640e-03 +8.9974e-03 +9.3308e-03 +9.6642e-03 +9.9976e-03 
+0000.00050 -1.0002e-02 -9.6692e-03 -9.3359e-03 -9.0026e-03 -8.6693e-03 -8.3360e-03 -8.0027e-03 -7.6694e-03 -7.3361e-03 -7.0028e-03 -6.6695e-03 -6.3362e-03 -6.0029e-03 -5.6695e-03 -5.3362e-03 -5.0029e-03 -4.6695e-03 -4.3362e-03 -4.0029e-03 -3.6696e-03 -3.3362e-03 -3.0029e-03 -2.6696e-03 -2.3362e-03 -2.0029e-03 -1.6695e-03 -1.3362e-03 -1.0029e-03 -6.6955e-04 -3.3621e-04 -2.8787e-06 +3.3046e-04 +6.6379e-04 +9.9712e-04 +1.3305e-03 +1.6638e-03 +1.9971e-03 +2.3305e-03 +2.6638e-03 +2.9971e-03 +3.3305e-03 +3.6638e-03 +3.9971e-03 +4.3305e-03 +4.6638e-03 +4.9971e-03 +5.3305e-03 +5.6638e-03 +5.9972e-03 +6.3305e-03 +6.6639e-03 +6.9972e-03 +7.3306e-03 +7.6639e-03 +7.9973e-03 +8.3307e-03 +8.6640e-03 +8.9974e-03 +9.3308e-03 +9.6642e-03 +9.9976e-03 
+0000.00000 -1.0002e-02 -9.6692e-03 -9.3359e-03 -9.0026e-03 -8.6693e-03 -8.3360e-03 -8.0027e-03 -7.6694e-03 -7.3361e-03 -7.0028e-03 -6.6695e-03 -6.3362e-03 -6.0029e-03 -5.6695e-03 -5.3362e-03 -5.0029e-03 -4.6695e-03 -4.3362e-03 -4.0029e-03 -3.6696e-03 -3.3362e-03 -3.0029e-03 -2.6695e-03 -2.3362e-03 -2.0029e-03 -1.6695e-03 -1.3362e-03 -1.0029e-03 -6.6954e-04 -3.3621e-04 -2.8708e-06 +3.3046e-04 +6.6380e-04 +9.9713e-04 +1.3305e-03 +1.6638e-03 +1.9971e-03 +2.3305e-03 +2.6638e-03 +2.9971e-03 +3.3305e-03 +3.6638e-03 +3.9971e-03 +4.3305e-03 +4.6638e-03 +4.9972e-03 +5.3305e-03 +5.6638e-03 +5.9972e-03 +6.3305e-03 +6.6639e-03 +6.9972e-03 +7.3306e-03 +7.6639e-03 +7.9973e-03 +8.3307e-03 +8.6640e-03 +8.9974e-03 +9.3308e-03 +9.6642e-03 +9.9976e-03 
-0000.00050 -1.0002e-02 -9.6692e-03 -9.3359e-03 -9.0026e-03 -8.6693e-03 -8.3360e-03 -8.0027e-03 -7.6694e-03 -7.3361e-03 -7.0028e-03 -6.6695e-03 -6.3362e-03 -6.0029e-03 -5.6695e-03 -5.3362e-03 -5.0029e-03 -4.6695e-03 -4.3362e-03 -4.0029e-03 -3.6696e-03 -3.3362e-03 -3.0029e-03 -2.6696e-03 -2.3362e-03 -2.0029e-03 -1.6695e-03 -1.3362e-03 -1.0029e-03 -6.6955e-04 -3.3621e-04 -2.8787e-06 +3.3046e-04 +6.6379e-04 +9.9712e-04 +1.3305e-03 +1.6638e-03 +1.9971e-03 +2.3305e-03 +2.6638e-03 +2.9971e-03 +3.3305e-03 +3.6638e-03 +3.9971e-03 +4.3305e-03 +4.6638e-03 +4.9971e-03 +5.3305e-03 +5.6638e-03 +5.9972e-03 +6.3305e-03 +6.6639e-03 +6.9972e-03 +7.3306e-03 +7.6639e-03 +7.9973e-03 +8.3307e-03 +8.6640e-03 +8.9974e-03 +9.3308e-03 +9.6642e-03 +9.9976e-03 
-0000.00100 -1.0002e-02 -9.6692e-03 -9.3359e-03 -9.0026e-03 -8.6693e-03 -8.3360e-03 -8.0027e-03 -7.6694e-03 -7.3361e-03 -7.0028e-03 -6.6695e-03 -6.3362e-03 -6.0029e-03 -5.6695e-03 -5.3362e-03 -5.0029e-03 -4.6695e-03 -4.3362e-03 -4.0029e-03 -3.6696e-03 -3.3362e-03 -3.0029e-03 -2.6696e-03 -2.3362e-03 -2.0029e-03 -1.6695e-03 -1.3362e-03 -1.0029e-03 -6.6955e-04 -3.3621e-04 -2.8787e-06 +3.3046e-04 +6.6379e-04 +9.9712e-04 +1.3305e-03 +1.6638e-03 +1.9971e-03 +2.3305e-03 +2.6638e-03 +2.9971e-03 +3.3305e-03 +3.6638e-03 +3.9971e-03 +4.3305e-03 +4.6638e-03 +4.9971e-03 +5.3305e-03 +5.6638e-03 +5.9972e-03 +6.3305e-03 +6.6639e-03 +6.9972e-03 +7.3306e-03 +7.6639e-03 +7.9973e-03 +8.3307e-03 +8.6640e-03 +8.9974e-03 +9.3308e-03 +9.6642e-03 +9.9976e-03 
-0000.00150 -1.0002e-02 -9.6692e-03 -9.3359e-03 -9.0026e-03 -8.6693e-03 -8.3360e-03 -8.0027e-03 -7.6694e-03 -7.3361e-03 -7.0028e-03 -6.6695e-03 -6.3362e-03 -6.0029e-03 -5.6695e-03 -5.3362e-03 -5.0029e-03 -4.6695e-03 -4.3362e-03 -4.0029e-03 -3.6696e-03 -3.3362e-03 -3.0029e-03 -2.6696e-03 -2.3362e-03 -2.0029e-03 -1.6695e-03 -1.3362e-03 -1.0029e-03 -6.6955e-04 -3.3621e-04 -2.8786e-06 +3.3046e-04 +6.6379e-04 +9.9712e-04 +1.3305e-03 +1.6638e-03 +1.9971e-03 +2.3305e-03 +2.6638e-03 +2.9971e-03 +3.3305e-03 +3.6638e-03 +3.9971e-03 +4.3305e-03 +4.6638e-03 +4.9971e-03 +5.3305e-03 +5.6638e-03 +5.9972e-03 +6.3305e-03 +6.6639e-03 +6.9972e-03 +7.3306e-03 +7.6639e-03 +7.9973e-03 +8.3307e-03 +8.6640e-03 +8.9974e-03 +9.3308e-03 +9.6642e-03 +9.9976e-03 
-0000.00200 -1.0002e-02 -9.6692e-03 -9.3359e-03 -9.0026e-03 -8.6693e-03 -8.3360e-03 -8.0027e-03 -7.6694e-03 -7.3361e-03 -7.0028e-03 -6.6695e-03 -6.3362e-03 -6.0029e-03 -5.6695e-03 -5.3362e-03 -5.0029e-03 -4.6695e-03 -4.3362e-03 -4.0029e-03 -3.6696e-03 -3.3362e-03 -3.0029e-03 -2.6696e-03 -2.3362e-03 -2.0029e-03 -1.6695e-03 -1.3362e-03 -1.0029e-03 -6.6955e-04 -3.3621e-04 -2.8785e-06 +3.3046e-04 +6.6379e-04 +9.9712e-04 +1.3305e-03 +1.6638e-03 +1.9971e-03 +2.3305e-03 +2.6638e-03 +2.9971e-03 +3.3305e-03 +3.6638e-03 +3.9971e-03 +4.3305e-03 +4.6638e-03 +4.9971e-03 +5.3305e-03 +5.6638e-03 +5.9972e-03 +6.3305e-03 +6.6639e-03 +6.9972e-03 +7.3306e-03 +7.6639e-03 +7.9973e-03 +8.3307e-03 +8.6640e-03 +8.9974e-03 +9.3308e-03 +9.6642e-03 +9.9976e-03 
# Vertical Final Position [m]
START
            -0000.01000 -0000.00967 -0000.00933 -0000.00900 -0000.00867 -0000.00833 -0000.00800 -0000.00767 -0000.00733 -0000.00700 -0000.00667 -0000.00633 -0000.00600 -0000.00567 -0000.00533 -0000.00500 -0000.00467 -0000.00433 -0000.00400 -0000.00367 -0000.00333 -0000.00300 -0000.00267 -0000.00233 -0000.00200 -0000.00167 -0000.00133 -0000.00100 -0000.00067 -0000.00033 +0000.00000 +0000.00033 +0000.00067 +0000.00100 +0000.00133 +0000.00167 +0000.00200 +0000.00233 +0000.00267 +0000.00300 +0000.00333 +0000.00367 +0000.00400 +0000.00433 +0000.00467 +0000.00500 +0000.00533 +0000.00567 +0000.00600 +0000.00633 +0000.00667 +0000.00700 +0000.00733 +0000.00767 +0000.00800 +0000.00833 +0000.00867 +0000.00900 +0000.00933 +0000.00967 +0000.01000 
+0000.00200 +2.0001e-03 +2.0001e-03 +2.0001e-03 +2.0001e-03 +2.0001e-03 +2.0001e-03 +2.0001e-03 +2.0001e-03 +2.0001e-03 +2.0000e-03 +2.0000e-03 +2.0000e-03 +2.0000e-03 +2.0000e-03 +2.0000e-03 +2.0000e-03 +2.0000e-03 +2.0000e-03 +2.0000e-03 +2.0000e-03 +2.0000e-03 +2.0000e-03 +2.0000e-03 +2.0000e-03 +2.0000e-03 +1.9999e-03 +1.9999e-03 +1.9999e-03 +1.9999e-03 +1.9999e-03 +1.9999e-03 +1.9999e-03 +1.9999e-03 +1.9999e-03 +1.9999e-03 +1.9999e-03 +1.9999e-03 +1.9999e-03 +1.9999e-03 +1.9999e-03 +1.9999e-03 +1.9999e-03 +1.9999e-03 +1.9999e-03 +1.9999e-03 +1.9999e-03 +1.9999e-03 +1.9999e-03 +1.9999e-03 +1.9999e-03 +1.9999e-03 +1.9998e-03 +1.9998e-03 +1.9998e-03 +1.9998e-03 +1.9998e-03 +1.9998e-03 +1.9998e-03 +1.9998e-03 +1.9998e-03 +1.9998e-03 
+0000.00150 +1.5001e-03 +1.5001e-03 +1.5001e-03 +1.5001e-03 +1.5001e-03 +1.5000e-03 +1.5000e-03 +1.5000e-03 +1.5000e-03 +1.5000e-03 +1.5000e-03 +1.5000e-03 +1.5000e-03 +1.5000e-03 +1.5000e-03 +1.5000e-03 +1.5000e-03 +1.5000e-03 +1.5000e-03 +1.5000e-03 +1.5000e-03 +1.5000e-03 +1.5000e-03 +1.5000e-03 +1.5000e-03 +1.5000e-03 +1.5000e-03 +1.5000e-03 +1.5000e-03 +1.5000e-03 +1.5000e-03 +1.5000e-03 +1.5000e-03 +1.5000e-03 +1.5000e-03 +1.5000e-03 +1.4999e-03 +1.4999e-03 +1.4999e-03 +1.4999e-03 +1.4999e-03 +1.4999e-03 +1.4999e-03 +1.4999e-03 +1.4999e-03 +1.4999e-03 +1.4999e-03 +1.4999e-03 +1.4999e-03 +1.4999e-03 +1.4999e-03 +1.4999e-03 +1.4999e-03 +1.4999e-03 +1.4999e-03 +1.4999e-03 +1.4999e-03 +1.4999e-03 +1.4998e-03 +1.4998e-03 +1.4998e-03 
+0000.00100 +1.0000e-03 +1.0000e-03 +1.0000e-03 +1.0000e-03 +1.0000e-03 +1.0000e-03 +1.0000e-03 +1.0000e-03 +1.0000e-03 +1.0000e-03 +9.9999e-04 +9.9999e-04 +9.9999e-04 +9.9999e-04 +9.9999e-04 +9.9999e-04 +9.9999e-04 +9.9999e-04 +9.9999e-04 +9.9999e-04 +9.9999e-04 +9.9999e-04 +9.9999e-04 +9.9999e-04 +9.9998e-04 +9.9998e-04 +9.9998e-04 +9.9998e-04 +9.9998e-04 +9.9998e-04 +9.9998e-04 +9.9998e-04 +9.9998e-04 +9.9998e-04 +9.9997e-04 +9.9997e-04 +9.9997e-04 +9.9997e-04 +9.9997e-04 +9.9996e-04 +9.9996e-04 +9.9996e-04 +9.9996e-04 +9.9995e-04 +9.9995e-04 +9.9995e-04 +9.9994e-04 +9.9994e-04 +9.9994e-04 +9.9993e-04 +9.9993e-04 +9.9992e-04 +9.9992e-04 +9.9992e-04 +9.9991e-04 +9.9991e-04 +9.9991e-04 +9.9990e-04 +9.9990e-04 +9.9990e-04 +9.9990e-04 
+0000.00050 +5.0003e-04 +5.0002e-04 +5.0002e-04 +5.0002e-04 +5.0002e-04 +5.0002e-04 +5.0002e-04 +5.0001e-04 +5.0001e-04 +5.0001e-04 +5.0001e-04 +5.0001e-04 +5.0001e-04 +5.0001e-04 +5.0001e-04 +5.0000e-04 +5.0000e-04 +5.0000e-04 +5.0000e-04 +5.0000e-04 +5.0000e-04 +5.0000e-04 +5.0000e-04 +5.0000e-04 +4.9999e-04 +4.9999e-04 +4.9999e-04 +4.9999e-04 +4.9999e-04 +4.9999e-04 +4.9999e-04 +4.9999e-04 +4.9999e-04 +4.9999e-04 +4.9998e-04 +4.9998e-04 +4.9998e-04 +4.9998e-04 +4.9998e-04 +4.9998e-04 +4.9998e-04 +4.9998e-04 +4.9998e-04 +4.9997e-04 +4.9997e-04 +4.9997e-04 +4.9997e-04 +4.9997e-04 +4.9997e-04 +4.9997e-04 +4.9997e-04 +4.9997e-04 +4.9996e-04 +4.9996e-04 +4.9996e-04 +4.9996e-04 +4.9996e-04 +4.9996e-04 +4.9996e-04 +4.9995e-04 +4.9995e-04 
+0000.00000 -3.1888e-11 -3.2610e-11 -3.3334e-11 -3.4058e-11 -3.4778e-11 -3.5494e-11 -3.6201e-11 -3.6899e-11 -3.7584e-11 -3.8255e-11 -3.8909e-11 -3.9545e-11 -4.0160e-11 -4.0753e-11 -4.1323e-11 -4.1867e-11 -4.2384e-11 -4.2872e-11 -4.3331e-11 -4.3759e-11 -4.4155e-11 -4.4518e-11 -4.4847e-11 -4.5140e-11 -4.5398e-11 -4.5619e-11 -4.5803e-11 -4.5950e-11 -4.6058e-11 -4.6128e-11 -4.6160e-11 -4.6152e-11 -4.6105e-11 -4.6020e-11 -4.5896e-11 -4.5733e-11 -4.5532e-11 -4.5293e-11 -4.5016e-11 -4.4703e-11 -4.4353e-11 -4.3967e-11 -4.3547e-11 -4.3093e-11 -4.2606e-11 -4.2088e-11 -4.1539e-11 -4.0960e-11 -4.0354e-11 -3.9721e-11 -3.9063e-11 -3.8382e-11 -3.7680e-11 -3.6957e-11 -3.6217e-11 -3.5461e-11 -3.4691e-11 -3.3909e-11 -3.3118e-11 -3.2320e-11 -3.1517e-11 
-0000.00050 -5.0003e-04 -5.0002e-04 -5.0002e-04 -5.0002e-04 -5.0002e-04 -5.0002e-04 -5.0002e-04 -5.0001e-04 -5.0001e-04 -5.0001e-04 -5.0001e-04 -5.0001e-04 -5.0001e-04 -5.0001e-04 -5.0001e-04 -5.0000e-04 -5.0000e-04 -5.0000e-04 -5.0000e-04 -5.0000e-04 -5.0000e-04 -5.0000e-04 -5.0000e-04 -5.0000e-04 -4.9999e-04 -4.9999e-04 -4.9999e-04 -4.9999e-04 -4.9999e-04 -4.9999e-04 -4.9999e-04 -4.9999e-04 -4.9999e-04 -4.9999e-04 -4.9998e-04 -4.9998e-04 -4.9998e-04 -4.9998e-04 -4.9998e-04 -4.9998e-04 -4.9998e-04 -4.9998e-04 -4.9998e-04 -4.9997e-04 -4.9997e-04 -4.9997e-04 -4.9997e-04 -4.9997e-04 -4.9997e-04 -4.9997e-04 -4.9997e-04 -4.9997e-04 -4.9996e-04 -4.9996e-04 -4.9996e-04 -4.9996e-04 -4.9996e-04 -4.9996e-04 -4.9996e-04 -4.9995e-04 -4.9995e-04 
-0000.00100 -1.0000e-03 -1.0000e-03 -1.0000e-03 -1.0000e-03 -1.0000e-03 -1.0000e-03 -1.0000e-03 -1.0000e-03 -1.0000e-03 -1.0000e-03 -9.9999e-04 -9.9999e-04 -9.9999e-04 -9.9999e-04 -9.9999e-04 -9.9999e-04 -9.9999e-04 -9.9999e-04 -9.9999e-04 -9.9999e-04 -9.9999e-04 -9.9999e-04 -9.9999e-04 -9.9999e-04 -9.9998e-04 -9.9998e-04 -9.9998e-04 -9.9998e-04 -9.9998e-04 -9.9998e-04 -9.9998e-04 -9.9998e-04 -9.9998e-04 -9.9998e-04 -9.9997e-04 -9.9997e-04 -9.9997e-04 -9.9997e-04 -9.9997e-04 -9.9996e-04 -9.9996e-04 -9.9996e-04 -9.9996e-04 -9.9995e-04 -9.9995e-04 -9.9995e-04 -9.9994e-04 -9.9994e-04 -9.9994e-04 -9.9993e-04 -9.9993e-04 -9.9992e-04 -9.9992e-04 -9.9992e-04 -9.9991e-04 -9.9991e-04 -9.9991e-04 -9.9990e-04 -9.9990e-04 -9.9990e-04 -9.9990e-04 
-0000.00150 -1.5001e-03 -1.5001e-03 -1.5001e-03 -1.5001e-03 -1.5001e-03 -1.5000e-03 -1.5000e-03 -1.5000e-03 -1.5000e-03 -1.5000e-03 -1.5000e-03 -1.5000e-03 -1.5000e-03 -1.5000e-03 -1.5000e-03 -1.5000e-03 -1.5000e-03 -1.5000e-03 -1.5000e-03 -1.5000e-03 -1.5000e-03 -1.5000e-03 -1.5000e-03 -1.5000e-03 -1.5000e-03 -1.5000e-03 -1.5000e-03 -1.5000e-03 -1.5000e-03 -1.5000e-03 -1.5000e-03 -1.5000e-03 -1.5000e-03 -1.5000e-03 -1.5000e-03 -1.5000e-03 -1.4999e-03 -1.4999e-03 -1.4999e-03 -1.4999e-03 -1.4999e-03 -1.4999e-03 -1.4999e-03 -1.4999e-03 -1.4999e-03 -1.4999e-03 -1.4999e-03 -1.4999e-03 -1.4999e-03 -1.4999e-03 -1.4999e-03 -1.4999e-03 -1.4999e-03 -1.4999e-03 -1.4999e-03 -1.4999e-03 -1.4999e-03 -1.4999e-03 -1.4998e-03 -1.4998e-03 -1.4998e-03 
-0000.00200 -2.0001e-03 -2.0001e-03 -2.0001e-03 -2.0001e-03 -2.0001e-03 -2.0001e-03 -2.0001e-03 -2.0001e-03 -2.0001e-03 -2.0000e-03 -2.0000e-03 -2.0000e-03 -2.0000e-03 -2.0000e-03 -2.0000e-03 -2.0000e-03 -2.0000e-03 -2.0000e-03 -2.0000e-03 -2.0000e-03 -2.0000e-03 -2.0000e-03 -2.0000e-03 -2.0000e-03 -2.0000e-03 -1.9999e-03 -1.9999e-03 -1.9999e-03 -1.9999e-03 -1.9999e-03 -1.9999e-03 -1.9999e-03 -1.9999e-03 -1.9999e-03 -1.9999e-03 -1.9999e-03 -1.9999e-03 -1.9999e-03 -1.9999e-03 -1.9999e-03 -1.9999e-03 -1.9999e-03 -1.9999e-03 -1.9999e-03 -1.9999e-03 -1.9999e-03 -1.9999e-03 -1.9999e-03 -1.9999e-03 -1.9999e-03 -1.9999e-03 -1.9998e-03 -1.9998e-03 -1.9998e-03 -1.9998e-03 -1.9998e-03 -1.9998e-03 -1.9998e-03 -1.9998e-03 -1.9998e-03 -1.9998e-03 