# Author: FAC idanalysis.IDKickMap
# Termination_kicks [T2m2]: +0.0000e+00 +0.0000e+00 +0.0000e+00 +0.0000e+00 
# Total Length of Longitudinal Interval [m]
0.13
# Number of Horizontal Points
61
# Number of Vertical Points
9
# Total Horizontal 2nd Order Kick [T2m2]
START
            -0000.01000 -0000.00967 -0000.00933 -0000.00900 -0000.00867 -0000.00833 -0000.00800 -0000.00767 -0000.00733 -0000.00700 -0000.00667 -0000.00633 -0000.00600 -0000.00567 -0000.00533 -0000.00500 -0000.00467 -0000.00433 -0000.00400 -0000.00367 -0000.00333 -0000.00300 -0000.00267 -0000.00233 -0000.00200 -0000.00167 -0000.00133 -0000.00100 -0000.00067 -0000.00033 +0000.00000 +0000.00033 +0000.00067 +0000.00100 +0000.00133 +0000.00167 +0000.00200 +0000.00233 +0000.00267 +0000.00300 +0000.00333 +0000.00367 +0000.00400 +0000.00433 +0000.00467 +0000.00500 +0000.00533 +0000.00567 +0000.00600 +0000.00633 +0000.00667 +0000.00700 +0000.00733 +0000.00767 +0000.00800 +0000.00833 +0000.00867 +0000.00900 +0000.00933 +0000.00967 +0000.01000 
+0000.00200 -5.5720e-05 -5.4580e-05 -5.3410e-05 -5.2240e-05 -5.1060e-05 -4.9880e-05 -4.8710e-05 -4.7540e-05 -4.6390e-05 -4.5260e-05 -4.4160e-05 -4.3080e-05 -4.2030e-05 -4.1020e-05 -4.0040e-05 -3.9110e-05 -3.8220e-05 -3.7380e-05 -3.6590e-05 -3.5850e-05 -3.5170e-05 -3.4550e-05 -3.3980e-05 -3.3470e-05 -3.3030e-05 -3.2650e-05 -3.2340e-05 -3.2090e-05 -3.1900e-05 -3.1790e-05 -3.1740e-05 -3.1750e-05 -3.1840e-05 -3.1990e-05 -3.2210e-05 -3.2490e-05 -3.2840e-05 -3.3250e-05 -3.3730e-05 -3.4260e-05 -3.4860e-05 -3.5510e-05 -3.6220e-05 -3.6980e-05 -3.7790e-05 -3.8650e-05 -3.9550e-05 -4.0500e-05 -4.1480e-05 -4.2510e-05 -4.3560e-05 -4.4640e-05 -4.5750e-05 -4.6870e-05 -4.8010e-05 -4.9160e-05 -5.0320e-05 -5.1480e-05 -5.2640e-05 -5.3780e-05 -5.4910e-05 
+0000.00150 -2.1920e-05 -2.0580e-05 -1.9270e-05 -1.7990e-05 -1.6740e-05 -1.5520e-05 -1.4330e-05 -1.3180e-05 -1.2060e-05 -1.0980e-05 -9.9400e-06 -8.9400e-06 -7.9800e-06 -7.0600e-06 -6.2000e-06 -5.3700e-06 -4.6000e-06 -3.8700e-06 -3.1900e-06 -2.5600e-06 -1.9900e-06 -1.4600e-06 -9.9000e-07 -5.7000e-07 -2.1000e-07 +1.0000e-07 +3.6000e-07 +5.6000e-07 +7.1000e-07 +8.0000e-07 +8.4000e-07 +8.2000e-07 +7.4000e-07 +6.1000e-07 +4.3000e-07 +1.8000e-07 -1.1000e-07 -4.6000e-07 -8.6000e-07 -1.3200e-06 -1.8300e-06 -2.3900e-06 -3.0000e-06 -3.6600e-06 -4.3700e-06 -5.1300e-06 -5.9400e-06 -6.7900e-06 -7.6900e-06 -8.6300e-06 -9.6200e-06 -1.0640e-05 -1.1710e-05 -1.2810e-05 -1.3950e-05 -1.5120e-05 -1.6330e-05 -1.7560e-05 -1.8830e-05 -2.0120e-05 -2.1440e-05 
+0000.00100 -2.2400e-05 -2.0950e-05 -1.9540e-05 -1.8170e-05 -1.6850e-05 -1.5580e-05 -1.4360e-05 -1.3180e-05 -1.2050e-05 -1.0960e-05 -9.9300e-06 -8.9400e-06 -8.0000e-06 -7.1100e-06 -6.2700e-06 -5.4800e-06 -4.7300e-06 -4.0400e-06 -3.4000e-06 -2.8100e-06 -2.2700e-06 -1.7700e-06 -1.3300e-06 -9.4000e-07 -6.0000e-07 -3.2000e-07 -8.0000e-08 +1.1000e-07 +2.4000e-07 +3.3000e-07 +3.6000e-07 +3.4000e-07 +2.7000e-07 +1.5000e-07 -2.0000e-08 -2.4000e-07 -5.1000e-07 -8.4000e-07 -1.2100e-06 -1.6400e-06 -2.1100e-06 -2.6400e-06 -3.2200e-06 -3.8400e-06 -4.5200e-06 -5.2400e-06 -6.0200e-06 -6.8400e-06 -7.7200e-06 -8.6400e-06 -9.6100e-06 -1.0630e-05 -1.1700e-05 -1.2810e-05 -1.3970e-05 -1.5180e-05 -1.6430e-05 -1.7730e-05 -1.9080e-05 -2.0470e-05 -2.1900e-05 
+0000.00050 -2.2720e-05 -2.1210e-05 -1.9760e-05 -1.8360e-05 -1.7010e-05 -1.5710e-05 -1.4470e-05 -1.3280e-05 -1.2140e-05 -1.1050e-05 -1.0010e-05 -9.0300e-06 -8.1000e-06 -7.2100e-06 -6.3800e-06 -5.6000e-06 -4.8700e-06 -4.2000e-06 -3.5700e-06 -2.9900e-06 -2.4600e-06 -1.9800e-06 -1.5500e-06 -1.1700e-06 -8.4000e-07 -5.7000e-07 -3.4000e-07 -1.6000e-07 -2.0000e-08 +6.0000e-08 +9.0000e-08 +7.0000e-08 +0.0000e+00 -1.1000e-07 -2.8000e-07 -4.9000e-07 -7.6000e-07 -1.0700e-06 -1.4400e-06 -1.8500e-06 -2.3100e-06 -2.8300e-06 -3.3900e-06 -4.0000e-06 -4.6600e-06 -5.3800e-06 -6.1400e-06 -6.9500e-06 -7.8200e-06 -8.7300e-06 -9.7000e-06 -1.0720e-05 -1.1780e-05 -1.2900e-05 -1.4070e-05 -1.5300e-05 -1.6570e-05 -1.7900e-05 -1.9280e-05 -2.0710e-05 -2.2200e-05 
+0000.00000 -2.2830e-05 -2.1300e-05 -1.9840e-05 -1.8420e-05 -1.7060e-05 -1.5760e-05 -1.4510e-05 -1.3320e-05 -1.2170e-05 -1.1090e-05 -1.0050e-05 -9.0700e-06 -8.1300e-06 -7.2500e-06 -6.4300e-06 -5.6500e-06 -4.9200e-06 -4.2500e-06 -3.6200e-06 -3.0500e-06 -2.5200e-06 -2.0500e-06 -1.6200e-06 -1.2500e-06 -9.2000e-07 -6.4000e-07 -4.1000e-07 -2.4000e-07 -1.1000e-07 -3.0000e-08 +0.0000e+00 -1.0000e-08 -8.0000e-08 -1.9000e-07 -3.6000e-07 -5.7000e-07 -8.4000e-07 -1.1500e-06 -1.5100e-06 -1.9200e-06 -2.3800e-06 -2.8900e-06 -3.4500e-06 -4.0600e-06 -4.7200e-06 -5.4300e-06 -6.1900e-06 -7.0000e-06 -7.8600e-06 -8.7700e-06 -9.7400e-06 -1.0750e-05 -1.1820e-05 -1.2940e-05 -1.4110e-05 -1.5340e-05 -1.6620e-05 -1.7950e-05 -1.9340e-05 -2.0780e-05 -2.2280e-05 
-0000.00050 -2.2740e-05 -2.1230e-05 -1.9770e-05 -1.8370e-05 -1.7020e-05 -1.5720e-05 -1.4470e-05 -1.3280e-05 -1.2140e-05 -1.1050e-05 -1.0010e-05 -9.0300e-06 -8.1000e-06 -7.2100e-06 -6.3800e-06 -5.6000e-06 -4.8700e-06 -4.1900e-06 -3.5600e-06 -2.9800e-06 -2.4600e-06 -1.9800e-06 -1.5500e-06 -1.1700e-06 -8.4000e-07 -5.6000e-07 -3.3000e-07 -1.5000e-07 -2.0000e-08 +6.0000e-08 +9.0000e-08 +7.0000e-08 +0.0000e+00 -1.1000e-07 -2.8000e-07 -5.0000e-07 -7.6000e-07 -1.0800e-06 -1.4400e-06 -1.8500e-06 -2.3200e-06 -2.8300e-06 -3.3900e-06 -4.0100e-06 -4.6700e-06 -5.3800e-06 -6.1400e-06 -6.9600e-06 -7.8200e-06 -8.7300e-06 -9.7000e-06 -1.0710e-05 -1.1780e-05 -1.2900e-05 -1.4070e-05 -1.5290e-05 -1.6560e-05 -1.7890e-05 -1.9260e-05 -2.0690e-05 -2.2180e-05 
-0000.00100 -2.2450e-05 -2.0990e-05 -1.9570e-05 -1.8200e-05 -1.6880e-05 -1.5600e-05 -1.4370e-05 -1.3190e-05 -1.2060e-05 -1.0970e-05 -9.9300e-06 -8.9400e-06 -8.0000e-06 -7.1100e-06 -6.2700e-06 -5.4700e-06 -4.7300e-06 -4.0400e-06 -3.4000e-06 -2.8000e-06 -2.2600e-06 -1.7700e-06 -1.3300e-06 -9.4000e-07 -6.0000e-07 -3.1000e-07 -8.0000e-08 +1.1000e-07 +2.4000e-07 +3.3000e-07 +3.6000e-07 +3.4000e-07 +2.7000e-07 +1.5000e-07 -2.0000e-08 -2.4000e-07 -5.2000e-07 -8.4000e-07 -1.2200e-06 -1.6400e-06 -2.1200e-06 -2.6400e-06 -3.2200e-06 -3.8500e-06 -4.5200e-06 -5.2500e-06 -6.0200e-06 -6.8500e-06 -7.7200e-06 -8.6400e-06 -9.6100e-06 -1.0620e-05 -1.1690e-05 -1.2800e-05 -1.3950e-05 -1.5160e-05 -1.6410e-05 -1.7700e-05 -1.9040e-05 -2.0430e-05 -2.1860e-05 
-0000.00150 -2.1980e-05 -2.0640e-05 -1.9320e-05 -1.8030e-05 -1.6780e-05 -1.5550e-05 -1.4350e-05 -1.3190e-05 -1.2070e-05 -1.0990e-05 -9.9400e-06 -8.9400e-06 -7.9800e-06 -7.0600e-06 -6.1900e-06 -5.3700e-06 -4.5900e-06 -3.8600e-06 -3.1800e-06 -2.5600e-06 -1.9800e-06 -1.4500e-06 -9.8000e-07 -5.6000e-07 -2.0000e-07 +1.1000e-07 +3.7000e-07 +5.7000e-07 +7.1000e-07 +8.0000e-07 +8.4000e-07 +8.2000e-07 +7.4000e-07 +6.1000e-07 +4.2000e-07 +1.8000e-07 -1.2000e-07 -4.7000e-07 -8.7000e-07 -1.3300e-06 -1.8300e-06 -2.3900e-06 -3.0100e-06 -3.6700e-06 -4.3800e-06 -5.1400e-06 -5.9400e-06 -6.7900e-06 -7.6900e-06 -8.6300e-06 -9.6100e-06 -1.0630e-05 -1.1690e-05 -1.2790e-05 -1.3920e-05 -1.5090e-05 -1.6290e-05 -1.7520e-05 -1.8780e-05 -2.0060e-05 -2.1370e-05 
-0000.00200 -5.5800e-05 -5.4650e-05 -5.3470e-05 -5.2290e-05 -5.1100e-05 -4.9920e-05 -4.8730e-05 -4.7560e-05 -4.6410e-05 -4.5270e-05 -4.4160e-05 -4.3080e-05 -4.2030e-05 -4.1010e-05 -4.0040e-05 -3.9100e-05 -3.8210e-05 -3.7370e-05 -3.6580e-05 -3.5840e-05 -3.5160e-05 -3.4540e-05 -3.3970e-05 -3.3470e-05 -3.3020e-05 -3.2640e-05 -3.2330e-05 -3.2080e-05 -3.1900e-05 -3.1790e-05 -3.1740e-05 -3.1760e-05 -3.1840e-05 -3.2000e-05 -3.2210e-05 -3.2500e-05 -3.2850e-05 -3.3260e-05 -3.3740e-05 -3.4270e-05 -3.4870e-05 -3.5520e-05 -3.6230e-05 -3.6990e-05 -3.7800e-05 -3.8650e-05 -3.9560e-05 -4.0500e-05 -4.1480e-05 -4.2500e-05 -4.3550e-05 -4.4630e-05 -4.5730e-05 -4.6850e-05 -4.7980e-05 -4.9130e-05 -5.0280e-05 -5.1430e-05 -5.2570e-05 -5.3710e-05 -5.4820e-05 
# Total Vertical 2nd Order Kick [T2m2]
START
            -0000.01000 -0000.00967 -0000.00933 -0000.00900 -0000.00867 -0000.00833 -0000.00800 -0000.00767 -0000.00733 -0000.00700 -0000.00667 -0000.00633 -0000.00600 -0000.00567 -0000.00533 -0000.00500 -0000.00467 -0000.00433 -0000.00400 -0000.00367 -0000.00333 -0000.00300 -0000.00267 -0000.00233 -0000.00200 -0000.00167 -0000.00133 -0000.00100 -0000.00067 -0000.00033 +0000.00000 +0000.00033 +0000.00067 +0000.00100 +0000.00133 +0000.00167 +0000.00200 +0000.00233 +0000.00267 +0000.00300 +0000.00333 +0000.00367 +0000.00400 +0000.00433 +0000.00467 +0000.00500 +0000.00533 +0000.00567 +0000.00600 +0000.00633 +0000.00667 +0000.00700 +0000.00733 +0000.00767 +0000.00800 +0000.00833 +0000.00867 +0000.00900 +0000.00933 +0000.00967 +0000.01000 
+0000.00200 -2.0519e-04 -2.0467e-04 -2.0417e-04 -2.0369e-04 -2.0322e-04 -2.0277e-04 -2.0234e-04 -2.0192e-04 -2.0151e-04 -2.0112e-04 -2.0074e-04 -2.0038e-04 -2.0002e-04 -1.9968e-04 -1.9934e-04 -1.9902e-04 -1.9870e-04 -1.9839e-04 -1.9809e-04 -1.9779e-04 -1.9750e-04 -1.9722e-04 -1.9693e-04 -1.9666e-04 -1.9638e-04 -1.9611e-04 -1.9584e-04 -1.9557e-04 -1.9530e-04 -1.9504e-04 -1.9477e-04 -1.9450e-04 -1.9423e-04 -1.9395e-04 -1.9368e-04 -1.9340e-04 -1.9312e-04 -1.9283e-04 -1.9254e-04 -1.9224e-04 -1.9194e-04 -1.9164e-04 -1.9132e-04 -1.9100e-04 -1.9067e-04 -1.9034e-04 -1.8999e-04 -1.8964e-04 -1.8928e-04 -1.8891e-04 -1.8853e-04 -1.8814e-04 -1.8774e-04 -1.8733e-04 -1.8690e-04 -1.8647e-04 -1.8602e-04 -1.8557e-04 -1.8510e-04 -1.8462e-04 -1.8412e-04 
+0000.00150 -1.3491e-04 -1.3457e-04 -1.3425e-04 -1.3393e-04 -1.3363e-04 -1.3333e-04 -1.3304e-04 -1.3276e-04 -1.3249e-04 -1.3222e-04 -1.3196e-04 -1.3171e-04 -1.3146e-04 -1.3122e-04 -1.3099e-04 -1.3076e-04 -1.3053e-04 -1.3031e-04 -1.3010e-04 -1.2988e-04 -1.2967e-04 -1.2947e-04 -1.2926e-04 -1.2906e-04 -1.2886e-04 -1.2866e-04 -1.2846e-04 -1.2827e-04 -1.2807e-04 -1.2788e-04 -1.2768e-04 -1.2748e-04 -1.2729e-04 -1.2709e-04 -1.2689e-04 -1.2669e-04 -1.2649e-04 -1.2629e-04 -1.2608e-04 -1.2587e-04 -1.2566e-04 -1.2544e-04 -1.2522e-04 -1.2500e-04 -1.2478e-04 -1.2454e-04 -1.2431e-04 -1.2407e-04 -1.2383e-04 -1.2358e-04 -1.2332e-04 -1.2306e-04 -1.2279e-04 -1.2252e-04 -1.2224e-04 -1.2195e-04 -1.2166e-04 -1.2136e-04 -1.2105e-04 -1.2074e-04 -1.2042e-04 
+0000.00100 -8.2225e-05 -8.2015e-05 -8.1810e-05 -8.1610e-05 -8.1415e-05 -8.1225e-05 -8.1040e-05 -8.0859e-05 -8.0682e-05 -8.0509e-05 -8.0340e-05 -8.0175e-05 -8.0013e-05 -7.9854e-05 -7.9698e-05 -7.9544e-05 -7.9393e-05 -7.9245e-05 -7.9098e-05 -7.8954e-05 -7.8811e-05 -7.8669e-05 -7.8530e-05 -7.8391e-05 -7.8253e-05 -7.8116e-05 -7.7980e-05 -7.7844e-05 -7.7709e-05 -7.7574e-05 -7.7439e-05 -7.7303e-05 -7.7167e-05 -7.7031e-05 -7.6894e-05 -7.6757e-05 -7.6618e-05 -7.6479e-05 -7.6338e-05 -7.6195e-05 -7.6052e-05 -7.5906e-05 -7.5759e-05 -7.5610e-05 -7.5459e-05 -7.5306e-05 -7.5150e-05 -7.4993e-05 -7.4832e-05 -7.4669e-05 -7.4503e-05 -7.4335e-05 -7.4163e-05 -7.3989e-05 -7.3811e-05 -7.3630e-05 -7.3445e-05 -7.3257e-05 -7.3066e-05 -7.2871e-05 -7.2672e-05 
+0000.00050 -3.8986e-05 -3.8880e-05 -3.8777e-05 -3.8676e-05 -3.8579e-05 -3.8483e-05 -3.8391e-05 -3.8300e-05 -3.8211e-05 -3.8125e-05 -3.8040e-05 -3.7957e-05 -3.7875e-05 -3.7796e-05 -3.7717e-05 -3.7640e-05 -3.7564e-05 -3.7489e-05 -3.7416e-05 -3.7343e-05 -3.7271e-05 -3.7199e-05 -3.7129e-05 -3.7059e-05 -3.6989e-05 -3.6920e-05 -3.6851e-05 -3.6782e-05 -3.6713e-05 -3.6644e-05 -3.6576e-05 -3.6507e-05 -3.6438e-05 -3.6369e-05 -3.6299e-05 -3.6230e-05 -3.6159e-05 -3.6089e-05 -3.6017e-05 -3.5945e-05 -3.5873e-05 -3.5800e-05 -3.5726e-05 -3.5651e-05 -3.5575e-05 -3.5499e-05 -3.5421e-05 -3.5343e-05 -3.5263e-05 -3.5183e-05 -3.5101e-05 -3.5019e-05 -3.4935e-05 -3.4850e-05 -3.4764e-05 -3.4676e-05 -3.4588e-05 -3.4498e-05 -3.4407e-05 -3.4315e-05 -3.4221e-05 
+0000.00000 -4.1137e-08 -3.4787e-08 -2.9138e-08 -2.4139e-08 -1.9743e-08 -1.5902e-08 -1.2572e-08 -9.7100e-09 -7.2740e-09 -5.2250e-09 -3.5240e-09 -2.1360e-09 -1.0260e-09 -1.6200e-10 +4.8700e-10 +9.5100e-10 +1.2560e-09 +1.4280e-09 +1.4910e-09 +1.4670e-09 +1.3760e-09 +1.2370e-09 +1.0670e-09 +8.8000e-10 +6.9000e-10 +5.0800e-10 +3.4400e-10 +2.0600e-10 +1.0000e-10 +3.0000e-11 +0.0000e+00 +1.0000e-11 +5.9000e-11 +1.4400e-10 +2.6200e-10 +4.0700e-10 +5.6900e-10 +7.4100e-10 +9.0900e-10 +1.0620e-09 +1.1840e-09 +1.2590e-09 +1.2680e-09 +1.1900e-09 +1.0050e-09 +6.8800e-10 +2.1300e-10 -4.4600e-10 -1.3180e-09 -2.4350e-09 -3.8280e-09 -5.5320e-09 -7.5830e-09 -1.0020e-08 -1.2880e-08 -1.6206e-08 -2.0041e-08 -2.4430e-08 -2.9418e-08 -3.5056e-08 -4.1391e-08 
-0000.00050 +3.8907e-05 +3.8813e-05 +3.8721e-05 +3.8631e-05 +3.8541e-05 +3.8453e-05 +3.8367e-05 +3.8282e-05 +3.8198e-05 +3.8115e-05 +3.8034e-05 +3.7953e-05 +3.7874e-05 +3.7796e-05 +3.7719e-05 +3.7643e-05 +3.7567e-05 +3.7493e-05 +3.7419e-05 +3.7346e-05 +3.7274e-05 +3.7203e-05 +3.7132e-05 +3.7061e-05 +3.6991e-05 +3.6921e-05 +3.6852e-05 +3.6783e-05 +3.6714e-05 +3.6645e-05 +3.6576e-05 +3.6508e-05 +3.6439e-05 +3.6370e-05 +3.6301e-05 +3.6231e-05 +3.6161e-05 +3.6091e-05 +3.6020e-05 +3.5948e-05 +3.5876e-05 +3.5803e-05 +3.5729e-05 +3.5654e-05 +3.5578e-05 +3.5501e-05 +3.5422e-05 +3.5343e-05 +3.5261e-05 +3.5179e-05 +3.5095e-05 +3.5009e-05 +3.4921e-05 +3.4831e-05 +3.4739e-05 +3.4646e-05 +3.4550e-05 +3.4451e-05 +3.4351e-05 +3.4247e-05 +3.4141e-05 
-0000.00100 +8.2154e-05 +8.1955e-05 +8.1760e-05 +8.1568e-05 +8.1381e-05 +8.1198e-05 +8.1019e-05 +8.0843e-05 +8.0670e-05 +8.0501e-05 +8.0335e-05 +8.0172e-05 +8.0012e-05 +7.9854e-05 +7.9699e-05 +7.9547e-05 +7.9397e-05 +7.9248e-05 +7.9102e-05 +7.8957e-05 +7.8814e-05 +7.8673e-05 +7.8533e-05 +7.8394e-05 +7.8256e-05 +7.8119e-05 +7.7982e-05 +7.7846e-05 +7.7711e-05 +7.7576e-05 +7.7440e-05 +7.7305e-05 +7.7169e-05 +7.7033e-05 +7.6896e-05 +7.6759e-05 +7.6621e-05 +7.6481e-05 +7.6341e-05 +7.6199e-05 +7.6055e-05 +7.5910e-05 +7.5763e-05 +7.5613e-05 +7.5462e-05 +7.5308e-05 +7.5152e-05 +7.4992e-05 +7.4831e-05 +7.4665e-05 +7.4497e-05 +7.4326e-05 +7.4150e-05 +7.3971e-05 +7.3789e-05 +7.3602e-05 +7.3411e-05 +7.3215e-05 +7.3015e-05 +7.2810e-05 +7.2600e-05 
-0000.00150 +1.3484e-04 +1.3452e-04 +1.3420e-04 +1.3389e-04 +1.3359e-04 +1.3330e-04 +1.3301e-04 +1.3274e-04 +1.3247e-04 +1.3221e-04 +1.3195e-04 +1.3170e-04 +1.3145e-04 +1.3122e-04 +1.3098e-04 +1.3075e-04 +1.3053e-04 +1.3031e-04 +1.3009e-04 +1.2988e-04 +1.2967e-04 +1.2946e-04 +1.2926e-04 +1.2906e-04 +1.2886e-04 +1.2866e-04 +1.2846e-04 +1.2826e-04 +1.2807e-04 +1.2787e-04 +1.2768e-04 +1.2748e-04 +1.2728e-04 +1.2709e-04 +1.2689e-04 +1.2669e-04 +1.2649e-04 +1.2628e-04 +1.2607e-04 +1.2587e-04 +1.2565e-04 +1.2544e-04 +1.2522e-04 +1.2500e-04 +1.2477e-04 +1.2454e-04 +1.2430e-04 +1.2406e-04 +1.2382e-04 +1.2356e-04 +1.2331e-04 +1.2304e-04 +1.2277e-04 +1.2250e-04 +1.2221e-04 +1.2192e-04 +1.2162e-04 +1.2132e-04 +1.2100e-04 +1.2068e-04 +1.2035e-04 
-0000.00200 +2.0515e-04 +2.0463e-04 +2.0413e-04 +2.0365e-04 +2.0319e-04 +2.0274e-04 +2.0231e-04 +2.0190e-04 +2.0150e-04 +2.0111e-04 +2.0073e-04 +2.0037e-04 +2.0001e-04 +1.9967e-04 +1.9934e-04 +1.9901e-04 +1.9869e-04 +1.9839e-04 +1.9808e-04 +1.9779e-04 +1.9750e-04 +1.9721e-04 +1.9693e-04 +1.9665e-04 +1.9638e-04 +1.9611e-04 +1.9584e-04 +1.9557e-04 +1.9530e-04 +1.9503e-04 +1.9476e-04 +1.9450e-04 +1.9422e-04 +1.9395e-04 +1.9368e-04 +1.9340e-04 +1.9311e-04 +1.9283e-04 +1.9254e-04 +1.9224e-04 +1.9194e-04 +1.9163e-04 +1.9132e-04 +1.9099e-04 +1.9066e-04 +1.9033e-04 +1.8998e-04 +1.8963e-04 +1.8927e-04 +1.8889e-04 +1.8851e-04 +1.8812e-04 +1.8772e-04 +1.8730e-04 +1.8688e-04 +1.8644e-04 +1.8599e-04 +1.8553e-04 +1.8505e-04 +1.8457e-04 +1.8407e-04 
# Horizontal Final Position [m]
START
            -0000.01000 -0000.00967 -0000.00933 -0000.00900 -0000.00867 -0000.00833 -0000.00800 -0000.00767 -0000.00733 -0000.00700 -0000.00667 -0000.00633 -0000.00600 -0000.00567 -0000.00533 -0000.00500 -0000.00467 -0000.00433 -0000.00400 -0000.00367 -0000.00333 -0000.00300 -0000.00267 -0000.00233 -0000.00200 -0000.00167 -0000.00133 -0000.00100 -0000.00067 -0000.00033 +0000.00000 +0000.00033 +0000.00067 +0000.00100 +0000.00133 +0000.00167 +0000.00200 +0000.00233 +0000.00267 +0000.00300 +0000.00333 +0000.00367 +0000.00400 +0000.00433 +0000.00467 +0000.00500 +0000.00533 +0000.00567 +0000.00600 +0000.00633 +0000.00667 +0000.00700 +0000.00733 +0000.00767 +0000.00800 +0000.00833 +0000.00867 +0000.00900 +0000.00933 +0000.00967 +0000.01000 
+0000.00200 -1.0000e-02 -9.6667e-03 -9.3334e-03 -9.0001e-03 -8.6668e-03 -8.3335e-03 -8.0002e-03 -7.6668e-03 -7.3335e-03 -7.0002e-03 -6.6669e-03 -6.3336e-03 -6.0003e-03 -5.6670e-03 -5.3336e-03 -5.0003e-03 -4.6670e-03 -4.3337e-03 -4.0004e-03 -3.6670e-03 -3.3337e-03 -3.0004e-03 -2.6671e-03 -2.3337e-03 -2.0004e-03 -1.6671e-03 -1.3338e-03 -1.0004e-03 -6.6709e-04 -3.3376e-04 -4.2709e-07 +3.3291e-04 +6.6624e-04 +9.9958e-04 +1.3329e-03 +1.6663e-03 +1.9996e-03 +2.3329e-03 +2.6663e-03 +2.9996e-03 +3.3330e-03 +3.6663e-03 +3.9996e-03 +4.3330e-03 +4.6663e-03 +4.9997e-03 +5.3330e-03 +5.6664e-03 +5.9997e-03 +6.3331e-03 +6.6664e-03 +6.9998e-03 +7.3331e-03 +7.6665e-03 +7.9998e-03 +8.3332e-03 +8.6665e-03 +8.9999e-03 +9.3332e-03 +9.6666e-03 +9.9999e-03 
+0000.00150 -1.0000e-02 -9.6668e-03 -9.3334e-03 -9.0001e-03 -8.6668e-03 -8.3335e-03 -8.0002e-03 -7.6669e-03 -7.3336e-03 -7.0002e-03 -6.6669e-03 -6.3336e-03 -6.0003e-03 -5.6670e-03 -5.3336e-03 -5.0003e-03 -4.6670e-03 -4.3337e-03 -4.0004e-03 -3.6670e-03 -3.3337e-03 -3.0004e-03 -2.6671e-03 -2.3337e-03 -2.0004e-03 -1.6671e-03 -1.3338e-03 -1.0004e-03 -6.6710e-04 -3.3376e-04 -4.3201e-07 +3.3290e-04 +6.6624e-04 +9.9957e-04 +1.3329e-03 +1.6662e-03 +1.9996e-03 +2.3329e-03 +2.6663e-03 +2.9996e-03 +3.3329e-03 +3.6663e-03 +3.9996e-03 +4.3330e-03 +4.6663e-03 +4.9997e-03 +5.3330e-03 +5.6664e-03 +5.9997e-03 +6.3331e-03 +6.6664e-03 +6.9998e-03 +7.3331e-03 +7.6665e-03 +7.9998e-03 +8.3332e-03 +8.6665e-03 +8.9999e-03 +9.3332e-03 +9.6666e-03 +9.9999e-03 
+0000.00100 -1.0000e-02 -9.6668e-03 -9.3334e-03 -9.0001e-03 -8.6668e-03 -8.3335e-03 -8.0002e-03 -7.6669e-03 -7.3336e-03 -7.0002e-03 -6.6669e-03 -6.3336e-03 -6.0003e-03 -5.6670e-03 -5.3336e-03 -5.0003e-03 -4.6670e-03 -4.3337e-03 -4.0004e-03 -3.6670e-03 -3.3337e-03 -3.0004e-03 -2.6671e-03 -2.3337e-03 -2.0004e-03 -1.6671e-03 -1.3338e-03 -1.0004e-03 -6.6710e-04 -3.3377e-04 -4.3243e-07 +3.3290e-04 +6.6624e-04 +9.9957e-04 +1.3329e-03 +1.6662e-03 +1.9996e-03 +2.3329e-03 +2.6663e-03 +2.9996e-03 +3.3329e-03 +3.6663e-03 +3.9996e-03 +4.3330e-03 +4.6663e-03 +4.9997e-03 +5.3330e-03 +5.6664e-03 +5.9997e-03 +6.3331e-03 +6.6664e-03 +6.9998e-03 +7.3331e-03 +7.6665e-03 +7.9998e-03 +8.3332e-03 +8.6665e-03 +8.9999e-03 +9.3332e-03 +9.6666e-03 +9.9999e-03 
+0000.00050 -1.0000e-02 -9.6668e-03 -9.3334e-03 -9.0001e-03 -8.6668e-03 -8.3335e-03 -8.0002e-03 -7.6669e-03 -7.3336e-03 -7.0002e-03 -6.6669e-03 -6.3336e-03 -6.0003e-03 -5.6670e-03 -5.3336e-03 -5.0003e-03 -4.6670e-03 -4.3337e-03 -4.0004e-03 -3.6670e-03 -3.3337e-03 -3.0004e-03 -2.6671e-03 -2.3337e-03 -2.0004e-03 -1.6671e-03 -1.3338e-03 -1.0004e-03 -6.6710e-04 -3.3377e-04 -4.3259e-07 +3.3290e-04 +6.6624e-04 +9.9957e-04 +1.3329e-03 +1.6662e-03 +1.9996e-03 +2.3329e-03 +2.6663e-03 +2.9996e-03 +3.3329e-03 +3.6663e-03 +3.9996e-03 +4.3330e-03 +4.6663e-03 +4.9997e-03 +5.3330e-03 +5.6664e-03 +5.9997e-03 +6.3331e-03 +6.6664e-03 +6.9998e-03 +7.3331e-03 +7.6665e-03 +7.9998e-03 +8.3332e-03 +8.6665e-03 +8.9999e-03 +9.3332e-03 +9.6666e-03 +9.9999e-03 
+0000.00000 -1.0000e-02 -9.6668e-03 -9.3334e-03 -9.0001e-03 -8.6668e-03 -8.3335e-03 -8.0002e-03 -7.6669e-03 -7.3336e-03 -7.0002e-03 -6.6669e-03 -6.3336e-03 -6.0003e-03 -5.6670e-03 -5.3336e-03 -5.0003e-03 -4.6670e-03 -4.3337e-03 -4.0004e-03 -3.6670e-03 -3.3337e-03 -3.0004e-03 -2.6671e-03 -2.3337e-03 -2.0004e-03 -1.6671e-03 -1.3338e-03 -1.0004e-03 -6.6710e-04 -3.3377e-04 -4.3263e-07 +3.3290e-04 +6.6624e-04 +9.9957e-04 +1.3329e-03 +1.6662e-03 +1.9996e-03 +2.3329e-03 +2.6663e-03 +2.9996e-03 +3.3329e-03 +3.6663e-03 +3.9996e-03 +4.3330e-03 +4.6663e-03 +4.9997e-03 +5.3330e-03 +5.6664e-03 +5.9997e-03 +6.3331e-03 +6.6664e-03 +6.9998e-03 +7.3331e-03 +7.6665e-03 +7.9998e-03 +8.3332e-03 +8.6665e-03 +8.9999e-03 +9.3332e-03 +9.6666e-03 +9.9999e-03 
-0000.00050 -1.0000e-02 -9.6668e-03 -9.3334e-03 -9.0001e-03 -8.6668e-03 -8.3335e-03 -8.0002e-03 -7.6669e-03 -7.3336e-03 -7.0002e-03 -6.6669e-03 -6.3336e-03 -6.0003e-03 -5.6670e-03 -5.3336e-03 -5.0003e-03 -4.6670e-03 -4.3337e-03 -4.0004e-03 -3.6670e-03 -3.3337e-03 -3.0004e-03 -2.6671e-03 -2.3337e-03 -2.0004e-03 -1.6671e-03 -1.3338e-03 -1.0004e-03 -6.6710e-04 -3.3377e-04 -4.3259e-07 +3.3290e-04 +6.6624e-04 +9.9957e-04 +1.3329e-03 +1.6662e-03 +1.9996e-03 +2.3329e-03 +2.6663e-03 +2.9996e-03 +3.3329e-03 +3.6663e-03 +3.9996e-03 +4.3330e-03 +4.6663e-03 +4.9997e-03 +5.3330e-03 +5.6664e-03 +5.9997e-03 +6.3331e-03 +6.6664e-03 +6.9998e-03 +7.3331e-03 +7.6665e-03 +7.9998e-03 +8.3332e-03 +8.6665e-03 +8.9999e-03 +9.3332e-03 +9.6666e-03 +9.9999e-03 
-0000.00100 -1.0000e-02 -9.6668e-03 -9.3334e-03 -9.0001e-03 -8.6668e-03 -8.3335e-03 -8.0002e-03 -7.6669e-03 -7.3336e-03 -7.0002e-03 -6.6669e-03 -6.3336e-03 -6.0003e-03 -5.6670e-03 -5.3336e-03 -5.0003e-03 -4.6670e-03 -4.3337e-03 -4.0004e-03 -3.6670e-03 -3.3337e-03 -3.0004e-03 -2.6671e-03 -2.3337e-03 -2.0004e-03 -1.6671e-03 -1.3338e-03 -1.0004e-03 -6.6710e-04 -3.3377e-04 -4.3243e-07 +3.3290e-04 +6.6624e-04 +9.9957e-04 +1.3329e-03 +1.6662e-03 +1.9996e-03 +2.3329e-03 +2.6663e-03 +2.9996e-03 +3.3329e-03 +3.6663e-03 +3.9996e-03 +4.3330e-03 +4.6663e-03 +4.9997e-03 +5.3330e-03 +5.6664e-03 +5.9997e-03 +6.3331e-03 +6.6664e-03 +6.9998e-03 +7.3331e-03 +7.6665e-03 +7.9998e-03 +8.3332e-03 +8.6665e-03 +8.9999e-03 +9.3332e-03 +9.6666e-03 +9.9999e-03 
-0000.00150 -1.0000e-02 -9.6668e-03 -9.3334e-03 -9.0001e-03 -8.6668e-03 -8.3335e-03 -8.0002e-03 -7.6669e-03 -7.3336e-03 -7.0002e-03 -6.6669e-03 -6.3336e-03 -6.0003e-03 -5.6670e-03 -5.3336e-03 -5.0003e-03 -4.6670e-03 -4.3337e-03 -4.0004e-03 -3.6670e-03 -3.3337e-03 -3.0004e-03 -2.6671e-03 -2.3337e-03 -2.0004e-03 -1.6671e-03 -1.3338e-03 -1.0004e-03 -6.6710e-04 -3.3376e-04 -4.3201e-07 +3.3290e-04 +6.6624e-04 +9.9957e-04 +1.3329e-03 +1.6662e-03 +1.9996e-03 +2.3329e-03 +2.6663e-03 +2.9996e-03 +3.3329e-03 +3.6663e-03 +3.9996e-03 +4.3330e-03 +4.6663e-03 +4.9997e-03 +5.3330e-03 +5.6664e-03 +5.9997e-03 +6.3331e-03 +6.6664e-03 +6.9998e-03 +7.3331e-03 +7.6665e-03 +7.9998e-03 +8.3332e-03 +8.6665e-03 +8.9999e-03 +9.3332e-03 +9.6666e-03 +9.9999e-03 
-0000.00200 -1.0000e-02 -9.6667e-03 -9.3334e-03 -9.0001e-03 -8.6668e-03 -8.3335e-03 -8.0002e-03 -7.6668e-03 -7.3335e-03 -7.0002e-03 -6.6669e-03 -6.3336e-03 -6.0003e-03 -5.6670e-03 -5.3336e-03 -5.0003e-03 -4.6670e-03 -4.3337e-03 -4.0004e-03 -3.6670e-03 -3.3337e-03 -3.0004e-03 -2.6671e-03 -2.3337e-03 -2.0004e-03 -1.6671e-03 -1.3338e-03 -1.0004e-03 -6.6709e-04 -3.3376e-04 -4.2709e-07 +3.3291e-04 +6.6624e-04 +9.9958e-04 +1.3329e-03 +1.6663e-03 +1.9996e-03 +2.3329e-03 +2.6663e-03 +2.9996e-03 +3.3330e-03 +3.6663e-03 +3.9996e-03 +4.3330e-03 +4.6663e-03 +4.9997e-03 +5.3330e-03 +5.6664e-03 +5.9997e-03 +6.3331e-03 +6.6664e-03 +6.9998e-03 +7.3331e-03 +7.6665e-03 +7.9998e-03 +8.3332e-03 +8.6665e-03 +8.9999e-03 +9.3332e-03 +9.6666e-03 +9.9999e-03 
# Vertical Final Position [m]
START
            -0000.01000 -0000.00967 -0000.00933 -0000.00900 -0000.00867 -0000.00833 -0000.00800 -0000.00767 -0000.00733 -0000.00700 -0000.00667 -0000.00633 -0000.00600 -0000.00567 -0000.00533 -0000.00500 -0000.00467 -0000.00433 -0000.00400 -0000.00367 -0000.00333 -0000.00300 -0000.00267 -0000.00233 -0000.00200 -0000.00167 -0000.00133 -0000.00100 -0000.00067 -0000.00033 +0000.00000 +0000.00033 +0000.00067 +0000.00100 +0000.00133 +0000.00167 +0000.00200 +0000.00233 +0000.00267 +0000.00300 +0000.00333 +0000.00367 +0000.00400 +0000.00433 +0000.00467 +0000.00500 +0000.00533 +0000.00567 +0000.00600 +0000.00633 +0000.00667 +0000.00700 +0000.00733 +0000.00767 +0000.00800 +0000.00833 +0000.00867 +0000.00900 +0000.00933 +0000.00967 +0000.01000 
+0000.00200 +2.0000e-03 +2.0000e-03 +1.9999e-03 +1.9999e-03 +1.9999e-03 +1.9999e-03 +1.9999e-03 +1.9999e-03 +1.9999e-03 +1.9999e-03 +1.9999e-03 +1.9999e-03 +1.9999e-03 +1.9999e-03 +1.9999e-03 +1.9999e-03 +1.9999e-03 +1.9999e-03 +1.9999e-03 +1.9999e-03 +1.9998e-03 +1.9998e-03 +1.9998e-03 +1.9998e-03 +1.9998e-03 +1.9998e-03 +1.9998e-03 +1.9998e-03 +1.9998e-03 +1.9998e-03 +1.9998e-03 +1.9998e-03 +1.9998e-03 +1.9998e-03 +1.9998e-03 +1.9998e-03 +1.9998e-03 +1.9998e-03 +1.9998e-03 +1.9998e-03 +1.9998e-03 +1.9998e-03 +1.9998e-03 +1.9998e-03 +1.9997e-03 +1.9997e-03 +1.9997e-03 +1.9997e-03 +1.9997e-03 +1.9997e-03 +1.9997e-03 +1.9997e-03 +1.9997e-03 +1.9997e-03 +1.9997e-03 +1.9997e-03 +1.9997e-03 +1.9997e-03 +1.9997e-03 +1.9996e-03 +1.9996e-03 
+0000.00150 +1.5000e-03 +1.5000e-03 +1.5000e-03 +1.5000e-03 +1.5000e-03 +1.5000e-03 +1.5000e-03 +1.5000e-03 +1.5000e-03 +1.5000e-03 +1.5000e-03 +1.5000e-03 +1.4999e-03 +1.4999e-03 +1.4999e-03 +1.4999e-03 +1.4999e-03 +1.4999e-03 +1.4999e-03 +1.4999e-03 +1.4999e-03 +1.4999e-03 +1.4999e-03 +1.4999e-03 +1.4999e-03 +1.4999e-03 +1.4999e-03 +1.4999e-03 +1.4999e-03 +1.4999e-03 +1.4999e-03 +1.4999e-03 +1.4999e-03 +1.4999e-03 +1.4999e-03 +1.4999e-03 +1.4999e-03 +1.4998e-03 +1.4998e-03 +1.4998e-03 +1.4998e-03 +1.4998e-03 +1.4998e-03 +1.4998e-03 +1.4998e-03 +1.4998e-03 +1.4998e-03 +1.4998e-03 +1.4998e-03 +1.4998e-03 +1.4998e-03 +1.4998e-03 +1.4998e-03 +1.4998e-03 +1.4998e-03 +1.4998e-03 +1.4998e-03 +1.4998e-03 +1.4998e-03 +1.4998e-03 +1.4998e-03 
+0000.00100 +1.0000e-03 +9.9999e-04 +9.9999e-04 +9.9999e-04 +9.9999e-04 +9.9999e-04 +9.9998e-04 +9.9998e-04 +9.9998e-04 +9.9998e-04 +9.9997e-04 +9.9997e-04 +9.9997e-04 +9.9997e-04 +9.9996e-04 +9.9996e-04 +9.9996e-04 +9.9995e-04 +9.9995e-04 +9.9995e-04 +9.9995e-04 +9.9994e-04 +9.9994e-04 +9.9994e-04 +9.9994e-04 +9.9993e-04 +9.9993e-04 +9.9993e-04 +9.9993e-04 +9.9992e-04 +9.9992e-04 +9.9992e-04 +9.9992e-04 +9.9991e-04 +9.9991e-04 +9.9991e-04 +9.9991e-04 +9.9991e-04 +9.9990e-04 +9.9990e-04 +9.9990e-04 +9.9990e-04 +9.9989e-04 +9.9989e-04 +9.9989e-04 +9.9989e-04 +9.9989e-04 +9.9988e-04 +9.9988e-04 +9.9988e-04 +9.9988e-04 +9.9987e-04 +9.9987e-04 +9.9987e-04 +9.9986e-04 +9.9986e-04 +9.9986e-04 +9.9985e-04 +9.9985e-04 +9.9985e-04 +9.9984e-04 
+0000.00050 +5.0000e-04 +5.0000e-04 +5.0000e-04 +5.0000e-04 +5.0000e-04 +5.0000e-04 +4.9999e-04 +4.9999e-04 +4.9999e-04 +4.9999e-04 +4.9999e-04 +4.9999e-04 +4.9998e-04 +4.9998e-04 +4.9998e-04 +4.9998e-04 +4.9998e-04 +4.9998e-04 +4.9998e-04 +4.9998e-04 +4.9997e-04 +4.9997e-04 +4.9997e-04 +4.9997e-04 +4.9997e-04 +4.9997e-04 +4.9997e-04 +4.9997e-04 +4.9997e-04 +4.9997e-04 +4.9996e-04 +4.9996e-04 +4.9996e-04 +4.9996e-04 +4.9996e-04 +4.9996e-04 +4.9996e-04 +4.9996e-04 +4.9995e-04 +4.9995e-04 +4.9995e-04 +4.9995e-04 +4.9995e-04 +4.9995e-04 +4.9995e-04 +4.9995e-04 +4.9994e-04 +4.9994e-04 +4.9994e-04 +4.9994e-04 +4.9994e-04 +4.9994e-04 +4.9994e-04 +4.9993e-04 +4.9993e-04 +4.9993e-04 +4.9993e-04 +4.9993e-04 +4.9993e-04 +4.9992e-04 +4.9992e-04 
+0000.00000 -1.0725e-10 -9.9347e-11 -9.2375e-11 -8.6262e-11 -8.0945e-11 -7.6358e-11 -7.2440e-11 -6.9134e-11 -6.6383e-11 -6.4133e-11 -6.2332e-11 -6.0932e-11 -5.9884e-11 -5.9147e-11 -5.8676e-11 -5.8433e-11 -5.8381e-11 -5.8484e-11 -5.8711e-11 -5.9031e-11 -5.9417e-11 -5.9844e-11 -6.0288e-11 -6.0730e-11 -6.1151e-11 -6.1537e-11 -6.1872e-11 -6.2148e-11 -6.2355e-11 -6.2487e-11 -6.2541e-11 -6.2516e-11 -6.2412e-11 -6.2233e-11 -6.1985e-11 -6.1676e-11 -6.1318e-11 -6.0923e-11 -6.0506e-11 -6.0086e-11 -5.9683e-11 -5.9320e-11 -5.9021e-11 -5.8814e-11 -5.8730e-11 -5.8799e-11 -5.9058e-11 -5.9543e-11 -6.0293e-11 -6.1351e-11 -6.2760e-11 -6.4567e-11 -6.6821e-11 -6.9574e-11 -7.2879e-11 -7.6793e-11 -8.1375e-11 -8.6684e-11 -9.2785e-11 -9.9744e-11 -1.0763e-10 
-0000.00050 -5.0000e-04 -5.0000e-04 -5.0000e-04 -5.0000e-04 -5.0000e-04 -5.0000e-04 -4.9999e-04 -4.9999e-04 -4.9999e-04 -4.9999e-04 -4.9999e-04 -4.9999e-04 -4.9998e-04 -4.9998e-04 -4.9998e-04 -4.9998e-04 -4.9998e-04 -4.9998e-04 -4.9998e-04 -4.9998e-04 -4.9997e-04 -4.9997e-04 -4.9997e-04 -4.9997e-04 -4.9997e-04 -4.9997e-04 -4.9997e-04 -4.9997e-04 -4.9997e-04 -4.9997e-04 -4.9996e-04 -4.9996e-04 -4.9996e-04 -4.9996e-04 -4.9996e-04 -4.9996e-04 -4.9996e-04 -4.9996e-04 -4.9995e-04 -4.9995e-04 -4.9995e-04 -4.9995e-04 -4.9995e-04 -4.9995e-04 -4.9995e-04 -4.9995e-04 -4.9994e-04 -4.9994e-04 -4.9994e-04 -4.9994e-04 -4.9994e-04 -4.9994e-04 -4.9994e-04 -4.9993e-04 -4.9993e-04 -4.9993e-04 -4.9993e-04 -4.9993e-04 -4.9993e-04 -4.9992e-04 -4.9992e-04 
-0000.00100 -1.0000e-03 -9.9999e-04 -9.9999e-04 -9.9999e-04 -9.9999e-04 -9.9999e-04 -9.9998e-04 -9.9998e-04 -9.9998e-04 -9.9998e-04 -9.9997e-04 -9.9997e-04 -9.9997e-04 -9.9997e-04 -9.9996e-04 -9.9996e-04 -9.9996e-04 -9.9995e-04 -9.9995e-04 -9.9995e-04 -9.9995e-04 -9.9994e-04 -9.9994e-04 -9.9994e-04 -9.9994e-04 -9.9993e-04 -9.9993e-04 -9.9993e-04 -9.9993e-04 -9.9992e-04 -9.9992e-04 -9.9992e-04 -9.9992e-04 -9.9991e-04 -9.9991e-04 -9.9991e-04 -9.9991e-04 -9.9991e-04 -9.9990e-04 -9.9990e-04 -9.9990e-04 -9.9990e-04 -9.9989e-04 -9.9989e-04 -9.9989e-04 -9.9989e-04 -9.9989e-04 -9.9988e-04 -9.9988e-04 -9.9988e-04 -9.9988e-04 -9.9987e-04 -9.9987e-04 -9.9987e-04 -9.9986e-04 -9.9986e-04 -9.9986e-04 -9.9985e-04 -9.9985e-04 -9.9985e-04 -9.9984e-04 
-0000.00150 -1.5000e-03 -1.5000e-03 -1.5000e-03 -1.5000e-03 -1.5000e-03 -1.5000e-03 -1.5000e-03 -1.5000e-03 -1.5000e-03 -1.5000e-03 -1.5000e-03 -1.5000e-03 -1.4999e-03 -1.4999e-03 -1.4999e-03 -1.4999e-03 -1.4999e-03 -1.4999e-03 -1.4999e-03 -1.4999e-03 -1.4999e-03 -1.4999e-03 -1.4999e-03 -1.4999e-03 -1.4999e-03 -1.4999e-03 -1.4999e-03 -1.4999e-03 -1.4999e-03 -1.4999e-03 -1.4999e-03 -1.4999e-03 -1.4999e-03 -1.4999e-03 -1.4999e-03 -1.4999e-03 -1.4999e-03 -1.4998e-03 -1.4998e-03 -1.4998e-03 -1.4998e-03 -1.4998e-03 -1.4998e-03 -1.4998e-03 -1.4998e-03 -1.4998e-03 -1.4998e-03 -1.4998e-03 -1.4998e-03 -1.4998e-03 -1.4998e-03 -1.4998e-03 -1.4998e-03 -1.4998e-03 -1.4998e-03 -1.4998e-03 -1.4998e-03 -1.4998e-03 -1.4998e-03 -1.4998e-03 -1.4998e-03 
-0000.00200 -2.0000e-03 -2.0000e-03 -1.9999e-03 -1.9999e-03 -1.9999e-03 -1.9999e-03 -1.9999e-03 -1.9999e-03 -1.9999e-03 -1.9999e-03 -1.9999e-03 -1.9999e-03 -1.9999e-03 -1.9999e-03 -1.9999e-03 -1.9999e-03 -1.9999e-03 -1.9999e-03 -1.9999e-03 -1.9999e-03 -1.9998e-03 -1.9998e-03 -1.9998e-03 -1.9998e-03 -1.9998e-03 -1.9998e-03 -1.9998e-03 -1.9998e-03 -1.9998e-03 -1.9998e-03 -1.9998e-03 -1.9998e-03 -1.9998e-03 -1.9998e-03 -1.9998e-03 -1.9998e-03 -1.9998e-03 -1.9998e-03 -1.9998e-03 -1.9998e-03 -1.9998e-03 -1.9998e-03 -1.9998e-03 -1.9998e-03 -1.9997e-03 -1.9997e-03 -1.9997e-03 -1.9997e-03 -1.9997e-03 -1.9997e-03 -1.9997e-03 -1.9997e-03 -1.9997e-03 -1.9997e-03 -1.9997e-03 -1.9997e-03 -1.9997e-03 -1.9997e-03 -1.9997e-03 -1.9996e-03 -1.9996e-03 