# Author: FAC idanalysis.IDKickMap
# Termination_kicks [T2m2]: +0.0000e+00 +0.0000e+00 +0.0000e+00 +0.0000e+00 
# Total Length of Longitudinal Interval [m]
0.13
# Number of Horizontal Points
61
# Number of Vertical Points
9
# Total Horizontal 2nd Order Kick [T2m2]
START
            -0000.01000 -0000.00967 -0000.00933 -0000.00900 -0000.00867 -0000.00833 -0000.00800 -0000.00767 -0000.00733 -0000.00700 -0000.00667 -0000.00633 -0000.00600 -0000.00567 -0000.00533 -0000.00500 -0000.00467 -0000.00433 -0000.00400 -0000.00367 -0000.00333 -0000.00300 -0000.00267 -0000.00233 -0000.00200 -0000.00167 -0000.00133 -0000.00100 -0000.00067 -0000.00033 +0000.00000 +0000.00033 +0000.00067 +0000.00100 +0000.00133 +0000.00167 +0000.00200 +0000.00233 +0000.00267 +0000.00300 +0000.00333 +0000.00367 +0000.00400 +0000.00433 +0000.00467 +0000.00500 +0000.00533 +0000.00567 +0000.00600 +0000.00633 +0000.00667 +0000.00700 +0000.00733 +0000.00767 +0000.00800 +0000.00833 +0000.00867 +0000.00900 +0000.00933 +0000.00967 +0000.01000 
+0000.00200 -1.0562e-04 -1.0494e-04 -1.0431e-04 -1.0371e-04 -1.0315e-04 -1.0263e-04 -1.0213e-04 -1.0167e-04 -1.0123e-04 -1.0083e-04 -1.0045e-04 -1.0010e-04 -9.9768e-05 -9.9463e-05 -9.9181e-05 -9.8920e-05 -9.8680e-05 -9.8460e-05 -9.8259e-05 -9.8076e-05 -9.7911e-05 -9.7763e-05 -9.7631e-05 -9.7515e-05 -9.7415e-05 -9.7330e-05 -9.7260e-05 -9.7204e-05 -9.7163e-05 -9.7136e-05 -9.7123e-05 -9.7124e-05 -9.7139e-05 -9.7169e-05 -9.7213e-05 -9.7272e-05 -9.7345e-05 -9.7434e-05 -9.7538e-05 -9.7659e-05 -9.7795e-05 -9.7949e-05 -9.8121e-05 -9.8311e-05 -9.8520e-05 -9.8750e-05 -9.8999e-05 -9.9271e-05 -9.9565e-05 -9.9883e-05 -1.0023e-04 -1.0059e-04 -1.0099e-04 -1.0141e-04 -1.0187e-04 -1.0235e-04 -1.0287e-04 -1.0342e-04 -1.0401e-04 -1.0463e-04 -1.0530e-04 
+0000.00150 -1.0505e-04 -1.0442e-04 -1.0382e-04 -1.0325e-04 -1.0271e-04 -1.0219e-04 -1.0171e-04 -1.0125e-04 -1.0081e-04 -1.0040e-04 -1.0002e-04 -9.9657e-05 -9.9318e-05 -9.9000e-05 -9.8703e-05 -9.8427e-05 -9.8171e-05 -9.7935e-05 -9.7718e-05 -9.7519e-05 -9.7338e-05 -9.7176e-05 -9.7031e-05 -9.6903e-05 -9.6792e-05 -9.6697e-05 -9.6620e-05 -9.6558e-05 -9.6513e-05 -9.6484e-05 -9.6471e-05 -9.6474e-05 -9.6493e-05 -9.6528e-05 -9.6580e-05 -9.6648e-05 -9.6732e-05 -9.6833e-05 -9.6951e-05 -9.7086e-05 -9.7238e-05 -9.7408e-05 -9.7597e-05 -9.7804e-05 -9.8030e-05 -9.8276e-05 -9.8541e-05 -9.8827e-05 -9.9134e-05 -9.9463e-05 -9.9814e-05 -1.0019e-04 -1.0059e-04 -1.0101e-04 -1.0146e-04 -1.0193e-04 -1.0243e-04 -1.0296e-04 -1.0352e-04 -1.0411e-04 -1.0473e-04 
+0000.00100 -1.0517e-04 -1.0455e-04 -1.0397e-04 -1.0341e-04 -1.0288e-04 -1.0237e-04 -1.0189e-04 -1.0144e-04 -1.0100e-04 -1.0059e-04 -1.0020e-04 -9.9837e-05 -9.9493e-05 -9.9169e-05 -9.8866e-05 -9.8583e-05 -9.8320e-05 -9.8076e-05 -9.7851e-05 -9.7645e-05 -9.7458e-05 -9.7288e-05 -9.7137e-05 -9.7004e-05 -9.6888e-05 -9.6789e-05 -9.6708e-05 -9.6644e-05 -9.6597e-05 -9.6567e-05 -9.6554e-05 -9.6558e-05 -9.6578e-05 -9.6616e-05 -9.6671e-05 -9.6743e-05 -9.6832e-05 -9.6939e-05 -9.7063e-05 -9.7205e-05 -9.7364e-05 -9.7542e-05 -9.7738e-05 -9.7953e-05 -9.8187e-05 -9.8440e-05 -9.8713e-05 -9.9005e-05 -9.9318e-05 -9.9652e-05 -1.0001e-04 -1.0038e-04 -1.0078e-04 -1.0121e-04 -1.0165e-04 -1.0212e-04 -1.0261e-04 -1.0313e-04 -1.0368e-04 -1.0425e-04 -1.0485e-04 
+0000.00050 -1.0524e-04 -1.0464e-04 -1.0406e-04 -1.0351e-04 -1.0298e-04 -1.0248e-04 -1.0200e-04 -1.0154e-04 -1.0111e-04 -1.0070e-04 -1.0031e-04 -9.9938e-05 -9.9591e-05 -9.9265e-05 -9.8958e-05 -9.8672e-05 -9.8406e-05 -9.8159e-05 -9.7931e-05 -9.7721e-05 -9.7531e-05 -9.7359e-05 -9.7205e-05 -9.7069e-05 -9.6951e-05 -9.6850e-05 -9.6767e-05 -9.6702e-05 -9.6654e-05 -9.6624e-05 -9.6611e-05 -9.6615e-05 -9.6637e-05 -9.6676e-05 -9.6732e-05 -9.6806e-05 -9.6897e-05 -9.7006e-05 -9.7133e-05 -9.7278e-05 -9.7441e-05 -9.7622e-05 -9.7822e-05 -9.8040e-05 -9.8277e-05 -9.8534e-05 -9.8810e-05 -9.9105e-05 -9.9421e-05 -9.9758e-05 -1.0011e-04 -1.0049e-04 -1.0089e-04 -1.0132e-04 -1.0176e-04 -1.0223e-04 -1.0272e-04 -1.0323e-04 -1.0377e-04 -1.0434e-04 -1.0493e-04 
+0000.00000 -1.0527e-04 -1.0467e-04 -1.0409e-04 -1.0354e-04 -1.0301e-04 -1.0251e-04 -1.0203e-04 -1.0157e-04 -1.0114e-04 -1.0073e-04 -1.0034e-04 -9.9970e-05 -9.9622e-05 -9.9295e-05 -9.8988e-05 -9.8701e-05 -9.8434e-05 -9.8186e-05 -9.7957e-05 -9.7747e-05 -9.7555e-05 -9.7382e-05 -9.7227e-05 -9.7091e-05 -9.6972e-05 -9.6871e-05 -9.6788e-05 -9.6723e-05 -9.6675e-05 -9.6644e-05 -9.6631e-05 -9.6635e-05 -9.6657e-05 -9.6696e-05 -9.6753e-05 -9.6828e-05 -9.6920e-05 -9.7029e-05 -9.7157e-05 -9.7303e-05 -9.7467e-05 -9.7649e-05 -9.7849e-05 -9.8069e-05 -9.8307e-05 -9.8564e-05 -9.8841e-05 -9.9138e-05 -9.9455e-05 -9.9792e-05 -1.0015e-04 -1.0053e-04 -1.0093e-04 -1.0135e-04 -1.0180e-04 -1.0226e-04 -1.0275e-04 -1.0327e-04 -1.0380e-04 -1.0437e-04 -1.0496e-04 
-0000.00050 -1.0524e-04 -1.0464e-04 -1.0406e-04 -1.0351e-04 -1.0298e-04 -1.0248e-04 -1.0200e-04 -1.0154e-04 -1.0111e-04 -1.0069e-04 -1.0030e-04 -9.9937e-05 -9.9590e-05 -9.9263e-05 -9.8957e-05 -9.8671e-05 -9.8405e-05 -9.8157e-05 -9.7930e-05 -9.7720e-05 -9.7530e-05 -9.7358e-05 -9.7204e-05 -9.7068e-05 -9.6950e-05 -9.6850e-05 -9.6767e-05 -9.6702e-05 -9.6654e-05 -9.6624e-05 -9.6611e-05 -9.6615e-05 -9.6637e-05 -9.6676e-05 -9.6732e-05 -9.6806e-05 -9.6898e-05 -9.7007e-05 -9.7134e-05 -9.7279e-05 -9.7441e-05 -9.7623e-05 -9.7822e-05 -9.8041e-05 -9.8278e-05 -9.8534e-05 -9.8810e-05 -9.9106e-05 -9.9422e-05 -9.9759e-05 -1.0012e-04 -1.0049e-04 -1.0089e-04 -1.0132e-04 -1.0176e-04 -1.0223e-04 -1.0272e-04 -1.0323e-04 -1.0377e-04 -1.0434e-04 -1.0493e-04 
-0000.00100 -1.0517e-04 -1.0455e-04 -1.0397e-04 -1.0341e-04 -1.0288e-04 -1.0237e-04 -1.0189e-04 -1.0144e-04 -1.0100e-04 -1.0059e-04 -1.0020e-04 -9.9837e-05 -9.9492e-05 -9.9169e-05 -9.8865e-05 -9.8582e-05 -9.8319e-05 -9.8075e-05 -9.7850e-05 -9.7644e-05 -9.7457e-05 -9.7288e-05 -9.7136e-05 -9.7003e-05 -9.6887e-05 -9.6788e-05 -9.6707e-05 -9.6643e-05 -9.6596e-05 -9.6566e-05 -9.6553e-05 -9.6557e-05 -9.6578e-05 -9.6616e-05 -9.6671e-05 -9.6743e-05 -9.6832e-05 -9.6939e-05 -9.7063e-05 -9.7205e-05 -9.7365e-05 -9.7543e-05 -9.7739e-05 -9.7954e-05 -9.8188e-05 -9.8441e-05 -9.8714e-05 -9.9007e-05 -9.9320e-05 -9.9654e-05 -1.0001e-04 -1.0039e-04 -1.0079e-04 -1.0121e-04 -1.0165e-04 -1.0212e-04 -1.0262e-04 -1.0314e-04 -1.0368e-04 -1.0425e-04 -1.0485e-04 
-0000.00150 -1.0505e-04 -1.0441e-04 -1.0381e-04 -1.0325e-04 -1.0270e-04 -1.0219e-04 -1.0171e-04 -1.0125e-04 -1.0081e-04 -1.0040e-04 -1.0002e-04 -9.9656e-05 -9.9316e-05 -9.8998e-05 -9.8702e-05 -9.8426e-05 -9.8170e-05 -9.7934e-05 -9.7716e-05 -9.7518e-05 -9.7337e-05 -9.7175e-05 -9.7030e-05 -9.6902e-05 -9.6791e-05 -9.6697e-05 -9.6619e-05 -9.6558e-05 -9.6513e-05 -9.6484e-05 -9.6471e-05 -9.6474e-05 -9.6493e-05 -9.6529e-05 -9.6580e-05 -9.6648e-05 -9.6732e-05 -9.6833e-05 -9.6951e-05 -9.7086e-05 -9.7239e-05 -9.7409e-05 -9.7598e-05 -9.7805e-05 -9.8031e-05 -9.8277e-05 -9.8542e-05 -9.8828e-05 -9.9136e-05 -9.9465e-05 -9.9816e-05 -1.0019e-04 -1.0059e-04 -1.0101e-04 -1.0146e-04 -1.0193e-04 -1.0243e-04 -1.0296e-04 -1.0352e-04 -1.0411e-04 -1.0473e-04 
-0000.00200 -1.0562e-04 -1.0494e-04 -1.0431e-04 -1.0371e-04 -1.0315e-04 -1.0263e-04 -1.0213e-04 -1.0167e-04 -1.0123e-04 -1.0083e-04 -1.0045e-04 -1.0009e-04 -9.9765e-05 -9.9461e-05 -9.9178e-05 -9.8918e-05 -9.8678e-05 -9.8458e-05 -9.8257e-05 -9.8074e-05 -9.7909e-05 -9.7761e-05 -9.7630e-05 -9.7514e-05 -9.7414e-05 -9.7329e-05 -9.7259e-05 -9.7204e-05 -9.7163e-05 -9.7136e-05 -9.7123e-05 -9.7124e-05 -9.7140e-05 -9.7170e-05 -9.7214e-05 -9.7273e-05 -9.7346e-05 -9.7435e-05 -9.7539e-05 -9.7660e-05 -9.7797e-05 -9.7950e-05 -9.8122e-05 -9.8312e-05 -9.8521e-05 -9.8750e-05 -9.9000e-05 -9.9272e-05 -9.9566e-05 -9.9884e-05 -1.0023e-04 -1.0059e-04 -1.0099e-04 -1.0141e-04 -1.0187e-04 -1.0235e-04 -1.0287e-04 -1.0342e-04 -1.0401e-04 -1.0463e-04 -1.0530e-04 
# Total Vertical 2nd Order Kick [T2m2]
START
            -0000.01000 -0000.00967 -0000.00933 -0000.00900 -0000.00867 -0000.00833 -0000.00800 -0000.00767 -0000.00733 -0000.00700 -0000.00667 -0000.00633 -0000.00600 -0000.00567 -0000.00533 -0000.00500 -0000.00467 -0000.00433 -0000.00400 -0000.00367 -0000.00333 -0000.00300 -0000.00267 -0000.00233 -0000.00200 -0000.00167 -0000.00133 -0000.00100 -0000.00067 -0000.00033 +0000.00000 +0000.00033 +0000.00067 +0000.00100 +0000.00133 +0000.00167 +0000.00200 +0000.00233 +0000.00267 +0000.00300 +0000.00333 +0000.00367 +0000.00400 +0000.00433 +0000.00467 +0000.00500 +0000.00533 +0000.00567 +0000.00600 +0000.00633 +0000.00667 +0000.00700 +0000.00733 +0000.00767 +0000.00800 +0000.00833 +0000.00867 +0000.00900 +0000.00933 +0000.00967 +0000.01000 
+0000.00200 -1.0562e-04 -1.0494e-04 -1.0431e-04 -1.0371e-04 -1.0315e-04 -1.0263e-04 -1.0213e-04 -1.0167e-04 -1.0123e-04 -1.0083e-04 -1.0045e-04 -1.0010e-04 -9.9768e-05 -9.9463e-05 -9.9181e-05 -9.8920e-05 -9.8680e-05 -9.8460e-05 -9.8259e-05 -9.8076e-05 -9.7911e-05 -9.7763e-05 -9.7631e-05 -9.7515e-05 -9.7415e-05 -9.7330e-05 -9.7260e-05 -9.7204e-05 -9.7163e-05 -9.7136e-05 -9.7123e-05 -9.7124e-05 -9.7139e-05 -9.7169e-05 -9.7213e-05 -9.7272e-05 -9.7345e-05 -9.7434e-05 -9.7538e-05 -9.7659e-05 -9.7795e-05 -9.7949e-05 -9.8121e-05 -9.8311e-05 -9.8520e-05 -9.8750e-05 -9.8999e-05 -9.9271e-05 -9.9565e-05 -9.9883e-05 -1.0023e-04 -1.0059e-04 -1.0099e-04 -1.0141e-04 -1.0187e-04 -1.0235e-04 -1.0287e-04 -1.0342e-04 -1.0401e-04 -1.0463e-04 -1.0530e-04 
+0000.00150 -1.0562e-04 -1.0494e-04 -1.0431e-04 -1.0371e-04 -1.0315e-04 -1.0263e-04 -1.0213e-04 -1.0167e-04 -1.0123e-04 -1.0083e-04 -1.0045e-04 -1.0010e-04 -9.9768e-05 -9.9463e-05 -9.9181e-05 -9.8920e-05 -9.8680e-05 -9.8460e-05 -9.8259e-05 -9.8076e-05 -9.7911e-05 -9.7763e-05 -9.7631e-05 -9.7515e-05 -9.7415e-05 -9.7330e-05 -9.7260e-05 -9.7204e-05 -9.7163e-05 -9.7136e-05 -9.7123e-05 -9.7124e-05 -9.7139e-05 -9.7169e-05 -9.7213e-05 -9.7272e-05 -9.7345e-05 -9.7434e-05 -9.7538e-05 -9.7659e-05 -9.7795e-05 -9.7949e-05 -9.8121e-05 -9.8311e-05 -9.8520e-05 -9.8750e-05 -9.8999e-05 -9.9271e-05 -9.9565e-05 -9.9883e-05 -1.0023e-04 -1.0059e-04 -1.0099e-04 -1.0141e-04 -1.0187e-04 -1.0235e-04 -1.0287e-04 -1.0342e-04 -1.0401e-04 -1.0463e-04 -1.0530e-04 
+0000.00100 -1.0562e-04 -1.0494e-04 -1.0431e-04 -1.0371e-04 -1.0315e-04 -1.0263e-04 -1.0213e-04 -1.0167e-04 -1.0123e-04 -1.0083e-04 -1.0045e-04 -1.0010e-04 -9.9768e-05 -9.9463e-05 -9.9181e-05 -9.8920e-05 -9.8680e-05 -9.8460e-05 -9.8259e-05 -9.8076e-05 -9.7911e-05 -9.7763e-05 -9.7631e-05 -9.7515e-05 -9.7415e-05 -9.7330e-05 -9.7260e-05 -9.7204e-05 -9.7163e-05 -9.7136e-05 -9.7123e-05 -9.7124e-05 -9.7139e-05 -9.7169e-05 -9.7213e-05 -9.7272e-05 -9.7345e-05 -9.7434e-05 -9.7538e-05 -9.7659e-05 -9.7795e-05 -9.7949e-05 -9.8121e-05 -9.8311e-05 -9.8520e-05 -9.8750e-05 -9.8999e-05 -9.9271e-05 -9.9565e-05 -9.9883e-05 -1.0023e-04 -1.0059e-04 -1.0099e-04 -1.0141e-04 -1.0187e-04 -1.0235e-04 -1.0287e-04 -1.0342e-04 -1.0401e-04 -1.0463e-04 -1.0530e-04 
+0000.00050 -1.0562e-04 -1.0494e-04 -1.0431e-04 -1.0371e-04 -1.0315e-04 -1.0263e-04 -1.0213e-04 -1.0167e-04 -1.0123e-04 -1.0083e-04 -1.0045e-04 -1.0010e-04 -9.9768e-05 -9.9463e-05 -9.9181e-05 -9.8920e-05 -9.8680e-05 -9.8460e-05 -9.8259e-05 -9.8076e-05 -9.7911e-05 -9.7763e-05 -9.7631e-05 -9.7515e-05 -9.7415e-05 -9.7330e-05 -9.7260e-05 -9.7204e-05 -9.7163e-05 -9.7136e-05 -9.7123e-05 -9.7124e-05 -9.7139e-05 -9.7169e-05 -9.7213e-05 -9.7272e-05 -9.7345e-05 -9.7434e-05 -9.7538e-05 -9.7659e-05 -9.7795e-05 -9.7949e-05 -9.8121e-05 -9.8311e-05 -9.8520e-05 -9.8750e-05 -9.8999e-05 -9.9271e-05 -9.9565e-05 -9.9883e-05 -1.0023e-04 -1.0059e-04 -1.0099e-04 -1.0141e-04 -1.0187e-04 -1.0235e-04 -1.0287e-04 -1.0342e-04 -1.0401e-04 -1.0463e-04 -1.0530e-04 
+0000.00000 -1.0562e-04 -1.0494e-04 -1.0431e-04 -1.0371e-04 -1.0315e-04 -1.0263e-04 -1.0213e-04 -1.0167e-04 -1.0123e-04 -1.0083e-04 -1.0045e-04 -1.0010e-04 -9.9768e-05 -9.9463e-05 -9.9181e-05 -9.8920e-05 -9.8680e-05 -9.8460e-05 -9.8259e-05 -9.8076e-05 -9.7911e-05 -9.7763e-05 -9.7631e-05 -9.7515e-05 -9.7415e-05 -9.7330e-05 -9.7260e-05 -9.7204e-05 -9.7163e-05 -9.7136e-05 -9.7123e-05 -9.7124e-05 -9.7139e-05 -9.7169e-05 -9.7213e-05 -9.7272e-05 -9.7345e-05 -9.7434e-05 -9.7538e-05 -9.7659e-05 -9.7795e-05 -9.7949e-05 -9.8121e-05 -9.8311e-05 -9.8520e-05 -9.8750e-05 -9.8999e-05 -9.9271e-05 -9.9565e-05 -9.9883e-05 -1.0023e-04 -1.0059e-04 -1.0099e-04 -1.0141e-04 -1.0187e-04 -1.0235e-04 -1.0287e-04 -1.0342e-04 -1.0401e-04 -1.0463e-04 -1.0530e-04 
-0000.00050 -1.0562e-04 -1.0494e-04 -1.0431e-04 -1.0371e-04 -1.0315e-04 -1.0263e-04 -1.0213e-04 -1.0167e-04 -1.0123e-04 -1.0083e-04 -1.0045e-04 -1.0010e-04 -9.9768e-05 -9.9463e-05 -9.9181e-05 -9.8920e-05 -9.8680e-05 -9.8460e-05 -9.8259e-05 -9.8076e-05 -9.7911e-05 -9.7763e-05 -9.7631e-05 -9.7515e-05 -9.7415e-05 -9.7330e-05 -9.7260e-05 -9.7204e-05 -9.7163e-05 -9.7136e-05 -9.7123e-05 -9.7124e-05 -9.7139e-05 -9.7169e-05 -9.7213e-05 -9.7272e-05 -9.7345e-05 -9.7434e-05 -9.7538e-05 -9.7659e-05 -9.7795e-05 -9.7949e-05 -9.8121e-05 -9.8311e-05 -9.8520e-05 -9.8750e-05 -9.8999e-05 -9.9271e-05 -9.9565e-05 -9.9883e-05 -1.0023e-04 -1.0059e-04 -1.0099e-04 -1.0141e-04 -1.0187e-04 -1.0235e-04 -1.0287e-04 -1.0342e-04 -1.0401e-04 -1.0463e-04 -1.0530e-04 
-0000.00100 -1.0562e-04 -1.0494e-04 -1.0431e-04 -1.0371e-04 -1.0315e-04 -1.0263e-04 -1.0213e-04 -1.0167e-04 -1.0123e-04 -1.0083e-04 -1.0045e-04 -1.0010e-04 -9.9768e-05 -9.9463e-05 -9.9181e-05 -9.8920e-05 -9.8680e-05 -9.8460e-05 -9.8259e-05 -9.8076e-05 -9.7911e-05 -9.7763e-05 -9.7631e-05 -9.7515e-05 -9.7415e-05 -9.7330e-05 -9.7260e-05 -9.7204e-05 -9.7163e-05 -9.7136e-05 -9.7123e-05 -9.7124e-05 -9.7139e-05 -9.7169e-05 -9.7213e-05 -9.7272e-05 -9.7345e-05 -9.7434e-05 -9.7538e-05 -9.7659e-05 -9.7795e-05 -9.7949e-05 -9.8121e-05 -9.8311e-05 -9.8520e-05 -9.8750e-05 -9.8999e-05 -9.9271e-05 -9.9565e-05 -9.9883e-05 -1.0023e-04 -1.0059e-04 -1.0099e-04 -1.0141e-04 -1.0187e-04 -1.0235e-04 -1.0287e-04 -1.0342e-04 -1.0401e-04 -1.0463e-04 -1.0530e-04 
-0000.00150 -1.0562e-04 -1.0494e-04 -1.0431e-04 -1.0371e-04 -1.0315e-04 -1.0263e-04 -1.0213e-04 -1.0167e-04 -1.0123e-04 -1.0083e-04 -1.0045e-04 -1.0010e-04 -9.9768e-05 -9.9463e-05 -9.9181e-05 -9.8920e-05 -9.8680e-05 -9.8460e-05 -9.8259e-05 -9.8076e-05 -9.7911e-05 -9.7763e-05 -9.7631e-05 -9.7515e-05 -9.7415e-05 -9.7330e-05 -9.7260e-05 -9.7204e-05 -9.7163e-05 -9.7136e-05 -9.7123e-05 -9.7124e-05 -9.7139e-05 -9.7169e-05 -9.7213e-05 -9.7272e-05 -9.7345e-05 -9.7434e-05 -9.7538e-05 -9.7659e-05 -9.7795e-05 -9.7949e-05 -9.8121e-05 -9.8311e-05 -9.8520e-05 -9.8750e-05 -9.8999e-05 -9.9271e-05 -9.9565e-05 -9.9883e-05 -1.0023e-04 -1.0059e-04 -1.0099e-04 -1.0141e-04 -1.0187e-04 -1.0235e-04 -1.0287e-04 -1.0342e-04 -1.0401e-04 -1.0463e-04 -1.0530e-04 
-0000.00200 -1.0562e-04 -1.0494e-04 -1.0431e-04 -1.0371e-04 -1.0315e-04 -1.0263e-04 -1.0213e-04 -1.0167e-04 -1.0123e-04 -1.0083e-04 -1.0045e-04 -1.0010e-04 -9.9768e-05 -9.9463e-05 -9.9181e-05 -9.8920e-05 -9.8680e-05 -9.8460e-05 -9.8259e-05 -9.8076e-05 -9.7911e-05 -9.7763e-05 -9.7631e-05 -9.7515e-05 -9.7415e-05 -9.7330e-05 -9.7260e-05 -9.7204e-05 -9.7163e-05 -9.7136e-05 -9.7123e-05 -9.7124e-05 -9.7139e-05 -9.7169e-05 -9.7213e-05 -9.7272e-05 -9.7345e-05 -9.7434e-05 -9.7538e-05 -9.7659e-05 -9.7795e-05 -9.7949e-05 -9.8121e-05 -9.8311e-05 -9.8520e-05 -9.8750e-05 -9.8999e-05 -9.9271e-05 -9.9565e-05 -9.9883e-05 -1.0023e-04 -1.0059e-04 -1.0099e-04 -1.0141e-04 -1.0187e-04 -1.0235e-04 -1.0287e-04 -1.0342e-04 -1.0401e-04 -1.0463e-04 -1.0530e-04 
# Horizontal Final Position [m]
START
            -0000.01000 -0000.00967 -0000.00933 -0000.00900 -0000.00867 -0000.00833 -0000.00800 -0000.00767 -0000.00733 -0000.00700 -0000.00667 -0000.00633 -0000.00600 -0000.00567 -0000.00533 -0000.00500 -0000.00467 -0000.00433 -0000.00400 -0000.00367 -0000.00333 -0000.00300 -0000.00267 -0000.00233 -0000.00200 -0000.00167 -0000.00133 -0000.00100 -0000.00067 -0000.00033 +0000.00000 +0000.00033 +0000.00067 +0000.00100 +0000.00133 +0000.00167 +0000.00200 +0000.00233 +0000.00267 +0000.00300 +0000.00333 +0000.00367 +0000.00400 +0000.00433 +0000.00467 +0000.00500 +0000.00533 +0000.00567 +0000.00600 +0000.00633 +0000.00667 +0000.00700 +0000.00733 +0000.00767 +0000.00800 +0000.00833 +0000.00867 +0000.00900 +0000.00933 +0000.00967 +0000.01000 
+0000.00200 -1.0001e-02 -9.6676e-03 -9.3342e-03 -9.0009e-03 -8.6676e-03 -8.3342e-03 -8.0009e-03 -7.6676e-03 -7.3342e-03 -7.0009e-03 -6.6676e-03 -6.3343e-03 -6.0009e-03 -5.6676e-03 -5.3343e-03 -5.0010e-03 -4.6676e-03 -4.3343e-03 -4.0010e-03 -3.6677e-03 -3.3343e-03 -3.0010e-03 -2.6677e-03 -2.3343e-03 -2.0010e-03 -1.6677e-03 -1.3344e-03 -1.0010e-03 -6.6770e-04 -3.3436e-04 -1.0299e-06 +3.3230e-04 +6.6564e-04 +9.9897e-04 +1.3323e-03 +1.6656e-03 +1.9990e-03 +2.3323e-03 +2.6657e-03 +2.9990e-03 +3.3323e-03 +3.6657e-03 +3.9990e-03 +4.3324e-03 +4.6657e-03 +4.9991e-03 +5.3324e-03 +5.6657e-03 +5.9991e-03 +6.3324e-03 +6.6658e-03 +6.9991e-03 +7.3324e-03 +7.6658e-03 +7.9991e-03 +8.3324e-03 +8.6658e-03 +8.9991e-03 +9.3324e-03 +9.6658e-03 +9.9991e-03 
+0000.00150 -1.0001e-02 -9.6676e-03 -9.3343e-03 -9.0009e-03 -8.6676e-03 -8.3343e-03 -8.0009e-03 -7.6676e-03 -7.3343e-03 -7.0009e-03 -6.6676e-03 -6.3343e-03 -6.0010e-03 -5.6676e-03 -5.3343e-03 -5.0010e-03 -4.6676e-03 -4.3343e-03 -4.0010e-03 -3.6677e-03 -3.3343e-03 -3.0010e-03 -2.6677e-03 -2.3343e-03 -2.0010e-03 -1.6677e-03 -1.3344e-03 -1.0010e-03 -6.6769e-04 -3.3436e-04 -1.0250e-06 +3.3231e-04 +6.6564e-04 +9.9898e-04 +1.3323e-03 +1.6657e-03 +1.9990e-03 +2.3323e-03 +2.6657e-03 +2.9990e-03 +3.3323e-03 +3.6657e-03 +3.9990e-03 +4.3324e-03 +4.6657e-03 +4.9990e-03 +5.3324e-03 +5.6657e-03 +5.9991e-03 +6.3324e-03 +6.6657e-03 +6.9991e-03 +7.3324e-03 +7.6658e-03 +7.9991e-03 +8.3324e-03 +8.6658e-03 +8.9991e-03 +9.3324e-03 +9.6658e-03 +9.9991e-03 
+0000.00100 -1.0001e-02 -9.6676e-03 -9.3343e-03 -9.0009e-03 -8.6676e-03 -8.3343e-03 -8.0009e-03 -7.6676e-03 -7.3343e-03 -7.0009e-03 -6.6676e-03 -6.3343e-03 -6.0010e-03 -5.6676e-03 -5.3343e-03 -5.0010e-03 -4.6676e-03 -4.3343e-03 -4.0010e-03 -3.6677e-03 -3.3343e-03 -3.0010e-03 -2.6677e-03 -2.3343e-03 -2.0010e-03 -1.6677e-03 -1.3344e-03 -1.0010e-03 -6.6769e-04 -3.3436e-04 -1.0259e-06 +3.3231e-04 +6.6564e-04 +9.9898e-04 +1.3323e-03 +1.6657e-03 +1.9990e-03 +2.3323e-03 +2.6657e-03 +2.9990e-03 +3.3323e-03 +3.6657e-03 +3.9990e-03 +4.3324e-03 +4.6657e-03 +4.9990e-03 +5.3324e-03 +5.6657e-03 +5.9991e-03 +6.3324e-03 +6.6657e-03 +6.9991e-03 +7.3324e-03 +7.6658e-03 +7.9991e-03 +8.3324e-03 +8.6658e-03 +8.9991e-03 +9.3324e-03 +9.6658e-03 +9.9991e-03 
+0000.00050 -1.0001e-02 -9.6676e-03 -9.3343e-03 -9.0009e-03 -8.6676e-03 -8.3343e-03 -8.0009e-03 -7.6676e-03 -7.3343e-03 -7.0009e-03 -6.6676e-03 -6.3343e-03 -6.0010e-03 -5.6676e-03 -5.3343e-03 -5.0010e-03 -4.6676e-03 -4.3343e-03 -4.0010e-03 -3.6677e-03 -3.3343e-03 -3.0010e-03 -2.6677e-03 -2.3343e-03 -2.0010e-03 -1.6677e-03 -1.3344e-03 -1.0010e-03 -6.6769e-04 -3.3436e-04 -1.0263e-06 +3.3231e-04 +6.6564e-04 +9.9898e-04 +1.3323e-03 +1.6656e-03 +1.9990e-03 +2.3323e-03 +2.6657e-03 +2.9990e-03 +3.3323e-03 +3.6657e-03 +3.9990e-03 +4.3324e-03 +4.6657e-03 +4.9990e-03 +5.3324e-03 +5.6657e-03 +5.9991e-03 +6.3324e-03 +6.6657e-03 +6.9991e-03 +7.3324e-03 +7.6658e-03 +7.9991e-03 +8.3324e-03 +8.6658e-03 +8.9991e-03 +9.3324e-03 +9.6658e-03 +9.9991e-03 
+0000.00000 -1.0001e-02 -9.6676e-03 -9.3343e-03 -9.0009e-03 -8.6676e-03 -8.3343e-03 -8.0009e-03 -7.6676e-03 -7.3343e-03 -7.0009e-03 -6.6676e-03 -6.3343e-03 -6.0010e-03 -5.6676e-03 -5.3343e-03 -5.0010e-03 -4.6676e-03 -4.3343e-03 -4.0010e-03 -3.6677e-03 -3.3343e-03 -3.0010e-03 -2.6677e-03 -2.3343e-03 -2.0010e-03 -1.6677e-03 -1.3344e-03 -1.0010e-03 -6.6769e-04 -3.3436e-04 -1.0264e-06 +3.3231e-04 +6.6564e-04 +9.9898e-04 +1.3323e-03 +1.6656e-03 +1.9990e-03 +2.3323e-03 +2.6657e-03 +2.9990e-03 +3.3323e-03 +3.6657e-03 +3.9990e-03 +4.3324e-03 +4.6657e-03 +4.9990e-03 +5.3324e-03 +5.6657e-03 +5.9991e-03 +6.3324e-03 +6.6657e-03 +6.9991e-03 +7.3324e-03 +7.6658e-03 +7.9991e-03 +8.3324e-03 +8.6658e-03 +8.9991e-03 +9.3324e-03 +9.6658e-03 +9.9991e-03 
-0000.00050 -1.0001e-02 -9.6676e-03 -9.3343e-03 -9.0009e-03 -8.6676e-03 -8.3343e-03 -8.0009e-03 -7.6676e-03 -7.3343e-03 -7.0009e-03 -6.6676e-03 -6.3343e-03 -6.0010e-03 -5.6676e-03 -5.3343e-03 -5.0010e-03 -4.6676e-03 -4.3343e-03 -4.0010e-03 -3.6677e-03 -3.3343e-03 -3.0010e-03 -2.6677e-03 -2.3343e-03 -2.0010e-03 -1.6677e-03 -1.3344e-03 -1.0010e-03 -6.6769e-04 -3.3436e-04 -1.0263e-06 +3.3231e-04 +6.6564e-04 +9.9898e-04 +1.3323e-03 +1.6656e-03 +1.9990e-03 +2.3323e-03 +2.6657e-03 +2.9990e-03 +3.3323e-03 +3.6657e-03 +3.9990e-03 +4.3324e-03 +4.6657e-03 +4.9990e-03 +5.3324e-03 +5.6657e-03 +5.9991e-03 +6.3324e-03 +6.6657e-03 +6.9991e-03 +7.3324e-03 +7.6658e-03 +7.9991e-03 +8.3324e-03 +8.6658e-03 +8.9991e-03 +9.3324e-03 +9.6658e-03 +9.9991e-03 
-0000.00100 -1.0001e-02 -9.6676e-03 -9.3343e-03 -9.0009e-03 -8.6676e-03 -8.3343e-03 -8.0009e-03 -7.6676e-03 -7.3343e-03 -7.0009e-03 -6.6676e-03 -6.3343e-03 -6.0010e-03 -5.6676e-03 -5.3343e-03 -5.0010e-03 -4.6676e-03 -4.3343e-03 -4.0010e-03 -3.6677e-03 -3.3343e-03 -3.0010e-03 -2.6677e-03 -2.3343e-03 -2.0010e-03 -1.6677e-03 -1.3344e-03 -1.0010e-03 -6.6769e-04 -3.3436e-04 -1.0259e-06 +3.3231e-04 +6.6564e-04 +9.9898e-04 +1.3323e-03 +1.6657e-03 +1.9990e-03 +2.3323e-03 +2.6657e-03 +2.9990e-03 +3.3323e-03 +3.6657e-03 +3.9990e-03 +4.3324e-03 +4.6657e-03 +4.9990e-03 +5.3324e-03 +5.6657e-03 +5.9991e-03 +6.3324e-03 +6.6657e-03 +6.9991e-03 +7.3324e-03 +7.6658e-03 +7.9991e-03 +8.3324e-03 +8.6658e-03 +8.9991e-03 +9.3324e-03 +9.6658e-03 +9.9991e-03 
-0000.00150 -1.0001e-02 -9.6676e-03 -9.3343e-03 -9.0009e-03 -8.6676e-03 -8.3343e-03 -8.0009e-03 -7.6676e-03 -7.3343e-03 -7.0009e-03 -6.6676e-03 -6.3343e-03 -6.0010e-03 -5.6676e-03 -5.3343e-03 -5.0010e-03 -4.6676e-03 -4.3343e-03 -4.0010e-03 -3.6677e-03 -3.3343e-03 -3.0010e-03 -2.6677e-03 -2.3343e-03 -2.0010e-03 -1.6677e-03 -1.3344e-03 -1.0010e-03 -6.6769e-04 -3.3436e-04 -1.0250e-06 +3.3231e-04 +6.6564e-04 +9.9898e-04 +1.3323e-03 +1.6657e-03 +1.9990e-03 +2.3323e-03 +2.6657e-03 +2.9990e-03 +3.3323e-03 +3.6657e-03 +3.9990e-03 +4.3324e-03 +4.6657e-03 +4.9990e-03 +5.3324e-03 +5.6657e-03 +5.9991e-03 +6.3324e-03 +6.6657e-03 +6.9991e-03 +7.3324e-03 +7.6658e-03 +7.9991e-03 +8.3324e-03 +8.6658e-03 +8.9991e-03 +9.3324e-03 +9.6658e-03 +9.9991e-03 
-0000.00200 -1.0001e-02 -9.6676e-03 -9.3342e-03 -9.0009e-03 -8.6676e-03 -8.3342e-03 -8.0009e-03 -7.6676e-03 -7.3342e-03 -7.0009e-03 -6.6676e-03 -6.3343e-03 -6.0009e-03 -5.6676e-03 -5.3343e-03 -5.0010e-03 -4.6676e-03 -4.3343e-03 -4.0010e-03 -3.6677e-03 -3.3343e-03 -3.0010e-03 -2.6677e-03 -2.3343e-03 -2.0010e-03 -1.6677e-03 -1.3344e-03 -1.0010e-03 -6.6770e-04 -3.3436e-04 -1.0299e-06 +3.3230e-04 +6.6564e-04 +9.9897e-04 +1.3323e-03 +1.6656e-03 +1.9990e-03 +2.3323e-03 +2.6657e-03 +2.9990e-03 +3.3323e-03 +3.6657e-03 +3.9990e-03 +4.3324e-03 +4.6657e-03 +4.9991e-03 +5.3324e-03 +5.6657e-03 +5.9991e-03 +6.3324e-03 +6.6658e-03 +6.9991e-03 +7.3324e-03 +7.6658e-03 +7.9991e-03 +8.3324e-03 +8.6658e-03 +8.9991e-03 +9.3324e-03 +9.6658e-03 +9.9991e-03 
# Vertical Final Position [m]
START
            -0000.01000 -0000.00967 -0000.00933 -0000.00900 -0000.00867 -0000.00833 -0000.00800 -0000.00767 -0000.00733 -0000.00700 -0000.00667 -0000.00633 -0000.00600 -0000.00567 -0000.00533 -0000.00500 -0000.00467 -0000.00433 -0000.00400 -0000.00367 -0000.00333 -0000.00300 -0000.00267 -0000.00233 -0000.00200 -0000.00167 -0000.00133 -0000.00100 -0000.00067 -0000.00033 +0000.00000 +0000.00033 +0000.00067 +0000.00100 +0000.00133 +0000.00167 +0000.00200 +0000.00233 +0000.00267 +0000.00300 +0000.00333 +0000.00367 +0000.00400 +0000.00433 +0000.00467 +0000.00500 +0000.00533 +0000.00567 +0000.00600 +0000.00633 +0000.00667 +0000.00700 +0000.00733 +0000.00767 +0000.00800 +0000.00833 +0000.00867 +0000.00900 +0000.00933 +0000.00967 +0000.01000 
+0000.00200 +1.9999e-03 +1.9999e-03 +1.9999e-03 +1.9999e-03 +1.9999e-03 +1.9999e-03 +1.9999e-03 +1.9999e-03 +1.9999e-03 +1.9999e-03 +1.9999e-03 +1.9999e-03 +1.9999e-03 +1.9999e-03 +1.9999e-03 +1.9999e-03 +1.9999e-03 +1.9999e-03 +1.9999e-03 +1.9999e-03 +1.9999e-03 +1.9999e-03 +1.9999e-03 +1.9998e-03 +1.9998e-03 +1.9998e-03 +1.9998e-03 +1.9998e-03 +1.9998e-03 +1.9998e-03 +1.9998e-03 +1.9998e-03 +1.9998e-03 +1.9998e-03 +1.9998e-03 +1.9998e-03 +1.9998e-03 +1.9998e-03 +1.9998e-03 +1.9998e-03 +1.9998e-03 +1.9998e-03 +1.9998e-03 +1.9998e-03 +1.9998e-03 +1.9998e-03 +1.9998e-03 +1.9998e-03 +1.9998e-03 +1.9998e-03 +1.9998e-03 +1.9998e-03 +1.9998e-03 +1.9998e-03 +1.9998e-03 +1.9998e-03 +1.9998e-03 +1.9998e-03 +1.9998e-03 +1.9998e-03 +1.9998e-03 
+0000.00150 +1.5000e-03 +1.5000e-03 +1.5000e-03 +1.5000e-03 +1.5000e-03 +1.5000e-03 +1.4999e-03 +1.4999e-03 +1.4999e-03 +1.4999e-03 +1.4999e-03 +1.4999e-03 +1.4999e-03 +1.4999e-03 +1.4999e-03 +1.4999e-03 +1.4999e-03 +1.4999e-03 +1.4999e-03 +1.4999e-03 +1.4999e-03 +1.4999e-03 +1.4999e-03 +1.4999e-03 +1.4999e-03 +1.4999e-03 +1.4999e-03 +1.4999e-03 +1.4999e-03 +1.4999e-03 +1.4999e-03 +1.4999e-03 +1.4999e-03 +1.4999e-03 +1.4999e-03 +1.4999e-03 +1.4999e-03 +1.4999e-03 +1.4999e-03 +1.4999e-03 +1.4999e-03 +1.4999e-03 +1.4999e-03 +1.4999e-03 +1.4999e-03 +1.4999e-03 +1.4999e-03 +1.4999e-03 +1.4999e-03 +1.4999e-03 +1.4999e-03 +1.4999e-03 +1.4999e-03 +1.4999e-03 +1.4999e-03 +1.4998e-03 +1.4998e-03 +1.4998e-03 +1.4998e-03 +1.4998e-03 +1.4998e-03 
+0000.00100 +9.9998e-04 +9.9998e-04 +9.9997e-04 +9.9997e-04 +9.9997e-04 +9.9997e-04 +9.9997e-04 +9.9997e-04 +9.9997e-04 +9.9996e-04 +9.9996e-04 +9.9996e-04 +9.9996e-04 +9.9996e-04 +9.9996e-04 +9.9996e-04 +9.9995e-04 +9.9995e-04 +9.9995e-04 +9.9995e-04 +9.9995e-04 +9.9995e-04 +9.9995e-04 +9.9995e-04 +9.9994e-04 +9.9994e-04 +9.9994e-04 +9.9994e-04 +9.9994e-04 +9.9994e-04 +9.9994e-04 +9.9994e-04 +9.9993e-04 +9.9993e-04 +9.9993e-04 +9.9993e-04 +9.9993e-04 +9.9993e-04 +9.9993e-04 +9.9993e-04 +9.9993e-04 +9.9992e-04 +9.9992e-04 +9.9992e-04 +9.9992e-04 +9.9992e-04 +9.9992e-04 +9.9992e-04 +9.9991e-04 +9.9991e-04 +9.9991e-04 +9.9991e-04 +9.9991e-04 +9.9991e-04 +9.9991e-04 +9.9990e-04 +9.9990e-04 +9.9990e-04 +9.9990e-04 +9.9990e-04 +9.9990e-04 
+0000.00050 +4.9999e-04 +4.9999e-04 +4.9999e-04 +4.9999e-04 +4.9999e-04 +4.9999e-04 +4.9999e-04 +4.9999e-04 +4.9998e-04 +4.9998e-04 +4.9998e-04 +4.9998e-04 +4.9998e-04 +4.9998e-04 +4.9998e-04 +4.9998e-04 +4.9998e-04 +4.9998e-04 +4.9998e-04 +4.9998e-04 +4.9998e-04 +4.9998e-04 +4.9997e-04 +4.9997e-04 +4.9997e-04 +4.9997e-04 +4.9997e-04 +4.9997e-04 +4.9997e-04 +4.9997e-04 +4.9997e-04 +4.9997e-04 +4.9997e-04 +4.9997e-04 +4.9997e-04 +4.9997e-04 +4.9997e-04 +4.9997e-04 +4.9997e-04 +4.9996e-04 +4.9996e-04 +4.9996e-04 +4.9996e-04 +4.9996e-04 +4.9996e-04 +4.9996e-04 +4.9996e-04 +4.9996e-04 +4.9996e-04 +4.9996e-04 +4.9996e-04 +4.9996e-04 +4.9996e-04 +4.9995e-04 +4.9995e-04 +4.9995e-04 +4.9995e-04 +4.9995e-04 +4.9995e-04 +4.9995e-04 +4.9995e-04 
+0000.00000 -3.8062e-11 -3.8575e-11 -3.9069e-11 -3.9544e-11 -4.0000e-11 -4.0438e-11 -4.0857e-11 -4.1258e-11 -4.1641e-11 -4.2005e-11 -4.2352e-11 -4.2681e-11 -4.2992e-11 -4.3286e-11 -4.3562e-11 -4.3820e-11 -4.4062e-11 -4.4286e-11 -4.4494e-11 -4.4684e-11 -4.4857e-11 -4.5014e-11 -4.5154e-11 -4.5277e-11 -4.5384e-11 -4.5474e-11 -4.5547e-11 -4.5604e-11 -4.5645e-11 -4.5669e-11 -4.5676e-11 -4.5668e-11 -4.5643e-11 -4.5602e-11 -4.5545e-11 -4.5471e-11 -4.5381e-11 -4.5275e-11 -4.5152e-11 -4.5014e-11 -4.4858e-11 -4.4687e-11 -4.4499e-11 -4.4295e-11 -4.4075e-11 -4.3838e-11 -4.3584e-11 -4.3314e-11 -4.3028e-11 -4.2724e-11 -4.2404e-11 -4.2067e-11 -4.1714e-11 -4.1343e-11 -4.0955e-11 -4.0550e-11 -4.0128e-11 -3.9689e-11 -3.9232e-11 -3.8758e-11 -3.8266e-11 
-0000.00050 -4.9999e-04 -4.9999e-04 -4.9999e-04 -4.9999e-04 -4.9999e-04 -4.9999e-04 -4.9999e-04 -4.9999e-04 -4.9998e-04 -4.9998e-04 -4.9998e-04 -4.9998e-04 -4.9998e-04 -4.9998e-04 -4.9998e-04 -4.9998e-04 -4.9998e-04 -4.9998e-04 -4.9998e-04 -4.9998e-04 -4.9998e-04 -4.9998e-04 -4.9997e-04 -4.9997e-04 -4.9997e-04 -4.9997e-04 -4.9997e-04 -4.9997e-04 -4.9997e-04 -4.9997e-04 -4.9997e-04 -4.9997e-04 -4.9997e-04 -4.9997e-04 -4.9997e-04 -4.9997e-04 -4.9997e-04 -4.9997e-04 -4.9997e-04 -4.9996e-04 -4.9996e-04 -4.9996e-04 -4.9996e-04 -4.9996e-04 -4.9996e-04 -4.9996e-04 -4.9996e-04 -4.9996e-04 -4.9996e-04 -4.9996e-04 -4.9996e-04 -4.9996e-04 -4.9996e-04 -4.9995e-04 -4.9995e-04 -4.9995e-04 -4.9995e-04 -4.9995e-04 -4.9995e-04 -4.9995e-04 -4.9995e-04 
-0000.00100 -9.9998e-04 -9.9998e-04 -9.9997e-04 -9.9997e-04 -9.9997e-04 -9.9997e-04 -9.9997e-04 -9.9997e-04 -9.9997e-04 -9.9996e-04 -9.9996e-04 -9.9996e-04 -9.9996e-04 -9.9996e-04 -9.9996e-04 -9.9996e-04 -9.9995e-04 -9.9995e-04 -9.9995e-04 -9.9995e-04 -9.9995e-04 -9.9995e-04 -9.9995e-04 -9.9995e-04 -9.9994e-04 -9.9994e-04 -9.9994e-04 -9.9994e-04 -9.9994e-04 -9.9994e-04 -9.9994e-04 -9.9994e-04 -9.9993e-04 -9.9993e-04 -9.9993e-04 -9.9993e-04 -9.9993e-04 -9.9993e-04 -9.9993e-04 -9.9993e-04 -9.9993e-04 -9.9992e-04 -9.9992e-04 -9.9992e-04 -9.9992e-04 -9.9992e-04 -9.9992e-04 -9.9992e-04 -9.9991e-04 -9.9991e-04 -9.9991e-04 -9.9991e-04 -9.9991e-04 -9.9991e-04 -9.9991e-04 -9.9990e-04 -9.9990e-04 -9.9990e-04 -9.9990e-04 -9.9990e-04 -9.9990e-04 
-0000.00150 -1.5000e-03 -1.5000e-03 -1.5000e-03 -1.5000e-03 -1.5000e-03 -1.5000e-03 -1.4999e-03 -1.4999e-03 -1.4999e-03 -1.4999e-03 -1.4999e-03 -1.4999e-03 -1.4999e-03 -1.4999e-03 -1.4999e-03 -1.4999e-03 -1.4999e-03 -1.4999e-03 -1.4999e-03 -1.4999e-03 -1.4999e-03 -1.4999e-03 -1.4999e-03 -1.4999e-03 -1.4999e-03 -1.4999e-03 -1.4999e-03 -1.4999e-03 -1.4999e-03 -1.4999e-03 -1.4999e-03 -1.4999e-03 -1.4999e-03 -1.4999e-03 -1.4999e-03 -1.4999e-03 -1.4999e-03 -1.4999e-03 -1.4999e-03 -1.4999e-03 -1.4999e-03 -1.4999e-03 -1.4999e-03 -1.4999e-03 -1.4999e-03 -1.4999e-03 -1.4999e-03 -1.4999e-03 -1.4999e-03 -1.4999e-03 -1.4999e-03 -1.4999e-03 -1.4999e-03 -1.4999e-03 -1.4999e-03 -1.4998e-03 -1.4998e-03 -1.4998e-03 -1.4998e-03 -1.4998e-03 -1.4998e-03 
-0000.00200 -1.9999e-03 -1.9999e-03 -1.9999e-03 -1.9999e-03 -1.9999e-03 -1.9999e-03 -1.9999e-03 -1.9999e-03 -1.9999e-03 -1.9999e-03 -1.9999e-03 -1.9999e-03 -1.9999e-03 -1.9999e-03 -1.9999e-03 -1.9999e-03 -1.9999e-03 -1.9999e-03 -1.9999e-03 -1.9999e-03 -1.9999e-03 -1.9999e-03 -1.9999e-03 -1.9998e-03 -1.9998e-03 -1.9998e-03 -1.9998e-03 -1.9998e-03 -1.9998e-03 -1.9998e-03 -1.9998e-03 -1.9998e-03 -1.9998e-03 -1.9998e-03 -1.9998e-03 -1.9998e-03 -1.9998e-03 -1.9998e-03 -1.9998e-03 -1.9998e-03 -1.9998e-03 -1.9998e-03 -1.9998e-03 -1.9998e-03 -1.9998e-03 -1.9998e-03 -1.9998e-03 -1.9998e-03 -1.9998e-03 -1.9998e-03 -1.9998e-03 -1.9998e-03 -1.9998e-03 -1.9998e-03 -1.9998e-03 -1.9998e-03 -1.9998e-03 -1.9998e-03 -1.9998e-03 -1.9998e-03 -1.9998e-03 