# Author: FAC idanalysis.IDKickMap
# Termination_kicks [T2m2]: +0.0000e+00 +0.0000e+00 +0.0000e+00 +0.0000e+00 
# Total Length of Longitudinal Interval [m]
0.13
# Number of Horizontal Points
61
# Number of Vertical Points
9
# Total Horizontal 2nd Order Kick [T2m2]
START
            -0000.01000 -0000.00967 -0000.00933 -0000.00900 -0000.00867 -0000.00833 -0000.00800 -0000.00767 -0000.00733 -0000.00700 -0000.00667 -0000.00633 -0000.00600 -0000.00567 -0000.00533 -0000.00500 -0000.00467 -0000.00433 -0000.00400 -0000.00367 -0000.00333 -0000.00300 -0000.00267 -0000.00233 -0000.00200 -0000.00167 -0000.00133 -0000.00100 -0000.00067 -0000.00033 +0000.00000 +0000.00033 +0000.00067 +0000.00100 +0000.00133 +0000.00167 +0000.00200 +0000.00233 +0000.00267 +0000.00300 +0000.00333 +0000.00367 +0000.00400 +0000.00433 +0000.00467 +0000.00500 +0000.00533 +0000.00567 +0000.00600 +0000.00633 +0000.00667 +0000.00700 +0000.00733 +0000.00767 +0000.00800 +0000.00833 +0000.00867 +0000.00900 +0000.00933 +0000.00967 +0000.01000 
+0000.00200 -8.6139e-05 -8.4958e-05 -8.3808e-05 -8.2688e-05 -8.1600e-05 -8.0545e-05 -7.9524e-05 -7.8538e-05 -7.7587e-05 -7.6673e-05 -7.5795e-05 -7.4956e-05 -7.4154e-05 -7.3392e-05 -7.2669e-05 -7.1986e-05 -7.1344e-05 -7.0744e-05 -7.0185e-05 -6.9668e-05 -6.9193e-05 -6.8762e-05 -6.8373e-05 -6.8028e-05 -6.7727e-05 -6.7470e-05 -6.7257e-05 -6.7088e-05 -6.6964e-05 -6.6884e-05 -6.6849e-05 -6.6858e-05 -6.6912e-05 -6.7011e-05 -6.7154e-05 -6.7342e-05 -6.7574e-05 -6.7849e-05 -6.8169e-05 -6.8532e-05 -6.8939e-05 -6.9388e-05 -6.9880e-05 -7.0415e-05 -7.0991e-05 -7.1609e-05 -7.2267e-05 -7.2966e-05 -7.3704e-05 -7.4482e-05 -7.5299e-05 -7.6153e-05 -7.7045e-05 -7.7973e-05 -7.8937e-05 -7.9935e-05 -8.0968e-05 -8.2035e-05 -8.3133e-05 -8.4263e-05 -8.5424e-05 
+0000.00150 -8.6328e-05 -8.5173e-05 -8.4046e-05 -8.2947e-05 -8.1878e-05 -8.0840e-05 -7.9834e-05 -7.8861e-05 -7.7921e-05 -7.7017e-05 -7.6148e-05 -7.5315e-05 -7.4520e-05 -7.3762e-05 -7.3044e-05 -7.2364e-05 -7.1725e-05 -7.1127e-05 -7.0569e-05 -7.0054e-05 -6.9580e-05 -6.9149e-05 -6.8761e-05 -6.8416e-05 -6.8115e-05 -6.7858e-05 -6.7645e-05 -6.7477e-05 -6.7352e-05 -6.7273e-05 -6.7238e-05 -6.7248e-05 -6.7302e-05 -6.7401e-05 -6.7544e-05 -6.7732e-05 -6.7964e-05 -6.8240e-05 -6.8560e-05 -6.8923e-05 -6.9330e-05 -6.9778e-05 -7.0270e-05 -7.0803e-05 -7.1377e-05 -7.1992e-05 -7.2648e-05 -7.3343e-05 -7.4076e-05 -7.4849e-05 -7.5658e-05 -7.6504e-05 -7.7386e-05 -7.8304e-05 -7.9255e-05 -8.0239e-05 -8.1256e-05 -8.2303e-05 -8.3381e-05 -8.4488e-05 -8.5622e-05 
+0000.00100 -8.6458e-05 -8.5323e-05 -8.4212e-05 -8.3129e-05 -8.2074e-05 -8.1048e-05 -8.0052e-05 -7.9088e-05 -7.8157e-05 -7.7260e-05 -7.6397e-05 -7.5570e-05 -7.4779e-05 -7.4025e-05 -7.3310e-05 -7.2633e-05 -7.1996e-05 -7.1399e-05 -7.0843e-05 -7.0328e-05 -6.9855e-05 -6.9425e-05 -6.9038e-05 -6.8693e-05 -6.8392e-05 -6.8135e-05 -6.7923e-05 -6.7754e-05 -6.7630e-05 -6.7551e-05 -6.7516e-05 -6.7526e-05 -6.7580e-05 -6.7680e-05 -6.7823e-05 -6.8011e-05 -6.8244e-05 -6.8520e-05 -6.8840e-05 -6.9203e-05 -6.9609e-05 -7.0057e-05 -7.0548e-05 -7.1080e-05 -7.1653e-05 -7.2266e-05 -7.2919e-05 -7.3611e-05 -7.4341e-05 -7.5109e-05 -7.5913e-05 -7.6754e-05 -7.7629e-05 -7.8538e-05 -7.9480e-05 -8.0453e-05 -8.1458e-05 -8.2492e-05 -8.3554e-05 -8.4644e-05 -8.5759e-05 
+0000.00050 -8.6536e-05 -8.5411e-05 -8.4311e-05 -8.3237e-05 -8.2190e-05 -8.1171e-05 -8.0182e-05 -7.9224e-05 -7.8297e-05 -7.7404e-05 -7.6545e-05 -7.5721e-05 -7.4933e-05 -7.4181e-05 -7.3468e-05 -7.2793e-05 -7.2157e-05 -7.1561e-05 -7.1006e-05 -7.0492e-05 -7.0020e-05 -6.9590e-05 -6.9203e-05 -6.8859e-05 -6.8558e-05 -6.8301e-05 -6.8089e-05 -6.7920e-05 -6.7796e-05 -6.7717e-05 -6.7683e-05 -6.7693e-05 -6.7748e-05 -6.7847e-05 -6.7991e-05 -6.8179e-05 -6.8411e-05 -6.8688e-05 -6.9008e-05 -6.9371e-05 -6.9776e-05 -7.0225e-05 -7.0715e-05 -7.1246e-05 -7.1818e-05 -7.2430e-05 -7.3082e-05 -7.3772e-05 -7.4500e-05 -7.5265e-05 -7.6066e-05 -7.6903e-05 -7.7773e-05 -7.8677e-05 -7.9613e-05 -8.0580e-05 -8.1577e-05 -8.2602e-05 -8.3655e-05 -8.4734e-05 -8.5838e-05 
+0000.00000 -8.6563e-05 -8.5442e-05 -8.4345e-05 -8.3274e-05 -8.2229e-05 -8.1212e-05 -8.0225e-05 -7.9269e-05 -7.8344e-05 -7.7452e-05 -7.6594e-05 -7.5770e-05 -7.4983e-05 -7.4233e-05 -7.3520e-05 -7.2845e-05 -7.2210e-05 -7.1614e-05 -7.1059e-05 -7.0546e-05 -7.0074e-05 -6.9644e-05 -6.9257e-05 -6.8913e-05 -6.8613e-05 -6.8356e-05 -6.8144e-05 -6.7975e-05 -6.7852e-05 -6.7773e-05 -6.7738e-05 -6.7748e-05 -6.7803e-05 -6.7903e-05 -6.8047e-05 -6.8236e-05 -6.8468e-05 -6.8744e-05 -6.9064e-05 -6.9428e-05 -6.9833e-05 -7.0281e-05 -7.0771e-05 -7.1303e-05 -7.1874e-05 -7.2486e-05 -7.3137e-05 -7.3827e-05 -7.4554e-05 -7.5318e-05 -7.6118e-05 -7.6953e-05 -7.7822e-05 -7.8724e-05 -7.9658e-05 -8.0622e-05 -8.1616e-05 -8.2638e-05 -8.3688e-05 -8.4763e-05 -8.5862e-05 
-0000.00050 -8.6542e-05 -8.5416e-05 -8.4315e-05 -8.3239e-05 -8.2191e-05 -8.1171e-05 -8.0181e-05 -7.9222e-05 -7.8296e-05 -7.7402e-05 -7.6542e-05 -7.5718e-05 -7.4929e-05 -7.4178e-05 -7.3464e-05 -7.2789e-05 -7.2153e-05 -7.1557e-05 -7.1002e-05 -7.0488e-05 -7.0016e-05 -6.9587e-05 -6.9200e-05 -6.8856e-05 -6.8556e-05 -6.8299e-05 -6.8087e-05 -6.7919e-05 -6.7796e-05 -6.7717e-05 -6.7683e-05 -6.7693e-05 -6.7748e-05 -6.7848e-05 -6.7992e-05 -6.8181e-05 -6.8414e-05 -6.8690e-05 -6.9010e-05 -6.9374e-05 -6.9780e-05 -7.0228e-05 -7.0718e-05 -7.1250e-05 -7.1822e-05 -7.2434e-05 -7.3085e-05 -7.3775e-05 -7.4503e-05 -7.5268e-05 -7.6069e-05 -7.6905e-05 -7.7775e-05 -7.8678e-05 -7.9613e-05 -8.0580e-05 -8.1576e-05 -8.2600e-05 -8.3652e-05 -8.4729e-05 -8.5832e-05 
-0000.00100 -8.6471e-05 -8.5332e-05 -8.4219e-05 -8.3133e-05 -8.2076e-05 -8.1048e-05 -8.0051e-05 -7.9086e-05 -7.8153e-05 -7.7254e-05 -7.6391e-05 -7.5562e-05 -7.4771e-05 -7.4017e-05 -7.3301e-05 -7.2624e-05 -7.1987e-05 -7.1391e-05 -7.0835e-05 -7.0320e-05 -6.9848e-05 -6.9418e-05 -6.9031e-05 -6.8687e-05 -6.8387e-05 -6.8131e-05 -6.7919e-05 -6.7751e-05 -6.7628e-05 -6.7550e-05 -6.7516e-05 -6.7527e-05 -6.7582e-05 -6.7682e-05 -6.7827e-05 -6.8016e-05 -6.8248e-05 -6.8525e-05 -6.8846e-05 -6.9209e-05 -6.9616e-05 -7.0065e-05 -7.0556e-05 -7.1088e-05 -7.1661e-05 -7.2274e-05 -7.2927e-05 -7.3619e-05 -7.4349e-05 -7.5116e-05 -7.5919e-05 -7.6759e-05 -7.7633e-05 -7.8540e-05 -7.9481e-05 -8.0453e-05 -8.1455e-05 -8.2487e-05 -8.3547e-05 -8.4634e-05 -8.5747e-05 
-0000.00150 -8.6346e-05 -8.5187e-05 -8.4055e-05 -8.2953e-05 -8.1881e-05 -8.0840e-05 -7.9831e-05 -7.8855e-05 -7.7914e-05 -7.7008e-05 -7.6137e-05 -7.5303e-05 -7.4507e-05 -7.3749e-05 -7.3030e-05 -7.2351e-05 -7.1712e-05 -7.1113e-05 -7.0556e-05 -7.0041e-05 -6.9568e-05 -6.9138e-05 -6.8751e-05 -6.8407e-05 -6.8107e-05 -6.7852e-05 -6.7640e-05 -6.7472e-05 -6.7350e-05 -6.7271e-05 -6.7238e-05 -6.7249e-05 -6.7305e-05 -6.7405e-05 -6.7550e-05 -6.7739e-05 -6.7972e-05 -6.8249e-05 -6.8570e-05 -6.8934e-05 -6.9341e-05 -6.9791e-05 -7.0282e-05 -7.0816e-05 -7.1390e-05 -7.2006e-05 -7.2661e-05 -7.3355e-05 -7.4088e-05 -7.4860e-05 -7.5668e-05 -7.6513e-05 -7.7393e-05 -7.8308e-05 -7.9257e-05 -8.0239e-05 -8.1253e-05 -8.2297e-05 -8.3371e-05 -8.4474e-05 -8.5604e-05 
-0000.00200 -8.6163e-05 -8.4976e-05 -8.3820e-05 -8.2695e-05 -8.1603e-05 -8.0544e-05 -7.9520e-05 -7.8530e-05 -7.7577e-05 -7.6660e-05 -7.5781e-05 -7.4939e-05 -7.4137e-05 -7.3373e-05 -7.2650e-05 -7.1967e-05 -7.1325e-05 -7.0725e-05 -7.0166e-05 -6.9650e-05 -6.9176e-05 -6.8746e-05 -6.8359e-05 -6.8015e-05 -6.7716e-05 -6.7460e-05 -6.7249e-05 -6.7082e-05 -6.6960e-05 -6.6882e-05 -6.6849e-05 -6.6860e-05 -6.6916e-05 -6.7017e-05 -6.7162e-05 -6.7351e-05 -6.7585e-05 -6.7862e-05 -6.8183e-05 -6.8548e-05 -6.8955e-05 -6.9406e-05 -6.9899e-05 -7.0434e-05 -7.1010e-05 -7.1628e-05 -7.2286e-05 -7.2984e-05 -7.3722e-05 -7.4498e-05 -7.5313e-05 -7.6166e-05 -7.7055e-05 -7.7981e-05 -7.8941e-05 -7.9937e-05 -8.0965e-05 -8.2027e-05 -8.3121e-05 -8.4245e-05 -8.5400e-05 
# Total Vertical 2nd Order Kick [T2m2]
START
            -0000.01000 -0000.00967 -0000.00933 -0000.00900 -0000.00867 -0000.00833 -0000.00800 -0000.00767 -0000.00733 -0000.00700 -0000.00667 -0000.00633 -0000.00600 -0000.00567 -0000.00533 -0000.00500 -0000.00467 -0000.00433 -0000.00400 -0000.00367 -0000.00333 -0000.00300 -0000.00267 -0000.00233 -0000.00200 -0000.00167 -0000.00133 -0000.00100 -0000.00067 -0000.00033 +0000.00000 +0000.00033 +0000.00067 +0000.00100 +0000.00133 +0000.00167 +0000.00200 +0000.00233 +0000.00267 +0000.00300 +0000.00333 +0000.00367 +0000.00400 +0000.00433 +0000.00467 +0000.00500 +0000.00533 +0000.00567 +0000.00600 +0000.00633 +0000.00667 +0000.00700 +0000.00733 +0000.00767 +0000.00800 +0000.00833 +0000.00867 +0000.00900 +0000.00933 +0000.00967 +0000.01000 
+0000.00200 -1.1895e-05 -1.1768e-05 -1.1631e-05 -1.1484e-05 -1.1329e-05 -1.1165e-05 -1.0993e-05 -1.0812e-05 -1.0624e-05 -1.0428e-05 -1.0226e-05 -1.0016e-05 -9.8006e-06 -9.5787e-06 -9.3511e-06 -9.1180e-06 -8.8799e-06 -8.6371e-06 -8.3898e-06 -8.1384e-06 -7.8833e-06 -7.6247e-06 -7.3630e-06 -7.0986e-06 -6.8317e-06 -6.5627e-06 -6.2919e-06 -6.0196e-06 -5.7463e-06 -5.4721e-06 -5.1975e-06 -4.9228e-06 -4.6482e-06 -4.3742e-06 -4.1010e-06 -3.8291e-06 -3.5586e-06 -3.2900e-06 -3.0236e-06 -2.7597e-06 -2.4986e-06 -2.2408e-06 -1.9864e-06 -1.7358e-06 -1.4894e-06 -1.2475e-06 -1.0105e-06 -7.7854e-07 -5.5210e-07 -3.3149e-07 -1.1702e-07 +9.0978e-08 +2.9217e-07 +4.8621e-07 +6.7280e-07 +8.5158e-07 +1.0222e-06 +1.1844e-06 +1.3378e-06 +1.4821e-06 +1.6169e-06 
+0000.00150 -8.4853e-06 -8.3940e-06 -8.2952e-06 -8.1891e-06 -8.0761e-06 -7.9563e-06 -7.8301e-06 -7.6976e-06 -7.5590e-06 -7.4148e-06 -7.2651e-06 -7.1101e-06 -6.9502e-06 -6.7855e-06 -6.6164e-06 -6.4430e-06 -6.2657e-06 -6.0846e-06 -5.9001e-06 -5.7124e-06 -5.5218e-06 -5.3284e-06 -5.1326e-06 -4.9347e-06 -4.7348e-06 -4.5332e-06 -4.3303e-06 -4.1261e-06 -3.9211e-06 -3.7154e-06 -3.5094e-06 -3.3032e-06 -3.0972e-06 -2.8915e-06 -2.6865e-06 -2.4824e-06 -2.2795e-06 -2.0779e-06 -1.8781e-06 -1.6802e-06 -1.4846e-06 -1.2914e-06 -1.1009e-06 -9.1338e-07 -7.2913e-07 -5.4839e-07 -3.7142e-07 -1.9849e-07 -2.9843e-08 +1.3424e-07 +2.9351e-07 +4.4769e-07 +5.9653e-07 +7.3976e-07 +8.7711e-07 +1.0083e-06 +1.1332e-06 +1.2513e-06 +1.3625e-06 +1.4666e-06 +1.5631e-06 
+0000.00100 -5.4455e-06 -5.3862e-06 -5.3219e-06 -5.2527e-06 -5.1789e-06 -5.1005e-06 -5.0178e-06 -4.9309e-06 -4.8399e-06 -4.7451e-06 -4.6465e-06 -4.5444e-06 -4.4389e-06 -4.3302e-06 -4.2185e-06 -4.1039e-06 -3.9865e-06 -3.8667e-06 -3.7444e-06 -3.6199e-06 -3.4934e-06 -3.3651e-06 -3.2350e-06 -3.1034e-06 -2.9705e-06 -2.8364e-06 -2.7013e-06 -2.5653e-06 -2.4287e-06 -2.2917e-06 -2.1543e-06 -2.0168e-06 -1.8793e-06 -1.7421e-06 -1.6052e-06 -1.4690e-06 -1.3335e-06 -1.1990e-06 -1.0656e-06 -9.3346e-07 -8.0284e-07 -6.7389e-07 -5.4679e-07 -4.2173e-07 -2.9889e-07 -1.7845e-07 -6.0601e-08 +5.4472e-08 +1.6658e-07 +2.7555e-07 +3.8117e-07 +4.8327e-07 +5.8166e-07 +6.7615e-07 +7.6654e-07 +8.5265e-07 +9.3429e-07 +1.0113e-06 +1.0834e-06 +1.1504e-06 +1.2122e-06 
+0000.00050 -2.6345e-06 -2.6046e-06 -2.5724e-06 -2.5379e-06 -2.5011e-06 -2.4623e-06 -2.4214e-06 -2.3785e-06 -2.3336e-06 -2.2869e-06 -2.2383e-06 -2.1881e-06 -2.1361e-06 -2.0826e-06 -2.0276e-06 -1.9711e-06 -1.9132e-06 -1.8540e-06 -1.7937e-06 -1.7322e-06 -1.6696e-06 -1.6060e-06 -1.5416e-06 -1.4763e-06 -1.4102e-06 -1.3436e-06 -1.2763e-06 -1.2086e-06 -1.1405e-06 -1.0720e-06 -1.0034e-06 -9.3458e-07 -8.6574e-07 -7.9695e-07 -7.2830e-07 -6.5989e-07 -5.9180e-07 -5.2414e-07 -4.5700e-07 -3.9047e-07 -3.2466e-07 -2.5966e-07 -1.9557e-07 -1.3250e-07 -7.0549e-08 -9.8151e-09 +4.9595e-08 +1.0758e-07 +1.6402e-07 +2.1883e-07 +2.7188e-07 +3.2308e-07 +3.7231e-07 +4.1946e-07 +4.6442e-07 +5.0707e-07 +5.4731e-07 +5.8502e-07 +6.2008e-07 +6.5237e-07 +6.8178e-07 
+0000.00000 +6.7715e-08 +6.9510e-08 +7.0856e-08 +7.1791e-08 +7.2355e-08 +7.2585e-08 +7.2518e-08 +7.2188e-08 +7.1627e-08 +7.0868e-08 +6.9942e-08 +6.8876e-08 +6.7699e-08 +6.6436e-08 +6.5113e-08 +6.3753e-08 +6.2376e-08 +6.1005e-08 +5.9658e-08 +5.8353e-08 +5.7106e-08 +5.5931e-08 +5.4843e-08 +5.3852e-08 +5.2971e-08 +5.2208e-08 +5.1570e-08 +5.1065e-08 +5.0697e-08 +5.0469e-08 +5.0385e-08 +5.0444e-08 +5.0645e-08 +5.0988e-08 +5.1468e-08 +5.2081e-08 +5.2820e-08 +5.3677e-08 +5.4643e-08 +5.5709e-08 +5.6861e-08 +5.8086e-08 +5.9370e-08 +6.0697e-08 +6.2049e-08 +6.3407e-08 +6.4750e-08 +6.6057e-08 +6.7304e-08 +6.8468e-08 +6.9521e-08 +7.0436e-08 +7.1185e-08 +7.1738e-08 +7.2062e-08 +7.2124e-08 +7.1890e-08 +7.1325e-08 +7.0390e-08 +6.9047e-08 +6.7256e-08 
-0000.00050 +2.7710e-06 +2.7446e-06 +2.7150e-06 +2.6823e-06 +2.6467e-06 +2.6082e-06 +2.5671e-06 +2.5235e-06 +2.4774e-06 +2.4291e-06 +2.3786e-06 +2.3262e-06 +2.2718e-06 +2.2157e-06 +2.1579e-06 +2.0987e-06 +2.0380e-06 +1.9760e-06 +1.9129e-06 +1.8487e-06 +1.7836e-06 +1.7177e-06 +1.6510e-06 +1.5837e-06 +1.5159e-06 +1.4477e-06 +1.3791e-06 +1.3104e-06 +1.2415e-06 +1.1726e-06 +1.1038e-06 +1.0351e-06 +9.6666e-07 +8.9857e-07 +8.3090e-07 +7.6373e-07 +6.9714e-07 +6.3122e-07 +5.6604e-07 +5.0168e-07 +4.3822e-07 +3.7571e-07 +3.1424e-07 +2.5388e-07 +1.9468e-07 +1.3672e-07 +8.0053e-08 +2.4746e-08 -2.9143e-08 -8.1557e-08 -1.3244e-07 -1.8174e-07 -2.2940e-07 -2.7538e-07 -3.1963e-07 -3.6209e-07 -4.0273e-07 -4.4151e-07 -4.7838e-07 -5.1330e-07 -5.4624e-07 
-0000.00100 +5.5852e-06 +5.5292e-06 +5.4674e-06 +5.3999e-06 +5.3269e-06 +5.2487e-06 +5.1656e-06 +5.0777e-06 +4.9854e-06 +4.8887e-06 +4.7880e-06 +4.6835e-06 +4.5754e-06 +4.4640e-06 +4.3493e-06 +4.2317e-06 +4.1114e-06 +3.9886e-06 +3.8634e-06 +3.7362e-06 +3.6070e-06 +3.4761e-06 +3.3437e-06 +3.2100e-06 +3.0752e-06 +2.9395e-06 +2.8030e-06 +2.6660e-06 +2.5286e-06 +2.3910e-06 +2.2535e-06 +2.1161e-06 +1.9791e-06 +1.8426e-06 +1.7067e-06 +1.5718e-06 +1.4379e-06 +1.3052e-06 +1.1738e-06 +1.0440e-06 +9.1587e-07 +7.8954e-07 +6.6520e-07 +5.4300e-07 +4.2308e-07 +3.0558e-07 +1.9066e-07 +7.8445e-08 -3.0917e-08 -1.3729e-07 -2.4054e-07 -3.4054e-07 -4.3716e-07 -5.3027e-07 -6.1974e-07 -7.0546e-07 -7.8729e-07 -8.6514e-07 -9.3887e-07 -1.0084e-06 -1.0735e-06 
-0000.00150 +8.6304e-06 +8.5421e-06 +8.4454e-06 +8.3407e-06 +8.2282e-06 +8.1082e-06 +7.9812e-06 +7.8474e-06 +7.7072e-06 +7.5608e-06 +7.4086e-06 +7.2509e-06 +7.0880e-06 +6.9202e-06 +6.7478e-06 +6.5712e-06 +6.3906e-06 +6.2063e-06 +6.0187e-06 +5.8279e-06 +5.6344e-06 +5.4383e-06 +5.2400e-06 +5.0398e-06 +4.8379e-06 +4.6346e-06 +4.4301e-06 +4.2249e-06 +4.0190e-06 +3.8128e-06 +3.6066e-06 +3.4005e-06 +3.1950e-06 +2.9901e-06 +2.7862e-06 +2.5835e-06 +2.3822e-06 +2.1827e-06 +1.9851e-06 +1.7897e-06 +1.5967e-06 +1.4063e-06 +1.2189e-06 +1.0345e-06 +8.5341e-07 +6.7590e-07 +5.0215e-07 +3.3239e-07 +1.6682e-07 +5.6513e-09 -1.5090e-07 -3.0264e-07 -4.4936e-07 -5.9086e-07 -7.2695e-07 -8.5742e-07 -9.8210e-07 -1.1008e-06 -1.2133e-06 -1.3195e-06 -1.4191e-06 
-0000.00200 +1.2048e-05 +1.1923e-05 +1.1788e-05 +1.1643e-05 +1.1487e-05 +1.1323e-05 +1.1149e-05 +1.0967e-05 +1.0776e-05 +1.0578e-05 +1.0372e-05 +1.0159e-05 +9.9403e-06 +9.7148e-06 +9.4835e-06 +9.2468e-06 +9.0050e-06 +8.7585e-06 +8.5077e-06 +8.2529e-06 +7.9946e-06 +7.7330e-06 +7.4685e-06 +7.2016e-06 +6.9324e-06 +6.6615e-06 +6.3891e-06 +6.1156e-06 +5.8413e-06 +5.5666e-06 +5.2918e-06 +5.0172e-06 +4.7431e-06 +4.4700e-06 +4.1980e-06 +3.9276e-06 +3.6590e-06 +3.3926e-06 +3.1287e-06 +2.8675e-06 +2.6094e-06 +2.3546e-06 +2.1036e-06 +1.8565e-06 +1.6137e-06 +1.3754e-06 +1.1420e-06 +9.1372e-07 +6.9082e-07 +4.7360e-07 +2.6233e-07 +5.7285e-08 -1.4127e-07 -3.3308e-07 -5.1786e-07 -6.9538e-07 -8.6536e-07 -1.0276e-06 -1.1817e-06 -1.3276e-06 -1.4650e-06 
# Horizontal Final Position [m]
START
            -0000.01000 -0000.00967 -0000.00933 -0000.00900 -0000.00867 -0000.00833 -0000.00800 -0000.00767 -0000.00733 -0000.00700 -0000.00667 -0000.00633 -0000.00600 -0000.00567 -0000.00533 -0000.00500 -0000.00467 -0000.00433 -0000.00400 -0000.00367 -0000.00333 -0000.00300 -0000.00267 -0000.00233 -0000.00200 -0000.00167 -0000.00133 -0000.00100 -0000.00067 -0000.00033 +0000.00000 +0000.00033 +0000.00067 +0000.00100 +0000.00133 +0000.00167 +0000.00200 +0000.00233 +0000.00267 +0000.00300 +0000.00333 +0000.00367 +0000.00400 +0000.00433 +0000.00467 +0000.00500 +0000.00533 +0000.00567 +0000.00600 +0000.00633 +0000.00667 +0000.00700 +0000.00733 +0000.00767 +0000.00800 +0000.00833 +0000.00867 +0000.00900 +0000.00933 +0000.00967 +0000.01000 
+0000.00200 -1.0004e-02 -9.6706e-03 -9.3373e-03 -9.0039e-03 -8.6706e-03 -8.3373e-03 -8.0040e-03 -7.6706e-03 -7.3373e-03 -7.0040e-03 -6.6707e-03 -6.3373e-03 -6.0040e-03 -5.6707e-03 -5.3374e-03 -5.0040e-03 -4.6707e-03 -4.3374e-03 -4.0041e-03 -3.6708e-03 -3.3374e-03 -3.0041e-03 -2.6708e-03 -2.3375e-03 -2.0041e-03 -1.6708e-03 -1.3375e-03 -1.0041e-03 -6.7081e-04 -3.3747e-04 -4.1412e-06 +3.2919e-04 +6.6253e-04 +9.9586e-04 +1.3292e-03 +1.6625e-03 +1.9959e-03 +2.3292e-03 +2.6626e-03 +2.9959e-03 +3.3292e-03 +3.6626e-03 +3.9959e-03 +4.3293e-03 +4.6626e-03 +4.9960e-03 +5.3293e-03 +5.6627e-03 +5.9960e-03 +6.3293e-03 +6.6627e-03 +6.9960e-03 +7.3294e-03 +7.6627e-03 +7.9961e-03 +8.3294e-03 +8.6627e-03 +8.9961e-03 +9.3294e-03 +9.6628e-03 +9.9961e-03 
+0000.00150 -1.0004e-02 -9.6706e-03 -9.3373e-03 -9.0039e-03 -8.6706e-03 -8.3373e-03 -8.0040e-03 -7.6706e-03 -7.3373e-03 -7.0040e-03 -6.6707e-03 -6.3373e-03 -6.0040e-03 -5.6707e-03 -5.3374e-03 -5.0040e-03 -4.6707e-03 -4.3374e-03 -4.0041e-03 -3.6708e-03 -3.3374e-03 -3.0041e-03 -2.6708e-03 -2.3375e-03 -2.0041e-03 -1.6708e-03 -1.3375e-03 -1.0041e-03 -6.7081e-04 -3.3747e-04 -4.1411e-06 +3.2919e-04 +6.6253e-04 +9.9586e-04 +1.3292e-03 +1.6625e-03 +1.9959e-03 +2.3292e-03 +2.6626e-03 +2.9959e-03 +3.3292e-03 +3.6626e-03 +3.9959e-03 +4.3293e-03 +4.6626e-03 +4.9960e-03 +5.3293e-03 +5.6627e-03 +5.9960e-03 +6.3293e-03 +6.6627e-03 +6.9960e-03 +7.3294e-03 +7.6627e-03 +7.9961e-03 +8.3294e-03 +8.6627e-03 +8.9961e-03 +9.3294e-03 +9.6628e-03 +9.9961e-03 
+0000.00100 -1.0004e-02 -9.6706e-03 -9.3373e-03 -9.0039e-03 -8.6706e-03 -8.3373e-03 -8.0040e-03 -7.6706e-03 -7.3373e-03 -7.0040e-03 -6.6707e-03 -6.3373e-03 -6.0040e-03 -5.6707e-03 -5.3374e-03 -5.0040e-03 -4.6707e-03 -4.3374e-03 -4.0041e-03 -3.6708e-03 -3.3374e-03 -3.0041e-03 -2.6708e-03 -2.3375e-03 -2.0041e-03 -1.6708e-03 -1.3375e-03 -1.0041e-03 -6.7081e-04 -3.3747e-04 -4.1411e-06 +3.2919e-04 +6.6253e-04 +9.9586e-04 +1.3292e-03 +1.6625e-03 +1.9959e-03 +2.3292e-03 +2.6626e-03 +2.9959e-03 +3.3292e-03 +3.6626e-03 +3.9959e-03 +4.3293e-03 +4.6626e-03 +4.9960e-03 +5.3293e-03 +5.6627e-03 +5.9960e-03 +6.3293e-03 +6.6627e-03 +6.9960e-03 +7.3294e-03 +7.6627e-03 +7.9961e-03 +8.3294e-03 +8.6627e-03 +8.9961e-03 +9.3294e-03 +9.6628e-03 +9.9961e-03 
+0000.00050 -1.0004e-02 -9.6706e-03 -9.3373e-03 -9.0039e-03 -8.6706e-03 -8.3373e-03 -8.0040e-03 -7.6706e-03 -7.3373e-03 -7.0040e-03 -6.6707e-03 -6.3373e-03 -6.0040e-03 -5.6707e-03 -5.3374e-03 -5.0040e-03 -4.6707e-03 -4.3374e-03 -4.0041e-03 -3.6707e-03 -3.3374e-03 -3.0041e-03 -2.6708e-03 -2.3374e-03 -2.0041e-03 -1.6708e-03 -1.3375e-03 -1.0041e-03 -6.7080e-04 -3.3747e-04 -4.1374e-06 +3.2920e-04 +6.6253e-04 +9.9587e-04 +1.3292e-03 +1.6625e-03 +1.9959e-03 +2.3292e-03 +2.6626e-03 +2.9959e-03 +3.3292e-03 +3.6626e-03 +3.9959e-03 +4.3293e-03 +4.6626e-03 +4.9960e-03 +5.3293e-03 +5.6627e-03 +5.9960e-03 +6.3293e-03 +6.6627e-03 +6.9960e-03 +7.3294e-03 +7.6627e-03 +7.9961e-03 +8.3294e-03 +8.6627e-03 +8.9961e-03 +9.3294e-03 +9.6627e-03 +9.9961e-03 
+0000.00000 -1.0004e-02 -9.6706e-03 -9.3373e-03 -9.0039e-03 -8.6706e-03 -8.3373e-03 -8.0040e-03 -7.6706e-03 -7.3373e-03 -7.0040e-03 -6.6707e-03 -6.3373e-03 -6.0040e-03 -5.6707e-03 -5.3374e-03 -5.0040e-03 -4.6707e-03 -4.3374e-03 -4.0041e-03 -3.6707e-03 -3.3374e-03 -3.0041e-03 -2.6708e-03 -2.3374e-03 -2.0041e-03 -1.6708e-03 -1.3375e-03 -1.0041e-03 -6.7080e-04 -3.3747e-04 -4.1374e-06 +3.2920e-04 +6.6253e-04 +9.9587e-04 +1.3292e-03 +1.6625e-03 +1.9959e-03 +2.3292e-03 +2.6626e-03 +2.9959e-03 +3.3292e-03 +3.6626e-03 +3.9959e-03 +4.3293e-03 +4.6626e-03 +4.9960e-03 +5.3293e-03 +5.6627e-03 +5.9960e-03 +6.3293e-03 +6.6627e-03 +6.9960e-03 +7.3294e-03 +7.6627e-03 +7.9961e-03 +8.3294e-03 +8.6627e-03 +8.9961e-03 +9.3294e-03 +9.6627e-03 +9.9961e-03 
-0000.00050 -1.0004e-02 -9.6706e-03 -9.3373e-03 -9.0039e-03 -8.6706e-03 -8.3373e-03 -8.0040e-03 -7.6706e-03 -7.3373e-03 -7.0040e-03 -6.6707e-03 -6.3373e-03 -6.0040e-03 -5.6707e-03 -5.3374e-03 -5.0040e-03 -4.6707e-03 -4.3374e-03 -4.0041e-03 -3.6707e-03 -3.3374e-03 -3.0041e-03 -2.6708e-03 -2.3374e-03 -2.0041e-03 -1.6708e-03 -1.3375e-03 -1.0041e-03 -6.7080e-04 -3.3747e-04 -4.1374e-06 +3.2920e-04 +6.6253e-04 +9.9587e-04 +1.3292e-03 +1.6625e-03 +1.9959e-03 +2.3292e-03 +2.6626e-03 +2.9959e-03 +3.3292e-03 +3.6626e-03 +3.9959e-03 +4.3293e-03 +4.6626e-03 +4.9960e-03 +5.3293e-03 +5.6627e-03 +5.9960e-03 +6.3293e-03 +6.6627e-03 +6.9960e-03 +7.3294e-03 +7.6627e-03 +7.9961e-03 +8.3294e-03 +8.6627e-03 +8.9961e-03 +9.3294e-03 +9.6627e-03 +9.9961e-03 
-0000.00100 -1.0004e-02 -9.6706e-03 -9.3373e-03 -9.0039e-03 -8.6706e-03 -8.3373e-03 -8.0040e-03 -7.6706e-03 -7.3373e-03 -7.0040e-03 -6.6707e-03 -6.3373e-03 -6.0040e-03 -5.6707e-03 -5.3374e-03 -5.0040e-03 -4.6707e-03 -4.3374e-03 -4.0041e-03 -3.6708e-03 -3.3374e-03 -3.0041e-03 -2.6708e-03 -2.3375e-03 -2.0041e-03 -1.6708e-03 -1.3375e-03 -1.0041e-03 -6.7081e-04 -3.3747e-04 -4.1411e-06 +3.2919e-04 +6.6253e-04 +9.9586e-04 +1.3292e-03 +1.6625e-03 +1.9959e-03 +2.3292e-03 +2.6626e-03 +2.9959e-03 +3.3292e-03 +3.6626e-03 +3.9959e-03 +4.3293e-03 +4.6626e-03 +4.9960e-03 +5.3293e-03 +5.6627e-03 +5.9960e-03 +6.3293e-03 +6.6627e-03 +6.9960e-03 +7.3294e-03 +7.6627e-03 +7.9961e-03 +8.3294e-03 +8.6627e-03 +8.9961e-03 +9.3294e-03 +9.6628e-03 +9.9961e-03 
-0000.00150 -1.0004e-02 -9.6706e-03 -9.3373e-03 -9.0039e-03 -8.6706e-03 -8.3373e-03 -8.0040e-03 -7.6706e-03 -7.3373e-03 -7.0040e-03 -6.6707e-03 -6.3373e-03 -6.0040e-03 -5.6707e-03 -5.3374e-03 -5.0040e-03 -4.6707e-03 -4.3374e-03 -4.0041e-03 -3.6708e-03 -3.3374e-03 -3.0041e-03 -2.6708e-03 -2.3375e-03 -2.0041e-03 -1.6708e-03 -1.3375e-03 -1.0041e-03 -6.7081e-04 -3.3747e-04 -4.1411e-06 +3.2919e-04 +6.6253e-04 +9.9586e-04 +1.3292e-03 +1.6625e-03 +1.9959e-03 +2.3292e-03 +2.6626e-03 +2.9959e-03 +3.3292e-03 +3.6626e-03 +3.9959e-03 +4.3293e-03 +4.6626e-03 +4.9960e-03 +5.3293e-03 +5.6627e-03 +5.9960e-03 +6.3293e-03 +6.6627e-03 +6.9960e-03 +7.3294e-03 +7.6627e-03 +7.9961e-03 +8.3294e-03 +8.6627e-03 +8.9961e-03 +9.3294e-03 +9.6628e-03 +9.9961e-03 
-0000.00200 -1.0004e-02 -9.6706e-03 -9.3373e-03 -9.0039e-03 -8.6706e-03 -8.3373e-03 -8.0040e-03 -7.6706e-03 -7.3373e-03 -7.0040e-03 -6.6707e-03 -6.3373e-03 -6.0040e-03 -5.6707e-03 -5.3374e-03 -5.0040e-03 -4.6707e-03 -4.3374e-03 -4.0041e-03 -3.6708e-03 -3.3374e-03 -3.0041e-03 -2.6708e-03 -2.3375e-03 -2.0041e-03 -1.6708e-03 -1.3375e-03 -1.0041e-03 -6.7081e-04 -3.3747e-04 -4.1412e-06 +3.2919e-04 +6.6253e-04 +9.9586e-04 +1.3292e-03 +1.6625e-03 +1.9959e-03 +2.3292e-03 +2.6626e-03 +2.9959e-03 +3.3292e-03 +3.6626e-03 +3.9959e-03 +4.3293e-03 +4.6626e-03 +4.9960e-03 +5.3293e-03 +5.6627e-03 +5.9960e-03 +6.3293e-03 +6.6627e-03 +6.9960e-03 +7.3294e-03 +7.6627e-03 +7.9961e-03 +8.3294e-03 +8.6627e-03 +8.9961e-03 +9.3294e-03 +9.6628e-03 +9.9961e-03 
# Vertical Final Position [m]
START
            -0000.01000 -0000.00967 -0000.00933 -0000.00900 -0000.00867 -0000.00833 -0000.00800 -0000.00767 -0000.00733 -0000.00700 -0000.00667 -0000.00633 -0000.00600 -0000.00567 -0000.00533 -0000.00500 -0000.00467 -0000.00433 -0000.00400 -0000.00367 -0000.00333 -0000.00300 -0000.00267 -0000.00233 -0000.00200 -0000.00167 -0000.00133 -0000.00100 -0000.00067 -0000.00033 +0000.00000 +0000.00033 +0000.00067 +0000.00100 +0000.00133 +0000.00167 +0000.00200 +0000.00233 +0000.00267 +0000.00300 +0000.00333 +0000.00367 +0000.00400 +0000.00433 +0000.00467 +0000.00500 +0000.00533 +0000.00567 +0000.00600 +0000.00633 +0000.00667 +0000.00700 +0000.00733 +0000.00767 +0000.00800 +0000.00833 +0000.00867 +0000.00900 +0000.00933 +0000.00967 +0000.01000 
+0000.00200 +2.0001e-03 +2.0001e-03 +2.0001e-03 +2.0001e-03 +2.0001e-03 +2.0001e-03 +2.0001e-03 +2.0001e-03 +2.0001e-03 +2.0001e-03 +2.0001e-03 +2.0001e-03 +2.0001e-03 +2.0001e-03 +2.0001e-03 +2.0001e-03 +2.0000e-03 +2.0000e-03 +2.0000e-03 +2.0000e-03 +2.0000e-03 +2.0000e-03 +2.0000e-03 +2.0000e-03 +2.0000e-03 +2.0000e-03 +2.0000e-03 +2.0000e-03 +2.0000e-03 +2.0000e-03 +2.0000e-03 +2.0000e-03 +2.0000e-03 +2.0000e-03 +2.0000e-03 +2.0000e-03 +2.0000e-03 +2.0000e-03 +2.0000e-03 +2.0000e-03 +2.0000e-03 +2.0000e-03 +1.9999e-03 +1.9999e-03 +1.9999e-03 +1.9999e-03 +1.9999e-03 +1.9999e-03 +1.9999e-03 +1.9999e-03 +1.9999e-03 +1.9999e-03 +1.9999e-03 +1.9999e-03 +1.9999e-03 +1.9999e-03 +1.9999e-03 +1.9999e-03 +1.9999e-03 +1.9999e-03 +1.9999e-03 
+0000.00150 +1.5001e-03 +1.5001e-03 +1.5001e-03 +1.5001e-03 +1.5001e-03 +1.5001e-03 +1.5001e-03 +1.5001e-03 +1.5001e-03 +1.5001e-03 +1.5000e-03 +1.5000e-03 +1.5000e-03 +1.5000e-03 +1.5000e-03 +1.5000e-03 +1.5000e-03 +1.5000e-03 +1.5000e-03 +1.5000e-03 +1.5000e-03 +1.5000e-03 +1.5000e-03 +1.5000e-03 +1.5000e-03 +1.5000e-03 +1.5000e-03 +1.5000e-03 +1.5000e-03 +1.5000e-03 +1.5000e-03 +1.5000e-03 +1.5000e-03 +1.5000e-03 +1.5000e-03 +1.5000e-03 +1.5000e-03 +1.5000e-03 +1.5000e-03 +1.5000e-03 +1.5000e-03 +1.5000e-03 +1.5000e-03 +1.5000e-03 +1.5000e-03 +1.5000e-03 +1.4999e-03 +1.4999e-03 +1.4999e-03 +1.4999e-03 +1.4999e-03 +1.4999e-03 +1.4999e-03 +1.4999e-03 +1.4999e-03 +1.4999e-03 +1.4999e-03 +1.4999e-03 +1.4999e-03 +1.4999e-03 +1.4999e-03 
+0000.00100 +1.0000e-03 +1.0000e-03 +1.0000e-03 +1.0000e-03 +1.0000e-03 +1.0000e-03 +1.0000e-03 +1.0000e-03 +1.0000e-03 +1.0000e-03 +1.0000e-03 +1.0000e-03 +1.0000e-03 +1.0000e-03 +1.0000e-03 +1.0000e-03 +1.0000e-03 +1.0000e-03 +1.0000e-03 +1.0000e-03 +1.0000e-03 +1.0000e-03 +1.0000e-03 +1.0000e-03 +1.0000e-03 +1.0000e-03 +1.0000e-03 +1.0000e-03 +1.0000e-03 +1.0000e-03 +1.0000e-03 +9.9999e-04 +9.9999e-04 +9.9999e-04 +9.9999e-04 +9.9999e-04 +9.9999e-04 +9.9999e-04 +9.9998e-04 +9.9998e-04 +9.9998e-04 +9.9998e-04 +9.9998e-04 +9.9997e-04 +9.9997e-04 +9.9997e-04 +9.9997e-04 +9.9997e-04 +9.9996e-04 +9.9996e-04 +9.9996e-04 +9.9996e-04 +9.9996e-04 +9.9996e-04 +9.9995e-04 +9.9995e-04 +9.9995e-04 +9.9995e-04 +9.9995e-04 +9.9995e-04 +9.9995e-04 
+0000.00050 +5.0002e-04 +5.0002e-04 +5.0002e-04 +5.0002e-04 +5.0002e-04 +5.0002e-04 +5.0002e-04 +5.0002e-04 +5.0002e-04 +5.0002e-04 +5.0002e-04 +5.0002e-04 +5.0002e-04 +5.0002e-04 +5.0001e-04 +5.0001e-04 +5.0001e-04 +5.0001e-04 +5.0001e-04 +5.0001e-04 +5.0001e-04 +5.0001e-04 +5.0001e-04 +5.0001e-04 +5.0001e-04 +5.0000e-04 +5.0000e-04 +5.0000e-04 +5.0000e-04 +5.0000e-04 +5.0000e-04 +5.0000e-04 +5.0000e-04 +5.0000e-04 +5.0000e-04 +4.9999e-04 +4.9999e-04 +4.9999e-04 +4.9999e-04 +4.9999e-04 +4.9999e-04 +4.9999e-04 +4.9999e-04 +4.9999e-04 +4.9999e-04 +4.9998e-04 +4.9998e-04 +4.9998e-04 +4.9998e-04 +4.9998e-04 +4.9998e-04 +4.9998e-04 +4.9998e-04 +4.9998e-04 +4.9998e-04 +4.9998e-04 +4.9998e-04 +4.9998e-04 +4.9998e-04 +4.9998e-04 +4.9998e-04 
+0000.00000 +7.7076e-11 +7.9195e-11 +8.0685e-11 +8.1603e-11 +8.2005e-11 +8.1943e-11 +8.1470e-11 +8.0636e-11 +7.9487e-11 +7.8070e-11 +7.6427e-11 +7.4601e-11 +7.2630e-11 +7.0553e-11 +6.8403e-11 +6.6216e-11 +6.4022e-11 +6.1851e-11 +5.9730e-11 +5.7684e-11 +5.5736e-11 +5.3908e-11 +5.2220e-11 +5.0687e-11 +4.9326e-11 +4.8149e-11 +4.7169e-11 +4.6393e-11 +4.5829e-11 +4.5482e-11 +4.5355e-11 +4.5450e-11 +4.5765e-11 +4.6297e-11 +4.7041e-11 +4.7991e-11 +4.9137e-11 +5.0468e-11 +5.1970e-11 +5.3630e-11 +5.5429e-11 +5.7349e-11 +5.9369e-11 +6.1465e-11 +6.3611e-11 +6.5781e-11 +6.7946e-11 +7.0074e-11 +7.2132e-11 +7.4085e-11 +7.5895e-11 +7.7522e-11 +7.8926e-11 +8.0063e-11 +8.0888e-11 +8.1353e-11 +8.1409e-11 +8.1004e-11 +8.0084e-11 +7.8595e-11 +7.6479e-11 
-0000.00050 -5.0002e-04 -5.0002e-04 -5.0002e-04 -5.0002e-04 -5.0002e-04 -5.0002e-04 -5.0002e-04 -5.0002e-04 -5.0002e-04 -5.0002e-04 -5.0002e-04 -5.0002e-04 -5.0002e-04 -5.0002e-04 -5.0001e-04 -5.0001e-04 -5.0001e-04 -5.0001e-04 -5.0001e-04 -5.0001e-04 -5.0001e-04 -5.0001e-04 -5.0001e-04 -5.0001e-04 -5.0000e-04 -5.0000e-04 -5.0000e-04 -5.0000e-04 -5.0000e-04 -5.0000e-04 -5.0000e-04 -5.0000e-04 -5.0000e-04 -5.0000e-04 -5.0000e-04 -4.9999e-04 -4.9999e-04 -4.9999e-04 -4.9999e-04 -4.9999e-04 -4.9999e-04 -4.9999e-04 -4.9999e-04 -4.9999e-04 -4.9999e-04 -4.9999e-04 -4.9999e-04 -4.9998e-04 -4.9998e-04 -4.9998e-04 -4.9998e-04 -4.9998e-04 -4.9998e-04 -4.9998e-04 -4.9998e-04 -4.9998e-04 -4.9998e-04 -4.9998e-04 -4.9998e-04 -4.9997e-04 -4.9997e-04 
-0000.00100 -1.0000e-03 -1.0000e-03 -1.0000e-03 -1.0000e-03 -1.0000e-03 -1.0000e-03 -1.0000e-03 -1.0000e-03 -1.0000e-03 -1.0000e-03 -1.0000e-03 -1.0000e-03 -1.0000e-03 -1.0000e-03 -1.0000e-03 -1.0000e-03 -1.0000e-03 -1.0000e-03 -1.0000e-03 -1.0000e-03 -1.0000e-03 -1.0000e-03 -1.0000e-03 -1.0000e-03 -1.0000e-03 -1.0000e-03 -1.0000e-03 -1.0000e-03 -1.0000e-03 -1.0000e-03 -1.0000e-03 -9.9999e-04 -9.9999e-04 -9.9999e-04 -9.9999e-04 -9.9999e-04 -9.9999e-04 -9.9999e-04 -9.9998e-04 -9.9998e-04 -9.9998e-04 -9.9998e-04 -9.9998e-04 -9.9997e-04 -9.9997e-04 -9.9997e-04 -9.9997e-04 -9.9997e-04 -9.9996e-04 -9.9996e-04 -9.9996e-04 -9.9996e-04 -9.9996e-04 -9.9996e-04 -9.9995e-04 -9.9995e-04 -9.9995e-04 -9.9995e-04 -9.9995e-04 -9.9995e-04 -9.9995e-04 
-0000.00150 -1.5001e-03 -1.5001e-03 -1.5001e-03 -1.5001e-03 -1.5001e-03 -1.5001e-03 -1.5001e-03 -1.5001e-03 -1.5001e-03 -1.5001e-03 -1.5000e-03 -1.5000e-03 -1.5000e-03 -1.5000e-03 -1.5000e-03 -1.5000e-03 -1.5000e-03 -1.5000e-03 -1.5000e-03 -1.5000e-03 -1.5000e-03 -1.5000e-03 -1.5000e-03 -1.5000e-03 -1.5000e-03 -1.5000e-03 -1.5000e-03 -1.5000e-03 -1.5000e-03 -1.5000e-03 -1.5000e-03 -1.5000e-03 -1.5000e-03 -1.5000e-03 -1.5000e-03 -1.5000e-03 -1.5000e-03 -1.5000e-03 -1.5000e-03 -1.5000e-03 -1.5000e-03 -1.5000e-03 -1.5000e-03 -1.5000e-03 -1.5000e-03 -1.5000e-03 -1.4999e-03 -1.4999e-03 -1.4999e-03 -1.4999e-03 -1.4999e-03 -1.4999e-03 -1.4999e-03 -1.4999e-03 -1.4999e-03 -1.4999e-03 -1.4999e-03 -1.4999e-03 -1.4999e-03 -1.4999e-03 -1.4999e-03 
-0000.00200 -2.0001e-03 -2.0001e-03 -2.0001e-03 -2.0001e-03 -2.0001e-03 -2.0001e-03 -2.0001e-03 -2.0001e-03 -2.0001e-03 -2.0001e-03 -2.0001e-03 -2.0001e-03 -2.0001e-03 -2.0001e-03 -2.0001e-03 -2.0001e-03 -2.0000e-03 -2.0000e-03 -2.0000e-03 -2.0000e-03 -2.0000e-03 -2.0000e-03 -2.0000e-03 -2.0000e-03 -2.0000e-03 -2.0000e-03 -2.0000e-03 -2.0000e-03 -2.0000e-03 -2.0000e-03 -2.0000e-03 -2.0000e-03 -2.0000e-03 -2.0000e-03 -2.0000e-03 -2.0000e-03 -2.0000e-03 -2.0000e-03 -2.0000e-03 -2.0000e-03 -2.0000e-03 -2.0000e-03 -1.9999e-03 -1.9999e-03 -1.9999e-03 -1.9999e-03 -1.9999e-03 -1.9999e-03 -1.9999e-03 -1.9999e-03 -1.9999e-03 -1.9999e-03 -1.9999e-03 -1.9999e-03 -1.9999e-03 -1.9999e-03 -1.9999e-03 -1.9999e-03 -1.9999e-03 -1.9999e-03 -1.9999e-03 