# Author: FAC idanalysis.IDKickMap
# Termination_kicks [T2m2]: +0.0000e+00 +0.0000e+00 +0.0000e+00 +0.0000e+00 
# Total Length of Longitudinal Interval [m]
0.13
# Number of Horizontal Points
61
# Number of Vertical Points
9
# Total Horizontal 2nd Order Kick [T2m2]
START
            -0000.01000 -0000.00967 -0000.00933 -0000.00900 -0000.00867 -0000.00833 -0000.00800 -0000.00767 -0000.00733 -0000.00700 -0000.00667 -0000.00633 -0000.00600 -0000.00567 -0000.00533 -0000.00500 -0000.00467 -0000.00433 -0000.00400 -0000.00367 -0000.00333 -0000.00300 -0000.00267 -0000.00233 -0000.00200 -0000.00167 -0000.00133 -0000.00100 -0000.00067 -0000.00033 +0000.00000 +0000.00033 +0000.00067 +0000.00100 +0000.00133 +0000.00167 +0000.00200 +0000.00233 +0000.00267 +0000.00300 +0000.00333 +0000.00367 +0000.00400 +0000.00433 +0000.00467 +0000.00500 +0000.00533 +0000.00567 +0000.00600 +0000.00633 +0000.00667 +0000.00700 +0000.00733 +0000.00767 +0000.00800 +0000.00833 +0000.00867 +0000.00900 +0000.00933 +0000.00967 +0000.01000 
+0000.00200 -3.5546e-04 -3.5101e-04 -3.4651e-04 -3.4197e-04 -3.3742e-04 -3.3288e-04 -3.2836e-04 -3.2388e-04 -3.1947e-04 -3.1513e-04 -3.1089e-04 -3.0676e-04 -3.0275e-04 -2.9888e-04 -2.9516e-04 -2.9160e-04 -2.8822e-04 -2.8502e-04 -2.8201e-04 -2.7922e-04 -2.7663e-04 -2.7426e-04 -2.7213e-04 -2.7022e-04 -2.6856e-04 -2.6714e-04 -2.6597e-04 -2.6505e-04 -2.6439e-04 -2.6398e-04 -2.6383e-04 -2.6394e-04 -2.6431e-04 -2.6493e-04 -2.6581e-04 -2.6693e-04 -2.6831e-04 -2.6994e-04 -2.7180e-04 -2.7389e-04 -2.7622e-04 -2.7876e-04 -2.8152e-04 -2.8448e-04 -2.8764e-04 -2.9099e-04 -2.9450e-04 -2.9818e-04 -3.0201e-04 -3.0598e-04 -3.1007e-04 -3.1427e-04 -3.1857e-04 -3.2294e-04 -3.2738e-04 -3.3185e-04 -3.3636e-04 -3.4087e-04 -3.4537e-04 -3.4983e-04 -3.5424e-04 
+0000.00150 -3.5431e-04 -3.5017e-04 -3.4594e-04 -3.4166e-04 -3.3735e-04 -3.3303e-04 -3.2871e-04 -3.2442e-04 -3.2018e-04 -3.1600e-04 -3.1190e-04 -3.0789e-04 -3.0400e-04 -3.0024e-04 -2.9661e-04 -2.9314e-04 -2.8984e-04 -2.8671e-04 -2.8377e-04 -2.8102e-04 -2.7848e-04 -2.7616e-04 -2.7406e-04 -2.7219e-04 -2.7055e-04 -2.6915e-04 -2.6800e-04 -2.6710e-04 -2.6644e-04 -2.6604e-04 -2.6589e-04 -2.6600e-04 -2.6636e-04 -2.6697e-04 -2.6784e-04 -2.6895e-04 -2.7031e-04 -2.7190e-04 -2.7373e-04 -2.7579e-04 -2.7808e-04 -2.8057e-04 -2.8328e-04 -2.8618e-04 -2.8927e-04 -2.9253e-04 -2.9597e-04 -2.9955e-04 -3.0328e-04 -3.0713e-04 -3.1110e-04 -3.1516e-04 -3.1930e-04 -3.2351e-04 -3.2776e-04 -3.3204e-04 -3.3633e-04 -3.4060e-04 -3.4485e-04 -3.4903e-04 -3.5315e-04 
+0000.00100 -3.5347e-04 -3.4953e-04 -3.4551e-04 -3.4141e-04 -3.3727e-04 -3.3310e-04 -3.2893e-04 -3.2477e-04 -3.2065e-04 -3.1658e-04 -3.1259e-04 -3.0868e-04 -3.0487e-04 -3.0118e-04 -2.9763e-04 -2.9422e-04 -2.9097e-04 -2.8790e-04 -2.8500e-04 -2.8230e-04 -2.7980e-04 -2.7751e-04 -2.7543e-04 -2.7359e-04 -2.7197e-04 -2.7059e-04 -2.6945e-04 -2.6856e-04 -2.6791e-04 -2.6751e-04 -2.6737e-04 -2.6747e-04 -2.6783e-04 -2.6844e-04 -2.6929e-04 -2.7039e-04 -2.7173e-04 -2.7330e-04 -2.7511e-04 -2.7715e-04 -2.7940e-04 -2.8186e-04 -2.8452e-04 -2.8738e-04 -2.9042e-04 -2.9363e-04 -2.9700e-04 -3.0051e-04 -3.0416e-04 -3.0793e-04 -3.1181e-04 -3.1577e-04 -3.1980e-04 -3.2388e-04 -3.2801e-04 -3.3214e-04 -3.3628e-04 -3.4039e-04 -3.4445e-04 -3.4844e-04 -3.5234e-04 
+0000.00050 -3.5295e-04 -3.4914e-04 -3.4524e-04 -3.4125e-04 -3.3721e-04 -3.3314e-04 -3.2905e-04 -3.2497e-04 -3.2093e-04 -3.1693e-04 -3.1299e-04 -3.0914e-04 -3.0538e-04 -3.0174e-04 -2.9823e-04 -2.9486e-04 -2.9165e-04 -2.8860e-04 -2.8574e-04 -2.8306e-04 -2.8058e-04 -2.7831e-04 -2.7625e-04 -2.7442e-04 -2.7282e-04 -2.7145e-04 -2.7032e-04 -2.6943e-04 -2.6879e-04 -2.6839e-04 -2.6825e-04 -2.6835e-04 -2.6871e-04 -2.6931e-04 -2.7016e-04 -2.7125e-04 -2.7258e-04 -2.7414e-04 -2.7593e-04 -2.7795e-04 -2.8018e-04 -2.8262e-04 -2.8526e-04 -2.8809e-04 -2.9110e-04 -2.9427e-04 -2.9760e-04 -3.0108e-04 -3.0468e-04 -3.0840e-04 -3.1222e-04 -3.1612e-04 -3.2008e-04 -3.2410e-04 -3.2814e-04 -3.3219e-04 -3.3623e-04 -3.4024e-04 -3.4420e-04 -3.4808e-04 -3.5185e-04 
+0000.00000 -3.5277e-04 -3.4901e-04 -3.4514e-04 -3.4119e-04 -3.3719e-04 -3.3314e-04 -3.2909e-04 -3.2504e-04 -3.2101e-04 -3.1704e-04 -3.1312e-04 -3.0929e-04 -3.0555e-04 -3.0193e-04 -2.9843e-04 -2.9508e-04 -2.9187e-04 -2.8884e-04 -2.8598e-04 -2.8331e-04 -2.8084e-04 -2.7858e-04 -2.7653e-04 -2.7470e-04 -2.7310e-04 -2.7174e-04 -2.7061e-04 -2.6972e-04 -2.6908e-04 -2.6869e-04 -2.6855e-04 -2.6865e-04 -2.6900e-04 -2.6960e-04 -2.7045e-04 -2.7154e-04 -2.7286e-04 -2.7442e-04 -2.7621e-04 -2.7822e-04 -2.8045e-04 -2.8288e-04 -2.8551e-04 -2.8833e-04 -2.9133e-04 -2.9449e-04 -2.9781e-04 -3.0127e-04 -3.0486e-04 -3.0856e-04 -3.1236e-04 -3.1624e-04 -3.2018e-04 -3.2417e-04 -3.2819e-04 -3.3221e-04 -3.3622e-04 -3.4020e-04 -3.4412e-04 -3.4796e-04 -3.5169e-04 
-0000.00050 -3.5295e-04 -3.4914e-04 -3.4523e-04 -3.4125e-04 -3.3721e-04 -3.3313e-04 -3.2905e-04 -3.2497e-04 -3.2092e-04 -3.1692e-04 -3.1299e-04 -3.0913e-04 -3.0538e-04 -3.0174e-04 -2.9823e-04 -2.9486e-04 -2.9165e-04 -2.8860e-04 -2.8573e-04 -2.8306e-04 -2.8058e-04 -2.7831e-04 -2.7625e-04 -2.7442e-04 -2.7282e-04 -2.7145e-04 -2.7032e-04 -2.6943e-04 -2.6879e-04 -2.6839e-04 -2.6825e-04 -2.6835e-04 -2.6871e-04 -2.6931e-04 -2.7016e-04 -2.7125e-04 -2.7258e-04 -2.7414e-04 -2.7594e-04 -2.7795e-04 -2.8019e-04 -2.8263e-04 -2.8527e-04 -2.8809e-04 -2.9110e-04 -2.9428e-04 -2.9761e-04 -3.0109e-04 -3.0469e-04 -3.0841e-04 -3.1222e-04 -3.1612e-04 -3.2009e-04 -3.2410e-04 -3.2815e-04 -3.3220e-04 -3.3624e-04 -3.4025e-04 -3.4421e-04 -3.4808e-04 -3.5186e-04 
-0000.00100 -3.5346e-04 -3.4953e-04 -3.4550e-04 -3.4141e-04 -3.3726e-04 -3.3309e-04 -3.2892e-04 -3.2477e-04 -3.2064e-04 -3.1658e-04 -3.1258e-04 -3.0867e-04 -3.0486e-04 -3.0118e-04 -2.9762e-04 -2.9422e-04 -2.9097e-04 -2.8789e-04 -2.8500e-04 -2.8229e-04 -2.7979e-04 -2.7750e-04 -2.7543e-04 -2.7358e-04 -2.7197e-04 -2.7059e-04 -2.6945e-04 -2.6855e-04 -2.6791e-04 -2.6751e-04 -2.6737e-04 -2.6747e-04 -2.6783e-04 -2.6844e-04 -2.6929e-04 -2.7039e-04 -2.7173e-04 -2.7331e-04 -2.7512e-04 -2.7715e-04 -2.7940e-04 -2.8186e-04 -2.8453e-04 -2.8738e-04 -2.9042e-04 -2.9363e-04 -2.9700e-04 -3.0052e-04 -3.0417e-04 -3.0794e-04 -3.1181e-04 -3.1577e-04 -3.1981e-04 -3.2389e-04 -3.2801e-04 -3.3215e-04 -3.3628e-04 -3.4039e-04 -3.4446e-04 -3.4845e-04 -3.5235e-04 
-0000.00150 -3.5430e-04 -3.5016e-04 -3.4593e-04 -3.4165e-04 -3.3734e-04 -3.3301e-04 -3.2870e-04 -3.2441e-04 -3.2016e-04 -3.1598e-04 -3.1188e-04 -3.0788e-04 -3.0399e-04 -3.0023e-04 -2.9660e-04 -2.9313e-04 -2.8982e-04 -2.8670e-04 -2.8375e-04 -2.8101e-04 -2.7847e-04 -2.7615e-04 -2.7405e-04 -2.7218e-04 -2.7055e-04 -2.6915e-04 -2.6800e-04 -2.6709e-04 -2.6644e-04 -2.6604e-04 -2.6589e-04 -2.6600e-04 -2.6636e-04 -2.6698e-04 -2.6784e-04 -2.6895e-04 -2.7031e-04 -2.7191e-04 -2.7374e-04 -2.7580e-04 -2.7808e-04 -2.8058e-04 -2.8329e-04 -2.8619e-04 -2.8928e-04 -2.9255e-04 -2.9598e-04 -2.9956e-04 -3.0329e-04 -3.0714e-04 -3.1111e-04 -3.1517e-04 -3.1931e-04 -3.2352e-04 -3.2777e-04 -3.3205e-04 -3.3634e-04 -3.4062e-04 -3.4486e-04 -3.4905e-04 -3.5316e-04 
-0000.00200 -3.5545e-04 -3.5100e-04 -3.4649e-04 -3.4195e-04 -3.3740e-04 -3.3286e-04 -3.2834e-04 -3.2386e-04 -3.1945e-04 -3.1512e-04 -3.1087e-04 -3.0674e-04 -3.0273e-04 -2.9886e-04 -2.9514e-04 -2.9158e-04 -2.8820e-04 -2.8500e-04 -2.8200e-04 -2.7920e-04 -2.7662e-04 -2.7425e-04 -2.7212e-04 -2.7021e-04 -2.6855e-04 -2.6713e-04 -2.6596e-04 -2.6505e-04 -2.6438e-04 -2.6398e-04 -2.6383e-04 -2.6394e-04 -2.6431e-04 -2.6493e-04 -2.6581e-04 -2.6694e-04 -2.6832e-04 -2.6994e-04 -2.7181e-04 -2.7390e-04 -2.7623e-04 -2.7878e-04 -2.8154e-04 -2.8450e-04 -2.8766e-04 -2.9100e-04 -2.9452e-04 -2.9820e-04 -3.0203e-04 -3.0600e-04 -3.1009e-04 -3.1429e-04 -3.1859e-04 -3.2296e-04 -3.2739e-04 -3.3187e-04 -3.3637e-04 -3.4088e-04 -3.4538e-04 -3.4984e-04 -3.5425e-04 
# Total Vertical 2nd Order Kick [T2m2]
START
            -0000.01000 -0000.00967 -0000.00933 -0000.00900 -0000.00867 -0000.00833 -0000.00800 -0000.00767 -0000.00733 -0000.00700 -0000.00667 -0000.00633 -0000.00600 -0000.00567 -0000.00533 -0000.00500 -0000.00467 -0000.00433 -0000.00400 -0000.00367 -0000.00333 -0000.00300 -0000.00267 -0000.00233 -0000.00200 -0000.00167 -0000.00133 -0000.00100 -0000.00067 -0000.00033 +0000.00000 +0000.00033 +0000.00067 +0000.00100 +0000.00133 +0000.00167 +0000.00200 +0000.00233 +0000.00267 +0000.00300 +0000.00333 +0000.00367 +0000.00400 +0000.00433 +0000.00467 +0000.00500 +0000.00533 +0000.00567 +0000.00600 +0000.00633 +0000.00667 +0000.00700 +0000.00733 +0000.00767 +0000.00800 +0000.00833 +0000.00867 +0000.00900 +0000.00933 +0000.00967 +0000.01000 
+0000.00200 -2.7572e-05 -2.8383e-05 -2.9035e-05 -2.9534e-05 -2.9885e-05 -3.0093e-05 -3.0164e-05 -3.0104e-05 -2.9917e-05 -2.9611e-05 -2.9189e-05 -2.8658e-05 -2.8024e-05 -2.7290e-05 -2.6464e-05 -2.5551e-05 -2.4556e-05 -2.3484e-05 -2.2341e-05 -2.1133e-05 -1.9865e-05 -1.8542e-05 -1.7170e-05 -1.5755e-05 -1.4302e-05 -1.2815e-05 -1.1302e-05 -9.7669e-06 -8.2154e-06 -6.6529e-06 -5.0850e-06 -3.5169e-06 -1.9542e-06 -4.0232e-07 +1.1334e-06 +2.6476e-06 +4.1347e-06 +5.5895e-06 +7.0064e-06 +8.3802e-06 +9.7054e-06 +1.0977e-05 +1.2189e-05 +1.3336e-05 +1.4413e-05 +1.5415e-05 +1.6335e-05 +1.7170e-05 +1.7913e-05 +1.8560e-05 +1.9104e-05 +1.9540e-05 +1.9864e-05 +2.0069e-05 +2.0151e-05 +2.0104e-05 +1.9923e-05 +1.9602e-05 +1.9136e-05 +1.8520e-05 +1.7749e-05 
+0000.00150 -1.9885e-05 -2.0521e-05 -2.1037e-05 -2.1437e-05 -2.1724e-05 -2.1903e-05 -2.1978e-05 -2.1954e-05 -2.1834e-05 -2.1623e-05 -2.1324e-05 -2.0943e-05 -2.0483e-05 -1.9948e-05 -1.9343e-05 -1.8672e-05 -1.7938e-05 -1.7147e-05 -1.6301e-05 -1.5407e-05 -1.4466e-05 -1.3484e-05 -1.2465e-05 -1.1413e-05 -1.0332e-05 -9.2264e-06 -8.0999e-06 -6.9568e-06 -5.8012e-06 -4.6374e-06 -3.4693e-06 -2.3011e-06 -1.1370e-06 +1.9020e-08 +1.1628e-06 +2.2903e-06 +3.3973e-06 +4.4798e-06 +5.5337e-06 +6.5549e-06 +7.5394e-06 +8.4829e-06 +9.3815e-06 +1.0231e-05 +1.1028e-05 +1.1767e-05 +1.2445e-05 +1.3058e-05 +1.3601e-05 +1.4071e-05 +1.4464e-05 +1.4775e-05 +1.5001e-05 +1.5137e-05 +1.5179e-05 +1.5124e-05 +1.4967e-05 +1.4704e-05 +1.4331e-05 +1.3845e-05 +1.3241e-05 
+0000.00100 -1.2901e-05 -1.3339e-05 -1.3695e-05 -1.3973e-05 -1.4176e-05 -1.4307e-05 -1.4367e-05 -1.4361e-05 -1.4290e-05 -1.4159e-05 -1.3968e-05 -1.3722e-05 -1.3423e-05 -1.3074e-05 -1.2678e-05 -1.2237e-05 -1.1755e-05 -1.1233e-05 -1.0676e-05 -1.0085e-05 -9.4630e-06 -8.8136e-06 -8.1392e-06 -7.4425e-06 -6.7263e-06 -5.9935e-06 -5.2467e-06 -4.4888e-06 -3.7224e-06 -2.9505e-06 -2.1757e-06 -1.4008e-06 -6.2854e-07 +1.3829e-07 +8.9695e-07 +1.6447e-06 +2.3787e-06 +3.0964e-06 +3.7948e-06 +4.4713e-06 +5.1232e-06 +5.7477e-06 +6.3420e-06 +6.9034e-06 +7.4292e-06 +7.9167e-06 +8.3631e-06 +8.7656e-06 +9.1217e-06 +9.4284e-06 +9.6832e-06 +9.8832e-06 +1.0026e-05 +1.0108e-05 +1.0128e-05 +1.0082e-05 +9.9678e-06 +9.7825e-06 +9.5236e-06 +9.1882e-06 +8.7737e-06 
+0000.00050 -6.3652e-06 -6.5882e-06 -6.7705e-06 -6.9137e-06 -7.0190e-06 -7.0879e-06 -7.1219e-06 -7.1222e-06 -7.0904e-06 -7.0277e-06 -6.9357e-06 -6.8158e-06 -6.6692e-06 -6.4975e-06 -6.3019e-06 -6.0841e-06 -5.8452e-06 -5.5867e-06 -5.3101e-06 -5.0167e-06 -4.7079e-06 -4.3851e-06 -4.0496e-06 -3.7030e-06 -3.3466e-06 -2.9817e-06 -2.6098e-06 -2.2322e-06 -1.8504e-06 -1.4657e-06 -1.0795e-06 -6.9318e-07 -3.0818e-07 +7.4158e-08 +4.5244e-07 +8.2528e-07 +1.1913e-06 +1.5491e-06 +1.8974e-06 +2.2347e-06 +2.5596e-06 +2.8708e-06 +3.1669e-06 +3.4466e-06 +3.7084e-06 +3.9510e-06 +4.1730e-06 +4.3730e-06 +4.5496e-06 +4.7016e-06 +4.8275e-06 +4.9259e-06 +4.9954e-06 +5.0348e-06 +5.0426e-06 +5.0175e-06 +4.9581e-06 +4.8631e-06 +4.7310e-06 +4.5605e-06 +4.3502e-06 
+0000.00000 -4.7002e-08 -4.8174e-08 -4.9410e-08 -5.0700e-08 -5.2033e-08 -5.3399e-08 -5.4789e-08 -5.6193e-08 -5.7603e-08 -5.9010e-08 -6.0406e-08 -6.1784e-08 -6.3135e-08 -6.4454e-08 -6.5732e-08 -6.6965e-08 -6.8146e-08 -6.9271e-08 -7.0332e-08 -7.1327e-08 -7.2251e-08 -7.3099e-08 -7.3869e-08 -7.4556e-08 -7.5158e-08 -7.5674e-08 -7.6099e-08 -7.6434e-08 -7.6676e-08 -7.6824e-08 -7.6878e-08 -7.6839e-08 -7.6705e-08 -7.6477e-08 -7.6157e-08 -7.5745e-08 -7.5244e-08 -7.4655e-08 -7.3981e-08 -7.3225e-08 -7.2389e-08 -7.1478e-08 -7.0495e-08 -6.9444e-08 -6.8331e-08 -6.7160e-08 -6.5937e-08 -6.4667e-08 -6.3356e-08 -6.2012e-08 -6.0641e-08 -5.9251e-08 -5.7849e-08 -5.6443e-08 -5.5041e-08 -5.3653e-08 -5.2288e-08 -5.0955e-08 -4.9664e-08 -4.8425e-08 -4.7250e-08 
-0000.00050 +6.2715e-06 +6.4921e-06 +6.6719e-06 +6.8124e-06 +6.9151e-06 +6.9812e-06 +7.0123e-06 +7.0098e-06 +6.9751e-06 +6.9097e-06 +6.8148e-06 +6.6921e-06 +6.5428e-06 +6.3684e-06 +6.1703e-06 +5.9500e-06 +5.7087e-06 +5.4480e-06 +5.1693e-06 +4.8739e-06 +4.5632e-06 +4.2387e-06 +3.9017e-06 +3.5537e-06 +3.1961e-06 +2.8302e-06 +2.4574e-06 +2.0791e-06 +1.6968e-06 +1.3118e-06 +9.2553e-07 +5.3931e-07 +1.5458e-07 -2.2730e-07 -6.0495e-07 -9.7697e-07 -1.3420e-06 -1.6986e-06 -2.0455e-06 -2.3813e-06 -2.7046e-06 -3.0140e-06 -3.3081e-06 -3.5857e-06 -3.8452e-06 -4.0855e-06 -4.3050e-06 -4.5025e-06 -4.6765e-06 -4.8257e-06 -4.9488e-06 -5.0445e-06 -5.1112e-06 -5.1478e-06 -5.1527e-06 -5.1248e-06 -5.0627e-06 -4.9649e-06 -4.8302e-06 -4.6571e-06 -4.4445e-06 
-0000.00100 +1.2808e-05 +1.3243e-05 +1.3597e-05 +1.3872e-05 +1.4072e-05 +1.4200e-05 +1.4258e-05 +1.4248e-05 +1.4175e-05 +1.4040e-05 +1.3847e-05 +1.3598e-05 +1.3297e-05 +1.2945e-05 +1.2546e-05 +1.2103e-05 +1.1618e-05 +1.1094e-05 +1.0534e-05 +9.9414e-06 +9.3179e-06 +8.6668e-06 +7.9908e-06 +7.2928e-06 +6.5754e-06 +5.8415e-06 +5.0939e-06 +4.3353e-06 +3.5685e-06 +2.7962e-06 +2.0213e-06 +1.2465e-06 +4.7447e-07 -2.9192e-07 -1.0499e-06 -1.7969e-06 -2.5299e-06 -3.2464e-06 -3.9435e-06 -4.6185e-06 -5.2687e-06 -5.8913e-06 -6.4837e-06 -7.0430e-06 -7.5666e-06 -8.0517e-06 -8.4956e-06 -8.8956e-06 -9.2490e-06 -9.5530e-06 -9.8049e-06 -1.0002e-05 -1.0142e-05 -1.0221e-05 -1.0238e-05 -1.0189e-05 -1.0072e-05 -9.8840e-06 -9.6223e-06 -9.2842e-06 -8.8671e-06 
-0000.00150 +1.9794e-05 +2.0427e-05 +2.0940e-05 +2.1336e-05 +2.1620e-05 +2.1796e-05 +2.1869e-05 +2.1841e-05 +2.1718e-05 +2.1504e-05 +2.1203e-05 +2.0818e-05 +2.0355e-05 +1.9818e-05 +1.9210e-05 +1.8536e-05 +1.7800e-05 +1.7007e-05 +1.6159e-05 +1.5262e-05 +1.4320e-05 +1.3337e-05 +1.2316e-05 +1.1263e-05 +1.0180e-05 +9.0734e-06 +7.9460e-06 +6.8023e-06 +5.6462e-06 +4.4821e-06 +3.3139e-06 +2.1458e-06 +9.8196e-07 -1.7359e-07 -1.3167e-06 -2.4434e-06 -3.5494e-06 -4.6307e-06 -5.6833e-06 -6.7029e-06 -7.6857e-06 -8.6274e-06 -9.5240e-06 -1.0371e-05 -1.1166e-05 -1.1903e-05 -1.2578e-05 -1.3188e-05 -1.3729e-05 -1.4196e-05 -1.4586e-05 -1.4894e-05 -1.5117e-05 -1.5250e-05 -1.5289e-05 -1.5230e-05 -1.5070e-05 -1.4804e-05 -1.4429e-05 -1.3939e-05 -1.3332e-05 
-0000.00200 +2.7482e-05 +2.8290e-05 +2.8939e-05 +2.9434e-05 +2.9782e-05 +2.9986e-05 +3.0054e-05 +2.9990e-05 +2.9801e-05 +2.9491e-05 +2.9067e-05 +2.8533e-05 +2.7895e-05 +2.7159e-05 +2.6330e-05 +2.5414e-05 +2.4416e-05 +2.3342e-05 +2.2197e-05 +2.0987e-05 +1.9717e-05 +1.8393e-05 +1.7020e-05 +1.5603e-05 +1.4148e-05 +1.2661e-05 +1.1147e-05 +9.6111e-06 +8.0591e-06 +6.4963e-06 +4.9283e-06 +3.3603e-06 +1.7979e-06 +2.4642e-07 -1.2887e-06 -2.8020e-06 -4.2882e-06 -5.7418e-06 -7.1574e-06 -8.5296e-06 -9.8532e-06 -1.1123e-05 -1.2332e-05 -1.3478e-05 -1.4552e-05 -1.5552e-05 -1.6470e-05 -1.7302e-05 -1.8042e-05 -1.8686e-05 -1.9227e-05 -1.9660e-05 -1.9981e-05 -2.0183e-05 -2.0261e-05 -2.0211e-05 -2.0026e-05 -1.9702e-05 -1.9233e-05 -1.8614e-05 -1.7839e-05 
# Horizontal Final Position [m]
START
            -0000.01000 -0000.00967 -0000.00933 -0000.00900 -0000.00867 -0000.00833 -0000.00800 -0000.00767 -0000.00733 -0000.00700 -0000.00667 -0000.00633 -0000.00600 -0000.00567 -0000.00533 -0000.00500 -0000.00467 -0000.00433 -0000.00400 -0000.00367 -0000.00333 -0000.00300 -0000.00267 -0000.00233 -0000.00200 -0000.00167 -0000.00133 -0000.00100 -0000.00067 -0000.00033 +0000.00000 +0000.00033 +0000.00067 +0000.00100 +0000.00133 +0000.00167 +0000.00200 +0000.00233 +0000.00267 +0000.00300 +0000.00333 +0000.00367 +0000.00400 +0000.00433 +0000.00467 +0000.00500 +0000.00533 +0000.00567 +0000.00600 +0000.00633 +0000.00667 +0000.00700 +0000.00733 +0000.00767 +0000.00800 +0000.00833 +0000.00867 +0000.00900 +0000.00933 +0000.00967 +0000.01000 
+0000.00200 -1.0003e-02 -9.6699e-03 -9.3366e-03 -9.0033e-03 -8.6700e-03 -8.3367e-03 -8.0034e-03 -7.6701e-03 -7.3368e-03 -7.0035e-03 -6.6702e-03 -6.3369e-03 -6.0036e-03 -5.6703e-03 -5.3369e-03 -5.0036e-03 -4.6703e-03 -4.3370e-03 -4.0037e-03 -3.6703e-03 -3.3370e-03 -3.0037e-03 -2.6704e-03 -2.3370e-03 -2.0037e-03 -1.6704e-03 -1.3371e-03 -1.0037e-03 -6.7040e-04 -3.3707e-04 -3.7346e-06 +3.2960e-04 +6.6293e-04 +9.9627e-04 +1.3296e-03 +1.6629e-03 +1.9963e-03 +2.3296e-03 +2.6630e-03 +2.9963e-03 +3.3296e-03 +3.6630e-03 +3.9963e-03 +4.3297e-03 +4.6630e-03 +4.9964e-03 +5.3297e-03 +5.6631e-03 +5.9964e-03 +6.3298e-03 +6.6631e-03 +6.9965e-03 +7.3298e-03 +7.6632e-03 +7.9965e-03 +8.3299e-03 +8.6633e-03 +8.9966e-03 +9.3300e-03 +9.6634e-03 +9.9967e-03 
+0000.00150 -1.0003e-02 -9.6699e-03 -9.3366e-03 -9.0033e-03 -8.6700e-03 -8.3367e-03 -8.0034e-03 -7.6701e-03 -7.3368e-03 -7.0035e-03 -6.6702e-03 -6.3369e-03 -6.0036e-03 -5.6703e-03 -5.3369e-03 -5.0036e-03 -4.6703e-03 -4.3370e-03 -4.0037e-03 -3.6703e-03 -3.3370e-03 -3.0037e-03 -2.6704e-03 -2.3370e-03 -2.0037e-03 -1.6704e-03 -1.3371e-03 -1.0037e-03 -6.7040e-04 -3.3707e-04 -3.7340e-06 +3.2960e-04 +6.6293e-04 +9.9627e-04 +1.3296e-03 +1.6629e-03 +1.9963e-03 +2.3296e-03 +2.6630e-03 +2.9963e-03 +3.3296e-03 +3.6630e-03 +3.9963e-03 +4.3297e-03 +4.6630e-03 +4.9964e-03 +5.3297e-03 +5.6631e-03 +5.9964e-03 +6.3298e-03 +6.6631e-03 +6.9965e-03 +7.3298e-03 +7.6632e-03 +7.9965e-03 +8.3299e-03 +8.6633e-03 +8.9966e-03 +9.3300e-03 +9.6634e-03 +9.9967e-03 
+0000.00100 -1.0003e-02 -9.6699e-03 -9.3366e-03 -9.0033e-03 -8.6700e-03 -8.3367e-03 -8.0034e-03 -7.6701e-03 -7.3368e-03 -7.0035e-03 -6.6702e-03 -6.3369e-03 -6.0036e-03 -5.6703e-03 -5.3369e-03 -5.0036e-03 -4.6703e-03 -4.3370e-03 -4.0037e-03 -3.6703e-03 -3.3370e-03 -3.0037e-03 -2.6704e-03 -2.3370e-03 -2.0037e-03 -1.6704e-03 -1.3371e-03 -1.0037e-03 -6.7040e-04 -3.3707e-04 -3.7335e-06 +3.2960e-04 +6.6293e-04 +9.9627e-04 +1.3296e-03 +1.6629e-03 +1.9963e-03 +2.3296e-03 +2.6630e-03 +2.9963e-03 +3.3296e-03 +3.6630e-03 +3.9963e-03 +4.3297e-03 +4.6630e-03 +4.9964e-03 +5.3297e-03 +5.6631e-03 +5.9964e-03 +6.3298e-03 +6.6631e-03 +6.9965e-03 +7.3298e-03 +7.6632e-03 +7.9965e-03 +8.3299e-03 +8.6633e-03 +8.9966e-03 +9.3300e-03 +9.6634e-03 +9.9967e-03 
+0000.00050 -1.0003e-02 -9.6699e-03 -9.3366e-03 -9.0033e-03 -8.6700e-03 -8.3367e-03 -8.0034e-03 -7.6701e-03 -7.3368e-03 -7.0035e-03 -6.6702e-03 -6.3369e-03 -6.0036e-03 -5.6703e-03 -5.3369e-03 -5.0036e-03 -4.6703e-03 -4.3370e-03 -4.0037e-03 -3.6703e-03 -3.3370e-03 -3.0037e-03 -2.6704e-03 -2.3370e-03 -2.0037e-03 -1.6704e-03 -1.3371e-03 -1.0037e-03 -6.7040e-04 -3.3707e-04 -3.7333e-06 +3.2960e-04 +6.6293e-04 +9.9627e-04 +1.3296e-03 +1.6629e-03 +1.9963e-03 +2.3296e-03 +2.6630e-03 +2.9963e-03 +3.3296e-03 +3.6630e-03 +3.9963e-03 +4.3297e-03 +4.6630e-03 +4.9964e-03 +5.3297e-03 +5.6631e-03 +5.9964e-03 +6.3298e-03 +6.6631e-03 +6.9965e-03 +7.3298e-03 +7.6632e-03 +7.9965e-03 +8.3299e-03 +8.6633e-03 +8.9966e-03 +9.3300e-03 +9.6634e-03 +9.9967e-03 
+0000.00000 -1.0003e-02 -9.6699e-03 -9.3366e-03 -9.0033e-03 -8.6700e-03 -8.3367e-03 -8.0034e-03 -7.6701e-03 -7.3368e-03 -7.0035e-03 -6.6702e-03 -6.3369e-03 -6.0036e-03 -5.6703e-03 -5.3369e-03 -5.0036e-03 -4.6703e-03 -4.3370e-03 -4.0037e-03 -3.6703e-03 -3.3370e-03 -3.0037e-03 -2.6704e-03 -2.3370e-03 -2.0037e-03 -1.6704e-03 -1.3371e-03 -1.0037e-03 -6.7040e-04 -3.3706e-04 -3.7318e-06 +3.2960e-04 +6.6294e-04 +9.9627e-04 +1.3296e-03 +1.6629e-03 +1.9963e-03 +2.3296e-03 +2.6630e-03 +2.9963e-03 +3.3296e-03 +3.6630e-03 +3.9963e-03 +4.3297e-03 +4.6630e-03 +4.9964e-03 +5.3297e-03 +5.6631e-03 +5.9964e-03 +6.3298e-03 +6.6631e-03 +6.9965e-03 +7.3298e-03 +7.6632e-03 +7.9965e-03 +8.3299e-03 +8.6633e-03 +8.9966e-03 +9.3300e-03 +9.6634e-03 +9.9967e-03 
-0000.00050 -1.0003e-02 -9.6699e-03 -9.3366e-03 -9.0033e-03 -8.6700e-03 -8.3367e-03 -8.0034e-03 -7.6701e-03 -7.3368e-03 -7.0035e-03 -6.6702e-03 -6.3369e-03 -6.0036e-03 -5.6703e-03 -5.3369e-03 -5.0036e-03 -4.6703e-03 -4.3370e-03 -4.0037e-03 -3.6703e-03 -3.3370e-03 -3.0037e-03 -2.6704e-03 -2.3370e-03 -2.0037e-03 -1.6704e-03 -1.3371e-03 -1.0037e-03 -6.7040e-04 -3.3707e-04 -3.7333e-06 +3.2960e-04 +6.6293e-04 +9.9627e-04 +1.3296e-03 +1.6629e-03 +1.9963e-03 +2.3296e-03 +2.6630e-03 +2.9963e-03 +3.3296e-03 +3.6630e-03 +3.9963e-03 +4.3297e-03 +4.6630e-03 +4.9964e-03 +5.3297e-03 +5.6631e-03 +5.9964e-03 +6.3298e-03 +6.6631e-03 +6.9965e-03 +7.3298e-03 +7.6632e-03 +7.9965e-03 +8.3299e-03 +8.6633e-03 +8.9966e-03 +9.3300e-03 +9.6634e-03 +9.9967e-03 
-0000.00100 -1.0003e-02 -9.6699e-03 -9.3366e-03 -9.0033e-03 -8.6700e-03 -8.3367e-03 -8.0034e-03 -7.6701e-03 -7.3368e-03 -7.0035e-03 -6.6702e-03 -6.3369e-03 -6.0036e-03 -5.6703e-03 -5.3369e-03 -5.0036e-03 -4.6703e-03 -4.3370e-03 -4.0037e-03 -3.6703e-03 -3.3370e-03 -3.0037e-03 -2.6704e-03 -2.3370e-03 -2.0037e-03 -1.6704e-03 -1.3371e-03 -1.0037e-03 -6.7040e-04 -3.3707e-04 -3.7335e-06 +3.2960e-04 +6.6293e-04 +9.9627e-04 +1.3296e-03 +1.6629e-03 +1.9963e-03 +2.3296e-03 +2.6630e-03 +2.9963e-03 +3.3296e-03 +3.6630e-03 +3.9963e-03 +4.3297e-03 +4.6630e-03 +4.9964e-03 +5.3297e-03 +5.6631e-03 +5.9964e-03 +6.3298e-03 +6.6631e-03 +6.9965e-03 +7.3298e-03 +7.6632e-03 +7.9965e-03 +8.3299e-03 +8.6633e-03 +8.9966e-03 +9.3300e-03 +9.6634e-03 +9.9967e-03 
-0000.00150 -1.0003e-02 -9.6699e-03 -9.3366e-03 -9.0033e-03 -8.6700e-03 -8.3367e-03 -8.0034e-03 -7.6701e-03 -7.3368e-03 -7.0035e-03 -6.6702e-03 -6.3369e-03 -6.0036e-03 -5.6703e-03 -5.3369e-03 -5.0036e-03 -4.6703e-03 -4.3370e-03 -4.0037e-03 -3.6703e-03 -3.3370e-03 -3.0037e-03 -2.6704e-03 -2.3370e-03 -2.0037e-03 -1.6704e-03 -1.3371e-03 -1.0037e-03 -6.7040e-04 -3.3707e-04 -3.7340e-06 +3.2960e-04 +6.6293e-04 +9.9627e-04 +1.3296e-03 +1.6629e-03 +1.9963e-03 +2.3296e-03 +2.6630e-03 +2.9963e-03 +3.3296e-03 +3.6630e-03 +3.9963e-03 +4.3297e-03 +4.6630e-03 +4.9964e-03 +5.3297e-03 +5.6631e-03 +5.9964e-03 +6.3298e-03 +6.6631e-03 +6.9965e-03 +7.3298e-03 +7.6632e-03 +7.9965e-03 +8.3299e-03 +8.6633e-03 +8.9966e-03 +9.3300e-03 +9.6634e-03 +9.9967e-03 
-0000.00200 -1.0003e-02 -9.6699e-03 -9.3366e-03 -9.0033e-03 -8.6700e-03 -8.3367e-03 -8.0034e-03 -7.6701e-03 -7.3368e-03 -7.0035e-03 -6.6702e-03 -6.3369e-03 -6.0036e-03 -5.6703e-03 -5.3369e-03 -5.0036e-03 -4.6703e-03 -4.3370e-03 -4.0037e-03 -3.6703e-03 -3.3370e-03 -3.0037e-03 -2.6704e-03 -2.3370e-03 -2.0037e-03 -1.6704e-03 -1.3371e-03 -1.0037e-03 -6.7040e-04 -3.3707e-04 -3.7346e-06 +3.2960e-04 +6.6293e-04 +9.9627e-04 +1.3296e-03 +1.6629e-03 +1.9963e-03 +2.3296e-03 +2.6630e-03 +2.9963e-03 +3.3296e-03 +3.6630e-03 +3.9963e-03 +4.3297e-03 +4.6630e-03 +4.9964e-03 +5.3297e-03 +5.6631e-03 +5.9964e-03 +6.3298e-03 +6.6631e-03 +6.9965e-03 +7.3298e-03 +7.6632e-03 +7.9965e-03 +8.3299e-03 +8.6633e-03 +8.9966e-03 +9.3300e-03 +9.6634e-03 +9.9967e-03 
# Vertical Final Position [m]
START
            -0000.01000 -0000.00967 -0000.00933 -0000.00900 -0000.00867 -0000.00833 -0000.00800 -0000.00767 -0000.00733 -0000.00700 -0000.00667 -0000.00633 -0000.00600 -0000.00567 -0000.00533 -0000.00500 -0000.00467 -0000.00433 -0000.00400 -0000.00367 -0000.00333 -0000.00300 -0000.00267 -0000.00233 -0000.00200 -0000.00167 -0000.00133 -0000.00100 -0000.00067 -0000.00033 +0000.00000 +0000.00033 +0000.00067 +0000.00100 +0000.00133 +0000.00167 +0000.00200 +0000.00233 +0000.00267 +0000.00300 +0000.00333 +0000.00367 +0000.00400 +0000.00433 +0000.00467 +0000.00500 +0000.00533 +0000.00567 +0000.00600 +0000.00633 +0000.00667 +0000.00700 +0000.00733 +0000.00767 +0000.00800 +0000.00833 +0000.00867 +0000.00900 +0000.00933 +0000.00967 +0000.01000 
+0000.00200 +2.0001e-03 +2.0001e-03 +2.0001e-03 +2.0001e-03 +2.0001e-03 +2.0001e-03 +2.0001e-03 +2.0001e-03 +2.0001e-03 +2.0001e-03 +2.0001e-03 +2.0001e-03 +2.0001e-03 +2.0001e-03 +2.0001e-03 +2.0001e-03 +2.0001e-03 +2.0001e-03 +2.0001e-03 +2.0001e-03 +2.0001e-03 +2.0000e-03 +2.0000e-03 +2.0000e-03 +2.0000e-03 +2.0000e-03 +2.0000e-03 +2.0000e-03 +2.0000e-03 +2.0000e-03 +2.0000e-03 +2.0000e-03 +2.0000e-03 +2.0000e-03 +2.0000e-03 +2.0000e-03 +1.9999e-03 +1.9999e-03 +1.9999e-03 +1.9999e-03 +1.9999e-03 +1.9999e-03 +1.9999e-03 +1.9999e-03 +1.9999e-03 +1.9999e-03 +1.9999e-03 +1.9999e-03 +1.9999e-03 +1.9999e-03 +1.9999e-03 +1.9999e-03 +1.9999e-03 +1.9999e-03 +1.9999e-03 +1.9999e-03 +1.9999e-03 +1.9999e-03 +1.9999e-03 +1.9999e-03 +1.9999e-03 
+0000.00150 +1.5001e-03 +1.5001e-03 +1.5001e-03 +1.5001e-03 +1.5001e-03 +1.5001e-03 +1.5001e-03 +1.5001e-03 +1.5001e-03 +1.5001e-03 +1.5001e-03 +1.5001e-03 +1.5001e-03 +1.5001e-03 +1.5001e-03 +1.5001e-03 +1.5001e-03 +1.5001e-03 +1.5001e-03 +1.5001e-03 +1.5001e-03 +1.5001e-03 +1.5001e-03 +1.5000e-03 +1.5000e-03 +1.5000e-03 +1.5000e-03 +1.5000e-03 +1.5000e-03 +1.5000e-03 +1.5000e-03 +1.5000e-03 +1.5000e-03 +1.5000e-03 +1.5000e-03 +1.5000e-03 +1.5000e-03 +1.5000e-03 +1.4999e-03 +1.4999e-03 +1.4999e-03 +1.4999e-03 +1.4999e-03 +1.4999e-03 +1.4999e-03 +1.4999e-03 +1.4999e-03 +1.4999e-03 +1.4999e-03 +1.4999e-03 +1.4999e-03 +1.4999e-03 +1.4999e-03 +1.4999e-03 +1.4999e-03 +1.4999e-03 +1.4999e-03 +1.4999e-03 +1.4999e-03 +1.4999e-03 +1.4999e-03 
+0000.00100 +1.0001e-03 +1.0001e-03 +1.0001e-03 +1.0001e-03 +1.0001e-03 +1.0001e-03 +1.0001e-03 +1.0001e-03 +1.0001e-03 +1.0001e-03 +1.0001e-03 +1.0001e-03 +1.0001e-03 +1.0001e-03 +1.0000e-03 +1.0000e-03 +1.0000e-03 +1.0000e-03 +1.0000e-03 +1.0000e-03 +1.0000e-03 +1.0000e-03 +1.0000e-03 +1.0000e-03 +1.0000e-03 +1.0000e-03 +1.0000e-03 +9.9999e-04 +9.9999e-04 +9.9998e-04 +9.9998e-04 +9.9998e-04 +9.9997e-04 +9.9997e-04 +9.9997e-04 +9.9997e-04 +9.9996e-04 +9.9996e-04 +9.9996e-04 +9.9996e-04 +9.9995e-04 +9.9995e-04 +9.9995e-04 +9.9995e-04 +9.9995e-04 +9.9995e-04 +9.9995e-04 +9.9995e-04 +9.9995e-04 +9.9995e-04 +9.9995e-04 +9.9995e-04 +9.9995e-04 +9.9995e-04 +9.9995e-04 +9.9995e-04 +9.9995e-04 +9.9995e-04 +9.9995e-04 +9.9996e-04 +9.9996e-04 
+0000.00050 +5.0002e-04 +5.0003e-04 +5.0003e-04 +5.0003e-04 +5.0003e-04 +5.0003e-04 +5.0003e-04 +5.0003e-04 +5.0003e-04 +5.0003e-04 +5.0003e-04 +5.0003e-04 +5.0003e-04 +5.0002e-04 +5.0002e-04 +5.0002e-04 +5.0002e-04 +5.0002e-04 +5.0002e-04 +5.0002e-04 +5.0002e-04 +5.0001e-04 +5.0001e-04 +5.0001e-04 +5.0001e-04 +5.0001e-04 +5.0001e-04 +5.0000e-04 +5.0000e-04 +5.0000e-04 +5.0000e-04 +5.0000e-04 +4.9999e-04 +4.9999e-04 +4.9999e-04 +4.9999e-04 +4.9999e-04 +4.9999e-04 +4.9998e-04 +4.9998e-04 +4.9998e-04 +4.9998e-04 +4.9998e-04 +4.9998e-04 +4.9998e-04 +4.9998e-04 +4.9997e-04 +4.9997e-04 +4.9997e-04 +4.9997e-04 +4.9997e-04 +4.9997e-04 +4.9997e-04 +4.9997e-04 +4.9997e-04 +4.9997e-04 +4.9997e-04 +4.9997e-04 +4.9997e-04 +4.9997e-04 +4.9998e-04 
+0000.00000 -5.3127e-11 -5.4856e-11 -5.6630e-11 -5.8438e-11 -6.0269e-11 -6.2114e-11 -6.3964e-11 -6.5808e-11 -6.7639e-11 -6.9447e-11 -7.1226e-11 -7.2967e-11 -7.4662e-11 -7.6306e-11 -7.7891e-11 -7.9412e-11 -8.0862e-11 -8.2236e-11 -8.3529e-11 -8.4737e-11 -8.5855e-11 -8.6878e-11 -8.7805e-11 -8.8631e-11 -8.9353e-11 -8.9970e-11 -9.0479e-11 -9.0878e-11 -9.1166e-11 -9.1342e-11 -9.1406e-11 -9.1357e-11 -9.1195e-11 -9.0922e-11 -9.0538e-11 -9.0043e-11 -8.9441e-11 -8.8732e-11 -8.7920e-11 -8.7006e-11 -8.5995e-11 -8.4890e-11 -8.3694e-11 -8.2412e-11 -8.1049e-11 -7.9609e-11 -7.8097e-11 -7.6521e-11 -7.4885e-11 -7.3196e-11 -7.1462e-11 -6.9688e-11 -6.7884e-11 -6.6057e-11 -6.4215e-11 -6.2366e-11 -6.0521e-11 -5.8689e-11 -5.6879e-11 -5.5101e-11 -5.3367e-11 
-0000.00050 -5.0002e-04 -5.0003e-04 -5.0003e-04 -5.0003e-04 -5.0003e-04 -5.0003e-04 -5.0003e-04 -5.0003e-04 -5.0003e-04 -5.0003e-04 -5.0003e-04 -5.0003e-04 -5.0003e-04 -5.0002e-04 -5.0002e-04 -5.0002e-04 -5.0002e-04 -5.0002e-04 -5.0002e-04 -5.0002e-04 -5.0002e-04 -5.0001e-04 -5.0001e-04 -5.0001e-04 -5.0001e-04 -5.0001e-04 -5.0001e-04 -5.0000e-04 -5.0000e-04 -5.0000e-04 -5.0000e-04 -5.0000e-04 -4.9999e-04 -4.9999e-04 -4.9999e-04 -4.9999e-04 -4.9999e-04 -4.9999e-04 -4.9998e-04 -4.9998e-04 -4.9998e-04 -4.9998e-04 -4.9998e-04 -4.9998e-04 -4.9998e-04 -4.9998e-04 -4.9997e-04 -4.9997e-04 -4.9997e-04 -4.9997e-04 -4.9997e-04 -4.9997e-04 -4.9997e-04 -4.9997e-04 -4.9997e-04 -4.9997e-04 -4.9997e-04 -4.9997e-04 -4.9997e-04 -4.9997e-04 -4.9998e-04 
-0000.00100 -1.0001e-03 -1.0001e-03 -1.0001e-03 -1.0001e-03 -1.0001e-03 -1.0001e-03 -1.0001e-03 -1.0001e-03 -1.0001e-03 -1.0001e-03 -1.0001e-03 -1.0001e-03 -1.0001e-03 -1.0001e-03 -1.0000e-03 -1.0000e-03 -1.0000e-03 -1.0000e-03 -1.0000e-03 -1.0000e-03 -1.0000e-03 -1.0000e-03 -1.0000e-03 -1.0000e-03 -1.0000e-03 -1.0000e-03 -1.0000e-03 -9.9999e-04 -9.9999e-04 -9.9998e-04 -9.9998e-04 -9.9998e-04 -9.9997e-04 -9.9997e-04 -9.9997e-04 -9.9997e-04 -9.9996e-04 -9.9996e-04 -9.9996e-04 -9.9996e-04 -9.9995e-04 -9.9995e-04 -9.9995e-04 -9.9995e-04 -9.9995e-04 -9.9995e-04 -9.9995e-04 -9.9995e-04 -9.9995e-04 -9.9995e-04 -9.9995e-04 -9.9995e-04 -9.9995e-04 -9.9995e-04 -9.9995e-04 -9.9995e-04 -9.9995e-04 -9.9995e-04 -9.9995e-04 -9.9996e-04 -9.9996e-04 
-0000.00150 -1.5001e-03 -1.5001e-03 -1.5001e-03 -1.5001e-03 -1.5001e-03 -1.5001e-03 -1.5001e-03 -1.5001e-03 -1.5001e-03 -1.5001e-03 -1.5001e-03 -1.5001e-03 -1.5001e-03 -1.5001e-03 -1.5001e-03 -1.5001e-03 -1.5001e-03 -1.5001e-03 -1.5001e-03 -1.5001e-03 -1.5001e-03 -1.5001e-03 -1.5001e-03 -1.5000e-03 -1.5000e-03 -1.5000e-03 -1.5000e-03 -1.5000e-03 -1.5000e-03 -1.5000e-03 -1.5000e-03 -1.5000e-03 -1.5000e-03 -1.5000e-03 -1.5000e-03 -1.5000e-03 -1.5000e-03 -1.5000e-03 -1.4999e-03 -1.4999e-03 -1.4999e-03 -1.4999e-03 -1.4999e-03 -1.4999e-03 -1.4999e-03 -1.4999e-03 -1.4999e-03 -1.4999e-03 -1.4999e-03 -1.4999e-03 -1.4999e-03 -1.4999e-03 -1.4999e-03 -1.4999e-03 -1.4999e-03 -1.4999e-03 -1.4999e-03 -1.4999e-03 -1.4999e-03 -1.4999e-03 -1.4999e-03 
-0000.00200 -2.0001e-03 -2.0001e-03 -2.0001e-03 -2.0001e-03 -2.0001e-03 -2.0001e-03 -2.0001e-03 -2.0001e-03 -2.0001e-03 -2.0001e-03 -2.0001e-03 -2.0001e-03 -2.0001e-03 -2.0001e-03 -2.0001e-03 -2.0001e-03 -2.0001e-03 -2.0001e-03 -2.0001e-03 -2.0001e-03 -2.0001e-03 -2.0000e-03 -2.0000e-03 -2.0000e-03 -2.0000e-03 -2.0000e-03 -2.0000e-03 -2.0000e-03 -2.0000e-03 -2.0000e-03 -2.0000e-03 -2.0000e-03 -2.0000e-03 -2.0000e-03 -2.0000e-03 -2.0000e-03 -1.9999e-03 -1.9999e-03 -1.9999e-03 -1.9999e-03 -1.9999e-03 -1.9999e-03 -1.9999e-03 -1.9999e-03 -1.9999e-03 -1.9999e-03 -1.9999e-03 -1.9999e-03 -1.9999e-03 -1.9999e-03 -1.9999e-03 -1.9999e-03 -1.9999e-03 -1.9999e-03 -1.9999e-03 -1.9999e-03 -1.9999e-03 -1.9999e-03 -1.9999e-03 -1.9999e-03 -1.9999e-03 