# Author: FAC idanalysis.IDKickMap
# Termination_kicks [T2m2]: +0.0000e+00 +0.0000e+00 +0.0000e+00 +0.0000e+00 
# Total Length of Longitudinal Interval [m]
0.13
# Number of Horizontal Points
61
# Number of Vertical Points
9
# Total Horizontal 2nd Order Kick [T2m2]
START
            -0000.01000 -0000.00967 -0000.00933 -0000.00900 -0000.00867 -0000.00833 -0000.00800 -0000.00767 -0000.00733 -0000.00700 -0000.00667 -0000.00633 -0000.00600 -0000.00567 -0000.00533 -0000.00500 -0000.00467 -0000.00433 -0000.00400 -0000.00367 -0000.00333 -0000.00300 -0000.00267 -0000.00233 -0000.00200 -0000.00167 -0000.00133 -0000.00100 -0000.00067 -0000.00033 +0000.00000 +0000.00033 +0000.00067 +0000.00100 +0000.00133 +0000.00167 +0000.00200 +0000.00233 +0000.00267 +0000.00300 +0000.00333 +0000.00367 +0000.00400 +0000.00433 +0000.00467 +0000.00500 +0000.00533 +0000.00567 +0000.00600 +0000.00633 +0000.00667 +0000.00700 +0000.00733 +0000.00767 +0000.00800 +0000.00833 +0000.00867 +0000.00900 +0000.00933 +0000.00967 +0000.01000 
+0000.00200 -1.0464e-04 -1.0076e-04 -9.7080e-05 -9.3580e-05 -9.0270e-05 -8.7130e-05 -8.4170e-05 -8.1370e-05 -7.8730e-05 -7.6250e-05 -7.3910e-05 -7.1720e-05 -6.9670e-05 -6.7750e-05 -6.5970e-05 -6.4310e-05 -6.2770e-05 -6.1360e-05 -6.0060e-05 -5.8870e-05 -5.7800e-05 -5.6830e-05 -5.5970e-05 -5.5210e-05 -5.4560e-05 -5.4000e-05 -5.3550e-05 -5.3190e-05 -5.2930e-05 -5.2770e-05 -5.2700e-05 -5.2730e-05 -5.2860e-05 -5.3080e-05 -5.3410e-05 -5.3820e-05 -5.4340e-05 -5.4960e-05 -5.5680e-05 -5.6500e-05 -5.7430e-05 -5.8470e-05 -5.9620e-05 -6.0880e-05 -6.2250e-05 -6.3750e-05 -6.5370e-05 -6.7110e-05 -6.8990e-05 -7.1000e-05 -7.3150e-05 -7.5440e-05 -7.7880e-05 -8.0470e-05 -8.3230e-05 -8.6140e-05 -8.9230e-05 -9.2490e-05 -9.5940e-05 -9.9570e-05 -1.0340e-04 
+0000.00150 -5.1190e-05 -4.7560e-05 -4.4090e-05 -4.0770e-05 -3.7590e-05 -3.4560e-05 -3.1670e-05 -2.8920e-05 -2.6300e-05 -2.3810e-05 -2.1460e-05 -1.9230e-05 -1.7140e-05 -1.5160e-05 -1.3310e-05 -1.1580e-05 -9.9700e-06 -8.4700e-06 -7.0900e-06 -5.8300e-06 -4.6800e-06 -3.6400e-06 -2.7100e-06 -1.9000e-06 -1.1900e-06 -5.9000e-07 -1.0000e-07 +2.8000e-07 +5.6000e-07 +7.3000e-07 +7.9000e-07 +7.5000e-07 +6.0000e-07 +3.4000e-07 -2.0000e-08 -4.9000e-07 -1.0700e-06 -1.7500e-06 -2.5500e-06 -3.4500e-06 -4.4700e-06 -5.5900e-06 -6.8300e-06 -8.1900e-06 -9.6500e-06 -1.1240e-05 -1.2940e-05 -1.4760e-05 -1.6700e-05 -1.8770e-05 -2.0960e-05 -2.3280e-05 -2.5730e-05 -2.8300e-05 -3.1020e-05 -3.3870e-05 -3.6850e-05 -3.9980e-05 -4.3260e-05 -4.6680e-05 -5.0250e-05 
+0000.00100 -5.1780e-05 -4.8250e-05 -4.4850e-05 -4.1590e-05 -3.8460e-05 -3.5450e-05 -3.2580e-05 -2.9840e-05 -2.7220e-05 -2.4730e-05 -2.2360e-05 -2.0110e-05 -1.7990e-05 -1.5980e-05 -1.4100e-05 -1.2330e-05 -1.0680e-05 -9.1500e-06 -7.7300e-06 -6.4300e-06 -5.2400e-06 -4.1700e-06 -3.2100e-06 -2.3700e-06 -1.6300e-06 -1.0100e-06 -5.0000e-07 -1.1000e-07 +1.8000e-07 +3.6000e-07 +4.2000e-07 +3.7000e-07 +2.2000e-07 -5.0000e-08 -4.3000e-07 -9.2000e-07 -1.5200e-06 -2.2300e-06 -3.0600e-06 -4.0000e-06 -5.0500e-06 -6.2100e-06 -7.4900e-06 -8.8800e-06 -1.0390e-05 -1.2010e-05 -1.3750e-05 -1.5600e-05 -1.7580e-05 -1.9670e-05 -2.1880e-05 -2.4220e-05 -2.6670e-05 -2.9250e-05 -3.1950e-05 -3.4780e-05 -3.7740e-05 -4.0830e-05 -4.4040e-05 -4.7390e-05 -5.0860e-05 
+0000.00050 -5.2170e-05 -4.8690e-05 -4.5330e-05 -4.2090e-05 -3.8980e-05 -3.6000e-05 -3.3140e-05 -3.0400e-05 -2.7780e-05 -2.5290e-05 -2.2910e-05 -2.0660e-05 -1.8520e-05 -1.6500e-05 -1.4600e-05 -1.2820e-05 -1.1150e-05 -9.6000e-06 -8.1700e-06 -6.8500e-06 -5.6500e-06 -4.5600e-06 -3.5900e-06 -2.7300e-06 -1.9800e-06 -1.3500e-06 -8.3000e-07 -4.3000e-07 -1.4000e-07 +4.0000e-08 +1.1000e-07 +6.0000e-08 -1.0000e-07 -3.7000e-07 -7.6000e-07 -1.2600e-06 -1.8700e-06 -2.6000e-06 -3.4400e-06 -4.3900e-06 -5.4600e-06 -6.6400e-06 -7.9300e-06 -9.3400e-06 -1.0870e-05 -1.2510e-05 -1.4260e-05 -1.6140e-05 -1.8120e-05 -2.0230e-05 -2.2450e-05 -2.4790e-05 -2.7250e-05 -2.9830e-05 -3.2530e-05 -3.5350e-05 -3.8290e-05 -4.1360e-05 -4.4540e-05 -4.7850e-05 -5.1290e-05 
+0000.00000 -5.2280e-05 -4.8810e-05 -4.5470e-05 -4.2250e-05 -3.9150e-05 -3.6170e-05 -3.3310e-05 -3.0580e-05 -2.7960e-05 -2.5470e-05 -2.3090e-05 -2.0840e-05 -1.8700e-05 -1.6670e-05 -1.4770e-05 -1.2980e-05 -1.1310e-05 -9.7600e-06 -8.3200e-06 -7.0000e-06 -5.7900e-06 -4.7000e-06 -3.7200e-06 -2.8500e-06 -2.1100e-06 -1.4700e-06 -9.5000e-07 -5.4000e-07 -2.5000e-07 -7.0000e-08 +0.0000e+00 -5.0000e-08 -2.1000e-07 -4.9000e-07 -8.8000e-07 -1.3800e-06 -1.9900e-06 -2.7200e-06 -3.5700e-06 -4.5200e-06 -5.5900e-06 -6.7800e-06 -8.0800e-06 -9.5000e-06 -1.1030e-05 -1.2670e-05 -1.4430e-05 -1.6310e-05 -1.8300e-05 -2.0410e-05 -2.2640e-05 -2.4990e-05 -2.7450e-05 -3.0030e-05 -3.2730e-05 -3.5550e-05 -3.8490e-05 -4.1540e-05 -4.4720e-05 -4.8020e-05 -5.1450e-05 
-0000.00050 -5.2120e-05 -4.8640e-05 -4.5290e-05 -4.2060e-05 -3.8960e-05 -3.5980e-05 -3.3120e-05 -3.0380e-05 -2.7770e-05 -2.5280e-05 -2.2910e-05 -2.0650e-05 -1.8520e-05 -1.6500e-05 -1.4600e-05 -1.2820e-05 -1.1150e-05 -9.6100e-06 -8.1700e-06 -6.8500e-06 -5.6500e-06 -4.5600e-06 -3.5900e-06 -2.7300e-06 -1.9900e-06 -1.3500e-06 -8.3000e-07 -4.3000e-07 -1.4000e-07 +4.0000e-08 +1.1000e-07 +6.0000e-08 -1.0000e-07 -3.7000e-07 -7.6000e-07 -1.2600e-06 -1.8700e-06 -2.5900e-06 -3.4300e-06 -4.3900e-06 -5.4500e-06 -6.6300e-06 -7.9300e-06 -9.3400e-06 -1.0870e-05 -1.2510e-05 -1.4260e-05 -1.6140e-05 -1.8130e-05 -2.0240e-05 -2.2460e-05 -2.4810e-05 -2.7270e-05 -2.9850e-05 -3.2560e-05 -3.5380e-05 -3.8330e-05 -4.1390e-05 -4.4590e-05 -4.7900e-05 -5.1340e-05 
-0000.00100 -5.1680e-05 -4.8160e-05 -4.4770e-05 -4.1520e-05 -3.8400e-05 -3.5400e-05 -3.2540e-05 -2.9800e-05 -2.7190e-05 -2.4700e-05 -2.2340e-05 -2.0100e-05 -1.7980e-05 -1.5980e-05 -1.4090e-05 -1.2330e-05 -1.0680e-05 -9.1500e-06 -7.7400e-06 -6.4400e-06 -5.2500e-06 -4.1800e-06 -3.2200e-06 -2.3700e-06 -1.6400e-06 -1.0200e-06 -5.1000e-07 -1.1000e-07 +1.8000e-07 +3.6000e-07 +4.2000e-07 +3.8000e-07 +2.2000e-07 -4.0000e-08 -4.2000e-07 -9.1000e-07 -1.5100e-06 -2.2200e-06 -3.0500e-06 -3.9900e-06 -5.0400e-06 -6.2000e-06 -7.4800e-06 -8.8700e-06 -1.0380e-05 -1.2000e-05 -1.3750e-05 -1.5600e-05 -1.7580e-05 -1.9680e-05 -2.1900e-05 -2.4240e-05 -2.6700e-05 -2.9290e-05 -3.2000e-05 -3.4830e-05 -3.7800e-05 -4.0890e-05 -4.4120e-05 -4.7480e-05 -5.0970e-05 
-0000.00150 -5.1030e-05 -4.7420e-05 -4.3970e-05 -4.0660e-05 -3.7500e-05 -3.4480e-05 -3.1600e-05 -2.8860e-05 -2.6260e-05 -2.3780e-05 -2.1440e-05 -1.9220e-05 -1.7130e-05 -1.5160e-05 -1.3310e-05 -1.1580e-05 -9.9800e-06 -8.4800e-06 -7.1100e-06 -5.8500e-06 -4.7000e-06 -3.6600e-06 -2.7300e-06 -1.9100e-06 -1.2000e-06 -6.0000e-07 -1.1000e-07 +2.7000e-07 +5.5000e-07 +7.2000e-07 +7.9000e-07 +7.5000e-07 +6.0000e-07 +3.5000e-07 -1.0000e-08 -4.8000e-07 -1.0600e-06 -1.7400e-06 -2.5400e-06 -3.4400e-06 -4.4600e-06 -5.5800e-06 -6.8200e-06 -8.1800e-06 -9.6500e-06 -1.1230e-05 -1.2940e-05 -1.4770e-05 -1.6710e-05 -1.8790e-05 -2.0980e-05 -2.3310e-05 -2.5770e-05 -2.8360e-05 -3.1080e-05 -3.3940e-05 -3.6940e-05 -4.0090e-05 -4.3380e-05 -4.6820e-05 -5.0410e-05 
-0000.00200 -1.0443e-04 -1.0057e-04 -9.6910e-05 -9.3440e-05 -9.0150e-05 -8.7040e-05 -8.4090e-05 -8.1310e-05 -7.8680e-05 -7.6210e-05 -7.3890e-05 -7.1700e-05 -6.9660e-05 -6.7750e-05 -6.5970e-05 -6.4320e-05 -6.2790e-05 -6.1370e-05 -6.0080e-05 -5.8890e-05 -5.7820e-05 -5.6850e-05 -5.5990e-05 -5.5230e-05 -5.4580e-05 -5.4020e-05 -5.3560e-05 -5.3200e-05 -5.2940e-05 -5.2780e-05 -5.2710e-05 -5.2730e-05 -5.2860e-05 -5.3080e-05 -5.3390e-05 -5.3810e-05 -5.4320e-05 -5.4940e-05 -5.5660e-05 -5.6480e-05 -5.7410e-05 -5.8450e-05 -5.9600e-05 -6.0860e-05 -6.2240e-05 -6.3740e-05 -6.5360e-05 -6.7110e-05 -6.8990e-05 -7.1010e-05 -7.3170e-05 -7.5470e-05 -7.7930e-05 -8.0530e-05 -8.3300e-05 -8.6240e-05 -8.9340e-05 -9.2630e-05 -9.6090e-05 -9.9750e-05 -1.0361e-04 
# Total Vertical 2nd Order Kick [T2m2]
START
            -0000.01000 -0000.00967 -0000.00933 -0000.00900 -0000.00867 -0000.00833 -0000.00800 -0000.00767 -0000.00733 -0000.00700 -0000.00667 -0000.00633 -0000.00600 -0000.00567 -0000.00533 -0000.00500 -0000.00467 -0000.00433 -0000.00400 -0000.00367 -0000.00333 -0000.00300 -0000.00267 -0000.00233 -0000.00200 -0000.00167 -0000.00133 -0000.00100 -0000.00067 -0000.00033 +0000.00000 +0000.00033 +0000.00067 +0000.00100 +0000.00133 +0000.00167 +0000.00200 +0000.00233 +0000.00267 +0000.00300 +0000.00333 +0000.00367 +0000.00400 +0000.00433 +0000.00467 +0000.00500 +0000.00533 +0000.00567 +0000.00600 +0000.00633 +0000.00667 +0000.00700 +0000.00733 +0000.00767 +0000.00800 +0000.00833 +0000.00867 +0000.00900 +0000.00933 +0000.00967 +0000.01000 
+0000.00200 -2.1647e-04 -2.1523e-04 -2.1405e-04 -2.1291e-04 -2.1181e-04 -2.1076e-04 -2.0975e-04 -2.0878e-04 -2.0784e-04 -2.0695e-04 -2.0608e-04 -2.0525e-04 -2.0445e-04 -2.0368e-04 -2.0294e-04 -2.0222e-04 -2.0152e-04 -2.0085e-04 -2.0020e-04 -1.9957e-04 -1.9895e-04 -1.9835e-04 -1.9777e-04 -1.9719e-04 -1.9663e-04 -1.9607e-04 -1.9552e-04 -1.9498e-04 -1.9444e-04 -1.9391e-04 -1.9337e-04 -1.9284e-04 -1.9230e-04 -1.9176e-04 -1.9121e-04 -1.9065e-04 -1.9009e-04 -1.8952e-04 -1.8893e-04 -1.8833e-04 -1.8772e-04 -1.8709e-04 -1.8644e-04 -1.8578e-04 -1.8509e-04 -1.8438e-04 -1.8365e-04 -1.8289e-04 -1.8211e-04 -1.8130e-04 -1.8045e-04 -1.7958e-04 -1.7868e-04 -1.7774e-04 -1.7677e-04 -1.7576e-04 -1.7472e-04 -1.7363e-04 -1.7251e-04 -1.7134e-04 -1.7013e-04 
+0000.00150 -1.4323e-04 -1.4252e-04 -1.4182e-04 -1.4114e-04 -1.4047e-04 -1.3982e-04 -1.3919e-04 -1.3857e-04 -1.3796e-04 -1.3737e-04 -1.3679e-04 -1.3622e-04 -1.3566e-04 -1.3511e-04 -1.3457e-04 -1.3404e-04 -1.3352e-04 -1.3301e-04 -1.3250e-04 -1.3200e-04 -1.3151e-04 -1.3103e-04 -1.3054e-04 -1.3007e-04 -1.2959e-04 -1.2912e-04 -1.2866e-04 -1.2819e-04 -1.2773e-04 -1.2726e-04 -1.2680e-04 -1.2634e-04 -1.2587e-04 -1.2541e-04 -1.2494e-04 -1.2447e-04 -1.2400e-04 -1.2352e-04 -1.2304e-04 -1.2255e-04 -1.2206e-04 -1.2156e-04 -1.2105e-04 -1.2054e-04 -1.2002e-04 -1.1949e-04 -1.1895e-04 -1.1840e-04 -1.1784e-04 -1.1727e-04 -1.1669e-04 -1.1610e-04 -1.1549e-04 -1.1487e-04 -1.1424e-04 -1.1359e-04 -1.1293e-04 -1.1225e-04 -1.1156e-04 -1.1085e-04 -1.1012e-04 
+0000.00100 -8.7553e-05 -8.7140e-05 -8.6734e-05 -8.6332e-05 -8.5937e-05 -8.5546e-05 -8.5160e-05 -8.4780e-05 -8.4403e-05 -8.4032e-05 -8.3664e-05 -8.3301e-05 -8.2942e-05 -8.2586e-05 -8.2233e-05 -8.1884e-05 -8.1539e-05 -8.1195e-05 -8.0855e-05 -8.0517e-05 -8.0182e-05 -7.9848e-05 -7.9516e-05 -7.9186e-05 -7.8858e-05 -7.8530e-05 -7.8204e-05 -7.7878e-05 -7.7553e-05 -7.7228e-05 -7.6903e-05 -7.6578e-05 -7.6253e-05 -7.5927e-05 -7.5600e-05 -7.5273e-05 -7.4944e-05 -7.4613e-05 -7.4281e-05 -7.3947e-05 -7.3610e-05 -7.3271e-05 -7.2929e-05 -7.2584e-05 -7.2236e-05 -7.1885e-05 -7.1529e-05 -7.1170e-05 -7.0807e-05 -7.0438e-05 -7.0066e-05 -6.9688e-05 -6.9305e-05 -6.8916e-05 -6.8521e-05 -6.8121e-05 -6.7714e-05 -6.7300e-05 -6.6879e-05 -6.6452e-05 -6.6016e-05 
+0000.00050 -4.1529e-05 -4.1345e-05 -4.1161e-05 -4.0979e-05 -4.0797e-05 -4.0616e-05 -4.0435e-05 -4.0256e-05 -4.0078e-05 -3.9900e-05 -3.9723e-05 -3.9547e-05 -3.9372e-05 -3.9197e-05 -3.9024e-05 -3.8851e-05 -3.8678e-05 -3.8507e-05 -3.8336e-05 -3.8166e-05 -3.7996e-05 -3.7827e-05 -3.7658e-05 -3.7490e-05 -3.7323e-05 -3.7155e-05 -3.6988e-05 -3.6821e-05 -3.6655e-05 -3.6488e-05 -3.6322e-05 -3.6156e-05 -3.5989e-05 -3.5822e-05 -3.5656e-05 -3.5488e-05 -3.5321e-05 -3.5153e-05 -3.4984e-05 -3.4814e-05 -3.4644e-05 -3.4473e-05 -3.4301e-05 -3.4128e-05 -3.3953e-05 -3.3778e-05 -3.3601e-05 -3.3422e-05 -3.3241e-05 -3.3059e-05 -3.2875e-05 -3.2689e-05 -3.2500e-05 -3.2310e-05 -3.2116e-05 -3.1920e-05 -3.1722e-05 -3.1520e-05 -3.1315e-05 -3.1107e-05 -3.0896e-05 
+0000.00000 +9.8045e-08 +8.2779e-08 +6.9205e-08 +5.7203e-08 +4.6654e-08 +3.7447e-08 +2.9472e-08 +2.2626e-08 +1.6807e-08 +1.1920e-08 +7.8739e-09 +4.5806e-09 +1.9570e-09 -7.5000e-11 -1.5920e-09 -2.6620e-09 -3.3520e-09 -3.7240e-09 -3.8360e-09 -3.7400e-09 -3.4860e-09 -3.1190e-09 -2.6790e-09 -2.2030e-09 -1.7220e-09 -1.2640e-09 -8.5400e-10 -5.0900e-10 -2.4500e-10 -7.3000e-11 +0.0000e+00 -2.6000e-11 -1.5200e-10 -3.6900e-10 -6.6800e-10 -1.0340e-09 -1.4480e-09 -1.8860e-09 -2.3210e-09 -2.7210e-09 -3.0490e-09 -3.2670e-09 -3.3280e-09 -3.1840e-09 -2.7820e-09 -2.0640e-09 -9.7000e-10 +5.6800e-10 +2.6190e-09 +5.2576e-09 +8.5625e-09 +1.2617e-08 +1.7507e-08 +2.3326e-08 +3.0168e-08 +3.8134e-08 +4.7328e-08 +5.7858e-08 +6.9837e-08 +8.3382e-08 +9.8615e-08 
-0000.00050 +4.1720e-05 +4.1505e-05 +4.1295e-05 +4.1089e-05 +4.0886e-05 +4.0687e-05 +4.0491e-05 +4.0298e-05 +4.0108e-05 +3.9921e-05 +3.9736e-05 +3.9554e-05 +3.9374e-05 +3.9195e-05 +3.9019e-05 +3.8844e-05 +3.8670e-05 +3.8498e-05 +3.8327e-05 +3.8157e-05 +3.7988e-05 +3.7820e-05 +3.7653e-05 +3.7485e-05 +3.7319e-05 +3.7152e-05 +3.6986e-05 +3.6820e-05 +3.6654e-05 +3.6488e-05 +3.6322e-05 +3.6155e-05 +3.5989e-05 +3.5822e-05 +3.5654e-05 +3.5486e-05 +3.5318e-05 +3.5148e-05 +3.4979e-05 +3.4808e-05 +3.4637e-05 +3.4466e-05 +3.4293e-05 +3.4120e-05 +3.3947e-05 +3.3772e-05 +3.3597e-05 +3.3421e-05 +3.3245e-05 +3.3067e-05 +3.2890e-05 +3.2711e-05 +3.2532e-05 +3.2353e-05 +3.2173e-05 +3.1993e-05 +3.1812e-05 +3.1631e-05 +3.1450e-05 +3.1269e-05 +3.1088e-05 
-0000.00100 +8.7729e-05 +8.7288e-05 +8.6855e-05 +8.6431e-05 +8.6016e-05 +8.5608e-05 +8.5208e-05 +8.4814e-05 +8.4428e-05 +8.4047e-05 +8.3672e-05 +8.3303e-05 +8.2940e-05 +8.2580e-05 +8.2226e-05 +8.1875e-05 +8.1529e-05 +8.1185e-05 +8.0845e-05 +8.0508e-05 +8.0173e-05 +7.9841e-05 +7.9510e-05 +7.9182e-05 +7.8854e-05 +7.8528e-05 +7.8202e-05 +7.7877e-05 +7.7553e-05 +7.7228e-05 +7.6904e-05 +7.6579e-05 +7.6253e-05 +7.5927e-05 +7.5600e-05 +7.5271e-05 +7.4941e-05 +7.4609e-05 +7.4276e-05 +7.3940e-05 +7.3603e-05 +7.3263e-05 +7.2920e-05 +7.2575e-05 +7.2227e-05 +7.1877e-05 +7.1523e-05 +7.1166e-05 +7.0806e-05 +7.0442e-05 +7.0075e-05 +6.9704e-05 +6.9330e-05 +6.8952e-05 +6.8570e-05 +6.8184e-05 +6.7794e-05 +6.7400e-05 +6.7002e-05 +6.6600e-05 +6.6194e-05 
-0000.00150 +1.4337e-04 +1.4263e-04 +1.4191e-04 +1.4121e-04 +1.4053e-04 +1.3987e-04 +1.3922e-04 +1.3859e-04 +1.3797e-04 +1.3737e-04 +1.3678e-04 +1.3621e-04 +1.3565e-04 +1.3510e-04 +1.3456e-04 +1.3402e-04 +1.3350e-04 +1.3299e-04 +1.3249e-04 +1.3199e-04 +1.3150e-04 +1.3101e-04 +1.3053e-04 +1.3006e-04 +1.2958e-04 +1.2912e-04 +1.2865e-04 +1.2819e-04 +1.2772e-04 +1.2726e-04 +1.2680e-04 +1.2633e-04 +1.2587e-04 +1.2540e-04 +1.2493e-04 +1.2446e-04 +1.2399e-04 +1.2351e-04 +1.2303e-04 +1.2254e-04 +1.2204e-04 +1.2154e-04 +1.2104e-04 +1.2052e-04 +1.2000e-04 +1.1947e-04 +1.1893e-04 +1.1839e-04 +1.1783e-04 +1.1726e-04 +1.1669e-04 +1.1610e-04 +1.1550e-04 +1.1489e-04 +1.1427e-04 +1.1363e-04 +1.1299e-04 +1.1233e-04 +1.1165e-04 +1.1097e-04 +1.1026e-04 
-0000.00200 +2.1658e-04 +2.1532e-04 +2.1412e-04 +2.1296e-04 +2.1185e-04 +2.1078e-04 +2.0976e-04 +2.0878e-04 +2.0784e-04 +2.0694e-04 +2.0607e-04 +2.0524e-04 +2.0443e-04 +2.0366e-04 +2.0292e-04 +2.0220e-04 +2.0150e-04 +2.0083e-04 +2.0018e-04 +1.9955e-04 +1.9894e-04 +1.9834e-04 +1.9775e-04 +1.9718e-04 +1.9662e-04 +1.9606e-04 +1.9551e-04 +1.9497e-04 +1.9444e-04 +1.9390e-04 +1.9336e-04 +1.9283e-04 +1.9229e-04 +1.9175e-04 +1.9120e-04 +1.9064e-04 +1.9008e-04 +1.8950e-04 +1.8892e-04 +1.8832e-04 +1.8770e-04 +1.8707e-04 +1.8642e-04 +1.8576e-04 +1.8507e-04 +1.8436e-04 +1.8363e-04 +1.8287e-04 +1.8209e-04 +1.8128e-04 +1.8044e-04 +1.7958e-04 +1.7868e-04 +1.7775e-04 +1.7679e-04 +1.7579e-04 +1.7476e-04 +1.7369e-04 +1.7258e-04 +1.7143e-04 +1.7024e-04 
# Horizontal Final Position [m]
START
            -0000.01000 -0000.00967 -0000.00933 -0000.00900 -0000.00867 -0000.00833 -0000.00800 -0000.00767 -0000.00733 -0000.00700 -0000.00667 -0000.00633 -0000.00600 -0000.00567 -0000.00533 -0000.00500 -0000.00467 -0000.00433 -0000.00400 -0000.00367 -0000.00333 -0000.00300 -0000.00267 -0000.00233 -0000.00200 -0000.00167 -0000.00133 -0000.00100 -0000.00067 -0000.00033 +0000.00000 +0000.00033 +0000.00067 +0000.00100 +0000.00133 +0000.00167 +0000.00200 +0000.00233 +0000.00267 +0000.00300 +0000.00333 +0000.00367 +0000.00400 +0000.00433 +0000.00467 +0000.00500 +0000.00533 +0000.00567 +0000.00600 +0000.00633 +0000.00667 +0000.00700 +0000.00733 +0000.00767 +0000.00800 +0000.00833 +0000.00867 +0000.00900 +0000.00933 +0000.00967 +0000.01000 
+0000.00200 -1.0000e-02 -9.6667e-03 -9.3334e-03 -9.0001e-03 -8.6668e-03 -8.3335e-03 -8.0002e-03 -7.6669e-03 -7.3335e-03 -7.0002e-03 -6.6669e-03 -6.3336e-03 -6.0003e-03 -5.6670e-03 -5.3337e-03 -5.0003e-03 -4.6670e-03 -4.3337e-03 -4.0004e-03 -3.6671e-03 -3.3338e-03 -3.0004e-03 -2.6671e-03 -2.3338e-03 -2.0005e-03 -1.6671e-03 -1.3338e-03 -1.0005e-03 -6.6716e-04 -3.3383e-04 -4.9653e-07 +3.3284e-04 +6.6617e-04 +9.9951e-04 +1.3328e-03 +1.6662e-03 +1.9995e-03 +2.3329e-03 +2.6662e-03 +2.9996e-03 +3.3329e-03 +3.6663e-03 +3.9996e-03 +4.3330e-03 +4.6663e-03 +4.9997e-03 +5.3330e-03 +5.6664e-03 +5.9997e-03 +6.3331e-03 +6.6664e-03 +6.9998e-03 +7.3331e-03 +7.6665e-03 +7.9998e-03 +8.3332e-03 +8.6665e-03 +8.9999e-03 +9.3333e-03 +9.6666e-03 +1.0000e-02 
+0000.00150 -1.0000e-02 -9.6667e-03 -9.3334e-03 -9.0001e-03 -8.6668e-03 -8.3335e-03 -8.0001e-03 -7.6668e-03 -7.3335e-03 -7.0002e-03 -6.6669e-03 -6.3336e-03 -6.0003e-03 -5.6669e-03 -5.3336e-03 -5.0003e-03 -4.6670e-03 -4.3337e-03 -4.0004e-03 -3.6670e-03 -3.3337e-03 -3.0004e-03 -2.6671e-03 -2.3337e-03 -2.0004e-03 -1.6671e-03 -1.3338e-03 -1.0004e-03 -6.6711e-04 -3.3378e-04 -4.4861e-07 +3.3289e-04 +6.6622e-04 +9.9956e-04 +1.3329e-03 +1.6662e-03 +1.9996e-03 +2.3329e-03 +2.6663e-03 +2.9996e-03 +3.3330e-03 +3.6663e-03 +3.9996e-03 +4.3330e-03 +4.6663e-03 +4.9997e-03 +5.3330e-03 +5.6664e-03 +5.9997e-03 +6.3331e-03 +6.6665e-03 +6.9998e-03 +7.3332e-03 +7.6665e-03 +7.9999e-03 +8.3332e-03 +8.6666e-03 +8.9999e-03 +9.3333e-03 +9.6666e-03 +1.0000e-02 
+0000.00100 -1.0000e-02 -9.6667e-03 -9.3334e-03 -9.0000e-03 -8.6667e-03 -8.3334e-03 -8.0001e-03 -7.6668e-03 -7.3335e-03 -7.0002e-03 -6.6669e-03 -6.3335e-03 -6.0002e-03 -5.6669e-03 -5.3336e-03 -5.0003e-03 -4.6670e-03 -4.3337e-03 -4.0003e-03 -3.6670e-03 -3.3337e-03 -3.0004e-03 -2.6671e-03 -2.3338e-03 -2.0004e-03 -1.6671e-03 -1.3338e-03 -1.0005e-03 -6.6712e-04 -3.3379e-04 -4.5951e-07 +3.3287e-04 +6.6621e-04 +9.9955e-04 +1.3329e-03 +1.6662e-03 +1.9996e-03 +2.3329e-03 +2.6663e-03 +2.9996e-03 +3.3329e-03 +3.6663e-03 +3.9996e-03 +4.3330e-03 +4.6663e-03 +4.9997e-03 +5.3331e-03 +5.6664e-03 +5.9998e-03 +6.3331e-03 +6.6665e-03 +6.9998e-03 +7.3332e-03 +7.6665e-03 +7.9999e-03 +8.3332e-03 +8.6666e-03 +8.9999e-03 +9.3333e-03 +9.6666e-03 +1.0000e-02 
+0000.00050 -1.0000e-02 -9.6667e-03 -9.3334e-03 -9.0000e-03 -8.6667e-03 -8.3334e-03 -8.0001e-03 -7.6668e-03 -7.3335e-03 -7.0002e-03 -6.6669e-03 -6.3335e-03 -6.0002e-03 -5.6669e-03 -5.3336e-03 -5.0003e-03 -4.6670e-03 -4.3337e-03 -4.0003e-03 -3.6670e-03 -3.3337e-03 -3.0004e-03 -2.6671e-03 -2.3338e-03 -2.0004e-03 -1.6671e-03 -1.3338e-03 -1.0005e-03 -6.6712e-04 -3.3379e-04 -4.5953e-07 +3.3287e-04 +6.6621e-04 +9.9955e-04 +1.3329e-03 +1.6662e-03 +1.9996e-03 +2.3329e-03 +2.6663e-03 +2.9996e-03 +3.3329e-03 +3.6663e-03 +3.9996e-03 +4.3330e-03 +4.6663e-03 +4.9997e-03 +5.3331e-03 +5.6664e-03 +5.9998e-03 +6.3331e-03 +6.6665e-03 +6.9998e-03 +7.3332e-03 +7.6665e-03 +7.9999e-03 +8.3332e-03 +8.6666e-03 +8.9999e-03 +9.3333e-03 +9.6666e-03 +1.0000e-02 
+0000.00000 -1.0000e-02 -9.6667e-03 -9.3334e-03 -9.0000e-03 -8.6667e-03 -8.3334e-03 -8.0001e-03 -7.6668e-03 -7.3335e-03 -7.0002e-03 -6.6669e-03 -6.3335e-03 -6.0002e-03 -5.6669e-03 -5.3336e-03 -5.0003e-03 -4.6670e-03 -4.3337e-03 -4.0003e-03 -3.6670e-03 -3.3337e-03 -3.0004e-03 -2.6671e-03 -2.3338e-03 -2.0004e-03 -1.6671e-03 -1.3338e-03 -1.0005e-03 -6.6712e-04 -3.3379e-04 -4.5953e-07 +3.3287e-04 +6.6621e-04 +9.9955e-04 +1.3329e-03 +1.6662e-03 +1.9996e-03 +2.3329e-03 +2.6663e-03 +2.9996e-03 +3.3329e-03 +3.6663e-03 +3.9996e-03 +4.3330e-03 +4.6663e-03 +4.9997e-03 +5.3331e-03 +5.6664e-03 +5.9998e-03 +6.3331e-03 +6.6665e-03 +6.9998e-03 +7.3332e-03 +7.6665e-03 +7.9999e-03 +8.3332e-03 +8.6666e-03 +8.9999e-03 +9.3333e-03 +9.6666e-03 +1.0000e-02 
-0000.00050 -1.0000e-02 -9.6667e-03 -9.3334e-03 -9.0000e-03 -8.6667e-03 -8.3334e-03 -8.0001e-03 -7.6668e-03 -7.3335e-03 -7.0002e-03 -6.6669e-03 -6.3335e-03 -6.0002e-03 -5.6669e-03 -5.3336e-03 -5.0003e-03 -4.6670e-03 -4.3337e-03 -4.0003e-03 -3.6670e-03 -3.3337e-03 -3.0004e-03 -2.6671e-03 -2.3338e-03 -2.0004e-03 -1.6671e-03 -1.3338e-03 -1.0005e-03 -6.6712e-04 -3.3379e-04 -4.5953e-07 +3.3287e-04 +6.6621e-04 +9.9955e-04 +1.3329e-03 +1.6662e-03 +1.9996e-03 +2.3329e-03 +2.6663e-03 +2.9996e-03 +3.3329e-03 +3.6663e-03 +3.9996e-03 +4.3330e-03 +4.6663e-03 +4.9997e-03 +5.3331e-03 +5.6664e-03 +5.9998e-03 +6.3331e-03 +6.6665e-03 +6.9998e-03 +7.3332e-03 +7.6665e-03 +7.9999e-03 +8.3332e-03 +8.6666e-03 +8.9999e-03 +9.3333e-03 +9.6666e-03 +1.0000e-02 
-0000.00100 -1.0000e-02 -9.6667e-03 -9.3334e-03 -9.0000e-03 -8.6667e-03 -8.3334e-03 -8.0001e-03 -7.6668e-03 -7.3335e-03 -7.0002e-03 -6.6669e-03 -6.3335e-03 -6.0002e-03 -5.6669e-03 -5.3336e-03 -5.0003e-03 -4.6670e-03 -4.3337e-03 -4.0003e-03 -3.6670e-03 -3.3337e-03 -3.0004e-03 -2.6671e-03 -2.3338e-03 -2.0004e-03 -1.6671e-03 -1.3338e-03 -1.0005e-03 -6.6712e-04 -3.3379e-04 -4.5951e-07 +3.3287e-04 +6.6621e-04 +9.9955e-04 +1.3329e-03 +1.6662e-03 +1.9996e-03 +2.3329e-03 +2.6663e-03 +2.9996e-03 +3.3329e-03 +3.6663e-03 +3.9996e-03 +4.3330e-03 +4.6663e-03 +4.9997e-03 +5.3331e-03 +5.6664e-03 +5.9998e-03 +6.3331e-03 +6.6665e-03 +6.9998e-03 +7.3332e-03 +7.6665e-03 +7.9999e-03 +8.3332e-03 +8.6666e-03 +8.9999e-03 +9.3333e-03 +9.6666e-03 +1.0000e-02 
-0000.00150 -1.0000e-02 -9.6667e-03 -9.3334e-03 -9.0001e-03 -8.6668e-03 -8.3335e-03 -8.0001e-03 -7.6668e-03 -7.3335e-03 -7.0002e-03 -6.6669e-03 -6.3336e-03 -6.0003e-03 -5.6669e-03 -5.3336e-03 -5.0003e-03 -4.6670e-03 -4.3337e-03 -4.0004e-03 -3.6670e-03 -3.3337e-03 -3.0004e-03 -2.6671e-03 -2.3337e-03 -2.0004e-03 -1.6671e-03 -1.3338e-03 -1.0004e-03 -6.6711e-04 -3.3378e-04 -4.4861e-07 +3.3289e-04 +6.6622e-04 +9.9956e-04 +1.3329e-03 +1.6662e-03 +1.9996e-03 +2.3329e-03 +2.6663e-03 +2.9996e-03 +3.3330e-03 +3.6663e-03 +3.9996e-03 +4.3330e-03 +4.6663e-03 +4.9997e-03 +5.3330e-03 +5.6664e-03 +5.9997e-03 +6.3331e-03 +6.6665e-03 +6.9998e-03 +7.3332e-03 +7.6665e-03 +7.9999e-03 +8.3332e-03 +8.6666e-03 +8.9999e-03 +9.3333e-03 +9.6666e-03 +1.0000e-02 
-0000.00200 -1.0000e-02 -9.6667e-03 -9.3334e-03 -9.0001e-03 -8.6668e-03 -8.3335e-03 -8.0002e-03 -7.6669e-03 -7.3335e-03 -7.0002e-03 -6.6669e-03 -6.3336e-03 -6.0003e-03 -5.6670e-03 -5.3337e-03 -5.0003e-03 -4.6670e-03 -4.3337e-03 -4.0004e-03 -3.6671e-03 -3.3338e-03 -3.0004e-03 -2.6671e-03 -2.3338e-03 -2.0005e-03 -1.6671e-03 -1.3338e-03 -1.0005e-03 -6.6716e-04 -3.3383e-04 -4.9653e-07 +3.3284e-04 +6.6617e-04 +9.9951e-04 +1.3328e-03 +1.6662e-03 +1.9995e-03 +2.3329e-03 +2.6662e-03 +2.9996e-03 +3.3329e-03 +3.6663e-03 +3.9996e-03 +4.3330e-03 +4.6663e-03 +4.9997e-03 +5.3330e-03 +5.6664e-03 +5.9997e-03 +6.3331e-03 +6.6664e-03 +6.9998e-03 +7.3331e-03 +7.6665e-03 +7.9998e-03 +8.3332e-03 +8.6665e-03 +8.9999e-03 +9.3333e-03 +9.6666e-03 +1.0000e-02 
# Vertical Final Position [m]
START
            -0000.01000 -0000.00967 -0000.00933 -0000.00900 -0000.00867 -0000.00833 -0000.00800 -0000.00767 -0000.00733 -0000.00700 -0000.00667 -0000.00633 -0000.00600 -0000.00567 -0000.00533 -0000.00500 -0000.00467 -0000.00433 -0000.00400 -0000.00367 -0000.00333 -0000.00300 -0000.00267 -0000.00233 -0000.00200 -0000.00167 -0000.00133 -0000.00100 -0000.00067 -0000.00033 +0000.00000 +0000.00033 +0000.00067 +0000.00100 +0000.00133 +0000.00167 +0000.00200 +0000.00233 +0000.00267 +0000.00300 +0000.00333 +0000.00367 +0000.00400 +0000.00433 +0000.00467 +0000.00500 +0000.00533 +0000.00567 +0000.00600 +0000.00633 +0000.00667 +0000.00700 +0000.00733 +0000.00767 +0000.00800 +0000.00833 +0000.00867 +0000.00900 +0000.00933 +0000.00967 +0000.01000 
+0000.00200 +2.0000e-03 +2.0000e-03 +2.0000e-03 +2.0000e-03 +2.0000e-03 +2.0000e-03 +2.0000e-03 +2.0000e-03 +1.9999e-03 +1.9999e-03 +1.9999e-03 +1.9999e-03 +1.9999e-03 +1.9999e-03 +1.9999e-03 +1.9999e-03 +1.9999e-03 +1.9999e-03 +1.9999e-03 +1.9999e-03 +1.9999e-03 +1.9999e-03 +1.9999e-03 +1.9998e-03 +1.9998e-03 +1.9998e-03 +1.9998e-03 +1.9998e-03 +1.9998e-03 +1.9998e-03 +1.9998e-03 +1.9998e-03 +1.9998e-03 +1.9998e-03 +1.9998e-03 +1.9998e-03 +1.9998e-03 +1.9998e-03 +1.9998e-03 +1.9998e-03 +1.9998e-03 +1.9997e-03 +1.9997e-03 +1.9997e-03 +1.9997e-03 +1.9997e-03 +1.9997e-03 +1.9997e-03 +1.9997e-03 +1.9997e-03 +1.9997e-03 +1.9997e-03 +1.9997e-03 +1.9996e-03 +1.9996e-03 +1.9996e-03 +1.9996e-03 +1.9996e-03 +1.9996e-03 +1.9996e-03 +1.9996e-03 
+0000.00150 +1.5000e-03 +1.5000e-03 +1.5000e-03 +1.5000e-03 +1.5000e-03 +1.5000e-03 +1.5000e-03 +1.5000e-03 +1.5000e-03 +1.5000e-03 +1.5000e-03 +1.5000e-03 +1.5000e-03 +1.5000e-03 +1.4999e-03 +1.4999e-03 +1.4999e-03 +1.4999e-03 +1.4999e-03 +1.4999e-03 +1.4999e-03 +1.4999e-03 +1.4999e-03 +1.4999e-03 +1.4999e-03 +1.4999e-03 +1.4999e-03 +1.4999e-03 +1.4999e-03 +1.4999e-03 +1.4999e-03 +1.4999e-03 +1.4999e-03 +1.4999e-03 +1.4999e-03 +1.4998e-03 +1.4998e-03 +1.4998e-03 +1.4998e-03 +1.4998e-03 +1.4998e-03 +1.4998e-03 +1.4998e-03 +1.4998e-03 +1.4998e-03 +1.4998e-03 +1.4998e-03 +1.4998e-03 +1.4998e-03 +1.4998e-03 +1.4998e-03 +1.4998e-03 +1.4998e-03 +1.4998e-03 +1.4998e-03 +1.4998e-03 +1.4997e-03 +1.4997e-03 +1.4997e-03 +1.4997e-03 +1.4997e-03 
+0000.00100 +1.0000e-03 +1.0000e-03 +1.0000e-03 +1.0000e-03 +1.0000e-03 +1.0000e-03 +1.0000e-03 +9.9999e-04 +9.9999e-04 +9.9998e-04 +9.9998e-04 +9.9998e-04 +9.9997e-04 +9.9997e-04 +9.9997e-04 +9.9996e-04 +9.9996e-04 +9.9996e-04 +9.9995e-04 +9.9995e-04 +9.9995e-04 +9.9995e-04 +9.9994e-04 +9.9994e-04 +9.9994e-04 +9.9994e-04 +9.9994e-04 +9.9993e-04 +9.9993e-04 +9.9993e-04 +9.9993e-04 +9.9992e-04 +9.9992e-04 +9.9992e-04 +9.9992e-04 +9.9991e-04 +9.9991e-04 +9.9991e-04 +9.9990e-04 +9.9990e-04 +9.9990e-04 +9.9989e-04 +9.9989e-04 +9.9989e-04 +9.9988e-04 +9.9988e-04 +9.9987e-04 +9.9987e-04 +9.9986e-04 +9.9986e-04 +9.9986e-04 +9.9985e-04 +9.9985e-04 +9.9984e-04 +9.9984e-04 +9.9983e-04 +9.9983e-04 +9.9982e-04 +9.9982e-04 +9.9981e-04 +9.9981e-04 
+0000.00050 +5.0002e-04 +5.0002e-04 +5.0001e-04 +5.0001e-04 +5.0001e-04 +5.0001e-04 +5.0000e-04 +5.0000e-04 +5.0000e-04 +5.0000e-04 +5.0000e-04 +4.9999e-04 +4.9999e-04 +4.9999e-04 +4.9999e-04 +4.9999e-04 +4.9998e-04 +4.9998e-04 +4.9998e-04 +4.9998e-04 +4.9998e-04 +4.9998e-04 +4.9998e-04 +4.9997e-04 +4.9997e-04 +4.9997e-04 +4.9997e-04 +4.9997e-04 +4.9997e-04 +4.9997e-04 +4.9996e-04 +4.9996e-04 +4.9996e-04 +4.9996e-04 +4.9996e-04 +4.9996e-04 +4.9996e-04 +4.9995e-04 +4.9995e-04 +4.9995e-04 +4.9995e-04 +4.9995e-04 +4.9995e-04 +4.9994e-04 +4.9994e-04 +4.9994e-04 +4.9994e-04 +4.9994e-04 +4.9994e-04 +4.9993e-04 +4.9993e-04 +4.9993e-04 +4.9993e-04 +4.9992e-04 +4.9992e-04 +4.9992e-04 +4.9992e-04 +4.9992e-04 +4.9991e-04 +4.9991e-04 +4.9991e-04 
+0000.00000 +2.6013e-11 +1.4569e-11 +4.3235e-12 -4.8084e-12 -1.2907e-11 -2.0050e-11 -2.6313e-11 -3.1767e-11 -3.6482e-11 -4.0523e-11 -4.3953e-11 -4.6834e-11 -4.9221e-11 -5.1170e-11 -5.2731e-11 -5.3954e-11 -5.4884e-11 -5.5563e-11 -5.6031e-11 -5.6325e-11 -5.6479e-11 -5.6523e-11 -5.6485e-11 -5.6391e-11 -5.6263e-11 -5.6119e-11 -5.5976e-11 -5.5847e-11 -5.5743e-11 -5.5671e-11 -5.5634e-11 -5.5636e-11 -5.5675e-11 -5.5745e-11 -5.5841e-11 -5.5951e-11 -5.6063e-11 -5.6160e-11 -5.6224e-11 -5.6233e-11 -5.6161e-11 -5.5982e-11 -5.5664e-11 -5.5173e-11 -5.4474e-11 -5.3526e-11 -5.2287e-11 -5.0712e-11 -4.8752e-11 -4.6356e-11 -4.3471e-11 -4.0038e-11 -3.5998e-11 -3.1287e-11 -2.5841e-11 -1.9590e-11 -1.2461e-11 -4.3818e-12 +4.7269e-12 +1.4945e-11 +2.6357e-11 
-0000.00050 -5.0002e-04 -5.0002e-04 -5.0001e-04 -5.0001e-04 -5.0001e-04 -5.0001e-04 -5.0000e-04 -5.0000e-04 -5.0000e-04 -5.0000e-04 -5.0000e-04 -4.9999e-04 -4.9999e-04 -4.9999e-04 -4.9999e-04 -4.9999e-04 -4.9998e-04 -4.9998e-04 -4.9998e-04 -4.9998e-04 -4.9998e-04 -4.9998e-04 -4.9998e-04 -4.9997e-04 -4.9997e-04 -4.9997e-04 -4.9997e-04 -4.9997e-04 -4.9997e-04 -4.9997e-04 -4.9996e-04 -4.9996e-04 -4.9996e-04 -4.9996e-04 -4.9996e-04 -4.9996e-04 -4.9996e-04 -4.9995e-04 -4.9995e-04 -4.9995e-04 -4.9995e-04 -4.9995e-04 -4.9995e-04 -4.9994e-04 -4.9994e-04 -4.9994e-04 -4.9994e-04 -4.9994e-04 -4.9994e-04 -4.9993e-04 -4.9993e-04 -4.9993e-04 -4.9993e-04 -4.9992e-04 -4.9992e-04 -4.9992e-04 -4.9992e-04 -4.9992e-04 -4.9991e-04 -4.9991e-04 -4.9991e-04 
-0000.00100 -1.0000e-03 -1.0000e-03 -1.0000e-03 -1.0000e-03 -1.0000e-03 -1.0000e-03 -1.0000e-03 -9.9999e-04 -9.9999e-04 -9.9998e-04 -9.9998e-04 -9.9998e-04 -9.9997e-04 -9.9997e-04 -9.9997e-04 -9.9996e-04 -9.9996e-04 -9.9996e-04 -9.9995e-04 -9.9995e-04 -9.9995e-04 -9.9995e-04 -9.9994e-04 -9.9994e-04 -9.9994e-04 -9.9994e-04 -9.9994e-04 -9.9993e-04 -9.9993e-04 -9.9993e-04 -9.9993e-04 -9.9992e-04 -9.9992e-04 -9.9992e-04 -9.9992e-04 -9.9991e-04 -9.9991e-04 -9.9991e-04 -9.9990e-04 -9.9990e-04 -9.9990e-04 -9.9989e-04 -9.9989e-04 -9.9989e-04 -9.9988e-04 -9.9988e-04 -9.9987e-04 -9.9987e-04 -9.9986e-04 -9.9986e-04 -9.9986e-04 -9.9985e-04 -9.9985e-04 -9.9984e-04 -9.9984e-04 -9.9983e-04 -9.9983e-04 -9.9982e-04 -9.9982e-04 -9.9981e-04 -9.9981e-04 
-0000.00150 -1.5000e-03 -1.5000e-03 -1.5000e-03 -1.5000e-03 -1.5000e-03 -1.5000e-03 -1.5000e-03 -1.5000e-03 -1.5000e-03 -1.5000e-03 -1.5000e-03 -1.5000e-03 -1.5000e-03 -1.5000e-03 -1.4999e-03 -1.4999e-03 -1.4999e-03 -1.4999e-03 -1.4999e-03 -1.4999e-03 -1.4999e-03 -1.4999e-03 -1.4999e-03 -1.4999e-03 -1.4999e-03 -1.4999e-03 -1.4999e-03 -1.4999e-03 -1.4999e-03 -1.4999e-03 -1.4999e-03 -1.4999e-03 -1.4999e-03 -1.4999e-03 -1.4999e-03 -1.4998e-03 -1.4998e-03 -1.4998e-03 -1.4998e-03 -1.4998e-03 -1.4998e-03 -1.4998e-03 -1.4998e-03 -1.4998e-03 -1.4998e-03 -1.4998e-03 -1.4998e-03 -1.4998e-03 -1.4998e-03 -1.4998e-03 -1.4998e-03 -1.4998e-03 -1.4998e-03 -1.4998e-03 -1.4998e-03 -1.4998e-03 -1.4997e-03 -1.4997e-03 -1.4997e-03 -1.4997e-03 -1.4997e-03 
-0000.00200 -2.0000e-03 -2.0000e-03 -2.0000e-03 -2.0000e-03 -2.0000e-03 -2.0000e-03 -2.0000e-03 -2.0000e-03 -1.9999e-03 -1.9999e-03 -1.9999e-03 -1.9999e-03 -1.9999e-03 -1.9999e-03 -1.9999e-03 -1.9999e-03 -1.9999e-03 -1.9999e-03 -1.9999e-03 -1.9999e-03 -1.9999e-03 -1.9999e-03 -1.9999e-03 -1.9998e-03 -1.9998e-03 -1.9998e-03 -1.9998e-03 -1.9998e-03 -1.9998e-03 -1.9998e-03 -1.9998e-03 -1.9998e-03 -1.9998e-03 -1.9998e-03 -1.9998e-03 -1.9998e-03 -1.9998e-03 -1.9998e-03 -1.9998e-03 -1.9998e-03 -1.9998e-03 -1.9997e-03 -1.9997e-03 -1.9997e-03 -1.9997e-03 -1.9997e-03 -1.9997e-03 -1.9997e-03 -1.9997e-03 -1.9997e-03 -1.9997e-03 -1.9997e-03 -1.9997e-03 -1.9996e-03 -1.9996e-03 -1.9996e-03 -1.9996e-03 -1.9996e-03 -1.9996e-03 -1.9996e-03 -1.9996e-03 