# Author: FAC idanalysis.IDKickMap
# Termination_kicks [T2m2]: +0.0000e+00 +0.0000e+00 +0.0000e+00 +0.0000e+00 
# Total Length of Longitudinal Interval [m]
0.13
# Number of Horizontal Points
61
# Number of Vertical Points
9
# Total Horizontal 2nd Order Kick [T2m2]
START
            -0000.01000 -0000.00967 -0000.00933 -0000.00900 -0000.00867 -0000.00833 -0000.00800 -0000.00767 -0000.00733 -0000.00700 -0000.00667 -0000.00633 -0000.00600 -0000.00567 -0000.00533 -0000.00500 -0000.00467 -0000.00433 -0000.00400 -0000.00367 -0000.00333 -0000.00300 -0000.00267 -0000.00233 -0000.00200 -0000.00167 -0000.00133 -0000.00100 -0000.00067 -0000.00033 +0000.00000 +0000.00033 +0000.00067 +0000.00100 +0000.00133 +0000.00167 +0000.00200 +0000.00233 +0000.00267 +0000.00300 +0000.00333 +0000.00367 +0000.00400 +0000.00433 +0000.00467 +0000.00500 +0000.00533 +0000.00567 +0000.00600 +0000.00633 +0000.00667 +0000.00700 +0000.00733 +0000.00767 +0000.00800 +0000.00833 +0000.00867 +0000.00900 +0000.00933 +0000.00967 +0000.01000 
+0000.00200 -1.9368e-04 -1.9243e-04 -1.9119e-04 -1.8995e-04 -1.8872e-04 -1.8750e-04 -1.8630e-04 -1.8512e-04 -1.8397e-04 -1.8284e-04 -1.8175e-04 -1.8069e-04 -1.7967e-04 -1.7868e-04 -1.7774e-04 -1.7685e-04 -1.7600e-04 -1.7520e-04 -1.7445e-04 -1.7375e-04 -1.7311e-04 -1.7253e-04 -1.7200e-04 -1.7153e-04 -1.7112e-04 -1.7077e-04 -1.7049e-04 -1.7026e-04 -1.7010e-04 -1.7000e-04 -1.6996e-04 -1.6999e-04 -1.7008e-04 -1.7023e-04 -1.7045e-04 -1.7072e-04 -1.7106e-04 -1.7146e-04 -1.7192e-04 -1.7244e-04 -1.7301e-04 -1.7364e-04 -1.7432e-04 -1.7505e-04 -1.7584e-04 -1.7667e-04 -1.7755e-04 -1.7847e-04 -1.7944e-04 -1.8044e-04 -1.8148e-04 -1.8255e-04 -1.8365e-04 -1.8478e-04 -1.8593e-04 -1.8710e-04 -1.8828e-04 -1.8948e-04 -1.9069e-04 -1.9190e-04 -1.9311e-04 
+0000.00150 -1.9311e-04 -1.9170e-04 -1.9031e-04 -1.8896e-04 -1.8765e-04 -1.8637e-04 -1.8513e-04 -1.8393e-04 -1.8277e-04 -1.8165e-04 -1.8058e-04 -1.7955e-04 -1.7857e-04 -1.7763e-04 -1.7675e-04 -1.7591e-04 -1.7512e-04 -1.7438e-04 -1.7369e-04 -1.7306e-04 -1.7247e-04 -1.7195e-04 -1.7147e-04 -1.7105e-04 -1.7068e-04 -1.7037e-04 -1.7012e-04 -1.6992e-04 -1.6977e-04 -1.6968e-04 -1.6965e-04 -1.6967e-04 -1.6975e-04 -1.6989e-04 -1.7008e-04 -1.7032e-04 -1.7062e-04 -1.7098e-04 -1.7139e-04 -1.7185e-04 -1.7237e-04 -1.7294e-04 -1.7356e-04 -1.7423e-04 -1.7496e-04 -1.7573e-04 -1.7655e-04 -1.7742e-04 -1.7834e-04 -1.7930e-04 -1.8031e-04 -1.8136e-04 -1.8245e-04 -1.8359e-04 -1.8476e-04 -1.8597e-04 -1.8722e-04 -1.8851e-04 -1.8983e-04 -1.9118e-04 -1.9256e-04 
+0000.00100 -1.9360e-04 -1.9210e-04 -1.9064e-04 -1.8924e-04 -1.8788e-04 -1.8656e-04 -1.8530e-04 -1.8408e-04 -1.8291e-04 -1.8179e-04 -1.8073e-04 -1.7971e-04 -1.7874e-04 -1.7782e-04 -1.7695e-04 -1.7613e-04 -1.7537e-04 -1.7465e-04 -1.7399e-04 -1.7338e-04 -1.7282e-04 -1.7231e-04 -1.7186e-04 -1.7146e-04 -1.7111e-04 -1.7081e-04 -1.7057e-04 -1.7038e-04 -1.7024e-04 -1.7016e-04 -1.7012e-04 -1.7014e-04 -1.7022e-04 -1.7034e-04 -1.7052e-04 -1.7075e-04 -1.7104e-04 -1.7137e-04 -1.7176e-04 -1.7220e-04 -1.7270e-04 -1.7324e-04 -1.7384e-04 -1.7448e-04 -1.7518e-04 -1.7593e-04 -1.7673e-04 -1.7758e-04 -1.7848e-04 -1.7942e-04 -1.8042e-04 -1.8147e-04 -1.8256e-04 -1.8370e-04 -1.8489e-04 -1.8613e-04 -1.8741e-04 -1.8874e-04 -1.9012e-04 -1.9154e-04 -1.9301e-04 
+0000.00050 -1.9388e-04 -1.9234e-04 -1.9086e-04 -1.8943e-04 -1.8805e-04 -1.8672e-04 -1.8544e-04 -1.8422e-04 -1.8305e-04 -1.8193e-04 -1.8086e-04 -1.7984e-04 -1.7888e-04 -1.7796e-04 -1.7710e-04 -1.7630e-04 -1.7554e-04 -1.7483e-04 -1.7418e-04 -1.7358e-04 -1.7303e-04 -1.7253e-04 -1.7209e-04 -1.7169e-04 -1.7135e-04 -1.7106e-04 -1.7082e-04 -1.7063e-04 -1.7050e-04 -1.7041e-04 -1.7038e-04 -1.7040e-04 -1.7047e-04 -1.7059e-04 -1.7077e-04 -1.7099e-04 -1.7127e-04 -1.7159e-04 -1.7197e-04 -1.7240e-04 -1.7288e-04 -1.7342e-04 -1.7400e-04 -1.7464e-04 -1.7532e-04 -1.7606e-04 -1.7685e-04 -1.7769e-04 -1.7858e-04 -1.7952e-04 -1.8052e-04 -1.8156e-04 -1.8266e-04 -1.8380e-04 -1.8500e-04 -1.8625e-04 -1.8755e-04 -1.8890e-04 -1.9030e-04 -1.9175e-04 -1.9326e-04 
+0000.00000 -1.9398e-04 -1.9244e-04 -1.9095e-04 -1.8951e-04 -1.8812e-04 -1.8679e-04 -1.8551e-04 -1.8428e-04 -1.8311e-04 -1.8199e-04 -1.8092e-04 -1.7990e-04 -1.7894e-04 -1.7803e-04 -1.7717e-04 -1.7636e-04 -1.7561e-04 -1.7491e-04 -1.7426e-04 -1.7366e-04 -1.7311e-04 -1.7261e-04 -1.7217e-04 -1.7178e-04 -1.7143e-04 -1.7114e-04 -1.7090e-04 -1.7072e-04 -1.7058e-04 -1.7050e-04 -1.7046e-04 -1.7048e-04 -1.7055e-04 -1.7067e-04 -1.7084e-04 -1.7106e-04 -1.7133e-04 -1.7166e-04 -1.7203e-04 -1.7246e-04 -1.7294e-04 -1.7347e-04 -1.7405e-04 -1.7468e-04 -1.7536e-04 -1.7610e-04 -1.7688e-04 -1.7772e-04 -1.7861e-04 -1.7955e-04 -1.8054e-04 -1.8159e-04 -1.8268e-04 -1.8383e-04 -1.8503e-04 -1.8628e-04 -1.8759e-04 -1.8894e-04 -1.9035e-04 -1.9182e-04 -1.9333e-04 
-0000.00050 -1.9391e-04 -1.9237e-04 -1.9089e-04 -1.8946e-04 -1.8808e-04 -1.8675e-04 -1.8548e-04 -1.8425e-04 -1.8308e-04 -1.8196e-04 -1.8089e-04 -1.7987e-04 -1.7891e-04 -1.7800e-04 -1.7714e-04 -1.7633e-04 -1.7557e-04 -1.7486e-04 -1.7421e-04 -1.7360e-04 -1.7305e-04 -1.7255e-04 -1.7211e-04 -1.7171e-04 -1.7137e-04 -1.7107e-04 -1.7083e-04 -1.7064e-04 -1.7050e-04 -1.7042e-04 -1.7038e-04 -1.7040e-04 -1.7047e-04 -1.7058e-04 -1.7076e-04 -1.7098e-04 -1.7125e-04 -1.7158e-04 -1.7195e-04 -1.7238e-04 -1.7286e-04 -1.7339e-04 -1.7397e-04 -1.7461e-04 -1.7529e-04 -1.7603e-04 -1.7682e-04 -1.7766e-04 -1.7855e-04 -1.7949e-04 -1.8048e-04 -1.8153e-04 -1.8262e-04 -1.8377e-04 -1.8497e-04 -1.8622e-04 -1.8752e-04 -1.8887e-04 -1.9027e-04 -1.9173e-04 -1.9323e-04 
-0000.00100 -1.9366e-04 -1.9216e-04 -1.9071e-04 -1.8930e-04 -1.8794e-04 -1.8663e-04 -1.8537e-04 -1.8415e-04 -1.8298e-04 -1.8186e-04 -1.8079e-04 -1.7977e-04 -1.7880e-04 -1.7788e-04 -1.7701e-04 -1.7619e-04 -1.7542e-04 -1.7471e-04 -1.7404e-04 -1.7343e-04 -1.7287e-04 -1.7236e-04 -1.7190e-04 -1.7149e-04 -1.7114e-04 -1.7084e-04 -1.7059e-04 -1.7039e-04 -1.7025e-04 -1.7016e-04 -1.7012e-04 -1.7014e-04 -1.7021e-04 -1.7033e-04 -1.7050e-04 -1.7073e-04 -1.7101e-04 -1.7134e-04 -1.7173e-04 -1.7216e-04 -1.7265e-04 -1.7319e-04 -1.7378e-04 -1.7443e-04 -1.7512e-04 -1.7587e-04 -1.7666e-04 -1.7751e-04 -1.7841e-04 -1.7935e-04 -1.8035e-04 -1.8140e-04 -1.8249e-04 -1.8363e-04 -1.8482e-04 -1.8606e-04 -1.8735e-04 -1.8868e-04 -1.9006e-04 -1.9148e-04 -1.9295e-04 
-0000.00150 -1.9321e-04 -1.9180e-04 -1.9042e-04 -1.8907e-04 -1.8776e-04 -1.8648e-04 -1.8524e-04 -1.8404e-04 -1.8288e-04 -1.8176e-04 -1.8069e-04 -1.7965e-04 -1.7867e-04 -1.7773e-04 -1.7684e-04 -1.7600e-04 -1.7520e-04 -1.7446e-04 -1.7377e-04 -1.7313e-04 -1.7254e-04 -1.7200e-04 -1.7152e-04 -1.7110e-04 -1.7072e-04 -1.7041e-04 -1.7014e-04 -1.6994e-04 -1.6978e-04 -1.6969e-04 -1.6965e-04 -1.6967e-04 -1.6974e-04 -1.6987e-04 -1.7005e-04 -1.7029e-04 -1.7058e-04 -1.7093e-04 -1.7133e-04 -1.7179e-04 -1.7230e-04 -1.7287e-04 -1.7348e-04 -1.7415e-04 -1.7487e-04 -1.7564e-04 -1.7646e-04 -1.7732e-04 -1.7824e-04 -1.7920e-04 -1.8020e-04 -1.8125e-04 -1.8234e-04 -1.8347e-04 -1.8465e-04 -1.8586e-04 -1.8711e-04 -1.8840e-04 -1.8972e-04 -1.9107e-04 -1.9245e-04 
-0000.00200 -1.9384e-04 -1.9260e-04 -1.9135e-04 -1.9011e-04 -1.8888e-04 -1.8767e-04 -1.8646e-04 -1.8528e-04 -1.8413e-04 -1.8300e-04 -1.8190e-04 -1.8084e-04 -1.7981e-04 -1.7882e-04 -1.7788e-04 -1.7697e-04 -1.7612e-04 -1.7531e-04 -1.7455e-04 -1.7385e-04 -1.7320e-04 -1.7261e-04 -1.7207e-04 -1.7159e-04 -1.7118e-04 -1.7082e-04 -1.7052e-04 -1.7029e-04 -1.7012e-04 -1.7001e-04 -1.6996e-04 -1.6998e-04 -1.7006e-04 -1.7020e-04 -1.7041e-04 -1.7068e-04 -1.7101e-04 -1.7140e-04 -1.7185e-04 -1.7235e-04 -1.7292e-04 -1.7354e-04 -1.7421e-04 -1.7494e-04 -1.7572e-04 -1.7655e-04 -1.7742e-04 -1.7834e-04 -1.7929e-04 -1.8029e-04 -1.8133e-04 -1.8239e-04 -1.8349e-04 -1.8462e-04 -1.8576e-04 -1.8693e-04 -1.8812e-04 -1.8932e-04 -1.9052e-04 -1.9174e-04 -1.9295e-04 
# Total Vertical 2nd Order Kick [T2m2]
START
            -0000.01000 -0000.00967 -0000.00933 -0000.00900 -0000.00867 -0000.00833 -0000.00800 -0000.00767 -0000.00733 -0000.00700 -0000.00667 -0000.00633 -0000.00600 -0000.00567 -0000.00533 -0000.00500 -0000.00467 -0000.00433 -0000.00400 -0000.00367 -0000.00333 -0000.00300 -0000.00267 -0000.00233 -0000.00200 -0000.00167 -0000.00133 -0000.00100 -0000.00067 -0000.00033 +0000.00000 +0000.00033 +0000.00067 +0000.00100 +0000.00133 +0000.00167 +0000.00200 +0000.00233 +0000.00267 +0000.00300 +0000.00333 +0000.00367 +0000.00400 +0000.00433 +0000.00467 +0000.00500 +0000.00533 +0000.00567 +0000.00600 +0000.00633 +0000.00667 +0000.00700 +0000.00733 +0000.00767 +0000.00800 +0000.00833 +0000.00867 +0000.00900 +0000.00933 +0000.00967 +0000.01000 
+0000.00200 -1.6631e-04 -1.6585e-04 -1.6540e-04 -1.6498e-04 -1.6457e-04 -1.6417e-04 -1.6379e-04 -1.6342e-04 -1.6306e-04 -1.6271e-04 -1.6237e-04 -1.6205e-04 -1.6173e-04 -1.6141e-04 -1.6111e-04 -1.6081e-04 -1.6051e-04 -1.6022e-04 -1.5993e-04 -1.5965e-04 -1.5937e-04 -1.5908e-04 -1.5881e-04 -1.5853e-04 -1.5825e-04 -1.5797e-04 -1.5769e-04 -1.5741e-04 -1.5713e-04 -1.5685e-04 -1.5656e-04 -1.5627e-04 -1.5598e-04 -1.5569e-04 -1.5540e-04 -1.5510e-04 -1.5480e-04 -1.5449e-04 -1.5418e-04 -1.5387e-04 -1.5356e-04 -1.5324e-04 -1.5292e-04 -1.5260e-04 -1.5227e-04 -1.5194e-04 -1.5161e-04 -1.5128e-04 -1.5095e-04 -1.5061e-04 -1.5027e-04 -1.4993e-04 -1.4959e-04 -1.4926e-04 -1.4892e-04 -1.4858e-04 -1.4825e-04 -1.4791e-04 -1.4758e-04 -1.4725e-04 -1.4693e-04 
+0000.00150 -1.1060e-04 -1.1028e-04 -1.0997e-04 -1.0967e-04 -1.0938e-04 -1.0910e-04 -1.0883e-04 -1.0856e-04 -1.0830e-04 -1.0804e-04 -1.0779e-04 -1.0755e-04 -1.0731e-04 -1.0707e-04 -1.0684e-04 -1.0661e-04 -1.0638e-04 -1.0616e-04 -1.0594e-04 -1.0572e-04 -1.0550e-04 -1.0528e-04 -1.0506e-04 -1.0485e-04 -1.0463e-04 -1.0442e-04 -1.0420e-04 -1.0398e-04 -1.0377e-04 -1.0355e-04 -1.0333e-04 -1.0311e-04 -1.0289e-04 -1.0267e-04 -1.0245e-04 -1.0223e-04 -1.0200e-04 -1.0178e-04 -1.0155e-04 -1.0132e-04 -1.0109e-04 -1.0085e-04 -1.0062e-04 -1.0039e-04 -1.0015e-04 -9.9912e-05 -9.9674e-05 -9.9434e-05 -9.9194e-05 -9.8954e-05 -9.8713e-05 -9.8472e-05 -9.8231e-05 -9.7990e-05 -9.7749e-05 -9.7509e-05 -9.7271e-05 -9.7034e-05 -9.6798e-05 -9.6564e-05 -9.6333e-05 
+0000.00100 -6.7772e-05 -6.7563e-05 -6.7359e-05 -6.7161e-05 -6.6968e-05 -6.6780e-05 -6.6597e-05 -6.6417e-05 -6.6242e-05 -6.6070e-05 -6.5901e-05 -6.5735e-05 -6.5573e-05 -6.5412e-05 -6.5254e-05 -6.5098e-05 -6.4944e-05 -6.4791e-05 -6.4640e-05 -6.4490e-05 -6.4341e-05 -6.4193e-05 -6.4045e-05 -6.3898e-05 -6.3751e-05 -6.3605e-05 -6.3459e-05 -6.3312e-05 -6.3166e-05 -6.3019e-05 -6.2872e-05 -6.2725e-05 -6.2577e-05 -6.2429e-05 -6.2280e-05 -6.2130e-05 -6.1980e-05 -6.1829e-05 -6.1677e-05 -6.1525e-05 -6.1372e-05 -6.1218e-05 -6.1064e-05 -6.0909e-05 -6.0754e-05 -6.0598e-05 -6.0441e-05 -6.0284e-05 -6.0127e-05 -5.9970e-05 -5.9812e-05 -5.9655e-05 -5.9497e-05 -5.9340e-05 -5.9183e-05 -5.9027e-05 -5.8871e-05 -5.8716e-05 -5.8563e-05 -5.8410e-05 -5.8259e-05 
+0000.00050 -3.2293e-05 -3.2181e-05 -3.2072e-05 -3.1967e-05 -3.1865e-05 -3.1765e-05 -3.1669e-05 -3.1574e-05 -3.1483e-05 -3.1393e-05 -3.1305e-05 -3.1219e-05 -3.1135e-05 -3.1052e-05 -3.0970e-05 -3.0890e-05 -3.0811e-05 -3.0733e-05 -3.0655e-05 -3.0579e-05 -3.0503e-05 -3.0428e-05 -3.0353e-05 -3.0278e-05 -3.0204e-05 -3.0130e-05 -3.0056e-05 -2.9983e-05 -2.9909e-05 -2.9835e-05 -2.9761e-05 -2.9688e-05 -2.9613e-05 -2.9539e-05 -2.9465e-05 -2.9390e-05 -2.9315e-05 -2.9240e-05 -2.9165e-05 -2.9089e-05 -2.9013e-05 -2.8937e-05 -2.8861e-05 -2.8785e-05 -2.8709e-05 -2.8632e-05 -2.8556e-05 -2.8480e-05 -2.8404e-05 -2.8328e-05 -2.8252e-05 -2.8177e-05 -2.8102e-05 -2.8027e-05 -2.7953e-05 -2.7880e-05 -2.7808e-05 -2.7737e-05 -2.7667e-05 -2.7598e-05 -2.7530e-05 
+0000.00000 -2.0918e-07 -1.8947e-07 -1.7168e-07 -1.5569e-07 -1.4136e-07 -1.2858e-07 -1.1722e-07 -1.0719e-07 -9.8371e-08 -9.0661e-08 -8.3963e-08 -7.8184e-08 -7.3235e-08 -6.9032e-08 -6.5496e-08 -6.2551e-08 -6.0127e-08 -5.8158e-08 -5.6583e-08 -5.5344e-08 -5.4389e-08 -5.3671e-08 -5.3146e-08 -5.2776e-08 -5.2526e-08 -5.2367e-08 -5.2274e-08 -5.2226e-08 -5.2207e-08 -5.2206e-08 -5.2216e-08 -5.2235e-08 -5.2264e-08 -5.2311e-08 -5.2387e-08 -5.2508e-08 -5.2695e-08 -5.2971e-08 -5.3367e-08 -5.3917e-08 -5.4659e-08 -5.5636e-08 -5.6897e-08 -5.8493e-08 -6.0481e-08 -6.2923e-08 -6.5884e-08 -6.9435e-08 -7.3651e-08 -7.8610e-08 -8.4398e-08 -9.1103e-08 -9.8818e-08 -1.0764e-07 -1.1767e-07 -1.2902e-07 -1.4180e-07 -1.5612e-07 -1.7211e-07 -1.8988e-07 -2.0958e-07 
-0000.00050 +3.1869e-05 +3.1800e-05 +3.1729e-05 +3.1658e-05 +3.1586e-05 +3.1514e-05 +3.1441e-05 +3.1367e-05 +3.1293e-05 +3.1219e-05 +3.1145e-05 +3.1070e-05 +3.0995e-05 +3.0920e-05 +3.0845e-05 +3.0770e-05 +3.0695e-05 +3.0620e-05 +3.0545e-05 +3.0470e-05 +3.0395e-05 +3.0321e-05 +3.0246e-05 +3.0172e-05 +3.0097e-05 +3.0023e-05 +2.9949e-05 +2.9875e-05 +2.9801e-05 +2.9727e-05 +2.9653e-05 +2.9579e-05 +2.9505e-05 +2.9431e-05 +2.9357e-05 +2.9283e-05 +2.9208e-05 +2.9133e-05 +2.9057e-05 +2.8981e-05 +2.8905e-05 +2.8828e-05 +2.8750e-05 +2.8672e-05 +2.8592e-05 +2.8512e-05 +2.8430e-05 +2.8347e-05 +2.8263e-05 +2.8178e-05 +2.8091e-05 +2.8002e-05 +2.7912e-05 +2.7819e-05 +2.7725e-05 +2.7628e-05 +2.7529e-05 +2.7427e-05 +2.7323e-05 +2.7216e-05 +2.7106e-05 
-0000.00100 +6.7331e-05 +6.7174e-05 +6.7017e-05 +6.6860e-05 +6.6703e-05 +6.6546e-05 +6.6389e-05 +6.6233e-05 +6.6076e-05 +6.5920e-05 +6.5765e-05 +6.5610e-05 +6.5455e-05 +6.5301e-05 +6.5147e-05 +6.4994e-05 +6.4841e-05 +6.4689e-05 +6.4537e-05 +6.4386e-05 +6.4235e-05 +6.4085e-05 +6.3936e-05 +6.3786e-05 +6.3638e-05 +6.3489e-05 +6.3341e-05 +6.3194e-05 +6.3046e-05 +6.2899e-05 +6.2751e-05 +6.2604e-05 +6.2457e-05 +6.2310e-05 +6.2162e-05 +6.2014e-05 +6.1866e-05 +6.1717e-05 +6.1567e-05 +6.1417e-05 +6.1266e-05 +6.1114e-05 +6.0961e-05 +6.0806e-05 +6.0650e-05 +6.0492e-05 +6.0333e-05 +6.0172e-05 +6.0008e-05 +5.9843e-05 +5.9675e-05 +5.9504e-05 +5.9331e-05 +5.9154e-05 +5.8975e-05 +5.8792e-05 +5.8605e-05 +5.8414e-05 +5.8220e-05 +5.8021e-05 +5.7817e-05 
-0000.00150 +1.1013e-04 +1.0988e-04 +1.0963e-04 +1.0939e-04 +1.0914e-04 +1.0890e-04 +1.0866e-04 +1.0842e-04 +1.0818e-04 +1.0794e-04 +1.0770e-04 +1.0747e-04 +1.0723e-04 +1.0700e-04 +1.0676e-04 +1.0653e-04 +1.0630e-04 +1.0607e-04 +1.0585e-04 +1.0562e-04 +1.0540e-04 +1.0517e-04 +1.0495e-04 +1.0473e-04 +1.0450e-04 +1.0428e-04 +1.0406e-04 +1.0384e-04 +1.0362e-04 +1.0341e-04 +1.0319e-04 +1.0297e-04 +1.0275e-04 +1.0253e-04 +1.0231e-04 +1.0209e-04 +1.0187e-04 +1.0165e-04 +1.0143e-04 +1.0121e-04 +1.0098e-04 +1.0076e-04 +1.0053e-04 +1.0030e-04 +1.0007e-04 +9.9837e-05 +9.9600e-05 +9.9360e-05 +9.9118e-05 +9.8872e-05 +9.8622e-05 +9.8369e-05 +9.8111e-05 +9.7848e-05 +9.7581e-05 +9.7309e-05 +9.7031e-05 +9.6748e-05 +9.6459e-05 +9.6163e-05 +9.5861e-05 
-0000.00200 +1.6580e-04 +1.6544e-04 +1.6508e-04 +1.6473e-04 +1.6439e-04 +1.6404e-04 +1.6370e-04 +1.6336e-04 +1.6303e-04 +1.6270e-04 +1.6237e-04 +1.6205e-04 +1.6173e-04 +1.6141e-04 +1.6110e-04 +1.6078e-04 +1.6048e-04 +1.6017e-04 +1.5987e-04 +1.5956e-04 +1.5927e-04 +1.5897e-04 +1.5867e-04 +1.5838e-04 +1.5809e-04 +1.5780e-04 +1.5751e-04 +1.5722e-04 +1.5694e-04 +1.5665e-04 +1.5636e-04 +1.5608e-04 +1.5579e-04 +1.5550e-04 +1.5522e-04 +1.5493e-04 +1.5464e-04 +1.5435e-04 +1.5405e-04 +1.5376e-04 +1.5346e-04 +1.5316e-04 +1.5286e-04 +1.5255e-04 +1.5224e-04 +1.5192e-04 +1.5160e-04 +1.5128e-04 +1.5095e-04 +1.5061e-04 +1.5027e-04 +1.4992e-04 +1.4957e-04 +1.4920e-04 +1.4883e-04 +1.4845e-04 +1.4807e-04 +1.4767e-04 +1.4726e-04 +1.4685e-04 +1.4642e-04 
# Horizontal Final Position [m]
START
            -0000.01000 -0000.00967 -0000.00933 -0000.00900 -0000.00867 -0000.00833 -0000.00800 -0000.00767 -0000.00733 -0000.00700 -0000.00667 -0000.00633 -0000.00600 -0000.00567 -0000.00533 -0000.00500 -0000.00467 -0000.00433 -0000.00400 -0000.00367 -0000.00333 -0000.00300 -0000.00267 -0000.00233 -0000.00200 -0000.00167 -0000.00133 -0000.00100 -0000.00067 -0000.00033 +0000.00000 +0000.00033 +0000.00067 +0000.00100 +0000.00133 +0000.00167 +0000.00200 +0000.00233 +0000.00267 +0000.00300 +0000.00333 +0000.00367 +0000.00400 +0000.00433 +0000.00467 +0000.00500 +0000.00533 +0000.00567 +0000.00600 +0000.00633 +0000.00667 +0000.00700 +0000.00733 +0000.00767 +0000.00800 +0000.00833 +0000.00867 +0000.00900 +0000.00933 +0000.00967 +0000.01000 
+0000.00200 -1.0001e-02 -9.6675e-03 -9.3342e-03 -9.0009e-03 -8.6675e-03 -8.3342e-03 -8.0009e-03 -7.6675e-03 -7.3342e-03 -7.0009e-03 -6.6676e-03 -6.3342e-03 -6.0009e-03 -5.6676e-03 -5.3343e-03 -5.0009e-03 -4.6676e-03 -4.3343e-03 -4.0010e-03 -3.6677e-03 -3.3343e-03 -3.0010e-03 -2.6677e-03 -2.3344e-03 -2.0010e-03 -1.6677e-03 -1.3344e-03 -1.0010e-03 -6.6771e-04 -3.3438e-04 -1.0495e-06 +3.3228e-04 +6.6562e-04 +9.9896e-04 +1.3323e-03 +1.6656e-03 +1.9990e-03 +2.3323e-03 +2.6657e-03 +2.9990e-03 +3.3323e-03 +3.6657e-03 +3.9990e-03 +4.3324e-03 +4.6657e-03 +4.9991e-03 +5.3324e-03 +5.6658e-03 +5.9991e-03 +6.3325e-03 +6.6658e-03 +6.9991e-03 +7.3325e-03 +7.6658e-03 +7.9992e-03 +8.3325e-03 +8.6658e-03 +8.9992e-03 +9.3325e-03 +9.6658e-03 +9.9992e-03 
+0000.00150 -1.0001e-02 -9.6675e-03 -9.3342e-03 -9.0009e-03 -8.6675e-03 -8.3342e-03 -8.0009e-03 -7.6675e-03 -7.3342e-03 -7.0009e-03 -6.6676e-03 -6.3342e-03 -6.0009e-03 -5.6676e-03 -5.3343e-03 -5.0009e-03 -4.6676e-03 -4.3343e-03 -4.0010e-03 -3.6677e-03 -3.3343e-03 -3.0010e-03 -2.6677e-03 -2.3344e-03 -2.0010e-03 -1.6677e-03 -1.3344e-03 -1.0010e-03 -6.6772e-04 -3.3438e-04 -1.0509e-06 +3.3228e-04 +6.6562e-04 +9.9896e-04 +1.3323e-03 +1.6656e-03 +1.9990e-03 +2.3323e-03 +2.6657e-03 +2.9990e-03 +3.3323e-03 +3.6657e-03 +3.9990e-03 +4.3324e-03 +4.6657e-03 +4.9991e-03 +5.3324e-03 +5.6658e-03 +5.9991e-03 +6.3325e-03 +6.6658e-03 +6.9991e-03 +7.3325e-03 +7.6658e-03 +7.9992e-03 +8.3325e-03 +8.6658e-03 +8.9992e-03 +9.3325e-03 +9.6658e-03 +9.9992e-03 
+0000.00100 -1.0001e-02 -9.6675e-03 -9.3342e-03 -9.0009e-03 -8.6675e-03 -8.3342e-03 -8.0009e-03 -7.6675e-03 -7.3342e-03 -7.0009e-03 -6.6676e-03 -6.3342e-03 -6.0009e-03 -5.6676e-03 -5.3343e-03 -5.0009e-03 -4.6676e-03 -4.3343e-03 -4.0010e-03 -3.6677e-03 -3.3343e-03 -3.0010e-03 -2.6677e-03 -2.3344e-03 -2.0010e-03 -1.6677e-03 -1.3344e-03 -1.0010e-03 -6.6772e-04 -3.3438e-04 -1.0513e-06 +3.3228e-04 +6.6562e-04 +9.9896e-04 +1.3323e-03 +1.6656e-03 +1.9990e-03 +2.3323e-03 +2.6657e-03 +2.9990e-03 +3.3323e-03 +3.6657e-03 +3.9990e-03 +4.3324e-03 +4.6657e-03 +4.9991e-03 +5.3324e-03 +5.6658e-03 +5.9991e-03 +6.3325e-03 +6.6658e-03 +6.9991e-03 +7.3325e-03 +7.6658e-03 +7.9992e-03 +8.3325e-03 +8.6658e-03 +8.9992e-03 +9.3325e-03 +9.6658e-03 +9.9992e-03 
+0000.00050 -1.0001e-02 -9.6675e-03 -9.3342e-03 -9.0009e-03 -8.6676e-03 -8.3343e-03 -8.0010e-03 -7.6676e-03 -7.3343e-03 -7.0010e-03 -6.6677e-03 -6.3343e-03 -6.0010e-03 -5.6677e-03 -5.3343e-03 -5.0010e-03 -4.6677e-03 -4.3343e-03 -4.0010e-03 -3.6677e-03 -3.3343e-03 -3.0010e-03 -2.6677e-03 -2.3343e-03 -2.0010e-03 -1.6676e-03 -1.3343e-03 -1.0010e-03 -6.6764e-04 -3.3430e-04 -9.6717e-07 +3.3237e-04 +6.6570e-04 +9.9903e-04 +1.3324e-03 +1.6657e-03 +1.9990e-03 +2.3324e-03 +2.6657e-03 +2.9990e-03 +3.3323e-03 +3.6657e-03 +3.9990e-03 +4.3323e-03 +4.6657e-03 +4.9990e-03 +5.3323e-03 +5.6657e-03 +5.9990e-03 +6.3323e-03 +6.6657e-03 +6.9990e-03 +7.3324e-03 +7.6657e-03 +7.9991e-03 +8.3324e-03 +8.6658e-03 +8.9992e-03 +9.3325e-03 +9.6659e-03 +9.9993e-03 
+0000.00000 -1.0001e-02 -9.6675e-03 -9.3342e-03 -9.0009e-03 -8.6676e-03 -8.3343e-03 -8.0010e-03 -7.6676e-03 -7.3343e-03 -7.0010e-03 -6.6677e-03 -6.3343e-03 -6.0010e-03 -5.6677e-03 -5.3343e-03 -5.0010e-03 -4.6677e-03 -4.3343e-03 -4.0010e-03 -3.6677e-03 -3.3343e-03 -3.0010e-03 -2.6677e-03 -2.3343e-03 -2.0010e-03 -1.6676e-03 -1.3343e-03 -1.0010e-03 -6.6764e-04 -3.3430e-04 -9.6721e-07 +3.3237e-04 +6.6570e-04 +9.9903e-04 +1.3324e-03 +1.6657e-03 +1.9990e-03 +2.3324e-03 +2.6657e-03 +2.9990e-03 +3.3323e-03 +3.6657e-03 +3.9990e-03 +4.3323e-03 +4.6657e-03 +4.9990e-03 +5.3323e-03 +5.6657e-03 +5.9990e-03 +6.3323e-03 +6.6657e-03 +6.9990e-03 +7.3324e-03 +7.6657e-03 +7.9991e-03 +8.3324e-03 +8.6658e-03 +8.9992e-03 +9.3325e-03 +9.6659e-03 +9.9993e-03 
-0000.00050 -1.0001e-02 -9.6675e-03 -9.3342e-03 -9.0009e-03 -8.6676e-03 -8.3343e-03 -8.0010e-03 -7.6676e-03 -7.3343e-03 -7.0010e-03 -6.6677e-03 -6.3343e-03 -6.0010e-03 -5.6677e-03 -5.3343e-03 -5.0010e-03 -4.6677e-03 -4.3343e-03 -4.0010e-03 -3.6677e-03 -3.3343e-03 -3.0010e-03 -2.6677e-03 -2.3343e-03 -2.0010e-03 -1.6676e-03 -1.3343e-03 -1.0010e-03 -6.6764e-04 -3.3430e-04 -9.6717e-07 +3.3237e-04 +6.6570e-04 +9.9903e-04 +1.3324e-03 +1.6657e-03 +1.9990e-03 +2.3324e-03 +2.6657e-03 +2.9990e-03 +3.3323e-03 +3.6657e-03 +3.9990e-03 +4.3323e-03 +4.6657e-03 +4.9990e-03 +5.3323e-03 +5.6657e-03 +5.9990e-03 +6.3323e-03 +6.6657e-03 +6.9990e-03 +7.3324e-03 +7.6657e-03 +7.9991e-03 +8.3324e-03 +8.6658e-03 +8.9992e-03 +9.3325e-03 +9.6659e-03 +9.9993e-03 
-0000.00100 -1.0001e-02 -9.6675e-03 -9.3342e-03 -9.0009e-03 -8.6675e-03 -8.3342e-03 -8.0009e-03 -7.6675e-03 -7.3342e-03 -7.0009e-03 -6.6676e-03 -6.3342e-03 -6.0009e-03 -5.6676e-03 -5.3343e-03 -5.0009e-03 -4.6676e-03 -4.3343e-03 -4.0010e-03 -3.6677e-03 -3.3343e-03 -3.0010e-03 -2.6677e-03 -2.3344e-03 -2.0010e-03 -1.6677e-03 -1.3344e-03 -1.0010e-03 -6.6772e-04 -3.3438e-04 -1.0513e-06 +3.3228e-04 +6.6562e-04 +9.9896e-04 +1.3323e-03 +1.6656e-03 +1.9990e-03 +2.3323e-03 +2.6657e-03 +2.9990e-03 +3.3323e-03 +3.6657e-03 +3.9990e-03 +4.3324e-03 +4.6657e-03 +4.9991e-03 +5.3324e-03 +5.6658e-03 +5.9991e-03 +6.3325e-03 +6.6658e-03 +6.9991e-03 +7.3325e-03 +7.6658e-03 +7.9992e-03 +8.3325e-03 +8.6658e-03 +8.9992e-03 +9.3325e-03 +9.6658e-03 +9.9992e-03 
-0000.00150 -1.0001e-02 -9.6675e-03 -9.3342e-03 -9.0009e-03 -8.6675e-03 -8.3342e-03 -8.0009e-03 -7.6675e-03 -7.3342e-03 -7.0009e-03 -6.6676e-03 -6.3342e-03 -6.0009e-03 -5.6676e-03 -5.3343e-03 -5.0009e-03 -4.6676e-03 -4.3343e-03 -4.0010e-03 -3.6677e-03 -3.3343e-03 -3.0010e-03 -2.6677e-03 -2.3344e-03 -2.0010e-03 -1.6677e-03 -1.3344e-03 -1.0010e-03 -6.6772e-04 -3.3438e-04 -1.0509e-06 +3.3228e-04 +6.6562e-04 +9.9896e-04 +1.3323e-03 +1.6656e-03 +1.9990e-03 +2.3323e-03 +2.6657e-03 +2.9990e-03 +3.3323e-03 +3.6657e-03 +3.9990e-03 +4.3324e-03 +4.6657e-03 +4.9991e-03 +5.3324e-03 +5.6658e-03 +5.9991e-03 +6.3325e-03 +6.6658e-03 +6.9991e-03 +7.3325e-03 +7.6658e-03 +7.9992e-03 +8.3325e-03 +8.6658e-03 +8.9992e-03 +9.3325e-03 +9.6658e-03 +9.9992e-03 
-0000.00200 -1.0001e-02 -9.6675e-03 -9.3342e-03 -9.0009e-03 -8.6675e-03 -8.3342e-03 -8.0009e-03 -7.6675e-03 -7.3342e-03 -7.0009e-03 -6.6676e-03 -6.3342e-03 -6.0009e-03 -5.6676e-03 -5.3343e-03 -5.0009e-03 -4.6676e-03 -4.3343e-03 -4.0010e-03 -3.6677e-03 -3.3343e-03 -3.0010e-03 -2.6677e-03 -2.3344e-03 -2.0010e-03 -1.6677e-03 -1.3344e-03 -1.0010e-03 -6.6771e-04 -3.3438e-04 -1.0495e-06 +3.3228e-04 +6.6562e-04 +9.9896e-04 +1.3323e-03 +1.6656e-03 +1.9990e-03 +2.3323e-03 +2.6657e-03 +2.9990e-03 +3.3323e-03 +3.6657e-03 +3.9990e-03 +4.3324e-03 +4.6657e-03 +4.9991e-03 +5.3324e-03 +5.6658e-03 +5.9991e-03 +6.3325e-03 +6.6658e-03 +6.9991e-03 +7.3325e-03 +7.6658e-03 +7.9992e-03 +8.3325e-03 +8.6658e-03 +8.9992e-03 +9.3325e-03 +9.6658e-03 +9.9992e-03 
# Vertical Final Position [m]
START
            -0000.01000 -0000.00967 -0000.00933 -0000.00900 -0000.00867 -0000.00833 -0000.00800 -0000.00767 -0000.00733 -0000.00700 -0000.00667 -0000.00633 -0000.00600 -0000.00567 -0000.00533 -0000.00500 -0000.00467 -0000.00433 -0000.00400 -0000.00367 -0000.00333 -0000.00300 -0000.00267 -0000.00233 -0000.00200 -0000.00167 -0000.00133 -0000.00100 -0000.00067 -0000.00033 +0000.00000 +0000.00033 +0000.00067 +0000.00100 +0000.00133 +0000.00167 +0000.00200 +0000.00233 +0000.00267 +0000.00300 +0000.00333 +0000.00367 +0000.00400 +0000.00433 +0000.00467 +0000.00500 +0000.00533 +0000.00567 +0000.00600 +0000.00633 +0000.00667 +0000.00700 +0000.00733 +0000.00767 +0000.00800 +0000.00833 +0000.00867 +0000.00900 +0000.00933 +0000.00967 +0000.01000 
+0000.00200 +2.0000e-03 +2.0000e-03 +2.0000e-03 +2.0000e-03 +2.0000e-03 +2.0000e-03 +2.0000e-03 +2.0000e-03 +2.0000e-03 +2.0000e-03 +1.9999e-03 +1.9999e-03 +1.9999e-03 +1.9999e-03 +1.9999e-03 +1.9999e-03 +1.9999e-03 +1.9999e-03 +1.9999e-03 +1.9999e-03 +1.9999e-03 +1.9999e-03 +1.9999e-03 +1.9999e-03 +1.9999e-03 +1.9999e-03 +1.9998e-03 +1.9998e-03 +1.9998e-03 +1.9998e-03 +1.9998e-03 +1.9998e-03 +1.9998e-03 +1.9998e-03 +1.9998e-03 +1.9998e-03 +1.9998e-03 +1.9998e-03 +1.9998e-03 +1.9998e-03 +1.9998e-03 +1.9998e-03 +1.9998e-03 +1.9998e-03 +1.9998e-03 +1.9998e-03 +1.9998e-03 +1.9998e-03 +1.9998e-03 +1.9998e-03 +1.9998e-03 +1.9997e-03 +1.9997e-03 +1.9997e-03 +1.9997e-03 +1.9997e-03 +1.9997e-03 +1.9997e-03 +1.9997e-03 +1.9997e-03 +1.9997e-03 
+0000.00150 +1.5000e-03 +1.5000e-03 +1.5000e-03 +1.5000e-03 +1.5000e-03 +1.5000e-03 +1.5000e-03 +1.5000e-03 +1.5000e-03 +1.5000e-03 +1.5000e-03 +1.5000e-03 +1.5000e-03 +1.4999e-03 +1.4999e-03 +1.4999e-03 +1.4999e-03 +1.4999e-03 +1.4999e-03 +1.4999e-03 +1.4999e-03 +1.4999e-03 +1.4999e-03 +1.4999e-03 +1.4999e-03 +1.4999e-03 +1.4999e-03 +1.4999e-03 +1.4999e-03 +1.4999e-03 +1.4999e-03 +1.4999e-03 +1.4999e-03 +1.4999e-03 +1.4999e-03 +1.4999e-03 +1.4999e-03 +1.4999e-03 +1.4999e-03 +1.4999e-03 +1.4999e-03 +1.4999e-03 +1.4999e-03 +1.4999e-03 +1.4999e-03 +1.4998e-03 +1.4998e-03 +1.4998e-03 +1.4998e-03 +1.4998e-03 +1.4998e-03 +1.4998e-03 +1.4998e-03 +1.4998e-03 +1.4998e-03 +1.4998e-03 +1.4998e-03 +1.4998e-03 +1.4998e-03 +1.4998e-03 +1.4998e-03 
+0000.00100 +1.0000e-03 +1.0000e-03 +1.0000e-03 +1.0000e-03 +1.0000e-03 +9.9999e-04 +9.9999e-04 +9.9999e-04 +9.9999e-04 +9.9999e-04 +9.9999e-04 +9.9998e-04 +9.9998e-04 +9.9998e-04 +9.9998e-04 +9.9997e-04 +9.9997e-04 +9.9997e-04 +9.9997e-04 +9.9996e-04 +9.9996e-04 +9.9996e-04 +9.9996e-04 +9.9995e-04 +9.9995e-04 +9.9995e-04 +9.9995e-04 +9.9994e-04 +9.9994e-04 +9.9994e-04 +9.9994e-04 +9.9993e-04 +9.9993e-04 +9.9993e-04 +9.9993e-04 +9.9992e-04 +9.9992e-04 +9.9992e-04 +9.9992e-04 +9.9992e-04 +9.9991e-04 +9.9991e-04 +9.9991e-04 +9.9991e-04 +9.9990e-04 +9.9990e-04 +9.9990e-04 +9.9990e-04 +9.9989e-04 +9.9989e-04 +9.9989e-04 +9.9989e-04 +9.9988e-04 +9.9988e-04 +9.9988e-04 +9.9987e-04 +9.9987e-04 +9.9987e-04 +9.9986e-04 +9.9986e-04 +9.9986e-04 
+0000.00050 +5.0001e-04 +5.0001e-04 +5.0001e-04 +5.0001e-04 +5.0000e-04 +5.0000e-04 +5.0000e-04 +5.0000e-04 +5.0000e-04 +5.0000e-04 +4.9999e-04 +4.9999e-04 +4.9999e-04 +4.9999e-04 +4.9999e-04 +4.9999e-04 +4.9999e-04 +4.9998e-04 +4.9998e-04 +4.9998e-04 +4.9998e-04 +4.9998e-04 +4.9998e-04 +4.9998e-04 +4.9998e-04 +4.9998e-04 +4.9997e-04 +4.9997e-04 +4.9997e-04 +4.9997e-04 +4.9997e-04 +4.9997e-04 +4.9997e-04 +4.9997e-04 +4.9997e-04 +4.9996e-04 +4.9996e-04 +4.9996e-04 +4.9996e-04 +4.9996e-04 +4.9996e-04 +4.9996e-04 +4.9996e-04 +4.9996e-04 +4.9995e-04 +4.9995e-04 +4.9995e-04 +4.9995e-04 +4.9995e-04 +4.9995e-04 +4.9995e-04 +4.9994e-04 +4.9994e-04 +4.9994e-04 +4.9994e-04 +4.9994e-04 +4.9994e-04 +4.9993e-04 +4.9993e-04 +4.9993e-04 +4.9993e-04 
+0000.00000 -2.8664e-10 -2.6348e-10 -2.4237e-10 -2.2318e-10 -2.0578e-10 -1.9006e-10 -1.7590e-10 -1.6318e-10 -1.5179e-10 -1.4164e-10 -1.3262e-10 -1.2463e-10 -1.1760e-10 -1.1143e-10 -1.0604e-10 -1.0137e-10 -9.7323e-11 -9.3850e-11 -9.0885e-11 -8.8369e-11 -8.6251e-11 -8.4481e-11 -8.3017e-11 -8.1818e-11 -8.0851e-11 -8.0085e-11 -7.9495e-11 -7.9061e-11 -7.8766e-11 -7.8599e-11 -7.8552e-11 -7.8624e-11 -7.8816e-11 -7.9136e-11 -7.9594e-11 -8.0208e-11 -8.0997e-11 -8.1986e-11 -8.3207e-11 -8.4692e-11 -8.6480e-11 -8.8617e-11 -9.1149e-11 -9.4129e-11 -9.7616e-11 -1.0167e-10 -1.0636e-10 -1.1175e-10 -1.1793e-10 -1.2496e-10 -1.3295e-10 -1.4197e-10 -1.5212e-10 -1.6350e-10 -1.7621e-10 -1.9036e-10 -2.0606e-10 -2.2343e-10 -2.4260e-10 -2.6368e-10 -2.8682e-10 
-0000.00050 -5.0001e-04 -5.0001e-04 -5.0001e-04 -5.0001e-04 -5.0000e-04 -5.0000e-04 -5.0000e-04 -5.0000e-04 -5.0000e-04 -4.9999e-04 -4.9999e-04 -4.9999e-04 -4.9999e-04 -4.9999e-04 -4.9999e-04 -4.9999e-04 -4.9999e-04 -4.9998e-04 -4.9998e-04 -4.9998e-04 -4.9998e-04 -4.9998e-04 -4.9998e-04 -4.9998e-04 -4.9998e-04 -4.9998e-04 -4.9997e-04 -4.9997e-04 -4.9997e-04 -4.9997e-04 -4.9997e-04 -4.9997e-04 -4.9997e-04 -4.9997e-04 -4.9997e-04 -4.9997e-04 -4.9996e-04 -4.9996e-04 -4.9996e-04 -4.9996e-04 -4.9996e-04 -4.9996e-04 -4.9996e-04 -4.9996e-04 -4.9995e-04 -4.9995e-04 -4.9995e-04 -4.9995e-04 -4.9995e-04 -4.9995e-04 -4.9995e-04 -4.9994e-04 -4.9994e-04 -4.9994e-04 -4.9994e-04 -4.9994e-04 -4.9994e-04 -4.9993e-04 -4.9993e-04 -4.9993e-04 -4.9993e-04 
-0000.00100 -1.0000e-03 -1.0000e-03 -1.0000e-03 -1.0000e-03 -1.0000e-03 -9.9999e-04 -9.9999e-04 -9.9999e-04 -9.9999e-04 -9.9999e-04 -9.9999e-04 -9.9998e-04 -9.9998e-04 -9.9998e-04 -9.9998e-04 -9.9997e-04 -9.9997e-04 -9.9997e-04 -9.9997e-04 -9.9996e-04 -9.9996e-04 -9.9996e-04 -9.9996e-04 -9.9995e-04 -9.9995e-04 -9.9995e-04 -9.9995e-04 -9.9994e-04 -9.9994e-04 -9.9994e-04 -9.9994e-04 -9.9993e-04 -9.9993e-04 -9.9993e-04 -9.9993e-04 -9.9992e-04 -9.9992e-04 -9.9992e-04 -9.9992e-04 -9.9992e-04 -9.9991e-04 -9.9991e-04 -9.9991e-04 -9.9991e-04 -9.9990e-04 -9.9990e-04 -9.9990e-04 -9.9990e-04 -9.9989e-04 -9.9989e-04 -9.9989e-04 -9.9989e-04 -9.9988e-04 -9.9988e-04 -9.9988e-04 -9.9987e-04 -9.9987e-04 -9.9987e-04 -9.9986e-04 -9.9986e-04 -9.9986e-04 
-0000.00150 -1.5000e-03 -1.5000e-03 -1.5000e-03 -1.5000e-03 -1.5000e-03 -1.5000e-03 -1.5000e-03 -1.5000e-03 -1.5000e-03 -1.5000e-03 -1.5000e-03 -1.5000e-03 -1.5000e-03 -1.4999e-03 -1.4999e-03 -1.4999e-03 -1.4999e-03 -1.4999e-03 -1.4999e-03 -1.4999e-03 -1.4999e-03 -1.4999e-03 -1.4999e-03 -1.4999e-03 -1.4999e-03 -1.4999e-03 -1.4999e-03 -1.4999e-03 -1.4999e-03 -1.4999e-03 -1.4999e-03 -1.4999e-03 -1.4999e-03 -1.4999e-03 -1.4999e-03 -1.4999e-03 -1.4999e-03 -1.4999e-03 -1.4999e-03 -1.4999e-03 -1.4999e-03 -1.4999e-03 -1.4999e-03 -1.4999e-03 -1.4999e-03 -1.4998e-03 -1.4998e-03 -1.4998e-03 -1.4998e-03 -1.4998e-03 -1.4998e-03 -1.4998e-03 -1.4998e-03 -1.4998e-03 -1.4998e-03 -1.4998e-03 -1.4998e-03 -1.4998e-03 -1.4998e-03 -1.4998e-03 -1.4998e-03 
-0000.00200 -2.0000e-03 -2.0000e-03 -2.0000e-03 -2.0000e-03 -2.0000e-03 -2.0000e-03 -2.0000e-03 -2.0000e-03 -2.0000e-03 -2.0000e-03 -1.9999e-03 -1.9999e-03 -1.9999e-03 -1.9999e-03 -1.9999e-03 -1.9999e-03 -1.9999e-03 -1.9999e-03 -1.9999e-03 -1.9999e-03 -1.9999e-03 -1.9999e-03 -1.9999e-03 -1.9999e-03 -1.9999e-03 -1.9999e-03 -1.9998e-03 -1.9998e-03 -1.9998e-03 -1.9998e-03 -1.9998e-03 -1.9998e-03 -1.9998e-03 -1.9998e-03 -1.9998e-03 -1.9998e-03 -1.9998e-03 -1.9998e-03 -1.9998e-03 -1.9998e-03 -1.9998e-03 -1.9998e-03 -1.9998e-03 -1.9998e-03 -1.9998e-03 -1.9998e-03 -1.9998e-03 -1.9998e-03 -1.9998e-03 -1.9998e-03 -1.9998e-03 -1.9997e-03 -1.9997e-03 -1.9997e-03 -1.9997e-03 -1.9997e-03 -1.9997e-03 -1.9997e-03 -1.9997e-03 -1.9997e-03 -1.9997e-03 