# Author: FAC idanalysis.IDKickMap
# Termination_kicks [T2m2]: +0.0000e+00 +0.0000e+00 +0.0000e+00 +0.0000e+00 
# Total Length of Longitudinal Interval [m]
0.13
# Number of Horizontal Points
61
# Number of Vertical Points
9
# Total Horizontal 2nd Order Kick [T2m2]
START
            -0000.01000 -0000.00967 -0000.00933 -0000.00900 -0000.00867 -0000.00833 -0000.00800 -0000.00767 -0000.00733 -0000.00700 -0000.00667 -0000.00633 -0000.00600 -0000.00567 -0000.00533 -0000.00500 -0000.00467 -0000.00433 -0000.00400 -0000.00367 -0000.00333 -0000.00300 -0000.00267 -0000.00233 -0000.00200 -0000.00167 -0000.00133 -0000.00100 -0000.00067 -0000.00033 +0000.00000 +0000.00033 +0000.00067 +0000.00100 +0000.00133 +0000.00167 +0000.00200 +0000.00233 +0000.00267 +0000.00300 +0000.00333 +0000.00367 +0000.00400 +0000.00433 +0000.00467 +0000.00500 +0000.00533 +0000.00567 +0000.00600 +0000.00633 +0000.00667 +0000.00700 +0000.00733 +0000.00767 +0000.00800 +0000.00833 +0000.00867 +0000.00900 +0000.00933 +0000.00967 +0000.01000 
+0000.00200 -2.3220e-05 -2.1970e-05 -2.0730e-05 -1.9490e-05 -1.8260e-05 -1.7040e-05 -1.5840e-05 -1.4660e-05 -1.3510e-05 -1.2380e-05 -1.1290e-05 -1.0230e-05 -9.2100e-06 -8.2200e-06 -7.2800e-06 -6.3900e-06 -5.5400e-06 -4.7400e-06 -3.9900e-06 -3.2900e-06 -2.6500e-06 -2.0700e-06 -1.5400e-06 -1.0700e-06 -6.6000e-07 -3.1000e-07 -3.0000e-08 +2.0000e-07 +3.6000e-07 +4.6000e-07 +5.0000e-07 +4.7000e-07 +3.8000e-07 +2.3000e-07 +1.0000e-08 -2.6000e-07 -6.0000e-07 -1.0000e-06 -1.4600e-06 -1.9800e-06 -2.5500e-06 -3.1800e-06 -3.8600e-06 -4.5900e-06 -5.3800e-06 -6.2100e-06 -7.0900e-06 -8.0100e-06 -8.9800e-06 -9.9800e-06 -1.1020e-05 -1.2090e-05 -1.3190e-05 -1.4320e-05 -1.5470e-05 -1.6640e-05 -1.7820e-05 -1.9020e-05 -2.0230e-05 -2.1440e-05 -2.2650e-05 
+0000.00150 -2.2650e-05 -2.1240e-05 -1.9850e-05 -1.8500e-05 -1.7190e-05 -1.5910e-05 -1.4670e-05 -1.3470e-05 -1.2310e-05 -1.1190e-05 -1.0120e-05 -9.0900e-06 -8.1100e-06 -7.1700e-06 -6.2900e-06 -5.4500e-06 -4.6600e-06 -3.9200e-06 -3.2300e-06 -2.6000e-06 -2.0100e-06 -1.4900e-06 -1.0100e-06 -5.9000e-07 -2.2000e-07 +9.0000e-08 +3.4000e-07 +5.4000e-07 +6.9000e-07 +7.8000e-07 +8.1000e-07 +7.9000e-07 +7.1000e-07 +5.7000e-07 +3.8000e-07 +1.4000e-07 -1.6000e-07 -5.2000e-07 -9.3000e-07 -1.3900e-06 -1.9100e-06 -2.4800e-06 -3.1000e-06 -3.7700e-06 -4.5000e-06 -5.2700e-06 -6.0900e-06 -6.9600e-06 -7.8800e-06 -8.8400e-06 -9.8500e-06 -1.0900e-05 -1.1990e-05 -1.3130e-05 -1.4300e-05 -1.5510e-05 -1.6760e-05 -1.8050e-05 -1.9370e-05 -2.0720e-05 -2.2100e-05 
+0000.00100 -2.3140e-05 -2.1640e-05 -2.0180e-05 -1.8780e-05 -1.7420e-05 -1.6100e-05 -1.4840e-05 -1.3620e-05 -1.2450e-05 -1.1330e-05 -1.0270e-05 -9.2500e-06 -8.2800e-06 -7.3600e-06 -6.4900e-06 -5.6700e-06 -4.9100e-06 -4.1900e-06 -3.5300e-06 -2.9200e-06 -2.3600e-06 -1.8500e-06 -1.4000e-06 -1.0000e-06 -6.5000e-07 -3.5000e-07 -1.1000e-07 +8.0000e-08 +2.2000e-07 +3.0000e-07 +3.4000e-07 +3.2000e-07 +2.4000e-07 +1.2000e-07 -6.0000e-08 -2.9000e-07 -5.8000e-07 -9.1000e-07 -1.3000e-06 -1.7400e-06 -2.2400e-06 -2.7800e-06 -3.3800e-06 -4.0200e-06 -4.7200e-06 -5.4700e-06 -6.2700e-06 -7.1200e-06 -8.0200e-06 -8.9600e-06 -9.9600e-06 -1.1010e-05 -1.2100e-05 -1.3240e-05 -1.4430e-05 -1.5670e-05 -1.6950e-05 -1.8280e-05 -1.9660e-05 -2.1080e-05 -2.2550e-05 
+0000.00050 -2.3420e-05 -2.1880e-05 -2.0400e-05 -1.8970e-05 -1.7590e-05 -1.6260e-05 -1.4980e-05 -1.3760e-05 -1.2590e-05 -1.1470e-05 -1.0400e-05 -9.3800e-06 -8.4200e-06 -7.5000e-06 -6.6400e-06 -5.8400e-06 -5.0800e-06 -4.3700e-06 -3.7200e-06 -3.1200e-06 -2.5700e-06 -2.0700e-06 -1.6300e-06 -1.2300e-06 -8.9000e-07 -6.0000e-07 -3.6000e-07 -1.7000e-07 -4.0000e-08 +5.0000e-08 +8.0000e-08 +6.0000e-08 -1.0000e-08 -1.3000e-07 -3.1000e-07 -5.3000e-07 -8.1000e-07 -1.1300e-06 -1.5100e-06 -1.9400e-06 -2.4200e-06 -2.9600e-06 -3.5400e-06 -4.1800e-06 -4.8600e-06 -5.6000e-06 -6.3900e-06 -7.2300e-06 -8.1200e-06 -9.0600e-06 -1.0060e-05 -1.1100e-05 -1.2200e-05 -1.3340e-05 -1.4540e-05 -1.5790e-05 -1.7090e-05 -1.8440e-05 -1.9840e-05 -2.1290e-05 -2.2800e-05 
+0000.00000 -2.3520e-05 -2.1980e-05 -2.0490e-05 -1.9050e-05 -1.7660e-05 -1.6330e-05 -1.5050e-05 -1.3820e-05 -1.2650e-05 -1.1530e-05 -1.0460e-05 -9.4400e-06 -8.4800e-06 -7.5700e-06 -6.7100e-06 -5.9000e-06 -5.1500e-06 -4.4500e-06 -3.8000e-06 -3.2000e-06 -2.6500e-06 -2.1500e-06 -1.7100e-06 -1.3200e-06 -9.7000e-07 -6.8000e-07 -4.4000e-07 -2.6000e-07 -1.2000e-07 -4.0000e-08 +0.0000e+00 -2.0000e-08 -9.0000e-08 -2.1000e-07 -3.8000e-07 -6.0000e-07 -8.7000e-07 -1.2000e-06 -1.5700e-06 -2.0000e-06 -2.4800e-06 -3.0100e-06 -3.5900e-06 -4.2200e-06 -4.9000e-06 -5.6400e-06 -6.4200e-06 -7.2600e-06 -8.1500e-06 -9.0900e-06 -1.0080e-05 -1.1130e-05 -1.2220e-05 -1.3370e-05 -1.4570e-05 -1.5820e-05 -1.7130e-05 -1.8480e-05 -1.9890e-05 -2.1360e-05 -2.2870e-05 
-0000.00050 -2.3450e-05 -2.1910e-05 -2.0430e-05 -1.9000e-05 -1.7620e-05 -1.6290e-05 -1.5020e-05 -1.3790e-05 -1.2620e-05 -1.1500e-05 -1.0430e-05 -9.4100e-06 -8.4500e-06 -7.5400e-06 -6.6800e-06 -5.8700e-06 -5.1100e-06 -4.4000e-06 -3.7500e-06 -3.1400e-06 -2.5900e-06 -2.0900e-06 -1.6500e-06 -1.2500e-06 -9.1000e-07 -6.1000e-07 -3.7000e-07 -1.8000e-07 -4.0000e-08 +4.0000e-08 +8.0000e-08 +6.0000e-08 -1.0000e-08 -1.2000e-07 -3.0000e-07 -5.2000e-07 -7.9000e-07 -1.1200e-06 -1.4900e-06 -1.9200e-06 -2.4000e-06 -2.9300e-06 -3.5100e-06 -4.1500e-06 -4.8300e-06 -5.5700e-06 -6.3600e-06 -7.2000e-06 -8.0900e-06 -9.0300e-06 -1.0020e-05 -1.1070e-05 -1.2160e-05 -1.3310e-05 -1.4510e-05 -1.5760e-05 -1.7060e-05 -1.8410e-05 -1.9810e-05 -2.1270e-05 -2.2770e-05 
-0000.00100 -2.3200e-05 -2.1700e-05 -2.0250e-05 -1.8840e-05 -1.7480e-05 -1.6170e-05 -1.4910e-05 -1.3690e-05 -1.2520e-05 -1.1400e-05 -1.0330e-05 -9.3100e-06 -8.3400e-06 -7.4200e-06 -6.5500e-06 -5.7300e-06 -4.9600e-06 -4.2500e-06 -3.5800e-06 -2.9700e-06 -2.4100e-06 -1.9000e-06 -1.4400e-06 -1.0300e-06 -6.8000e-07 -3.8000e-07 -1.3000e-07 +7.0000e-08 +2.1000e-07 +3.0000e-07 +3.4000e-07 +3.2000e-07 +2.5000e-07 +1.3000e-07 -4.0000e-08 -2.7000e-07 -5.5000e-07 -8.8000e-07 -1.2700e-06 -1.7000e-06 -2.1900e-06 -2.7300e-06 -3.3200e-06 -3.9700e-06 -4.6600e-06 -5.4100e-06 -6.2000e-06 -7.0500e-06 -7.9500e-06 -8.8900e-06 -9.8900e-06 -1.0940e-05 -1.2030e-05 -1.3170e-05 -1.4360e-05 -1.5600e-05 -1.6890e-05 -1.8220e-05 -1.9600e-05 -2.1020e-05 -2.2490e-05 
-0000.00150 -2.2750e-05 -2.1340e-05 -1.9960e-05 -1.8610e-05 -1.7300e-05 -1.6020e-05 -1.4780e-05 -1.3580e-05 -1.2420e-05 -1.1300e-05 -1.0230e-05 -9.1900e-06 -8.2100e-06 -7.2700e-06 -6.3800e-06 -5.5400e-06 -4.7400e-06 -4.0000e-06 -3.3100e-06 -2.6700e-06 -2.0800e-06 -1.5400e-06 -1.0600e-06 -6.4000e-07 -2.6000e-07 +5.0000e-08 +3.2000e-07 +5.2000e-07 +6.8000e-07 +7.7000e-07 +8.1000e-07 +7.9000e-07 +7.2000e-07 +5.9000e-07 +4.1000e-07 +1.7000e-07 -1.2000e-07 -4.7000e-07 -8.7000e-07 -1.3300e-06 -1.8400e-06 -2.4100e-06 -3.0200e-06 -3.6900e-06 -4.4100e-06 -5.1800e-06 -6.0000e-06 -6.8600e-06 -7.7800e-06 -8.7400e-06 -9.7400e-06 -1.0790e-05 -1.1880e-05 -1.3010e-05 -1.4190e-05 -1.5400e-05 -1.6650e-05 -1.7940e-05 -1.9260e-05 -2.0610e-05 -2.1990e-05 
-0000.00200 -2.3380e-05 -2.2140e-05 -2.0890e-05 -1.9650e-05 -1.8420e-05 -1.7210e-05 -1.6000e-05 -1.4820e-05 -1.3670e-05 -1.2540e-05 -1.1440e-05 -1.0380e-05 -9.3500e-06 -8.3600e-06 -7.4200e-06 -6.5100e-06 -5.6600e-06 -4.8500e-06 -4.0900e-06 -3.3900e-06 -2.7400e-06 -2.1500e-06 -1.6100e-06 -1.1300e-06 -7.2000e-07 -3.6000e-07 -6.0000e-08 +1.7000e-07 +3.4000e-07 +4.5000e-07 +5.0000e-07 +4.8000e-07 +4.0000e-07 +2.6000e-07 +5.0000e-08 -2.2000e-07 -5.5000e-07 -9.4000e-07 -1.3900e-06 -1.8900e-06 -2.4600e-06 -3.0800e-06 -3.7500e-06 -4.4800e-06 -5.2600e-06 -6.0900e-06 -6.9600e-06 -7.8800e-06 -8.8300e-06 -9.8300e-06 -1.0870e-05 -1.1930e-05 -1.3030e-05 -1.4160e-05 -1.5300e-05 -1.6470e-05 -1.7660e-05 -1.8860e-05 -2.0060e-05 -2.1280e-05 -2.2490e-05 
# Total Vertical 2nd Order Kick [T2m2]
START
            -0000.01000 -0000.00967 -0000.00933 -0000.00900 -0000.00867 -0000.00833 -0000.00800 -0000.00767 -0000.00733 -0000.00700 -0000.00667 -0000.00633 -0000.00600 -0000.00567 -0000.00533 -0000.00500 -0000.00467 -0000.00433 -0000.00400 -0000.00367 -0000.00333 -0000.00300 -0000.00267 -0000.00233 -0000.00200 -0000.00167 -0000.00133 -0000.00100 -0000.00067 -0000.00033 +0000.00000 +0000.00033 +0000.00067 +0000.00100 +0000.00133 +0000.00167 +0000.00200 +0000.00233 +0000.00267 +0000.00300 +0000.00333 +0000.00367 +0000.00400 +0000.00433 +0000.00467 +0000.00500 +0000.00533 +0000.00567 +0000.00600 +0000.00633 +0000.00667 +0000.00700 +0000.00733 +0000.00767 +0000.00800 +0000.00833 +0000.00867 +0000.00900 +0000.00933 +0000.00967 +0000.01000 
+0000.00200 -1.6626e-04 -1.6580e-04 -1.6535e-04 -1.6493e-04 -1.6452e-04 -1.6412e-04 -1.6374e-04 -1.6337e-04 -1.6301e-04 -1.6266e-04 -1.6232e-04 -1.6200e-04 -1.6168e-04 -1.6136e-04 -1.6106e-04 -1.6076e-04 -1.6046e-04 -1.6017e-04 -1.5988e-04 -1.5960e-04 -1.5932e-04 -1.5903e-04 -1.5876e-04 -1.5848e-04 -1.5820e-04 -1.5792e-04 -1.5764e-04 -1.5736e-04 -1.5708e-04 -1.5680e-04 -1.5651e-04 -1.5622e-04 -1.5593e-04 -1.5564e-04 -1.5535e-04 -1.5505e-04 -1.5475e-04 -1.5444e-04 -1.5413e-04 -1.5382e-04 -1.5351e-04 -1.5319e-04 -1.5287e-04 -1.5255e-04 -1.5222e-04 -1.5189e-04 -1.5156e-04 -1.5123e-04 -1.5090e-04 -1.5056e-04 -1.5022e-04 -1.4988e-04 -1.4954e-04 -1.4921e-04 -1.4887e-04 -1.4853e-04 -1.4820e-04 -1.4786e-04 -1.4753e-04 -1.4720e-04 -1.4688e-04 
+0000.00150 -1.1055e-04 -1.1023e-04 -1.0992e-04 -1.0962e-04 -1.0933e-04 -1.0905e-04 -1.0878e-04 -1.0851e-04 -1.0825e-04 -1.0799e-04 -1.0774e-04 -1.0750e-04 -1.0726e-04 -1.0702e-04 -1.0679e-04 -1.0656e-04 -1.0633e-04 -1.0611e-04 -1.0589e-04 -1.0567e-04 -1.0545e-04 -1.0523e-04 -1.0501e-04 -1.0480e-04 -1.0458e-04 -1.0437e-04 -1.0415e-04 -1.0393e-04 -1.0372e-04 -1.0350e-04 -1.0328e-04 -1.0306e-04 -1.0284e-04 -1.0262e-04 -1.0240e-04 -1.0218e-04 -1.0195e-04 -1.0173e-04 -1.0150e-04 -1.0127e-04 -1.0104e-04 -1.0080e-04 -1.0057e-04 -1.0034e-04 -1.0010e-04 -9.9860e-05 -9.9622e-05 -9.9382e-05 -9.9142e-05 -9.8902e-05 -9.8661e-05 -9.8420e-05 -9.8179e-05 -9.7938e-05 -9.7697e-05 -9.7457e-05 -9.7219e-05 -9.6982e-05 -9.6746e-05 -9.6512e-05 -9.6281e-05 
+0000.00100 -6.7720e-05 -6.7511e-05 -6.7307e-05 -6.7109e-05 -6.6916e-05 -6.6728e-05 -6.6545e-05 -6.6365e-05 -6.6190e-05 -6.6018e-05 -6.5849e-05 -6.5683e-05 -6.5521e-05 -6.5360e-05 -6.5202e-05 -6.5046e-05 -6.4892e-05 -6.4739e-05 -6.4588e-05 -6.4438e-05 -6.4289e-05 -6.4141e-05 -6.3993e-05 -6.3846e-05 -6.3699e-05 -6.3553e-05 -6.3407e-05 -6.3260e-05 -6.3114e-05 -6.2967e-05 -6.2820e-05 -6.2673e-05 -6.2525e-05 -6.2377e-05 -6.2228e-05 -6.2078e-05 -6.1928e-05 -6.1777e-05 -6.1625e-05 -6.1473e-05 -6.1320e-05 -6.1166e-05 -6.1012e-05 -6.0857e-05 -6.0702e-05 -6.0546e-05 -6.0389e-05 -6.0232e-05 -6.0075e-05 -5.9918e-05 -5.9760e-05 -5.9603e-05 -5.9445e-05 -5.9288e-05 -5.9131e-05 -5.8975e-05 -5.8819e-05 -5.8664e-05 -5.8511e-05 -5.8358e-05 -5.8207e-05 
+0000.00050 -3.2241e-05 -3.2129e-05 -3.2020e-05 -3.1915e-05 -3.1813e-05 -3.1713e-05 -3.1617e-05 -3.1522e-05 -3.1431e-05 -3.1341e-05 -3.1253e-05 -3.1167e-05 -3.1083e-05 -3.1000e-05 -3.0918e-05 -3.0838e-05 -3.0759e-05 -3.0681e-05 -3.0603e-05 -3.0527e-05 -3.0451e-05 -3.0376e-05 -3.0301e-05 -3.0226e-05 -3.0152e-05 -3.0078e-05 -3.0004e-05 -2.9931e-05 -2.9857e-05 -2.9783e-05 -2.9709e-05 -2.9636e-05 -2.9561e-05 -2.9487e-05 -2.9413e-05 -2.9338e-05 -2.9263e-05 -2.9188e-05 -2.9113e-05 -2.9037e-05 -2.8961e-05 -2.8885e-05 -2.8809e-05 -2.8733e-05 -2.8657e-05 -2.8580e-05 -2.8504e-05 -2.8428e-05 -2.8352e-05 -2.8276e-05 -2.8200e-05 -2.8125e-05 -2.8050e-05 -2.7975e-05 -2.7901e-05 -2.7828e-05 -2.7756e-05 -2.7685e-05 -2.7615e-05 -2.7546e-05 -2.7478e-05 
+0000.00000 -1.5696e-07 -1.3725e-07 -1.1946e-07 -1.0347e-07 -8.9144e-08 -7.6364e-08 -6.5004e-08 -5.4974e-08 -4.6155e-08 -3.8445e-08 -3.1747e-08 -2.5968e-08 -2.1019e-08 -1.6816e-08 -1.3280e-08 -1.0335e-08 -7.9110e-09 -5.9420e-09 -4.3670e-09 -3.1280e-09 -2.1730e-09 -1.4550e-09 -9.3000e-10 -5.6000e-10 -3.1000e-10 -1.5100e-10 -5.8000e-11 -1.0000e-11 +9.0000e-12 +1.0000e-11 +0.0000e+00 -1.9000e-11 -4.8000e-11 -9.5000e-11 -1.7100e-10 -2.9200e-10 -4.7900e-10 -7.5500e-10 -1.1510e-09 -1.7010e-09 -2.4430e-09 -3.4200e-09 -4.6810e-09 -6.2770e-09 -8.2650e-09 -1.0707e-08 -1.3668e-08 -1.7219e-08 -2.1435e-08 -2.6394e-08 -3.2182e-08 -3.8887e-08 -4.6602e-08 -5.5424e-08 -6.5454e-08 -7.6804e-08 -8.9584e-08 -1.0390e-07 -1.1989e-07 -1.3766e-07 -1.5736e-07 
-0000.00050 +3.1921e-05 +3.1852e-05 +3.1781e-05 +3.1710e-05 +3.1638e-05 +3.1566e-05 +3.1493e-05 +3.1419e-05 +3.1345e-05 +3.1271e-05 +3.1197e-05 +3.1122e-05 +3.1047e-05 +3.0972e-05 +3.0897e-05 +3.0822e-05 +3.0747e-05 +3.0672e-05 +3.0597e-05 +3.0522e-05 +3.0447e-05 +3.0373e-05 +3.0298e-05 +3.0224e-05 +3.0149e-05 +3.0075e-05 +3.0001e-05 +2.9927e-05 +2.9853e-05 +2.9779e-05 +2.9705e-05 +2.9631e-05 +2.9557e-05 +2.9483e-05 +2.9409e-05 +2.9335e-05 +2.9260e-05 +2.9185e-05 +2.9109e-05 +2.9033e-05 +2.8957e-05 +2.8880e-05 +2.8802e-05 +2.8724e-05 +2.8644e-05 +2.8564e-05 +2.8482e-05 +2.8399e-05 +2.8315e-05 +2.8230e-05 +2.8143e-05 +2.8054e-05 +2.7964e-05 +2.7871e-05 +2.7777e-05 +2.7680e-05 +2.7581e-05 +2.7479e-05 +2.7375e-05 +2.7268e-05 +2.7158e-05 
-0000.00100 +6.7383e-05 +6.7226e-05 +6.7069e-05 +6.6912e-05 +6.6755e-05 +6.6598e-05 +6.6441e-05 +6.6285e-05 +6.6128e-05 +6.5972e-05 +6.5817e-05 +6.5662e-05 +6.5507e-05 +6.5353e-05 +6.5199e-05 +6.5046e-05 +6.4893e-05 +6.4741e-05 +6.4589e-05 +6.4438e-05 +6.4287e-05 +6.4137e-05 +6.3988e-05 +6.3838e-05 +6.3690e-05 +6.3541e-05 +6.3393e-05 +6.3246e-05 +6.3098e-05 +6.2951e-05 +6.2803e-05 +6.2656e-05 +6.2509e-05 +6.2362e-05 +6.2214e-05 +6.2066e-05 +6.1918e-05 +6.1769e-05 +6.1619e-05 +6.1469e-05 +6.1318e-05 +6.1166e-05 +6.1013e-05 +6.0858e-05 +6.0702e-05 +6.0544e-05 +6.0385e-05 +6.0224e-05 +6.0060e-05 +5.9895e-05 +5.9727e-05 +5.9556e-05 +5.9383e-05 +5.9206e-05 +5.9027e-05 +5.8844e-05 +5.8657e-05 +5.8466e-05 +5.8272e-05 +5.8073e-05 +5.7869e-05 
-0000.00150 +1.1018e-04 +1.0993e-04 +1.0968e-04 +1.0944e-04 +1.0919e-04 +1.0895e-04 +1.0871e-04 +1.0847e-04 +1.0823e-04 +1.0799e-04 +1.0775e-04 +1.0752e-04 +1.0728e-04 +1.0705e-04 +1.0681e-04 +1.0658e-04 +1.0635e-04 +1.0612e-04 +1.0590e-04 +1.0567e-04 +1.0545e-04 +1.0522e-04 +1.0500e-04 +1.0478e-04 +1.0455e-04 +1.0433e-04 +1.0411e-04 +1.0389e-04 +1.0367e-04 +1.0346e-04 +1.0324e-04 +1.0302e-04 +1.0280e-04 +1.0258e-04 +1.0236e-04 +1.0214e-04 +1.0192e-04 +1.0170e-04 +1.0148e-04 +1.0126e-04 +1.0103e-04 +1.0081e-04 +1.0058e-04 +1.0035e-04 +1.0012e-04 +9.9889e-05 +9.9652e-05 +9.9412e-05 +9.9170e-05 +9.8924e-05 +9.8674e-05 +9.8421e-05 +9.8163e-05 +9.7900e-05 +9.7633e-05 +9.7361e-05 +9.7083e-05 +9.6800e-05 +9.6511e-05 +9.6215e-05 +9.5913e-05 
-0000.00200 +1.6585e-04 +1.6549e-04 +1.6513e-04 +1.6478e-04 +1.6444e-04 +1.6409e-04 +1.6375e-04 +1.6341e-04 +1.6308e-04 +1.6275e-04 +1.6242e-04 +1.6210e-04 +1.6178e-04 +1.6146e-04 +1.6115e-04 +1.6083e-04 +1.6053e-04 +1.6022e-04 +1.5992e-04 +1.5961e-04 +1.5932e-04 +1.5902e-04 +1.5872e-04 +1.5843e-04 +1.5814e-04 +1.5785e-04 +1.5756e-04 +1.5727e-04 +1.5699e-04 +1.5670e-04 +1.5641e-04 +1.5613e-04 +1.5584e-04 +1.5555e-04 +1.5527e-04 +1.5498e-04 +1.5469e-04 +1.5440e-04 +1.5410e-04 +1.5381e-04 +1.5351e-04 +1.5321e-04 +1.5291e-04 +1.5260e-04 +1.5229e-04 +1.5197e-04 +1.5165e-04 +1.5133e-04 +1.5100e-04 +1.5066e-04 +1.5032e-04 +1.4997e-04 +1.4962e-04 +1.4925e-04 +1.4888e-04 +1.4850e-04 +1.4812e-04 +1.4772e-04 +1.4731e-04 +1.4690e-04 +1.4647e-04 
# Horizontal Final Position [m]
START
            -0000.01000 -0000.00967 -0000.00933 -0000.00900 -0000.00867 -0000.00833 -0000.00800 -0000.00767 -0000.00733 -0000.00700 -0000.00667 -0000.00633 -0000.00600 -0000.00567 -0000.00533 -0000.00500 -0000.00467 -0000.00433 -0000.00400 -0000.00367 -0000.00333 -0000.00300 -0000.00267 -0000.00233 -0000.00200 -0000.00167 -0000.00133 -0000.00100 -0000.00067 -0000.00033 +0000.00000 +0000.00033 +0000.00067 +0000.00100 +0000.00133 +0000.00167 +0000.00200 +0000.00233 +0000.00267 +0000.00300 +0000.00333 +0000.00367 +0000.00400 +0000.00433 +0000.00467 +0000.00500 +0000.00533 +0000.00567 +0000.00600 +0000.00633 +0000.00667 +0000.00700 +0000.00733 +0000.00767 +0000.00800 +0000.00833 +0000.00867 +0000.00900 +0000.00933 +0000.00967 +0000.01000 
+0000.00200 -1.0001e-02 -9.6675e-03 -9.3342e-03 -9.0009e-03 -8.6675e-03 -8.3342e-03 -8.0009e-03 -7.6675e-03 -7.3342e-03 -7.0009e-03 -6.6676e-03 -6.3342e-03 -6.0009e-03 -5.6676e-03 -5.3343e-03 -5.0009e-03 -4.6676e-03 -4.3343e-03 -4.0010e-03 -3.6677e-03 -3.3343e-03 -3.0010e-03 -2.6677e-03 -2.3344e-03 -2.0010e-03 -1.6677e-03 -1.3344e-03 -1.0010e-03 -6.6771e-04 -3.3438e-04 -1.0495e-06 +3.3228e-04 +6.6562e-04 +9.9896e-04 +1.3323e-03 +1.6656e-03 +1.9990e-03 +2.3323e-03 +2.6657e-03 +2.9990e-03 +3.3323e-03 +3.6657e-03 +3.9990e-03 +4.3324e-03 +4.6657e-03 +4.9991e-03 +5.3324e-03 +5.6658e-03 +5.9991e-03 +6.3325e-03 +6.6658e-03 +6.9991e-03 +7.3325e-03 +7.6658e-03 +7.9992e-03 +8.3325e-03 +8.6658e-03 +8.9992e-03 +9.3325e-03 +9.6658e-03 +9.9992e-03 
+0000.00150 -1.0001e-02 -9.6675e-03 -9.3342e-03 -9.0009e-03 -8.6675e-03 -8.3342e-03 -8.0009e-03 -7.6675e-03 -7.3342e-03 -7.0009e-03 -6.6676e-03 -6.3342e-03 -6.0009e-03 -5.6676e-03 -5.3343e-03 -5.0009e-03 -4.6676e-03 -4.3343e-03 -4.0010e-03 -3.6677e-03 -3.3343e-03 -3.0010e-03 -2.6677e-03 -2.3344e-03 -2.0010e-03 -1.6677e-03 -1.3344e-03 -1.0010e-03 -6.6772e-04 -3.3438e-04 -1.0509e-06 +3.3228e-04 +6.6562e-04 +9.9896e-04 +1.3323e-03 +1.6656e-03 +1.9990e-03 +2.3323e-03 +2.6657e-03 +2.9990e-03 +3.3323e-03 +3.6657e-03 +3.9990e-03 +4.3324e-03 +4.6657e-03 +4.9991e-03 +5.3324e-03 +5.6658e-03 +5.9991e-03 +6.3325e-03 +6.6658e-03 +6.9991e-03 +7.3325e-03 +7.6658e-03 +7.9992e-03 +8.3325e-03 +8.6658e-03 +8.9992e-03 +9.3325e-03 +9.6658e-03 +9.9992e-03 
+0000.00100 -1.0001e-02 -9.6675e-03 -9.3342e-03 -9.0009e-03 -8.6675e-03 -8.3342e-03 -8.0009e-03 -7.6675e-03 -7.3342e-03 -7.0009e-03 -6.6676e-03 -6.3342e-03 -6.0009e-03 -5.6676e-03 -5.3343e-03 -5.0009e-03 -4.6676e-03 -4.3343e-03 -4.0010e-03 -3.6677e-03 -3.3343e-03 -3.0010e-03 -2.6677e-03 -2.3344e-03 -2.0010e-03 -1.6677e-03 -1.3344e-03 -1.0010e-03 -6.6772e-04 -3.3438e-04 -1.0513e-06 +3.3228e-04 +6.6562e-04 +9.9896e-04 +1.3323e-03 +1.6656e-03 +1.9990e-03 +2.3323e-03 +2.6657e-03 +2.9990e-03 +3.3323e-03 +3.6657e-03 +3.9990e-03 +4.3324e-03 +4.6657e-03 +4.9991e-03 +5.3324e-03 +5.6658e-03 +5.9991e-03 +6.3325e-03 +6.6658e-03 +6.9991e-03 +7.3325e-03 +7.6658e-03 +7.9992e-03 +8.3325e-03 +8.6658e-03 +8.9992e-03 +9.3325e-03 +9.6658e-03 +9.9992e-03 
+0000.00050 -1.0001e-02 -9.6675e-03 -9.3342e-03 -9.0009e-03 -8.6676e-03 -8.3343e-03 -8.0010e-03 -7.6676e-03 -7.3343e-03 -7.0010e-03 -6.6677e-03 -6.3343e-03 -6.0010e-03 -5.6677e-03 -5.3343e-03 -5.0010e-03 -4.6677e-03 -4.3343e-03 -4.0010e-03 -3.6677e-03 -3.3343e-03 -3.0010e-03 -2.6677e-03 -2.3343e-03 -2.0010e-03 -1.6676e-03 -1.3343e-03 -1.0010e-03 -6.6764e-04 -3.3430e-04 -9.6717e-07 +3.3237e-04 +6.6570e-04 +9.9903e-04 +1.3324e-03 +1.6657e-03 +1.9990e-03 +2.3324e-03 +2.6657e-03 +2.9990e-03 +3.3323e-03 +3.6657e-03 +3.9990e-03 +4.3323e-03 +4.6657e-03 +4.9990e-03 +5.3323e-03 +5.6657e-03 +5.9990e-03 +6.3323e-03 +6.6657e-03 +6.9990e-03 +7.3324e-03 +7.6657e-03 +7.9991e-03 +8.3324e-03 +8.6658e-03 +8.9992e-03 +9.3325e-03 +9.6659e-03 +9.9993e-03 
+0000.00000 -1.0001e-02 -9.6675e-03 -9.3342e-03 -9.0009e-03 -8.6676e-03 -8.3343e-03 -8.0010e-03 -7.6676e-03 -7.3343e-03 -7.0010e-03 -6.6677e-03 -6.3343e-03 -6.0010e-03 -5.6677e-03 -5.3343e-03 -5.0010e-03 -4.6677e-03 -4.3343e-03 -4.0010e-03 -3.6677e-03 -3.3343e-03 -3.0010e-03 -2.6677e-03 -2.3343e-03 -2.0010e-03 -1.6676e-03 -1.3343e-03 -1.0010e-03 -6.6764e-04 -3.3430e-04 -9.6721e-07 +3.3237e-04 +6.6570e-04 +9.9903e-04 +1.3324e-03 +1.6657e-03 +1.9990e-03 +2.3324e-03 +2.6657e-03 +2.9990e-03 +3.3323e-03 +3.6657e-03 +3.9990e-03 +4.3323e-03 +4.6657e-03 +4.9990e-03 +5.3323e-03 +5.6657e-03 +5.9990e-03 +6.3323e-03 +6.6657e-03 +6.9990e-03 +7.3324e-03 +7.6657e-03 +7.9991e-03 +8.3324e-03 +8.6658e-03 +8.9992e-03 +9.3325e-03 +9.6659e-03 +9.9993e-03 
-0000.00050 -1.0001e-02 -9.6675e-03 -9.3342e-03 -9.0009e-03 -8.6676e-03 -8.3343e-03 -8.0010e-03 -7.6676e-03 -7.3343e-03 -7.0010e-03 -6.6677e-03 -6.3343e-03 -6.0010e-03 -5.6677e-03 -5.3343e-03 -5.0010e-03 -4.6677e-03 -4.3343e-03 -4.0010e-03 -3.6677e-03 -3.3343e-03 -3.0010e-03 -2.6677e-03 -2.3343e-03 -2.0010e-03 -1.6676e-03 -1.3343e-03 -1.0010e-03 -6.6764e-04 -3.3430e-04 -9.6717e-07 +3.3237e-04 +6.6570e-04 +9.9903e-04 +1.3324e-03 +1.6657e-03 +1.9990e-03 +2.3324e-03 +2.6657e-03 +2.9990e-03 +3.3323e-03 +3.6657e-03 +3.9990e-03 +4.3323e-03 +4.6657e-03 +4.9990e-03 +5.3323e-03 +5.6657e-03 +5.9990e-03 +6.3323e-03 +6.6657e-03 +6.9990e-03 +7.3324e-03 +7.6657e-03 +7.9991e-03 +8.3324e-03 +8.6658e-03 +8.9992e-03 +9.3325e-03 +9.6659e-03 +9.9993e-03 
-0000.00100 -1.0001e-02 -9.6675e-03 -9.3342e-03 -9.0009e-03 -8.6675e-03 -8.3342e-03 -8.0009e-03 -7.6675e-03 -7.3342e-03 -7.0009e-03 -6.6676e-03 -6.3342e-03 -6.0009e-03 -5.6676e-03 -5.3343e-03 -5.0009e-03 -4.6676e-03 -4.3343e-03 -4.0010e-03 -3.6677e-03 -3.3343e-03 -3.0010e-03 -2.6677e-03 -2.3344e-03 -2.0010e-03 -1.6677e-03 -1.3344e-03 -1.0010e-03 -6.6772e-04 -3.3438e-04 -1.0513e-06 +3.3228e-04 +6.6562e-04 +9.9896e-04 +1.3323e-03 +1.6656e-03 +1.9990e-03 +2.3323e-03 +2.6657e-03 +2.9990e-03 +3.3323e-03 +3.6657e-03 +3.9990e-03 +4.3324e-03 +4.6657e-03 +4.9991e-03 +5.3324e-03 +5.6658e-03 +5.9991e-03 +6.3325e-03 +6.6658e-03 +6.9991e-03 +7.3325e-03 +7.6658e-03 +7.9992e-03 +8.3325e-03 +8.6658e-03 +8.9992e-03 +9.3325e-03 +9.6658e-03 +9.9992e-03 
-0000.00150 -1.0001e-02 -9.6675e-03 -9.3342e-03 -9.0009e-03 -8.6675e-03 -8.3342e-03 -8.0009e-03 -7.6675e-03 -7.3342e-03 -7.0009e-03 -6.6676e-03 -6.3342e-03 -6.0009e-03 -5.6676e-03 -5.3343e-03 -5.0009e-03 -4.6676e-03 -4.3343e-03 -4.0010e-03 -3.6677e-03 -3.3343e-03 -3.0010e-03 -2.6677e-03 -2.3344e-03 -2.0010e-03 -1.6677e-03 -1.3344e-03 -1.0010e-03 -6.6772e-04 -3.3438e-04 -1.0509e-06 +3.3228e-04 +6.6562e-04 +9.9896e-04 +1.3323e-03 +1.6656e-03 +1.9990e-03 +2.3323e-03 +2.6657e-03 +2.9990e-03 +3.3323e-03 +3.6657e-03 +3.9990e-03 +4.3324e-03 +4.6657e-03 +4.9991e-03 +5.3324e-03 +5.6658e-03 +5.9991e-03 +6.3325e-03 +6.6658e-03 +6.9991e-03 +7.3325e-03 +7.6658e-03 +7.9992e-03 +8.3325e-03 +8.6658e-03 +8.9992e-03 +9.3325e-03 +9.6658e-03 +9.9992e-03 
-0000.00200 -1.0001e-02 -9.6675e-03 -9.3342e-03 -9.0009e-03 -8.6675e-03 -8.3342e-03 -8.0009e-03 -7.6675e-03 -7.3342e-03 -7.0009e-03 -6.6676e-03 -6.3342e-03 -6.0009e-03 -5.6676e-03 -5.3343e-03 -5.0009e-03 -4.6676e-03 -4.3343e-03 -4.0010e-03 -3.6677e-03 -3.3343e-03 -3.0010e-03 -2.6677e-03 -2.3344e-03 -2.0010e-03 -1.6677e-03 -1.3344e-03 -1.0010e-03 -6.6771e-04 -3.3438e-04 -1.0495e-06 +3.3228e-04 +6.6562e-04 +9.9896e-04 +1.3323e-03 +1.6656e-03 +1.9990e-03 +2.3323e-03 +2.6657e-03 +2.9990e-03 +3.3323e-03 +3.6657e-03 +3.9990e-03 +4.3324e-03 +4.6657e-03 +4.9991e-03 +5.3324e-03 +5.6658e-03 +5.9991e-03 +6.3325e-03 +6.6658e-03 +6.9991e-03 +7.3325e-03 +7.6658e-03 +7.9992e-03 +8.3325e-03 +8.6658e-03 +8.9992e-03 +9.3325e-03 +9.6658e-03 +9.9992e-03 
# Vertical Final Position [m]
START
            -0000.01000 -0000.00967 -0000.00933 -0000.00900 -0000.00867 -0000.00833 -0000.00800 -0000.00767 -0000.00733 -0000.00700 -0000.00667 -0000.00633 -0000.00600 -0000.00567 -0000.00533 -0000.00500 -0000.00467 -0000.00433 -0000.00400 -0000.00367 -0000.00333 -0000.00300 -0000.00267 -0000.00233 -0000.00200 -0000.00167 -0000.00133 -0000.00100 -0000.00067 -0000.00033 +0000.00000 +0000.00033 +0000.00067 +0000.00100 +0000.00133 +0000.00167 +0000.00200 +0000.00233 +0000.00267 +0000.00300 +0000.00333 +0000.00367 +0000.00400 +0000.00433 +0000.00467 +0000.00500 +0000.00533 +0000.00567 +0000.00600 +0000.00633 +0000.00667 +0000.00700 +0000.00733 +0000.00767 +0000.00800 +0000.00833 +0000.00867 +0000.00900 +0000.00933 +0000.00967 +0000.01000 
+0000.00200 +2.0000e-03 +2.0000e-03 +2.0000e-03 +2.0000e-03 +2.0000e-03 +2.0000e-03 +2.0000e-03 +2.0000e-03 +2.0000e-03 +2.0000e-03 +1.9999e-03 +1.9999e-03 +1.9999e-03 +1.9999e-03 +1.9999e-03 +1.9999e-03 +1.9999e-03 +1.9999e-03 +1.9999e-03 +1.9999e-03 +1.9999e-03 +1.9999e-03 +1.9999e-03 +1.9999e-03 +1.9999e-03 +1.9999e-03 +1.9998e-03 +1.9998e-03 +1.9998e-03 +1.9998e-03 +1.9998e-03 +1.9998e-03 +1.9998e-03 +1.9998e-03 +1.9998e-03 +1.9998e-03 +1.9998e-03 +1.9998e-03 +1.9998e-03 +1.9998e-03 +1.9998e-03 +1.9998e-03 +1.9998e-03 +1.9998e-03 +1.9998e-03 +1.9998e-03 +1.9998e-03 +1.9998e-03 +1.9998e-03 +1.9998e-03 +1.9998e-03 +1.9997e-03 +1.9997e-03 +1.9997e-03 +1.9997e-03 +1.9997e-03 +1.9997e-03 +1.9997e-03 +1.9997e-03 +1.9997e-03 +1.9997e-03 
+0000.00150 +1.5000e-03 +1.5000e-03 +1.5000e-03 +1.5000e-03 +1.5000e-03 +1.5000e-03 +1.5000e-03 +1.5000e-03 +1.5000e-03 +1.5000e-03 +1.5000e-03 +1.5000e-03 +1.5000e-03 +1.4999e-03 +1.4999e-03 +1.4999e-03 +1.4999e-03 +1.4999e-03 +1.4999e-03 +1.4999e-03 +1.4999e-03 +1.4999e-03 +1.4999e-03 +1.4999e-03 +1.4999e-03 +1.4999e-03 +1.4999e-03 +1.4999e-03 +1.4999e-03 +1.4999e-03 +1.4999e-03 +1.4999e-03 +1.4999e-03 +1.4999e-03 +1.4999e-03 +1.4999e-03 +1.4999e-03 +1.4999e-03 +1.4999e-03 +1.4999e-03 +1.4999e-03 +1.4999e-03 +1.4999e-03 +1.4999e-03 +1.4999e-03 +1.4998e-03 +1.4998e-03 +1.4998e-03 +1.4998e-03 +1.4998e-03 +1.4998e-03 +1.4998e-03 +1.4998e-03 +1.4998e-03 +1.4998e-03 +1.4998e-03 +1.4998e-03 +1.4998e-03 +1.4998e-03 +1.4998e-03 +1.4998e-03 
+0000.00100 +1.0000e-03 +1.0000e-03 +1.0000e-03 +1.0000e-03 +1.0000e-03 +9.9999e-04 +9.9999e-04 +9.9999e-04 +9.9999e-04 +9.9999e-04 +9.9999e-04 +9.9998e-04 +9.9998e-04 +9.9998e-04 +9.9998e-04 +9.9997e-04 +9.9997e-04 +9.9997e-04 +9.9997e-04 +9.9996e-04 +9.9996e-04 +9.9996e-04 +9.9996e-04 +9.9995e-04 +9.9995e-04 +9.9995e-04 +9.9995e-04 +9.9994e-04 +9.9994e-04 +9.9994e-04 +9.9994e-04 +9.9993e-04 +9.9993e-04 +9.9993e-04 +9.9993e-04 +9.9992e-04 +9.9992e-04 +9.9992e-04 +9.9992e-04 +9.9992e-04 +9.9991e-04 +9.9991e-04 +9.9991e-04 +9.9991e-04 +9.9990e-04 +9.9990e-04 +9.9990e-04 +9.9990e-04 +9.9989e-04 +9.9989e-04 +9.9989e-04 +9.9989e-04 +9.9988e-04 +9.9988e-04 +9.9988e-04 +9.9987e-04 +9.9987e-04 +9.9987e-04 +9.9986e-04 +9.9986e-04 +9.9986e-04 
+0000.00050 +5.0001e-04 +5.0001e-04 +5.0001e-04 +5.0001e-04 +5.0000e-04 +5.0000e-04 +5.0000e-04 +5.0000e-04 +5.0000e-04 +5.0000e-04 +4.9999e-04 +4.9999e-04 +4.9999e-04 +4.9999e-04 +4.9999e-04 +4.9999e-04 +4.9999e-04 +4.9998e-04 +4.9998e-04 +4.9998e-04 +4.9998e-04 +4.9998e-04 +4.9998e-04 +4.9998e-04 +4.9998e-04 +4.9998e-04 +4.9997e-04 +4.9997e-04 +4.9997e-04 +4.9997e-04 +4.9997e-04 +4.9997e-04 +4.9997e-04 +4.9997e-04 +4.9997e-04 +4.9996e-04 +4.9996e-04 +4.9996e-04 +4.9996e-04 +4.9996e-04 +4.9996e-04 +4.9996e-04 +4.9996e-04 +4.9996e-04 +4.9995e-04 +4.9995e-04 +4.9995e-04 +4.9995e-04 +4.9995e-04 +4.9995e-04 +4.9995e-04 +4.9994e-04 +4.9994e-04 +4.9994e-04 +4.9994e-04 +4.9994e-04 +4.9994e-04 +4.9993e-04 +4.9993e-04 +4.9993e-04 +4.9993e-04 
+0000.00000 -2.8664e-10 -2.6348e-10 -2.4237e-10 -2.2318e-10 -2.0578e-10 -1.9006e-10 -1.7590e-10 -1.6318e-10 -1.5179e-10 -1.4164e-10 -1.3262e-10 -1.2463e-10 -1.1760e-10 -1.1143e-10 -1.0604e-10 -1.0137e-10 -9.7323e-11 -9.3850e-11 -9.0885e-11 -8.8369e-11 -8.6251e-11 -8.4481e-11 -8.3017e-11 -8.1818e-11 -8.0851e-11 -8.0085e-11 -7.9495e-11 -7.9061e-11 -7.8766e-11 -7.8599e-11 -7.8552e-11 -7.8624e-11 -7.8816e-11 -7.9136e-11 -7.9594e-11 -8.0208e-11 -8.0997e-11 -8.1986e-11 -8.3207e-11 -8.4692e-11 -8.6480e-11 -8.8617e-11 -9.1149e-11 -9.4129e-11 -9.7616e-11 -1.0167e-10 -1.0636e-10 -1.1175e-10 -1.1793e-10 -1.2496e-10 -1.3295e-10 -1.4197e-10 -1.5212e-10 -1.6350e-10 -1.7621e-10 -1.9036e-10 -2.0606e-10 -2.2343e-10 -2.4260e-10 -2.6368e-10 -2.8682e-10 
-0000.00050 -5.0001e-04 -5.0001e-04 -5.0001e-04 -5.0001e-04 -5.0000e-04 -5.0000e-04 -5.0000e-04 -5.0000e-04 -5.0000e-04 -4.9999e-04 -4.9999e-04 -4.9999e-04 -4.9999e-04 -4.9999e-04 -4.9999e-04 -4.9999e-04 -4.9999e-04 -4.9998e-04 -4.9998e-04 -4.9998e-04 -4.9998e-04 -4.9998e-04 -4.9998e-04 -4.9998e-04 -4.9998e-04 -4.9998e-04 -4.9997e-04 -4.9997e-04 -4.9997e-04 -4.9997e-04 -4.9997e-04 -4.9997e-04 -4.9997e-04 -4.9997e-04 -4.9997e-04 -4.9997e-04 -4.9996e-04 -4.9996e-04 -4.9996e-04 -4.9996e-04 -4.9996e-04 -4.9996e-04 -4.9996e-04 -4.9996e-04 -4.9995e-04 -4.9995e-04 -4.9995e-04 -4.9995e-04 -4.9995e-04 -4.9995e-04 -4.9995e-04 -4.9994e-04 -4.9994e-04 -4.9994e-04 -4.9994e-04 -4.9994e-04 -4.9994e-04 -4.9993e-04 -4.9993e-04 -4.9993e-04 -4.9993e-04 
-0000.00100 -1.0000e-03 -1.0000e-03 -1.0000e-03 -1.0000e-03 -1.0000e-03 -9.9999e-04 -9.9999e-04 -9.9999e-04 -9.9999e-04 -9.9999e-04 -9.9999e-04 -9.9998e-04 -9.9998e-04 -9.9998e-04 -9.9998e-04 -9.9997e-04 -9.9997e-04 -9.9997e-04 -9.9997e-04 -9.9996e-04 -9.9996e-04 -9.9996e-04 -9.9996e-04 -9.9995e-04 -9.9995e-04 -9.9995e-04 -9.9995e-04 -9.9994e-04 -9.9994e-04 -9.9994e-04 -9.9994e-04 -9.9993e-04 -9.9993e-04 -9.9993e-04 -9.9993e-04 -9.9992e-04 -9.9992e-04 -9.9992e-04 -9.9992e-04 -9.9992e-04 -9.9991e-04 -9.9991e-04 -9.9991e-04 -9.9991e-04 -9.9990e-04 -9.9990e-04 -9.9990e-04 -9.9990e-04 -9.9989e-04 -9.9989e-04 -9.9989e-04 -9.9989e-04 -9.9988e-04 -9.9988e-04 -9.9988e-04 -9.9987e-04 -9.9987e-04 -9.9987e-04 -9.9986e-04 -9.9986e-04 -9.9986e-04 
-0000.00150 -1.5000e-03 -1.5000e-03 -1.5000e-03 -1.5000e-03 -1.5000e-03 -1.5000e-03 -1.5000e-03 -1.5000e-03 -1.5000e-03 -1.5000e-03 -1.5000e-03 -1.5000e-03 -1.5000e-03 -1.4999e-03 -1.4999e-03 -1.4999e-03 -1.4999e-03 -1.4999e-03 -1.4999e-03 -1.4999e-03 -1.4999e-03 -1.4999e-03 -1.4999e-03 -1.4999e-03 -1.4999e-03 -1.4999e-03 -1.4999e-03 -1.4999e-03 -1.4999e-03 -1.4999e-03 -1.4999e-03 -1.4999e-03 -1.4999e-03 -1.4999e-03 -1.4999e-03 -1.4999e-03 -1.4999e-03 -1.4999e-03 -1.4999e-03 -1.4999e-03 -1.4999e-03 -1.4999e-03 -1.4999e-03 -1.4999e-03 -1.4999e-03 -1.4998e-03 -1.4998e-03 -1.4998e-03 -1.4998e-03 -1.4998e-03 -1.4998e-03 -1.4998e-03 -1.4998e-03 -1.4998e-03 -1.4998e-03 -1.4998e-03 -1.4998e-03 -1.4998e-03 -1.4998e-03 -1.4998e-03 -1.4998e-03 
-0000.00200 -2.0000e-03 -2.0000e-03 -2.0000e-03 -2.0000e-03 -2.0000e-03 -2.0000e-03 -2.0000e-03 -2.0000e-03 -2.0000e-03 -2.0000e-03 -1.9999e-03 -1.9999e-03 -1.9999e-03 -1.9999e-03 -1.9999e-03 -1.9999e-03 -1.9999e-03 -1.9999e-03 -1.9999e-03 -1.9999e-03 -1.9999e-03 -1.9999e-03 -1.9999e-03 -1.9999e-03 -1.9999e-03 -1.9999e-03 -1.9998e-03 -1.9998e-03 -1.9998e-03 -1.9998e-03 -1.9998e-03 -1.9998e-03 -1.9998e-03 -1.9998e-03 -1.9998e-03 -1.9998e-03 -1.9998e-03 -1.9998e-03 -1.9998e-03 -1.9998e-03 -1.9998e-03 -1.9998e-03 -1.9998e-03 -1.9998e-03 -1.9998e-03 -1.9998e-03 -1.9998e-03 -1.9998e-03 -1.9998e-03 -1.9998e-03 -1.9998e-03 -1.9997e-03 -1.9997e-03 -1.9997e-03 -1.9997e-03 -1.9997e-03 -1.9997e-03 -1.9997e-03 -1.9997e-03 -1.9997e-03 -1.9997e-03 