# Author: FAC idanalysis.IDKickMap
# Termination_kicks [T2m2]: +0.0000e+00 +0.0000e+00 +0.0000e+00 +0.0000e+00 
# Total Length of Longitudinal Interval [m]
0.13
# Number of Horizontal Points
61
# Number of Vertical Points
9
# Total Horizontal 2nd Order Kick [T2m2]
START
            -0000.01000 -0000.00967 -0000.00933 -0000.00900 -0000.00867 -0000.00833 -0000.00800 -0000.00767 -0000.00733 -0000.00700 -0000.00667 -0000.00633 -0000.00600 -0000.00567 -0000.00533 -0000.00500 -0000.00467 -0000.00433 -0000.00400 -0000.00367 -0000.00333 -0000.00300 -0000.00267 -0000.00233 -0000.00200 -0000.00167 -0000.00133 -0000.00100 -0000.00067 -0000.00033 +0000.00000 +0000.00033 +0000.00067 +0000.00100 +0000.00133 +0000.00167 +0000.00200 +0000.00233 +0000.00267 +0000.00300 +0000.00333 +0000.00367 +0000.00400 +0000.00433 +0000.00467 +0000.00500 +0000.00533 +0000.00567 +0000.00600 +0000.00633 +0000.00667 +0000.00700 +0000.00733 +0000.00767 +0000.00800 +0000.00833 +0000.00867 +0000.00900 +0000.00933 +0000.00967 +0000.01000 
+0000.00200 -6.2428e-04 -6.1553e-04 -6.0705e-04 -5.9884e-04 -5.9091e-04 -5.8326e-04 -5.7589e-04 -5.6881e-04 -5.6200e-04 -5.5549e-04 -5.4927e-04 -5.4333e-04 -5.3769e-04 -5.3235e-04 -5.2730e-04 -5.2255e-04 -5.1809e-04 -5.1394e-04 -5.1009e-04 -5.0654e-04 -5.0330e-04 -5.0036e-04 -4.9772e-04 -4.9539e-04 -4.9337e-04 -4.9165e-04 -4.9025e-04 -4.8915e-04 -4.8835e-04 -4.8787e-04 -4.8770e-04 -4.8783e-04 -4.8827e-04 -4.8902e-04 -4.9008e-04 -4.9145e-04 -4.9312e-04 -4.9510e-04 -4.9738e-04 -4.9997e-04 -5.0287e-04 -5.0607e-04 -5.0957e-04 -5.1337e-04 -5.1747e-04 -5.2187e-04 -5.2657e-04 -5.3156e-04 -5.3685e-04 -5.4243e-04 -5.4830e-04 -5.5446e-04 -5.6090e-04 -5.6763e-04 -5.7465e-04 -5.8195e-04 -5.8952e-04 -5.9737e-04 -6.0549e-04 -6.1389e-04 -6.2255e-04 
+0000.00150 -6.2454e-04 -6.1627e-04 -6.0820e-04 -6.0035e-04 -5.9272e-04 -5.8533e-04 -5.7816e-04 -5.7125e-04 -5.6458e-04 -5.5816e-04 -5.5201e-04 -5.4612e-04 -5.4051e-04 -5.3517e-04 -5.3011e-04 -5.2533e-04 -5.2084e-04 -5.1665e-04 -5.1275e-04 -5.0915e-04 -5.0585e-04 -5.0286e-04 -5.0017e-04 -4.9780e-04 -4.9573e-04 -4.9398e-04 -4.9254e-04 -4.9141e-04 -4.9061e-04 -4.9011e-04 -4.8994e-04 -4.9008e-04 -4.9054e-04 -4.9132e-04 -4.9241e-04 -4.9381e-04 -4.9553e-04 -4.9756e-04 -4.9990e-04 -5.0254e-04 -5.0549e-04 -5.0875e-04 -5.1230e-04 -5.1615e-04 -5.2029e-04 -5.2472e-04 -5.2944e-04 -5.3443e-04 -5.3971e-04 -5.4525e-04 -5.5106e-04 -5.5713e-04 -5.6346e-04 -5.7004e-04 -5.7686e-04 -5.8392e-04 -5.9121e-04 -5.9872e-04 -6.0645e-04 -6.1439e-04 -6.2253e-04 
+0000.00100 -6.2455e-04 -6.1664e-04 -6.0889e-04 -6.0132e-04 -5.9392e-04 -5.8672e-04 -5.7973e-04 -5.7294e-04 -5.6638e-04 -5.6004e-04 -5.5395e-04 -5.4810e-04 -5.4250e-04 -5.3717e-04 -5.3211e-04 -5.2732e-04 -5.2281e-04 -5.1858e-04 -5.1465e-04 -5.1101e-04 -5.0768e-04 -5.0465e-04 -5.0192e-04 -4.9951e-04 -4.9742e-04 -4.9564e-04 -4.9417e-04 -4.9303e-04 -4.9221e-04 -4.9172e-04 -4.9154e-04 -4.9169e-04 -4.9216e-04 -4.9295e-04 -4.9407e-04 -4.9550e-04 -4.9725e-04 -4.9931e-04 -5.0169e-04 -5.0437e-04 -5.0736e-04 -5.1066e-04 -5.1425e-04 -5.1813e-04 -5.2230e-04 -5.2675e-04 -5.3148e-04 -5.3647e-04 -5.4173e-04 -5.4725e-04 -5.5301e-04 -5.5901e-04 -5.6525e-04 -5.7171e-04 -5.7838e-04 -5.8526e-04 -5.9234e-04 -5.9959e-04 -6.0703e-04 -6.1462e-04 -6.2237e-04 
+0000.00050 -6.2448e-04 -6.1680e-04 -6.0926e-04 -6.0185e-04 -5.9461e-04 -5.8753e-04 -5.8064e-04 -5.7394e-04 -5.6744e-04 -5.6116e-04 -5.5510e-04 -5.4928e-04 -5.4370e-04 -5.3838e-04 -5.3331e-04 -5.2851e-04 -5.2399e-04 -5.1975e-04 -5.1580e-04 -5.1214e-04 -5.0878e-04 -5.0573e-04 -5.0298e-04 -5.0055e-04 -4.9843e-04 -4.9664e-04 -4.9516e-04 -4.9401e-04 -4.9318e-04 -4.9268e-04 -4.9250e-04 -4.9265e-04 -4.9313e-04 -4.9393e-04 -4.9506e-04 -4.9651e-04 -4.9828e-04 -5.0036e-04 -5.0276e-04 -5.0547e-04 -5.0849e-04 -5.1180e-04 -5.1541e-04 -5.1931e-04 -5.2350e-04 -5.2796e-04 -5.3269e-04 -5.3769e-04 -5.4294e-04 -5.4843e-04 -5.5417e-04 -5.6013e-04 -5.6630e-04 -5.7269e-04 -5.7927e-04 -5.8604e-04 -5.9298e-04 -6.0008e-04 -6.0732e-04 -6.1470e-04 -6.2221e-04 
+0000.00000 -6.2445e-04 -6.1685e-04 -6.0937e-04 -6.0203e-04 -5.9483e-04 -5.8780e-04 -5.8094e-04 -5.7427e-04 -5.6780e-04 -5.6153e-04 -5.5549e-04 -5.4967e-04 -5.4410e-04 -5.3878e-04 -5.3371e-04 -5.2891e-04 -5.2438e-04 -5.2014e-04 -5.1618e-04 -5.1251e-04 -5.0915e-04 -5.0609e-04 -5.0333e-04 -5.0089e-04 -4.9877e-04 -4.9697e-04 -4.9549e-04 -4.9433e-04 -4.9350e-04 -4.9300e-04 -4.9282e-04 -4.9297e-04 -4.9345e-04 -4.9426e-04 -4.9539e-04 -4.9685e-04 -4.9862e-04 -5.0071e-04 -5.0312e-04 -5.0584e-04 -5.0886e-04 -5.1218e-04 -5.1580e-04 -5.1971e-04 -5.2390e-04 -5.2836e-04 -5.3310e-04 -5.3809e-04 -5.4334e-04 -5.4883e-04 -5.5455e-04 -5.6050e-04 -5.6666e-04 -5.7302e-04 -5.7957e-04 -5.8629e-04 -5.9319e-04 -6.0023e-04 -6.0742e-04 -6.1473e-04 -6.2215e-04 
-0000.00050 -6.2448e-04 -6.1680e-04 -6.0926e-04 -6.0185e-04 -5.9461e-04 -5.8753e-04 -5.8064e-04 -5.7394e-04 -5.6744e-04 -5.6116e-04 -5.5510e-04 -5.4928e-04 -5.4370e-04 -5.3838e-04 -5.3331e-04 -5.2851e-04 -5.2399e-04 -5.1975e-04 -5.1580e-04 -5.1214e-04 -5.0878e-04 -5.0573e-04 -5.0298e-04 -5.0055e-04 -4.9843e-04 -4.9664e-04 -4.9516e-04 -4.9401e-04 -4.9318e-04 -4.9268e-04 -4.9250e-04 -4.9265e-04 -4.9313e-04 -4.9393e-04 -4.9506e-04 -4.9651e-04 -4.9828e-04 -5.0036e-04 -5.0276e-04 -5.0547e-04 -5.0848e-04 -5.1180e-04 -5.1541e-04 -5.1931e-04 -5.2350e-04 -5.2796e-04 -5.3269e-04 -5.3769e-04 -5.4294e-04 -5.4843e-04 -5.5417e-04 -5.6013e-04 -5.6630e-04 -5.7269e-04 -5.7927e-04 -5.8604e-04 -5.9298e-04 -6.0008e-04 -6.0732e-04 -6.1471e-04 -6.2221e-04 
-0000.00100 -6.2455e-04 -6.1664e-04 -6.0889e-04 -6.0132e-04 -5.9392e-04 -5.8672e-04 -5.7973e-04 -5.7294e-04 -5.6638e-04 -5.6004e-04 -5.5395e-04 -5.4810e-04 -5.4251e-04 -5.3717e-04 -5.3211e-04 -5.2732e-04 -5.2281e-04 -5.1858e-04 -5.1465e-04 -5.1101e-04 -5.0768e-04 -5.0465e-04 -5.0192e-04 -4.9951e-04 -4.9742e-04 -4.9564e-04 -4.9417e-04 -4.9303e-04 -4.9221e-04 -4.9171e-04 -4.9154e-04 -4.9169e-04 -4.9216e-04 -4.9295e-04 -4.9406e-04 -4.9550e-04 -4.9725e-04 -4.9931e-04 -5.0169e-04 -5.0437e-04 -5.0736e-04 -5.1065e-04 -5.1424e-04 -5.1813e-04 -5.2230e-04 -5.2675e-04 -5.3147e-04 -5.3647e-04 -5.4173e-04 -5.4724e-04 -5.5301e-04 -5.5901e-04 -5.6525e-04 -5.7171e-04 -5.7838e-04 -5.8526e-04 -5.9234e-04 -5.9960e-04 -6.0703e-04 -6.1462e-04 -6.2237e-04 
-0000.00150 -6.2454e-04 -6.1627e-04 -6.0820e-04 -6.0035e-04 -5.9272e-04 -5.8533e-04 -5.7817e-04 -5.7125e-04 -5.6458e-04 -5.5817e-04 -5.5201e-04 -5.4612e-04 -5.4051e-04 -5.3517e-04 -5.3011e-04 -5.2533e-04 -5.2084e-04 -5.1665e-04 -5.1275e-04 -5.0915e-04 -5.0585e-04 -5.0286e-04 -5.0017e-04 -4.9780e-04 -4.9573e-04 -4.9398e-04 -4.9254e-04 -4.9141e-04 -4.9061e-04 -4.9011e-04 -4.8994e-04 -4.9008e-04 -4.9054e-04 -4.9132e-04 -4.9241e-04 -4.9381e-04 -4.9553e-04 -4.9756e-04 -4.9990e-04 -5.0254e-04 -5.0549e-04 -5.0875e-04 -5.1230e-04 -5.1615e-04 -5.2029e-04 -5.2472e-04 -5.2944e-04 -5.3443e-04 -5.3971e-04 -5.4525e-04 -5.5106e-04 -5.5714e-04 -5.6346e-04 -5.7004e-04 -5.7686e-04 -5.8392e-04 -5.9121e-04 -5.9873e-04 -6.0646e-04 -6.1440e-04 -6.2254e-04 
-0000.00200 -6.2428e-04 -6.1553e-04 -6.0705e-04 -5.9884e-04 -5.9091e-04 -5.8326e-04 -5.7589e-04 -5.6880e-04 -5.6200e-04 -5.5549e-04 -5.4927e-04 -5.4333e-04 -5.3769e-04 -5.3235e-04 -5.2730e-04 -5.2255e-04 -5.1810e-04 -5.1394e-04 -5.1009e-04 -5.0654e-04 -5.0330e-04 -5.0036e-04 -4.9772e-04 -4.9539e-04 -4.9337e-04 -4.9166e-04 -4.9025e-04 -4.8915e-04 -4.8836e-04 -4.8787e-04 -4.8770e-04 -4.8783e-04 -4.8827e-04 -4.8902e-04 -4.9008e-04 -4.9145e-04 -4.9312e-04 -4.9510e-04 -4.9738e-04 -4.9997e-04 -5.0287e-04 -5.0607e-04 -5.0957e-04 -5.1337e-04 -5.1747e-04 -5.2187e-04 -5.2656e-04 -5.3156e-04 -5.3684e-04 -5.4242e-04 -5.4830e-04 -5.5446e-04 -5.6090e-04 -5.6763e-04 -5.7465e-04 -5.8195e-04 -5.8952e-04 -5.9737e-04 -6.0549e-04 -6.1389e-04 -6.2255e-04 
# Total Vertical 2nd Order Kick [T2m2]
START
            -0000.01000 -0000.00967 -0000.00933 -0000.00900 -0000.00867 -0000.00833 -0000.00800 -0000.00767 -0000.00733 -0000.00700 -0000.00667 -0000.00633 -0000.00600 -0000.00567 -0000.00533 -0000.00500 -0000.00467 -0000.00433 -0000.00400 -0000.00367 -0000.00333 -0000.00300 -0000.00267 -0000.00233 -0000.00200 -0000.00167 -0000.00133 -0000.00100 -0000.00067 -0000.00033 +0000.00000 +0000.00033 +0000.00067 +0000.00100 +0000.00133 +0000.00167 +0000.00200 +0000.00233 +0000.00267 +0000.00300 +0000.00333 +0000.00367 +0000.00400 +0000.00433 +0000.00467 +0000.00500 +0000.00533 +0000.00567 +0000.00600 +0000.00633 +0000.00667 +0000.00700 +0000.00733 +0000.00767 +0000.00800 +0000.00833 +0000.00867 +0000.00900 +0000.00933 +0000.00967 +0000.01000 
+0000.00200 -1.0418e-04 -1.0362e-04 -1.0296e-04 -1.0221e-04 -1.0138e-04 -1.0045e-04 -9.9444e-05 -9.8354e-05 -9.7187e-05 -9.5945e-05 -9.4631e-05 -9.3248e-05 -9.1799e-05 -9.0288e-05 -8.8717e-05 -8.7091e-05 -8.5411e-05 -8.3681e-05 -8.1905e-05 -8.0086e-05 -7.8227e-05 -7.6331e-05 -7.4402e-05 -7.2443e-05 -7.0458e-05 -6.8451e-05 -6.6423e-05 -6.4380e-05 -6.2325e-05 -6.0260e-05 -5.8191e-05 -5.6120e-05 -5.4051e-05 -5.1988e-05 -4.9934e-05 -4.7894e-05 -4.5871e-05 -4.3868e-05 -4.1890e-05 -3.9940e-05 -3.8023e-05 -3.6141e-05 -3.4300e-05 -3.2503e-05 -3.0754e-05 -2.9057e-05 -2.7417e-05 -2.5836e-05 -2.4319e-05 -2.2871e-05 -2.1496e-05 -2.0197e-05 -1.8979e-05 -1.7846e-05 -1.6802e-05 -1.5852e-05 -1.5000e-05 -1.4251e-05 -1.3608e-05 -1.3076e-05 -1.2659e-05 
+0000.00150 -7.2384e-05 -7.2095e-05 -7.1724e-05 -7.1274e-05 -7.0747e-05 -7.0146e-05 -6.9473e-05 -6.8730e-05 -6.7922e-05 -6.7049e-05 -6.6115e-05 -6.5123e-05 -6.4075e-05 -6.2973e-05 -6.1822e-05 -6.0622e-05 -5.9378e-05 -5.8092e-05 -5.6766e-05 -5.5405e-05 -5.4009e-05 -5.2583e-05 -5.1128e-05 -4.9649e-05 -4.8148e-05 -4.6628e-05 -4.5092e-05 -4.3542e-05 -4.1983e-05 -4.0416e-05 -3.8845e-05 -3.7273e-05 -3.5703e-05 -3.4138e-05 -3.2582e-05 -3.1036e-05 -2.9506e-05 -2.7993e-05 -2.6500e-05 -2.5032e-05 -2.3591e-05 -2.2181e-05 -2.0804e-05 -1.9465e-05 -1.8165e-05 -1.6910e-05 -1.5701e-05 -1.4543e-05 -1.3439e-05 -1.2391e-05 -1.1404e-05 -1.0481e-05 -9.6259e-06 -8.8413e-06 -8.1310e-06 -7.4986e-06 -6.9475e-06 -6.4814e-06 -6.1038e-06 -5.8182e-06 -5.6282e-06 
+0000.00100 -4.5647e-05 -4.5522e-05 -4.5337e-05 -4.5094e-05 -4.4794e-05 -4.4440e-05 -4.4034e-05 -4.3577e-05 -4.3072e-05 -4.2520e-05 -4.1923e-05 -4.1284e-05 -4.0605e-05 -3.9887e-05 -3.9132e-05 -3.8343e-05 -3.7521e-05 -3.6668e-05 -3.5788e-05 -3.4881e-05 -3.3949e-05 -3.2996e-05 -3.2022e-05 -3.1031e-05 -3.0023e-05 -2.9003e-05 -2.7970e-05 -2.6928e-05 -2.5879e-05 -2.4825e-05 -2.3768e-05 -2.2711e-05 -2.1655e-05 -2.0603e-05 -1.9557e-05 -1.8519e-05 -1.7492e-05 -1.6478e-05 -1.5479e-05 -1.4497e-05 -1.3535e-05 -1.2595e-05 -1.1679e-05 -1.0791e-05 -9.9309e-06 -9.1026e-06 -8.3080e-06 -7.5497e-06 -6.8299e-06 -6.1511e-06 -5.5157e-06 -4.9262e-06 -4.3848e-06 -3.8943e-06 -3.4568e-06 -3.0751e-06 -2.7514e-06 -2.4884e-06 -2.2886e-06 -2.1543e-06 -2.0883e-06 
+0000.00050 -2.2068e-05 -2.2027e-05 -2.1954e-05 -2.1850e-05 -2.1716e-05 -2.1554e-05 -2.1364e-05 -2.1147e-05 -2.0905e-05 -2.0638e-05 -2.0348e-05 -2.0036e-05 -1.9702e-05 -1.9348e-05 -1.8974e-05 -1.8583e-05 -1.8174e-05 -1.7750e-05 -1.7310e-05 -1.6857e-05 -1.6391e-05 -1.5913e-05 -1.5425e-05 -1.4928e-05 -1.4422e-05 -1.3910e-05 -1.3391e-05 -1.2867e-05 -1.2340e-05 -1.1810e-05 -1.1278e-05 -1.0747e-05 -1.0216e-05 -9.6870e-06 -9.1615e-06 -8.6404e-06 -8.1248e-06 -7.6160e-06 -7.1152e-06 -6.6235e-06 -6.1421e-06 -5.6723e-06 -5.2153e-06 -4.7722e-06 -4.3443e-06 -3.9329e-06 -3.5391e-06 -3.1642e-06 -2.8094e-06 -2.4760e-06 -2.1652e-06 -1.8783e-06 -1.6165e-06 -1.3812e-06 -1.1735e-06 -9.9479e-07 -8.4631e-07 -7.2935e-07 -6.4520e-07 -5.9516e-07 -5.8053e-07 
+0000.00000 -7.7022e-09 -8.0032e-09 -8.2621e-09 -8.4822e-09 -8.6668e-09 -8.8189e-09 -8.9414e-09 -9.0372e-09 -9.1091e-09 -9.1596e-09 -9.1911e-09 -9.2062e-09 -9.2070e-09 -9.1957e-09 -9.1744e-09 -9.1448e-09 -9.1089e-09 -9.0682e-09 -9.0244e-09 -8.9788e-09 -8.9329e-09 -8.8878e-09 -8.8446e-09 -8.8043e-09 -8.7677e-09 -8.7357e-09 -8.7087e-09 -8.6874e-09 -8.6721e-09 -8.6631e-09 -8.6605e-09 -8.6645e-09 -8.6749e-09 -8.6915e-09 -8.7141e-09 -8.7422e-09 -8.7753e-09 -8.8127e-09 -8.8536e-09 -8.8973e-09 -8.9425e-09 -8.9884e-09 -9.0335e-09 -9.0766e-09 -9.1161e-09 -9.1506e-09 -9.1782e-09 -9.1973e-09 -9.2057e-09 -9.2016e-09 -9.1826e-09 -9.1466e-09 -9.0912e-09 -9.0137e-09 -8.9116e-09 -8.7822e-09 -8.6225e-09 -8.4296e-09 -8.2003e-09 -7.9315e-09 -7.6199e-09 
-0000.00050 +2.2053e-05 +2.2011e-05 +2.1937e-05 +2.1833e-05 +2.1699e-05 +2.1536e-05 +2.1346e-05 +2.1129e-05 +2.0887e-05 +2.0620e-05 +2.0330e-05 +2.0017e-05 +1.9684e-05 +1.9329e-05 +1.8956e-05 +1.8565e-05 +1.8156e-05 +1.7732e-05 +1.7292e-05 +1.6839e-05 +1.6373e-05 +1.5896e-05 +1.5408e-05 +1.4910e-05 +1.4405e-05 +1.3892e-05 +1.3373e-05 +1.2850e-05 +1.2322e-05 +1.1792e-05 +1.1261e-05 +1.0729e-05 +1.0198e-05 +9.6697e-06 +9.1441e-06 +8.6229e-06 +8.1073e-06 +7.5984e-06 +7.0975e-06 +6.6057e-06 +6.1242e-06 +5.6544e-06 +5.1972e-06 +4.7541e-06 +4.3261e-06 +3.9146e-06 +3.5207e-06 +3.1458e-06 +2.7910e-06 +2.4576e-06 +2.1469e-06 +1.8600e-06 +1.5984e-06 +1.3632e-06 +1.1557e-06 +9.7721e-07 +8.2903e-07 +7.1244e-07 +6.2873e-07 +5.7920e-07 +5.6516e-07 
-0000.00100 +4.5631e-05 +4.5505e-05 +4.5320e-05 +4.5076e-05 +4.4776e-05 +4.4422e-05 +4.4015e-05 +4.3559e-05 +4.3053e-05 +4.2501e-05 +4.1905e-05 +4.1266e-05 +4.0586e-05 +3.9868e-05 +3.9113e-05 +3.8324e-05 +3.7502e-05 +3.6650e-05 +3.5770e-05 +3.4863e-05 +3.3931e-05 +3.2978e-05 +3.2005e-05 +3.1013e-05 +3.0006e-05 +2.8985e-05 +2.7953e-05 +2.6911e-05 +2.5862e-05 +2.4808e-05 +2.3751e-05 +2.2693e-05 +2.1638e-05 +2.0585e-05 +1.9539e-05 +1.8502e-05 +1.7474e-05 +1.6460e-05 +1.5461e-05 +1.4479e-05 +1.3517e-05 +1.2577e-05 +1.1662e-05 +1.0773e-05 +9.9128e-06 +9.0844e-06 +8.2898e-06 +7.5314e-06 +6.8116e-06 +6.1328e-06 +5.4974e-06 +4.9079e-06 +4.3666e-06 +3.8762e-06 +3.4389e-06 +3.0574e-06 +2.7340e-06 +2.4713e-06 +2.2718e-06 +2.1380e-06 +2.0725e-06 
-0000.00150 +7.2367e-05 +7.2078e-05 +7.1707e-05 +7.1256e-05 +7.0729e-05 +7.0127e-05 +6.9454e-05 +6.8712e-05 +6.7903e-05 +6.7030e-05 +6.6097e-05 +6.5104e-05 +6.4056e-05 +6.2955e-05 +6.1803e-05 +6.0604e-05 +5.9360e-05 +5.8074e-05 +5.6748e-05 +5.5387e-05 +5.3991e-05 +5.2565e-05 +5.1111e-05 +4.9632e-05 +4.8131e-05 +4.6611e-05 +4.5074e-05 +4.3525e-05 +4.1965e-05 +4.0398e-05 +3.8828e-05 +3.7256e-05 +3.5686e-05 +3.4121e-05 +3.2564e-05 +3.1019e-05 +2.9488e-05 +2.7975e-05 +2.6483e-05 +2.5014e-05 +2.3573e-05 +2.2163e-05 +2.0786e-05 +1.9447e-05 +1.8147e-05 +1.6892e-05 +1.5683e-05 +1.4525e-05 +1.3420e-05 +1.2373e-05 +1.1386e-05 +1.0463e-05 +9.6075e-06 +8.8230e-06 +8.1128e-06 +7.4805e-06 +6.9297e-06 +6.4638e-06 +6.0864e-06 +5.8012e-06 +5.6117e-06 
-0000.00200 +1.0416e-04 +1.0360e-04 +1.0294e-04 +1.0220e-04 +1.0136e-04 +1.0043e-04 +9.9424e-05 +9.8334e-05 +9.7167e-05 +9.5925e-05 +9.4611e-05 +9.3228e-05 +9.1780e-05 +9.0269e-05 +8.8698e-05 +8.7072e-05 +8.5392e-05 +8.3663e-05 +8.1887e-05 +8.0068e-05 +7.8209e-05 +7.6313e-05 +7.4385e-05 +7.2426e-05 +7.0441e-05 +6.8434e-05 +6.6406e-05 +6.4363e-05 +6.2308e-05 +6.0244e-05 +5.8174e-05 +5.6104e-05 +5.4035e-05 +5.1971e-05 +4.9918e-05 +4.7877e-05 +4.5854e-05 +4.3851e-05 +4.1873e-05 +3.9923e-05 +3.8005e-05 +3.6124e-05 +3.4283e-05 +3.2486e-05 +3.0736e-05 +2.9039e-05 +2.7398e-05 +2.5817e-05 +2.4301e-05 +2.2853e-05 +2.1477e-05 +2.0178e-05 +1.8960e-05 +1.7827e-05 +1.6783e-05 +1.5834e-05 +1.4982e-05 +1.4232e-05 +1.3589e-05 +1.3058e-05 +1.2642e-05 
# Horizontal Final Position [m]
START
            -0000.01000 -0000.00967 -0000.00933 -0000.00900 -0000.00867 -0000.00833 -0000.00800 -0000.00767 -0000.00733 -0000.00700 -0000.00667 -0000.00633 -0000.00600 -0000.00567 -0000.00533 -0000.00500 -0000.00467 -0000.00433 -0000.00400 -0000.00367 -0000.00333 -0000.00300 -0000.00267 -0000.00233 -0000.00200 -0000.00167 -0000.00133 -0000.00100 -0000.00067 -0000.00033 +0000.00000 +0000.00033 +0000.00067 +0000.00100 +0000.00133 +0000.00167 +0000.00200 +0000.00233 +0000.00267 +0000.00300 +0000.00333 +0000.00367 +0000.00400 +0000.00433 +0000.00467 +0000.00500 +0000.00533 +0000.00567 +0000.00600 +0000.00633 +0000.00667 +0000.00700 +0000.00733 +0000.00767 +0000.00800 +0000.00833 +0000.00867 +0000.00900 +0000.00933 +0000.00967 +0000.01000 
+0000.00200 -1.0002e-02 -9.6689e-03 -9.3356e-03 -9.0023e-03 -8.6690e-03 -8.3357e-03 -8.0024e-03 -7.6691e-03 -7.3358e-03 -7.0025e-03 -6.6692e-03 -6.3359e-03 -6.0026e-03 -5.6693e-03 -5.3359e-03 -5.0026e-03 -4.6693e-03 -4.3360e-03 -4.0027e-03 -3.6694e-03 -3.3361e-03 -3.0028e-03 -2.6694e-03 -2.3361e-03 -2.0028e-03 -1.6695e-03 -1.3361e-03 -1.0028e-03 -6.6948e-04 -3.3615e-04 -2.8176e-06 +3.3052e-04 +6.6385e-04 +9.9719e-04 +1.3305e-03 +1.6639e-03 +1.9972e-03 +2.3306e-03 +2.6639e-03 +2.9972e-03 +3.3306e-03 +3.6639e-03 +3.9973e-03 +4.3306e-03 +4.6640e-03 +4.9974e-03 +5.3307e-03 +5.6641e-03 +5.9974e-03 +6.3308e-03 +6.6641e-03 +6.9975e-03 +7.3309e-03 +7.6642e-03 +7.9976e-03 +8.3310e-03 +8.6643e-03 +8.9977e-03 +9.3311e-03 +9.6644e-03 +9.9978e-03 
+0000.00150 -1.0002e-02 -9.6689e-03 -9.3356e-03 -9.0023e-03 -8.6690e-03 -8.3357e-03 -8.0024e-03 -7.6691e-03 -7.3358e-03 -7.0025e-03 -6.6692e-03 -6.3359e-03 -6.0025e-03 -5.6692e-03 -5.3359e-03 -5.0026e-03 -4.6693e-03 -4.3360e-03 -4.0027e-03 -3.6694e-03 -3.3361e-03 -3.0027e-03 -2.6694e-03 -2.3361e-03 -2.0028e-03 -1.6695e-03 -1.3361e-03 -1.0028e-03 -6.6947e-04 -3.3614e-04 -2.8055e-06 +3.3053e-04 +6.6386e-04 +9.9720e-04 +1.3305e-03 +1.6639e-03 +1.9972e-03 +2.3306e-03 +2.6639e-03 +2.9973e-03 +3.3306e-03 +3.6640e-03 +3.9973e-03 +4.3307e-03 +4.6640e-03 +4.9974e-03 +5.3307e-03 +5.6641e-03 +5.9974e-03 +6.3308e-03 +6.6642e-03 +6.9975e-03 +7.3309e-03 +7.6642e-03 +7.9976e-03 +8.3310e-03 +8.6643e-03 +8.9977e-03 +9.3311e-03 +9.6644e-03 +9.9978e-03 
+0000.00100 -1.0002e-02 -9.6689e-03 -9.3356e-03 -9.0023e-03 -8.6690e-03 -8.3357e-03 -8.0024e-03 -7.6691e-03 -7.3358e-03 -7.0025e-03 -6.6692e-03 -6.3359e-03 -6.0025e-03 -5.6692e-03 -5.3359e-03 -5.0026e-03 -4.6693e-03 -4.3360e-03 -4.0027e-03 -3.6694e-03 -3.3361e-03 -3.0027e-03 -2.6694e-03 -2.3361e-03 -2.0028e-03 -1.6694e-03 -1.3361e-03 -1.0028e-03 -6.6947e-04 -3.3614e-04 -2.8049e-06 +3.3053e-04 +6.6386e-04 +9.9720e-04 +1.3305e-03 +1.6639e-03 +1.9972e-03 +2.3306e-03 +2.6639e-03 +2.9973e-03 +3.3306e-03 +3.6640e-03 +3.9973e-03 +4.3307e-03 +4.6640e-03 +4.9974e-03 +5.3307e-03 +5.6641e-03 +5.9974e-03 +6.3308e-03 +6.6642e-03 +6.9975e-03 +7.3309e-03 +7.6642e-03 +7.9976e-03 +8.3310e-03 +8.6643e-03 +8.9977e-03 +9.3311e-03 +9.6644e-03 +9.9978e-03 
+0000.00050 -1.0002e-02 -9.6689e-03 -9.3356e-03 -9.0023e-03 -8.6690e-03 -8.3357e-03 -8.0024e-03 -7.6691e-03 -7.3358e-03 -7.0025e-03 -6.6692e-03 -6.3359e-03 -6.0025e-03 -5.6692e-03 -5.3359e-03 -5.0026e-03 -4.6693e-03 -4.3360e-03 -4.0027e-03 -3.6694e-03 -3.3361e-03 -3.0027e-03 -2.6694e-03 -2.3361e-03 -2.0028e-03 -1.6694e-03 -1.3361e-03 -1.0028e-03 -6.6947e-04 -3.3614e-04 -2.8046e-06 +3.3053e-04 +6.6386e-04 +9.9720e-04 +1.3305e-03 +1.6639e-03 +1.9972e-03 +2.3306e-03 +2.6639e-03 +2.9973e-03 +3.3306e-03 +3.6640e-03 +3.9973e-03 +4.3307e-03 +4.6640e-03 +4.9974e-03 +5.3307e-03 +5.6641e-03 +5.9974e-03 +6.3308e-03 +6.6642e-03 +6.9975e-03 +7.3309e-03 +7.6642e-03 +7.9976e-03 +8.3310e-03 +8.6643e-03 +8.9977e-03 +9.3311e-03 +9.6644e-03 +9.9978e-03 
+0000.00000 -1.0002e-02 -9.6689e-03 -9.3356e-03 -9.0023e-03 -8.6690e-03 -8.3357e-03 -8.0024e-03 -7.6691e-03 -7.3358e-03 -7.0025e-03 -6.6692e-03 -6.3359e-03 -6.0025e-03 -5.6692e-03 -5.3359e-03 -5.0026e-03 -4.6693e-03 -4.3360e-03 -4.0027e-03 -3.6694e-03 -3.3361e-03 -3.0027e-03 -2.6694e-03 -2.3361e-03 -2.0028e-03 -1.6694e-03 -1.3361e-03 -1.0028e-03 -6.6947e-04 -3.3614e-04 -2.8045e-06 +3.3053e-04 +6.6386e-04 +9.9720e-04 +1.3305e-03 +1.6639e-03 +1.9972e-03 +2.3306e-03 +2.6639e-03 +2.9973e-03 +3.3306e-03 +3.6640e-03 +3.9973e-03 +4.3307e-03 +4.6640e-03 +4.9974e-03 +5.3307e-03 +5.6641e-03 +5.9974e-03 +6.3308e-03 +6.6642e-03 +6.9975e-03 +7.3309e-03 +7.6642e-03 +7.9976e-03 +8.3310e-03 +8.6643e-03 +8.9977e-03 +9.3311e-03 +9.6644e-03 +9.9978e-03 
-0000.00050 -1.0002e-02 -9.6689e-03 -9.3356e-03 -9.0023e-03 -8.6690e-03 -8.3357e-03 -8.0024e-03 -7.6691e-03 -7.3358e-03 -7.0025e-03 -6.6692e-03 -6.3359e-03 -6.0025e-03 -5.6692e-03 -5.3359e-03 -5.0026e-03 -4.6693e-03 -4.3360e-03 -4.0027e-03 -3.6694e-03 -3.3361e-03 -3.0027e-03 -2.6694e-03 -2.3361e-03 -2.0028e-03 -1.6694e-03 -1.3361e-03 -1.0028e-03 -6.6947e-04 -3.3614e-04 -2.8046e-06 +3.3053e-04 +6.6386e-04 +9.9720e-04 +1.3305e-03 +1.6639e-03 +1.9972e-03 +2.3306e-03 +2.6639e-03 +2.9973e-03 +3.3306e-03 +3.6640e-03 +3.9973e-03 +4.3307e-03 +4.6640e-03 +4.9974e-03 +5.3307e-03 +5.6641e-03 +5.9974e-03 +6.3308e-03 +6.6642e-03 +6.9975e-03 +7.3309e-03 +7.6642e-03 +7.9976e-03 +8.3310e-03 +8.6643e-03 +8.9977e-03 +9.3311e-03 +9.6644e-03 +9.9978e-03 
-0000.00100 -1.0002e-02 -9.6689e-03 -9.3356e-03 -9.0023e-03 -8.6690e-03 -8.3357e-03 -8.0024e-03 -7.6691e-03 -7.3358e-03 -7.0025e-03 -6.6692e-03 -6.3359e-03 -6.0025e-03 -5.6692e-03 -5.3359e-03 -5.0026e-03 -4.6693e-03 -4.3360e-03 -4.0027e-03 -3.6694e-03 -3.3361e-03 -3.0027e-03 -2.6694e-03 -2.3361e-03 -2.0028e-03 -1.6694e-03 -1.3361e-03 -1.0028e-03 -6.6947e-04 -3.3614e-04 -2.8049e-06 +3.3053e-04 +6.6386e-04 +9.9720e-04 +1.3305e-03 +1.6639e-03 +1.9972e-03 +2.3306e-03 +2.6639e-03 +2.9973e-03 +3.3306e-03 +3.6640e-03 +3.9973e-03 +4.3307e-03 +4.6640e-03 +4.9974e-03 +5.3307e-03 +5.6641e-03 +5.9974e-03 +6.3308e-03 +6.6642e-03 +6.9975e-03 +7.3309e-03 +7.6642e-03 +7.9976e-03 +8.3310e-03 +8.6643e-03 +8.9977e-03 +9.3311e-03 +9.6644e-03 +9.9978e-03 
-0000.00150 -1.0002e-02 -9.6689e-03 -9.3356e-03 -9.0023e-03 -8.6690e-03 -8.3357e-03 -8.0024e-03 -7.6691e-03 -7.3358e-03 -7.0025e-03 -6.6692e-03 -6.3359e-03 -6.0025e-03 -5.6692e-03 -5.3359e-03 -5.0026e-03 -4.6693e-03 -4.3360e-03 -4.0027e-03 -3.6694e-03 -3.3361e-03 -3.0027e-03 -2.6694e-03 -2.3361e-03 -2.0028e-03 -1.6695e-03 -1.3361e-03 -1.0028e-03 -6.6947e-04 -3.3614e-04 -2.8055e-06 +3.3053e-04 +6.6386e-04 +9.9720e-04 +1.3305e-03 +1.6639e-03 +1.9972e-03 +2.3306e-03 +2.6639e-03 +2.9973e-03 +3.3306e-03 +3.6640e-03 +3.9973e-03 +4.3307e-03 +4.6640e-03 +4.9974e-03 +5.3307e-03 +5.6641e-03 +5.9974e-03 +6.3308e-03 +6.6642e-03 +6.9975e-03 +7.3309e-03 +7.6642e-03 +7.9976e-03 +8.3310e-03 +8.6643e-03 +8.9977e-03 +9.3311e-03 +9.6644e-03 +9.9978e-03 
-0000.00200 -1.0002e-02 -9.6689e-03 -9.3356e-03 -9.0023e-03 -8.6690e-03 -8.3357e-03 -8.0024e-03 -7.6691e-03 -7.3358e-03 -7.0025e-03 -6.6692e-03 -6.3359e-03 -6.0026e-03 -5.6693e-03 -5.3359e-03 -5.0026e-03 -4.6693e-03 -4.3360e-03 -4.0027e-03 -3.6694e-03 -3.3361e-03 -3.0028e-03 -2.6694e-03 -2.3361e-03 -2.0028e-03 -1.6695e-03 -1.3361e-03 -1.0028e-03 -6.6948e-04 -3.3615e-04 -2.8176e-06 +3.3052e-04 +6.6385e-04 +9.9719e-04 +1.3305e-03 +1.6639e-03 +1.9972e-03 +2.3306e-03 +2.6639e-03 +2.9972e-03 +3.3306e-03 +3.6639e-03 +3.9973e-03 +4.3306e-03 +4.6640e-03 +4.9974e-03 +5.3307e-03 +5.6641e-03 +5.9974e-03 +6.3308e-03 +6.6641e-03 +6.9975e-03 +7.3309e-03 +7.6642e-03 +7.9976e-03 +8.3310e-03 +8.6643e-03 +8.9977e-03 +9.3311e-03 +9.6644e-03 +9.9978e-03 
# Vertical Final Position [m]
START
            -0000.01000 -0000.00967 -0000.00933 -0000.00900 -0000.00867 -0000.00833 -0000.00800 -0000.00767 -0000.00733 -0000.00700 -0000.00667 -0000.00633 -0000.00600 -0000.00567 -0000.00533 -0000.00500 -0000.00467 -0000.00433 -0000.00400 -0000.00367 -0000.00333 -0000.00300 -0000.00267 -0000.00233 -0000.00200 -0000.00167 -0000.00133 -0000.00100 -0000.00067 -0000.00033 +0000.00000 +0000.00033 +0000.00067 +0000.00100 +0000.00133 +0000.00167 +0000.00200 +0000.00233 +0000.00267 +0000.00300 +0000.00333 +0000.00367 +0000.00400 +0000.00433 +0000.00467 +0000.00500 +0000.00533 +0000.00567 +0000.00600 +0000.00633 +0000.00667 +0000.00700 +0000.00733 +0000.00767 +0000.00800 +0000.00833 +0000.00867 +0000.00900 +0000.00933 +0000.00967 +0000.01000 
+0000.00200 +2.0002e-03 +2.0002e-03 +2.0002e-03 +2.0002e-03 +2.0002e-03 +2.0001e-03 +2.0001e-03 +2.0001e-03 +2.0001e-03 +2.0001e-03 +2.0001e-03 +2.0001e-03 +2.0001e-03 +2.0001e-03 +2.0001e-03 +2.0001e-03 +2.0001e-03 +2.0001e-03 +2.0000e-03 +2.0000e-03 +2.0000e-03 +2.0000e-03 +2.0000e-03 +2.0000e-03 +2.0000e-03 +2.0000e-03 +2.0000e-03 +2.0000e-03 +2.0000e-03 +1.9999e-03 +1.9999e-03 +1.9999e-03 +1.9999e-03 +1.9999e-03 +1.9999e-03 +1.9999e-03 +1.9999e-03 +1.9999e-03 +1.9999e-03 +1.9999e-03 +1.9998e-03 +1.9998e-03 +1.9998e-03 +1.9998e-03 +1.9998e-03 +1.9998e-03 +1.9998e-03 +1.9998e-03 +1.9998e-03 +1.9998e-03 +1.9998e-03 +1.9998e-03 +1.9998e-03 +1.9997e-03 +1.9997e-03 +1.9997e-03 +1.9997e-03 +1.9997e-03 +1.9997e-03 +1.9997e-03 +1.9997e-03 
+0000.00150 +1.5001e-03 +1.5001e-03 +1.5001e-03 +1.5001e-03 +1.5001e-03 +1.5001e-03 +1.5001e-03 +1.5001e-03 +1.5001e-03 +1.5001e-03 +1.5001e-03 +1.5001e-03 +1.5001e-03 +1.5001e-03 +1.5001e-03 +1.5001e-03 +1.5001e-03 +1.5001e-03 +1.5000e-03 +1.5000e-03 +1.5000e-03 +1.5000e-03 +1.5000e-03 +1.5000e-03 +1.5000e-03 +1.5000e-03 +1.5000e-03 +1.5000e-03 +1.5000e-03 +1.5000e-03 +1.5000e-03 +1.5000e-03 +1.4999e-03 +1.4999e-03 +1.4999e-03 +1.4999e-03 +1.4999e-03 +1.4999e-03 +1.4999e-03 +1.4999e-03 +1.4999e-03 +1.4999e-03 +1.4999e-03 +1.4999e-03 +1.4999e-03 +1.4999e-03 +1.4999e-03 +1.4999e-03 +1.4999e-03 +1.4998e-03 +1.4998e-03 +1.4998e-03 +1.4998e-03 +1.4998e-03 +1.4998e-03 +1.4998e-03 +1.4998e-03 +1.4998e-03 +1.4998e-03 +1.4998e-03 +1.4998e-03 
+0000.00100 +1.0001e-03 +1.0001e-03 +1.0001e-03 +1.0001e-03 +1.0001e-03 +1.0001e-03 +1.0001e-03 +1.0001e-03 +1.0001e-03 +1.0001e-03 +1.0001e-03 +1.0001e-03 +1.0000e-03 +1.0000e-03 +1.0000e-03 +1.0000e-03 +1.0000e-03 +1.0000e-03 +1.0000e-03 +1.0000e-03 +1.0000e-03 +1.0000e-03 +1.0000e-03 +1.0000e-03 +1.0000e-03 +9.9999e-04 +9.9999e-04 +9.9999e-04 +9.9998e-04 +9.9998e-04 +9.9997e-04 +9.9997e-04 +9.9996e-04 +9.9996e-04 +9.9995e-04 +9.9995e-04 +9.9995e-04 +9.9994e-04 +9.9994e-04 +9.9993e-04 +9.9993e-04 +9.9992e-04 +9.9992e-04 +9.9992e-04 +9.9991e-04 +9.9991e-04 +9.9991e-04 +9.9990e-04 +9.9990e-04 +9.9989e-04 +9.9989e-04 +9.9989e-04 +9.9989e-04 +9.9988e-04 +9.9988e-04 +9.9988e-04 +9.9987e-04 +9.9987e-04 +9.9987e-04 +9.9987e-04 +9.9987e-04 
+0000.00050 +5.0004e-04 +5.0004e-04 +5.0004e-04 +5.0004e-04 +5.0004e-04 +5.0004e-04 +5.0004e-04 +5.0004e-04 +5.0004e-04 +5.0003e-04 +5.0003e-04 +5.0003e-04 +5.0003e-04 +5.0003e-04 +5.0003e-04 +5.0002e-04 +5.0002e-04 +5.0002e-04 +5.0002e-04 +5.0002e-04 +5.0001e-04 +5.0001e-04 +5.0001e-04 +5.0001e-04 +5.0000e-04 +5.0000e-04 +5.0000e-04 +5.0000e-04 +4.9999e-04 +4.9999e-04 +4.9999e-04 +4.9999e-04 +4.9998e-04 +4.9998e-04 +4.9998e-04 +4.9998e-04 +4.9997e-04 +4.9997e-04 +4.9997e-04 +4.9997e-04 +4.9997e-04 +4.9996e-04 +4.9996e-04 +4.9996e-04 +4.9996e-04 +4.9996e-04 +4.9995e-04 +4.9995e-04 +4.9995e-04 +4.9995e-04 +4.9995e-04 +4.9995e-04 +4.9994e-04 +4.9994e-04 +4.9994e-04 +4.9994e-04 +4.9994e-04 +4.9994e-04 +4.9994e-04 +4.9994e-04 +4.9994e-04 
+0000.00000 +3.9687e-11 +3.9113e-11 +3.8524e-11 +3.7924e-11 +3.7316e-11 +3.6703e-11 +3.6090e-11 +3.5478e-11 +3.4871e-11 +3.4271e-11 +3.3682e-11 +3.3105e-11 +3.2543e-11 +3.1998e-11 +3.1473e-11 +3.0969e-11 +3.0489e-11 +3.0034e-11 +2.9606e-11 +2.9206e-11 +2.8836e-11 +2.8498e-11 +2.8192e-11 +2.7919e-11 +2.7680e-11 +2.7477e-11 +2.7310e-11 +2.7179e-11 +2.7085e-11 +2.7028e-11 +2.7009e-11 +2.7027e-11 +2.7082e-11 +2.7175e-11 +2.7304e-11 +2.7471e-11 +2.7673e-11 +2.7911e-11 +2.8183e-11 +2.8489e-11 +2.8827e-11 +2.9197e-11 +2.9597e-11 +3.0026e-11 +3.0483e-11 +3.0965e-11 +3.1470e-11 +3.1998e-11 +3.2546e-11 +3.3112e-11 +3.3693e-11 +3.4288e-11 +3.4893e-11 +3.5506e-11 +3.6125e-11 +3.6746e-11 +3.7366e-11 +3.7983e-11 +3.8593e-11 +3.9193e-11 +3.9779e-11 
-0000.00050 -5.0004e-04 -5.0004e-04 -5.0004e-04 -5.0004e-04 -5.0004e-04 -5.0004e-04 -5.0004e-04 -5.0004e-04 -5.0004e-04 -5.0003e-04 -5.0003e-04 -5.0003e-04 -5.0003e-04 -5.0003e-04 -5.0003e-04 -5.0002e-04 -5.0002e-04 -5.0002e-04 -5.0002e-04 -5.0002e-04 -5.0001e-04 -5.0001e-04 -5.0001e-04 -5.0001e-04 -5.0000e-04 -5.0000e-04 -5.0000e-04 -5.0000e-04 -4.9999e-04 -4.9999e-04 -4.9999e-04 -4.9999e-04 -4.9998e-04 -4.9998e-04 -4.9998e-04 -4.9998e-04 -4.9997e-04 -4.9997e-04 -4.9997e-04 -4.9997e-04 -4.9997e-04 -4.9996e-04 -4.9996e-04 -4.9996e-04 -4.9996e-04 -4.9996e-04 -4.9995e-04 -4.9995e-04 -4.9995e-04 -4.9995e-04 -4.9995e-04 -4.9995e-04 -4.9994e-04 -4.9994e-04 -4.9994e-04 -4.9994e-04 -4.9994e-04 -4.9994e-04 -4.9994e-04 -4.9994e-04 -4.9994e-04 
-0000.00100 -1.0001e-03 -1.0001e-03 -1.0001e-03 -1.0001e-03 -1.0001e-03 -1.0001e-03 -1.0001e-03 -1.0001e-03 -1.0001e-03 -1.0001e-03 -1.0001e-03 -1.0001e-03 -1.0000e-03 -1.0000e-03 -1.0000e-03 -1.0000e-03 -1.0000e-03 -1.0000e-03 -1.0000e-03 -1.0000e-03 -1.0000e-03 -1.0000e-03 -1.0000e-03 -1.0000e-03 -1.0000e-03 -9.9999e-04 -9.9999e-04 -9.9999e-04 -9.9998e-04 -9.9998e-04 -9.9997e-04 -9.9997e-04 -9.9996e-04 -9.9996e-04 -9.9995e-04 -9.9995e-04 -9.9995e-04 -9.9994e-04 -9.9994e-04 -9.9993e-04 -9.9993e-04 -9.9992e-04 -9.9992e-04 -9.9992e-04 -9.9991e-04 -9.9991e-04 -9.9991e-04 -9.9990e-04 -9.9990e-04 -9.9989e-04 -9.9989e-04 -9.9989e-04 -9.9989e-04 -9.9988e-04 -9.9988e-04 -9.9988e-04 -9.9987e-04 -9.9987e-04 -9.9987e-04 -9.9987e-04 -9.9987e-04 
-0000.00150 -1.5001e-03 -1.5001e-03 -1.5001e-03 -1.5001e-03 -1.5001e-03 -1.5001e-03 -1.5001e-03 -1.5001e-03 -1.5001e-03 -1.5001e-03 -1.5001e-03 -1.5001e-03 -1.5001e-03 -1.5001e-03 -1.5001e-03 -1.5001e-03 -1.5001e-03 -1.5001e-03 -1.5000e-03 -1.5000e-03 -1.5000e-03 -1.5000e-03 -1.5000e-03 -1.5000e-03 -1.5000e-03 -1.5000e-03 -1.5000e-03 -1.5000e-03 -1.5000e-03 -1.5000e-03 -1.5000e-03 -1.5000e-03 -1.4999e-03 -1.4999e-03 -1.4999e-03 -1.4999e-03 -1.4999e-03 -1.4999e-03 -1.4999e-03 -1.4999e-03 -1.4999e-03 -1.4999e-03 -1.4999e-03 -1.4999e-03 -1.4999e-03 -1.4999e-03 -1.4999e-03 -1.4999e-03 -1.4999e-03 -1.4998e-03 -1.4998e-03 -1.4998e-03 -1.4998e-03 -1.4998e-03 -1.4998e-03 -1.4998e-03 -1.4998e-03 -1.4998e-03 -1.4998e-03 -1.4998e-03 -1.4998e-03 
-0000.00200 -2.0002e-03 -2.0002e-03 -2.0002e-03 -2.0002e-03 -2.0002e-03 -2.0001e-03 -2.0001e-03 -2.0001e-03 -2.0001e-03 -2.0001e-03 -2.0001e-03 -2.0001e-03 -2.0001e-03 -2.0001e-03 -2.0001e-03 -2.0001e-03 -2.0001e-03 -2.0001e-03 -2.0000e-03 -2.0000e-03 -2.0000e-03 -2.0000e-03 -2.0000e-03 -2.0000e-03 -2.0000e-03 -2.0000e-03 -2.0000e-03 -2.0000e-03 -2.0000e-03 -1.9999e-03 -1.9999e-03 -1.9999e-03 -1.9999e-03 -1.9999e-03 -1.9999e-03 -1.9999e-03 -1.9999e-03 -1.9999e-03 -1.9999e-03 -1.9999e-03 -1.9998e-03 -1.9998e-03 -1.9998e-03 -1.9998e-03 -1.9998e-03 -1.9998e-03 -1.9998e-03 -1.9998e-03 -1.9998e-03 -1.9998e-03 -1.9998e-03 -1.9998e-03 -1.9998e-03 -1.9997e-03 -1.9997e-03 -1.9997e-03 -1.9997e-03 -1.9997e-03 -1.9997e-03 -1.9997e-03 -1.9997e-03 