# Author: FAC idanalysis.IDKickMap
# Termination_kicks [T2m2]: +0.0000e+00 +0.0000e+00 +0.0000e+00 +0.0000e+00 
# Total Length of Longitudinal Interval [m]
0.13
# Number of Horizontal Points
61
# Number of Vertical Points
9
# Total Horizontal 2nd Order Kick [T2m2]
START
            -0000.01000 -0000.00967 -0000.00933 -0000.00900 -0000.00867 -0000.00833 -0000.00800 -0000.00767 -0000.00733 -0000.00700 -0000.00667 -0000.00633 -0000.00600 -0000.00567 -0000.00533 -0000.00500 -0000.00467 -0000.00433 -0000.00400 -0000.00367 -0000.00333 -0000.00300 -0000.00267 -0000.00233 -0000.00200 -0000.00167 -0000.00133 -0000.00100 -0000.00067 -0000.00033 +0000.00000 +0000.00033 +0000.00067 +0000.00100 +0000.00133 +0000.00167 +0000.00200 +0000.00233 +0000.00267 +0000.00300 +0000.00333 +0000.00367 +0000.00400 +0000.00433 +0000.00467 +0000.00500 +0000.00533 +0000.00567 +0000.00600 +0000.00633 +0000.00667 +0000.00700 +0000.00733 +0000.00767 +0000.00800 +0000.00833 +0000.00867 +0000.00900 +0000.00933 +0000.00967 +0000.01000 
+0000.00200 +6.7298e-05 +6.6482e-05 +6.5692e-05 +6.4930e-05 +6.4194e-05 +6.3485e-05 +6.2804e-05 +6.2150e-05 +6.1523e-05 +6.0923e-05 +6.0351e-05 +5.9807e-05 +5.9291e-05 +5.8802e-05 +5.8342e-05 +5.7909e-05 +5.7505e-05 +5.7129e-05 +5.6781e-05 +5.6461e-05 +5.6169e-05 +5.5906e-05 +5.5672e-05 +5.5466e-05 +5.5288e-05 +5.5140e-05 +5.5019e-05 +5.4928e-05 +5.4865e-05 +5.4830e-05 +5.4825e-05 +5.4847e-05 +5.4899e-05 +5.4979e-05 +5.5088e-05 +5.5226e-05 +5.5392e-05 +5.5587e-05 +5.5811e-05 +5.6063e-05 +5.6343e-05 +5.6652e-05 +5.6990e-05 +5.7356e-05 +5.7750e-05 +5.8172e-05 +5.8623e-05 +5.9102e-05 +5.9608e-05 +6.0143e-05 +6.0706e-05 +6.1296e-05 +6.1915e-05 +6.2561e-05 +6.3234e-05 +6.3935e-05 +6.4663e-05 +6.5419e-05 +6.6201e-05 +6.7010e-05 +6.7847e-05 
+0000.00150 +6.7511e-05 +6.6705e-05 +6.5924e-05 +6.5169e-05 +6.4440e-05 +6.3737e-05 +6.3060e-05 +6.2410e-05 +6.1786e-05 +6.1189e-05 +6.0619e-05 +6.0077e-05 +5.9561e-05 +5.9073e-05 +5.8613e-05 +5.8181e-05 +5.7776e-05 +5.7399e-05 +5.7051e-05 +5.6730e-05 +5.6438e-05 +5.6175e-05 +5.5939e-05 +5.5733e-05 +5.5555e-05 +5.5405e-05 +5.5284e-05 +5.5192e-05 +5.5129e-05 +5.5095e-05 +5.5089e-05 +5.5112e-05 +5.5164e-05 +5.5245e-05 +5.5354e-05 +5.5492e-05 +5.5659e-05 +5.5855e-05 +5.6079e-05 +5.6331e-05 +5.6613e-05 +5.6922e-05 +5.7260e-05 +5.7627e-05 +5.8021e-05 +5.8444e-05 +5.8894e-05 +5.9372e-05 +5.9878e-05 +6.0412e-05 +6.0973e-05 +6.1561e-05 +6.2176e-05 +6.2818e-05 +6.3487e-05 +6.4183e-05 +6.4905e-05 +6.5653e-05 +6.6428e-05 +6.7228e-05 +6.8053e-05 
+0000.00100 +6.7662e-05 +6.6863e-05 +6.6088e-05 +6.5339e-05 +6.4614e-05 +6.3915e-05 +6.3242e-05 +6.2594e-05 +6.1973e-05 +6.1378e-05 +6.0810e-05 +6.0268e-05 +5.9753e-05 +5.9266e-05 +5.8806e-05 +5.8374e-05 +5.7969e-05 +5.7592e-05 +5.7243e-05 +5.6922e-05 +5.6630e-05 +5.6366e-05 +5.6130e-05 +5.5923e-05 +5.5745e-05 +5.5595e-05 +5.5474e-05 +5.5381e-05 +5.5318e-05 +5.5283e-05 +5.5278e-05 +5.5301e-05 +5.5353e-05 +5.5434e-05 +5.5543e-05 +5.5682e-05 +5.5849e-05 +5.6045e-05 +5.6270e-05 +5.6523e-05 +5.6805e-05 +5.7115e-05 +5.7453e-05 +5.7820e-05 +5.8214e-05 +5.8637e-05 +5.9087e-05 +5.9565e-05 +6.0070e-05 +6.0603e-05 +6.1162e-05 +6.1749e-05 +6.2362e-05 +6.3001e-05 +6.3667e-05 +6.4359e-05 +6.5076e-05 +6.5819e-05 +6.6587e-05 +6.7380e-05 +6.8198e-05 
+0000.00050 +6.7751e-05 +6.6957e-05 +6.6186e-05 +6.5440e-05 +6.4719e-05 +6.4022e-05 +6.3351e-05 +6.2705e-05 +6.2085e-05 +6.1491e-05 +6.0924e-05 +6.0383e-05 +5.9869e-05 +5.9382e-05 +5.8922e-05 +5.8490e-05 +5.8085e-05 +5.7708e-05 +5.7359e-05 +5.7038e-05 +5.6745e-05 +5.6481e-05 +5.6245e-05 +5.6037e-05 +5.5859e-05 +5.5709e-05 +5.5587e-05 +5.5495e-05 +5.5431e-05 +5.5397e-05 +5.5391e-05 +5.5414e-05 +5.5466e-05 +5.5547e-05 +5.5657e-05 +5.5796e-05 +5.5964e-05 +5.6160e-05 +5.6385e-05 +5.6638e-05 +5.6920e-05 +5.7231e-05 +5.7569e-05 +5.7936e-05 +5.8331e-05 +5.8753e-05 +5.9203e-05 +5.9681e-05 +6.0186e-05 +6.0717e-05 +6.1276e-05 +6.1861e-05 +6.2473e-05 +6.3111e-05 +6.3775e-05 +6.4464e-05 +6.5179e-05 +6.5918e-05 +6.6682e-05 +6.7471e-05 +6.8284e-05 
+0000.00000 +6.7781e-05 +6.6988e-05 +6.6219e-05 +6.5474e-05 +6.4753e-05 +6.4057e-05 +6.3387e-05 +6.2742e-05 +6.2122e-05 +6.1529e-05 +6.0962e-05 +6.0421e-05 +5.9907e-05 +5.9420e-05 +5.8961e-05 +5.8528e-05 +5.8124e-05 +5.7747e-05 +5.7397e-05 +5.7076e-05 +5.6784e-05 +5.6519e-05 +5.6283e-05 +5.6076e-05 +5.5897e-05 +5.5747e-05 +5.5625e-05 +5.5533e-05 +5.5469e-05 +5.5434e-05 +5.5429e-05 +5.5452e-05 +5.5504e-05 +5.5585e-05 +5.5695e-05 +5.5834e-05 +5.6002e-05 +5.6198e-05 +5.6423e-05 +5.6677e-05 +5.6959e-05 +5.7269e-05 +5.7608e-05 +5.7974e-05 +5.8369e-05 +5.8792e-05 +5.9242e-05 +5.9719e-05 +6.0224e-05 +6.0755e-05 +6.1314e-05 +6.1899e-05 +6.2510e-05 +6.3147e-05 +6.3810e-05 +6.4499e-05 +6.5212e-05 +6.5951e-05 +6.6714e-05 +6.7501e-05 +6.8312e-05 
-0000.00050 +6.7751e-05 +6.6957e-05 +6.6186e-05 +6.5440e-05 +6.4719e-05 +6.4022e-05 +6.3351e-05 +6.2705e-05 +6.2085e-05 +6.1491e-05 +6.0924e-05 +6.0383e-05 +5.9869e-05 +5.9382e-05 +5.8922e-05 +5.8490e-05 +5.8085e-05 +5.7708e-05 +5.7359e-05 +5.7038e-05 +5.6745e-05 +5.6481e-05 +5.6245e-05 +5.6038e-05 +5.5859e-05 +5.5709e-05 +5.5588e-05 +5.5495e-05 +5.5432e-05 +5.5397e-05 +5.5391e-05 +5.5414e-05 +5.5466e-05 +5.5548e-05 +5.5657e-05 +5.5796e-05 +5.5964e-05 +5.6160e-05 +5.6385e-05 +5.6638e-05 +5.6920e-05 +5.7231e-05 +5.7569e-05 +5.7936e-05 +5.8330e-05 +5.8753e-05 +5.9203e-05 +5.9680e-05 +6.0185e-05 +6.0717e-05 +6.1276e-05 +6.1861e-05 +6.2473e-05 +6.3110e-05 +6.3774e-05 +6.4463e-05 +6.5178e-05 +6.5918e-05 +6.6682e-05 +6.7471e-05 +6.8283e-05 
-0000.00100 +6.7662e-05 +6.6863e-05 +6.6089e-05 +6.5339e-05 +6.4615e-05 +6.3916e-05 +6.3243e-05 +6.2595e-05 +6.1974e-05 +6.1379e-05 +6.0810e-05 +6.0269e-05 +5.9754e-05 +5.9267e-05 +5.8807e-05 +5.8374e-05 +5.7970e-05 +5.7593e-05 +5.7244e-05 +5.6923e-05 +5.6631e-05 +5.6366e-05 +5.6131e-05 +5.5923e-05 +5.5745e-05 +5.5595e-05 +5.5474e-05 +5.5382e-05 +5.5318e-05 +5.5284e-05 +5.5278e-05 +5.5301e-05 +5.5353e-05 +5.5434e-05 +5.5543e-05 +5.5682e-05 +5.5849e-05 +5.6045e-05 +5.6270e-05 +5.6523e-05 +5.6805e-05 +5.7115e-05 +5.7453e-05 +5.7820e-05 +5.8214e-05 +5.8637e-05 +5.9087e-05 +5.9565e-05 +6.0070e-05 +6.0602e-05 +6.1162e-05 +6.1748e-05 +6.2361e-05 +6.3001e-05 +6.3667e-05 +6.4358e-05 +6.5076e-05 +6.5819e-05 +6.6587e-05 +6.7380e-05 +6.8198e-05 
-0000.00150 +6.7512e-05 +6.6706e-05 +6.5925e-05 +6.5170e-05 +6.4441e-05 +6.3738e-05 +6.3061e-05 +6.2411e-05 +6.1787e-05 +6.1190e-05 +6.0620e-05 +6.0077e-05 +5.9562e-05 +5.9074e-05 +5.8614e-05 +5.8181e-05 +5.7776e-05 +5.7400e-05 +5.7051e-05 +5.6731e-05 +5.6439e-05 +5.6175e-05 +5.5940e-05 +5.5733e-05 +5.5555e-05 +5.5405e-05 +5.5285e-05 +5.5192e-05 +5.5129e-05 +5.5095e-05 +5.5089e-05 +5.5112e-05 +5.5164e-05 +5.5244e-05 +5.5354e-05 +5.5492e-05 +5.5659e-05 +5.5854e-05 +5.6078e-05 +5.6331e-05 +5.6612e-05 +5.6922e-05 +5.7260e-05 +5.7626e-05 +5.8021e-05 +5.8443e-05 +5.8893e-05 +5.9372e-05 +5.9878e-05 +6.0411e-05 +6.0972e-05 +6.1560e-05 +6.2176e-05 +6.2818e-05 +6.3487e-05 +6.4183e-05 +6.4905e-05 +6.5653e-05 +6.6427e-05 +6.7227e-05 +6.8053e-05 
-0000.00200 +6.7299e-05 +6.6483e-05 +6.5693e-05 +6.4931e-05 +6.4195e-05 +6.3486e-05 +6.2805e-05 +6.2151e-05 +6.1524e-05 +6.0924e-05 +6.0352e-05 +5.9808e-05 +5.9292e-05 +5.8803e-05 +5.8343e-05 +5.7910e-05 +5.7506e-05 +5.7129e-05 +5.6781e-05 +5.6461e-05 +5.6170e-05 +5.5907e-05 +5.5672e-05 +5.5466e-05 +5.5289e-05 +5.5140e-05 +5.5020e-05 +5.4928e-05 +5.4865e-05 +5.4830e-05 +5.4825e-05 +5.4848e-05 +5.4899e-05 +5.4979e-05 +5.5088e-05 +5.5226e-05 +5.5392e-05 +5.5587e-05 +5.5810e-05 +5.6062e-05 +5.6343e-05 +5.6652e-05 +5.6989e-05 +5.7355e-05 +5.7749e-05 +5.8171e-05 +5.8622e-05 +5.9101e-05 +5.9608e-05 +6.0142e-05 +6.0705e-05 +6.1296e-05 +6.1914e-05 +6.2560e-05 +6.3233e-05 +6.3934e-05 +6.4662e-05 +6.5417e-05 +6.6200e-05 +6.7009e-05 +6.7846e-05 
# Total Vertical 2nd Order Kick [T2m2]
START
            -0000.01000 -0000.00967 -0000.00933 -0000.00900 -0000.00867 -0000.00833 -0000.00800 -0000.00767 -0000.00733 -0000.00700 -0000.00667 -0000.00633 -0000.00600 -0000.00567 -0000.00533 -0000.00500 -0000.00467 -0000.00433 -0000.00400 -0000.00367 -0000.00333 -0000.00300 -0000.00267 -0000.00233 -0000.00200 -0000.00167 -0000.00133 -0000.00100 -0000.00067 -0000.00033 +0000.00000 +0000.00033 +0000.00067 +0000.00100 +0000.00133 +0000.00167 +0000.00200 +0000.00233 +0000.00267 +0000.00300 +0000.00333 +0000.00367 +0000.00400 +0000.00433 +0000.00467 +0000.00500 +0000.00533 +0000.00567 +0000.00600 +0000.00633 +0000.00667 +0000.00700 +0000.00733 +0000.00767 +0000.00800 +0000.00833 +0000.00867 +0000.00900 +0000.00933 +0000.00967 +0000.01000 
+0000.00200 -3.4032e-07 -4.7975e-07 -6.2152e-07 -7.6556e-07 -9.1180e-07 -1.0602e-06 -1.2106e-06 -1.3630e-06 -1.5173e-06 -1.6734e-06 -1.8313e-06 -1.9909e-06 -2.1521e-06 -2.3148e-06 -2.4789e-06 -2.6445e-06 -2.8113e-06 -2.9794e-06 -3.1486e-06 -3.3188e-06 -3.4900e-06 -3.6621e-06 -3.8351e-06 -4.0087e-06 -4.1830e-06 -4.3578e-06 -4.5331e-06 -4.7088e-06 -4.8848e-06 -5.0610e-06 -5.2373e-06 -5.4136e-06 -5.5899e-06 -5.7660e-06 -5.9418e-06 -6.1174e-06 -6.2925e-06 -6.4670e-06 -6.6410e-06 -6.8142e-06 -6.9867e-06 -7.1582e-06 -7.3287e-06 -7.4981e-06 -7.6663e-06 -7.8332e-06 -7.9988e-06 -8.1628e-06 -8.3252e-06 -8.4859e-06 -8.6448e-06 -8.8018e-06 -8.9568e-06 -9.1096e-06 -9.2602e-06 -9.4085e-06 -9.5544e-06 -9.6977e-06 -9.8383e-06 -9.9762e-06 -1.0111e-05 
+0000.00150 +1.0357e-07 +9.5353e-10 -1.0355e-07 -2.0990e-07 -3.1802e-07 -4.2787e-07 -5.3937e-07 -6.5249e-07 -7.6714e-07 -8.8329e-07 -1.0009e-06 -1.1198e-06 -1.2400e-06 -1.3615e-06 -1.4841e-06 -1.6079e-06 -1.7327e-06 -1.8585e-06 -1.9852e-06 -2.1128e-06 -2.2411e-06 -2.3702e-06 -2.4999e-06 -2.6303e-06 -2.7611e-06 -2.8924e-06 -3.0240e-06 -3.1560e-06 -3.2882e-06 -3.4205e-06 -3.5530e-06 -3.6855e-06 -3.8179e-06 -3.9502e-06 -4.0823e-06 -4.2141e-06 -4.3456e-06 -4.4766e-06 -4.6072e-06 -4.7371e-06 -4.8664e-06 -4.9950e-06 -5.1228e-06 -5.2496e-06 -5.3755e-06 -5.5003e-06 -5.6240e-06 -5.7465e-06 -5.8676e-06 -5.9874e-06 -6.1057e-06 -6.2225e-06 -6.3376e-06 -6.4511e-06 -6.5627e-06 -6.6724e-06 -6.7801e-06 -6.8858e-06 -6.9893e-06 -7.0905e-06 -7.1895e-06 
+0000.00100 +2.2816e-07 +1.6067e-07 +9.1855e-08 +2.1747e-08 -4.9611e-08 -1.2218e-07 -1.9591e-07 -2.7077e-07 -3.4672e-07 -4.2370e-07 -5.0169e-07 -5.8063e-07 -6.6049e-07 -7.4122e-07 -8.2277e-07 -9.0510e-07 -9.8817e-07 -1.0719e-06 -1.1563e-06 -1.2413e-06 -1.3269e-06 -1.4129e-06 -1.4994e-06 -1.5864e-06 -1.6736e-06 -1.7612e-06 -1.8491e-06 -1.9372e-06 -2.0254e-06 -2.1138e-06 -2.2022e-06 -2.2906e-06 -2.3790e-06 -2.4673e-06 -2.5554e-06 -2.6434e-06 -2.7311e-06 -2.8185e-06 -2.9056e-06 -2.9922e-06 -3.0784e-06 -3.1640e-06 -3.2491e-06 -3.3336e-06 -3.4173e-06 -3.5004e-06 -3.5826e-06 -3.6640e-06 -3.7444e-06 -3.8239e-06 -3.9023e-06 -3.9797e-06 -4.0559e-06 -4.1309e-06 -4.2046e-06 -4.2770e-06 -4.3480e-06 -4.4176e-06 -4.4856e-06 -4.5521e-06 -4.6169e-06 
+0000.00050 +1.5808e-07 +1.2458e-07 +9.0390e-08 +5.5536e-08 +2.0039e-08 -1.6081e-08 -5.2802e-08 -9.0103e-08 -1.2796e-07 -1.6636e-07 -2.0526e-07 -2.4466e-07 -2.8453e-07 -3.2485e-07 -3.6559e-07 -4.0673e-07 -4.4825e-07 -4.9012e-07 -5.3232e-07 -5.7482e-07 -6.1761e-07 -6.6066e-07 -7.0394e-07 -7.4743e-07 -7.9110e-07 -8.3493e-07 -8.7889e-07 -9.2297e-07 -9.6712e-07 -1.0113e-06 -1.0556e-06 -1.0998e-06 -1.1440e-06 -1.1882e-06 -1.2323e-06 -1.2763e-06 -1.3202e-06 -1.3639e-06 -1.4074e-06 -1.4507e-06 -1.4938e-06 -1.5366e-06 -1.5791e-06 -1.6212e-06 -1.6630e-06 -1.7045e-06 -1.7455e-06 -1.7861e-06 -1.8262e-06 -1.8658e-06 -1.9048e-06 -1.9433e-06 -1.9812e-06 -2.0185e-06 -2.0551e-06 -2.0911e-06 -2.1263e-06 -2.1608e-06 -2.1945e-06 -2.2274e-06 -2.2594e-06 
+0000.00000 -4.1044e-09 -4.1977e-09 -4.2913e-09 -4.3851e-09 -4.4785e-09 -4.5713e-09 -4.6631e-09 -4.7536e-09 -4.8425e-09 -4.9295e-09 -5.0143e-09 -5.0966e-09 -5.1763e-09 -5.2530e-09 -5.3266e-09 -5.3968e-09 -5.4634e-09 -5.5263e-09 -5.5853e-09 -5.6402e-09 -5.6910e-09 -5.7373e-09 -5.7793e-09 -5.8167e-09 -5.8494e-09 -5.8775e-09 -5.9008e-09 -5.9193e-09 -5.9330e-09 -5.9418e-09 -5.9458e-09 -5.9449e-09 -5.9392e-09 -5.9287e-09 -5.9135e-09 -5.8937e-09 -5.8692e-09 -5.8403e-09 -5.8070e-09 -5.7694e-09 -5.7277e-09 -5.6821e-09 -5.6326e-09 -5.5795e-09 -5.5229e-09 -5.4631e-09 -5.4002e-09 -5.3346e-09 -5.2664e-09 -5.1959e-09 -5.1234e-09 -5.0492e-09 -4.9736e-09 -4.8968e-09 -4.8192e-09 -4.7412e-09 -4.6630e-09 -4.5852e-09 -4.5080e-09 -4.4318e-09 -4.3571e-09 
-0000.00050 -1.6629e-07 -1.3298e-07 -9.8974e-08 -6.4308e-08 -2.8998e-08 +6.9354e-09 +4.3472e-08 +8.0592e-08 +1.1827e-07 +1.5649e-07 +1.9523e-07 +2.3447e-07 +2.7418e-07 +3.1434e-07 +3.5493e-07 +3.9593e-07 +4.3731e-07 +4.7906e-07 +5.2114e-07 +5.6354e-07 +6.0623e-07 +6.4918e-07 +6.9237e-07 +7.3579e-07 +7.7939e-07 +8.2317e-07 +8.6709e-07 +9.1112e-07 +9.5525e-07 +9.9944e-07 +1.0437e-06 +1.0879e-06 +1.1322e-06 +1.1763e-06 +1.2205e-06 +1.2645e-06 +1.3084e-06 +1.3522e-06 +1.3958e-06 +1.4391e-06 +1.4823e-06 +1.5252e-06 +1.5678e-06 +1.6101e-06 +1.6520e-06 +1.6935e-06 +1.7347e-06 +1.7754e-06 +1.8156e-06 +1.8554e-06 +1.8946e-06 +1.9332e-06 +1.9713e-06 +2.0087e-06 +2.0455e-06 +2.0816e-06 +2.1170e-06 +2.1516e-06 +2.1855e-06 +2.2185e-06 +2.2507e-06 
-0000.00100 -2.3637e-07 -1.6907e-07 -1.0044e-07 -3.0526e-08 +4.0640e-08 +1.1302e-07 +1.8656e-07 +2.6124e-07 +3.3701e-07 +4.1382e-07 +4.9163e-07 +5.7041e-07 +6.5010e-07 +7.3067e-07 +8.1207e-07 +8.9426e-07 +9.7719e-07 +1.0608e-06 +1.1451e-06 +1.2300e-06 +1.3154e-06 +1.4014e-06 +1.4878e-06 +1.5747e-06 +1.6619e-06 +1.7494e-06 +1.8372e-06 +1.9253e-06 +2.0135e-06 +2.1018e-06 +2.1902e-06 +2.2786e-06 +2.3670e-06 +2.4554e-06 +2.5435e-06 +2.6315e-06 +2.7193e-06 +2.8068e-06 +2.8939e-06 +2.9806e-06 +3.0669e-06 +3.1526e-06 +3.2378e-06 +3.3224e-06 +3.4063e-06 +3.4894e-06 +3.5718e-06 +3.6533e-06 +3.7338e-06 +3.8135e-06 +3.8921e-06 +3.9696e-06 +4.0459e-06 +4.1211e-06 +4.1950e-06 +4.2675e-06 +4.3387e-06 +4.4084e-06 +4.4766e-06 +4.5432e-06 +4.6082e-06 
-0000.00150 -1.1177e-07 -9.3490e-09 +9.4963e-08 +2.0111e-07 +3.0904e-07 +4.1869e-07 +5.3001e-07 +6.4294e-07 +7.5741e-07 +8.7337e-07 +9.9077e-07 +1.1095e-06 +1.2296e-06 +1.3509e-06 +1.4734e-06 +1.5970e-06 +1.7217e-06 +1.8474e-06 +1.9740e-06 +2.1014e-06 +2.2297e-06 +2.3587e-06 +2.4883e-06 +2.6185e-06 +2.7493e-06 +2.8805e-06 +3.0121e-06 +3.1441e-06 +3.2762e-06 +3.4086e-06 +3.5410e-06 +3.6735e-06 +3.8059e-06 +3.9383e-06 +4.0704e-06 +4.2023e-06 +4.3338e-06 +4.4649e-06 +4.5955e-06 +4.7255e-06 +4.8549e-06 +4.9836e-06 +5.1114e-06 +5.2384e-06 +5.3644e-06 +5.4893e-06 +5.6132e-06 +5.7358e-06 +5.8571e-06 +5.9770e-06 +6.0955e-06 +6.2124e-06 +6.3277e-06 +6.4412e-06 +6.5530e-06 +6.6629e-06 +6.7708e-06 +6.8766e-06 +6.9803e-06 +7.0817e-06 +7.1808e-06 
-0000.00200 +3.3214e-07 +4.7137e-07 +6.1294e-07 +7.5677e-07 +9.0280e-07 +1.0510e-06 +1.2012e-06 +1.3534e-06 +1.5075e-06 +1.6634e-06 +1.8212e-06 +1.9806e-06 +2.1416e-06 +2.3041e-06 +2.4681e-06 +2.6335e-06 +2.8002e-06 +2.9682e-06 +3.1372e-06 +3.3074e-06 +3.4785e-06 +3.6505e-06 +3.8233e-06 +3.9969e-06 +4.1711e-06 +4.3459e-06 +4.5211e-06 +4.6968e-06 +4.8727e-06 +5.0489e-06 +5.2252e-06 +5.4015e-06 +5.5778e-06 +5.7539e-06 +5.9298e-06 +6.1054e-06 +6.2806e-06 +6.4552e-06 +6.6292e-06 +6.8026e-06 +6.9751e-06 +7.1467e-06 +7.3173e-06 +7.4869e-06 +7.6552e-06 +7.8222e-06 +7.9879e-06 +8.1520e-06 +8.3146e-06 +8.4755e-06 +8.6345e-06 +8.7916e-06 +8.9468e-06 +9.0998e-06 +9.2506e-06 +9.3990e-06 +9.5450e-06 +9.6885e-06 +9.8293e-06 +9.9674e-06 +1.0103e-05 
# Horizontal Final Position [m]
START
            -0000.01000 -0000.00967 -0000.00933 -0000.00900 -0000.00867 -0000.00833 -0000.00800 -0000.00767 -0000.00733 -0000.00700 -0000.00667 -0000.00633 -0000.00600 -0000.00567 -0000.00533 -0000.00500 -0000.00467 -0000.00433 -0000.00400 -0000.00367 -0000.00333 -0000.00300 -0000.00267 -0000.00233 -0000.00200 -0000.00167 -0000.00133 -0000.00100 -0000.00067 -0000.00033 +0000.00000 +0000.00033 +0000.00067 +0000.00100 +0000.00133 +0000.00167 +0000.00200 +0000.00233 +0000.00267 +0000.00300 +0000.00333 +0000.00367 +0000.00400 +0000.00433 +0000.00467 +0000.00500 +0000.00533 +0000.00567 +0000.00600 +0000.00633 +0000.00667 +0000.00700 +0000.00733 +0000.00767 +0000.00800 +0000.00833 +0000.00867 +0000.00900 +0000.00933 +0000.00967 +0000.01000 
+0000.00200 -1.0004e-02 -9.6707e-03 -9.3374e-03 -9.0041e-03 -8.6708e-03 -8.3375e-03 -8.0042e-03 -7.6708e-03 -7.3375e-03 -7.0042e-03 -6.6709e-03 -6.3375e-03 -6.0042e-03 -5.6709e-03 -5.3376e-03 -5.0043e-03 -4.6709e-03 -4.3376e-03 -4.0043e-03 -3.6710e-03 -3.3376e-03 -3.0043e-03 -2.6710e-03 -2.3376e-03 -2.0043e-03 -1.6710e-03 -1.3377e-03 -1.0043e-03 -6.7100e-04 -3.3766e-04 -4.3320e-06 +3.2900e-04 +6.6234e-04 +9.9567e-04 +1.3290e-03 +1.6623e-03 +1.9957e-03 +2.3290e-03 +2.6624e-03 +2.9957e-03 +3.3290e-03 +3.6624e-03 +3.9957e-03 +4.3291e-03 +4.6624e-03 +4.9957e-03 +5.3291e-03 +5.6624e-03 +5.9958e-03 +6.3291e-03 +6.6625e-03 +6.9958e-03 +7.3291e-03 +7.6625e-03 +7.9958e-03 +8.3292e-03 +8.6625e-03 +8.9959e-03 +9.3292e-03 +9.6626e-03 +9.9959e-03 
+0000.00150 -1.0004e-02 -9.6707e-03 -9.3374e-03 -9.0041e-03 -8.6708e-03 -8.3375e-03 -8.0042e-03 -7.6708e-03 -7.3375e-03 -7.0042e-03 -6.6709e-03 -6.3375e-03 -6.0042e-03 -5.6709e-03 -5.3376e-03 -5.0043e-03 -4.6709e-03 -4.3376e-03 -4.0043e-03 -3.6710e-03 -3.3376e-03 -3.0043e-03 -2.6710e-03 -2.3376e-03 -2.0043e-03 -1.6710e-03 -1.3377e-03 -1.0043e-03 -6.7100e-04 -3.3766e-04 -4.3319e-06 +3.2900e-04 +6.6234e-04 +9.9567e-04 +1.3290e-03 +1.6623e-03 +1.9957e-03 +2.3290e-03 +2.6624e-03 +2.9957e-03 +3.3290e-03 +3.6624e-03 +3.9957e-03 +4.3291e-03 +4.6624e-03 +4.9957e-03 +5.3291e-03 +5.6624e-03 +5.9958e-03 +6.3291e-03 +6.6625e-03 +6.9958e-03 +7.3291e-03 +7.6625e-03 +7.9958e-03 +8.3292e-03 +8.6625e-03 +8.9959e-03 +9.3292e-03 +9.6626e-03 +9.9959e-03 
+0000.00100 -1.0004e-02 -9.6707e-03 -9.3374e-03 -9.0041e-03 -8.6708e-03 -8.3375e-03 -8.0042e-03 -7.6708e-03 -7.3375e-03 -7.0042e-03 -6.6709e-03 -6.3375e-03 -6.0042e-03 -5.6709e-03 -5.3376e-03 -5.0043e-03 -4.6709e-03 -4.3376e-03 -4.0043e-03 -3.6710e-03 -3.3376e-03 -3.0043e-03 -2.6710e-03 -2.3376e-03 -2.0043e-03 -1.6710e-03 -1.3377e-03 -1.0043e-03 -6.7100e-04 -3.3766e-04 -4.3318e-06 +3.2900e-04 +6.6234e-04 +9.9567e-04 +1.3290e-03 +1.6623e-03 +1.9957e-03 +2.3290e-03 +2.6624e-03 +2.9957e-03 +3.3290e-03 +3.6624e-03 +3.9957e-03 +4.3291e-03 +4.6624e-03 +4.9957e-03 +5.3291e-03 +5.6624e-03 +5.9958e-03 +6.3291e-03 +6.6625e-03 +6.9958e-03 +7.3291e-03 +7.6625e-03 +7.9958e-03 +8.3292e-03 +8.6625e-03 +8.9959e-03 +9.3292e-03 +9.6626e-03 +9.9959e-03 
+0000.00050 -1.0004e-02 -9.6707e-03 -9.3374e-03 -9.0041e-03 -8.6708e-03 -8.3375e-03 -8.0042e-03 -7.6708e-03 -7.3375e-03 -7.0042e-03 -6.6709e-03 -6.3375e-03 -6.0042e-03 -5.6709e-03 -5.3376e-03 -5.0043e-03 -4.6709e-03 -4.3376e-03 -4.0043e-03 -3.6710e-03 -3.3376e-03 -3.0043e-03 -2.6710e-03 -2.3376e-03 -2.0043e-03 -1.6710e-03 -1.3377e-03 -1.0043e-03 -6.7100e-04 -3.3766e-04 -4.3318e-06 +3.2900e-04 +6.6234e-04 +9.9567e-04 +1.3290e-03 +1.6623e-03 +1.9957e-03 +2.3290e-03 +2.6624e-03 +2.9957e-03 +3.3290e-03 +3.6624e-03 +3.9957e-03 +4.3291e-03 +4.6624e-03 +4.9957e-03 +5.3291e-03 +5.6624e-03 +5.9958e-03 +6.3291e-03 +6.6625e-03 +6.9958e-03 +7.3291e-03 +7.6625e-03 +7.9958e-03 +8.3292e-03 +8.6625e-03 +8.9959e-03 +9.3292e-03 +9.6626e-03 +9.9959e-03 
+0000.00000 -1.0004e-02 -9.6707e-03 -9.3374e-03 -9.0041e-03 -8.6708e-03 -8.3375e-03 -8.0042e-03 -7.6708e-03 -7.3375e-03 -7.0042e-03 -6.6709e-03 -6.3375e-03 -6.0042e-03 -5.6709e-03 -5.3376e-03 -5.0043e-03 -4.6709e-03 -4.3376e-03 -4.0043e-03 -3.6710e-03 -3.3376e-03 -3.0043e-03 -2.6710e-03 -2.3376e-03 -2.0043e-03 -1.6710e-03 -1.3377e-03 -1.0043e-03 -6.7100e-04 -3.3766e-04 -4.3317e-06 +3.2900e-04 +6.6234e-04 +9.9567e-04 +1.3290e-03 +1.6623e-03 +1.9957e-03 +2.3290e-03 +2.6624e-03 +2.9957e-03 +3.3290e-03 +3.6624e-03 +3.9957e-03 +4.3291e-03 +4.6624e-03 +4.9957e-03 +5.3291e-03 +5.6624e-03 +5.9958e-03 +6.3291e-03 +6.6625e-03 +6.9958e-03 +7.3291e-03 +7.6625e-03 +7.9958e-03 +8.3292e-03 +8.6625e-03 +8.9959e-03 +9.3292e-03 +9.6626e-03 +9.9959e-03 
-0000.00050 -1.0004e-02 -9.6707e-03 -9.3374e-03 -9.0041e-03 -8.6708e-03 -8.3375e-03 -8.0042e-03 -7.6708e-03 -7.3375e-03 -7.0042e-03 -6.6709e-03 -6.3375e-03 -6.0042e-03 -5.6709e-03 -5.3376e-03 -5.0043e-03 -4.6709e-03 -4.3376e-03 -4.0043e-03 -3.6710e-03 -3.3376e-03 -3.0043e-03 -2.6710e-03 -2.3376e-03 -2.0043e-03 -1.6710e-03 -1.3377e-03 -1.0043e-03 -6.7100e-04 -3.3766e-04 -4.3318e-06 +3.2900e-04 +6.6234e-04 +9.9567e-04 +1.3290e-03 +1.6623e-03 +1.9957e-03 +2.3290e-03 +2.6624e-03 +2.9957e-03 +3.3290e-03 +3.6624e-03 +3.9957e-03 +4.3291e-03 +4.6624e-03 +4.9957e-03 +5.3291e-03 +5.6624e-03 +5.9958e-03 +6.3291e-03 +6.6625e-03 +6.9958e-03 +7.3291e-03 +7.6625e-03 +7.9958e-03 +8.3292e-03 +8.6625e-03 +8.9959e-03 +9.3292e-03 +9.6626e-03 +9.9959e-03 
-0000.00100 -1.0004e-02 -9.6707e-03 -9.3374e-03 -9.0041e-03 -8.6708e-03 -8.3375e-03 -8.0042e-03 -7.6708e-03 -7.3375e-03 -7.0042e-03 -6.6709e-03 -6.3375e-03 -6.0042e-03 -5.6709e-03 -5.3376e-03 -5.0043e-03 -4.6709e-03 -4.3376e-03 -4.0043e-03 -3.6710e-03 -3.3376e-03 -3.0043e-03 -2.6710e-03 -2.3376e-03 -2.0043e-03 -1.6710e-03 -1.3377e-03 -1.0043e-03 -6.7100e-04 -3.3766e-04 -4.3318e-06 +3.2900e-04 +6.6234e-04 +9.9567e-04 +1.3290e-03 +1.6623e-03 +1.9957e-03 +2.3290e-03 +2.6624e-03 +2.9957e-03 +3.3290e-03 +3.6624e-03 +3.9957e-03 +4.3291e-03 +4.6624e-03 +4.9957e-03 +5.3291e-03 +5.6624e-03 +5.9958e-03 +6.3291e-03 +6.6625e-03 +6.9958e-03 +7.3291e-03 +7.6625e-03 +7.9958e-03 +8.3292e-03 +8.6625e-03 +8.9959e-03 +9.3292e-03 +9.6626e-03 +9.9959e-03 
-0000.00150 -1.0004e-02 -9.6707e-03 -9.3374e-03 -9.0041e-03 -8.6708e-03 -8.3375e-03 -8.0042e-03 -7.6708e-03 -7.3375e-03 -7.0042e-03 -6.6709e-03 -6.3375e-03 -6.0042e-03 -5.6709e-03 -5.3376e-03 -5.0043e-03 -4.6709e-03 -4.3376e-03 -4.0043e-03 -3.6710e-03 -3.3376e-03 -3.0043e-03 -2.6710e-03 -2.3376e-03 -2.0043e-03 -1.6710e-03 -1.3377e-03 -1.0043e-03 -6.7100e-04 -3.3766e-04 -4.3319e-06 +3.2900e-04 +6.6234e-04 +9.9567e-04 +1.3290e-03 +1.6623e-03 +1.9957e-03 +2.3290e-03 +2.6624e-03 +2.9957e-03 +3.3290e-03 +3.6624e-03 +3.9957e-03 +4.3291e-03 +4.6624e-03 +4.9957e-03 +5.3291e-03 +5.6624e-03 +5.9958e-03 +6.3291e-03 +6.6625e-03 +6.9958e-03 +7.3291e-03 +7.6625e-03 +7.9958e-03 +8.3292e-03 +8.6625e-03 +8.9959e-03 +9.3292e-03 +9.6626e-03 +9.9959e-03 
-0000.00200 -1.0004e-02 -9.6707e-03 -9.3374e-03 -9.0041e-03 -8.6708e-03 -8.3375e-03 -8.0042e-03 -7.6708e-03 -7.3375e-03 -7.0042e-03 -6.6709e-03 -6.3375e-03 -6.0042e-03 -5.6709e-03 -5.3376e-03 -5.0043e-03 -4.6709e-03 -4.3376e-03 -4.0043e-03 -3.6710e-03 -3.3376e-03 -3.0043e-03 -2.6710e-03 -2.3376e-03 -2.0043e-03 -1.6710e-03 -1.3377e-03 -1.0043e-03 -6.7100e-04 -3.3766e-04 -4.3320e-06 +3.2900e-04 +6.6234e-04 +9.9567e-04 +1.3290e-03 +1.6623e-03 +1.9957e-03 +2.3290e-03 +2.6624e-03 +2.9957e-03 +3.3290e-03 +3.6624e-03 +3.9957e-03 +4.3291e-03 +4.6624e-03 +4.9957e-03 +5.3291e-03 +5.6624e-03 +5.9958e-03 +6.3291e-03 +6.6625e-03 +6.9958e-03 +7.3291e-03 +7.6625e-03 +7.9958e-03 +8.3292e-03 +8.6625e-03 +8.9959e-03 +9.3292e-03 +9.6626e-03 +9.9959e-03 
# Vertical Final Position [m]
START
            -0000.01000 -0000.00967 -0000.00933 -0000.00900 -0000.00867 -0000.00833 -0000.00800 -0000.00767 -0000.00733 -0000.00700 -0000.00667 -0000.00633 -0000.00600 -0000.00567 -0000.00533 -0000.00500 -0000.00467 -0000.00433 -0000.00400 -0000.00367 -0000.00333 -0000.00300 -0000.00267 -0000.00233 -0000.00200 -0000.00167 -0000.00133 -0000.00100 -0000.00067 -0000.00033 +0000.00000 +0000.00033 +0000.00067 +0000.00100 +0000.00133 +0000.00167 +0000.00200 +0000.00233 +0000.00267 +0000.00300 +0000.00333 +0000.00367 +0000.00400 +0000.00433 +0000.00467 +0000.00500 +0000.00533 +0000.00567 +0000.00600 +0000.00633 +0000.00667 +0000.00700 +0000.00733 +0000.00767 +0000.00800 +0000.00833 +0000.00867 +0000.00900 +0000.00933 +0000.00967 +0000.01000 
+0000.00200 +2.0001e-03 +2.0001e-03 +2.0001e-03 +2.0001e-03 +2.0001e-03 +2.0001e-03 +2.0001e-03 +2.0001e-03 +2.0001e-03 +2.0001e-03 +2.0001e-03 +2.0001e-03 +2.0001e-03 +2.0001e-03 +2.0001e-03 +2.0001e-03 +2.0000e-03 +2.0000e-03 +2.0000e-03 +2.0000e-03 +2.0000e-03 +2.0000e-03 +2.0000e-03 +2.0000e-03 +2.0000e-03 +2.0000e-03 +2.0000e-03 +2.0000e-03 +2.0000e-03 +2.0000e-03 +2.0000e-03 +2.0000e-03 +2.0000e-03 +2.0000e-03 +2.0000e-03 +2.0000e-03 +2.0000e-03 +2.0000e-03 +2.0000e-03 +2.0000e-03 +2.0000e-03 +2.0000e-03 +1.9999e-03 +1.9999e-03 +1.9999e-03 +1.9999e-03 +1.9999e-03 +1.9999e-03 +1.9999e-03 +1.9999e-03 +1.9999e-03 +1.9999e-03 +1.9999e-03 +1.9999e-03 +1.9999e-03 +1.9999e-03 +1.9999e-03 +1.9999e-03 +1.9999e-03 +1.9999e-03 +1.9999e-03 
+0000.00150 +1.5001e-03 +1.5001e-03 +1.5001e-03 +1.5001e-03 +1.5001e-03 +1.5001e-03 +1.5001e-03 +1.5001e-03 +1.5001e-03 +1.5001e-03 +1.5000e-03 +1.5000e-03 +1.5000e-03 +1.5000e-03 +1.5000e-03 +1.5000e-03 +1.5000e-03 +1.5000e-03 +1.5000e-03 +1.5000e-03 +1.5000e-03 +1.5000e-03 +1.5000e-03 +1.5000e-03 +1.5000e-03 +1.5000e-03 +1.5000e-03 +1.5000e-03 +1.5000e-03 +1.5000e-03 +1.5000e-03 +1.5000e-03 +1.5000e-03 +1.5000e-03 +1.5000e-03 +1.5000e-03 +1.5000e-03 +1.5000e-03 +1.5000e-03 +1.5000e-03 +1.5000e-03 +1.5000e-03 +1.5000e-03 +1.5000e-03 +1.5000e-03 +1.5000e-03 +1.4999e-03 +1.4999e-03 +1.4999e-03 +1.4999e-03 +1.4999e-03 +1.4999e-03 +1.4999e-03 +1.4999e-03 +1.4999e-03 +1.4999e-03 +1.4999e-03 +1.4999e-03 +1.4999e-03 +1.4999e-03 +1.4999e-03 
+0000.00100 +1.0001e-03 +1.0000e-03 +1.0000e-03 +1.0000e-03 +1.0000e-03 +1.0000e-03 +1.0000e-03 +1.0000e-03 +1.0000e-03 +1.0000e-03 +1.0000e-03 +1.0000e-03 +1.0000e-03 +1.0000e-03 +1.0000e-03 +1.0000e-03 +1.0000e-03 +1.0000e-03 +1.0000e-03 +1.0000e-03 +1.0000e-03 +1.0000e-03 +1.0000e-03 +1.0000e-03 +1.0000e-03 +1.0000e-03 +1.0000e-03 +1.0000e-03 +1.0000e-03 +1.0000e-03 +9.9999e-04 +9.9999e-04 +9.9999e-04 +9.9999e-04 +9.9999e-04 +9.9999e-04 +9.9999e-04 +9.9999e-04 +9.9999e-04 +9.9999e-04 +9.9998e-04 +9.9998e-04 +9.9998e-04 +9.9998e-04 +9.9998e-04 +9.9997e-04 +9.9997e-04 +9.9997e-04 +9.9997e-04 +9.9997e-04 +9.9996e-04 +9.9996e-04 +9.9996e-04 +9.9996e-04 +9.9995e-04 +9.9995e-04 +9.9995e-04 +9.9995e-04 +9.9995e-04 +9.9994e-04 +9.9994e-04 
+0000.00050 +5.0003e-04 +5.0002e-04 +5.0002e-04 +5.0002e-04 +5.0002e-04 +5.0002e-04 +5.0002e-04 +5.0002e-04 +5.0002e-04 +5.0002e-04 +5.0002e-04 +5.0002e-04 +5.0001e-04 +5.0001e-04 +5.0001e-04 +5.0001e-04 +5.0001e-04 +5.0001e-04 +5.0001e-04 +5.0001e-04 +5.0001e-04 +5.0001e-04 +5.0001e-04 +5.0000e-04 +5.0000e-04 +5.0000e-04 +5.0000e-04 +5.0000e-04 +5.0000e-04 +5.0000e-04 +5.0000e-04 +5.0000e-04 +5.0000e-04 +5.0000e-04 +5.0000e-04 +4.9999e-04 +4.9999e-04 +4.9999e-04 +4.9999e-04 +4.9999e-04 +4.9999e-04 +4.9999e-04 +4.9999e-04 +4.9999e-04 +4.9999e-04 +4.9999e-04 +4.9999e-04 +4.9998e-04 +4.9998e-04 +4.9998e-04 +4.9998e-04 +4.9998e-04 +4.9998e-04 +4.9998e-04 +4.9998e-04 +4.9998e-04 +4.9998e-04 +4.9998e-04 +4.9998e-04 +4.9997e-04 +4.9997e-04 
+0000.00000 -2.2343e-11 -2.2774e-11 -2.3196e-11 -2.3608e-11 -2.4010e-11 -2.4400e-11 -2.4779e-11 -2.5145e-11 -2.5499e-11 -2.5841e-11 -2.6169e-11 -2.6484e-11 -2.6784e-11 -2.7070e-11 -2.7342e-11 -2.7599e-11 -2.7840e-11 -2.8067e-11 -2.8277e-11 -2.8472e-11 -2.8650e-11 -2.8813e-11 -2.8958e-11 -2.9088e-11 -2.9200e-11 -2.9296e-11 -2.9375e-11 -2.9436e-11 -2.9481e-11 -2.9509e-11 -2.9520e-11 -2.9513e-11 -2.9490e-11 -2.9450e-11 -2.9393e-11 -2.9319e-11 -2.9228e-11 -2.9121e-11 -2.8997e-11 -2.8857e-11 -2.8701e-11 -2.8529e-11 -2.8341e-11 -2.8138e-11 -2.7920e-11 -2.7687e-11 -2.7439e-11 -2.7177e-11 -2.6901e-11 -2.6611e-11 -2.6308e-11 -2.5992e-11 -2.5664e-11 -2.5324e-11 -2.4972e-11 -2.4609e-11 -2.4236e-11 -2.3852e-11 -2.3459e-11 -2.3057e-11 -2.2646e-11 
-0000.00050 -5.0003e-04 -5.0002e-04 -5.0002e-04 -5.0002e-04 -5.0002e-04 -5.0002e-04 -5.0002e-04 -5.0002e-04 -5.0002e-04 -5.0002e-04 -5.0002e-04 -5.0002e-04 -5.0001e-04 -5.0001e-04 -5.0001e-04 -5.0001e-04 -5.0001e-04 -5.0001e-04 -5.0001e-04 -5.0001e-04 -5.0001e-04 -5.0001e-04 -5.0001e-04 -5.0000e-04 -5.0000e-04 -5.0000e-04 -5.0000e-04 -5.0000e-04 -5.0000e-04 -5.0000e-04 -5.0000e-04 -5.0000e-04 -5.0000e-04 -5.0000e-04 -5.0000e-04 -4.9999e-04 -4.9999e-04 -4.9999e-04 -4.9999e-04 -4.9999e-04 -4.9999e-04 -4.9999e-04 -4.9999e-04 -4.9999e-04 -4.9999e-04 -4.9999e-04 -4.9999e-04 -4.9998e-04 -4.9998e-04 -4.9998e-04 -4.9998e-04 -4.9998e-04 -4.9998e-04 -4.9998e-04 -4.9998e-04 -4.9998e-04 -4.9998e-04 -4.9998e-04 -4.9998e-04 -4.9997e-04 -4.9997e-04 
-0000.00100 -1.0001e-03 -1.0000e-03 -1.0000e-03 -1.0000e-03 -1.0000e-03 -1.0000e-03 -1.0000e-03 -1.0000e-03 -1.0000e-03 -1.0000e-03 -1.0000e-03 -1.0000e-03 -1.0000e-03 -1.0000e-03 -1.0000e-03 -1.0000e-03 -1.0000e-03 -1.0000e-03 -1.0000e-03 -1.0000e-03 -1.0000e-03 -1.0000e-03 -1.0000e-03 -1.0000e-03 -1.0000e-03 -1.0000e-03 -1.0000e-03 -1.0000e-03 -1.0000e-03 -9.9999e-04 -9.9999e-04 -9.9999e-04 -9.9999e-04 -9.9999e-04 -9.9999e-04 -9.9999e-04 -9.9999e-04 -9.9999e-04 -9.9999e-04 -9.9999e-04 -9.9999e-04 -9.9998e-04 -9.9998e-04 -9.9998e-04 -9.9998e-04 -9.9998e-04 -9.9997e-04 -9.9997e-04 -9.9997e-04 -9.9997e-04 -9.9996e-04 -9.9996e-04 -9.9996e-04 -9.9996e-04 -9.9996e-04 -9.9995e-04 -9.9995e-04 -9.9995e-04 -9.9995e-04 -9.9995e-04 -9.9994e-04 
-0000.00150 -1.5001e-03 -1.5001e-03 -1.5001e-03 -1.5001e-03 -1.5001e-03 -1.5001e-03 -1.5001e-03 -1.5001e-03 -1.5001e-03 -1.5001e-03 -1.5000e-03 -1.5000e-03 -1.5000e-03 -1.5000e-03 -1.5000e-03 -1.5000e-03 -1.5000e-03 -1.5000e-03 -1.5000e-03 -1.5000e-03 -1.5000e-03 -1.5000e-03 -1.5000e-03 -1.5000e-03 -1.5000e-03 -1.5000e-03 -1.5000e-03 -1.5000e-03 -1.5000e-03 -1.5000e-03 -1.5000e-03 -1.5000e-03 -1.5000e-03 -1.5000e-03 -1.5000e-03 -1.5000e-03 -1.5000e-03 -1.5000e-03 -1.5000e-03 -1.5000e-03 -1.5000e-03 -1.5000e-03 -1.5000e-03 -1.5000e-03 -1.5000e-03 -1.5000e-03 -1.4999e-03 -1.4999e-03 -1.4999e-03 -1.4999e-03 -1.4999e-03 -1.4999e-03 -1.4999e-03 -1.4999e-03 -1.4999e-03 -1.4999e-03 -1.4999e-03 -1.4999e-03 -1.4999e-03 -1.4999e-03 -1.4999e-03 
-0000.00200 -2.0001e-03 -2.0001e-03 -2.0001e-03 -2.0001e-03 -2.0001e-03 -2.0001e-03 -2.0001e-03 -2.0001e-03 -2.0001e-03 -2.0001e-03 -2.0001e-03 -2.0001e-03 -2.0001e-03 -2.0001e-03 -2.0001e-03 -2.0001e-03 -2.0000e-03 -2.0000e-03 -2.0000e-03 -2.0000e-03 -2.0000e-03 -2.0000e-03 -2.0000e-03 -2.0000e-03 -2.0000e-03 -2.0000e-03 -2.0000e-03 -2.0000e-03 -2.0000e-03 -2.0000e-03 -2.0000e-03 -2.0000e-03 -2.0000e-03 -2.0000e-03 -2.0000e-03 -2.0000e-03 -2.0000e-03 -2.0000e-03 -2.0000e-03 -2.0000e-03 -2.0000e-03 -2.0000e-03 -1.9999e-03 -1.9999e-03 -1.9999e-03 -1.9999e-03 -1.9999e-03 -1.9999e-03 -1.9999e-03 -1.9999e-03 -1.9999e-03 -1.9999e-03 -1.9999e-03 -1.9999e-03 -1.9999e-03 -1.9999e-03 -1.9999e-03 -1.9999e-03 -1.9999e-03 -1.9999e-03 -1.9999e-03 