# Author: FAC idanalysis.IDKickMap
# Termination_kicks [T2m2]: +0.0000e+00 +0.0000e+00 +0.0000e+00 +0.0000e+00 
# Total Length of Longitudinal Interval [m]
0.13
# Number of Horizontal Points
61
# Number of Vertical Points
9
# Total Horizontal 2nd Order Kick [T2m2]
START
            -0000.01000 -0000.00967 -0000.00933 -0000.00900 -0000.00867 -0000.00833 -0000.00800 -0000.00767 -0000.00733 -0000.00700 -0000.00667 -0000.00633 -0000.00600 -0000.00567 -0000.00533 -0000.00500 -0000.00467 -0000.00433 -0000.00400 -0000.00367 -0000.00333 -0000.00300 -0000.00267 -0000.00233 -0000.00200 -0000.00167 -0000.00133 -0000.00100 -0000.00067 -0000.00033 +0000.00000 +0000.00033 +0000.00067 +0000.00100 +0000.00133 +0000.00167 +0000.00200 +0000.00233 +0000.00267 +0000.00300 +0000.00333 +0000.00367 +0000.00400 +0000.00433 +0000.00467 +0000.00500 +0000.00533 +0000.00567 +0000.00600 +0000.00633 +0000.00667 +0000.00700 +0000.00733 +0000.00767 +0000.00800 +0000.00833 +0000.00867 +0000.00900 +0000.00933 +0000.00967 +0000.01000 
+0000.00200 -8.0710e-06 -7.4970e-06 -6.9460e-06 -6.4170e-06 -5.9100e-06 -5.4240e-06 -4.9600e-06 -4.5170e-06 -4.0950e-06 -3.6930e-06 -3.3110e-06 -2.9500e-06 -2.6080e-06 -2.2850e-06 -1.9820e-06 -1.6980e-06 -1.4320e-06 -1.1860e-06 -9.5700e-07 -7.4700e-07 -5.5500e-07 -3.8200e-07 -2.2600e-07 -8.8000e-08 +3.2000e-08 +1.3500e-07 +2.2000e-07 +2.8800e-07 +3.3800e-07 +3.7100e-07 +3.8600e-07 +3.8400e-07 +3.6500e-07 +3.2800e-07 +2.7400e-07 +2.0200e-07 +1.1300e-07 +6.0000e-09 -1.1800e-07 -2.6000e-07 -4.2000e-07 -5.9800e-07 -7.9400e-07 -1.0080e-06 -1.2400e-06 -1.4910e-06 -1.7610e-06 -2.0490e-06 -2.3570e-06 -2.6840e-06 -3.0300e-06 -3.3960e-06 -3.7820e-06 -4.1880e-06 -4.6150e-06 -5.0620e-06 -5.5310e-06 -6.0200e-06 -6.5320e-06 -7.0650e-06 -7.6210e-06 
+0000.00150 -8.2660e-06 -7.6930e-06 -7.1430e-06 -6.6140e-06 -6.1070e-06 -5.6210e-06 -5.1560e-06 -4.7120e-06 -4.2890e-06 -3.8860e-06 -3.5030e-06 -3.1400e-06 -2.7960e-06 -2.4720e-06 -2.1670e-06 -1.8810e-06 -1.6140e-06 -1.3650e-06 -1.1360e-06 -9.2400e-07 -7.3100e-07 -5.5600e-07 -3.9900e-07 -2.6000e-07 -1.3800e-07 -3.5000e-08 +5.1000e-08 +1.1900e-07 +1.7000e-07 +2.0300e-07 +2.1800e-07 +2.1600e-07 +1.9600e-07 +1.5900e-07 +1.0400e-07 +3.2000e-08 -5.8000e-08 -1.6600e-07 -2.9200e-07 -4.3500e-07 -5.9600e-07 -7.7500e-07 -9.7300e-07 -1.1890e-06 -1.4230e-06 -1.6750e-06 -1.9460e-06 -2.2370e-06 -2.5460e-06 -2.8740e-06 -3.2220e-06 -3.5890e-06 -3.9760e-06 -4.3830e-06 -4.8100e-06 -5.2580e-06 -5.7270e-06 -6.2160e-06 -6.7270e-06 -7.2600e-06 -7.8150e-06 
+0000.00100 -8.4050e-06 -7.8330e-06 -7.2820e-06 -6.7540e-06 -6.2460e-06 -5.7600e-06 -5.2950e-06 -4.8510e-06 -4.4270e-06 -4.0230e-06 -3.6390e-06 -3.2740e-06 -2.9300e-06 -2.6050e-06 -2.2980e-06 -2.0110e-06 -1.7430e-06 -1.4940e-06 -1.2630e-06 -1.0500e-06 -8.5600e-07 -6.8000e-07 -5.2200e-07 -3.8200e-07 -2.6100e-07 -1.5600e-07 -7.0000e-08 -2.0000e-09 +4.9000e-08 +8.2000e-08 +9.7000e-08 +9.5000e-08 +7.5000e-08 +3.8000e-08 -1.7000e-08 -9.0000e-08 -1.8100e-07 -2.8900e-07 -4.1600e-07 -5.6000e-07 -7.2200e-07 -9.0200e-07 -1.1010e-06 -1.3180e-06 -1.5530e-06 -1.8070e-06 -2.0790e-06 -2.3700e-06 -2.6800e-06 -3.0090e-06 -3.3580e-06 -3.7260e-06 -4.1140e-06 -4.5220e-06 -4.9500e-06 -5.3980e-06 -5.8660e-06 -6.3560e-06 -6.8670e-06 -7.3990e-06 -7.9520e-06 
+0000.00050 -8.4880e-06 -7.9160e-06 -7.3660e-06 -6.8370e-06 -6.3300e-06 -5.8440e-06 -5.3780e-06 -4.9340e-06 -4.5090e-06 -4.1050e-06 -3.7200e-06 -3.3550e-06 -3.0100e-06 -2.6840e-06 -2.3770e-06 -2.0900e-06 -1.8210e-06 -1.5710e-06 -1.3390e-06 -1.1260e-06 -9.3100e-07 -7.5500e-07 -5.9700e-07 -4.5600e-07 -3.3400e-07 -2.3000e-07 -1.4300e-07 -7.5000e-08 -2.4000e-08 +9.0000e-09 +2.5000e-08 +2.3000e-08 +3.0000e-09 -3.5000e-08 -9.1000e-08 -1.6400e-07 -2.5500e-07 -3.6400e-07 -4.9000e-07 -6.3500e-07 -7.9800e-07 -9.7900e-07 -1.1780e-06 -1.3950e-06 -1.6310e-06 -1.8850e-06 -2.1580e-06 -2.4500e-06 -2.7610e-06 -3.0910e-06 -3.4400e-06 -3.8090e-06 -4.1970e-06 -4.6050e-06 -5.0330e-06 -5.4820e-06 -5.9510e-06 -6.4400e-06 -6.9510e-06 -7.4830e-06 -8.0360e-06 
+0000.00000 -8.5150e-06 -7.9430e-06 -7.3930e-06 -6.8650e-06 -6.3570e-06 -5.8710e-06 -5.4060e-06 -4.9610e-06 -4.5360e-06 -4.1320e-06 -3.7470e-06 -3.3820e-06 -3.0370e-06 -2.7110e-06 -2.4040e-06 -2.1160e-06 -1.8470e-06 -1.5960e-06 -1.3650e-06 -1.1520e-06 -9.5700e-07 -7.8000e-07 -6.2200e-07 -4.8100e-07 -3.5900e-07 -2.5400e-07 -1.6800e-07 -9.9000e-08 -4.8000e-08 -1.5000e-08 +0.0000e+00 -2.0000e-09 -2.2000e-08 -6.0000e-08 -1.1500e-07 -1.8800e-07 -2.7900e-07 -3.8800e-07 -5.1500e-07 -6.6000e-07 -8.2300e-07 -1.0040e-06 -1.2030e-06 -1.4210e-06 -1.6570e-06 -1.9110e-06 -2.1850e-06 -2.4770e-06 -2.7880e-06 -3.1180e-06 -3.4670e-06 -3.8360e-06 -4.2240e-06 -4.6330e-06 -5.0610e-06 -5.5090e-06 -5.9780e-06 -6.4680e-06 -6.9790e-06 -7.5110e-06 -8.0640e-06 
-0000.00050 -8.4870e-06 -7.9150e-06 -7.3650e-06 -6.8370e-06 -6.3300e-06 -5.8430e-06 -5.3780e-06 -4.9330e-06 -4.5090e-06 -4.1040e-06 -3.7200e-06 -3.3550e-06 -3.0100e-06 -2.6840e-06 -2.3770e-06 -2.0900e-06 -1.8210e-06 -1.5710e-06 -1.3390e-06 -1.1260e-06 -9.3100e-07 -7.5500e-07 -5.9700e-07 -4.5600e-07 -3.3400e-07 -2.3000e-07 -1.4300e-07 -7.5000e-08 -2.4000e-08 +9.0000e-09 +2.5000e-08 +2.2000e-08 +2.0000e-09 -3.5000e-08 -9.1000e-08 -1.6400e-07 -2.5500e-07 -3.6400e-07 -4.9100e-07 -6.3500e-07 -7.9800e-07 -9.7900e-07 -1.1780e-06 -1.3950e-06 -1.6310e-06 -1.8850e-06 -2.1580e-06 -2.4500e-06 -2.7610e-06 -3.0910e-06 -3.4400e-06 -3.8090e-06 -4.1970e-06 -4.6050e-06 -5.0340e-06 -5.4820e-06 -5.9510e-06 -6.4410e-06 -6.9510e-06 -7.4830e-06 -8.0360e-06 
-0000.00100 -8.4040e-06 -7.8320e-06 -7.2810e-06 -6.7530e-06 -6.2460e-06 -5.7590e-06 -5.2940e-06 -4.8500e-06 -4.4260e-06 -4.0220e-06 -3.6380e-06 -3.2740e-06 -2.9290e-06 -2.6040e-06 -2.2980e-06 -2.0110e-06 -1.7430e-06 -1.4930e-06 -1.2620e-06 -1.0500e-06 -8.5600e-07 -6.8000e-07 -5.2200e-07 -3.8200e-07 -2.6100e-07 -1.5700e-07 -7.0000e-08 -2.0000e-09 +4.9000e-08 +8.2000e-08 +9.7000e-08 +9.5000e-08 +7.5000e-08 +3.8000e-08 -1.8000e-08 -9.1000e-08 -1.8100e-07 -2.9000e-07 -4.1600e-07 -5.6000e-07 -7.2300e-07 -9.0300e-07 -1.1010e-06 -1.3180e-06 -1.5530e-06 -1.8070e-06 -2.0790e-06 -2.3710e-06 -2.6810e-06 -3.0100e-06 -3.3590e-06 -3.7270e-06 -4.1150e-06 -4.5220e-06 -4.9500e-06 -5.3980e-06 -5.8670e-06 -6.3570e-06 -6.8670e-06 -7.4000e-06 -7.9530e-06 
-0000.00150 -8.2640e-06 -7.6910e-06 -7.1410e-06 -6.6120e-06 -6.1050e-06 -5.6190e-06 -5.1550e-06 -4.7110e-06 -4.2870e-06 -3.8840e-06 -3.5010e-06 -3.1380e-06 -2.7950e-06 -2.4710e-06 -2.1660e-06 -1.8800e-06 -1.6130e-06 -1.3650e-06 -1.1350e-06 -9.2300e-07 -7.3000e-07 -5.5500e-07 -3.9800e-07 -2.5900e-07 -1.3800e-07 -3.4000e-08 +5.1000e-08 +1.1900e-07 +1.7000e-07 +2.0300e-07 +2.1800e-07 +2.1600e-07 +1.9600e-07 +1.5900e-07 +1.0400e-07 +3.2000e-08 -5.9000e-08 -1.6600e-07 -2.9200e-07 -4.3500e-07 -5.9700e-07 -7.7600e-07 -9.7400e-07 -1.1890e-06 -1.4230e-06 -1.6760e-06 -1.9470e-06 -2.2370e-06 -2.5460e-06 -2.8750e-06 -3.2220e-06 -3.5900e-06 -3.9770e-06 -4.3840e-06 -4.8110e-06 -5.2590e-06 -5.7280e-06 -6.2170e-06 -6.7280e-06 -7.2610e-06 -7.8160e-06 
-0000.00200 -8.0690e-06 -7.4950e-06 -6.9440e-06 -6.4150e-06 -5.9080e-06 -5.4220e-06 -4.9580e-06 -4.5150e-06 -4.0930e-06 -3.6910e-06 -3.3100e-06 -2.9480e-06 -2.6060e-06 -2.2840e-06 -1.9810e-06 -1.6960e-06 -1.4310e-06 -1.1840e-06 -9.5600e-07 -7.4600e-07 -5.5500e-07 -3.8100e-07 -2.2500e-07 -8.7000e-08 +3.3000e-08 +1.3500e-07 +2.2000e-07 +2.8800e-07 +3.3800e-07 +3.7100e-07 +3.8600e-07 +3.8400e-07 +3.6400e-07 +3.2800e-07 +2.7300e-07 +2.0200e-07 +1.1200e-07 +6.0000e-09 -1.1900e-07 -2.6100e-07 -4.2100e-07 -5.9900e-07 -7.9500e-07 -1.0090e-06 -1.2410e-06 -1.4920e-06 -1.7620e-06 -2.0500e-06 -2.3580e-06 -2.6850e-06 -3.0310e-06 -3.3970e-06 -3.7830e-06 -4.1890e-06 -4.6160e-06 -5.0630e-06 -5.5320e-06 -6.0220e-06 -6.5330e-06 -7.0670e-06 -7.6230e-06 
# Total Vertical 2nd Order Kick [T2m2]
START
            -0000.01000 -0000.00967 -0000.00933 -0000.00900 -0000.00867 -0000.00833 -0000.00800 -0000.00767 -0000.00733 -0000.00700 -0000.00667 -0000.00633 -0000.00600 -0000.00567 -0000.00533 -0000.00500 -0000.00467 -0000.00433 -0000.00400 -0000.00367 -0000.00333 -0000.00300 -0000.00267 -0000.00233 -0000.00200 -0000.00167 -0000.00133 -0000.00100 -0000.00067 -0000.00033 +0000.00000 +0000.00033 +0000.00067 +0000.00100 +0000.00133 +0000.00167 +0000.00200 +0000.00233 +0000.00267 +0000.00300 +0000.00333 +0000.00367 +0000.00400 +0000.00433 +0000.00467 +0000.00500 +0000.00533 +0000.00567 +0000.00600 +0000.00633 +0000.00667 +0000.00700 +0000.00733 +0000.00767 +0000.00800 +0000.00833 +0000.00867 +0000.00900 +0000.00933 +0000.00967 +0000.01000 
+0000.00200 -2.8998e-05 -2.8872e-05 -2.8747e-05 -2.8623e-05 -2.8500e-05 -2.8378e-05 -2.8256e-05 -2.8136e-05 -2.8017e-05 -2.7898e-05 -2.7780e-05 -2.7664e-05 -2.7548e-05 -2.7432e-05 -2.7318e-05 -2.7204e-05 -2.7091e-05 -2.6979e-05 -2.6868e-05 -2.6757e-05 -2.6646e-05 -2.6537e-05 -2.6427e-05 -2.6319e-05 -2.6210e-05 -2.6103e-05 -2.5995e-05 -2.5888e-05 -2.5781e-05 -2.5674e-05 -2.5568e-05 -2.5462e-05 -2.5355e-05 -2.5249e-05 -2.5143e-05 -2.5036e-05 -2.4930e-05 -2.4823e-05 -2.4716e-05 -2.4608e-05 -2.4500e-05 -2.4392e-05 -2.4283e-05 -2.4173e-05 -2.4063e-05 -2.3951e-05 -2.3839e-05 -2.3726e-05 -2.3612e-05 -2.3497e-05 -2.3380e-05 -2.3263e-05 -2.3144e-05 -2.3023e-05 -2.2901e-05 -2.2777e-05 -2.2651e-05 -2.2524e-05 -2.2394e-05 -2.2263e-05 -2.2129e-05 
+0000.00150 -1.9733e-05 -1.9639e-05 -1.9546e-05 -1.9453e-05 -1.9361e-05 -1.9270e-05 -1.9179e-05 -1.9089e-05 -1.9000e-05 -1.8911e-05 -1.8823e-05 -1.8735e-05 -1.8649e-05 -1.8562e-05 -1.8477e-05 -1.8391e-05 -1.8307e-05 -1.8223e-05 -1.8139e-05 -1.8056e-05 -1.7973e-05 -1.7891e-05 -1.7809e-05 -1.7727e-05 -1.7646e-05 -1.7565e-05 -1.7484e-05 -1.7403e-05 -1.7323e-05 -1.7243e-05 -1.7163e-05 -1.7083e-05 -1.7003e-05 -1.6923e-05 -1.6843e-05 -1.6763e-05 -1.6683e-05 -1.6602e-05 -1.6522e-05 -1.6441e-05 -1.6359e-05 -1.6278e-05 -1.6196e-05 -1.6114e-05 -1.6031e-05 -1.5947e-05 -1.5863e-05 -1.5778e-05 -1.5693e-05 -1.5606e-05 -1.5519e-05 -1.5431e-05 -1.5342e-05 -1.5252e-05 -1.5160e-05 -1.5068e-05 -1.4974e-05 -1.4879e-05 -1.4783e-05 -1.4685e-05 -1.4586e-05 
+0000.00100 -1.2256e-05 -1.2193e-05 -1.2131e-05 -1.2069e-05 -1.2008e-05 -1.1947e-05 -1.1887e-05 -1.1827e-05 -1.1768e-05 -1.1709e-05 -1.1650e-05 -1.1592e-05 -1.1534e-05 -1.1477e-05 -1.1420e-05 -1.1363e-05 -1.1307e-05 -1.1251e-05 -1.1195e-05 -1.1139e-05 -1.1084e-05 -1.1029e-05 -1.0975e-05 -1.0920e-05 -1.0866e-05 -1.0812e-05 -1.0758e-05 -1.0704e-05 -1.0650e-05 -1.0597e-05 -1.0543e-05 -1.0490e-05 -1.0436e-05 -1.0383e-05 -1.0330e-05 -1.0276e-05 -1.0222e-05 -1.0169e-05 -1.0115e-05 -1.0061e-05 -1.0007e-05 -9.9521e-06 -9.8974e-06 -9.8423e-06 -9.7870e-06 -9.7312e-06 -9.6751e-06 -9.6185e-06 -9.5614e-06 -9.5039e-06 -9.4458e-06 -9.3871e-06 -9.3278e-06 -9.2678e-06 -9.2071e-06 -9.1457e-06 -9.0835e-06 -9.0205e-06 -8.9566e-06 -8.8917e-06 -8.8260e-06 
+0000.00050 -5.8685e-06 -5.8373e-06 -5.8064e-06 -5.7757e-06 -5.7453e-06 -5.7150e-06 -5.6850e-06 -5.6551e-06 -5.6255e-06 -5.5961e-06 -5.5668e-06 -5.5378e-06 -5.5090e-06 -5.4803e-06 -5.4518e-06 -5.4235e-06 -5.3953e-06 -5.3673e-06 -5.3395e-06 -5.3118e-06 -5.2842e-06 -5.2567e-06 -5.2294e-06 -5.2022e-06 -5.1750e-06 -5.1480e-06 -5.1210e-06 -5.0941e-06 -5.0672e-06 -5.0404e-06 -5.0137e-06 -4.9869e-06 -4.9601e-06 -4.9334e-06 -4.9066e-06 -4.8798e-06 -4.8530e-06 -4.8261e-06 -4.7991e-06 -4.7720e-06 -4.7449e-06 -4.7176e-06 -4.6902e-06 -4.6626e-06 -4.6349e-06 -4.6070e-06 -4.5789e-06 -4.5506e-06 -4.5220e-06 -4.4932e-06 -4.4641e-06 -4.4348e-06 -4.4051e-06 -4.3751e-06 -4.3447e-06 -4.3140e-06 -4.2829e-06 -4.2514e-06 -4.2195e-06 -4.1871e-06 -4.1542e-06 
+0000.00000 +2.3354e-09 +2.1946e-09 +2.0570e-09 +1.9226e-09 +1.7916e-09 +1.6643e-09 +1.5407e-09 +1.4210e-09 +1.3054e-09 +1.1940e-09 +1.0869e-09 +9.8400e-10 +8.8600e-10 +7.9300e-10 +7.0400e-10 +6.2100e-10 +5.4200e-10 +4.6800e-10 +4.0000e-10 +3.3600e-10 +2.7800e-10 +2.2600e-10 +1.7900e-10 +1.3700e-10 +1.0100e-10 +7.0000e-11 +4.5000e-11 +2.5000e-11 +1.1000e-11 +3.0000e-12 +0.0000e+00 +3.0000e-12 +1.2000e-11 +2.6000e-11 +4.6000e-11 +7.1000e-11 +1.0200e-10 +1.3800e-10 +1.8000e-10 +2.2700e-10 +2.7900e-10 +3.3700e-10 +4.0000e-10 +4.6800e-10 +5.4100e-10 +6.1900e-10 +7.0200e-10 +7.8900e-10 +8.8100e-10 +9.7800e-10 +1.0789e-09 +1.1841e-09 +1.2935e-09 +1.4068e-09 +1.5239e-09 +1.6448e-09 +1.7691e-09 +1.8968e-09 +2.0276e-09 +2.1614e-09 +2.2980e-09 
-0000.00050 +5.8731e-06 +5.8417e-06 +5.8105e-06 +5.7795e-06 +5.7488e-06 +5.7183e-06 +5.6880e-06 +5.6579e-06 +5.6281e-06 +5.5984e-06 +5.5690e-06 +5.5397e-06 +5.5107e-06 +5.4818e-06 +5.4532e-06 +5.4247e-06 +5.3964e-06 +5.3682e-06 +5.3402e-06 +5.3124e-06 +5.2847e-06 +5.2571e-06 +5.2297e-06 +5.2024e-06 +5.1752e-06 +5.1481e-06 +5.1210e-06 +5.0941e-06 +5.0672e-06 +5.0404e-06 +5.0136e-06 +4.9868e-06 +4.9601e-06 +4.9334e-06 +4.9066e-06 +4.8799e-06 +4.8531e-06 +4.8263e-06 +4.7994e-06 +4.7724e-06 +4.7454e-06 +4.7182e-06 +4.6909e-06 +4.6635e-06 +4.6359e-06 +4.6082e-06 +4.5802e-06 +4.5521e-06 +4.5237e-06 +4.4951e-06 +4.4662e-06 +4.4371e-06 +4.4076e-06 +4.3778e-06 +4.3477e-06 +4.3172e-06 +4.2864e-06 +4.2551e-06 +4.2234e-06 +4.1913e-06 +4.1587e-06 
-0000.00100 +1.2260e-05 +1.2197e-05 +1.2135e-05 +1.2073e-05 +1.2012e-05 +1.1951e-05 +1.1890e-05 +1.1830e-05 +1.1770e-05 +1.1711e-05 +1.1652e-05 +1.1594e-05 +1.1536e-05 +1.1478e-05 +1.1421e-05 +1.1364e-05 +1.1308e-05 +1.1251e-05 +1.1196e-05 +1.1140e-05 +1.1085e-05 +1.1030e-05 +1.0975e-05 +1.0920e-05 +1.0866e-05 +1.0812e-05 +1.0758e-05 +1.0704e-05 +1.0650e-05 +1.0597e-05 +1.0543e-05 +1.0490e-05 +1.0436e-05 +1.0383e-05 +1.0329e-05 +1.0276e-05 +1.0222e-05 +1.0169e-05 +1.0115e-05 +1.0061e-05 +1.0007e-05 +9.9526e-06 +9.8980e-06 +9.8431e-06 +9.7879e-06 +9.7323e-06 +9.6764e-06 +9.6200e-06 +9.5631e-06 +9.5058e-06 +9.4479e-06 +9.3894e-06 +9.3303e-06 +9.2706e-06 +9.2102e-06 +9.1490e-06 +9.0870e-06 +9.0242e-06 +8.9606e-06 +8.8960e-06 +8.8305e-06 
-0000.00150 +1.9737e-05 +1.9643e-05 +1.9549e-05 +1.9456e-05 +1.9364e-05 +1.9272e-05 +1.9182e-05 +1.9091e-05 +1.9002e-05 +1.8913e-05 +1.8824e-05 +1.8737e-05 +1.8650e-05 +1.8563e-05 +1.8477e-05 +1.8392e-05 +1.8307e-05 +1.8223e-05 +1.8139e-05 +1.8056e-05 +1.7973e-05 +1.7891e-05 +1.7809e-05 +1.7727e-05 +1.7645e-05 +1.7564e-05 +1.7484e-05 +1.7403e-05 +1.7323e-05 +1.7242e-05 +1.7162e-05 +1.7082e-05 +1.7002e-05 +1.6922e-05 +1.6842e-05 +1.6762e-05 +1.6682e-05 +1.6602e-05 +1.6521e-05 +1.6441e-05 +1.6360e-05 +1.6278e-05 +1.6196e-05 +1.6114e-05 +1.6031e-05 +1.5948e-05 +1.5864e-05 +1.5779e-05 +1.5694e-05 +1.5608e-05 +1.5521e-05 +1.5433e-05 +1.5344e-05 +1.5254e-05 +1.5163e-05 +1.5071e-05 +1.4978e-05 +1.4883e-05 +1.4787e-05 +1.4689e-05 +1.4590e-05 
-0000.00200 +2.9002e-05 +2.8876e-05 +2.8751e-05 +2.8627e-05 +2.8503e-05 +2.8381e-05 +2.8259e-05 +2.8139e-05 +2.8019e-05 +2.7901e-05 +2.7783e-05 +2.7666e-05 +2.7549e-05 +2.7434e-05 +2.7319e-05 +2.7206e-05 +2.7093e-05 +2.6980e-05 +2.6868e-05 +2.6757e-05 +2.6647e-05 +2.6537e-05 +2.6428e-05 +2.6319e-05 +2.6211e-05 +2.6103e-05 +2.5995e-05 +2.5888e-05 +2.5781e-05 +2.5674e-05 +2.5568e-05 +2.5461e-05 +2.5355e-05 +2.5249e-05 +2.5143e-05 +2.5036e-05 +2.4930e-05 +2.4823e-05 +2.4716e-05 +2.4608e-05 +2.4500e-05 +2.4392e-05 +2.4283e-05 +2.4174e-05 +2.4063e-05 +2.3952e-05 +2.3840e-05 +2.3728e-05 +2.3614e-05 +2.3499e-05 +2.3382e-05 +2.3265e-05 +2.3146e-05 +2.3026e-05 +2.2904e-05 +2.2780e-05 +2.2655e-05 +2.2528e-05 +2.2399e-05 +2.2268e-05 +2.2134e-05 
# Horizontal Final Position [m]
START
            -0000.01000 -0000.00967 -0000.00933 -0000.00900 -0000.00867 -0000.00833 -0000.00800 -0000.00767 -0000.00733 -0000.00700 -0000.00667 -0000.00633 -0000.00600 -0000.00567 -0000.00533 -0000.00500 -0000.00467 -0000.00433 -0000.00400 -0000.00367 -0000.00333 -0000.00300 -0000.00267 -0000.00233 -0000.00200 -0000.00167 -0000.00133 -0000.00100 -0000.00067 -0000.00033 +0000.00000 +0000.00033 +0000.00067 +0000.00100 +0000.00133 +0000.00167 +0000.00200 +0000.00233 +0000.00267 +0000.00300 +0000.00333 +0000.00367 +0000.00400 +0000.00433 +0000.00467 +0000.00500 +0000.00533 +0000.00567 +0000.00600 +0000.00633 +0000.00667 +0000.00700 +0000.00733 +0000.00767 +0000.00800 +0000.00833 +0000.00867 +0000.00900 +0000.00933 +0000.00967 +0000.01000 
+0000.00200 -1.0003e-02 -9.6696e-03 -9.3364e-03 -9.0032e-03 -8.6699e-03 -8.3366e-03 -8.0034e-03 -7.6701e-03 -7.3368e-03 -7.0035e-03 -6.6702e-03 -6.3369e-03 -6.0036e-03 -5.6703e-03 -5.3370e-03 -5.0036e-03 -4.6703e-03 -4.3370e-03 -4.0037e-03 -3.6703e-03 -3.3370e-03 -3.0037e-03 -2.6703e-03 -2.3370e-03 -2.0036e-03 -1.6703e-03 -1.3370e-03 -1.0036e-03 -6.7028e-04 -3.3694e-04 -3.6018e-06 +3.2974e-04 +6.6308e-04 +9.9642e-04 +1.3298e-03 +1.6631e-03 +1.9964e-03 +2.3298e-03 +2.6631e-03 +2.9964e-03 +3.3298e-03 +3.6631e-03 +3.9964e-03 +4.3298e-03 +4.6631e-03 +4.9964e-03 +5.3298e-03 +5.6631e-03 +5.9964e-03 +6.3297e-03 +6.6631e-03 +6.9964e-03 +7.3297e-03 +7.6630e-03 +7.9964e-03 +8.3297e-03 +8.6630e-03 +8.9964e-03 +9.3297e-03 +9.6630e-03 +9.9964e-03 
+0000.00150 -1.0003e-02 -9.6696e-03 -9.3364e-03 -9.0032e-03 -8.6699e-03 -8.3366e-03 -8.0034e-03 -7.6701e-03 -7.3368e-03 -7.0035e-03 -6.6702e-03 -6.3369e-03 -6.0036e-03 -5.6703e-03 -5.3370e-03 -5.0036e-03 -4.6703e-03 -4.3370e-03 -4.0037e-03 -3.6703e-03 -3.3370e-03 -3.0037e-03 -2.6703e-03 -2.3370e-03 -2.0036e-03 -1.6703e-03 -1.3370e-03 -1.0036e-03 -6.7028e-04 -3.3694e-04 -3.6024e-06 +3.2974e-04 +6.6308e-04 +9.9642e-04 +1.3298e-03 +1.6631e-03 +1.9964e-03 +2.3298e-03 +2.6631e-03 +2.9964e-03 +3.3298e-03 +3.6631e-03 +3.9964e-03 +4.3298e-03 +4.6631e-03 +4.9964e-03 +5.3298e-03 +5.6631e-03 +5.9964e-03 +6.3297e-03 +6.6631e-03 +6.9964e-03 +7.3297e-03 +7.6630e-03 +7.9964e-03 +8.3297e-03 +8.6630e-03 +8.9964e-03 +9.3297e-03 +9.6630e-03 +9.9964e-03 
+0000.00100 -1.0003e-02 -9.6696e-03 -9.3364e-03 -9.0032e-03 -8.6699e-03 -8.3366e-03 -8.0034e-03 -7.6701e-03 -7.3368e-03 -7.0035e-03 -6.6702e-03 -6.3369e-03 -6.0036e-03 -5.6703e-03 -5.3370e-03 -5.0036e-03 -4.6703e-03 -4.3370e-03 -4.0037e-03 -3.6703e-03 -3.3370e-03 -3.0037e-03 -2.6703e-03 -2.3370e-03 -2.0036e-03 -1.6703e-03 -1.3370e-03 -1.0036e-03 -6.7028e-04 -3.3694e-04 -3.6024e-06 +3.2974e-04 +6.6308e-04 +9.9642e-04 +1.3298e-03 +1.6631e-03 +1.9964e-03 +2.3298e-03 +2.6631e-03 +2.9964e-03 +3.3298e-03 +3.6631e-03 +3.9964e-03 +4.3298e-03 +4.6631e-03 +4.9964e-03 +5.3298e-03 +5.6631e-03 +5.9964e-03 +6.3297e-03 +6.6631e-03 +6.9964e-03 +7.3297e-03 +7.6630e-03 +7.9964e-03 +8.3297e-03 +8.6630e-03 +8.9964e-03 +9.3297e-03 +9.6630e-03 +9.9964e-03 
+0000.00050 -1.0003e-02 -9.6696e-03 -9.3364e-03 -9.0032e-03 -8.6699e-03 -8.3366e-03 -8.0034e-03 -7.6701e-03 -7.3368e-03 -7.0035e-03 -6.6702e-03 -6.3369e-03 -6.0036e-03 -5.6703e-03 -5.3370e-03 -5.0036e-03 -4.6703e-03 -4.3370e-03 -4.0037e-03 -3.6703e-03 -3.3370e-03 -3.0037e-03 -2.6703e-03 -2.3370e-03 -2.0036e-03 -1.6703e-03 -1.3370e-03 -1.0036e-03 -6.7028e-04 -3.3694e-04 -3.6024e-06 +3.2974e-04 +6.6308e-04 +9.9642e-04 +1.3298e-03 +1.6631e-03 +1.9964e-03 +2.3298e-03 +2.6631e-03 +2.9964e-03 +3.3298e-03 +3.6631e-03 +3.9964e-03 +4.3298e-03 +4.6631e-03 +4.9964e-03 +5.3298e-03 +5.6631e-03 +5.9964e-03 +6.3297e-03 +6.6631e-03 +6.9964e-03 +7.3297e-03 +7.6630e-03 +7.9964e-03 +8.3297e-03 +8.6630e-03 +8.9964e-03 +9.3297e-03 +9.6630e-03 +9.9964e-03 
+0000.00000 -1.0003e-02 -9.6696e-03 -9.3364e-03 -9.0032e-03 -8.6699e-03 -8.3366e-03 -8.0034e-03 -7.6701e-03 -7.3368e-03 -7.0035e-03 -6.6702e-03 -6.3369e-03 -6.0036e-03 -5.6703e-03 -5.3370e-03 -5.0036e-03 -4.6703e-03 -4.3370e-03 -4.0037e-03 -3.6703e-03 -3.3370e-03 -3.0037e-03 -2.6703e-03 -2.3370e-03 -2.0036e-03 -1.6703e-03 -1.3370e-03 -1.0036e-03 -6.7028e-04 -3.3694e-04 -3.6024e-06 +3.2974e-04 +6.6308e-04 +9.9642e-04 +1.3298e-03 +1.6631e-03 +1.9964e-03 +2.3298e-03 +2.6631e-03 +2.9964e-03 +3.3298e-03 +3.6631e-03 +3.9964e-03 +4.3298e-03 +4.6631e-03 +4.9964e-03 +5.3298e-03 +5.6631e-03 +5.9964e-03 +6.3297e-03 +6.6631e-03 +6.9964e-03 +7.3297e-03 +7.6630e-03 +7.9964e-03 +8.3297e-03 +8.6630e-03 +8.9964e-03 +9.3297e-03 +9.6630e-03 +9.9964e-03 
-0000.00050 -1.0003e-02 -9.6696e-03 -9.3364e-03 -9.0032e-03 -8.6699e-03 -8.3366e-03 -8.0034e-03 -7.6701e-03 -7.3368e-03 -7.0035e-03 -6.6702e-03 -6.3369e-03 -6.0036e-03 -5.6703e-03 -5.3370e-03 -5.0036e-03 -4.6703e-03 -4.3370e-03 -4.0037e-03 -3.6703e-03 -3.3370e-03 -3.0037e-03 -2.6703e-03 -2.3370e-03 -2.0036e-03 -1.6703e-03 -1.3370e-03 -1.0036e-03 -6.7028e-04 -3.3694e-04 -3.6024e-06 +3.2974e-04 +6.6308e-04 +9.9642e-04 +1.3298e-03 +1.6631e-03 +1.9964e-03 +2.3298e-03 +2.6631e-03 +2.9964e-03 +3.3298e-03 +3.6631e-03 +3.9964e-03 +4.3298e-03 +4.6631e-03 +4.9964e-03 +5.3298e-03 +5.6631e-03 +5.9964e-03 +6.3297e-03 +6.6631e-03 +6.9964e-03 +7.3297e-03 +7.6630e-03 +7.9964e-03 +8.3297e-03 +8.6630e-03 +8.9964e-03 +9.3297e-03 +9.6630e-03 +9.9964e-03 
-0000.00100 -1.0003e-02 -9.6696e-03 -9.3364e-03 -9.0032e-03 -8.6699e-03 -8.3366e-03 -8.0034e-03 -7.6701e-03 -7.3368e-03 -7.0035e-03 -6.6702e-03 -6.3369e-03 -6.0036e-03 -5.6703e-03 -5.3370e-03 -5.0036e-03 -4.6703e-03 -4.3370e-03 -4.0037e-03 -3.6703e-03 -3.3370e-03 -3.0037e-03 -2.6703e-03 -2.3370e-03 -2.0036e-03 -1.6703e-03 -1.3370e-03 -1.0036e-03 -6.7028e-04 -3.3694e-04 -3.6024e-06 +3.2974e-04 +6.6308e-04 +9.9642e-04 +1.3298e-03 +1.6631e-03 +1.9964e-03 +2.3298e-03 +2.6631e-03 +2.9964e-03 +3.3298e-03 +3.6631e-03 +3.9964e-03 +4.3298e-03 +4.6631e-03 +4.9964e-03 +5.3298e-03 +5.6631e-03 +5.9964e-03 +6.3297e-03 +6.6631e-03 +6.9964e-03 +7.3297e-03 +7.6630e-03 +7.9964e-03 +8.3297e-03 +8.6630e-03 +8.9964e-03 +9.3297e-03 +9.6630e-03 +9.9964e-03 
-0000.00150 -1.0003e-02 -9.6696e-03 -9.3364e-03 -9.0032e-03 -8.6699e-03 -8.3366e-03 -8.0034e-03 -7.6701e-03 -7.3368e-03 -7.0035e-03 -6.6702e-03 -6.3369e-03 -6.0036e-03 -5.6703e-03 -5.3370e-03 -5.0036e-03 -4.6703e-03 -4.3370e-03 -4.0037e-03 -3.6703e-03 -3.3370e-03 -3.0037e-03 -2.6703e-03 -2.3370e-03 -2.0036e-03 -1.6703e-03 -1.3370e-03 -1.0036e-03 -6.7028e-04 -3.3694e-04 -3.6024e-06 +3.2974e-04 +6.6308e-04 +9.9642e-04 +1.3298e-03 +1.6631e-03 +1.9964e-03 +2.3298e-03 +2.6631e-03 +2.9964e-03 +3.3298e-03 +3.6631e-03 +3.9964e-03 +4.3298e-03 +4.6631e-03 +4.9964e-03 +5.3298e-03 +5.6631e-03 +5.9964e-03 +6.3297e-03 +6.6631e-03 +6.9964e-03 +7.3297e-03 +7.6630e-03 +7.9964e-03 +8.3297e-03 +8.6630e-03 +8.9964e-03 +9.3297e-03 +9.6630e-03 +9.9964e-03 
-0000.00200 -1.0003e-02 -9.6696e-03 -9.3364e-03 -9.0032e-03 -8.6699e-03 -8.3366e-03 -8.0034e-03 -7.6701e-03 -7.3368e-03 -7.0035e-03 -6.6702e-03 -6.3369e-03 -6.0036e-03 -5.6703e-03 -5.3370e-03 -5.0036e-03 -4.6703e-03 -4.3370e-03 -4.0037e-03 -3.6703e-03 -3.3370e-03 -3.0037e-03 -2.6703e-03 -2.3370e-03 -2.0036e-03 -1.6703e-03 -1.3370e-03 -1.0036e-03 -6.7028e-04 -3.3694e-04 -3.6018e-06 +3.2974e-04 +6.6308e-04 +9.9642e-04 +1.3298e-03 +1.6631e-03 +1.9964e-03 +2.3298e-03 +2.6631e-03 +2.9964e-03 +3.3298e-03 +3.6631e-03 +3.9964e-03 +4.3298e-03 +4.6631e-03 +4.9964e-03 +5.3298e-03 +5.6631e-03 +5.9964e-03 +6.3297e-03 +6.6631e-03 +6.9964e-03 +7.3297e-03 +7.6630e-03 +7.9964e-03 +8.3297e-03 +8.6630e-03 +8.9964e-03 +9.3297e-03 +9.6630e-03 +9.9964e-03 
# Vertical Final Position [m]
START
            -0000.01000 -0000.00967 -0000.00933 -0000.00900 -0000.00867 -0000.00833 -0000.00800 -0000.00767 -0000.00733 -0000.00700 -0000.00667 -0000.00633 -0000.00600 -0000.00567 -0000.00533 -0000.00500 -0000.00467 -0000.00433 -0000.00400 -0000.00367 -0000.00333 -0000.00300 -0000.00267 -0000.00233 -0000.00200 -0000.00167 -0000.00133 -0000.00100 -0000.00067 -0000.00033 +0000.00000 +0000.00033 +0000.00067 +0000.00100 +0000.00133 +0000.00167 +0000.00200 +0000.00233 +0000.00267 +0000.00300 +0000.00333 +0000.00367 +0000.00400 +0000.00433 +0000.00467 +0000.00500 +0000.00533 +0000.00567 +0000.00600 +0000.00633 +0000.00667 +0000.00700 +0000.00733 +0000.00767 +0000.00800 +0000.00833 +0000.00867 +0000.00900 +0000.00933 +0000.00967 +0000.01000 
+0000.00200 +2.0000e-03 +2.0000e-03 +2.0000e-03 +2.0000e-03 +2.0000e-03 +2.0000e-03 +2.0000e-03 +2.0000e-03 +2.0000e-03 +2.0000e-03 +2.0000e-03 +2.0000e-03 +2.0000e-03 +2.0000e-03 +2.0000e-03 +2.0000e-03 +2.0000e-03 +2.0000e-03 +2.0000e-03 +2.0000e-03 +2.0000e-03 +2.0000e-03 +2.0000e-03 +2.0000e-03 +2.0000e-03 +2.0000e-03 +2.0000e-03 +2.0000e-03 +2.0000e-03 +2.0000e-03 +2.0000e-03 +2.0000e-03 +2.0000e-03 +2.0000e-03 +2.0000e-03 +2.0000e-03 +2.0000e-03 +2.0000e-03 +2.0000e-03 +2.0000e-03 +2.0000e-03 +2.0000e-03 +2.0000e-03 +2.0000e-03 +1.9999e-03 +1.9999e-03 +1.9999e-03 +1.9999e-03 +1.9999e-03 +1.9999e-03 +1.9999e-03 +1.9999e-03 +1.9999e-03 +1.9999e-03 +1.9999e-03 +1.9999e-03 +1.9999e-03 +1.9999e-03 +1.9999e-03 +1.9999e-03 +1.9999e-03 
+0000.00150 +1.5000e-03 +1.5000e-03 +1.5000e-03 +1.5000e-03 +1.5000e-03 +1.5000e-03 +1.5000e-03 +1.5000e-03 +1.5000e-03 +1.5000e-03 +1.5000e-03 +1.5000e-03 +1.5000e-03 +1.5000e-03 +1.5000e-03 +1.5000e-03 +1.5000e-03 +1.5000e-03 +1.5000e-03 +1.5000e-03 +1.5000e-03 +1.5000e-03 +1.5000e-03 +1.5000e-03 +1.5000e-03 +1.5000e-03 +1.5000e-03 +1.5000e-03 +1.5000e-03 +1.5000e-03 +1.5000e-03 +1.5000e-03 +1.5000e-03 +1.5000e-03 +1.5000e-03 +1.5000e-03 +1.5000e-03 +1.5000e-03 +1.5000e-03 +1.5000e-03 +1.5000e-03 +1.5000e-03 +1.5000e-03 +1.5000e-03 +1.5000e-03 +1.5000e-03 +1.5000e-03 +1.5000e-03 +1.5000e-03 +1.5000e-03 +1.5000e-03 +1.4999e-03 +1.4999e-03 +1.4999e-03 +1.4999e-03 +1.4999e-03 +1.4999e-03 +1.4999e-03 +1.4999e-03 +1.4999e-03 +1.4999e-03 
+0000.00100 +1.0000e-03 +1.0000e-03 +1.0000e-03 +1.0000e-03 +1.0000e-03 +1.0000e-03 +1.0000e-03 +1.0000e-03 +1.0000e-03 +1.0000e-03 +1.0000e-03 +1.0000e-03 +1.0000e-03 +1.0000e-03 +1.0000e-03 +1.0000e-03 +1.0000e-03 +1.0000e-03 +1.0000e-03 +1.0000e-03 +1.0000e-03 +1.0000e-03 +1.0000e-03 +1.0000e-03 +1.0000e-03 +9.9999e-04 +9.9999e-04 +9.9999e-04 +9.9999e-04 +9.9999e-04 +9.9999e-04 +9.9999e-04 +9.9999e-04 +9.9999e-04 +9.9999e-04 +9.9999e-04 +9.9998e-04 +9.9998e-04 +9.9998e-04 +9.9998e-04 +9.9998e-04 +9.9998e-04 +9.9998e-04 +9.9998e-04 +9.9997e-04 +9.9997e-04 +9.9997e-04 +9.9997e-04 +9.9997e-04 +9.9997e-04 +9.9997e-04 +9.9997e-04 +9.9996e-04 +9.9996e-04 +9.9996e-04 +9.9996e-04 +9.9996e-04 +9.9996e-04 +9.9996e-04 +9.9995e-04 +9.9995e-04 
+0000.00050 +5.0001e-04 +5.0001e-04 +5.0001e-04 +5.0001e-04 +5.0001e-04 +5.0001e-04 +5.0001e-04 +5.0001e-04 +5.0001e-04 +5.0001e-04 +5.0001e-04 +5.0000e-04 +5.0000e-04 +5.0000e-04 +5.0000e-04 +5.0000e-04 +5.0000e-04 +5.0000e-04 +5.0000e-04 +5.0000e-04 +5.0000e-04 +5.0000e-04 +5.0000e-04 +5.0000e-04 +5.0000e-04 +5.0000e-04 +5.0000e-04 +5.0000e-04 +5.0000e-04 +4.9999e-04 +4.9999e-04 +4.9999e-04 +4.9999e-04 +4.9999e-04 +4.9999e-04 +4.9999e-04 +4.9999e-04 +4.9999e-04 +4.9999e-04 +4.9999e-04 +4.9999e-04 +4.9999e-04 +4.9999e-04 +4.9999e-04 +4.9999e-04 +4.9999e-04 +4.9999e-04 +4.9999e-04 +4.9999e-04 +4.9999e-04 +4.9998e-04 +4.9998e-04 +4.9998e-04 +4.9998e-04 +4.9998e-04 +4.9998e-04 +4.9998e-04 +4.9998e-04 +4.9998e-04 +4.9998e-04 +4.9998e-04 
+0000.00000 -2.4267e-11 -2.4631e-11 -2.4986e-11 -2.5332e-11 -2.5668e-11 -2.5994e-11 -2.6310e-11 -2.6616e-11 -2.6910e-11 -2.7194e-11 -2.7466e-11 -2.7727e-11 -2.7975e-11 -2.8212e-11 -2.8436e-11 -2.8648e-11 -2.8847e-11 -2.9033e-11 -2.9206e-11 -2.9366e-11 -2.9513e-11 -2.9646e-11 -2.9766e-11 -2.9871e-11 -2.9963e-11 -3.0042e-11 -3.0106e-11 -3.0156e-11 -3.0192e-11 -3.0214e-11 -3.0222e-11 -3.0216e-11 -3.0196e-11 -3.0161e-11 -3.0113e-11 -3.0050e-11 -2.9974e-11 -2.9883e-11 -2.9779e-11 -2.9661e-11 -2.9529e-11 -2.9383e-11 -2.9225e-11 -2.9052e-11 -2.8867e-11 -2.8669e-11 -2.8457e-11 -2.8233e-11 -2.7997e-11 -2.7748e-11 -2.7487e-11 -2.7215e-11 -2.6931e-11 -2.6635e-11 -2.6328e-11 -2.6011e-11 -2.5683e-11 -2.5345e-11 -2.4997e-11 -2.4639e-11 -2.4273e-11 
-0000.00050 -5.0001e-04 -5.0001e-04 -5.0001e-04 -5.0001e-04 -5.0001e-04 -5.0001e-04 -5.0001e-04 -5.0001e-04 -5.0001e-04 -5.0001e-04 -5.0001e-04 -5.0000e-04 -5.0000e-04 -5.0000e-04 -5.0000e-04 -5.0000e-04 -5.0000e-04 -5.0000e-04 -5.0000e-04 -5.0000e-04 -5.0000e-04 -5.0000e-04 -5.0000e-04 -5.0000e-04 -5.0000e-04 -5.0000e-04 -5.0000e-04 -5.0000e-04 -5.0000e-04 -5.0000e-04 -5.0000e-04 -5.0000e-04 -4.9999e-04 -4.9999e-04 -4.9999e-04 -4.9999e-04 -4.9999e-04 -4.9999e-04 -4.9999e-04 -4.9999e-04 -4.9999e-04 -4.9999e-04 -4.9999e-04 -4.9999e-04 -4.9999e-04 -4.9999e-04 -4.9999e-04 -4.9999e-04 -4.9999e-04 -4.9999e-04 -4.9998e-04 -4.9998e-04 -4.9998e-04 -4.9998e-04 -4.9998e-04 -4.9998e-04 -4.9998e-04 -4.9998e-04 -4.9998e-04 -4.9998e-04 -4.9998e-04 
-0000.00100 -1.0000e-03 -1.0000e-03 -1.0000e-03 -1.0000e-03 -1.0000e-03 -1.0000e-03 -1.0000e-03 -1.0000e-03 -1.0000e-03 -1.0000e-03 -1.0000e-03 -1.0000e-03 -1.0000e-03 -1.0000e-03 -1.0000e-03 -1.0000e-03 -1.0000e-03 -1.0000e-03 -1.0000e-03 -1.0000e-03 -1.0000e-03 -1.0000e-03 -1.0000e-03 -1.0000e-03 -1.0000e-03 -9.9999e-04 -9.9999e-04 -9.9999e-04 -9.9999e-04 -9.9999e-04 -9.9999e-04 -9.9999e-04 -9.9999e-04 -9.9999e-04 -9.9999e-04 -9.9999e-04 -9.9998e-04 -9.9998e-04 -9.9998e-04 -9.9998e-04 -9.9998e-04 -9.9998e-04 -9.9998e-04 -9.9998e-04 -9.9997e-04 -9.9997e-04 -9.9997e-04 -9.9997e-04 -9.9997e-04 -9.9997e-04 -9.9997e-04 -9.9997e-04 -9.9996e-04 -9.9996e-04 -9.9996e-04 -9.9996e-04 -9.9996e-04 -9.9996e-04 -9.9996e-04 -9.9995e-04 -9.9995e-04 
-0000.00150 -1.5000e-03 -1.5000e-03 -1.5000e-03 -1.5000e-03 -1.5000e-03 -1.5000e-03 -1.5000e-03 -1.5000e-03 -1.5000e-03 -1.5000e-03 -1.5000e-03 -1.5000e-03 -1.5000e-03 -1.5000e-03 -1.5000e-03 -1.5000e-03 -1.5000e-03 -1.5000e-03 -1.5000e-03 -1.5000e-03 -1.5000e-03 -1.5000e-03 -1.5000e-03 -1.5000e-03 -1.5000e-03 -1.5000e-03 -1.5000e-03 -1.5000e-03 -1.5000e-03 -1.5000e-03 -1.5000e-03 -1.5000e-03 -1.5000e-03 -1.5000e-03 -1.5000e-03 -1.5000e-03 -1.5000e-03 -1.5000e-03 -1.5000e-03 -1.5000e-03 -1.5000e-03 -1.5000e-03 -1.5000e-03 -1.5000e-03 -1.5000e-03 -1.5000e-03 -1.5000e-03 -1.5000e-03 -1.5000e-03 -1.5000e-03 -1.5000e-03 -1.4999e-03 -1.4999e-03 -1.4999e-03 -1.4999e-03 -1.4999e-03 -1.4999e-03 -1.4999e-03 -1.4999e-03 -1.4999e-03 -1.4999e-03 
-0000.00200 -2.0000e-03 -2.0000e-03 -2.0000e-03 -2.0000e-03 -2.0000e-03 -2.0000e-03 -2.0000e-03 -2.0000e-03 -2.0000e-03 -2.0000e-03 -2.0000e-03 -2.0000e-03 -2.0000e-03 -2.0000e-03 -2.0000e-03 -2.0000e-03 -2.0000e-03 -2.0000e-03 -2.0000e-03 -2.0000e-03 -2.0000e-03 -2.0000e-03 -2.0000e-03 -2.0000e-03 -2.0000e-03 -2.0000e-03 -2.0000e-03 -2.0000e-03 -2.0000e-03 -2.0000e-03 -2.0000e-03 -2.0000e-03 -2.0000e-03 -2.0000e-03 -2.0000e-03 -2.0000e-03 -2.0000e-03 -2.0000e-03 -2.0000e-03 -2.0000e-03 -2.0000e-03 -2.0000e-03 -2.0000e-03 -2.0000e-03 -1.9999e-03 -1.9999e-03 -1.9999e-03 -1.9999e-03 -1.9999e-03 -1.9999e-03 -1.9999e-03 -1.9999e-03 -1.9999e-03 -1.9999e-03 -1.9999e-03 -1.9999e-03 -1.9999e-03 -1.9999e-03 -1.9999e-03 -1.9999e-03 -1.9999e-03 