# Author: FAC idanalysis.IDKickMap
# Termination_kicks [T2m2]: +0.0000e+00 +0.0000e+00 +0.0000e+00 +0.0000e+00 
# Total Length of Longitudinal Interval [m]
0.13
# Number of Horizontal Points
61
# Number of Vertical Points
9
# Total Horizontal 2nd Order Kick [T2m2]
START
            -0000.01000 -0000.00967 -0000.00933 -0000.00900 -0000.00867 -0000.00833 -0000.00800 -0000.00767 -0000.00733 -0000.00700 -0000.00667 -0000.00633 -0000.00600 -0000.00567 -0000.00533 -0000.00500 -0000.00467 -0000.00433 -0000.00400 -0000.00367 -0000.00333 -0000.00300 -0000.00267 -0000.00233 -0000.00200 -0000.00167 -0000.00133 -0000.00100 -0000.00067 -0000.00033 +0000.00000 +0000.00033 +0000.00067 +0000.00100 +0000.00133 +0000.00167 +0000.00200 +0000.00233 +0000.00267 +0000.00300 +0000.00333 +0000.00367 +0000.00400 +0000.00433 +0000.00467 +0000.00500 +0000.00533 +0000.00567 +0000.00600 +0000.00633 +0000.00667 +0000.00700 +0000.00733 +0000.00767 +0000.00800 +0000.00833 +0000.00867 +0000.00900 +0000.00933 +0000.00967 +0000.01000 
+0000.00200 +8.4990e-05 +8.0420e-05 +7.5840e-05 +7.1260e-05 +6.6710e-05 +6.2200e-05 +5.7740e-05 +5.3360e-05 +4.9050e-05 +4.4840e-05 +4.0740e-05 +3.6760e-05 +3.2910e-05 +2.9210e-05 +2.5660e-05 +2.2280e-05 +1.9080e-05 +1.6050e-05 +1.3220e-05 +1.0580e-05 +8.1600e-06 +5.9400e-06 +3.9500e-06 +2.1700e-06 +6.3000e-07 -6.8000e-07 -1.7500e-06 -2.5900e-06 -3.1800e-06 -3.5300e-06 -3.6400e-06 -3.5000e-06 -3.1100e-06 -2.4800e-06 -1.6000e-06 -4.8000e-07 +8.7000e-07 +2.4700e-06 +4.3000e-06 +6.3600e-06 +8.6400e-06 +1.1150e-05 +1.3870e-05 +1.6790e-05 +1.9920e-05 +2.3240e-05 +2.6750e-05 +3.0430e-05 +3.4290e-05 +3.8290e-05 +4.2450e-05 +4.6740e-05 +5.1160e-05 +5.5690e-05 +6.0320e-05 +6.5040e-05 +6.9830e-05 +7.4670e-05 +7.9560e-05 +8.4480e-05 +8.9410e-05 
+0000.00150 +8.1590e-05 +7.7830e-05 +7.3970e-05 +7.0030e-05 +6.6030e-05 +6.2010e-05 +5.7970e-05 +5.3950e-05 +4.9950e-05 +4.5990e-05 +4.2100e-05 +3.8290e-05 +3.4580e-05 +3.0980e-05 +2.7510e-05 +2.4180e-05 +2.1000e-05 +1.7990e-05 +1.5150e-05 +1.2500e-05 +1.0050e-05 +7.8000e-06 +5.7700e-06 +3.9600e-06 +2.3800e-06 +1.0300e-06 -8.0000e-08 -9.5000e-07 -1.5700e-06 -1.9400e-06 -2.0700e-06 -1.9400e-06 -1.5500e-06 -9.2000e-07 -4.0000e-08 +1.0900e-06 +2.4600e-06 +4.0800e-06 +5.9300e-06 +8.0100e-06 +1.0320e-05 +1.2850e-05 +1.5580e-05 +1.8520e-05 +2.1640e-05 +2.4950e-05 +2.8430e-05 +3.2070e-05 +3.5860e-05 +3.9780e-05 +4.3820e-05 +4.7960e-05 +5.2190e-05 +5.6490e-05 +6.0850e-05 +6.5250e-05 +6.9660e-05 +7.4070e-05 +7.8460e-05 +8.2800e-05 +8.7080e-05 
+0000.00100 +7.9160e-05 +7.5960e-05 +7.2590e-05 +6.9090e-05 +6.5490e-05 +6.1800e-05 +5.8060e-05 +5.4280e-05 +5.0500e-05 +4.6730e-05 +4.2990e-05 +3.9300e-05 +3.5690e-05 +3.2160e-05 +2.8750e-05 +2.5460e-05 +2.2300e-05 +1.9300e-05 +1.6470e-05 +1.3820e-05 +1.1350e-05 +9.0900e-06 +7.0400e-06 +5.2100e-06 +3.6100e-06 +2.2400e-06 +1.1100e-06 +2.2000e-07 -4.1000e-07 -7.9000e-07 -9.2000e-07 -8.0000e-07 -4.2000e-07 +2.2000e-07 +1.1100e-06 +2.2500e-06 +3.6400e-06 +5.2700e-06 +7.1300e-06 +9.2300e-06 +1.1550e-05 +1.4090e-05 +1.6830e-05 +1.9760e-05 +2.2880e-05 +2.6170e-05 +2.9630e-05 +3.3220e-05 +3.6950e-05 +4.0800e-05 +4.4740e-05 +4.8760e-05 +5.2840e-05 +5.6960e-05 +6.1110e-05 +6.5260e-05 +6.9380e-05 +7.3460e-05 +7.7470e-05 +8.1380e-05 +8.5170e-05 
+0000.00050 +7.7700e-05 +7.4820e-05 +7.1750e-05 +6.8510e-05 +6.5130e-05 +6.1650e-05 +5.8080e-05 +5.4450e-05 +5.0800e-05 +4.7130e-05 +4.3480e-05 +3.9870e-05 +3.6320e-05 +3.2840e-05 +2.9460e-05 +2.6190e-05 +2.3060e-05 +2.0070e-05 +1.7240e-05 +1.4590e-05 +1.2120e-05 +9.8500e-06 +7.7900e-06 +5.9500e-06 +4.3400e-06 +2.9600e-06 +1.8200e-06 +9.3000e-07 +2.9000e-07 -1.0000e-07 -2.3000e-07 -1.0000e-07 +2.8000e-07 +9.2000e-07 +1.8100e-06 +2.9600e-06 +4.3500e-06 +5.9900e-06 +7.8600e-06 +9.9700e-06 +1.2300e-05 +1.4830e-05 +1.7580e-05 +2.0510e-05 +2.3620e-05 +2.6900e-05 +3.0330e-05 +3.3900e-05 +3.7590e-05 +4.1380e-05 +4.5260e-05 +4.9200e-05 +5.3190e-05 +5.7200e-05 +6.1220e-05 +6.5210e-05 +6.9150e-05 +7.3020e-05 +7.6800e-05 +8.0440e-05 +8.3940e-05 
+0000.00000 +7.7210e-05 +7.4440e-05 +7.1470e-05 +6.8310e-05 +6.5010e-05 +6.1590e-05 +5.8080e-05 +5.4510e-05 +5.0890e-05 +4.7260e-05 +4.3650e-05 +4.0060e-05 +3.6520e-05 +3.3060e-05 +2.9700e-05 +2.6440e-05 +2.3310e-05 +2.0320e-05 +1.7500e-05 +1.4840e-05 +1.2380e-05 +1.0110e-05 +8.0500e-06 +6.2000e-06 +4.5900e-06 +3.2000e-06 +2.0600e-06 +1.1700e-06 +5.3000e-07 +1.4000e-07 +0.0000e+00 +1.3000e-07 +5.1000e-07 +1.1500e-06 +2.0500e-06 +3.2000e-06 +4.5900e-06 +6.2300e-06 +8.1100e-06 +1.0220e-05 +1.2540e-05 +1.5080e-05 +1.7830e-05 +2.0760e-05 +2.3870e-05 +2.7140e-05 +3.0570e-05 +3.4120e-05 +3.7800e-05 +4.1570e-05 +4.5430e-05 +4.9350e-05 +5.3300e-05 +5.7270e-05 +6.1240e-05 +6.5180e-05 +6.9060e-05 +7.2870e-05 +7.6560e-05 +8.0120e-05 +8.3510e-05 
-0000.00050 +7.7700e-05 +7.4830e-05 +7.1750e-05 +6.8510e-05 +6.5140e-05 +6.1650e-05 +5.8080e-05 +5.4460e-05 +5.0800e-05 +4.7140e-05 +4.3490e-05 +3.9870e-05 +3.6320e-05 +3.2840e-05 +2.9460e-05 +2.6200e-05 +2.3060e-05 +2.0070e-05 +1.7240e-05 +1.4590e-05 +1.2120e-05 +9.8500e-06 +7.7900e-06 +5.9500e-06 +4.3400e-06 +2.9600e-06 +1.8200e-06 +9.3000e-07 +2.9000e-07 -1.0000e-07 -2.3000e-07 -1.1000e-07 +2.8000e-07 +9.2000e-07 +1.8100e-06 +2.9600e-06 +4.3500e-06 +5.9900e-06 +7.8600e-06 +9.9700e-06 +1.2290e-05 +1.4830e-05 +1.7570e-05 +2.0510e-05 +2.3620e-05 +2.6900e-05 +3.0330e-05 +3.3900e-05 +3.7590e-05 +4.1380e-05 +4.5260e-05 +4.9200e-05 +5.3190e-05 +5.7200e-05 +6.1210e-05 +6.5200e-05 +6.9150e-05 +7.3020e-05 +7.6790e-05 +8.0440e-05 +8.3930e-05 
-0000.00100 +7.9160e-05 +7.5960e-05 +7.2600e-05 +6.9100e-05 +6.5490e-05 +6.1810e-05 +5.8070e-05 +5.4290e-05 +5.0510e-05 +4.6730e-05 +4.3000e-05 +3.9310e-05 +3.5690e-05 +3.2170e-05 +2.8750e-05 +2.5460e-05 +2.2310e-05 +1.9310e-05 +1.6470e-05 +1.3820e-05 +1.1360e-05 +9.0900e-06 +7.0400e-06 +5.2100e-06 +3.6100e-06 +2.2400e-06 +1.1100e-06 +2.2000e-07 -4.1000e-07 -8.0000e-07 -9.3000e-07 -8.0000e-07 -4.2000e-07 +2.2000e-07 +1.1100e-06 +2.2500e-06 +3.6300e-06 +5.2600e-06 +7.1300e-06 +9.2300e-06 +1.1550e-05 +1.4080e-05 +1.6820e-05 +1.9760e-05 +2.2880e-05 +2.6170e-05 +2.9620e-05 +3.3220e-05 +3.6950e-05 +4.0790e-05 +4.4730e-05 +4.8750e-05 +5.2830e-05 +5.6960e-05 +6.1110e-05 +6.5250e-05 +6.9380e-05 +7.3450e-05 +7.7460e-05 +8.1370e-05 +8.5170e-05 
-0000.00150 +8.1600e-05 +7.7840e-05 +7.3970e-05 +7.0040e-05 +6.6050e-05 +6.2020e-05 +5.7980e-05 +5.3960e-05 +4.9960e-05 +4.6000e-05 +4.2110e-05 +3.8310e-05 +3.4590e-05 +3.0990e-05 +2.7520e-05 +2.4190e-05 +2.1010e-05 +1.7990e-05 +1.5160e-05 +1.2510e-05 +1.0050e-05 +7.8100e-06 +5.7700e-06 +3.9600e-06 +2.3800e-06 +1.0300e-06 -8.0000e-08 -9.5000e-07 -1.5700e-06 -1.9400e-06 -2.0700e-06 -1.9400e-06 -1.5600e-06 -9.3000e-07 -4.0000e-08 +1.0900e-06 +2.4600e-06 +4.0700e-06 +5.9300e-06 +8.0100e-06 +1.0310e-05 +1.2840e-05 +1.5570e-05 +1.8510e-05 +2.1630e-05 +2.4940e-05 +2.8420e-05 +3.2060e-05 +3.5850e-05 +3.9770e-05 +4.3810e-05 +4.7950e-05 +5.2180e-05 +5.6480e-05 +6.0840e-05 +6.5240e-05 +6.9650e-05 +7.4060e-05 +7.8450e-05 +8.2790e-05 +8.7070e-05 
-0000.00200 +8.5000e-05 +8.0430e-05 +7.5850e-05 +7.1280e-05 +6.6720e-05 +6.2210e-05 +5.7760e-05 +5.3370e-05 +4.9060e-05 +4.4850e-05 +4.0750e-05 +3.6770e-05 +3.2920e-05 +2.9220e-05 +2.5680e-05 +2.2290e-05 +1.9090e-05 +1.6060e-05 +1.3230e-05 +1.0590e-05 +8.1700e-06 +5.9500e-06 +3.9500e-06 +2.1800e-06 +6.4000e-07 -6.8000e-07 -1.7500e-06 -2.5900e-06 -3.1800e-06 -3.5300e-06 -3.6400e-06 -3.5000e-06 -3.1100e-06 -2.4800e-06 -1.6100e-06 -4.9000e-07 +8.7000e-07 +2.4600e-06 +4.2900e-06 +6.3500e-06 +8.6300e-06 +1.1140e-05 +1.3850e-05 +1.6780e-05 +1.9910e-05 +2.3230e-05 +2.6730e-05 +3.0420e-05 +3.4270e-05 +3.8280e-05 +4.2430e-05 +4.6730e-05 +5.1140e-05 +5.5670e-05 +6.0300e-05 +6.5020e-05 +6.9810e-05 +7.4660e-05 +7.9550e-05 +8.4470e-05 +8.9400e-05 
# Total Vertical 2nd Order Kick [T2m2]
START
            -0000.01000 -0000.00967 -0000.00933 -0000.00900 -0000.00867 -0000.00833 -0000.00800 -0000.00767 -0000.00733 -0000.00700 -0000.00667 -0000.00633 -0000.00600 -0000.00567 -0000.00533 -0000.00500 -0000.00467 -0000.00433 -0000.00400 -0000.00367 -0000.00333 -0000.00300 -0000.00267 -0000.00233 -0000.00200 -0000.00167 -0000.00133 -0000.00100 -0000.00067 -0000.00033 +0000.00000 +0000.00033 +0000.00067 +0000.00100 +0000.00133 +0000.00167 +0000.00200 +0000.00233 +0000.00267 +0000.00300 +0000.00333 +0000.00367 +0000.00400 +0000.00433 +0000.00467 +0000.00500 +0000.00533 +0000.00567 +0000.00600 +0000.00633 +0000.00667 +0000.00700 +0000.00733 +0000.00767 +0000.00800 +0000.00833 +0000.00867 +0000.00900 +0000.00933 +0000.00967 +0000.01000 
+0000.00200 -4.1917e-05 -3.9974e-05 -3.8302e-05 -3.6889e-05 -3.5723e-05 -3.4793e-05 -3.4090e-05 -3.3600e-05 -3.3315e-05 -3.3224e-05 -3.3315e-05 -3.3578e-05 -3.4004e-05 -3.4582e-05 -3.5303e-05 -3.6156e-05 -3.7131e-05 -3.8220e-05 -3.9413e-05 -4.0700e-05 -4.2073e-05 -4.3521e-05 -4.5037e-05 -4.6612e-05 -4.8237e-05 -4.9903e-05 -5.1602e-05 -5.3326e-05 -5.5066e-05 -5.6815e-05 -5.8565e-05 -6.0308e-05 -6.2036e-05 -6.3742e-05 -6.5419e-05 -6.7059e-05 -6.8656e-05 -7.0202e-05 -7.1690e-05 -7.3114e-05 -7.4467e-05 -7.5744e-05 -7.6936e-05 -7.8039e-05 -7.9047e-05 -7.9952e-05 -8.0751e-05 -8.1436e-05 -8.2003e-05 -8.2445e-05 -8.2759e-05 -8.2938e-05 -8.2977e-05 -8.2872e-05 -8.2619e-05 -8.2211e-05 -8.1646e-05 -8.0918e-05 -8.0024e-05 -7.8958e-05 -7.7718e-05 
+0000.00150 -2.7608e-05 -2.6093e-05 -2.4779e-05 -2.3659e-05 -2.2726e-05 -2.1970e-05 -2.1384e-05 -2.0960e-05 -2.0691e-05 -2.0569e-05 -2.0586e-05 -2.0735e-05 -2.1008e-05 -2.1398e-05 -2.1898e-05 -2.2499e-05 -2.3196e-05 -2.3981e-05 -2.4848e-05 -2.5788e-05 -2.6795e-05 -2.7863e-05 -2.8985e-05 -3.0153e-05 -3.1363e-05 -3.2606e-05 -3.3876e-05 -3.5168e-05 -3.6474e-05 -3.7789e-05 -3.9107e-05 -4.0421e-05 -4.1725e-05 -4.3014e-05 -4.4281e-05 -4.5521e-05 -4.6728e-05 -4.7897e-05 -4.9021e-05 -5.0096e-05 -5.1115e-05 -5.2074e-05 -5.2967e-05 -5.3790e-05 -5.4536e-05 -5.5201e-05 -5.5780e-05 -5.6267e-05 -5.6659e-05 -5.6950e-05 -5.7135e-05 -5.7211e-05 -5.7172e-05 -5.7013e-05 -5.6731e-05 -5.6321e-05 -5.5779e-05 -5.5100e-05 -5.4281e-05 -5.3318e-05 -5.2205e-05 
+0000.00100 -1.6716e-05 -1.5680e-05 -1.4779e-05 -1.4006e-05 -1.3358e-05 -1.2828e-05 -1.2411e-05 -1.2104e-05 -1.1900e-05 -1.1794e-05 -1.1782e-05 -1.1860e-05 -1.2020e-05 -1.2260e-05 -1.2575e-05 -1.2959e-05 -1.3407e-05 -1.3916e-05 -1.4480e-05 -1.5095e-05 -1.5757e-05 -1.6460e-05 -1.7200e-05 -1.7973e-05 -1.8774e-05 -1.9600e-05 -2.0445e-05 -2.1305e-05 -2.2176e-05 -2.3054e-05 -2.3934e-05 -2.4812e-05 -2.5685e-05 -2.6548e-05 -2.7397e-05 -2.8227e-05 -2.9036e-05 -2.9818e-05 -3.0571e-05 -3.1290e-05 -3.1971e-05 -3.2610e-05 -3.3204e-05 -3.3749e-05 -3.4241e-05 -3.4677e-05 -3.5053e-05 -3.5365e-05 -3.5610e-05 -3.5784e-05 -3.5883e-05 -3.5905e-05 -3.5846e-05 -3.5702e-05 -3.5470e-05 -3.5147e-05 -3.4729e-05 -3.4214e-05 -3.3598e-05 -3.2877e-05 -3.2049e-05 
+0000.00050 -7.8686e-06 -7.3441e-06 -6.8865e-06 -6.4932e-06 -6.1619e-06 -5.8899e-06 -5.6748e-06 -5.5141e-06 -5.4053e-06 -5.3460e-06 -5.3338e-06 -5.3662e-06 -5.4408e-06 -5.5553e-06 -5.7073e-06 -5.8944e-06 -6.1143e-06 -6.3646e-06 -6.6430e-06 -6.9473e-06 -7.2750e-06 -7.6241e-06 -7.9922e-06 -8.3770e-06 -8.7763e-06 -9.1880e-06 -9.6098e-06 -1.0040e-05 -1.0475e-05 -1.0915e-05 -1.1355e-05 -1.1795e-05 -1.2232e-05 -1.2664e-05 -1.3090e-05 -1.3506e-05 -1.3911e-05 -1.4303e-05 -1.4680e-05 -1.5039e-05 -1.5380e-05 -1.5699e-05 -1.5996e-05 -1.6267e-05 -1.6511e-05 -1.6726e-05 -1.6911e-05 -1.7063e-05 -1.7180e-05 -1.7260e-05 -1.7303e-05 -1.7305e-05 -1.7265e-05 -1.7181e-05 -1.7052e-05 -1.6875e-05 -1.6649e-05 -1.6373e-05 -1.6043e-05 -1.5660e-05 -1.5220e-05 
+0000.00000 +1.9992e-08 +1.8602e-08 +1.7269e-08 +1.5991e-08 +1.4769e-08 +1.3601e-08 +1.2486e-08 +1.1423e-08 +1.0412e-08 +9.4509e-09 +8.5409e-09 +7.6803e-09 +6.8683e-09 +6.1043e-09 +5.3878e-09 +4.7182e-09 +4.0950e-09 +3.5176e-09 +2.9856e-09 +2.4984e-09 +2.0557e-09 +1.6570e-09 +1.3020e-09 +9.9030e-10 +7.2170e-10 +4.9580e-10 +3.1250e-10 +1.7140e-10 +7.2400e-11 +1.5300e-11 +0.0000e+00 +2.6400e-11 +9.4500e-11 +2.0410e-10 +3.5530e-10 +5.4810e-10 +7.8260e-10 +1.0588e-09 +1.3769e-09 +1.7369e-09 +2.1391e-09 +2.5836e-09 +3.0708e-09 +3.6007e-09 +4.1738e-09 +4.7904e-09 +5.4508e-09 +6.1554e-09 +6.9046e-09 +7.6988e-09 +8.5389e-09 +9.4239e-09 +1.0357e-08 +1.1336e-08 +1.2363e-08 +1.3439e-08 +1.4563e-08 +1.5737e-08 +1.6962e-08 +1.8237e-08 +1.9565e-08 
-0000.00050 +7.9090e-06 +7.3815e-06 +6.9211e-06 +6.5252e-06 +6.1913e-06 +5.9169e-06 +5.6995e-06 +5.5366e-06 +5.4258e-06 +5.3646e-06 +5.3506e-06 +5.3813e-06 +5.4543e-06 +5.5673e-06 +5.7179e-06 +5.9037e-06 +6.1224e-06 +6.3716e-06 +6.6490e-06 +6.9523e-06 +7.2793e-06 +7.6276e-06 +7.9950e-06 +8.3792e-06 +8.7780e-06 +9.1893e-06 +9.6107e-06 +1.0040e-05 +1.0475e-05 +1.0914e-05 +1.1354e-05 +1.1794e-05 +1.2232e-05 +1.2664e-05 +1.3090e-05 +1.3506e-05 +1.3912e-05 +1.4304e-05 +1.4682e-05 +1.5042e-05 +1.5383e-05 +1.5704e-05 +1.6001e-05 +1.6273e-05 +1.6518e-05 +1.6735e-05 +1.6921e-05 +1.7074e-05 +1.7192e-05 +1.7274e-05 +1.7318e-05 +1.7322e-05 +1.7284e-05 +1.7202e-05 +1.7075e-05 +1.6901e-05 +1.6677e-05 +1.6403e-05 +1.6076e-05 +1.5695e-05 +1.5258e-05 
-0000.00100 +1.6757e-05 +1.5718e-05 +1.4813e-05 +1.4037e-05 +1.3386e-05 +1.2853e-05 +1.2435e-05 +1.2125e-05 +1.1918e-05 +1.1811e-05 +1.1797e-05 +1.1873e-05 +1.2032e-05 +1.2271e-05 +1.2583e-05 +1.2966e-05 +1.3413e-05 +1.3921e-05 +1.4484e-05 +1.5099e-05 +1.5759e-05 +1.6462e-05 +1.7201e-05 +1.7974e-05 +1.8775e-05 +1.9600e-05 +2.0444e-05 +2.1304e-05 +2.2175e-05 +2.3053e-05 +2.3933e-05 +2.4812e-05 +2.5684e-05 +2.6547e-05 +2.7396e-05 +2.8227e-05 +2.9036e-05 +2.9819e-05 +3.0572e-05 +3.1292e-05 +3.1973e-05 +3.2614e-05 +3.3209e-05 +3.3755e-05 +3.4248e-05 +3.4685e-05 +3.5062e-05 +3.5375e-05 +3.5621e-05 +3.5797e-05 +3.5898e-05 +3.5922e-05 +3.5864e-05 +3.5723e-05 +3.5493e-05 +3.5172e-05 +3.4757e-05 +3.4244e-05 +3.3631e-05 +3.2914e-05 +3.2089e-05 
-0000.00150 +2.7651e-05 +2.6131e-05 +2.4813e-05 +2.3690e-05 +2.2753e-05 +2.1994e-05 +2.1405e-05 +2.0979e-05 +2.0708e-05 +2.0584e-05 +2.0599e-05 +2.0746e-05 +2.1018e-05 +2.1406e-05 +2.1904e-05 +2.2505e-05 +2.3201e-05 +2.3985e-05 +2.4851e-05 +2.5790e-05 +2.6797e-05 +2.7865e-05 +2.8986e-05 +3.0154e-05 +3.1363e-05 +3.2606e-05 +3.3876e-05 +3.5168e-05 +3.6474e-05 +3.7789e-05 +3.9107e-05 +4.0421e-05 +4.1725e-05 +4.3014e-05 +4.4281e-05 +4.5522e-05 +4.6729e-05 +4.7898e-05 +4.9022e-05 +5.0097e-05 +5.1117e-05 +5.2077e-05 +5.2971e-05 +5.3794e-05 +5.4541e-05 +5.5207e-05 +5.5787e-05 +5.6276e-05 +5.6669e-05 +5.6961e-05 +5.7148e-05 +5.7225e-05 +5.7188e-05 +5.7032e-05 +5.6752e-05 +5.6345e-05 +5.5806e-05 +5.5130e-05 +5.4315e-05 +5.3355e-05 +5.2247e-05 
-0000.00200 +4.1963e-05 +4.0014e-05 +3.8337e-05 +3.6919e-05 +3.5749e-05 +3.4816e-05 +3.4109e-05 +3.3617e-05 +3.3329e-05 +3.3235e-05 +3.3324e-05 +3.3586e-05 +3.4011e-05 +3.4588e-05 +3.5307e-05 +3.6159e-05 +3.7134e-05 +3.8223e-05 +3.9415e-05 +4.0702e-05 +4.2074e-05 +4.3522e-05 +4.5038e-05 +4.6613e-05 +4.8238e-05 +4.9904e-05 +5.1603e-05 +5.3326e-05 +5.5067e-05 +5.6816e-05 +5.8566e-05 +6.0309e-05 +6.2037e-05 +6.3743e-05 +6.5420e-05 +6.7060e-05 +6.8657e-05 +7.0203e-05 +7.1691e-05 +7.3116e-05 +7.4469e-05 +7.5746e-05 +7.6939e-05 +7.8042e-05 +7.9050e-05 +7.9956e-05 +8.0756e-05 +8.1442e-05 +8.2009e-05 +8.2453e-05 +8.2768e-05 +8.2949e-05 +8.2991e-05 +8.2889e-05 +8.2638e-05 +8.2234e-05 +8.1672e-05 +8.0948e-05 +8.0058e-05 +7.8997e-05 +7.7763e-05 
# Horizontal Final Position [m]
START
            -0000.01000 -0000.00967 -0000.00933 -0000.00900 -0000.00867 -0000.00833 -0000.00800 -0000.00767 -0000.00733 -0000.00700 -0000.00667 -0000.00633 -0000.00600 -0000.00567 -0000.00533 -0000.00500 -0000.00467 -0000.00433 -0000.00400 -0000.00367 -0000.00333 -0000.00300 -0000.00267 -0000.00233 -0000.00200 -0000.00167 -0000.00133 -0000.00100 -0000.00067 -0000.00033 +0000.00000 +0000.00033 +0000.00067 +0000.00100 +0000.00133 +0000.00167 +0000.00200 +0000.00233 +0000.00267 +0000.00300 +0000.00333 +0000.00367 +0000.00400 +0000.00433 +0000.00467 +0000.00500 +0000.00533 +0000.00567 +0000.00600 +0000.00633 +0000.00667 +0000.00700 +0000.00733 +0000.00767 +0000.00800 +0000.00833 +0000.00867 +0000.00900 +0000.00933 +0000.00967 +0000.01000 
+0000.00200 -1.0002e-02 -9.6688e-03 -9.3356e-03 -9.0024e-03 -8.6691e-03 -8.3359e-03 -8.0026e-03 -7.6694e-03 -7.3361e-03 -7.0028e-03 -6.6696e-03 -6.3363e-03 -6.0030e-03 -5.6697e-03 -5.3364e-03 -5.0031e-03 -4.6698e-03 -4.3365e-03 -4.0032e-03 -3.6699e-03 -3.3366e-03 -3.0033e-03 -2.6700e-03 -2.3367e-03 -2.0034e-03 -1.6700e-03 -1.3367e-03 -1.0034e-03 -6.7005e-04 -3.3672e-04 -3.3894e-06 +3.2994e-04 +6.6328e-04 +9.9662e-04 +1.3300e-03 +1.6633e-03 +1.9966e-03 +2.3300e-03 +2.6633e-03 +2.9967e-03 +3.3301e-03 +3.6634e-03 +3.9968e-03 +4.3301e-03 +4.6635e-03 +4.9969e-03 +5.3302e-03 +5.6636e-03 +5.9970e-03 +6.3304e-03 +6.6638e-03 +6.9972e-03 +7.3306e-03 +7.6640e-03 +7.9974e-03 +8.3308e-03 +8.6642e-03 +8.9976e-03 +9.3311e-03 +9.6645e-03 +9.9980e-03 
+0000.00150 -1.0002e-02 -9.6689e-03 -9.3356e-03 -9.0024e-03 -8.6691e-03 -8.3358e-03 -8.0025e-03 -7.6693e-03 -7.3360e-03 -7.0027e-03 -6.6694e-03 -6.3362e-03 -6.0029e-03 -5.6696e-03 -5.3363e-03 -5.0030e-03 -4.6698e-03 -4.3365e-03 -4.0032e-03 -3.6699e-03 -3.3366e-03 -3.0033e-03 -2.6700e-03 -2.3367e-03 -2.0034e-03 -1.6701e-03 -1.3367e-03 -1.0034e-03 -6.7009e-04 -3.3677e-04 -3.4354e-06 +3.2990e-04 +6.6324e-04 +9.9658e-04 +1.3299e-03 +1.6633e-03 +1.9966e-03 +2.3300e-03 +2.6633e-03 +2.9967e-03 +3.3301e-03 +3.6634e-03 +3.9968e-03 +4.3302e-03 +4.6636e-03 +4.9970e-03 +5.3303e-03 +5.6637e-03 +5.9971e-03 +6.3305e-03 +6.6639e-03 +6.9973e-03 +7.3307e-03 +7.6641e-03 +7.9975e-03 +8.3309e-03 +8.6642e-03 +8.9976e-03 +9.3310e-03 +9.6644e-03 +9.9978e-03 
+0000.00100 -1.0002e-02 -9.6689e-03 -9.3356e-03 -9.0023e-03 -8.6691e-03 -8.3358e-03 -8.0025e-03 -7.6692e-03 -7.3360e-03 -7.0027e-03 -6.6694e-03 -6.3361e-03 -6.0029e-03 -5.6696e-03 -5.3363e-03 -5.0030e-03 -4.6697e-03 -4.3365e-03 -4.0032e-03 -3.6699e-03 -3.3366e-03 -3.0033e-03 -2.6700e-03 -2.3367e-03 -2.0034e-03 -1.6701e-03 -1.3367e-03 -1.0034e-03 -6.7009e-04 -3.3677e-04 -3.4339e-06 +3.2990e-04 +6.6324e-04 +9.9658e-04 +1.3299e-03 +1.6633e-03 +1.9966e-03 +2.3300e-03 +2.6634e-03 +2.9967e-03 +3.3301e-03 +3.6635e-03 +3.9968e-03 +4.3302e-03 +4.6636e-03 +4.9970e-03 +5.3304e-03 +5.6637e-03 +5.9971e-03 +6.3305e-03 +6.6639e-03 +6.9973e-03 +7.3307e-03 +7.6641e-03 +7.9975e-03 +8.3309e-03 +8.6643e-03 +8.9977e-03 +9.3310e-03 +9.6644e-03 +9.9978e-03 
+0000.00050 -1.0002e-02 -9.6689e-03 -9.3356e-03 -9.0023e-03 -8.6690e-03 -8.3358e-03 -8.0025e-03 -7.6692e-03 -7.3359e-03 -7.0027e-03 -6.6694e-03 -6.3361e-03 -6.0029e-03 -5.6696e-03 -5.3363e-03 -5.0030e-03 -4.6697e-03 -4.3364e-03 -4.0032e-03 -3.6699e-03 -3.3366e-03 -3.0033e-03 -2.6700e-03 -2.3367e-03 -2.0034e-03 -1.6701e-03 -1.3367e-03 -1.0034e-03 -6.7010e-04 -3.3677e-04 -3.4375e-06 +3.2990e-04 +6.6324e-04 +9.9658e-04 +1.3299e-03 +1.6633e-03 +1.9966e-03 +2.3300e-03 +2.6634e-03 +2.9967e-03 +3.3301e-03 +3.6635e-03 +3.9968e-03 +4.3302e-03 +4.6636e-03 +4.9970e-03 +5.3304e-03 +5.6638e-03 +5.9971e-03 +6.3305e-03 +6.6639e-03 +6.9973e-03 +7.3307e-03 +7.6641e-03 +7.9975e-03 +8.3309e-03 +8.6643e-03 +8.9977e-03 +9.3311e-03 +9.6645e-03 +9.9978e-03 
+0000.00000 -1.0002e-02 -9.6689e-03 -9.3356e-03 -9.0023e-03 -8.6690e-03 -8.3358e-03 -8.0025e-03 -7.6692e-03 -7.3359e-03 -7.0027e-03 -6.6694e-03 -6.3361e-03 -6.0029e-03 -5.6696e-03 -5.3363e-03 -5.0030e-03 -4.6697e-03 -4.3364e-03 -4.0032e-03 -3.6699e-03 -3.3366e-03 -3.0033e-03 -2.6700e-03 -2.3367e-03 -2.0034e-03 -1.6701e-03 -1.3367e-03 -1.0034e-03 -6.7010e-04 -3.3677e-04 -3.4371e-06 +3.2990e-04 +6.6324e-04 +9.9658e-04 +1.3299e-03 +1.6633e-03 +1.9966e-03 +2.3300e-03 +2.6634e-03 +2.9967e-03 +3.3301e-03 +3.6635e-03 +3.9968e-03 +4.3302e-03 +4.6636e-03 +4.9970e-03 +5.3304e-03 +5.6638e-03 +5.9971e-03 +6.3305e-03 +6.6639e-03 +6.9973e-03 +7.3307e-03 +7.6641e-03 +7.9975e-03 +8.3309e-03 +8.6643e-03 +8.9977e-03 +9.3311e-03 +9.6645e-03 +9.9978e-03 
-0000.00050 -1.0002e-02 -9.6689e-03 -9.3356e-03 -9.0023e-03 -8.6690e-03 -8.3358e-03 -8.0025e-03 -7.6692e-03 -7.3359e-03 -7.0027e-03 -6.6694e-03 -6.3361e-03 -6.0029e-03 -5.6696e-03 -5.3363e-03 -5.0030e-03 -4.6697e-03 -4.3364e-03 -4.0032e-03 -3.6699e-03 -3.3366e-03 -3.0033e-03 -2.6700e-03 -2.3367e-03 -2.0034e-03 -1.6701e-03 -1.3367e-03 -1.0034e-03 -6.7010e-04 -3.3677e-04 -3.4375e-06 +3.2990e-04 +6.6324e-04 +9.9658e-04 +1.3299e-03 +1.6633e-03 +1.9966e-03 +2.3300e-03 +2.6634e-03 +2.9967e-03 +3.3301e-03 +3.6635e-03 +3.9968e-03 +4.3302e-03 +4.6636e-03 +4.9970e-03 +5.3304e-03 +5.6638e-03 +5.9971e-03 +6.3305e-03 +6.6639e-03 +6.9973e-03 +7.3307e-03 +7.6641e-03 +7.9975e-03 +8.3309e-03 +8.6643e-03 +8.9977e-03 +9.3311e-03 +9.6645e-03 +9.9978e-03 
-0000.00100 -1.0002e-02 -9.6689e-03 -9.3356e-03 -9.0023e-03 -8.6691e-03 -8.3358e-03 -8.0025e-03 -7.6692e-03 -7.3360e-03 -7.0027e-03 -6.6694e-03 -6.3361e-03 -6.0029e-03 -5.6696e-03 -5.3363e-03 -5.0030e-03 -4.6697e-03 -4.3365e-03 -4.0032e-03 -3.6699e-03 -3.3366e-03 -3.0033e-03 -2.6700e-03 -2.3367e-03 -2.0034e-03 -1.6701e-03 -1.3367e-03 -1.0034e-03 -6.7009e-04 -3.3677e-04 -3.4339e-06 +3.2990e-04 +6.6324e-04 +9.9658e-04 +1.3299e-03 +1.6633e-03 +1.9966e-03 +2.3300e-03 +2.6634e-03 +2.9967e-03 +3.3301e-03 +3.6635e-03 +3.9968e-03 +4.3302e-03 +4.6636e-03 +4.9970e-03 +5.3304e-03 +5.6637e-03 +5.9971e-03 +6.3305e-03 +6.6639e-03 +6.9973e-03 +7.3307e-03 +7.6641e-03 +7.9975e-03 +8.3309e-03 +8.6643e-03 +8.9977e-03 +9.3310e-03 +9.6644e-03 +9.9978e-03 
-0000.00150 -1.0002e-02 -9.6689e-03 -9.3356e-03 -9.0024e-03 -8.6691e-03 -8.3358e-03 -8.0025e-03 -7.6693e-03 -7.3360e-03 -7.0027e-03 -6.6694e-03 -6.3362e-03 -6.0029e-03 -5.6696e-03 -5.3363e-03 -5.0030e-03 -4.6698e-03 -4.3365e-03 -4.0032e-03 -3.6699e-03 -3.3366e-03 -3.0033e-03 -2.6700e-03 -2.3367e-03 -2.0034e-03 -1.6701e-03 -1.3367e-03 -1.0034e-03 -6.7009e-04 -3.3677e-04 -3.4354e-06 +3.2990e-04 +6.6324e-04 +9.9658e-04 +1.3299e-03 +1.6633e-03 +1.9966e-03 +2.3300e-03 +2.6633e-03 +2.9967e-03 +3.3301e-03 +3.6634e-03 +3.9968e-03 +4.3302e-03 +4.6636e-03 +4.9970e-03 +5.3303e-03 +5.6637e-03 +5.9971e-03 +6.3305e-03 +6.6639e-03 +6.9973e-03 +7.3307e-03 +7.6641e-03 +7.9975e-03 +8.3309e-03 +8.6642e-03 +8.9976e-03 +9.3310e-03 +9.6644e-03 +9.9978e-03 
-0000.00200 -1.0002e-02 -9.6688e-03 -9.3356e-03 -9.0024e-03 -8.6691e-03 -8.3359e-03 -8.0026e-03 -7.6694e-03 -7.3361e-03 -7.0028e-03 -6.6696e-03 -6.3363e-03 -6.0030e-03 -5.6697e-03 -5.3364e-03 -5.0031e-03 -4.6698e-03 -4.3365e-03 -4.0032e-03 -3.6699e-03 -3.3366e-03 -3.0033e-03 -2.6700e-03 -2.3367e-03 -2.0034e-03 -1.6700e-03 -1.3367e-03 -1.0034e-03 -6.7005e-04 -3.3672e-04 -3.3894e-06 +3.2994e-04 +6.6328e-04 +9.9662e-04 +1.3300e-03 +1.6633e-03 +1.9966e-03 +2.3300e-03 +2.6633e-03 +2.9967e-03 +3.3301e-03 +3.6634e-03 +3.9968e-03 +4.3301e-03 +4.6635e-03 +4.9969e-03 +5.3302e-03 +5.6636e-03 +5.9970e-03 +6.3304e-03 +6.6638e-03 +6.9972e-03 +7.3306e-03 +7.6640e-03 +7.9974e-03 +8.3308e-03 +8.6642e-03 +8.9976e-03 +9.3311e-03 +9.6645e-03 +9.9980e-03 
# Vertical Final Position [m]
START
            -0000.01000 -0000.00967 -0000.00933 -0000.00900 -0000.00867 -0000.00833 -0000.00800 -0000.00767 -0000.00733 -0000.00700 -0000.00667 -0000.00633 -0000.00600 -0000.00567 -0000.00533 -0000.00500 -0000.00467 -0000.00433 -0000.00400 -0000.00367 -0000.00333 -0000.00300 -0000.00267 -0000.00233 -0000.00200 -0000.00167 -0000.00133 -0000.00100 -0000.00067 -0000.00033 +0000.00000 +0000.00033 +0000.00067 +0000.00100 +0000.00133 +0000.00167 +0000.00200 +0000.00233 +0000.00267 +0000.00300 +0000.00333 +0000.00367 +0000.00400 +0000.00433 +0000.00467 +0000.00500 +0000.00533 +0000.00567 +0000.00600 +0000.00633 +0000.00667 +0000.00700 +0000.00733 +0000.00767 +0000.00800 +0000.00833 +0000.00867 +0000.00900 +0000.00933 +0000.00967 +0000.01000 
+0000.00200 +2.0003e-03 +2.0003e-03 +2.0003e-03 +2.0003e-03 +2.0003e-03 +2.0003e-03 +2.0003e-03 +2.0003e-03 +2.0003e-03 +2.0003e-03 +2.0003e-03 +2.0003e-03 +2.0003e-03 +2.0003e-03 +2.0003e-03 +2.0003e-03 +2.0003e-03 +2.0002e-03 +2.0002e-03 +2.0002e-03 +2.0002e-03 +2.0002e-03 +2.0001e-03 +2.0001e-03 +2.0001e-03 +2.0001e-03 +2.0000e-03 +2.0000e-03 +2.0000e-03 +2.0000e-03 +1.9999e-03 +1.9999e-03 +1.9999e-03 +1.9999e-03 +1.9998e-03 +1.9998e-03 +1.9998e-03 +1.9998e-03 +1.9997e-03 +1.9997e-03 +1.9997e-03 +1.9997e-03 +1.9997e-03 +1.9996e-03 +1.9996e-03 +1.9996e-03 +1.9996e-03 +1.9996e-03 +1.9996e-03 +1.9996e-03 +1.9996e-03 +1.9996e-03 +1.9996e-03 +1.9996e-03 +1.9996e-03 +1.9996e-03 +1.9996e-03 +1.9996e-03 +1.9996e-03 +1.9996e-03 +1.9996e-03 
+0000.00150 +1.5002e-03 +1.5002e-03 +1.5002e-03 +1.5002e-03 +1.5002e-03 +1.5002e-03 +1.5002e-03 +1.5003e-03 +1.5003e-03 +1.5003e-03 +1.5003e-03 +1.5003e-03 +1.5002e-03 +1.5002e-03 +1.5002e-03 +1.5002e-03 +1.5002e-03 +1.5002e-03 +1.5002e-03 +1.5002e-03 +1.5002e-03 +1.5001e-03 +1.5001e-03 +1.5001e-03 +1.5001e-03 +1.5001e-03 +1.5000e-03 +1.5000e-03 +1.5000e-03 +1.5000e-03 +1.5000e-03 +1.4999e-03 +1.4999e-03 +1.4999e-03 +1.4999e-03 +1.4999e-03 +1.4998e-03 +1.4998e-03 +1.4998e-03 +1.4998e-03 +1.4998e-03 +1.4998e-03 +1.4997e-03 +1.4997e-03 +1.4997e-03 +1.4997e-03 +1.4997e-03 +1.4997e-03 +1.4997e-03 +1.4997e-03 +1.4997e-03 +1.4997e-03 +1.4997e-03 +1.4997e-03 +1.4997e-03 +1.4997e-03 +1.4997e-03 +1.4997e-03 +1.4997e-03 +1.4998e-03 +1.4998e-03 
+0000.00100 +1.0001e-03 +1.0001e-03 +1.0001e-03 +1.0001e-03 +1.0002e-03 +1.0002e-03 +1.0002e-03 +1.0002e-03 +1.0002e-03 +1.0002e-03 +1.0002e-03 +1.0002e-03 +1.0002e-03 +1.0002e-03 +1.0002e-03 +1.0002e-03 +1.0001e-03 +1.0001e-03 +1.0001e-03 +1.0001e-03 +1.0001e-03 +1.0001e-03 +1.0001e-03 +1.0001e-03 +1.0001e-03 +1.0000e-03 +1.0000e-03 +1.0000e-03 +1.0000e-03 +9.9999e-04 +9.9998e-04 +9.9996e-04 +9.9995e-04 +9.9993e-04 +9.9992e-04 +9.9991e-04 +9.9989e-04 +9.9988e-04 +9.9987e-04 +9.9986e-04 +9.9985e-04 +9.9984e-04 +9.9983e-04 +9.9982e-04 +9.9981e-04 +9.9981e-04 +9.9980e-04 +9.9979e-04 +9.9979e-04 +9.9979e-04 +9.9979e-04 +9.9979e-04 +9.9979e-04 +9.9979e-04 +9.9980e-04 +9.9980e-04 +9.9981e-04 +9.9982e-04 +9.9983e-04 +9.9985e-04 +9.9986e-04 
+0000.00050 +5.0004e-04 +5.0005e-04 +5.0006e-04 +5.0006e-04 +5.0007e-04 +5.0007e-04 +5.0008e-04 +5.0008e-04 +5.0008e-04 +5.0008e-04 +5.0008e-04 +5.0008e-04 +5.0008e-04 +5.0008e-04 +5.0008e-04 +5.0007e-04 +5.0007e-04 +5.0007e-04 +5.0006e-04 +5.0006e-04 +5.0005e-04 +5.0005e-04 +5.0004e-04 +5.0003e-04 +5.0003e-04 +5.0002e-04 +5.0002e-04 +5.0001e-04 +5.0000e-04 +5.0000e-04 +4.9999e-04 +4.9998e-04 +4.9997e-04 +4.9997e-04 +4.9996e-04 +4.9995e-04 +4.9995e-04 +4.9994e-04 +4.9994e-04 +4.9993e-04 +4.9993e-04 +4.9992e-04 +4.9992e-04 +4.9991e-04 +4.9991e-04 +4.9990e-04 +4.9990e-04 +4.9990e-04 +4.9990e-04 +4.9990e-04 +4.9990e-04 +4.9990e-04 +4.9990e-04 +4.9990e-04 +4.9990e-04 +4.9990e-04 +4.9991e-04 +4.9991e-04 +4.9992e-04 +4.9993e-04 +4.9993e-04 
+0000.00000 -3.6569e-12 -4.8236e-12 -5.9828e-12 -7.1310e-12 -8.2651e-12 -9.3818e-12 -1.0478e-11 -1.1551e-11 -1.2598e-11 -1.3617e-11 -1.4604e-11 -1.5557e-11 -1.6475e-11 -1.7354e-11 -1.8194e-11 -1.8991e-11 -1.9744e-11 -2.0452e-11 -2.1113e-11 -2.1725e-11 -2.2287e-11 -2.2798e-11 -2.3256e-11 -2.3662e-11 -2.4014e-11 -2.4311e-11 -2.4553e-11 -2.4739e-11 -2.4869e-11 -2.4943e-11 -2.4961e-11 -2.4922e-11 -2.4827e-11 -2.4676e-11 -2.4470e-11 -2.4208e-11 -2.3893e-11 -2.3523e-11 -2.3101e-11 -2.2627e-11 -2.2103e-11 -2.1529e-11 -2.0907e-11 -2.0239e-11 -1.9526e-11 -1.8769e-11 -1.7971e-11 -1.7134e-11 -1.6260e-11 -1.5351e-11 -1.4409e-11 -1.3436e-11 -1.2437e-11 -1.1412e-11 -1.0365e-11 -9.2993e-12 -8.2173e-12 -7.1225e-12 -6.0182e-12 -4.9077e-12 -3.7948e-12 
-0000.00050 -5.0004e-04 -5.0005e-04 -5.0006e-04 -5.0006e-04 -5.0007e-04 -5.0007e-04 -5.0008e-04 -5.0008e-04 -5.0008e-04 -5.0008e-04 -5.0008e-04 -5.0008e-04 -5.0008e-04 -5.0008e-04 -5.0008e-04 -5.0007e-04 -5.0007e-04 -5.0007e-04 -5.0006e-04 -5.0006e-04 -5.0005e-04 -5.0005e-04 -5.0004e-04 -5.0003e-04 -5.0003e-04 -5.0002e-04 -5.0002e-04 -5.0001e-04 -5.0000e-04 -5.0000e-04 -4.9999e-04 -4.9998e-04 -4.9997e-04 -4.9997e-04 -4.9996e-04 -4.9995e-04 -4.9995e-04 -4.9994e-04 -4.9994e-04 -4.9993e-04 -4.9993e-04 -4.9992e-04 -4.9992e-04 -4.9991e-04 -4.9991e-04 -4.9990e-04 -4.9990e-04 -4.9990e-04 -4.9990e-04 -4.9990e-04 -4.9990e-04 -4.9990e-04 -4.9990e-04 -4.9990e-04 -4.9990e-04 -4.9990e-04 -4.9991e-04 -4.9991e-04 -4.9992e-04 -4.9993e-04 -4.9993e-04 
-0000.00100 -1.0001e-03 -1.0001e-03 -1.0001e-03 -1.0001e-03 -1.0002e-03 -1.0002e-03 -1.0002e-03 -1.0002e-03 -1.0002e-03 -1.0002e-03 -1.0002e-03 -1.0002e-03 -1.0002e-03 -1.0002e-03 -1.0002e-03 -1.0002e-03 -1.0001e-03 -1.0001e-03 -1.0001e-03 -1.0001e-03 -1.0001e-03 -1.0001e-03 -1.0001e-03 -1.0001e-03 -1.0001e-03 -1.0000e-03 -1.0000e-03 -1.0000e-03 -1.0000e-03 -9.9999e-04 -9.9998e-04 -9.9996e-04 -9.9995e-04 -9.9993e-04 -9.9992e-04 -9.9991e-04 -9.9989e-04 -9.9988e-04 -9.9987e-04 -9.9986e-04 -9.9985e-04 -9.9984e-04 -9.9983e-04 -9.9982e-04 -9.9981e-04 -9.9981e-04 -9.9980e-04 -9.9979e-04 -9.9979e-04 -9.9979e-04 -9.9979e-04 -9.9979e-04 -9.9979e-04 -9.9979e-04 -9.9980e-04 -9.9980e-04 -9.9981e-04 -9.9982e-04 -9.9983e-04 -9.9985e-04 -9.9986e-04 
-0000.00150 -1.5002e-03 -1.5002e-03 -1.5002e-03 -1.5002e-03 -1.5002e-03 -1.5002e-03 -1.5002e-03 -1.5003e-03 -1.5003e-03 -1.5003e-03 -1.5003e-03 -1.5003e-03 -1.5002e-03 -1.5002e-03 -1.5002e-03 -1.5002e-03 -1.5002e-03 -1.5002e-03 -1.5002e-03 -1.5002e-03 -1.5002e-03 -1.5001e-03 -1.5001e-03 -1.5001e-03 -1.5001e-03 -1.5001e-03 -1.5000e-03 -1.5000e-03 -1.5000e-03 -1.5000e-03 -1.5000e-03 -1.4999e-03 -1.4999e-03 -1.4999e-03 -1.4999e-03 -1.4999e-03 -1.4998e-03 -1.4998e-03 -1.4998e-03 -1.4998e-03 -1.4998e-03 -1.4998e-03 -1.4997e-03 -1.4997e-03 -1.4997e-03 -1.4997e-03 -1.4997e-03 -1.4997e-03 -1.4997e-03 -1.4997e-03 -1.4997e-03 -1.4997e-03 -1.4997e-03 -1.4997e-03 -1.4997e-03 -1.4997e-03 -1.4997e-03 -1.4997e-03 -1.4997e-03 -1.4998e-03 -1.4998e-03 
-0000.00200 -2.0003e-03 -2.0003e-03 -2.0003e-03 -2.0003e-03 -2.0003e-03 -2.0003e-03 -2.0003e-03 -2.0003e-03 -2.0003e-03 -2.0003e-03 -2.0003e-03 -2.0003e-03 -2.0003e-03 -2.0003e-03 -2.0003e-03 -2.0003e-03 -2.0003e-03 -2.0002e-03 -2.0002e-03 -2.0002e-03 -2.0002e-03 -2.0002e-03 -2.0001e-03 -2.0001e-03 -2.0001e-03 -2.0001e-03 -2.0000e-03 -2.0000e-03 -2.0000e-03 -2.0000e-03 -1.9999e-03 -1.9999e-03 -1.9999e-03 -1.9999e-03 -1.9998e-03 -1.9998e-03 -1.9998e-03 -1.9998e-03 -1.9997e-03 -1.9997e-03 -1.9997e-03 -1.9997e-03 -1.9997e-03 -1.9996e-03 -1.9996e-03 -1.9996e-03 -1.9996e-03 -1.9996e-03 -1.9996e-03 -1.9996e-03 -1.9996e-03 -1.9996e-03 -1.9996e-03 -1.9996e-03 -1.9996e-03 -1.9996e-03 -1.9996e-03 -1.9996e-03 -1.9996e-03 -1.9996e-03 -1.9996e-03 