# Author: FAC idanalysis.IDKickMap
# Termination_kicks [T2m2]: +0.0000e+00 +0.0000e+00 +0.0000e+00 +0.0000e+00 
# Total Length of Longitudinal Interval [m]
0.13
# Number of Horizontal Points
61
# Number of Vertical Points
9
# Total Horizontal 2nd Order Kick [T2m2]
START
            -0000.01000 -0000.00967 -0000.00933 -0000.00900 -0000.00867 -0000.00833 -0000.00800 -0000.00767 -0000.00733 -0000.00700 -0000.00667 -0000.00633 -0000.00600 -0000.00567 -0000.00533 -0000.00500 -0000.00467 -0000.00433 -0000.00400 -0000.00367 -0000.00333 -0000.00300 -0000.00267 -0000.00233 -0000.00200 -0000.00167 -0000.00133 -0000.00100 -0000.00067 -0000.00033 +0000.00000 +0000.00033 +0000.00067 +0000.00100 +0000.00133 +0000.00167 +0000.00200 +0000.00233 +0000.00267 +0000.00300 +0000.00333 +0000.00367 +0000.00400 +0000.00433 +0000.00467 +0000.00500 +0000.00533 +0000.00567 +0000.00600 +0000.00633 +0000.00667 +0000.00700 +0000.00733 +0000.00767 +0000.00800 +0000.00833 +0000.00867 +0000.00900 +0000.00933 +0000.00967 +0000.01000 
+0000.00200 -8.9890e-06 -8.3090e-06 -7.6790e-06 -7.0790e-06 -6.5190e-06 -5.9990e-06 -5.4990e-06 -5.0390e-06 -4.5990e-06 -4.1990e-06 -3.8190e-06 -3.4690e-06 -3.1370e-06 -2.8320e-06 -2.5500e-06 -2.2890e-06 -2.0490e-06 -1.8290e-06 -1.6280e-06 -1.4450e-06 -1.2800e-06 -1.1320e-06 -1.0000e-06 -8.8400e-07 -7.8400e-07 -6.9900e-07 -6.2900e-07 -5.7300e-07 -5.3200e-07 -5.0500e-07 -4.9200e-07 -4.9300e-07 -5.0800e-07 -5.3800e-07 -5.8200e-07 -6.4100e-07 -7.1400e-07 -8.0300e-07 -9.0700e-07 -1.0280e-06 -1.1640e-06 -1.3180e-06 -1.4900e-06 -1.6800e-06 -1.8890e-06 -2.1190e-06 -2.3680e-06 -2.6400e-06 -2.9340e-06 -3.2520e-06 -3.5990e-06 -3.9590e-06 -4.3590e-06 -4.7790e-06 -5.2390e-06 -5.7190e-06 -6.2390e-06 -6.7890e-06 -7.3790e-06 -7.9990e-06 -8.6690e-06 
+0000.00150 -8.4190e-06 -7.7890e-06 -7.1890e-06 -6.6190e-06 -6.0790e-06 -5.5590e-06 -5.0790e-06 -4.6190e-06 -4.1790e-06 -3.7690e-06 -3.3890e-06 -3.0260e-06 -2.6870e-06 -2.3690e-06 -2.0720e-06 -1.7960e-06 -1.5400e-06 -1.3040e-06 -1.0870e-06 -8.8800e-07 -7.0700e-07 -5.4500e-07 -4.0000e-07 -2.7200e-07 -1.6100e-07 -6.6000e-08 +1.1000e-08 +7.3000e-08 +1.1800e-07 +1.4700e-07 +1.6000e-07 +1.5700e-07 +1.3800e-07 +1.0300e-07 +5.1000e-08 -1.7000e-08 -1.0100e-07 -2.0200e-07 -3.2000e-07 -4.5500e-07 -6.0700e-07 -7.7700e-07 -9.6600e-07 -1.1730e-06 -1.3990e-06 -1.6450e-06 -1.9100e-06 -2.1960e-06 -2.5030e-06 -2.8320e-06 -3.1830e-06 -3.5590e-06 -3.9590e-06 -4.3790e-06 -4.8290e-06 -5.2990e-06 -5.7990e-06 -6.3290e-06 -6.8890e-06 -7.4790e-06 -8.0990e-06 
+0000.00100 -8.5390e-06 -7.9190e-06 -7.3390e-06 -6.7790e-06 -6.2490e-06 -5.7390e-06 -5.2590e-06 -4.8090e-06 -4.3690e-06 -3.9590e-06 -3.5690e-06 -3.2060e-06 -2.8620e-06 -2.5380e-06 -2.2350e-06 -1.9520e-06 -1.6890e-06 -1.4450e-06 -1.2200e-06 -1.0140e-06 -8.2700e-07 -6.5700e-07 -5.0600e-07 -3.7300e-07 -2.5700e-07 -1.5800e-07 -7.7000e-08 -1.3000e-08 +3.4000e-08 +6.4000e-08 +7.7000e-08 +7.3000e-08 +5.3000e-08 +1.5000e-08 -4.0000e-08 -1.1200e-07 -2.0100e-07 -3.0800e-07 -4.3200e-07 -5.7400e-07 -7.3300e-07 -9.1100e-07 -1.1070e-06 -1.3220e-06 -1.5560e-06 -1.8090e-06 -2.0820e-06 -2.3740e-06 -2.6870e-06 -3.0210e-06 -3.3790e-06 -3.7490e-06 -4.1490e-06 -4.5790e-06 -5.0190e-06 -5.4890e-06 -5.9790e-06 -6.4990e-06 -7.0490e-06 -7.6190e-06 -8.2190e-06 
+0000.00050 -8.6090e-06 -8.0090e-06 -7.4290e-06 -6.8790e-06 -6.3490e-06 -5.8490e-06 -5.3690e-06 -4.9090e-06 -4.4790e-06 -4.0690e-06 -3.6790e-06 -3.3070e-06 -2.9600e-06 -2.6340e-06 -2.3270e-06 -2.0410e-06 -1.7750e-06 -1.5280e-06 -1.3000e-06 -1.0900e-06 -9.0000e-07 -7.2800e-07 -5.7400e-07 -4.3800e-07 -3.2000e-07 -2.1900e-07 -1.3600e-07 -7.1000e-08 -2.3000e-08 +7.0000e-09 +2.0000e-08 +1.6000e-08 -6.0000e-09 -4.5000e-08 -1.0100e-07 -1.7500e-07 -2.6600e-07 -3.7500e-07 -5.0200e-07 -6.4700e-07 -8.1000e-07 -9.9100e-07 -1.1910e-06 -1.4090e-06 -1.6460e-06 -1.9030e-06 -2.1790e-06 -2.4740e-06 -2.7900e-06 -3.1270e-06 -3.4790e-06 -3.8590e-06 -4.2590e-06 -4.6890e-06 -5.1290e-06 -5.5990e-06 -6.0890e-06 -6.5990e-06 -7.1390e-06 -7.7090e-06 -8.2990e-06 
+0000.00000 -8.6390e-06 -8.0390e-06 -7.4590e-06 -6.9090e-06 -6.3790e-06 -5.8790e-06 -5.3990e-06 -4.9390e-06 -4.5090e-06 -4.0990e-06 -3.7090e-06 -3.3390e-06 -2.9910e-06 -2.6640e-06 -2.3570e-06 -2.0700e-06 -1.8030e-06 -1.5550e-06 -1.3260e-06 -1.1160e-06 -9.2400e-07 -7.5100e-07 -5.9600e-07 -4.6000e-07 -3.4100e-07 -2.4000e-07 -1.5700e-07 -9.2000e-08 -4.4000e-08 -1.3000e-08 +0.0000e+00 -4.0000e-09 -2.6000e-08 -6.5000e-08 -1.2200e-07 -1.9700e-07 -2.8900e-07 -3.9800e-07 -5.2600e-07 -6.7200e-07 -8.3600e-07 -1.0180e-06 -1.2180e-06 -1.4380e-06 -1.6760e-06 -1.9330e-06 -2.2100e-06 -2.5070e-06 -2.8240e-06 -3.1610e-06 -3.5190e-06 -3.8990e-06 -4.2990e-06 -4.7190e-06 -5.1690e-06 -5.6290e-06 -6.1190e-06 -6.6390e-06 -7.1690e-06 -7.7390e-06 -8.3290e-06 
-0000.00050 -8.6090e-06 -8.0090e-06 -7.4290e-06 -6.8790e-06 -6.3490e-06 -5.8490e-06 -5.3690e-06 -4.9090e-06 -4.4790e-06 -4.0590e-06 -3.6690e-06 -3.3060e-06 -2.9590e-06 -2.6320e-06 -2.3260e-06 -2.0400e-06 -1.7740e-06 -1.5260e-06 -1.2990e-06 -1.0890e-06 -8.9900e-07 -7.2700e-07 -5.7300e-07 -4.3700e-07 -3.1900e-07 -2.1900e-07 -1.3600e-07 -7.1000e-08 -2.3000e-08 +7.0000e-09 +2.0000e-08 +1.6000e-08 -6.0000e-09 -4.5000e-08 -1.0100e-07 -1.7500e-07 -2.6700e-07 -3.7600e-07 -5.0300e-07 -6.4800e-07 -8.1000e-07 -9.9200e-07 -1.1910e-06 -1.4100e-06 -1.6470e-06 -1.9030e-06 -2.1790e-06 -2.4750e-06 -2.7910e-06 -3.1280e-06 -3.4890e-06 -3.8590e-06 -4.2590e-06 -4.6890e-06 -5.1290e-06 -5.5990e-06 -6.0890e-06 -6.5990e-06 -7.1390e-06 -7.7090e-06 -8.2990e-06 
-0000.00100 -8.5390e-06 -7.9190e-06 -7.3390e-06 -6.7790e-06 -6.2490e-06 -5.7390e-06 -5.2590e-06 -4.8090e-06 -4.3690e-06 -3.9590e-06 -3.5690e-06 -3.2060e-06 -2.8610e-06 -2.5380e-06 -2.2340e-06 -1.9510e-06 -1.6880e-06 -1.4440e-06 -1.2190e-06 -1.0130e-06 -8.2600e-07 -6.5700e-07 -5.0500e-07 -3.7200e-07 -2.5600e-07 -1.5700e-07 -7.6000e-08 -1.2000e-08 +3.5000e-08 +6.5000e-08 +7.8000e-08 +7.4000e-08 +5.3000e-08 +1.5000e-08 -4.0000e-08 -1.1200e-07 -2.0100e-07 -3.0800e-07 -4.3200e-07 -5.7400e-07 -7.3400e-07 -9.1200e-07 -1.1080e-06 -1.3230e-06 -1.5570e-06 -1.8100e-06 -2.0830e-06 -2.3760e-06 -2.6890e-06 -3.0230e-06 -3.3790e-06 -3.7590e-06 -4.1590e-06 -4.5790e-06 -5.0190e-06 -5.4890e-06 -5.9890e-06 -6.5090e-06 -7.0490e-06 -7.6190e-06 -8.2190e-06 
-0000.00150 -8.4190e-06 -7.7790e-06 -7.1790e-06 -6.6190e-06 -6.0690e-06 -5.5590e-06 -5.0790e-06 -4.6190e-06 -4.1790e-06 -3.7690e-06 -3.3890e-06 -3.0250e-06 -2.6850e-06 -2.3670e-06 -2.0710e-06 -1.7950e-06 -1.5390e-06 -1.3030e-06 -1.0850e-06 -8.8700e-07 -7.0600e-07 -5.4400e-07 -3.9900e-07 -2.7100e-07 -1.6000e-07 -6.6000e-08 +1.2000e-08 +7.3000e-08 +1.1800e-07 +1.4700e-07 +1.6000e-07 +1.5700e-07 +1.3800e-07 +1.0200e-07 +5.1000e-08 -1.7000e-08 -1.0100e-07 -2.0200e-07 -3.2000e-07 -4.5500e-07 -6.0800e-07 -7.7800e-07 -9.6700e-07 -1.1740e-06 -1.4000e-06 -1.6460e-06 -1.9110e-06 -2.1970e-06 -2.5050e-06 -2.8340e-06 -3.1850e-06 -3.5590e-06 -3.9590e-06 -4.3790e-06 -4.8290e-06 -5.2990e-06 -5.7990e-06 -6.3290e-06 -6.8890e-06 -7.4790e-06 -8.0990e-06 
-0000.00200 -8.9890e-06 -8.3090e-06 -7.6790e-06 -7.0790e-06 -6.5190e-06 -5.9990e-06 -5.4990e-06 -5.0390e-06 -4.5990e-06 -4.1990e-06 -3.8190e-06 -3.4590e-06 -3.1340e-06 -2.8300e-06 -2.5470e-06 -2.2870e-06 -2.0470e-06 -1.8270e-06 -1.6260e-06 -1.4430e-06 -1.2780e-06 -1.1300e-06 -9.9900e-07 -8.8300e-07 -7.8300e-07 -6.9800e-07 -6.2800e-07 -5.7300e-07 -5.3200e-07 -5.0500e-07 -4.9200e-07 -4.9300e-07 -5.0900e-07 -5.3900e-07 -5.8300e-07 -6.4200e-07 -7.1500e-07 -8.0400e-07 -9.0800e-07 -1.0290e-06 -1.1660e-06 -1.3190e-06 -1.4910e-06 -1.6810e-06 -1.8900e-06 -2.1190e-06 -2.3690e-06 -2.6410e-06 -2.9350e-06 -3.2530e-06 -3.5990e-06 -3.9590e-06 -4.3590e-06 -4.7790e-06 -5.2390e-06 -5.7190e-06 -6.2390e-06 -6.7890e-06 -7.3790e-06 -7.9990e-06 -8.6690e-06 
# Total Vertical 2nd Order Kick [T2m2]
START
            -0000.01000 -0000.00967 -0000.00933 -0000.00900 -0000.00867 -0000.00833 -0000.00800 -0000.00767 -0000.00733 -0000.00700 -0000.00667 -0000.00633 -0000.00600 -0000.00567 -0000.00533 -0000.00500 -0000.00467 -0000.00433 -0000.00400 -0000.00367 -0000.00333 -0000.00300 -0000.00267 -0000.00233 -0000.00200 -0000.00167 -0000.00133 -0000.00100 -0000.00067 -0000.00033 +0000.00000 +0000.00033 +0000.00067 +0000.00100 +0000.00133 +0000.00167 +0000.00200 +0000.00233 +0000.00267 +0000.00300 +0000.00333 +0000.00367 +0000.00400 +0000.00433 +0000.00467 +0000.00500 +0000.00533 +0000.00567 +0000.00600 +0000.00633 +0000.00667 +0000.00700 +0000.00733 +0000.00767 +0000.00800 +0000.00833 +0000.00867 +0000.00900 +0000.00933 +0000.00967 +0000.01000 
+0000.00200 -1.6101e-04 -1.6091e-04 -1.6080e-04 -1.6069e-04 -1.6057e-04 -1.6046e-04 -1.6034e-04 -1.6022e-04 -1.6011e-04 -1.5999e-04 -1.5986e-04 -1.5974e-04 -1.5962e-04 -1.5950e-04 -1.5938e-04 -1.5925e-04 -1.5913e-04 -1.5901e-04 -1.5889e-04 -1.5876e-04 -1.5864e-04 -1.5852e-04 -1.5840e-04 -1.5828e-04 -1.5817e-04 -1.5805e-04 -1.5793e-04 -1.5782e-04 -1.5770e-04 -1.5759e-04 -1.5747e-04 -1.5736e-04 -1.5725e-04 -1.5714e-04 -1.5703e-04 -1.5692e-04 -1.5681e-04 -1.5670e-04 -1.5659e-04 -1.5648e-04 -1.5637e-04 -1.5627e-04 -1.5616e-04 -1.5605e-04 -1.5594e-04 -1.5583e-04 -1.5571e-04 -1.5560e-04 -1.5549e-04 -1.5537e-04 -1.5525e-04 -1.5514e-04 -1.5501e-04 -1.5489e-04 -1.5476e-04 -1.5463e-04 -1.5450e-04 -1.5436e-04 -1.5422e-04 -1.5407e-04 -1.5392e-04 
+0000.00150 -1.0662e-04 -1.0653e-04 -1.0644e-04 -1.0635e-04 -1.0626e-04 -1.0617e-04 -1.0608e-04 -1.0599e-04 -1.0590e-04 -1.0581e-04 -1.0572e-04 -1.0563e-04 -1.0554e-04 -1.0545e-04 -1.0536e-04 -1.0527e-04 -1.0518e-04 -1.0509e-04 -1.0500e-04 -1.0491e-04 -1.0483e-04 -1.0474e-04 -1.0465e-04 -1.0456e-04 -1.0448e-04 -1.0439e-04 -1.0431e-04 -1.0422e-04 -1.0414e-04 -1.0405e-04 -1.0397e-04 -1.0389e-04 -1.0380e-04 -1.0372e-04 -1.0364e-04 -1.0356e-04 -1.0347e-04 -1.0339e-04 -1.0331e-04 -1.0323e-04 -1.0314e-04 -1.0306e-04 -1.0298e-04 -1.0289e-04 -1.0281e-04 -1.0272e-04 -1.0264e-04 -1.0255e-04 -1.0247e-04 -1.0238e-04 -1.0229e-04 -1.0220e-04 -1.0210e-04 -1.0201e-04 -1.0191e-04 -1.0182e-04 -1.0172e-04 -1.0161e-04 -1.0151e-04 -1.0140e-04 -1.0129e-04 
+0000.00100 -6.5024e-05 -6.4961e-05 -6.4898e-05 -6.4836e-05 -6.4774e-05 -6.4712e-05 -6.4650e-05 -6.4588e-05 -6.4527e-05 -6.4466e-05 -6.4405e-05 -6.4344e-05 -6.4284e-05 -6.4224e-05 -6.4165e-05 -6.4106e-05 -6.4047e-05 -6.3988e-05 -6.3930e-05 -6.3872e-05 -6.3814e-05 -6.3757e-05 -6.3700e-05 -6.3644e-05 -6.3587e-05 -6.3531e-05 -6.3475e-05 -6.3419e-05 -6.3364e-05 -6.3309e-05 -6.3253e-05 -6.3198e-05 -6.3143e-05 -6.3089e-05 -6.3034e-05 -6.2979e-05 -6.2924e-05 -6.2869e-05 -6.2814e-05 -6.2759e-05 -6.2703e-05 -6.2647e-05 -6.2591e-05 -6.2535e-05 -6.2478e-05 -6.2421e-05 -6.2363e-05 -6.2305e-05 -6.2246e-05 -6.2186e-05 -6.2125e-05 -6.2064e-05 -6.2002e-05 -6.1938e-05 -6.1874e-05 -6.1809e-05 -6.1742e-05 -6.1674e-05 -6.1605e-05 -6.1534e-05 -6.1461e-05 
+0000.00050 -3.0804e-05 -3.0771e-05 -3.0739e-05 -3.0707e-05 -3.0675e-05 -3.0644e-05 -3.0613e-05 -3.0581e-05 -3.0551e-05 -3.0520e-05 -3.0489e-05 -3.0459e-05 -3.0429e-05 -3.0399e-05 -3.0370e-05 -3.0340e-05 -3.0311e-05 -3.0282e-05 -3.0253e-05 -3.0224e-05 -3.0196e-05 -3.0168e-05 -3.0139e-05 -3.0111e-05 -3.0083e-05 -3.0056e-05 -3.0028e-05 -3.0000e-05 -2.9973e-05 -2.9945e-05 -2.9918e-05 -2.9891e-05 -2.9863e-05 -2.9836e-05 -2.9809e-05 -2.9782e-05 -2.9754e-05 -2.9727e-05 -2.9699e-05 -2.9671e-05 -2.9644e-05 -2.9616e-05 -2.9588e-05 -2.9559e-05 -2.9531e-05 -2.9502e-05 -2.9473e-05 -2.9443e-05 -2.9414e-05 -2.9384e-05 -2.9353e-05 -2.9322e-05 -2.9291e-05 -2.9259e-05 -2.9227e-05 -2.9194e-05 -2.9160e-05 -2.9126e-05 -2.9091e-05 -2.9056e-05 -2.9020e-05 
+0000.00000 +2.5620e-09 +2.4040e-09 +2.2500e-09 +2.1020e-09 +1.9580e-09 +1.8200e-09 +1.6880e-09 +1.5600e-09 +1.4370e-09 +1.3200e-09 +1.2070e-09 +1.1000e-09 +9.9700e-10 +9.0000e-10 +8.0700e-10 +7.2000e-10 +6.3700e-10 +5.6000e-10 +4.8700e-10 +4.1900e-10 +3.5700e-10 +2.9900e-10 +2.4600e-10 +1.9800e-10 +1.5500e-10 +1.1700e-10 +8.4000e-11 +5.5000e-11 +3.2000e-11 +1.4000e-11 +0.0000e+00 -8.0000e-12 -1.1000e-11 -1.0000e-11 -3.0000e-12 +8.0000e-12 +2.5000e-11 +4.7000e-11 +7.4000e-11 +1.0600e-10 +1.4300e-10 +1.8500e-10 +2.3300e-10 +2.8600e-10 +3.4400e-10 +4.0700e-10 +4.7600e-10 +5.5000e-10 +6.2900e-10 +7.1400e-10 +8.0500e-10 +9.0100e-10 +1.0020e-09 +1.1090e-09 +1.2220e-09 +1.3410e-09 +1.4650e-09 +1.5950e-09 +1.7310e-09 +1.8730e-09 +2.0210e-09 
-0000.00050 +3.0809e-05 +3.0777e-05 +3.0744e-05 +3.0712e-05 +3.0680e-05 +3.0648e-05 +3.0617e-05 +3.0585e-05 +3.0554e-05 +3.0523e-05 +3.0492e-05 +3.0462e-05 +3.0432e-05 +3.0402e-05 +3.0372e-05 +3.0342e-05 +3.0313e-05 +3.0284e-05 +3.0255e-05 +3.0226e-05 +3.0197e-05 +3.0169e-05 +3.0140e-05 +3.0112e-05 +3.0084e-05 +3.0056e-05 +3.0029e-05 +3.0001e-05 +2.9974e-05 +2.9946e-05 +2.9919e-05 +2.9891e-05 +2.9864e-05 +2.9837e-05 +2.9809e-05 +2.9782e-05 +2.9755e-05 +2.9727e-05 +2.9700e-05 +2.9672e-05 +2.9645e-05 +2.9617e-05 +2.9589e-05 +2.9560e-05 +2.9532e-05 +2.9503e-05 +2.9474e-05 +2.9445e-05 +2.9416e-05 +2.9386e-05 +2.9355e-05 +2.9325e-05 +2.9293e-05 +2.9262e-05 +2.9230e-05 +2.9197e-05 +2.9164e-05 +2.9130e-05 +2.9095e-05 +2.9060e-05 +2.9024e-05 
-0000.00100 +6.5029e-05 +6.4966e-05 +6.4903e-05 +6.4841e-05 +6.4778e-05 +6.4716e-05 +6.4654e-05 +6.4592e-05 +6.4530e-05 +6.4469e-05 +6.4408e-05 +6.4347e-05 +6.4287e-05 +6.4227e-05 +6.4167e-05 +6.4108e-05 +6.4049e-05 +6.3990e-05 +6.3931e-05 +6.3873e-05 +6.3816e-05 +6.3758e-05 +6.3701e-05 +6.3644e-05 +6.3588e-05 +6.3532e-05 +6.3476e-05 +6.3420e-05 +6.3364e-05 +6.3309e-05 +6.3254e-05 +6.3199e-05 +6.3144e-05 +6.3089e-05 +6.3034e-05 +6.2979e-05 +6.2924e-05 +6.2869e-05 +6.2814e-05 +6.2759e-05 +6.2704e-05 +6.2648e-05 +6.2592e-05 +6.2536e-05 +6.2479e-05 +6.2422e-05 +6.2365e-05 +6.2306e-05 +6.2247e-05 +6.2188e-05 +6.2128e-05 +6.2066e-05 +6.2004e-05 +6.1941e-05 +6.1877e-05 +6.1812e-05 +6.1746e-05 +6.1678e-05 +6.1609e-05 +6.1538e-05 +6.1466e-05 
-0000.00150 +1.0663e-04 +1.0654e-04 +1.0645e-04 +1.0636e-04 +1.0627e-04 +1.0618e-04 +1.0609e-04 +1.0600e-04 +1.0591e-04 +1.0582e-04 +1.0572e-04 +1.0563e-04 +1.0554e-04 +1.0545e-04 +1.0536e-04 +1.0527e-04 +1.0518e-04 +1.0510e-04 +1.0501e-04 +1.0492e-04 +1.0483e-04 +1.0474e-04 +1.0466e-04 +1.0457e-04 +1.0448e-04 +1.0440e-04 +1.0431e-04 +1.0423e-04 +1.0414e-04 +1.0406e-04 +1.0398e-04 +1.0389e-04 +1.0381e-04 +1.0373e-04 +1.0364e-04 +1.0356e-04 +1.0348e-04 +1.0340e-04 +1.0331e-04 +1.0323e-04 +1.0315e-04 +1.0306e-04 +1.0298e-04 +1.0290e-04 +1.0281e-04 +1.0273e-04 +1.0264e-04 +1.0255e-04 +1.0247e-04 +1.0238e-04 +1.0229e-04 +1.0220e-04 +1.0210e-04 +1.0201e-04 +1.0191e-04 +1.0182e-04 +1.0172e-04 +1.0162e-04 +1.0151e-04 +1.0141e-04 +1.0130e-04 
-0000.00200 +1.6102e-04 +1.6091e-04 +1.6080e-04 +1.6069e-04 +1.6058e-04 +1.6046e-04 +1.6035e-04 +1.6023e-04 +1.6011e-04 +1.5999e-04 +1.5987e-04 +1.5975e-04 +1.5962e-04 +1.5950e-04 +1.5938e-04 +1.5925e-04 +1.5913e-04 +1.5901e-04 +1.5889e-04 +1.5877e-04 +1.5865e-04 +1.5853e-04 +1.5841e-04 +1.5829e-04 +1.5817e-04 +1.5805e-04 +1.5793e-04 +1.5782e-04 +1.5770e-04 +1.5759e-04 +1.5748e-04 +1.5736e-04 +1.5725e-04 +1.5714e-04 +1.5703e-04 +1.5692e-04 +1.5681e-04 +1.5670e-04 +1.5659e-04 +1.5649e-04 +1.5638e-04 +1.5627e-04 +1.5616e-04 +1.5605e-04 +1.5594e-04 +1.5583e-04 +1.5572e-04 +1.5561e-04 +1.5549e-04 +1.5538e-04 +1.5526e-04 +1.5514e-04 +1.5502e-04 +1.5489e-04 +1.5476e-04 +1.5463e-04 +1.5450e-04 +1.5436e-04 +1.5422e-04 +1.5407e-04 +1.5392e-04 
# Horizontal Final Position [m]
START
            -0000.01000 -0000.00967 -0000.00933 -0000.00900 -0000.00867 -0000.00833 -0000.00800 -0000.00767 -0000.00733 -0000.00700 -0000.00667 -0000.00633 -0000.00600 -0000.00567 -0000.00533 -0000.00500 -0000.00467 -0000.00433 -0000.00400 -0000.00367 -0000.00333 -0000.00300 -0000.00267 -0000.00233 -0000.00200 -0000.00167 -0000.00133 -0000.00100 -0000.00067 -0000.00033 +0000.00000 +0000.00033 +0000.00067 +0000.00100 +0000.00133 +0000.00167 +0000.00200 +0000.00233 +0000.00267 +0000.00300 +0000.00333 +0000.00367 +0000.00400 +0000.00433 +0000.00467 +0000.00500 +0000.00533 +0000.00567 +0000.00600 +0000.00633 +0000.00667 +0000.00700 +0000.00733 +0000.00767 +0000.00800 +0000.00833 +0000.00867 +0000.00900 +0000.00933 +0000.00967 +0000.01000 
+0000.00200 -1.0001e-02 -9.6676e-03 -9.3342e-03 -9.0009e-03 -8.6676e-03 -8.3342e-03 -8.0009e-03 -7.6676e-03 -7.3342e-03 -7.0009e-03 -6.6676e-03 -6.3343e-03 -6.0009e-03 -5.6676e-03 -5.3343e-03 -5.0010e-03 -4.6676e-03 -4.3343e-03 -4.0010e-03 -3.6677e-03 -3.3343e-03 -3.0010e-03 -2.6677e-03 -2.3343e-03 -2.0010e-03 -1.6677e-03 -1.3344e-03 -1.0010e-03 -6.6770e-04 -3.3436e-04 -1.0299e-06 +3.3230e-04 +6.6564e-04 +9.9897e-04 +1.3323e-03 +1.6656e-03 +1.9990e-03 +2.3323e-03 +2.6657e-03 +2.9990e-03 +3.3323e-03 +3.6657e-03 +3.9990e-03 +4.3324e-03 +4.6657e-03 +4.9991e-03 +5.3324e-03 +5.6657e-03 +5.9991e-03 +6.3324e-03 +6.6658e-03 +6.9991e-03 +7.3324e-03 +7.6658e-03 +7.9991e-03 +8.3324e-03 +8.6658e-03 +8.9991e-03 +9.3324e-03 +9.6658e-03 +9.9991e-03 
+0000.00150 -1.0001e-02 -9.6676e-03 -9.3343e-03 -9.0009e-03 -8.6676e-03 -8.3343e-03 -8.0009e-03 -7.6676e-03 -7.3343e-03 -7.0009e-03 -6.6676e-03 -6.3343e-03 -6.0010e-03 -5.6676e-03 -5.3343e-03 -5.0010e-03 -4.6676e-03 -4.3343e-03 -4.0010e-03 -3.6677e-03 -3.3343e-03 -3.0010e-03 -2.6677e-03 -2.3343e-03 -2.0010e-03 -1.6677e-03 -1.3344e-03 -1.0010e-03 -6.6769e-04 -3.3436e-04 -1.0250e-06 +3.3231e-04 +6.6564e-04 +9.9898e-04 +1.3323e-03 +1.6657e-03 +1.9990e-03 +2.3323e-03 +2.6657e-03 +2.9990e-03 +3.3323e-03 +3.6657e-03 +3.9990e-03 +4.3324e-03 +4.6657e-03 +4.9990e-03 +5.3324e-03 +5.6657e-03 +5.9991e-03 +6.3324e-03 +6.6657e-03 +6.9991e-03 +7.3324e-03 +7.6658e-03 +7.9991e-03 +8.3324e-03 +8.6658e-03 +8.9991e-03 +9.3324e-03 +9.6658e-03 +9.9991e-03 
+0000.00100 -1.0001e-02 -9.6676e-03 -9.3343e-03 -9.0009e-03 -8.6676e-03 -8.3343e-03 -8.0009e-03 -7.6676e-03 -7.3343e-03 -7.0009e-03 -6.6676e-03 -6.3343e-03 -6.0010e-03 -5.6676e-03 -5.3343e-03 -5.0010e-03 -4.6676e-03 -4.3343e-03 -4.0010e-03 -3.6677e-03 -3.3343e-03 -3.0010e-03 -2.6677e-03 -2.3343e-03 -2.0010e-03 -1.6677e-03 -1.3344e-03 -1.0010e-03 -6.6769e-04 -3.3436e-04 -1.0259e-06 +3.3231e-04 +6.6564e-04 +9.9898e-04 +1.3323e-03 +1.6657e-03 +1.9990e-03 +2.3323e-03 +2.6657e-03 +2.9990e-03 +3.3323e-03 +3.6657e-03 +3.9990e-03 +4.3324e-03 +4.6657e-03 +4.9990e-03 +5.3324e-03 +5.6657e-03 +5.9991e-03 +6.3324e-03 +6.6657e-03 +6.9991e-03 +7.3324e-03 +7.6658e-03 +7.9991e-03 +8.3324e-03 +8.6658e-03 +8.9991e-03 +9.3324e-03 +9.6658e-03 +9.9991e-03 
+0000.00050 -1.0001e-02 -9.6676e-03 -9.3343e-03 -9.0009e-03 -8.6676e-03 -8.3343e-03 -8.0009e-03 -7.6676e-03 -7.3343e-03 -7.0009e-03 -6.6676e-03 -6.3343e-03 -6.0010e-03 -5.6676e-03 -5.3343e-03 -5.0010e-03 -4.6676e-03 -4.3343e-03 -4.0010e-03 -3.6677e-03 -3.3343e-03 -3.0010e-03 -2.6677e-03 -2.3343e-03 -2.0010e-03 -1.6677e-03 -1.3344e-03 -1.0010e-03 -6.6769e-04 -3.3436e-04 -1.0263e-06 +3.3231e-04 +6.6564e-04 +9.9898e-04 +1.3323e-03 +1.6656e-03 +1.9990e-03 +2.3323e-03 +2.6657e-03 +2.9990e-03 +3.3323e-03 +3.6657e-03 +3.9990e-03 +4.3324e-03 +4.6657e-03 +4.9990e-03 +5.3324e-03 +5.6657e-03 +5.9991e-03 +6.3324e-03 +6.6657e-03 +6.9991e-03 +7.3324e-03 +7.6658e-03 +7.9991e-03 +8.3324e-03 +8.6658e-03 +8.9991e-03 +9.3324e-03 +9.6658e-03 +9.9991e-03 
+0000.00000 -1.0001e-02 -9.6676e-03 -9.3343e-03 -9.0009e-03 -8.6676e-03 -8.3343e-03 -8.0009e-03 -7.6676e-03 -7.3343e-03 -7.0009e-03 -6.6676e-03 -6.3343e-03 -6.0010e-03 -5.6676e-03 -5.3343e-03 -5.0010e-03 -4.6676e-03 -4.3343e-03 -4.0010e-03 -3.6677e-03 -3.3343e-03 -3.0010e-03 -2.6677e-03 -2.3343e-03 -2.0010e-03 -1.6677e-03 -1.3344e-03 -1.0010e-03 -6.6769e-04 -3.3436e-04 -1.0264e-06 +3.3231e-04 +6.6564e-04 +9.9898e-04 +1.3323e-03 +1.6656e-03 +1.9990e-03 +2.3323e-03 +2.6657e-03 +2.9990e-03 +3.3323e-03 +3.6657e-03 +3.9990e-03 +4.3324e-03 +4.6657e-03 +4.9990e-03 +5.3324e-03 +5.6657e-03 +5.9991e-03 +6.3324e-03 +6.6657e-03 +6.9991e-03 +7.3324e-03 +7.6658e-03 +7.9991e-03 +8.3324e-03 +8.6658e-03 +8.9991e-03 +9.3324e-03 +9.6658e-03 +9.9991e-03 
-0000.00050 -1.0001e-02 -9.6676e-03 -9.3343e-03 -9.0009e-03 -8.6676e-03 -8.3343e-03 -8.0009e-03 -7.6676e-03 -7.3343e-03 -7.0009e-03 -6.6676e-03 -6.3343e-03 -6.0010e-03 -5.6676e-03 -5.3343e-03 -5.0010e-03 -4.6676e-03 -4.3343e-03 -4.0010e-03 -3.6677e-03 -3.3343e-03 -3.0010e-03 -2.6677e-03 -2.3343e-03 -2.0010e-03 -1.6677e-03 -1.3344e-03 -1.0010e-03 -6.6769e-04 -3.3436e-04 -1.0263e-06 +3.3231e-04 +6.6564e-04 +9.9898e-04 +1.3323e-03 +1.6656e-03 +1.9990e-03 +2.3323e-03 +2.6657e-03 +2.9990e-03 +3.3323e-03 +3.6657e-03 +3.9990e-03 +4.3324e-03 +4.6657e-03 +4.9990e-03 +5.3324e-03 +5.6657e-03 +5.9991e-03 +6.3324e-03 +6.6657e-03 +6.9991e-03 +7.3324e-03 +7.6658e-03 +7.9991e-03 +8.3324e-03 +8.6658e-03 +8.9991e-03 +9.3324e-03 +9.6658e-03 +9.9991e-03 
-0000.00100 -1.0001e-02 -9.6676e-03 -9.3343e-03 -9.0009e-03 -8.6676e-03 -8.3343e-03 -8.0009e-03 -7.6676e-03 -7.3343e-03 -7.0009e-03 -6.6676e-03 -6.3343e-03 -6.0010e-03 -5.6676e-03 -5.3343e-03 -5.0010e-03 -4.6676e-03 -4.3343e-03 -4.0010e-03 -3.6677e-03 -3.3343e-03 -3.0010e-03 -2.6677e-03 -2.3343e-03 -2.0010e-03 -1.6677e-03 -1.3344e-03 -1.0010e-03 -6.6769e-04 -3.3436e-04 -1.0259e-06 +3.3231e-04 +6.6564e-04 +9.9898e-04 +1.3323e-03 +1.6657e-03 +1.9990e-03 +2.3323e-03 +2.6657e-03 +2.9990e-03 +3.3323e-03 +3.6657e-03 +3.9990e-03 +4.3324e-03 +4.6657e-03 +4.9990e-03 +5.3324e-03 +5.6657e-03 +5.9991e-03 +6.3324e-03 +6.6657e-03 +6.9991e-03 +7.3324e-03 +7.6658e-03 +7.9991e-03 +8.3324e-03 +8.6658e-03 +8.9991e-03 +9.3324e-03 +9.6658e-03 +9.9991e-03 
-0000.00150 -1.0001e-02 -9.6676e-03 -9.3343e-03 -9.0009e-03 -8.6676e-03 -8.3343e-03 -8.0009e-03 -7.6676e-03 -7.3343e-03 -7.0009e-03 -6.6676e-03 -6.3343e-03 -6.0010e-03 -5.6676e-03 -5.3343e-03 -5.0010e-03 -4.6676e-03 -4.3343e-03 -4.0010e-03 -3.6677e-03 -3.3343e-03 -3.0010e-03 -2.6677e-03 -2.3343e-03 -2.0010e-03 -1.6677e-03 -1.3344e-03 -1.0010e-03 -6.6769e-04 -3.3436e-04 -1.0250e-06 +3.3231e-04 +6.6564e-04 +9.9898e-04 +1.3323e-03 +1.6657e-03 +1.9990e-03 +2.3323e-03 +2.6657e-03 +2.9990e-03 +3.3323e-03 +3.6657e-03 +3.9990e-03 +4.3324e-03 +4.6657e-03 +4.9990e-03 +5.3324e-03 +5.6657e-03 +5.9991e-03 +6.3324e-03 +6.6657e-03 +6.9991e-03 +7.3324e-03 +7.6658e-03 +7.9991e-03 +8.3324e-03 +8.6658e-03 +8.9991e-03 +9.3324e-03 +9.6658e-03 +9.9991e-03 
-0000.00200 -1.0001e-02 -9.6676e-03 -9.3342e-03 -9.0009e-03 -8.6676e-03 -8.3342e-03 -8.0009e-03 -7.6676e-03 -7.3342e-03 -7.0009e-03 -6.6676e-03 -6.3343e-03 -6.0009e-03 -5.6676e-03 -5.3343e-03 -5.0010e-03 -4.6676e-03 -4.3343e-03 -4.0010e-03 -3.6677e-03 -3.3343e-03 -3.0010e-03 -2.6677e-03 -2.3343e-03 -2.0010e-03 -1.6677e-03 -1.3344e-03 -1.0010e-03 -6.6770e-04 -3.3436e-04 -1.0299e-06 +3.3230e-04 +6.6564e-04 +9.9897e-04 +1.3323e-03 +1.6656e-03 +1.9990e-03 +2.3323e-03 +2.6657e-03 +2.9990e-03 +3.3323e-03 +3.6657e-03 +3.9990e-03 +4.3324e-03 +4.6657e-03 +4.9991e-03 +5.3324e-03 +5.6657e-03 +5.9991e-03 +6.3324e-03 +6.6658e-03 +6.9991e-03 +7.3324e-03 +7.6658e-03 +7.9991e-03 +8.3324e-03 +8.6658e-03 +8.9991e-03 +9.3324e-03 +9.6658e-03 +9.9991e-03 
# Vertical Final Position [m]
START
            -0000.01000 -0000.00967 -0000.00933 -0000.00900 -0000.00867 -0000.00833 -0000.00800 -0000.00767 -0000.00733 -0000.00700 -0000.00667 -0000.00633 -0000.00600 -0000.00567 -0000.00533 -0000.00500 -0000.00467 -0000.00433 -0000.00400 -0000.00367 -0000.00333 -0000.00300 -0000.00267 -0000.00233 -0000.00200 -0000.00167 -0000.00133 -0000.00100 -0000.00067 -0000.00033 +0000.00000 +0000.00033 +0000.00067 +0000.00100 +0000.00133 +0000.00167 +0000.00200 +0000.00233 +0000.00267 +0000.00300 +0000.00333 +0000.00367 +0000.00400 +0000.00433 +0000.00467 +0000.00500 +0000.00533 +0000.00567 +0000.00600 +0000.00633 +0000.00667 +0000.00700 +0000.00733 +0000.00767 +0000.00800 +0000.00833 +0000.00867 +0000.00900 +0000.00933 +0000.00967 +0000.01000 
+0000.00200 +1.9999e-03 +1.9999e-03 +1.9999e-03 +1.9999e-03 +1.9999e-03 +1.9999e-03 +1.9999e-03 +1.9999e-03 +1.9999e-03 +1.9999e-03 +1.9999e-03 +1.9999e-03 +1.9999e-03 +1.9999e-03 +1.9999e-03 +1.9999e-03 +1.9999e-03 +1.9999e-03 +1.9999e-03 +1.9999e-03 +1.9999e-03 +1.9999e-03 +1.9999e-03 +1.9998e-03 +1.9998e-03 +1.9998e-03 +1.9998e-03 +1.9998e-03 +1.9998e-03 +1.9998e-03 +1.9998e-03 +1.9998e-03 +1.9998e-03 +1.9998e-03 +1.9998e-03 +1.9998e-03 +1.9998e-03 +1.9998e-03 +1.9998e-03 +1.9998e-03 +1.9998e-03 +1.9998e-03 +1.9998e-03 +1.9998e-03 +1.9998e-03 +1.9998e-03 +1.9998e-03 +1.9998e-03 +1.9998e-03 +1.9998e-03 +1.9998e-03 +1.9998e-03 +1.9998e-03 +1.9998e-03 +1.9998e-03 +1.9998e-03 +1.9998e-03 +1.9998e-03 +1.9998e-03 +1.9998e-03 +1.9998e-03 
+0000.00150 +1.5000e-03 +1.5000e-03 +1.5000e-03 +1.5000e-03 +1.5000e-03 +1.5000e-03 +1.4999e-03 +1.4999e-03 +1.4999e-03 +1.4999e-03 +1.4999e-03 +1.4999e-03 +1.4999e-03 +1.4999e-03 +1.4999e-03 +1.4999e-03 +1.4999e-03 +1.4999e-03 +1.4999e-03 +1.4999e-03 +1.4999e-03 +1.4999e-03 +1.4999e-03 +1.4999e-03 +1.4999e-03 +1.4999e-03 +1.4999e-03 +1.4999e-03 +1.4999e-03 +1.4999e-03 +1.4999e-03 +1.4999e-03 +1.4999e-03 +1.4999e-03 +1.4999e-03 +1.4999e-03 +1.4999e-03 +1.4999e-03 +1.4999e-03 +1.4999e-03 +1.4999e-03 +1.4999e-03 +1.4999e-03 +1.4999e-03 +1.4999e-03 +1.4999e-03 +1.4999e-03 +1.4999e-03 +1.4999e-03 +1.4999e-03 +1.4999e-03 +1.4999e-03 +1.4999e-03 +1.4999e-03 +1.4999e-03 +1.4998e-03 +1.4998e-03 +1.4998e-03 +1.4998e-03 +1.4998e-03 +1.4998e-03 
+0000.00100 +9.9998e-04 +9.9998e-04 +9.9997e-04 +9.9997e-04 +9.9997e-04 +9.9997e-04 +9.9997e-04 +9.9997e-04 +9.9997e-04 +9.9996e-04 +9.9996e-04 +9.9996e-04 +9.9996e-04 +9.9996e-04 +9.9996e-04 +9.9996e-04 +9.9995e-04 +9.9995e-04 +9.9995e-04 +9.9995e-04 +9.9995e-04 +9.9995e-04 +9.9995e-04 +9.9995e-04 +9.9994e-04 +9.9994e-04 +9.9994e-04 +9.9994e-04 +9.9994e-04 +9.9994e-04 +9.9994e-04 +9.9994e-04 +9.9993e-04 +9.9993e-04 +9.9993e-04 +9.9993e-04 +9.9993e-04 +9.9993e-04 +9.9993e-04 +9.9993e-04 +9.9993e-04 +9.9992e-04 +9.9992e-04 +9.9992e-04 +9.9992e-04 +9.9992e-04 +9.9992e-04 +9.9992e-04 +9.9991e-04 +9.9991e-04 +9.9991e-04 +9.9991e-04 +9.9991e-04 +9.9991e-04 +9.9991e-04 +9.9990e-04 +9.9990e-04 +9.9990e-04 +9.9990e-04 +9.9990e-04 +9.9990e-04 
+0000.00050 +4.9999e-04 +4.9999e-04 +4.9999e-04 +4.9999e-04 +4.9999e-04 +4.9999e-04 +4.9999e-04 +4.9999e-04 +4.9998e-04 +4.9998e-04 +4.9998e-04 +4.9998e-04 +4.9998e-04 +4.9998e-04 +4.9998e-04 +4.9998e-04 +4.9998e-04 +4.9998e-04 +4.9998e-04 +4.9998e-04 +4.9998e-04 +4.9998e-04 +4.9997e-04 +4.9997e-04 +4.9997e-04 +4.9997e-04 +4.9997e-04 +4.9997e-04 +4.9997e-04 +4.9997e-04 +4.9997e-04 +4.9997e-04 +4.9997e-04 +4.9997e-04 +4.9997e-04 +4.9997e-04 +4.9997e-04 +4.9997e-04 +4.9997e-04 +4.9996e-04 +4.9996e-04 +4.9996e-04 +4.9996e-04 +4.9996e-04 +4.9996e-04 +4.9996e-04 +4.9996e-04 +4.9996e-04 +4.9996e-04 +4.9996e-04 +4.9996e-04 +4.9996e-04 +4.9996e-04 +4.9995e-04 +4.9995e-04 +4.9995e-04 +4.9995e-04 +4.9995e-04 +4.9995e-04 +4.9995e-04 +4.9995e-04 
+0000.00000 -3.8062e-11 -3.8575e-11 -3.9069e-11 -3.9544e-11 -4.0000e-11 -4.0438e-11 -4.0857e-11 -4.1258e-11 -4.1641e-11 -4.2005e-11 -4.2352e-11 -4.2681e-11 -4.2992e-11 -4.3286e-11 -4.3562e-11 -4.3820e-11 -4.4062e-11 -4.4286e-11 -4.4494e-11 -4.4684e-11 -4.4857e-11 -4.5014e-11 -4.5154e-11 -4.5277e-11 -4.5384e-11 -4.5474e-11 -4.5547e-11 -4.5604e-11 -4.5645e-11 -4.5669e-11 -4.5676e-11 -4.5668e-11 -4.5643e-11 -4.5602e-11 -4.5545e-11 -4.5471e-11 -4.5381e-11 -4.5275e-11 -4.5152e-11 -4.5014e-11 -4.4858e-11 -4.4687e-11 -4.4499e-11 -4.4295e-11 -4.4075e-11 -4.3838e-11 -4.3584e-11 -4.3314e-11 -4.3028e-11 -4.2724e-11 -4.2404e-11 -4.2067e-11 -4.1714e-11 -4.1343e-11 -4.0955e-11 -4.0550e-11 -4.0128e-11 -3.9689e-11 -3.9232e-11 -3.8758e-11 -3.8266e-11 
-0000.00050 -4.9999e-04 -4.9999e-04 -4.9999e-04 -4.9999e-04 -4.9999e-04 -4.9999e-04 -4.9999e-04 -4.9999e-04 -4.9998e-04 -4.9998e-04 -4.9998e-04 -4.9998e-04 -4.9998e-04 -4.9998e-04 -4.9998e-04 -4.9998e-04 -4.9998e-04 -4.9998e-04 -4.9998e-04 -4.9998e-04 -4.9998e-04 -4.9998e-04 -4.9997e-04 -4.9997e-04 -4.9997e-04 -4.9997e-04 -4.9997e-04 -4.9997e-04 -4.9997e-04 -4.9997e-04 -4.9997e-04 -4.9997e-04 -4.9997e-04 -4.9997e-04 -4.9997e-04 -4.9997e-04 -4.9997e-04 -4.9997e-04 -4.9997e-04 -4.9996e-04 -4.9996e-04 -4.9996e-04 -4.9996e-04 -4.9996e-04 -4.9996e-04 -4.9996e-04 -4.9996e-04 -4.9996e-04 -4.9996e-04 -4.9996e-04 -4.9996e-04 -4.9996e-04 -4.9996e-04 -4.9995e-04 -4.9995e-04 -4.9995e-04 -4.9995e-04 -4.9995e-04 -4.9995e-04 -4.9995e-04 -4.9995e-04 
-0000.00100 -9.9998e-04 -9.9998e-04 -9.9997e-04 -9.9997e-04 -9.9997e-04 -9.9997e-04 -9.9997e-04 -9.9997e-04 -9.9997e-04 -9.9996e-04 -9.9996e-04 -9.9996e-04 -9.9996e-04 -9.9996e-04 -9.9996e-04 -9.9996e-04 -9.9995e-04 -9.9995e-04 -9.9995e-04 -9.9995e-04 -9.9995e-04 -9.9995e-04 -9.9995e-04 -9.9995e-04 -9.9994e-04 -9.9994e-04 -9.9994e-04 -9.9994e-04 -9.9994e-04 -9.9994e-04 -9.9994e-04 -9.9994e-04 -9.9993e-04 -9.9993e-04 -9.9993e-04 -9.9993e-04 -9.9993e-04 -9.9993e-04 -9.9993e-04 -9.9993e-04 -9.9993e-04 -9.9992e-04 -9.9992e-04 -9.9992e-04 -9.9992e-04 -9.9992e-04 -9.9992e-04 -9.9992e-04 -9.9991e-04 -9.9991e-04 -9.9991e-04 -9.9991e-04 -9.9991e-04 -9.9991e-04 -9.9991e-04 -9.9990e-04 -9.9990e-04 -9.9990e-04 -9.9990e-04 -9.9990e-04 -9.9990e-04 
-0000.00150 -1.5000e-03 -1.5000e-03 -1.5000e-03 -1.5000e-03 -1.5000e-03 -1.5000e-03 -1.4999e-03 -1.4999e-03 -1.4999e-03 -1.4999e-03 -1.4999e-03 -1.4999e-03 -1.4999e-03 -1.4999e-03 -1.4999e-03 -1.4999e-03 -1.4999e-03 -1.4999e-03 -1.4999e-03 -1.4999e-03 -1.4999e-03 -1.4999e-03 -1.4999e-03 -1.4999e-03 -1.4999e-03 -1.4999e-03 -1.4999e-03 -1.4999e-03 -1.4999e-03 -1.4999e-03 -1.4999e-03 -1.4999e-03 -1.4999e-03 -1.4999e-03 -1.4999e-03 -1.4999e-03 -1.4999e-03 -1.4999e-03 -1.4999e-03 -1.4999e-03 -1.4999e-03 -1.4999e-03 -1.4999e-03 -1.4999e-03 -1.4999e-03 -1.4999e-03 -1.4999e-03 -1.4999e-03 -1.4999e-03 -1.4999e-03 -1.4999e-03 -1.4999e-03 -1.4999e-03 -1.4999e-03 -1.4999e-03 -1.4998e-03 -1.4998e-03 -1.4998e-03 -1.4998e-03 -1.4998e-03 -1.4998e-03 
-0000.00200 -1.9999e-03 -1.9999e-03 -1.9999e-03 -1.9999e-03 -1.9999e-03 -1.9999e-03 -1.9999e-03 -1.9999e-03 -1.9999e-03 -1.9999e-03 -1.9999e-03 -1.9999e-03 -1.9999e-03 -1.9999e-03 -1.9999e-03 -1.9999e-03 -1.9999e-03 -1.9999e-03 -1.9999e-03 -1.9999e-03 -1.9999e-03 -1.9999e-03 -1.9999e-03 -1.9998e-03 -1.9998e-03 -1.9998e-03 -1.9998e-03 -1.9998e-03 -1.9998e-03 -1.9998e-03 -1.9998e-03 -1.9998e-03 -1.9998e-03 -1.9998e-03 -1.9998e-03 -1.9998e-03 -1.9998e-03 -1.9998e-03 -1.9998e-03 -1.9998e-03 -1.9998e-03 -1.9998e-03 -1.9998e-03 -1.9998e-03 -1.9998e-03 -1.9998e-03 -1.9998e-03 -1.9998e-03 -1.9998e-03 -1.9998e-03 -1.9998e-03 -1.9998e-03 -1.9998e-03 -1.9998e-03 -1.9998e-03 -1.9998e-03 -1.9998e-03 -1.9998e-03 -1.9998e-03 -1.9998e-03 -1.9998e-03 