# Author: FAC idanalysis.IDKickMap
# Termination_kicks [T2m2]: +0.0000e+00 +0.0000e+00 +0.0000e+00 +0.0000e+00 
# Total Length of Longitudinal Interval [m]
0.13
# Number of Horizontal Points
61
# Number of Vertical Points
9
# Total Horizontal 2nd Order Kick [T2m2]
START
            -0000.01000 -0000.00967 -0000.00933 -0000.00900 -0000.00867 -0000.00833 -0000.00800 -0000.00767 -0000.00733 -0000.00700 -0000.00667 -0000.00633 -0000.00600 -0000.00567 -0000.00533 -0000.00500 -0000.00467 -0000.00433 -0000.00400 -0000.00367 -0000.00333 -0000.00300 -0000.00267 -0000.00233 -0000.00200 -0000.00167 -0000.00133 -0000.00100 -0000.00067 -0000.00033 +0000.00000 +0000.00033 +0000.00067 +0000.00100 +0000.00133 +0000.00167 +0000.00200 +0000.00233 +0000.00267 +0000.00300 +0000.00333 +0000.00367 +0000.00400 +0000.00433 +0000.00467 +0000.00500 +0000.00533 +0000.00567 +0000.00600 +0000.00633 +0000.00667 +0000.00700 +0000.00733 +0000.00767 +0000.00800 +0000.00833 +0000.00867 +0000.00900 +0000.00933 +0000.00967 +0000.01000 
+0000.00200 +2.5800e-05 +2.4950e-05 +2.4000e-05 +2.2960e-05 +2.1840e-05 +2.0660e-05 +1.9440e-05 +1.8170e-05 +1.6870e-05 +1.5560e-05 +1.4240e-05 +1.2930e-05 +1.1630e-05 +1.0340e-05 +9.0900e-06 +7.8800e-06 +6.7100e-06 +5.6000e-06 +4.5400e-06 +3.5500e-06 +2.6300e-06 +1.7800e-06 +1.0100e-06 +3.3000e-07 -2.7000e-07 -7.8000e-07 -1.1900e-06 -1.5100e-06 -1.7300e-06 -1.8600e-06 -1.8800e-06 -1.8100e-06 -1.6400e-06 -1.3700e-06 -1.0000e-06 -5.4000e-07 +1.0000e-08 +6.5000e-07 +1.3800e-06 +2.2000e-06 +3.0900e-06 +4.0500e-06 +5.0900e-06 +6.1900e-06 +7.3400e-06 +8.5500e-06 +9.8000e-06 +1.1090e-05 +1.2410e-05 +1.3750e-05 +1.5100e-05 +1.6450e-05 +1.7790e-05 +1.9120e-05 +2.0410e-05 +2.1670e-05 +2.2870e-05 +2.4010e-05 +2.5070e-05 +2.6040e-05 +2.6900e-05 
+0000.00150 +2.5040e-05 +2.4270e-05 +2.3410e-05 +2.2450e-05 +2.1420e-05 +2.0330e-05 +1.9180e-05 +1.7990e-05 +1.6770e-05 +1.5540e-05 +1.4290e-05 +1.3050e-05 +1.1820e-05 +1.0600e-05 +9.4100e-06 +8.2600e-06 +7.1500e-06 +6.0900e-06 +5.0800e-06 +4.1300e-06 +3.2500e-06 +2.4400e-06 +1.7100e-06 +1.0600e-06 +4.9000e-07 +0.0000e+00 -3.9000e-07 -7.0000e-07 -9.1000e-07 -1.0300e-06 -1.0500e-06 -9.8000e-07 -8.1000e-07 -5.5000e-07 -2.0000e-07 +2.4000e-07 +7.7000e-07 +1.3800e-06 +2.0800e-06 +2.8600e-06 +3.7100e-06 +4.6300e-06 +5.6200e-06 +6.6700e-06 +7.7700e-06 +8.9200e-06 +1.0110e-05 +1.1340e-05 +1.2590e-05 +1.3850e-05 +1.5130e-05 +1.6400e-05 +1.7670e-05 +1.8910e-05 +2.0120e-05 +2.1290e-05 +2.2410e-05 +2.3460e-05 +2.4430e-05 +2.5310e-05 +2.6080e-05 
+0000.00100 +2.4500e-05 +2.3800e-05 +2.2990e-05 +2.2100e-05 +2.1120e-05 +2.0090e-05 +1.9000e-05 +1.7870e-05 +1.6700e-05 +1.5520e-05 +1.4330e-05 +1.3130e-05 +1.1950e-05 +1.0780e-05 +9.6300e-06 +8.5200e-06 +7.4500e-06 +6.4300e-06 +5.4500e-06 +4.5400e-06 +3.6900e-06 +2.9100e-06 +2.2000e-06 +1.5700e-06 +1.0200e-06 +5.5000e-07 +1.7000e-07 -1.3000e-07 -3.3000e-07 -4.4000e-07 -4.7000e-07 -4.0000e-07 -2.4000e-07 +2.0000e-08 +3.6000e-07 +7.8000e-07 +1.3000e-06 +1.8900e-06 +2.5700e-06 +3.3200e-06 +4.1500e-06 +5.0400e-06 +6.0000e-06 +7.0100e-06 +8.0700e-06 +9.1800e-06 +1.0330e-05 +1.1510e-05 +1.2710e-05 +1.3930e-05 +1.5150e-05 +1.6370e-05 +1.7580e-05 +1.8770e-05 +1.9920e-05 +2.1030e-05 +2.2080e-05 +2.3070e-05 +2.3980e-05 +2.4790e-05 +2.5500e-05 
+0000.00050 +2.4170e-05 +2.3510e-05 +2.2740e-05 +2.1880e-05 +2.0940e-05 +1.9940e-05 +1.8880e-05 +1.7780e-05 +1.6650e-05 +1.5500e-05 +1.4340e-05 +1.3180e-05 +1.2020e-05 +1.0880e-05 +9.7600e-06 +8.6800e-06 +7.6300e-06 +6.6300e-06 +5.6800e-06 +4.7800e-06 +3.9500e-06 +3.1900e-06 +2.4900e-06 +1.8700e-06 +1.3300e-06 +8.8000e-07 +5.0000e-07 +2.2000e-07 +2.0000e-08 -9.0000e-08 -1.1000e-07 -5.0000e-08 +1.1000e-07 +3.6000e-07 +6.9000e-07 +1.1100e-06 +1.6200e-06 +2.2000e-06 +2.8600e-06 +3.6000e-06 +4.4100e-06 +5.2800e-06 +6.2200e-06 +7.2100e-06 +8.2500e-06 +9.3400e-06 +1.0460e-05 +1.1610e-05 +1.2780e-05 +1.3970e-05 +1.5160e-05 +1.6350e-05 +1.7520e-05 +1.8680e-05 +1.9790e-05 +2.0870e-05 +2.1880e-05 +2.2830e-05 +2.3700e-05 +2.4480e-05 +2.5150e-05 
+0000.00000 +2.4060e-05 +2.3410e-05 +2.2650e-05 +2.1810e-05 +2.0880e-05 +1.9890e-05 +1.8850e-05 +1.7760e-05 +1.6640e-05 +1.5500e-05 +1.4350e-05 +1.3200e-05 +1.2050e-05 +1.0920e-05 +9.8100e-06 +8.7300e-06 +7.6900e-06 +6.7000e-06 +5.7500e-06 +4.8600e-06 +4.0400e-06 +3.2800e-06 +2.5900e-06 +1.9800e-06 +1.4400e-06 +9.9000e-07 +6.2000e-07 +3.3000e-07 +1.3000e-07 +2.0000e-08 +0.0000e+00 +7.0000e-08 +2.3000e-07 +4.7000e-07 +8.0000e-07 +1.2200e-06 +1.7200e-06 +2.3000e-06 +2.9600e-06 +3.6900e-06 +4.5000e-06 +5.3600e-06 +6.2900e-06 +7.2800e-06 +8.3100e-06 +9.3900e-06 +1.0500e-05 +1.1640e-05 +1.2800e-05 +1.3980e-05 +1.5160e-05 +1.6340e-05 +1.7510e-05 +1.8650e-05 +1.9750e-05 +2.0810e-05 +2.1820e-05 +2.2760e-05 +2.3610e-05 +2.4380e-05 +2.5030e-05 
-0000.00050 +2.4170e-05 +2.3510e-05 +2.2740e-05 +2.1880e-05 +2.0940e-05 +1.9940e-05 +1.8880e-05 +1.7780e-05 +1.6650e-05 +1.5500e-05 +1.4340e-05 +1.3180e-05 +1.2020e-05 +1.0880e-05 +9.7600e-06 +8.6800e-06 +7.6300e-06 +6.6300e-06 +5.6800e-06 +4.7800e-06 +3.9500e-06 +3.1900e-06 +2.4900e-06 +1.8700e-06 +1.3300e-06 +8.8000e-07 +5.0000e-07 +2.2000e-07 +2.0000e-08 -9.0000e-08 -1.1000e-07 -5.0000e-08 +1.1000e-07 +3.6000e-07 +6.9000e-07 +1.1100e-06 +1.6200e-06 +2.2000e-06 +2.8600e-06 +3.6000e-06 +4.4100e-06 +5.2800e-06 +6.2200e-06 +7.2100e-06 +8.2500e-06 +9.3400e-06 +1.0460e-05 +1.1610e-05 +1.2780e-05 +1.3970e-05 +1.5160e-05 +1.6350e-05 +1.7520e-05 +1.8680e-05 +1.9790e-05 +2.0870e-05 +2.1880e-05 +2.2830e-05 +2.3700e-05 +2.4480e-05 +2.5150e-05 
-0000.00100 +2.4500e-05 +2.3800e-05 +2.2990e-05 +2.2100e-05 +2.1120e-05 +2.0090e-05 +1.9000e-05 +1.7870e-05 +1.6700e-05 +1.5520e-05 +1.4330e-05 +1.3130e-05 +1.1950e-05 +1.0780e-05 +9.6300e-06 +8.5200e-06 +7.4500e-06 +6.4300e-06 +5.4500e-06 +4.5400e-06 +3.6900e-06 +2.9100e-06 +2.2000e-06 +1.5700e-06 +1.0200e-06 +5.5000e-07 +1.7000e-07 -1.3000e-07 -3.3000e-07 -4.4000e-07 -4.7000e-07 -4.0000e-07 -2.4000e-07 +2.0000e-08 +3.6000e-07 +7.8000e-07 +1.3000e-06 +1.8900e-06 +2.5700e-06 +3.3200e-06 +4.1500e-06 +5.0400e-06 +6.0000e-06 +7.0100e-06 +8.0700e-06 +9.1800e-06 +1.0330e-05 +1.1510e-05 +1.2710e-05 +1.3930e-05 +1.5150e-05 +1.6370e-05 +1.7580e-05 +1.8770e-05 +1.9920e-05 +2.1030e-05 +2.2080e-05 +2.3070e-05 +2.3980e-05 +2.4790e-05 +2.5500e-05 
-0000.00150 +2.5030e-05 +2.4270e-05 +2.3400e-05 +2.2450e-05 +2.1420e-05 +2.0320e-05 +1.9180e-05 +1.7990e-05 +1.6770e-05 +1.5540e-05 +1.4290e-05 +1.3050e-05 +1.1810e-05 +1.0600e-05 +9.4100e-06 +8.2600e-06 +7.1500e-06 +6.0800e-06 +5.0800e-06 +4.1300e-06 +3.2500e-06 +2.4400e-06 +1.7100e-06 +1.0600e-06 +4.9000e-07 +0.0000e+00 -3.9000e-07 -7.0000e-07 -9.1000e-07 -1.0300e-06 -1.0500e-06 -9.8000e-07 -8.1000e-07 -5.5000e-07 -2.0000e-07 +2.4000e-07 +7.7000e-07 +1.3800e-06 +2.0800e-06 +2.8600e-06 +3.7100e-06 +4.6300e-06 +5.6200e-06 +6.6700e-06 +7.7700e-06 +8.9200e-06 +1.0110e-05 +1.1340e-05 +1.2590e-05 +1.3850e-05 +1.5130e-05 +1.6400e-05 +1.7670e-05 +1.8910e-05 +2.0120e-05 +2.1290e-05 +2.2410e-05 +2.3460e-05 +2.4430e-05 +2.5310e-05 +2.6080e-05 
-0000.00200 +2.5800e-05 +2.4950e-05 +2.4000e-05 +2.2960e-05 +2.1840e-05 +2.0660e-05 +1.9440e-05 +1.8170e-05 +1.6870e-05 +1.5560e-05 +1.4240e-05 +1.2930e-05 +1.1630e-05 +1.0350e-05 +9.1000e-06 +7.8800e-06 +6.7200e-06 +5.6000e-06 +4.5400e-06 +3.5500e-06 +2.6300e-06 +1.7800e-06 +1.0100e-06 +3.3000e-07 -2.7000e-07 -7.7000e-07 -1.1900e-06 -1.5100e-06 -1.7300e-06 -1.8500e-06 -1.8800e-06 -1.8100e-06 -1.6400e-06 -1.3700e-06 -1.0000e-06 -5.4000e-07 +1.0000e-08 +6.5000e-07 +1.3800e-06 +2.2000e-06 +3.0900e-06 +4.0500e-06 +5.0900e-06 +6.1900e-06 +7.3400e-06 +8.5500e-06 +9.8000e-06 +1.1090e-05 +1.2410e-05 +1.3750e-05 +1.5090e-05 +1.6450e-05 +1.7790e-05 +1.9110e-05 +2.0410e-05 +2.1670e-05 +2.2870e-05 +2.4010e-05 +2.5070e-05 +2.6040e-05 +2.6910e-05 
# Total Vertical 2nd Order Kick [T2m2]
START
            -0000.01000 -0000.00967 -0000.00933 -0000.00900 -0000.00867 -0000.00833 -0000.00800 -0000.00767 -0000.00733 -0000.00700 -0000.00667 -0000.00633 -0000.00600 -0000.00567 -0000.00533 -0000.00500 -0000.00467 -0000.00433 -0000.00400 -0000.00367 -0000.00333 -0000.00300 -0000.00267 -0000.00233 -0000.00200 -0000.00167 -0000.00133 -0000.00100 -0000.00067 -0000.00033 +0000.00000 +0000.00033 +0000.00067 +0000.00100 +0000.00133 +0000.00167 +0000.00200 +0000.00233 +0000.00267 +0000.00300 +0000.00333 +0000.00367 +0000.00400 +0000.00433 +0000.00467 +0000.00500 +0000.00533 +0000.00567 +0000.00600 +0000.00633 +0000.00667 +0000.00700 +0000.00733 +0000.00767 +0000.00800 +0000.00833 +0000.00867 +0000.00900 +0000.00933 +0000.00967 +0000.01000 
+0000.00200 +2.9604e-06 +3.5837e-06 +4.1301e-06 +4.6023e-06 +5.0027e-06 +5.3338e-06 +5.5983e-06 +5.7986e-06 +5.9373e-06 +6.0169e-06 +6.0402e-06 +6.0095e-06 +5.9276e-06 +5.7970e-06 +5.6203e-06 +5.4002e-06 +5.1393e-06 +4.8403e-06 +4.5057e-06 +4.1383e-06 +3.7407e-06 +3.3156e-06 +2.8656e-06 +2.3936e-06 +1.9021e-06 +1.3940e-06 +8.7179e-07 +3.3840e-07 -2.0348e-07 -7.5110e-07 -1.3017e-06 -1.8525e-06 -2.4008e-06 -2.9437e-06 -3.4784e-06 -4.0022e-06 -4.5122e-06 -5.0056e-06 -5.4796e-06 -5.9312e-06 -6.3577e-06 -6.7563e-06 -7.1239e-06 -7.4578e-06 -7.7550e-06 -8.0126e-06 -8.2278e-06 -8.3977e-06 -8.5192e-06 -8.5894e-06 -8.6055e-06 -8.5644e-06 -8.4631e-06 -8.2988e-06 -8.0684e-06 -7.7689e-06 -7.3974e-06 -6.9507e-06 -6.4260e-06 -5.8201e-06 -5.1300e-06 
+0000.00150 +2.1738e-06 +2.6392e-06 +3.0477e-06 +3.4012e-06 +3.7014e-06 +3.9503e-06 +4.1497e-06 +4.3016e-06 +4.4078e-06 +4.4701e-06 +4.4906e-06 +4.4711e-06 +4.4136e-06 +4.3199e-06 +4.1920e-06 +4.0319e-06 +3.8414e-06 +3.6226e-06 +3.3774e-06 +3.1078e-06 +2.8157e-06 +2.5032e-06 +2.1722e-06 +1.8247e-06 +1.4628e-06 +1.0885e-06 +7.0365e-07 +3.1049e-07 -8.9031e-08 -4.9286e-07 -8.9894e-07 -1.3052e-06 -1.7096e-06 -2.1101e-06 -2.5045e-06 -2.8908e-06 -3.2669e-06 -3.6307e-06 -3.9801e-06 -4.3129e-06 -4.6270e-06 -4.9204e-06 -5.1908e-06 -5.4361e-06 -5.6541e-06 -5.8427e-06 -5.9998e-06 -6.1230e-06 -6.2104e-06 -6.2595e-06 -6.2684e-06 -6.2347e-06 -6.1562e-06 -6.0307e-06 -5.8560e-06 -5.6299e-06 -5.3500e-06 -5.0143e-06 -4.6202e-06 -4.1658e-06 -3.6485e-06 
+0000.00100 +1.4257e-06 +1.7350e-06 +2.0067e-06 +2.2420e-06 +2.4421e-06 +2.6083e-06 +2.7417e-06 +2.8437e-06 +2.9155e-06 +2.9583e-06 +2.9734e-06 +2.9620e-06 +2.9255e-06 +2.8650e-06 +2.7819e-06 +2.6774e-06 +2.5529e-06 +2.4096e-06 +2.2489e-06 +2.0719e-06 +1.8801e-06 +1.6747e-06 +1.4571e-06 +1.2286e-06 +9.9046e-07 +7.4410e-07 +4.9082e-07 +2.3198e-07 -3.1092e-08 -2.9703e-07 -5.6448e-07 -8.3208e-07 -1.0984e-06 -1.3622e-06 -1.6220e-06 -1.8764e-06 -2.1241e-06 -2.3637e-06 -2.5937e-06 -2.8127e-06 -3.0194e-06 -3.2123e-06 -3.3900e-06 -3.5511e-06 -3.6942e-06 -3.8177e-06 -3.9204e-06 -4.0006e-06 -4.0571e-06 -4.0882e-06 -4.0926e-06 -4.0688e-06 -4.0154e-06 -3.9307e-06 -3.8135e-06 -3.6621e-06 -3.4751e-06 -3.2509e-06 -2.9882e-06 -2.6853e-06 -2.3408e-06 
+0000.00050 +7.0531e-07 +8.5975e-07 +9.9547e-07 +1.1131e-06 +1.2132e-06 +1.2964e-06 +1.3633e-06 +1.4145e-06 +1.4507e-06 +1.4725e-06 +1.4805e-06 +1.4753e-06 +1.4575e-06 +1.4279e-06 +1.3870e-06 +1.3354e-06 +1.2739e-06 +1.2030e-06 +1.1234e-06 +1.0357e-06 +9.4064e-07 +8.3883e-07 +7.3093e-07 +6.1758e-07 +4.9947e-07 +3.7724e-07 +2.5156e-07 +1.2311e-07 -7.4518e-09 -1.3944e-07 -2.7219e-07 -4.0501e-07 -5.3722e-07 -6.6814e-07 -7.9709e-07 -9.2336e-07 -1.0463e-06 -1.1651e-06 -1.2792e-06 -1.3879e-06 -1.4904e-06 -1.5860e-06 -1.6741e-06 -1.7539e-06 -1.8248e-06 -1.8859e-06 -1.9366e-06 -1.9761e-06 -2.0038e-06 -2.0189e-06 -2.0207e-06 -2.0084e-06 -1.9813e-06 -1.9388e-06 -1.8799e-06 -1.8041e-06 -1.7105e-06 -1.5984e-06 -1.4671e-06 -1.3159e-06 -1.1438e-06 
+0000.00000 -5.4570e-10 -3.0350e-10 -9.7200e-11 +7.6200e-11 +2.1940e-10 +3.3500e-10 +4.2580e-10 +4.9400e-10 +5.4210e-10 +5.7230e-10 +5.8670e-10 +5.8760e-10 +5.7660e-10 +5.5580e-10 +5.2700e-10 +4.9160e-10 +4.5130e-10 +4.0760e-10 +3.6180e-10 +3.1500e-10 +2.6860e-10 +2.2350e-10 +1.8070e-10 +1.4100e-10 +1.0510e-10 +7.3800e-11 +4.7500e-11 +2.6700e-11 +1.1700e-11 +2.8000e-12 +0.0000e+00 +3.6000e-12 +1.3300e-11 +2.9000e-11 +5.0400e-11 +7.7200e-11 +1.0900e-10 +1.4500e-10 +1.8480e-10 +2.2740e-10 +2.7210e-10 +3.1780e-10 +3.6360e-10 +4.0810e-10 +4.5020e-10 +4.8840e-10 +5.2130e-10 +5.4740e-10 +5.6480e-10 +5.7200e-10 +5.6680e-10 +5.4750e-10 +5.1190e-10 +4.5780e-10 +3.8290e-10 +2.8490e-10 +1.6130e-10 +9.5000e-12 -1.7330e-10 -3.8970e-10 -6.4270e-10 
-0000.00050 -7.0634e-07 -8.6030e-07 -9.9561e-07 -1.1128e-06 -1.2126e-06 -1.2956e-06 -1.3623e-06 -1.4134e-06 -1.4495e-06 -1.4712e-06 -1.4792e-06 -1.4740e-06 -1.4563e-06 -1.4267e-06 -1.3858e-06 -1.3344e-06 -1.2729e-06 -1.2021e-06 -1.1226e-06 -1.0350e-06 -9.4010e-07 -8.3838e-07 -7.3056e-07 -6.1730e-07 -4.9926e-07 -3.7710e-07 -2.5147e-07 -1.2307e-07 +7.4612e-09 +1.3943e-07 +2.7217e-07 +4.0499e-07 +5.3722e-07 +6.6818e-07 +7.9716e-07 +9.2349e-07 +1.0465e-06 +1.1654e-06 +1.2796e-06 +1.3884e-06 +1.4910e-06 +1.5867e-06 +1.6749e-06 +1.7548e-06 +1.8257e-06 +1.8869e-06 +1.9377e-06 +1.9773e-06 +2.0050e-06 +2.0201e-06 +2.0219e-06 +2.0096e-06 +1.9824e-06 +1.9398e-06 +1.8808e-06 +1.8048e-06 +1.7110e-06 +1.5986e-06 +1.4669e-06 +1.3152e-06 +1.1427e-06 
-0000.00100 -1.4265e-06 -1.7353e-06 -2.0066e-06 -2.2415e-06 -2.4413e-06 -2.6073e-06 -2.7405e-06 -2.8424e-06 -2.9141e-06 -2.9569e-06 -2.9719e-06 -2.9606e-06 -2.9241e-06 -2.8637e-06 -2.7806e-06 -2.6763e-06 -2.5519e-06 -2.4087e-06 -2.2480e-06 -2.0712e-06 -1.8795e-06 -1.6742e-06 -1.4567e-06 -1.2283e-06 -9.9028e-07 -7.4399e-07 -4.9078e-07 -2.3198e-07 +3.1049e-08 +2.9696e-07 +5.6440e-07 +8.3200e-07 +1.0984e-06 +1.3622e-06 +1.6221e-06 +1.8766e-06 +2.1243e-06 +2.3640e-06 +2.5940e-06 +2.8132e-06 +3.0200e-06 +3.2130e-06 +3.3908e-06 +3.5520e-06 +3.6952e-06 +3.8188e-06 +3.9215e-06 +4.0019e-06 +4.0584e-06 +4.0896e-06 +4.0940e-06 +4.0702e-06 +4.0166e-06 +3.9319e-06 +3.8145e-06 +3.6629e-06 +3.4757e-06 +3.2513e-06 +2.9882e-06 +2.6849e-06 +2.3399e-06 
-0000.00150 -2.1743e-06 -2.6392e-06 -3.0473e-06 -3.4004e-06 -3.7003e-06 -3.9490e-06 -4.1483e-06 -4.3001e-06 -4.4062e-06 -4.4685e-06 -4.4890e-06 -4.4696e-06 -4.4121e-06 -4.3185e-06 -4.1907e-06 -4.0307e-06 -3.8403e-06 -3.6216e-06 -3.3766e-06 -3.1071e-06 -2.8151e-06 -2.5027e-06 -2.1718e-06 -1.8245e-06 -1.4627e-06 -1.0884e-06 -7.0373e-07 -3.1061e-07 +8.8865e-08 +4.9267e-07 +8.9874e-07 +1.3051e-06 +1.7095e-06 +2.1100e-06 +2.5045e-06 +2.8909e-06 +3.2671e-06 +3.6309e-06 +3.9804e-06 +4.3133e-06 +4.6276e-06 +4.9211e-06 +5.1916e-06 +5.4370e-06 +5.6552e-06 +5.8439e-06 +6.0011e-06 +6.1244e-06 +6.2118e-06 +6.2611e-06 +6.2699e-06 +6.2362e-06 +6.1577e-06 +6.0322e-06 +5.8574e-06 +5.6311e-06 +5.3510e-06 +5.0149e-06 +4.6206e-06 +4.1657e-06 +3.6479e-06 
-0000.00200 -2.9603e-06 -3.5831e-06 -4.1292e-06 -4.6010e-06 -5.0012e-06 -5.3321e-06 -5.5965e-06 -5.7967e-06 -5.9353e-06 -6.0150e-06 -6.0383e-06 -6.0077e-06 -5.9259e-06 -5.7954e-06 -5.6189e-06 -5.3989e-06 -5.1382e-06 -4.8393e-06 -4.5049e-06 -4.1376e-06 -3.7401e-06 -3.3152e-06 -2.8654e-06 -2.3935e-06 -1.9021e-06 -1.3940e-06 -8.7201e-07 -3.3869e-07 +2.0315e-07 +7.5075e-07 +1.3014e-06 +1.8522e-06 +2.4005e-06 +2.9435e-06 +3.4783e-06 +4.0021e-06 +4.5122e-06 +5.0057e-06 +5.4798e-06 +5.9316e-06 +6.3583e-06 +6.7570e-06 +7.1247e-06 +7.4588e-06 +7.7561e-06 +8.0140e-06 +8.2293e-06 +8.3992e-06 +8.5209e-06 +8.5912e-06 +8.6073e-06 +8.5662e-06 +8.4650e-06 +8.3006e-06 +8.0701e-06 +7.7705e-06 +7.3988e-06 +6.9518e-06 +6.4267e-06 +5.8204e-06 +5.1298e-06 
# Horizontal Final Position [m]
START
            -0000.01000 -0000.00967 -0000.00933 -0000.00900 -0000.00867 -0000.00833 -0000.00800 -0000.00767 -0000.00733 -0000.00700 -0000.00667 -0000.00633 -0000.00600 -0000.00567 -0000.00533 -0000.00500 -0000.00467 -0000.00433 -0000.00400 -0000.00367 -0000.00333 -0000.00300 -0000.00267 -0000.00233 -0000.00200 -0000.00167 -0000.00133 -0000.00100 -0000.00067 -0000.00033 +0000.00000 +0000.00033 +0000.00067 +0000.00100 +0000.00133 +0000.00167 +0000.00200 +0000.00233 +0000.00267 +0000.00300 +0000.00333 +0000.00367 +0000.00400 +0000.00433 +0000.00467 +0000.00500 +0000.00533 +0000.00567 +0000.00600 +0000.00633 +0000.00667 +0000.00700 +0000.00733 +0000.00767 +0000.00800 +0000.00833 +0000.00867 +0000.00900 +0000.00933 +0000.00967 +0000.01000 
+0000.00200 -1.0004e-02 -9.6703e-03 -9.3370e-03 -9.0037e-03 -8.6704e-03 -8.3371e-03 -8.0038e-03 -7.6705e-03 -7.3372e-03 -7.0039e-03 -6.6706e-03 -6.3373e-03 -6.0040e-03 -5.6707e-03 -5.3374e-03 -5.0041e-03 -4.6708e-03 -4.3375e-03 -4.0042e-03 -3.6709e-03 -3.3376e-03 -3.0042e-03 -2.6709e-03 -2.3376e-03 -2.0043e-03 -1.6709e-03 -1.3376e-03 -1.0043e-03 -6.7095e-04 -3.3761e-04 -4.2720e-06 +3.2907e-04 +6.6241e-04 +9.9576e-04 +1.3291e-03 +1.6625e-03 +1.9958e-03 +2.3292e-03 +2.6625e-03 +2.9959e-03 +3.3292e-03 +3.6626e-03 +3.9959e-03 +4.3293e-03 +4.6626e-03 +4.9960e-03 +5.3293e-03 +5.6627e-03 +5.9960e-03 +6.3294e-03 +6.6627e-03 +6.9961e-03 +7.3294e-03 +7.6627e-03 +7.9960e-03 +8.3294e-03 +8.6627e-03 +8.9960e-03 +9.3293e-03 +9.6626e-03 +9.9958e-03 
+0000.00150 -1.0004e-02 -9.6703e-03 -9.3370e-03 -9.0037e-03 -8.6704e-03 -8.3371e-03 -8.0038e-03 -7.6705e-03 -7.3372e-03 -7.0039e-03 -6.6706e-03 -6.3373e-03 -6.0040e-03 -5.6707e-03 -5.3374e-03 -5.0041e-03 -4.6708e-03 -4.3375e-03 -4.0042e-03 -3.6709e-03 -3.3375e-03 -3.0042e-03 -2.6709e-03 -2.3376e-03 -2.0043e-03 -1.6709e-03 -1.3376e-03 -1.0043e-03 -6.7093e-04 -3.3759e-04 -4.2541e-06 +3.2909e-04 +6.6243e-04 +9.9578e-04 +1.3291e-03 +1.6625e-03 +1.9958e-03 +2.3292e-03 +2.6625e-03 +2.9959e-03 +3.3292e-03 +3.6626e-03 +3.9959e-03 +4.3293e-03 +4.6626e-03 +4.9960e-03 +5.3293e-03 +5.6627e-03 +5.9960e-03 +6.3294e-03 +6.6627e-03 +6.9961e-03 +7.3294e-03 +7.6627e-03 +7.9960e-03 +8.3294e-03 +8.6627e-03 +8.9960e-03 +9.3293e-03 +9.6626e-03 +9.9958e-03 
+0000.00100 -1.0004e-02 -9.6703e-03 -9.3370e-03 -9.0037e-03 -8.6704e-03 -8.3371e-03 -8.0038e-03 -7.6705e-03 -7.3372e-03 -7.0039e-03 -6.6706e-03 -6.3373e-03 -6.0040e-03 -5.6707e-03 -5.3374e-03 -5.0041e-03 -4.6708e-03 -4.3375e-03 -4.0042e-03 -3.6709e-03 -3.3375e-03 -3.0042e-03 -2.6709e-03 -2.3376e-03 -2.0043e-03 -1.6709e-03 -1.3376e-03 -1.0043e-03 -6.7093e-04 -3.3759e-04 -4.2534e-06 +3.2909e-04 +6.6243e-04 +9.9578e-04 +1.3291e-03 +1.6625e-03 +1.9958e-03 +2.3292e-03 +2.6625e-03 +2.9959e-03 +3.3292e-03 +3.6626e-03 +3.9959e-03 +4.3293e-03 +4.6626e-03 +4.9960e-03 +5.3293e-03 +5.6627e-03 +5.9960e-03 +6.3294e-03 +6.6627e-03 +6.9961e-03 +7.3294e-03 +7.6627e-03 +7.9960e-03 +8.3294e-03 +8.6627e-03 +8.9960e-03 +9.3293e-03 +9.6626e-03 +9.9958e-03 
+0000.00050 -1.0004e-02 -9.6703e-03 -9.3370e-03 -9.0037e-03 -8.6704e-03 -8.3371e-03 -8.0038e-03 -7.6705e-03 -7.3372e-03 -7.0039e-03 -6.6706e-03 -6.3373e-03 -6.0040e-03 -5.6707e-03 -5.3374e-03 -5.0041e-03 -4.6708e-03 -4.3375e-03 -4.0042e-03 -3.6709e-03 -3.3375e-03 -3.0042e-03 -2.6709e-03 -2.3376e-03 -2.0043e-03 -1.6709e-03 -1.3376e-03 -1.0043e-03 -6.7093e-04 -3.3759e-04 -4.2534e-06 +3.2909e-04 +6.6243e-04 +9.9578e-04 +1.3291e-03 +1.6625e-03 +1.9958e-03 +2.3292e-03 +2.6625e-03 +2.9959e-03 +3.3292e-03 +3.6626e-03 +3.9959e-03 +4.3293e-03 +4.6626e-03 +4.9960e-03 +5.3293e-03 +5.6627e-03 +5.9960e-03 +6.3294e-03 +6.6627e-03 +6.9961e-03 +7.3294e-03 +7.6627e-03 +7.9960e-03 +8.3294e-03 +8.6627e-03 +8.9960e-03 +9.3293e-03 +9.6626e-03 +9.9958e-03 
+0000.00000 -1.0004e-02 -9.6703e-03 -9.3370e-03 -9.0037e-03 -8.6704e-03 -8.3371e-03 -8.0038e-03 -7.6705e-03 -7.3372e-03 -7.0039e-03 -6.6706e-03 -6.3373e-03 -6.0040e-03 -5.6707e-03 -5.3374e-03 -5.0041e-03 -4.6708e-03 -4.3375e-03 -4.0042e-03 -3.6709e-03 -3.3375e-03 -3.0042e-03 -2.6709e-03 -2.3376e-03 -2.0043e-03 -1.6709e-03 -1.3376e-03 -1.0043e-03 -6.7093e-04 -3.3759e-04 -4.2534e-06 +3.2909e-04 +6.6243e-04 +9.9578e-04 +1.3291e-03 +1.6625e-03 +1.9958e-03 +2.3292e-03 +2.6625e-03 +2.9959e-03 +3.3292e-03 +3.6626e-03 +3.9959e-03 +4.3293e-03 +4.6626e-03 +4.9960e-03 +5.3293e-03 +5.6627e-03 +5.9960e-03 +6.3294e-03 +6.6627e-03 +6.9961e-03 +7.3294e-03 +7.6627e-03 +7.9960e-03 +8.3294e-03 +8.6627e-03 +8.9960e-03 +9.3293e-03 +9.6626e-03 +9.9958e-03 
-0000.00050 -1.0004e-02 -9.6703e-03 -9.3370e-03 -9.0037e-03 -8.6704e-03 -8.3371e-03 -8.0038e-03 -7.6705e-03 -7.3372e-03 -7.0039e-03 -6.6706e-03 -6.3373e-03 -6.0040e-03 -5.6707e-03 -5.3374e-03 -5.0041e-03 -4.6708e-03 -4.3375e-03 -4.0042e-03 -3.6709e-03 -3.3375e-03 -3.0042e-03 -2.6709e-03 -2.3376e-03 -2.0043e-03 -1.6709e-03 -1.3376e-03 -1.0043e-03 -6.7093e-04 -3.3759e-04 -4.2534e-06 +3.2909e-04 +6.6243e-04 +9.9578e-04 +1.3291e-03 +1.6625e-03 +1.9958e-03 +2.3292e-03 +2.6625e-03 +2.9959e-03 +3.3292e-03 +3.6626e-03 +3.9959e-03 +4.3293e-03 +4.6626e-03 +4.9960e-03 +5.3293e-03 +5.6627e-03 +5.9960e-03 +6.3294e-03 +6.6627e-03 +6.9961e-03 +7.3294e-03 +7.6627e-03 +7.9960e-03 +8.3294e-03 +8.6627e-03 +8.9960e-03 +9.3293e-03 +9.6626e-03 +9.9958e-03 
-0000.00100 -1.0004e-02 -9.6703e-03 -9.3370e-03 -9.0037e-03 -8.6704e-03 -8.3371e-03 -8.0038e-03 -7.6705e-03 -7.3372e-03 -7.0039e-03 -6.6706e-03 -6.3373e-03 -6.0040e-03 -5.6707e-03 -5.3374e-03 -5.0041e-03 -4.6708e-03 -4.3375e-03 -4.0042e-03 -3.6709e-03 -3.3375e-03 -3.0042e-03 -2.6709e-03 -2.3376e-03 -2.0043e-03 -1.6709e-03 -1.3376e-03 -1.0043e-03 -6.7093e-04 -3.3759e-04 -4.2534e-06 +3.2909e-04 +6.6243e-04 +9.9578e-04 +1.3291e-03 +1.6625e-03 +1.9958e-03 +2.3292e-03 +2.6625e-03 +2.9959e-03 +3.3292e-03 +3.6626e-03 +3.9959e-03 +4.3293e-03 +4.6626e-03 +4.9960e-03 +5.3293e-03 +5.6627e-03 +5.9960e-03 +6.3294e-03 +6.6627e-03 +6.9961e-03 +7.3294e-03 +7.6627e-03 +7.9960e-03 +8.3294e-03 +8.6627e-03 +8.9960e-03 +9.3293e-03 +9.6626e-03 +9.9958e-03 
-0000.00150 -1.0004e-02 -9.6703e-03 -9.3370e-03 -9.0037e-03 -8.6704e-03 -8.3371e-03 -8.0038e-03 -7.6705e-03 -7.3372e-03 -7.0039e-03 -6.6706e-03 -6.3373e-03 -6.0040e-03 -5.6707e-03 -5.3374e-03 -5.0041e-03 -4.6708e-03 -4.3375e-03 -4.0042e-03 -3.6709e-03 -3.3375e-03 -3.0042e-03 -2.6709e-03 -2.3376e-03 -2.0043e-03 -1.6709e-03 -1.3376e-03 -1.0043e-03 -6.7093e-04 -3.3759e-04 -4.2541e-06 +3.2909e-04 +6.6243e-04 +9.9578e-04 +1.3291e-03 +1.6625e-03 +1.9958e-03 +2.3292e-03 +2.6625e-03 +2.9959e-03 +3.3292e-03 +3.6626e-03 +3.9959e-03 +4.3293e-03 +4.6626e-03 +4.9960e-03 +5.3293e-03 +5.6627e-03 +5.9960e-03 +6.3294e-03 +6.6627e-03 +6.9961e-03 +7.3294e-03 +7.6627e-03 +7.9960e-03 +8.3294e-03 +8.6627e-03 +8.9960e-03 +9.3293e-03 +9.6626e-03 +9.9958e-03 
-0000.00200 -1.0004e-02 -9.6703e-03 -9.3370e-03 -9.0037e-03 -8.6704e-03 -8.3371e-03 -8.0038e-03 -7.6705e-03 -7.3372e-03 -7.0039e-03 -6.6706e-03 -6.3373e-03 -6.0040e-03 -5.6707e-03 -5.3374e-03 -5.0041e-03 -4.6708e-03 -4.3375e-03 -4.0042e-03 -3.6709e-03 -3.3376e-03 -3.0042e-03 -2.6709e-03 -2.3376e-03 -2.0043e-03 -1.6709e-03 -1.3376e-03 -1.0043e-03 -6.7095e-04 -3.3761e-04 -4.2720e-06 +3.2907e-04 +6.6241e-04 +9.9576e-04 +1.3291e-03 +1.6625e-03 +1.9958e-03 +2.3292e-03 +2.6625e-03 +2.9959e-03 +3.3292e-03 +3.6626e-03 +3.9959e-03 +4.3293e-03 +4.6626e-03 +4.9960e-03 +5.3293e-03 +5.6627e-03 +5.9960e-03 +6.3294e-03 +6.6627e-03 +6.9961e-03 +7.3294e-03 +7.6627e-03 +7.9960e-03 +8.3294e-03 +8.6627e-03 +8.9960e-03 +9.3293e-03 +9.6626e-03 +9.9958e-03 
# Vertical Final Position [m]
START
            -0000.01000 -0000.00967 -0000.00933 -0000.00900 -0000.00867 -0000.00833 -0000.00800 -0000.00767 -0000.00733 -0000.00700 -0000.00667 -0000.00633 -0000.00600 -0000.00567 -0000.00533 -0000.00500 -0000.00467 -0000.00433 -0000.00400 -0000.00367 -0000.00333 -0000.00300 -0000.00267 -0000.00233 -0000.00200 -0000.00167 -0000.00133 -0000.00100 -0000.00067 -0000.00033 +0000.00000 +0000.00033 +0000.00067 +0000.00100 +0000.00133 +0000.00167 +0000.00200 +0000.00233 +0000.00267 +0000.00300 +0000.00333 +0000.00367 +0000.00400 +0000.00433 +0000.00467 +0000.00500 +0000.00533 +0000.00567 +0000.00600 +0000.00633 +0000.00667 +0000.00700 +0000.00733 +0000.00767 +0000.00800 +0000.00833 +0000.00867 +0000.00900 +0000.00933 +0000.00967 +0000.01000 
+0000.00200 +2.0002e-03 +2.0002e-03 +2.0002e-03 +2.0002e-03 +2.0002e-03 +2.0002e-03 +2.0002e-03 +2.0002e-03 +2.0002e-03 +2.0002e-03 +2.0002e-03 +2.0002e-03 +2.0002e-03 +2.0002e-03 +2.0002e-03 +2.0001e-03 +2.0001e-03 +2.0001e-03 +2.0001e-03 +2.0001e-03 +2.0001e-03 +2.0001e-03 +2.0001e-03 +2.0001e-03 +2.0001e-03 +2.0001e-03 +2.0000e-03 +2.0000e-03 +2.0000e-03 +2.0000e-03 +2.0000e-03 +2.0000e-03 +2.0000e-03 +2.0000e-03 +2.0000e-03 +1.9999e-03 +1.9999e-03 +1.9999e-03 +1.9999e-03 +1.9999e-03 +1.9999e-03 +1.9999e-03 +1.9999e-03 +1.9999e-03 +1.9999e-03 +1.9999e-03 +1.9998e-03 +1.9998e-03 +1.9998e-03 +1.9998e-03 +1.9998e-03 +1.9998e-03 +1.9998e-03 +1.9998e-03 +1.9998e-03 +1.9998e-03 +1.9998e-03 +1.9998e-03 +1.9998e-03 +1.9998e-03 +1.9998e-03 
+0000.00150 +1.5001e-03 +1.5001e-03 +1.5001e-03 +1.5001e-03 +1.5001e-03 +1.5001e-03 +1.5001e-03 +1.5001e-03 +1.5001e-03 +1.5001e-03 +1.5001e-03 +1.5001e-03 +1.5001e-03 +1.5001e-03 +1.5001e-03 +1.5001e-03 +1.5001e-03 +1.5001e-03 +1.5001e-03 +1.5001e-03 +1.5001e-03 +1.5001e-03 +1.5001e-03 +1.5001e-03 +1.5000e-03 +1.5000e-03 +1.5000e-03 +1.5000e-03 +1.5000e-03 +1.5000e-03 +1.5000e-03 +1.5000e-03 +1.5000e-03 +1.5000e-03 +1.5000e-03 +1.5000e-03 +1.5000e-03 +1.4999e-03 +1.4999e-03 +1.4999e-03 +1.4999e-03 +1.4999e-03 +1.4999e-03 +1.4999e-03 +1.4999e-03 +1.4999e-03 +1.4999e-03 +1.4999e-03 +1.4999e-03 +1.4999e-03 +1.4999e-03 +1.4999e-03 +1.4999e-03 +1.4999e-03 +1.4999e-03 +1.4999e-03 +1.4999e-03 +1.4999e-03 +1.4999e-03 +1.4999e-03 +1.4999e-03 
+0000.00100 +1.0001e-03 +1.0001e-03 +1.0001e-03 +1.0001e-03 +1.0001e-03 +1.0001e-03 +1.0001e-03 +1.0001e-03 +1.0001e-03 +1.0001e-03 +1.0001e-03 +1.0001e-03 +1.0001e-03 +1.0001e-03 +1.0001e-03 +1.0001e-03 +1.0001e-03 +1.0001e-03 +1.0001e-03 +1.0001e-03 +1.0000e-03 +1.0000e-03 +1.0000e-03 +1.0000e-03 +1.0000e-03 +1.0000e-03 +1.0000e-03 +1.0000e-03 +1.0000e-03 +9.9999e-04 +9.9999e-04 +9.9998e-04 +9.9998e-04 +9.9997e-04 +9.9997e-04 +9.9997e-04 +9.9996e-04 +9.9996e-04 +9.9995e-04 +9.9995e-04 +9.9995e-04 +9.9994e-04 +9.9994e-04 +9.9994e-04 +9.9994e-04 +9.9994e-04 +9.9993e-04 +9.9993e-04 +9.9993e-04 +9.9993e-04 +9.9993e-04 +9.9993e-04 +9.9993e-04 +9.9993e-04 +9.9993e-04 +9.9992e-04 +9.9992e-04 +9.9992e-04 +9.9992e-04 +9.9992e-04 +9.9992e-04 
+0000.00050 +5.0004e-04 +5.0004e-04 +5.0004e-04 +5.0004e-04 +5.0004e-04 +5.0004e-04 +5.0004e-04 +5.0004e-04 +5.0004e-04 +5.0004e-04 +5.0004e-04 +5.0004e-04 +5.0004e-04 +5.0004e-04 +5.0003e-04 +5.0003e-04 +5.0003e-04 +5.0003e-04 +5.0003e-04 +5.0003e-04 +5.0002e-04 +5.0002e-04 +5.0002e-04 +5.0002e-04 +5.0002e-04 +5.0001e-04 +5.0001e-04 +5.0001e-04 +5.0001e-04 +5.0000e-04 +5.0000e-04 +5.0000e-04 +5.0000e-04 +4.9999e-04 +4.9999e-04 +4.9999e-04 +4.9999e-04 +4.9998e-04 +4.9998e-04 +4.9998e-04 +4.9998e-04 +4.9997e-04 +4.9997e-04 +4.9997e-04 +4.9997e-04 +4.9997e-04 +4.9997e-04 +4.9996e-04 +4.9996e-04 +4.9996e-04 +4.9996e-04 +4.9996e-04 +4.9996e-04 +4.9996e-04 +4.9996e-04 +4.9996e-04 +4.9996e-04 +4.9996e-04 +4.9996e-04 +4.9996e-04 +4.9996e-04 
+0000.00000 -1.2757e-11 -1.3179e-11 -1.3605e-11 -1.4031e-11 -1.4456e-11 -1.4879e-11 -1.5298e-11 -1.5712e-11 -1.6119e-11 -1.6517e-11 -1.6906e-11 -1.7284e-11 -1.7650e-11 -1.8003e-11 -1.8341e-11 -1.8664e-11 -1.8971e-11 -1.9261e-11 -1.9533e-11 -1.9786e-11 -2.0019e-11 -2.0232e-11 -2.0425e-11 -2.0596e-11 -2.0746e-11 -2.0874e-11 -2.0979e-11 -2.1061e-11 -2.1121e-11 -2.1157e-11 -2.1170e-11 -2.1160e-11 -2.1127e-11 -2.1071e-11 -2.0992e-11 -2.0890e-11 -2.0766e-11 -2.0619e-11 -2.0451e-11 -2.0262e-11 -2.0052e-11 -1.9822e-11 -1.9573e-11 -1.9305e-11 -1.9019e-11 -1.8716e-11 -1.8396e-11 -1.8062e-11 -1.7713e-11 -1.7351e-11 -1.6977e-11 -1.6592e-11 -1.6198e-11 -1.5795e-11 -1.5386e-11 -1.4971e-11 -1.4553e-11 -1.4132e-11 -1.3711e-11 -1.3291e-11 -1.2873e-11 
-0000.00050 -5.0004e-04 -5.0004e-04 -5.0004e-04 -5.0004e-04 -5.0004e-04 -5.0004e-04 -5.0004e-04 -5.0004e-04 -5.0004e-04 -5.0004e-04 -5.0004e-04 -5.0004e-04 -5.0004e-04 -5.0004e-04 -5.0003e-04 -5.0003e-04 -5.0003e-04 -5.0003e-04 -5.0003e-04 -5.0003e-04 -5.0002e-04 -5.0002e-04 -5.0002e-04 -5.0002e-04 -5.0002e-04 -5.0001e-04 -5.0001e-04 -5.0001e-04 -5.0001e-04 -5.0000e-04 -5.0000e-04 -5.0000e-04 -5.0000e-04 -4.9999e-04 -4.9999e-04 -4.9999e-04 -4.9999e-04 -4.9998e-04 -4.9998e-04 -4.9998e-04 -4.9998e-04 -4.9997e-04 -4.9997e-04 -4.9997e-04 -4.9997e-04 -4.9997e-04 -4.9997e-04 -4.9996e-04 -4.9996e-04 -4.9996e-04 -4.9996e-04 -4.9996e-04 -4.9996e-04 -4.9996e-04 -4.9996e-04 -4.9996e-04 -4.9996e-04 -4.9996e-04 -4.9996e-04 -4.9996e-04 -4.9996e-04 
-0000.00100 -1.0001e-03 -1.0001e-03 -1.0001e-03 -1.0001e-03 -1.0001e-03 -1.0001e-03 -1.0001e-03 -1.0001e-03 -1.0001e-03 -1.0001e-03 -1.0001e-03 -1.0001e-03 -1.0001e-03 -1.0001e-03 -1.0001e-03 -1.0001e-03 -1.0001e-03 -1.0001e-03 -1.0001e-03 -1.0001e-03 -1.0000e-03 -1.0000e-03 -1.0000e-03 -1.0000e-03 -1.0000e-03 -1.0000e-03 -1.0000e-03 -1.0000e-03 -1.0000e-03 -9.9999e-04 -9.9999e-04 -9.9998e-04 -9.9998e-04 -9.9997e-04 -9.9997e-04 -9.9997e-04 -9.9996e-04 -9.9996e-04 -9.9995e-04 -9.9995e-04 -9.9995e-04 -9.9994e-04 -9.9994e-04 -9.9994e-04 -9.9994e-04 -9.9994e-04 -9.9993e-04 -9.9993e-04 -9.9993e-04 -9.9993e-04 -9.9993e-04 -9.9993e-04 -9.9993e-04 -9.9993e-04 -9.9993e-04 -9.9992e-04 -9.9992e-04 -9.9992e-04 -9.9992e-04 -9.9992e-04 -9.9992e-04 
-0000.00150 -1.5001e-03 -1.5001e-03 -1.5001e-03 -1.5001e-03 -1.5001e-03 -1.5001e-03 -1.5001e-03 -1.5001e-03 -1.5001e-03 -1.5001e-03 -1.5001e-03 -1.5001e-03 -1.5001e-03 -1.5001e-03 -1.5001e-03 -1.5001e-03 -1.5001e-03 -1.5001e-03 -1.5001e-03 -1.5001e-03 -1.5001e-03 -1.5001e-03 -1.5001e-03 -1.5001e-03 -1.5000e-03 -1.5000e-03 -1.5000e-03 -1.5000e-03 -1.5000e-03 -1.5000e-03 -1.5000e-03 -1.5000e-03 -1.5000e-03 -1.5000e-03 -1.5000e-03 -1.5000e-03 -1.5000e-03 -1.4999e-03 -1.4999e-03 -1.4999e-03 -1.4999e-03 -1.4999e-03 -1.4999e-03 -1.4999e-03 -1.4999e-03 -1.4999e-03 -1.4999e-03 -1.4999e-03 -1.4999e-03 -1.4999e-03 -1.4999e-03 -1.4999e-03 -1.4999e-03 -1.4999e-03 -1.4999e-03 -1.4999e-03 -1.4999e-03 -1.4999e-03 -1.4999e-03 -1.4999e-03 -1.4999e-03 
-0000.00200 -2.0002e-03 -2.0002e-03 -2.0002e-03 -2.0002e-03 -2.0002e-03 -2.0002e-03 -2.0002e-03 -2.0002e-03 -2.0002e-03 -2.0002e-03 -2.0002e-03 -2.0002e-03 -2.0002e-03 -2.0002e-03 -2.0002e-03 -2.0001e-03 -2.0001e-03 -2.0001e-03 -2.0001e-03 -2.0001e-03 -2.0001e-03 -2.0001e-03 -2.0001e-03 -2.0001e-03 -2.0001e-03 -2.0001e-03 -2.0000e-03 -2.0000e-03 -2.0000e-03 -2.0000e-03 -2.0000e-03 -2.0000e-03 -2.0000e-03 -2.0000e-03 -2.0000e-03 -1.9999e-03 -1.9999e-03 -1.9999e-03 -1.9999e-03 -1.9999e-03 -1.9999e-03 -1.9999e-03 -1.9999e-03 -1.9999e-03 -1.9999e-03 -1.9999e-03 -1.9998e-03 -1.9998e-03 -1.9998e-03 -1.9998e-03 -1.9998e-03 -1.9998e-03 -1.9998e-03 -1.9998e-03 -1.9998e-03 -1.9998e-03 -1.9998e-03 -1.9998e-03 -1.9998e-03 -1.9998e-03 -1.9998e-03 