# Author: FAC idanalysis.IDKickMap
# Termination_kicks [T2m2]: +0.0000e+00 +0.0000e+00 +0.0000e+00 +0.0000e+00 
# Total Length of Longitudinal Interval [m]
0.13
# Number of Horizontal Points
61
# Number of Vertical Points
9
# Total Horizontal 2nd Order Kick [T2m2]
START
            -0000.01000 -0000.00967 -0000.00933 -0000.00900 -0000.00867 -0000.00833 -0000.00800 -0000.00767 -0000.00733 -0000.00700 -0000.00667 -0000.00633 -0000.00600 -0000.00567 -0000.00533 -0000.00500 -0000.00467 -0000.00433 -0000.00400 -0000.00367 -0000.00333 -0000.00300 -0000.00267 -0000.00233 -0000.00200 -0000.00167 -0000.00133 -0000.00100 -0000.00067 -0000.00033 +0000.00000 +0000.00033 +0000.00067 +0000.00100 +0000.00133 +0000.00167 +0000.00200 +0000.00233 +0000.00267 +0000.00300 +0000.00333 +0000.00367 +0000.00400 +0000.00433 +0000.00467 +0000.00500 +0000.00533 +0000.00567 +0000.00600 +0000.00633 +0000.00667 +0000.00700 +0000.00733 +0000.00767 +0000.00800 +0000.00833 +0000.00867 +0000.00900 +0000.00933 +0000.00967 +0000.01000 
+0000.00200 -4.8730e-05 -4.5350e-05 -4.2080e-05 -3.8950e-05 -3.5930e-05 -3.3030e-05 -3.0260e-05 -2.7600e-05 -2.5060e-05 -2.2640e-05 -2.0340e-05 -1.8150e-05 -1.6080e-05 -1.4120e-05 -1.2280e-05 -1.0550e-05 -8.9400e-06 -7.4300e-06 -6.0400e-06 -4.7700e-06 -3.6000e-06 -2.5400e-06 -1.5900e-06 -7.6000e-07 -3.0000e-08 +5.9000e-07 +1.0900e-06 +1.4900e-06 +1.7800e-06 +1.9600e-06 +2.0300e-06 +2.0000e-06 +1.8500e-06 +1.5900e-06 +1.2300e-06 +7.6000e-07 +1.8000e-07 -5.1000e-07 -1.3100e-06 -2.2200e-06 -3.2400e-06 -4.3700e-06 -5.6100e-06 -6.9700e-06 -8.4300e-06 -1.0000e-05 -1.1690e-05 -1.3490e-05 -1.5400e-05 -1.7430e-05 -1.9570e-05 -2.1820e-05 -2.4190e-05 -2.6680e-05 -2.9280e-05 -3.2000e-05 -3.4850e-05 -3.7810e-05 -4.0890e-05 -4.4090e-05 -4.7410e-05 
+0000.00150 -4.9510e-05 -4.6180e-05 -4.2970e-05 -3.9870e-05 -3.6890e-05 -3.4020e-05 -3.1270e-05 -2.8630e-05 -2.6100e-05 -2.3690e-05 -2.1390e-05 -1.9200e-05 -1.7120e-05 -1.5160e-05 -1.3310e-05 -1.1570e-05 -9.9400e-06 -8.4300e-06 -7.0300e-06 -5.7300e-06 -4.5500e-06 -3.4800e-06 -2.5300e-06 -1.6800e-06 -9.4000e-07 -3.2000e-07 +2.0000e-07 +6.0000e-07 +8.9000e-07 +1.0700e-06 +1.1500e-06 +1.1100e-06 +9.6000e-07 +7.0000e-07 +3.3000e-07 -1.5000e-07 -7.4000e-07 -1.4400e-06 -2.2600e-06 -3.1800e-06 -4.2100e-06 -5.3500e-06 -6.6100e-06 -7.9700e-06 -9.4500e-06 -1.1030e-05 -1.2730e-05 -1.4530e-05 -1.6450e-05 -1.8480e-05 -2.0620e-05 -2.2870e-05 -2.5230e-05 -2.7700e-05 -3.0290e-05 -3.2980e-05 -3.5790e-05 -3.8710e-05 -4.1740e-05 -4.4890e-05 -4.8140e-05 
+0000.00100 -5.0030e-05 -4.6750e-05 -4.3580e-05 -4.0520e-05 -3.7560e-05 -3.4720e-05 -3.1980e-05 -2.9360e-05 -2.6840e-05 -2.4430e-05 -2.2130e-05 -1.9940e-05 -1.7870e-05 -1.5900e-05 -1.4040e-05 -1.2300e-05 -1.0660e-05 -9.1400e-06 -7.7300e-06 -6.4200e-06 -5.2300e-06 -4.1600e-06 -3.1900e-06 -2.3400e-06 -1.5900e-06 -9.6000e-07 -4.4000e-07 -4.0000e-08 +2.6000e-07 +4.4000e-07 +5.1000e-07 +4.7000e-07 +3.2000e-07 +6.0000e-08 -3.2000e-07 -8.0000e-07 -1.4000e-06 -2.1100e-06 -2.9300e-06 -3.8600e-06 -4.9000e-06 -6.0500e-06 -7.3200e-06 -8.6900e-06 -1.0170e-05 -1.1770e-05 -1.3470e-05 -1.5280e-05 -1.7200e-05 -1.9230e-05 -2.1370e-05 -2.3610e-05 -2.5970e-05 -2.8430e-05 -3.1000e-05 -3.3670e-05 -3.6450e-05 -3.9340e-05 -4.2330e-05 -4.5430e-05 -4.8640e-05 
+0000.00050 -5.0330e-05 -4.7080e-05 -4.3940e-05 -4.0900e-05 -3.7960e-05 -3.5130e-05 -3.2410e-05 -2.9790e-05 -2.7280e-05 -2.4870e-05 -2.2580e-05 -2.0390e-05 -1.8310e-05 -1.6340e-05 -1.4480e-05 -1.2730e-05 -1.1090e-05 -9.5700e-06 -8.1500e-06 -6.8400e-06 -5.6500e-06 -4.5600e-06 -3.5900e-06 -2.7300e-06 -1.9900e-06 -1.3500e-06 -8.3000e-07 -4.2000e-07 -1.3000e-07 +6.0000e-08 +1.3000e-07 +9.0000e-08 -6.0000e-08 -3.3000e-07 -7.1000e-07 -1.2000e-06 -1.8000e-06 -2.5100e-06 -3.3300e-06 -4.2700e-06 -5.3200e-06 -6.4700e-06 -7.7400e-06 -9.1200e-06 -1.0610e-05 -1.2210e-05 -1.3910e-05 -1.5730e-05 -1.7650e-05 -1.9680e-05 -2.1810e-05 -2.4060e-05 -2.6400e-05 -2.8860e-05 -3.1420e-05 -3.4080e-05 -3.6840e-05 -3.9710e-05 -4.2680e-05 -4.5750e-05 -4.8920e-05 
+0000.00000 -5.0430e-05 -4.7190e-05 -4.4050e-05 -4.1020e-05 -3.8090e-05 -3.5270e-05 -3.2550e-05 -2.9930e-05 -2.7420e-05 -2.5020e-05 -2.2720e-05 -2.0540e-05 -1.8460e-05 -1.6490e-05 -1.4630e-05 -1.2880e-05 -1.1240e-05 -9.7100e-06 -8.2900e-06 -6.9800e-06 -5.7800e-06 -4.7000e-06 -3.7300e-06 -2.8700e-06 -2.1200e-06 -1.4800e-06 -9.6000e-07 -5.5000e-07 -2.5000e-07 -7.0000e-08 +0.0000e+00 -4.0000e-08 -1.9000e-07 -4.6000e-07 -8.3000e-07 -1.3300e-06 -1.9300e-06 -2.6400e-06 -3.4700e-06 -4.4100e-06 -5.4600e-06 -6.6100e-06 -7.8800e-06 -9.2600e-06 -1.0750e-05 -1.2350e-05 -1.4060e-05 -1.5870e-05 -1.7800e-05 -1.9820e-05 -2.1960e-05 -2.4200e-05 -2.6550e-05 -2.9000e-05 -3.1550e-05 -3.4210e-05 -3.6970e-05 -3.9830e-05 -4.2790e-05 -4.5860e-05 -4.9020e-05 
-0000.00050 -5.0330e-05 -4.7080e-05 -4.3940e-05 -4.0900e-05 -3.7960e-05 -3.5130e-05 -3.2410e-05 -2.9790e-05 -2.7280e-05 -2.4870e-05 -2.2580e-05 -2.0390e-05 -1.8310e-05 -1.6340e-05 -1.4480e-05 -1.2730e-05 -1.1090e-05 -9.5700e-06 -8.1500e-06 -6.8400e-06 -5.6500e-06 -4.5600e-06 -3.5900e-06 -2.7300e-06 -1.9900e-06 -1.3500e-06 -8.3000e-07 -4.2000e-07 -1.3000e-07 +6.0000e-08 +1.3000e-07 +9.0000e-08 -6.0000e-08 -3.3000e-07 -7.1000e-07 -1.2000e-06 -1.8000e-06 -2.5100e-06 -3.3300e-06 -4.2700e-06 -5.3200e-06 -6.4700e-06 -7.7400e-06 -9.1200e-06 -1.0610e-05 -1.2210e-05 -1.3910e-05 -1.5730e-05 -1.7650e-05 -1.9680e-05 -2.1810e-05 -2.4060e-05 -2.6400e-05 -2.8860e-05 -3.1420e-05 -3.4080e-05 -3.6840e-05 -3.9710e-05 -4.2680e-05 -4.5750e-05 -4.8920e-05 
-0000.00100 -5.0030e-05 -4.6750e-05 -4.3580e-05 -4.0520e-05 -3.7560e-05 -3.4720e-05 -3.1980e-05 -2.9350e-05 -2.6840e-05 -2.4430e-05 -2.2130e-05 -1.9940e-05 -1.7860e-05 -1.5900e-05 -1.4040e-05 -1.2290e-05 -1.0660e-05 -9.1400e-06 -7.7200e-06 -6.4200e-06 -5.2300e-06 -4.1600e-06 -3.1900e-06 -2.3400e-06 -1.5900e-06 -9.6000e-07 -4.4000e-07 -4.0000e-08 +2.6000e-07 +4.4000e-07 +5.1000e-07 +4.7000e-07 +3.2000e-07 +6.0000e-08 -3.2000e-07 -8.0000e-07 -1.4000e-06 -2.1100e-06 -2.9300e-06 -3.8600e-06 -4.9000e-06 -6.0500e-06 -7.3200e-06 -8.6900e-06 -1.0170e-05 -1.1770e-05 -1.3470e-05 -1.5280e-05 -1.7200e-05 -1.9230e-05 -2.1370e-05 -2.3610e-05 -2.5970e-05 -2.8430e-05 -3.1000e-05 -3.3670e-05 -3.6450e-05 -3.9340e-05 -4.2330e-05 -4.5430e-05 -4.8640e-05 
-0000.00150 -4.9510e-05 -4.6180e-05 -4.2970e-05 -3.9870e-05 -3.6890e-05 -3.4020e-05 -3.1270e-05 -2.8630e-05 -2.6100e-05 -2.3690e-05 -2.1390e-05 -1.9200e-05 -1.7120e-05 -1.5160e-05 -1.3310e-05 -1.1570e-05 -9.9400e-06 -8.4300e-06 -7.0200e-06 -5.7300e-06 -4.5500e-06 -3.4800e-06 -2.5200e-06 -1.6800e-06 -9.4000e-07 -3.2000e-07 +2.0000e-07 +6.0000e-07 +8.9000e-07 +1.0800e-06 +1.1500e-06 +1.1100e-06 +9.6000e-07 +7.0000e-07 +3.3000e-07 -1.5000e-07 -7.4000e-07 -1.4500e-06 -2.2600e-06 -3.1800e-06 -4.2100e-06 -5.3600e-06 -6.6100e-06 -7.9700e-06 -9.4500e-06 -1.1030e-05 -1.2730e-05 -1.4540e-05 -1.6450e-05 -1.8480e-05 -2.0620e-05 -2.2870e-05 -2.5230e-05 -2.7710e-05 -3.0290e-05 -3.2990e-05 -3.5790e-05 -3.8710e-05 -4.1740e-05 -4.4890e-05 -4.8140e-05 
-0000.00200 -4.8740e-05 -4.5350e-05 -4.2080e-05 -3.8940e-05 -3.5930e-05 -3.3030e-05 -3.0250e-05 -2.7600e-05 -2.5060e-05 -2.2640e-05 -2.0330e-05 -1.8150e-05 -1.6080e-05 -1.4120e-05 -1.2280e-05 -1.0550e-05 -8.9300e-06 -7.4300e-06 -6.0400e-06 -4.7600e-06 -3.5900e-06 -2.5400e-06 -1.5900e-06 -7.6000e-07 -3.0000e-08 +5.9000e-07 +1.0900e-06 +1.4900e-06 +1.7800e-06 +1.9600e-06 +2.0300e-06 +2.0000e-06 +1.8500e-06 +1.5900e-06 +1.2300e-06 +7.6000e-07 +1.7000e-07 -5.2000e-07 -1.3200e-06 -2.2300e-06 -3.2500e-06 -4.3800e-06 -5.6200e-06 -6.9700e-06 -8.4300e-06 -1.0010e-05 -1.1690e-05 -1.3490e-05 -1.5400e-05 -1.7430e-05 -1.9570e-05 -2.1820e-05 -2.4190e-05 -2.6680e-05 -2.9290e-05 -3.2010e-05 -3.4850e-05 -3.7810e-05 -4.0890e-05 -4.4090e-05 -4.7410e-05 
# Total Vertical 2nd Order Kick [T2m2]
START
            -0000.01000 -0000.00967 -0000.00933 -0000.00900 -0000.00867 -0000.00833 -0000.00800 -0000.00767 -0000.00733 -0000.00700 -0000.00667 -0000.00633 -0000.00600 -0000.00567 -0000.00533 -0000.00500 -0000.00467 -0000.00433 -0000.00400 -0000.00367 -0000.00333 -0000.00300 -0000.00267 -0000.00233 -0000.00200 -0000.00167 -0000.00133 -0000.00100 -0000.00067 -0000.00033 +0000.00000 +0000.00033 +0000.00067 +0000.00100 +0000.00133 +0000.00167 +0000.00200 +0000.00233 +0000.00267 +0000.00300 +0000.00333 +0000.00367 +0000.00400 +0000.00433 +0000.00467 +0000.00500 +0000.00533 +0000.00567 +0000.00600 +0000.00633 +0000.00667 +0000.00700 +0000.00733 +0000.00767 +0000.00800 +0000.00833 +0000.00867 +0000.00900 +0000.00933 +0000.00967 +0000.01000 
+0000.00200 -7.9010e-05 -7.8405e-05 -7.7796e-05 -7.7182e-05 -7.6564e-05 -7.5942e-05 -7.5316e-05 -7.4686e-05 -7.4052e-05 -7.3414e-05 -7.2773e-05 -7.2128e-05 -7.1480e-05 -7.0828e-05 -7.0173e-05 -6.9515e-05 -6.8855e-05 -6.8191e-05 -6.7525e-05 -6.6857e-05 -6.6186e-05 -6.5513e-05 -6.4839e-05 -6.4162e-05 -6.3484e-05 -6.2805e-05 -6.2124e-05 -6.1442e-05 -6.0759e-05 -6.0076e-05 -5.9392e-05 -5.8708e-05 -5.8024e-05 -5.7340e-05 -5.6656e-05 -5.5973e-05 -5.5291e-05 -5.4609e-05 -5.3929e-05 -5.3251e-05 -5.2574e-05 -5.1900e-05 -5.1227e-05 -5.0558e-05 -4.9891e-05 -4.9227e-05 -4.8566e-05 -4.7909e-05 -4.7256e-05 -4.6606e-05 -4.5962e-05 -4.5322e-05 -4.4687e-05 -4.4057e-05 -4.3433e-05 -4.2815e-05 -4.2204e-05 -4.1598e-05 -4.1000e-05 -4.0409e-05 -3.9825e-05 
+0000.00150 -5.4237e-05 -5.3809e-05 -5.3375e-05 -5.2937e-05 -5.2493e-05 -5.2044e-05 -5.1590e-05 -5.1131e-05 -5.0668e-05 -5.0200e-05 -4.9729e-05 -4.9253e-05 -4.8773e-05 -4.8290e-05 -4.7802e-05 -4.7312e-05 -4.6818e-05 -4.6322e-05 -4.5822e-05 -4.5320e-05 -4.4815e-05 -4.4308e-05 -4.3799e-05 -4.3288e-05 -4.2776e-05 -4.2262e-05 -4.1747e-05 -4.1230e-05 -4.0713e-05 -4.0196e-05 -3.9677e-05 -3.9159e-05 -3.8641e-05 -3.8123e-05 -3.7605e-05 -3.7089e-05 -3.6573e-05 -3.6058e-05 -3.5545e-05 -3.5034e-05 -3.4524e-05 -3.4017e-05 -3.3512e-05 -3.3010e-05 -3.2511e-05 -3.2016e-05 -3.1523e-05 -3.1035e-05 -3.0550e-05 -3.0070e-05 -2.9594e-05 -2.9124e-05 -2.8658e-05 -2.8198e-05 -2.7743e-05 -2.7295e-05 -2.6853e-05 -2.6417e-05 -2.5989e-05 -2.5568e-05 -2.5154e-05 
+0000.00100 -3.3922e-05 -3.3649e-05 -3.3371e-05 -3.3089e-05 -3.2802e-05 -3.2511e-05 -3.2216e-05 -3.1917e-05 -3.1614e-05 -3.1308e-05 -3.0998e-05 -3.0684e-05 -3.0367e-05 -3.0048e-05 -2.9725e-05 -2.9400e-05 -2.9071e-05 -2.8741e-05 -2.8408e-05 -2.8073e-05 -2.7736e-05 -2.7397e-05 -2.7056e-05 -2.6714e-05 -2.6371e-05 -2.6026e-05 -2.5681e-05 -2.5334e-05 -2.4987e-05 -2.4640e-05 -2.4292e-05 -2.3944e-05 -2.3596e-05 -2.3249e-05 -2.2901e-05 -2.2555e-05 -2.2209e-05 -2.1865e-05 -2.1521e-05 -2.1179e-05 -2.0839e-05 -2.0500e-05 -2.0163e-05 -1.9829e-05 -1.9497e-05 -1.9167e-05 -1.8840e-05 -1.8517e-05 -1.8196e-05 -1.7879e-05 -1.7566e-05 -1.7256e-05 -1.6951e-05 -1.6649e-05 -1.6353e-05 -1.6061e-05 -1.5774e-05 -1.5492e-05 -1.5216e-05 -1.4945e-05 -1.4680e-05 
+0000.00050 -1.6317e-05 -1.6185e-05 -1.6049e-05 -1.5911e-05 -1.5771e-05 -1.5628e-05 -1.5483e-05 -1.5335e-05 -1.5186e-05 -1.5034e-05 -1.4881e-05 -1.4725e-05 -1.4568e-05 -1.4409e-05 -1.4248e-05 -1.4086e-05 -1.3922e-05 -1.3757e-05 -1.3591e-05 -1.3423e-05 -1.3255e-05 -1.3085e-05 -1.2915e-05 -1.2743e-05 -1.2571e-05 -1.2398e-05 -1.2225e-05 -1.2051e-05 -1.1877e-05 -1.1702e-05 -1.1528e-05 -1.1353e-05 -1.1179e-05 -1.1004e-05 -1.0830e-05 -1.0656e-05 -1.0483e-05 -1.0310e-05 -1.0138e-05 -9.9664e-06 -9.7958e-06 -9.6262e-06 -9.4578e-06 -9.2905e-06 -9.1245e-06 -8.9600e-06 -8.7970e-06 -8.6356e-06 -8.4761e-06 -8.3184e-06 -8.1626e-06 -8.0091e-06 -7.8577e-06 -7.7087e-06 -7.5621e-06 -7.4182e-06 -7.2769e-06 -7.1385e-06 -7.0030e-06 -6.8706e-06 -6.7414e-06 
+0000.00000 +4.9800e-09 +4.8592e-09 +4.7159e-09 +4.5529e-09 +4.3727e-09 +4.1779e-09 +3.9708e-09 +3.7539e-09 +3.5293e-09 +3.2992e-09 +3.0657e-09 +2.8307e-09 +2.5960e-09 +2.3630e-09 +2.1350e-09 +1.9110e-09 +1.6950e-09 +1.4870e-09 +1.2880e-09 +1.1010e-09 +9.2500e-10 +7.6200e-10 +6.1300e-10 +4.7900e-10 +3.6000e-10 +2.5700e-10 +1.7100e-10 +1.0200e-10 +5.0000e-11 +1.6000e-11 +0.0000e+00 +2.0000e-12 +2.2000e-11 +6.0000e-11 +1.1600e-10 +1.8900e-10 +2.7900e-10 +3.8600e-10 +5.0800e-10 +6.4600e-10 +7.9900e-10 +9.6500e-10 +1.1440e-09 +1.3350e-09 +1.5370e-09 +1.7470e-09 +1.9660e-09 +2.1920e-09 +2.4230e-09 +2.6570e-09 +2.8935e-09 +3.1299e-09 +3.3645e-09 +3.5954e-09 +3.8205e-09 +4.0376e-09 +4.2445e-09 +4.4388e-09 +4.6181e-09 +4.7799e-09 +4.9216e-09 
-0000.00050 +1.6328e-05 +1.6195e-05 +1.6059e-05 +1.5921e-05 +1.5780e-05 +1.5637e-05 +1.5491e-05 +1.5343e-05 +1.5193e-05 +1.5041e-05 +1.4887e-05 +1.4731e-05 +1.4574e-05 +1.4414e-05 +1.4253e-05 +1.4090e-05 +1.3926e-05 +1.3761e-05 +1.3594e-05 +1.3426e-05 +1.3257e-05 +1.3087e-05 +1.2916e-05 +1.2744e-05 +1.2572e-05 +1.2399e-05 +1.2225e-05 +1.2051e-05 +1.1877e-05 +1.1703e-05 +1.1528e-05 +1.1353e-05 +1.1179e-05 +1.1004e-05 +1.0830e-05 +1.0657e-05 +1.0483e-05 +1.0311e-05 +1.0139e-05 +9.9674e-06 +9.7972e-06 +9.6279e-06 +9.4598e-06 +9.2930e-06 +9.1274e-06 +8.9633e-06 +8.8008e-06 +8.6399e-06 +8.4808e-06 +8.3236e-06 +8.1684e-06 +8.0153e-06 +7.8645e-06 +7.7159e-06 +7.5699e-06 +7.4263e-06 +7.2855e-06 +7.1475e-06 +7.0124e-06 +6.8804e-06 +6.7515e-06 
-0000.00100 +3.3933e-05 +3.3660e-05 +3.3381e-05 +3.3099e-05 +3.2812e-05 +3.2520e-05 +3.2225e-05 +3.1925e-05 +3.1622e-05 +3.1315e-05 +3.1004e-05 +3.0690e-05 +3.0373e-05 +3.0053e-05 +2.9730e-05 +2.9404e-05 +2.9075e-05 +2.8744e-05 +2.8411e-05 +2.8075e-05 +2.7738e-05 +2.7399e-05 +2.7058e-05 +2.6715e-05 +2.6372e-05 +2.6027e-05 +2.5681e-05 +2.5335e-05 +2.4988e-05 +2.4640e-05 +2.4292e-05 +2.3944e-05 +2.3597e-05 +2.3249e-05 +2.2902e-05 +2.2556e-05 +2.2210e-05 +2.1866e-05 +2.1523e-05 +2.1181e-05 +2.0841e-05 +2.0502e-05 +2.0166e-05 +1.9832e-05 +1.9500e-05 +1.9171e-05 +1.8845e-05 +1.8522e-05 +1.8202e-05 +1.7885e-05 +1.7572e-05 +1.7263e-05 +1.6958e-05 +1.6658e-05 +1.6361e-05 +1.6070e-05 +1.5783e-05 +1.5502e-05 +1.5226e-05 +1.4956e-05 +1.4691e-05 
-0000.00150 +5.4248e-05 +5.3820e-05 +5.3386e-05 +5.2946e-05 +5.2502e-05 +5.2052e-05 +5.1598e-05 +5.1139e-05 +5.0675e-05 +5.0207e-05 +4.9735e-05 +4.9258e-05 +4.8778e-05 +4.8294e-05 +4.7807e-05 +4.7316e-05 +4.6822e-05 +4.6325e-05 +4.5825e-05 +4.5322e-05 +4.4817e-05 +4.4310e-05 +4.3801e-05 +4.3289e-05 +4.2777e-05 +4.2263e-05 +4.1747e-05 +4.1231e-05 +4.0714e-05 +4.0196e-05 +3.9678e-05 +3.9159e-05 +3.8641e-05 +3.8123e-05 +3.7606e-05 +3.7089e-05 +3.6574e-05 +3.6059e-05 +3.5546e-05 +3.5035e-05 +3.4526e-05 +3.4019e-05 +3.3515e-05 +3.3013e-05 +3.2515e-05 +3.2019e-05 +3.1527e-05 +3.1039e-05 +3.0555e-05 +3.0076e-05 +2.9600e-05 +2.9130e-05 +2.8665e-05 +2.8206e-05 +2.7752e-05 +2.7304e-05 +2.6862e-05 +2.6427e-05 +2.5999e-05 +2.5578e-05 +2.5165e-05 
-0000.00200 +7.9022e-05 +7.8417e-05 +7.7807e-05 +7.7193e-05 +7.6574e-05 +7.5951e-05 +7.5325e-05 +7.4694e-05 +7.4059e-05 +7.3421e-05 +7.2779e-05 +7.2134e-05 +7.1485e-05 +7.0833e-05 +7.0177e-05 +6.9519e-05 +6.8858e-05 +6.8194e-05 +6.7528e-05 +6.6859e-05 +6.6188e-05 +6.5515e-05 +6.4840e-05 +6.4163e-05 +6.3485e-05 +6.2805e-05 +6.2124e-05 +6.1442e-05 +6.0759e-05 +6.0076e-05 +5.9392e-05 +5.8708e-05 +5.8024e-05 +5.7340e-05 +5.6656e-05 +5.5973e-05 +5.5291e-05 +5.4610e-05 +5.3931e-05 +5.3253e-05 +5.2576e-05 +5.1902e-05 +5.1230e-05 +5.0560e-05 +4.9894e-05 +4.9230e-05 +4.8570e-05 +4.7913e-05 +4.7261e-05 +4.6612e-05 +4.5968e-05 +4.5329e-05 +4.4694e-05 +4.4065e-05 +4.3442e-05 +4.2824e-05 +4.2213e-05 +4.1609e-05 +4.1011e-05 +4.0420e-05 +3.9837e-05 
# Horizontal Final Position [m]
START
            -0000.01000 -0000.00967 -0000.00933 -0000.00900 -0000.00867 -0000.00833 -0000.00800 -0000.00767 -0000.00733 -0000.00700 -0000.00667 -0000.00633 -0000.00600 -0000.00567 -0000.00533 -0000.00500 -0000.00467 -0000.00433 -0000.00400 -0000.00367 -0000.00333 -0000.00300 -0000.00267 -0000.00233 -0000.00200 -0000.00167 -0000.00133 -0000.00100 -0000.00067 -0000.00033 +0000.00000 +0000.00033 +0000.00067 +0000.00100 +0000.00133 +0000.00167 +0000.00200 +0000.00233 +0000.00267 +0000.00300 +0000.00333 +0000.00367 +0000.00400 +0000.00433 +0000.00467 +0000.00500 +0000.00533 +0000.00567 +0000.00600 +0000.00633 +0000.00667 +0000.00700 +0000.00733 +0000.00767 +0000.00800 +0000.00833 +0000.00867 +0000.00900 +0000.00933 +0000.00967 +0000.01000 
+0000.00200 -1.0002e-02 -9.6690e-03 -9.3357e-03 -9.0024e-03 -8.6691e-03 -8.3358e-03 -8.0025e-03 -7.6692e-03 -7.3359e-03 -7.0026e-03 -6.6693e-03 -6.3360e-03 -6.0027e-03 -5.6694e-03 -5.3361e-03 -5.0028e-03 -4.6695e-03 -4.3361e-03 -4.0028e-03 -3.6695e-03 -3.3362e-03 -3.0029e-03 -2.6695e-03 -2.3362e-03 -2.0029e-03 -1.6696e-03 -1.3362e-03 -1.0029e-03 -6.6958e-04 -3.3625e-04 -2.9130e-06 +3.3042e-04 +6.6375e-04 +9.9709e-04 +1.3304e-03 +1.6638e-03 +1.9971e-03 +2.3304e-03 +2.6638e-03 +2.9971e-03 +3.3305e-03 +3.6638e-03 +3.9972e-03 +4.3305e-03 +4.6638e-03 +4.9972e-03 +5.3305e-03 +5.6639e-03 +5.9973e-03 +6.3306e-03 +6.6640e-03 +6.9973e-03 +7.3307e-03 +7.6640e-03 +7.9974e-03 +8.3308e-03 +8.6642e-03 +8.9975e-03 +9.3309e-03 +9.6643e-03 +9.9977e-03 
+0000.00150 -1.0002e-02 -9.6690e-03 -9.3357e-03 -9.0024e-03 -8.6691e-03 -8.3358e-03 -8.0025e-03 -7.6692e-03 -7.3359e-03 -7.0026e-03 -6.6693e-03 -6.3360e-03 -6.0027e-03 -5.6694e-03 -5.3361e-03 -5.0028e-03 -4.6695e-03 -4.3361e-03 -4.0028e-03 -3.6695e-03 -3.3362e-03 -3.0029e-03 -2.6695e-03 -2.3362e-03 -2.0029e-03 -1.6696e-03 -1.3362e-03 -1.0029e-03 -6.6958e-04 -3.3625e-04 -2.9165e-06 +3.3042e-04 +6.6375e-04 +9.9709e-04 +1.3304e-03 +1.6638e-03 +1.9971e-03 +2.3304e-03 +2.6638e-03 +2.9971e-03 +3.3305e-03 +3.6638e-03 +3.9972e-03 +4.3305e-03 +4.6638e-03 +4.9972e-03 +5.3306e-03 +5.6639e-03 +5.9973e-03 +6.3306e-03 +6.6640e-03 +6.9973e-03 +7.3307e-03 +7.6641e-03 +7.9974e-03 +8.3308e-03 +8.6642e-03 +8.9975e-03 +9.3309e-03 +9.6643e-03 +9.9977e-03 
+0000.00100 -1.0002e-02 -9.6690e-03 -9.3357e-03 -9.0024e-03 -8.6691e-03 -8.3358e-03 -8.0025e-03 -7.6692e-03 -7.3359e-03 -7.0026e-03 -6.6693e-03 -6.3360e-03 -6.0027e-03 -5.6694e-03 -5.3361e-03 -5.0028e-03 -4.6695e-03 -4.3361e-03 -4.0028e-03 -3.6695e-03 -3.3362e-03 -3.0029e-03 -2.6695e-03 -2.3362e-03 -2.0029e-03 -1.6696e-03 -1.3362e-03 -1.0029e-03 -6.6958e-04 -3.3625e-04 -2.9164e-06 +3.3042e-04 +6.6375e-04 +9.9709e-04 +1.3304e-03 +1.6638e-03 +1.9971e-03 +2.3304e-03 +2.6638e-03 +2.9971e-03 +3.3305e-03 +3.6638e-03 +3.9972e-03 +4.3305e-03 +4.6638e-03 +4.9972e-03 +5.3306e-03 +5.6639e-03 +5.9973e-03 +6.3306e-03 +6.6640e-03 +6.9973e-03 +7.3307e-03 +7.6641e-03 +7.9974e-03 +8.3308e-03 +8.6642e-03 +8.9975e-03 +9.3309e-03 +9.6643e-03 +9.9977e-03 
+0000.00050 -1.0002e-02 -9.6690e-03 -9.3357e-03 -9.0024e-03 -8.6691e-03 -8.3358e-03 -8.0025e-03 -7.6692e-03 -7.3359e-03 -7.0026e-03 -6.6693e-03 -6.3360e-03 -6.0027e-03 -5.6694e-03 -5.3361e-03 -5.0028e-03 -4.6695e-03 -4.3361e-03 -4.0028e-03 -3.6695e-03 -3.3362e-03 -3.0029e-03 -2.6695e-03 -2.3362e-03 -2.0029e-03 -1.6696e-03 -1.3362e-03 -1.0029e-03 -6.6958e-04 -3.3625e-04 -2.9163e-06 +3.3042e-04 +6.6375e-04 +9.9709e-04 +1.3304e-03 +1.6638e-03 +1.9971e-03 +2.3304e-03 +2.6638e-03 +2.9971e-03 +3.3305e-03 +3.6638e-03 +3.9972e-03 +4.3305e-03 +4.6638e-03 +4.9972e-03 +5.3306e-03 +5.6639e-03 +5.9973e-03 +6.3306e-03 +6.6640e-03 +6.9973e-03 +7.3307e-03 +7.6641e-03 +7.9974e-03 +8.3308e-03 +8.6642e-03 +8.9975e-03 +9.3309e-03 +9.6643e-03 +9.9977e-03 
+0000.00000 -1.0002e-02 -9.6690e-03 -9.3357e-03 -9.0024e-03 -8.6691e-03 -8.3358e-03 -8.0025e-03 -7.6692e-03 -7.3359e-03 -7.0026e-03 -6.6693e-03 -6.3360e-03 -6.0027e-03 -5.6694e-03 -5.3361e-03 -5.0028e-03 -4.6695e-03 -4.3361e-03 -4.0028e-03 -3.6695e-03 -3.3362e-03 -3.0029e-03 -2.6695e-03 -2.3362e-03 -2.0029e-03 -1.6696e-03 -1.3362e-03 -1.0029e-03 -6.6958e-04 -3.3625e-04 -2.9162e-06 +3.3042e-04 +6.6375e-04 +9.9709e-04 +1.3304e-03 +1.6638e-03 +1.9971e-03 +2.3304e-03 +2.6638e-03 +2.9971e-03 +3.3305e-03 +3.6638e-03 +3.9972e-03 +4.3305e-03 +4.6638e-03 +4.9972e-03 +5.3306e-03 +5.6639e-03 +5.9973e-03 +6.3306e-03 +6.6640e-03 +6.9973e-03 +7.3307e-03 +7.6641e-03 +7.9974e-03 +8.3308e-03 +8.6642e-03 +8.9975e-03 +9.3309e-03 +9.6643e-03 +9.9977e-03 
-0000.00050 -1.0002e-02 -9.6690e-03 -9.3357e-03 -9.0024e-03 -8.6691e-03 -8.3358e-03 -8.0025e-03 -7.6692e-03 -7.3359e-03 -7.0026e-03 -6.6693e-03 -6.3360e-03 -6.0027e-03 -5.6694e-03 -5.3361e-03 -5.0028e-03 -4.6695e-03 -4.3361e-03 -4.0028e-03 -3.6695e-03 -3.3362e-03 -3.0029e-03 -2.6695e-03 -2.3362e-03 -2.0029e-03 -1.6696e-03 -1.3362e-03 -1.0029e-03 -6.6958e-04 -3.3625e-04 -2.9163e-06 +3.3042e-04 +6.6375e-04 +9.9709e-04 +1.3304e-03 +1.6638e-03 +1.9971e-03 +2.3304e-03 +2.6638e-03 +2.9971e-03 +3.3305e-03 +3.6638e-03 +3.9972e-03 +4.3305e-03 +4.6638e-03 +4.9972e-03 +5.3306e-03 +5.6639e-03 +5.9973e-03 +6.3306e-03 +6.6640e-03 +6.9973e-03 +7.3307e-03 +7.6641e-03 +7.9974e-03 +8.3308e-03 +8.6642e-03 +8.9975e-03 +9.3309e-03 +9.6643e-03 +9.9977e-03 
-0000.00100 -1.0002e-02 -9.6690e-03 -9.3357e-03 -9.0024e-03 -8.6691e-03 -8.3358e-03 -8.0025e-03 -7.6692e-03 -7.3359e-03 -7.0026e-03 -6.6693e-03 -6.3360e-03 -6.0027e-03 -5.6694e-03 -5.3361e-03 -5.0028e-03 -4.6695e-03 -4.3361e-03 -4.0028e-03 -3.6695e-03 -3.3362e-03 -3.0029e-03 -2.6695e-03 -2.3362e-03 -2.0029e-03 -1.6696e-03 -1.3362e-03 -1.0029e-03 -6.6958e-04 -3.3625e-04 -2.9164e-06 +3.3042e-04 +6.6375e-04 +9.9709e-04 +1.3304e-03 +1.6638e-03 +1.9971e-03 +2.3304e-03 +2.6638e-03 +2.9971e-03 +3.3305e-03 +3.6638e-03 +3.9972e-03 +4.3305e-03 +4.6638e-03 +4.9972e-03 +5.3306e-03 +5.6639e-03 +5.9973e-03 +6.3306e-03 +6.6640e-03 +6.9973e-03 +7.3307e-03 +7.6641e-03 +7.9974e-03 +8.3308e-03 +8.6642e-03 +8.9975e-03 +9.3309e-03 +9.6643e-03 +9.9977e-03 
-0000.00150 -1.0002e-02 -9.6690e-03 -9.3357e-03 -9.0024e-03 -8.6691e-03 -8.3358e-03 -8.0025e-03 -7.6692e-03 -7.3359e-03 -7.0026e-03 -6.6693e-03 -6.3360e-03 -6.0027e-03 -5.6694e-03 -5.3361e-03 -5.0028e-03 -4.6695e-03 -4.3361e-03 -4.0028e-03 -3.6695e-03 -3.3362e-03 -3.0029e-03 -2.6695e-03 -2.3362e-03 -2.0029e-03 -1.6696e-03 -1.3362e-03 -1.0029e-03 -6.6958e-04 -3.3625e-04 -2.9165e-06 +3.3042e-04 +6.6375e-04 +9.9709e-04 +1.3304e-03 +1.6638e-03 +1.9971e-03 +2.3304e-03 +2.6638e-03 +2.9971e-03 +3.3305e-03 +3.6638e-03 +3.9972e-03 +4.3305e-03 +4.6638e-03 +4.9972e-03 +5.3306e-03 +5.6639e-03 +5.9973e-03 +6.3306e-03 +6.6640e-03 +6.9973e-03 +7.3307e-03 +7.6641e-03 +7.9974e-03 +8.3308e-03 +8.6642e-03 +8.9975e-03 +9.3309e-03 +9.6643e-03 +9.9977e-03 
-0000.00200 -1.0002e-02 -9.6690e-03 -9.3357e-03 -9.0024e-03 -8.6691e-03 -8.3358e-03 -8.0025e-03 -7.6692e-03 -7.3359e-03 -7.0026e-03 -6.6693e-03 -6.3360e-03 -6.0027e-03 -5.6694e-03 -5.3361e-03 -5.0028e-03 -4.6695e-03 -4.3361e-03 -4.0028e-03 -3.6695e-03 -3.3362e-03 -3.0029e-03 -2.6695e-03 -2.3362e-03 -2.0029e-03 -1.6696e-03 -1.3362e-03 -1.0029e-03 -6.6958e-04 -3.3625e-04 -2.9130e-06 +3.3042e-04 +6.6375e-04 +9.9709e-04 +1.3304e-03 +1.6638e-03 +1.9971e-03 +2.3304e-03 +2.6638e-03 +2.9971e-03 +3.3305e-03 +3.6638e-03 +3.9972e-03 +4.3305e-03 +4.6638e-03 +4.9972e-03 +5.3305e-03 +5.6639e-03 +5.9973e-03 +6.3306e-03 +6.6640e-03 +6.9973e-03 +7.3307e-03 +7.6640e-03 +7.9974e-03 +8.3308e-03 +8.6642e-03 +8.9975e-03 +9.3309e-03 +9.6643e-03 +9.9977e-03 
# Vertical Final Position [m]
START
            -0000.01000 -0000.00967 -0000.00933 -0000.00900 -0000.00867 -0000.00833 -0000.00800 -0000.00767 -0000.00733 -0000.00700 -0000.00667 -0000.00633 -0000.00600 -0000.00567 -0000.00533 -0000.00500 -0000.00467 -0000.00433 -0000.00400 -0000.00367 -0000.00333 -0000.00300 -0000.00267 -0000.00233 -0000.00200 -0000.00167 -0000.00133 -0000.00100 -0000.00067 -0000.00033 +0000.00000 +0000.00033 +0000.00067 +0000.00100 +0000.00133 +0000.00167 +0000.00200 +0000.00233 +0000.00267 +0000.00300 +0000.00333 +0000.00367 +0000.00400 +0000.00433 +0000.00467 +0000.00500 +0000.00533 +0000.00567 +0000.00600 +0000.00633 +0000.00667 +0000.00700 +0000.00733 +0000.00767 +0000.00800 +0000.00833 +0000.00867 +0000.00900 +0000.00933 +0000.00967 +0000.01000 
+0000.00200 +2.0001e-03 +2.0001e-03 +2.0001e-03 +2.0001e-03 +2.0001e-03 +2.0001e-03 +2.0001e-03 +2.0001e-03 +2.0001e-03 +2.0001e-03 +2.0001e-03 +2.0000e-03 +2.0000e-03 +2.0000e-03 +2.0000e-03 +2.0000e-03 +2.0000e-03 +2.0000e-03 +2.0000e-03 +2.0000e-03 +2.0000e-03 +2.0000e-03 +2.0000e-03 +2.0000e-03 +2.0000e-03 +2.0000e-03 +2.0000e-03 +2.0000e-03 +2.0000e-03 +1.9999e-03 +1.9999e-03 +1.9999e-03 +1.9999e-03 +1.9999e-03 +1.9999e-03 +1.9999e-03 +1.9999e-03 +1.9999e-03 +1.9999e-03 +1.9999e-03 +1.9999e-03 +1.9999e-03 +1.9999e-03 +1.9999e-03 +1.9999e-03 +1.9999e-03 +1.9999e-03 +1.9998e-03 +1.9998e-03 +1.9998e-03 +1.9998e-03 +1.9998e-03 +1.9998e-03 +1.9998e-03 +1.9998e-03 +1.9998e-03 +1.9998e-03 +1.9998e-03 +1.9998e-03 +1.9997e-03 +1.9997e-03 
+0000.00150 +1.5001e-03 +1.5001e-03 +1.5001e-03 +1.5001e-03 +1.5001e-03 +1.5001e-03 +1.5001e-03 +1.5001e-03 +1.5001e-03 +1.5001e-03 +1.5001e-03 +1.5001e-03 +1.5000e-03 +1.5000e-03 +1.5000e-03 +1.5000e-03 +1.5000e-03 +1.5000e-03 +1.5000e-03 +1.5000e-03 +1.5000e-03 +1.5000e-03 +1.5000e-03 +1.5000e-03 +1.5000e-03 +1.5000e-03 +1.5000e-03 +1.5000e-03 +1.5000e-03 +1.5000e-03 +1.5000e-03 +1.5000e-03 +1.4999e-03 +1.4999e-03 +1.4999e-03 +1.4999e-03 +1.4999e-03 +1.4999e-03 +1.4999e-03 +1.4999e-03 +1.4999e-03 +1.4999e-03 +1.4999e-03 +1.4999e-03 +1.4999e-03 +1.4999e-03 +1.4999e-03 +1.4999e-03 +1.4999e-03 +1.4999e-03 +1.4999e-03 +1.4999e-03 +1.4999e-03 +1.4998e-03 +1.4998e-03 +1.4998e-03 +1.4998e-03 +1.4998e-03 +1.4998e-03 +1.4998e-03 +1.4998e-03 
+0000.00100 +1.0001e-03 +1.0001e-03 +1.0001e-03 +1.0001e-03 +1.0001e-03 +1.0001e-03 +1.0001e-03 +1.0001e-03 +1.0000e-03 +1.0000e-03 +1.0000e-03 +1.0000e-03 +1.0000e-03 +1.0000e-03 +1.0000e-03 +1.0000e-03 +1.0000e-03 +1.0000e-03 +1.0000e-03 +1.0000e-03 +1.0000e-03 +1.0000e-03 +9.9999e-04 +9.9999e-04 +9.9999e-04 +9.9998e-04 +9.9998e-04 +9.9998e-04 +9.9998e-04 +9.9997e-04 +9.9997e-04 +9.9997e-04 +9.9996e-04 +9.9996e-04 +9.9996e-04 +9.9996e-04 +9.9995e-04 +9.9995e-04 +9.9995e-04 +9.9995e-04 +9.9994e-04 +9.9994e-04 +9.9994e-04 +9.9994e-04 +9.9993e-04 +9.9993e-04 +9.9993e-04 +9.9993e-04 +9.9992e-04 +9.9992e-04 +9.9992e-04 +9.9991e-04 +9.9991e-04 +9.9991e-04 +9.9990e-04 +9.9990e-04 +9.9990e-04 +9.9989e-04 +9.9989e-04 +9.9989e-04 +9.9988e-04 
+0000.00050 +5.0004e-04 +5.0003e-04 +5.0003e-04 +5.0003e-04 +5.0003e-04 +5.0003e-04 +5.0003e-04 +5.0003e-04 +5.0002e-04 +5.0002e-04 +5.0002e-04 +5.0002e-04 +5.0002e-04 +5.0002e-04 +5.0001e-04 +5.0001e-04 +5.0001e-04 +5.0001e-04 +5.0001e-04 +5.0001e-04 +5.0000e-04 +5.0000e-04 +5.0000e-04 +5.0000e-04 +5.0000e-04 +5.0000e-04 +5.0000e-04 +4.9999e-04 +4.9999e-04 +4.9999e-04 +4.9999e-04 +4.9999e-04 +4.9999e-04 +4.9998e-04 +4.9998e-04 +4.9998e-04 +4.9998e-04 +4.9998e-04 +4.9998e-04 +4.9998e-04 +4.9997e-04 +4.9997e-04 +4.9997e-04 +4.9997e-04 +4.9997e-04 +4.9997e-04 +4.9996e-04 +4.9996e-04 +4.9996e-04 +4.9996e-04 +4.9996e-04 +4.9996e-04 +4.9995e-04 +4.9995e-04 +4.9995e-04 +4.9995e-04 +4.9995e-04 +4.9995e-04 +4.9994e-04 +4.9994e-04 +4.9994e-04 
+0000.00000 -6.7300e-12 -6.9403e-12 -7.2152e-12 -7.5472e-12 -7.9293e-12 -8.3545e-12 -8.8163e-12 -9.3084e-12 -9.8246e-12 -1.0359e-11 -1.0906e-11 -1.1461e-11 -1.2018e-11 -1.2573e-11 -1.3120e-11 -1.3656e-11 -1.4177e-11 -1.4679e-11 -1.5159e-11 -1.5612e-11 -1.6037e-11 -1.6430e-11 -1.6789e-11 -1.7112e-11 -1.7396e-11 -1.7640e-11 -1.7843e-11 -1.8004e-11 -1.8121e-11 -1.8193e-11 -1.8221e-11 -1.8204e-11 -1.8142e-11 -1.8036e-11 -1.7886e-11 -1.7693e-11 -1.7459e-11 -1.7184e-11 -1.6870e-11 -1.6519e-11 -1.6133e-11 -1.5715e-11 -1.5267e-11 -1.4793e-11 -1.4295e-11 -1.3776e-11 -1.3242e-11 -1.2694e-11 -1.2139e-11 -1.1579e-11 -1.1021e-11 -1.0468e-11 -9.9265e-12 -9.4015e-12 -8.8989e-12 -8.4246e-12 -7.9849e-12 -7.5863e-12 -7.2357e-12 -6.9401e-12 -6.7068e-12 
-0000.00050 -5.0004e-04 -5.0003e-04 -5.0003e-04 -5.0003e-04 -5.0003e-04 -5.0003e-04 -5.0003e-04 -5.0003e-04 -5.0002e-04 -5.0002e-04 -5.0002e-04 -5.0002e-04 -5.0002e-04 -5.0002e-04 -5.0001e-04 -5.0001e-04 -5.0001e-04 -5.0001e-04 -5.0001e-04 -5.0001e-04 -5.0000e-04 -5.0000e-04 -5.0000e-04 -5.0000e-04 -5.0000e-04 -5.0000e-04 -5.0000e-04 -4.9999e-04 -4.9999e-04 -4.9999e-04 -4.9999e-04 -4.9999e-04 -4.9999e-04 -4.9998e-04 -4.9998e-04 -4.9998e-04 -4.9998e-04 -4.9998e-04 -4.9998e-04 -4.9998e-04 -4.9997e-04 -4.9997e-04 -4.9997e-04 -4.9997e-04 -4.9997e-04 -4.9997e-04 -4.9996e-04 -4.9996e-04 -4.9996e-04 -4.9996e-04 -4.9996e-04 -4.9996e-04 -4.9995e-04 -4.9995e-04 -4.9995e-04 -4.9995e-04 -4.9995e-04 -4.9995e-04 -4.9994e-04 -4.9994e-04 -4.9994e-04 
-0000.00100 -1.0001e-03 -1.0001e-03 -1.0001e-03 -1.0001e-03 -1.0001e-03 -1.0001e-03 -1.0001e-03 -1.0001e-03 -1.0000e-03 -1.0000e-03 -1.0000e-03 -1.0000e-03 -1.0000e-03 -1.0000e-03 -1.0000e-03 -1.0000e-03 -1.0000e-03 -1.0000e-03 -1.0000e-03 -1.0000e-03 -1.0000e-03 -1.0000e-03 -9.9999e-04 -9.9999e-04 -9.9999e-04 -9.9998e-04 -9.9998e-04 -9.9998e-04 -9.9998e-04 -9.9997e-04 -9.9997e-04 -9.9997e-04 -9.9996e-04 -9.9996e-04 -9.9996e-04 -9.9996e-04 -9.9995e-04 -9.9995e-04 -9.9995e-04 -9.9995e-04 -9.9994e-04 -9.9994e-04 -9.9994e-04 -9.9994e-04 -9.9993e-04 -9.9993e-04 -9.9993e-04 -9.9993e-04 -9.9992e-04 -9.9992e-04 -9.9992e-04 -9.9991e-04 -9.9991e-04 -9.9991e-04 -9.9990e-04 -9.9990e-04 -9.9990e-04 -9.9989e-04 -9.9989e-04 -9.9989e-04 -9.9988e-04 
-0000.00150 -1.5001e-03 -1.5001e-03 -1.5001e-03 -1.5001e-03 -1.5001e-03 -1.5001e-03 -1.5001e-03 -1.5001e-03 -1.5001e-03 -1.5001e-03 -1.5001e-03 -1.5001e-03 -1.5000e-03 -1.5000e-03 -1.5000e-03 -1.5000e-03 -1.5000e-03 -1.5000e-03 -1.5000e-03 -1.5000e-03 -1.5000e-03 -1.5000e-03 -1.5000e-03 -1.5000e-03 -1.5000e-03 -1.5000e-03 -1.5000e-03 -1.5000e-03 -1.5000e-03 -1.5000e-03 -1.5000e-03 -1.5000e-03 -1.4999e-03 -1.4999e-03 -1.4999e-03 -1.4999e-03 -1.4999e-03 -1.4999e-03 -1.4999e-03 -1.4999e-03 -1.4999e-03 -1.4999e-03 -1.4999e-03 -1.4999e-03 -1.4999e-03 -1.4999e-03 -1.4999e-03 -1.4999e-03 -1.4999e-03 -1.4999e-03 -1.4999e-03 -1.4999e-03 -1.4999e-03 -1.4998e-03 -1.4998e-03 -1.4998e-03 -1.4998e-03 -1.4998e-03 -1.4998e-03 -1.4998e-03 -1.4998e-03 
-0000.00200 -2.0001e-03 -2.0001e-03 -2.0001e-03 -2.0001e-03 -2.0001e-03 -2.0001e-03 -2.0001e-03 -2.0001e-03 -2.0001e-03 -2.0001e-03 -2.0001e-03 -2.0000e-03 -2.0000e-03 -2.0000e-03 -2.0000e-03 -2.0000e-03 -2.0000e-03 -2.0000e-03 -2.0000e-03 -2.0000e-03 -2.0000e-03 -2.0000e-03 -2.0000e-03 -2.0000e-03 -2.0000e-03 -2.0000e-03 -2.0000e-03 -2.0000e-03 -2.0000e-03 -1.9999e-03 -1.9999e-03 -1.9999e-03 -1.9999e-03 -1.9999e-03 -1.9999e-03 -1.9999e-03 -1.9999e-03 -1.9999e-03 -1.9999e-03 -1.9999e-03 -1.9999e-03 -1.9999e-03 -1.9999e-03 -1.9999e-03 -1.9999e-03 -1.9999e-03 -1.9999e-03 -1.9998e-03 -1.9998e-03 -1.9998e-03 -1.9998e-03 -1.9998e-03 -1.9998e-03 -1.9998e-03 -1.9998e-03 -1.9998e-03 -1.9998e-03 -1.9998e-03 -1.9998e-03 -1.9997e-03 -1.9997e-03 