# Author: FAC idanalysis.IDKickMap
# Termination_kicks [T2m2]: +0.0000e+00 +0.0000e+00 +0.0000e+00 +0.0000e+00 
# Total Length of Longitudinal Interval [m]
0.13
# Number of Horizontal Points
61
# Number of Vertical Points
9
# Total Horizontal 2nd Order Kick [T2m2]
START
            -0000.01000 -0000.00967 -0000.00933 -0000.00900 -0000.00867 -0000.00833 -0000.00800 -0000.00767 -0000.00733 -0000.00700 -0000.00667 -0000.00633 -0000.00600 -0000.00567 -0000.00533 -0000.00500 -0000.00467 -0000.00433 -0000.00400 -0000.00367 -0000.00333 -0000.00300 -0000.00267 -0000.00233 -0000.00200 -0000.00167 -0000.00133 -0000.00100 -0000.00067 -0000.00033 +0000.00000 +0000.00033 +0000.00067 +0000.00100 +0000.00133 +0000.00167 +0000.00200 +0000.00233 +0000.00267 +0000.00300 +0000.00333 +0000.00367 +0000.00400 +0000.00433 +0000.00467 +0000.00500 +0000.00533 +0000.00567 +0000.00600 +0000.00633 +0000.00667 +0000.00700 +0000.00733 +0000.00767 +0000.00800 +0000.00833 +0000.00867 +0000.00900 +0000.00933 +0000.00967 +0000.01000 
+0000.00200 -8.2244e-04 -8.1195e-04 -8.0192e-04 -7.9233e-04 -7.8318e-04 -7.7446e-04 -7.6615e-04 -7.5825e-04 -7.5075e-04 -7.4364e-04 -7.3692e-04 -7.3057e-04 -7.2458e-04 -7.1896e-04 -7.1369e-04 -7.0877e-04 -7.0420e-04 -6.9996e-04 -6.9605e-04 -6.9247e-04 -6.8921e-04 -6.8628e-04 -6.8365e-04 -6.8135e-04 -6.7935e-04 -6.7766e-04 -6.7627e-04 -6.7519e-04 -6.7441e-04 -6.7393e-04 -6.7376e-04 -6.7388e-04 -6.7431e-04 -6.7504e-04 -6.7607e-04 -6.7741e-04 -6.7905e-04 -6.8100e-04 -6.8326e-04 -6.8584e-04 -6.8873e-04 -6.9194e-04 -6.9548e-04 -6.9935e-04 -7.0354e-04 -7.0808e-04 -7.1296e-04 -7.1819e-04 -7.2378e-04 -7.2973e-04 -7.3605e-04 -7.4275e-04 -7.4983e-04 -7.5730e-04 -7.6518e-04 -7.7346e-04 -7.8217e-04 -7.9130e-04 -8.0087e-04 -8.1089e-04 -8.2138e-04 
+0000.00150 -8.2136e-04 -8.1128e-04 -8.0161e-04 -7.9232e-04 -7.8343e-04 -7.7492e-04 -7.6678e-04 -7.5902e-04 -7.5162e-04 -7.4458e-04 -7.3790e-04 -7.3158e-04 -7.2560e-04 -7.1997e-04 -7.1467e-04 -7.0972e-04 -7.0510e-04 -7.0081e-04 -6.9684e-04 -6.9321e-04 -6.8989e-04 -6.8690e-04 -6.8422e-04 -6.8186e-04 -6.7982e-04 -6.7809e-04 -6.7668e-04 -6.7557e-04 -6.7478e-04 -6.7429e-04 -6.7412e-04 -6.7426e-04 -6.7470e-04 -6.7546e-04 -6.7653e-04 -6.7791e-04 -6.7960e-04 -6.8161e-04 -6.8393e-04 -6.8657e-04 -6.8952e-04 -6.9280e-04 -6.9640e-04 -7.0032e-04 -7.0458e-04 -7.0916e-04 -7.1408e-04 -7.1933e-04 -7.2492e-04 -7.3086e-04 -7.3715e-04 -7.4379e-04 -7.5078e-04 -7.5814e-04 -7.6586e-04 -7.7395e-04 -7.8242e-04 -7.9127e-04 -8.0051e-04 -8.1014e-04 -8.2017e-04 
+0000.00100 -8.2255e-04 -8.1278e-04 -8.0335e-04 -7.9427e-04 -7.8555e-04 -7.7716e-04 -7.6912e-04 -7.6143e-04 -7.5407e-04 -7.4705e-04 -7.4037e-04 -7.3402e-04 -7.2801e-04 -7.2233e-04 -7.1699e-04 -7.1197e-04 -7.0728e-04 -7.0292e-04 -6.9888e-04 -6.9517e-04 -6.9179e-04 -6.8873e-04 -6.8599e-04 -6.8358e-04 -6.8148e-04 -6.7971e-04 -6.7826e-04 -6.7713e-04 -6.7632e-04 -6.7583e-04 -6.7566e-04 -6.7581e-04 -6.7628e-04 -6.7707e-04 -6.7818e-04 -6.7960e-04 -6.8135e-04 -6.8342e-04 -6.8581e-04 -6.8852e-04 -6.9155e-04 -6.9490e-04 -6.9858e-04 -7.0258e-04 -7.0690e-04 -7.1155e-04 -7.1652e-04 -7.2182e-04 -7.2745e-04 -7.3341e-04 -7.3970e-04 -7.4632e-04 -7.5327e-04 -7.6056e-04 -7.6818e-04 -7.7615e-04 -7.8445e-04 -7.9309e-04 -8.0207e-04 -8.1140e-04 -8.2107e-04 
+0000.00050 -8.2322e-04 -8.1364e-04 -8.0437e-04 -7.9543e-04 -7.8681e-04 -7.7851e-04 -7.7053e-04 -7.6288e-04 -7.5555e-04 -7.4854e-04 -7.4186e-04 -7.3550e-04 -7.2947e-04 -7.2376e-04 -7.1837e-04 -7.1332e-04 -7.0859e-04 -7.0418e-04 -7.0010e-04 -6.9634e-04 -6.9292e-04 -6.8981e-04 -6.8704e-04 -6.8459e-04 -6.8246e-04 -6.8067e-04 -6.7919e-04 -6.7805e-04 -6.7723e-04 -6.7674e-04 -6.7657e-04 -6.7673e-04 -6.7721e-04 -6.7802e-04 -6.7915e-04 -6.8061e-04 -6.8240e-04 -6.8450e-04 -6.8694e-04 -6.8969e-04 -6.9277e-04 -6.9617e-04 -6.9990e-04 -7.0394e-04 -7.0831e-04 -7.1300e-04 -7.1801e-04 -7.2334e-04 -7.2899e-04 -7.3496e-04 -7.4125e-04 -7.4786e-04 -7.5478e-04 -7.6203e-04 -7.6958e-04 -7.7746e-04 -7.8565e-04 -7.9415e-04 -8.0296e-04 -8.1209e-04 -8.2153e-04 
+0000.00000 -8.2342e-04 -8.1390e-04 -8.0469e-04 -7.9580e-04 -7.8721e-04 -7.7894e-04 -7.7099e-04 -7.6335e-04 -7.5603e-04 -7.4903e-04 -7.4234e-04 -7.3598e-04 -7.2994e-04 -7.2423e-04 -7.1883e-04 -7.1376e-04 -7.0902e-04 -7.0459e-04 -7.0050e-04 -6.9673e-04 -6.9329e-04 -6.9017e-04 -6.8738e-04 -6.8492e-04 -6.8279e-04 -6.8098e-04 -6.7950e-04 -6.7835e-04 -6.7753e-04 -6.7704e-04 -6.7687e-04 -6.7703e-04 -6.7752e-04 -6.7834e-04 -6.7948e-04 -6.8095e-04 -6.8275e-04 -6.8487e-04 -6.8732e-04 -6.9009e-04 -6.9318e-04 -6.9660e-04 -7.0034e-04 -7.0441e-04 -7.0879e-04 -7.1350e-04 -7.1852e-04 -7.2386e-04 -7.2952e-04 -7.3549e-04 -7.4178e-04 -7.4838e-04 -7.5530e-04 -7.6252e-04 -7.7006e-04 -7.7790e-04 -7.8605e-04 -7.9450e-04 -8.0326e-04 -8.1232e-04 -8.2168e-04 
-0000.00050 -8.2318e-04 -8.1359e-04 -8.0433e-04 -7.9539e-04 -7.8677e-04 -7.7847e-04 -7.7049e-04 -7.6284e-04 -7.5551e-04 -7.4851e-04 -7.4183e-04 -7.3547e-04 -7.2944e-04 -7.2373e-04 -7.1835e-04 -7.1330e-04 -7.0857e-04 -7.0416e-04 -7.0008e-04 -6.9633e-04 -6.9290e-04 -6.8980e-04 -6.8703e-04 -6.8458e-04 -6.8246e-04 -6.8066e-04 -6.7919e-04 -6.7805e-04 -6.7723e-04 -6.7674e-04 -6.7657e-04 -6.7673e-04 -6.7721e-04 -6.7802e-04 -6.7916e-04 -6.8062e-04 -6.8240e-04 -6.8451e-04 -6.8695e-04 -6.8970e-04 -6.9278e-04 -6.9619e-04 -6.9991e-04 -7.0396e-04 -7.0833e-04 -7.1302e-04 -7.1803e-04 -7.2336e-04 -7.2902e-04 -7.3499e-04 -7.4128e-04 -7.4789e-04 -7.5481e-04 -7.6205e-04 -7.6961e-04 -7.7749e-04 -7.8568e-04 -7.9418e-04 -8.0300e-04 -8.1213e-04 -8.2157e-04 
-0000.00100 -8.2246e-04 -8.1269e-04 -8.0327e-04 -7.9420e-04 -7.8547e-04 -7.7709e-04 -7.6906e-04 -7.6136e-04 -7.5401e-04 -7.4700e-04 -7.4032e-04 -7.3398e-04 -7.2797e-04 -7.2229e-04 -7.1695e-04 -7.1193e-04 -7.0725e-04 -7.0289e-04 -6.9886e-04 -6.9515e-04 -6.9177e-04 -6.8871e-04 -6.8598e-04 -6.8356e-04 -6.8147e-04 -6.7971e-04 -6.7826e-04 -6.7713e-04 -6.7632e-04 -6.7583e-04 -6.7567e-04 -6.7582e-04 -6.7629e-04 -6.7708e-04 -6.7819e-04 -6.7962e-04 -6.8137e-04 -6.8343e-04 -6.8582e-04 -6.8854e-04 -6.9157e-04 -6.9492e-04 -6.9860e-04 -7.0260e-04 -7.0693e-04 -7.1158e-04 -7.1655e-04 -7.2186e-04 -7.2749e-04 -7.3345e-04 -7.3974e-04 -7.4636e-04 -7.5332e-04 -7.6061e-04 -7.6824e-04 -7.7620e-04 -7.8451e-04 -7.9315e-04 -8.0214e-04 -8.1148e-04 -8.2116e-04 
-0000.00150 -8.2120e-04 -8.1114e-04 -8.0147e-04 -7.9220e-04 -7.8331e-04 -7.7481e-04 -7.6668e-04 -7.5892e-04 -7.5153e-04 -7.4450e-04 -7.3783e-04 -7.3151e-04 -7.2554e-04 -7.1991e-04 -7.1462e-04 -7.0967e-04 -7.0506e-04 -7.0077e-04 -6.9681e-04 -6.9318e-04 -6.8987e-04 -6.8688e-04 -6.8421e-04 -6.8186e-04 -6.7982e-04 -6.7809e-04 -6.7668e-04 -6.7557e-04 -6.7478e-04 -6.7430e-04 -6.7413e-04 -6.7427e-04 -6.7472e-04 -6.7548e-04 -6.7655e-04 -6.7793e-04 -6.7962e-04 -6.8163e-04 -6.8395e-04 -6.8659e-04 -6.8955e-04 -6.9283e-04 -6.9643e-04 -7.0036e-04 -7.0461e-04 -7.0920e-04 -7.1412e-04 -7.1937e-04 -7.2497e-04 -7.3092e-04 -7.3721e-04 -7.4385e-04 -7.5085e-04 -7.5821e-04 -7.6594e-04 -7.7404e-04 -7.8252e-04 -7.9138e-04 -8.0063e-04 -8.1027e-04 -8.2031e-04 
-0000.00200 -8.2220e-04 -8.1173e-04 -8.0171e-04 -7.9214e-04 -7.8301e-04 -7.7430e-04 -7.6600e-04 -7.5812e-04 -7.5063e-04 -7.4353e-04 -7.3682e-04 -7.3048e-04 -7.2451e-04 -7.1889e-04 -7.1363e-04 -7.0872e-04 -7.0415e-04 -6.9992e-04 -6.9602e-04 -6.9245e-04 -6.8919e-04 -6.8626e-04 -6.8365e-04 -6.8134e-04 -6.7935e-04 -6.7766e-04 -6.7628e-04 -6.7520e-04 -6.7442e-04 -6.7395e-04 -6.7377e-04 -6.7390e-04 -6.7433e-04 -6.7506e-04 -6.7609e-04 -6.7743e-04 -6.7907e-04 -6.8103e-04 -6.8329e-04 -6.8587e-04 -6.8876e-04 -6.9198e-04 -6.9551e-04 -6.9938e-04 -7.0359e-04 -7.0813e-04 -7.1301e-04 -7.1825e-04 -7.2384e-04 -7.2980e-04 -7.3613e-04 -7.4283e-04 -7.4992e-04 -7.5741e-04 -7.6529e-04 -7.7359e-04 -7.8231e-04 -7.9146e-04 -8.0105e-04 -8.1109e-04 -8.2159e-04 
# Total Vertical 2nd Order Kick [T2m2]
START
            -0000.01000 -0000.00967 -0000.00933 -0000.00900 -0000.00867 -0000.00833 -0000.00800 -0000.00767 -0000.00733 -0000.00700 -0000.00667 -0000.00633 -0000.00600 -0000.00567 -0000.00533 -0000.00500 -0000.00467 -0000.00433 -0000.00400 -0000.00367 -0000.00333 -0000.00300 -0000.00267 -0000.00233 -0000.00200 -0000.00167 -0000.00133 -0000.00100 -0000.00067 -0000.00033 +0000.00000 +0000.00033 +0000.00067 +0000.00100 +0000.00133 +0000.00167 +0000.00200 +0000.00233 +0000.00267 +0000.00300 +0000.00333 +0000.00367 +0000.00400 +0000.00433 +0000.00467 +0000.00500 +0000.00533 +0000.00567 +0000.00600 +0000.00633 +0000.00667 +0000.00700 +0000.00733 +0000.00767 +0000.00800 +0000.00833 +0000.00867 +0000.00900 +0000.00933 +0000.00967 +0000.01000 
+0000.00200 -8.2244e-04 -8.1195e-04 -8.0192e-04 -7.9233e-04 -7.8318e-04 -7.7446e-04 -7.6615e-04 -7.5825e-04 -7.5075e-04 -7.4364e-04 -7.3692e-04 -7.3057e-04 -7.2458e-04 -7.1896e-04 -7.1369e-04 -7.0877e-04 -7.0420e-04 -6.9996e-04 -6.9605e-04 -6.9247e-04 -6.8921e-04 -6.8628e-04 -6.8365e-04 -6.8135e-04 -6.7935e-04 -6.7766e-04 -6.7627e-04 -6.7519e-04 -6.7441e-04 -6.7393e-04 -6.7376e-04 -6.7388e-04 -6.7431e-04 -6.7504e-04 -6.7607e-04 -6.7741e-04 -6.7905e-04 -6.8100e-04 -6.8326e-04 -6.8584e-04 -6.8873e-04 -6.9194e-04 -6.9548e-04 -6.9935e-04 -7.0354e-04 -7.0808e-04 -7.1296e-04 -7.1819e-04 -7.2378e-04 -7.2973e-04 -7.3605e-04 -7.4275e-04 -7.4983e-04 -7.5730e-04 -7.6518e-04 -7.7346e-04 -7.8217e-04 -7.9130e-04 -8.0087e-04 -8.1089e-04 -8.2138e-04 
+0000.00150 -8.2244e-04 -8.1195e-04 -8.0192e-04 -7.9233e-04 -7.8318e-04 -7.7446e-04 -7.6615e-04 -7.5825e-04 -7.5075e-04 -7.4364e-04 -7.3692e-04 -7.3057e-04 -7.2458e-04 -7.1896e-04 -7.1369e-04 -7.0877e-04 -7.0420e-04 -6.9996e-04 -6.9605e-04 -6.9247e-04 -6.8921e-04 -6.8628e-04 -6.8365e-04 -6.8135e-04 -6.7935e-04 -6.7766e-04 -6.7627e-04 -6.7519e-04 -6.7441e-04 -6.7393e-04 -6.7376e-04 -6.7388e-04 -6.7431e-04 -6.7504e-04 -6.7607e-04 -6.7741e-04 -6.7905e-04 -6.8100e-04 -6.8326e-04 -6.8584e-04 -6.8873e-04 -6.9194e-04 -6.9548e-04 -6.9935e-04 -7.0354e-04 -7.0808e-04 -7.1296e-04 -7.1819e-04 -7.2378e-04 -7.2973e-04 -7.3605e-04 -7.4275e-04 -7.4983e-04 -7.5730e-04 -7.6518e-04 -7.7346e-04 -7.8217e-04 -7.9130e-04 -8.0087e-04 -8.1089e-04 -8.2138e-04 
+0000.00100 -8.2244e-04 -8.1195e-04 -8.0192e-04 -7.9233e-04 -7.8318e-04 -7.7446e-04 -7.6615e-04 -7.5825e-04 -7.5075e-04 -7.4364e-04 -7.3692e-04 -7.3057e-04 -7.2458e-04 -7.1896e-04 -7.1369e-04 -7.0877e-04 -7.0420e-04 -6.9996e-04 -6.9605e-04 -6.9247e-04 -6.8921e-04 -6.8628e-04 -6.8365e-04 -6.8135e-04 -6.7935e-04 -6.7766e-04 -6.7627e-04 -6.7519e-04 -6.7441e-04 -6.7393e-04 -6.7376e-04 -6.7388e-04 -6.7431e-04 -6.7504e-04 -6.7607e-04 -6.7741e-04 -6.7905e-04 -6.8100e-04 -6.8326e-04 -6.8584e-04 -6.8873e-04 -6.9194e-04 -6.9548e-04 -6.9935e-04 -7.0354e-04 -7.0808e-04 -7.1296e-04 -7.1819e-04 -7.2378e-04 -7.2973e-04 -7.3605e-04 -7.4275e-04 -7.4983e-04 -7.5730e-04 -7.6518e-04 -7.7346e-04 -7.8217e-04 -7.9130e-04 -8.0087e-04 -8.1089e-04 -8.2138e-04 
+0000.00050 -8.2244e-04 -8.1195e-04 -8.0192e-04 -7.9233e-04 -7.8318e-04 -7.7446e-04 -7.6615e-04 -7.5825e-04 -7.5075e-04 -7.4364e-04 -7.3692e-04 -7.3057e-04 -7.2458e-04 -7.1896e-04 -7.1369e-04 -7.0877e-04 -7.0420e-04 -6.9996e-04 -6.9605e-04 -6.9247e-04 -6.8921e-04 -6.8628e-04 -6.8365e-04 -6.8135e-04 -6.7935e-04 -6.7766e-04 -6.7627e-04 -6.7519e-04 -6.7441e-04 -6.7393e-04 -6.7376e-04 -6.7388e-04 -6.7431e-04 -6.7504e-04 -6.7607e-04 -6.7741e-04 -6.7905e-04 -6.8100e-04 -6.8326e-04 -6.8584e-04 -6.8873e-04 -6.9194e-04 -6.9548e-04 -6.9935e-04 -7.0354e-04 -7.0808e-04 -7.1296e-04 -7.1819e-04 -7.2378e-04 -7.2973e-04 -7.3605e-04 -7.4275e-04 -7.4983e-04 -7.5730e-04 -7.6518e-04 -7.7346e-04 -7.8217e-04 -7.9130e-04 -8.0087e-04 -8.1089e-04 -8.2138e-04 
+0000.00000 -8.2244e-04 -8.1195e-04 -8.0192e-04 -7.9233e-04 -7.8318e-04 -7.7446e-04 -7.6615e-04 -7.5825e-04 -7.5075e-04 -7.4364e-04 -7.3692e-04 -7.3057e-04 -7.2458e-04 -7.1896e-04 -7.1369e-04 -7.0877e-04 -7.0420e-04 -6.9996e-04 -6.9605e-04 -6.9247e-04 -6.8921e-04 -6.8628e-04 -6.8365e-04 -6.8135e-04 -6.7935e-04 -6.7766e-04 -6.7627e-04 -6.7519e-04 -6.7441e-04 -6.7393e-04 -6.7376e-04 -6.7388e-04 -6.7431e-04 -6.7504e-04 -6.7607e-04 -6.7741e-04 -6.7905e-04 -6.8100e-04 -6.8326e-04 -6.8584e-04 -6.8873e-04 -6.9194e-04 -6.9548e-04 -6.9935e-04 -7.0354e-04 -7.0808e-04 -7.1296e-04 -7.1819e-04 -7.2378e-04 -7.2973e-04 -7.3605e-04 -7.4275e-04 -7.4983e-04 -7.5730e-04 -7.6518e-04 -7.7346e-04 -7.8217e-04 -7.9130e-04 -8.0087e-04 -8.1089e-04 -8.2138e-04 
-0000.00050 -8.2244e-04 -8.1195e-04 -8.0192e-04 -7.9233e-04 -7.8318e-04 -7.7446e-04 -7.6615e-04 -7.5825e-04 -7.5075e-04 -7.4364e-04 -7.3692e-04 -7.3057e-04 -7.2458e-04 -7.1896e-04 -7.1369e-04 -7.0877e-04 -7.0420e-04 -6.9996e-04 -6.9605e-04 -6.9247e-04 -6.8921e-04 -6.8628e-04 -6.8365e-04 -6.8135e-04 -6.7935e-04 -6.7766e-04 -6.7627e-04 -6.7519e-04 -6.7441e-04 -6.7393e-04 -6.7376e-04 -6.7388e-04 -6.7431e-04 -6.7504e-04 -6.7607e-04 -6.7741e-04 -6.7905e-04 -6.8100e-04 -6.8326e-04 -6.8584e-04 -6.8873e-04 -6.9194e-04 -6.9548e-04 -6.9935e-04 -7.0354e-04 -7.0808e-04 -7.1296e-04 -7.1819e-04 -7.2378e-04 -7.2973e-04 -7.3605e-04 -7.4275e-04 -7.4983e-04 -7.5730e-04 -7.6518e-04 -7.7346e-04 -7.8217e-04 -7.9130e-04 -8.0087e-04 -8.1089e-04 -8.2138e-04 
-0000.00100 -8.2244e-04 -8.1195e-04 -8.0192e-04 -7.9233e-04 -7.8318e-04 -7.7446e-04 -7.6615e-04 -7.5825e-04 -7.5075e-04 -7.4364e-04 -7.3692e-04 -7.3057e-04 -7.2458e-04 -7.1896e-04 -7.1369e-04 -7.0877e-04 -7.0420e-04 -6.9996e-04 -6.9605e-04 -6.9247e-04 -6.8921e-04 -6.8628e-04 -6.8365e-04 -6.8135e-04 -6.7935e-04 -6.7766e-04 -6.7627e-04 -6.7519e-04 -6.7441e-04 -6.7393e-04 -6.7376e-04 -6.7388e-04 -6.7431e-04 -6.7504e-04 -6.7607e-04 -6.7741e-04 -6.7905e-04 -6.8100e-04 -6.8326e-04 -6.8584e-04 -6.8873e-04 -6.9194e-04 -6.9548e-04 -6.9935e-04 -7.0354e-04 -7.0808e-04 -7.1296e-04 -7.1819e-04 -7.2378e-04 -7.2973e-04 -7.3605e-04 -7.4275e-04 -7.4983e-04 -7.5730e-04 -7.6518e-04 -7.7346e-04 -7.8217e-04 -7.9130e-04 -8.0087e-04 -8.1089e-04 -8.2138e-04 
-0000.00150 -8.2244e-04 -8.1195e-04 -8.0192e-04 -7.9233e-04 -7.8318e-04 -7.7446e-04 -7.6615e-04 -7.5825e-04 -7.5075e-04 -7.4364e-04 -7.3692e-04 -7.3057e-04 -7.2458e-04 -7.1896e-04 -7.1369e-04 -7.0877e-04 -7.0420e-04 -6.9996e-04 -6.9605e-04 -6.9247e-04 -6.8921e-04 -6.8628e-04 -6.8365e-04 -6.8135e-04 -6.7935e-04 -6.7766e-04 -6.7627e-04 -6.7519e-04 -6.7441e-04 -6.7393e-04 -6.7376e-04 -6.7388e-04 -6.7431e-04 -6.7504e-04 -6.7607e-04 -6.7741e-04 -6.7905e-04 -6.8100e-04 -6.8326e-04 -6.8584e-04 -6.8873e-04 -6.9194e-04 -6.9548e-04 -6.9935e-04 -7.0354e-04 -7.0808e-04 -7.1296e-04 -7.1819e-04 -7.2378e-04 -7.2973e-04 -7.3605e-04 -7.4275e-04 -7.4983e-04 -7.5730e-04 -7.6518e-04 -7.7346e-04 -7.8217e-04 -7.9130e-04 -8.0087e-04 -8.1089e-04 -8.2138e-04 
-0000.00200 -8.2244e-04 -8.1195e-04 -8.0192e-04 -7.9233e-04 -7.8318e-04 -7.7446e-04 -7.6615e-04 -7.5825e-04 -7.5075e-04 -7.4364e-04 -7.3692e-04 -7.3057e-04 -7.2458e-04 -7.1896e-04 -7.1369e-04 -7.0877e-04 -7.0420e-04 -6.9996e-04 -6.9605e-04 -6.9247e-04 -6.8921e-04 -6.8628e-04 -6.8365e-04 -6.8135e-04 -6.7935e-04 -6.7766e-04 -6.7627e-04 -6.7519e-04 -6.7441e-04 -6.7393e-04 -6.7376e-04 -6.7388e-04 -6.7431e-04 -6.7504e-04 -6.7607e-04 -6.7741e-04 -6.7905e-04 -6.8100e-04 -6.8326e-04 -6.8584e-04 -6.8873e-04 -6.9194e-04 -6.9548e-04 -6.9935e-04 -7.0354e-04 -7.0808e-04 -7.1296e-04 -7.1819e-04 -7.2378e-04 -7.2973e-04 -7.3605e-04 -7.4275e-04 -7.4983e-04 -7.5730e-04 -7.6518e-04 -7.7346e-04 -7.8217e-04 -7.9130e-04 -8.0087e-04 -8.1089e-04 -8.2138e-04 
# Horizontal Final Position [m]
START
            -0000.01000 -0000.00967 -0000.00933 -0000.00900 -0000.00867 -0000.00833 -0000.00800 -0000.00767 -0000.00733 -0000.00700 -0000.00667 -0000.00633 -0000.00600 -0000.00567 -0000.00533 -0000.00500 -0000.00467 -0000.00433 -0000.00400 -0000.00367 -0000.00333 -0000.00300 -0000.00267 -0000.00233 -0000.00200 -0000.00167 -0000.00133 -0000.00100 -0000.00067 -0000.00033 +0000.00000 +0000.00033 +0000.00067 +0000.00100 +0000.00133 +0000.00167 +0000.00200 +0000.00233 +0000.00267 +0000.00300 +0000.00333 +0000.00367 +0000.00400 +0000.00433 +0000.00467 +0000.00500 +0000.00533 +0000.00567 +0000.00600 +0000.00633 +0000.00667 +0000.00700 +0000.00733 +0000.00767 +0000.00800 +0000.00833 +0000.00867 +0000.00900 +0000.00933 +0000.00967 +0000.01000 
+0000.00200 -1.0000e-02 -9.6670e-03 -9.3338e-03 -9.0005e-03 -8.6672e-03 -8.3339e-03 -8.0006e-03 -7.6673e-03 -7.3340e-03 -7.0007e-03 -6.6674e-03 -6.3341e-03 -6.0008e-03 -5.6675e-03 -5.3342e-03 -5.0009e-03 -4.6676e-03 -4.3343e-03 -4.0010e-03 -3.6676e-03 -3.3343e-03 -3.0010e-03 -2.6677e-03 -2.3344e-03 -2.0010e-03 -1.6677e-03 -1.3344e-03 -1.0011e-03 -6.6773e-04 -3.3439e-04 -1.0624e-06 +3.3227e-04 +6.6561e-04 +9.9894e-04 +1.3323e-03 +1.6656e-03 +1.9990e-03 +2.3323e-03 +2.6656e-03 +2.9990e-03 +3.3323e-03 +3.6657e-03 +3.9990e-03 +4.3324e-03 +4.6657e-03 +4.9991e-03 +5.3324e-03 +5.6658e-03 +5.9991e-03 +6.3325e-03 +6.6659e-03 +6.9992e-03 +7.3326e-03 +7.6660e-03 +7.9993e-03 +8.3327e-03 +8.6661e-03 +8.9995e-03 +9.3329e-03 +9.6662e-03 +9.9996e-03 
+0000.00150 -1.0000e-02 -9.6670e-03 -9.3337e-03 -9.0004e-03 -8.6671e-03 -8.3338e-03 -8.0006e-03 -7.6673e-03 -7.3340e-03 -7.0007e-03 -6.6674e-03 -6.3341e-03 -6.0008e-03 -5.6675e-03 -5.3342e-03 -5.0009e-03 -4.6676e-03 -4.3342e-03 -4.0009e-03 -3.6676e-03 -3.3343e-03 -3.0010e-03 -2.6677e-03 -2.3344e-03 -2.0010e-03 -1.6677e-03 -1.3344e-03 -1.0011e-03 -6.6773e-04 -3.3440e-04 -1.0634e-06 +3.3227e-04 +6.6561e-04 +9.9894e-04 +1.3323e-03 +1.6656e-03 +1.9990e-03 +2.3323e-03 +2.6656e-03 +2.9990e-03 +3.3323e-03 +3.6657e-03 +3.9990e-03 +4.3324e-03 +4.6658e-03 +4.9991e-03 +5.3325e-03 +5.6658e-03 +5.9992e-03 +6.3326e-03 +6.6659e-03 +6.9993e-03 +7.3327e-03 +7.6660e-03 +7.9994e-03 +8.3328e-03 +8.6662e-03 +8.9995e-03 +9.3329e-03 +9.6663e-03 +9.9997e-03 
+0000.00100 -1.0000e-02 -9.6670e-03 -9.3337e-03 -9.0004e-03 -8.6671e-03 -8.3338e-03 -8.0006e-03 -7.6673e-03 -7.3340e-03 -7.0007e-03 -6.6674e-03 -6.3341e-03 -6.0008e-03 -5.6675e-03 -5.3342e-03 -5.0009e-03 -4.6676e-03 -4.3342e-03 -4.0009e-03 -3.6676e-03 -3.3343e-03 -3.0010e-03 -2.6677e-03 -2.3344e-03 -2.0010e-03 -1.6677e-03 -1.3344e-03 -1.0011e-03 -6.6773e-04 -3.3440e-04 -1.0632e-06 +3.3227e-04 +6.6561e-04 +9.9894e-04 +1.3323e-03 +1.6656e-03 +1.9990e-03 +2.3323e-03 +2.6656e-03 +2.9990e-03 +3.3323e-03 +3.6657e-03 +3.9990e-03 +4.3324e-03 +4.6658e-03 +4.9991e-03 +5.3325e-03 +5.6658e-03 +5.9992e-03 +6.3326e-03 +6.6659e-03 +6.9993e-03 +7.3327e-03 +7.6660e-03 +7.9994e-03 +8.3328e-03 +8.6662e-03 +8.9995e-03 +9.3329e-03 +9.6663e-03 +9.9997e-03 
+0000.00050 -1.0000e-02 -9.6670e-03 -9.3337e-03 -9.0004e-03 -8.6671e-03 -8.3338e-03 -8.0005e-03 -7.6673e-03 -7.3340e-03 -7.0007e-03 -6.6674e-03 -6.3341e-03 -6.0008e-03 -5.6675e-03 -5.3342e-03 -5.0009e-03 -4.6675e-03 -4.3342e-03 -4.0009e-03 -3.6676e-03 -3.3343e-03 -3.0010e-03 -2.6677e-03 -2.3343e-03 -2.0010e-03 -1.6677e-03 -1.3344e-03 -1.0010e-03 -6.6771e-04 -3.3438e-04 -1.0472e-06 +3.3229e-04 +6.6562e-04 +9.9896e-04 +1.3323e-03 +1.6656e-03 +1.9990e-03 +2.3323e-03 +2.6657e-03 +2.9990e-03 +3.3324e-03 +3.6657e-03 +3.9991e-03 +4.3324e-03 +4.6658e-03 +4.9991e-03 +5.3325e-03 +5.6658e-03 +5.9992e-03 +6.3326e-03 +6.6659e-03 +6.9993e-03 +7.3327e-03 +7.6660e-03 +7.9994e-03 +8.3328e-03 +8.6662e-03 +8.9995e-03 +9.3329e-03 +9.6663e-03 +9.9997e-03 
+0000.00000 -1.0000e-02 -9.6670e-03 -9.3337e-03 -9.0004e-03 -8.6671e-03 -8.3338e-03 -8.0005e-03 -7.6673e-03 -7.3340e-03 -7.0007e-03 -6.6674e-03 -6.3341e-03 -6.0008e-03 -5.6675e-03 -5.3342e-03 -5.0009e-03 -4.6675e-03 -4.3342e-03 -4.0009e-03 -3.6676e-03 -3.3343e-03 -3.0010e-03 -2.6677e-03 -2.3343e-03 -2.0010e-03 -1.6677e-03 -1.3344e-03 -1.0010e-03 -6.6771e-04 -3.3438e-04 -1.0457e-06 +3.3229e-04 +6.6562e-04 +9.9896e-04 +1.3323e-03 +1.6656e-03 +1.9990e-03 +2.3323e-03 +2.6657e-03 +2.9990e-03 +3.3324e-03 +3.6657e-03 +3.9991e-03 +4.3324e-03 +4.6658e-03 +4.9991e-03 +5.3325e-03 +5.6658e-03 +5.9992e-03 +6.3326e-03 +6.6659e-03 +6.9993e-03 +7.3327e-03 +7.6660e-03 +7.9994e-03 +8.3328e-03 +8.6662e-03 +8.9995e-03 +9.3329e-03 +9.6663e-03 +9.9997e-03 
-0000.00050 -1.0000e-02 -9.6670e-03 -9.3337e-03 -9.0004e-03 -8.6671e-03 -8.3338e-03 -8.0005e-03 -7.6673e-03 -7.3340e-03 -7.0007e-03 -6.6674e-03 -6.3341e-03 -6.0008e-03 -5.6675e-03 -5.3342e-03 -5.0009e-03 -4.6675e-03 -4.3342e-03 -4.0009e-03 -3.6676e-03 -3.3343e-03 -3.0010e-03 -2.6677e-03 -2.3343e-03 -2.0010e-03 -1.6677e-03 -1.3344e-03 -1.0010e-03 -6.6771e-04 -3.3438e-04 -1.0472e-06 +3.3229e-04 +6.6562e-04 +9.9896e-04 +1.3323e-03 +1.6656e-03 +1.9990e-03 +2.3323e-03 +2.6657e-03 +2.9990e-03 +3.3324e-03 +3.6657e-03 +3.9991e-03 +4.3324e-03 +4.6658e-03 +4.9991e-03 +5.3325e-03 +5.6658e-03 +5.9992e-03 +6.3326e-03 +6.6659e-03 +6.9993e-03 +7.3327e-03 +7.6660e-03 +7.9994e-03 +8.3328e-03 +8.6662e-03 +8.9995e-03 +9.3329e-03 +9.6663e-03 +9.9997e-03 
-0000.00100 -1.0000e-02 -9.6670e-03 -9.3337e-03 -9.0004e-03 -8.6671e-03 -8.3338e-03 -8.0006e-03 -7.6673e-03 -7.3340e-03 -7.0007e-03 -6.6674e-03 -6.3341e-03 -6.0008e-03 -5.6675e-03 -5.3342e-03 -5.0009e-03 -4.6676e-03 -4.3342e-03 -4.0009e-03 -3.6676e-03 -3.3343e-03 -3.0010e-03 -2.6677e-03 -2.3344e-03 -2.0010e-03 -1.6677e-03 -1.3344e-03 -1.0011e-03 -6.6773e-04 -3.3440e-04 -1.0632e-06 +3.3227e-04 +6.6561e-04 +9.9894e-04 +1.3323e-03 +1.6656e-03 +1.9990e-03 +2.3323e-03 +2.6656e-03 +2.9990e-03 +3.3323e-03 +3.6657e-03 +3.9990e-03 +4.3324e-03 +4.6658e-03 +4.9991e-03 +5.3325e-03 +5.6658e-03 +5.9992e-03 +6.3326e-03 +6.6659e-03 +6.9993e-03 +7.3327e-03 +7.6660e-03 +7.9994e-03 +8.3328e-03 +8.6662e-03 +8.9995e-03 +9.3329e-03 +9.6663e-03 +9.9997e-03 
-0000.00150 -1.0000e-02 -9.6670e-03 -9.3337e-03 -9.0004e-03 -8.6671e-03 -8.3338e-03 -8.0006e-03 -7.6673e-03 -7.3340e-03 -7.0007e-03 -6.6674e-03 -6.3341e-03 -6.0008e-03 -5.6675e-03 -5.3342e-03 -5.0009e-03 -4.6676e-03 -4.3342e-03 -4.0009e-03 -3.6676e-03 -3.3343e-03 -3.0010e-03 -2.6677e-03 -2.3344e-03 -2.0010e-03 -1.6677e-03 -1.3344e-03 -1.0011e-03 -6.6773e-04 -3.3440e-04 -1.0634e-06 +3.3227e-04 +6.6561e-04 +9.9894e-04 +1.3323e-03 +1.6656e-03 +1.9990e-03 +2.3323e-03 +2.6656e-03 +2.9990e-03 +3.3323e-03 +3.6657e-03 +3.9990e-03 +4.3324e-03 +4.6658e-03 +4.9991e-03 +5.3325e-03 +5.6658e-03 +5.9992e-03 +6.3326e-03 +6.6659e-03 +6.9993e-03 +7.3327e-03 +7.6660e-03 +7.9994e-03 +8.3328e-03 +8.6662e-03 +8.9995e-03 +9.3329e-03 +9.6663e-03 +9.9997e-03 
-0000.00200 -1.0000e-02 -9.6670e-03 -9.3338e-03 -9.0005e-03 -8.6672e-03 -8.3339e-03 -8.0006e-03 -7.6673e-03 -7.3340e-03 -7.0007e-03 -6.6674e-03 -6.3341e-03 -6.0008e-03 -5.6675e-03 -5.3342e-03 -5.0009e-03 -4.6676e-03 -4.3343e-03 -4.0010e-03 -3.6676e-03 -3.3343e-03 -3.0010e-03 -2.6677e-03 -2.3344e-03 -2.0010e-03 -1.6677e-03 -1.3344e-03 -1.0011e-03 -6.6773e-04 -3.3439e-04 -1.0624e-06 +3.3227e-04 +6.6561e-04 +9.9894e-04 +1.3323e-03 +1.6656e-03 +1.9990e-03 +2.3323e-03 +2.6656e-03 +2.9990e-03 +3.3323e-03 +3.6657e-03 +3.9990e-03 +4.3324e-03 +4.6657e-03 +4.9991e-03 +5.3324e-03 +5.6658e-03 +5.9991e-03 +6.3325e-03 +6.6659e-03 +6.9992e-03 +7.3326e-03 +7.6660e-03 +7.9993e-03 +8.3327e-03 +8.6661e-03 +8.9995e-03 +9.3329e-03 +9.6662e-03 +9.9996e-03 
# Vertical Final Position [m]
START
            -0000.01000 -0000.00967 -0000.00933 -0000.00900 -0000.00867 -0000.00833 -0000.00800 -0000.00767 -0000.00733 -0000.00700 -0000.00667 -0000.00633 -0000.00600 -0000.00567 -0000.00533 -0000.00500 -0000.00467 -0000.00433 -0000.00400 -0000.00367 -0000.00333 -0000.00300 -0000.00267 -0000.00233 -0000.00200 -0000.00167 -0000.00133 -0000.00100 -0000.00067 -0000.00033 +0000.00000 +0000.00033 +0000.00067 +0000.00100 +0000.00133 +0000.00167 +0000.00200 +0000.00233 +0000.00267 +0000.00300 +0000.00333 +0000.00367 +0000.00400 +0000.00433 +0000.00467 +0000.00500 +0000.00533 +0000.00567 +0000.00600 +0000.00633 +0000.00667 +0000.00700 +0000.00733 +0000.00767 +0000.00800 +0000.00833 +0000.00867 +0000.00900 +0000.00933 +0000.00967 +0000.01000 
+0000.00200 +2.0001e-03 +2.0001e-03 +2.0001e-03 +2.0001e-03 +2.0001e-03 +2.0001e-03 +2.0001e-03 +2.0001e-03 +2.0000e-03 +2.0000e-03 +2.0000e-03 +2.0000e-03 +2.0000e-03 +2.0000e-03 +2.0000e-03 +2.0000e-03 +2.0000e-03 +2.0000e-03 +1.9999e-03 +1.9999e-03 +1.9999e-03 +1.9999e-03 +1.9999e-03 +1.9999e-03 +1.9999e-03 +1.9999e-03 +1.9999e-03 +1.9999e-03 +1.9999e-03 +1.9999e-03 +1.9998e-03 +1.9998e-03 +1.9998e-03 +1.9998e-03 +1.9998e-03 +1.9998e-03 +1.9998e-03 +1.9998e-03 +1.9998e-03 +1.9998e-03 +1.9998e-03 +1.9998e-03 +1.9997e-03 +1.9997e-03 +1.9997e-03 +1.9997e-03 +1.9997e-03 +1.9997e-03 +1.9997e-03 +1.9997e-03 +1.9997e-03 +1.9997e-03 +1.9997e-03 +1.9996e-03 +1.9996e-03 +1.9996e-03 +1.9996e-03 +1.9996e-03 +1.9996e-03 +1.9996e-03 +1.9996e-03 
+0000.00150 +1.5001e-03 +1.5001e-03 +1.5001e-03 +1.5001e-03 +1.5001e-03 +1.5001e-03 +1.5001e-03 +1.5001e-03 +1.5001e-03 +1.5000e-03 +1.5000e-03 +1.5000e-03 +1.5000e-03 +1.5000e-03 +1.5000e-03 +1.5000e-03 +1.5000e-03 +1.5000e-03 +1.5000e-03 +1.5000e-03 +1.5000e-03 +1.5000e-03 +1.4999e-03 +1.4999e-03 +1.4999e-03 +1.4999e-03 +1.4999e-03 +1.4999e-03 +1.4999e-03 +1.4999e-03 +1.4999e-03 +1.4999e-03 +1.4999e-03 +1.4999e-03 +1.4999e-03 +1.4999e-03 +1.4999e-03 +1.4999e-03 +1.4999e-03 +1.4998e-03 +1.4998e-03 +1.4998e-03 +1.4998e-03 +1.4998e-03 +1.4998e-03 +1.4998e-03 +1.4998e-03 +1.4998e-03 +1.4998e-03 +1.4998e-03 +1.4998e-03 +1.4998e-03 +1.4997e-03 +1.4997e-03 +1.4997e-03 +1.4997e-03 +1.4997e-03 +1.4997e-03 +1.4997e-03 +1.4997e-03 +1.4997e-03 
+0000.00100 +1.0001e-03 +1.0001e-03 +1.0001e-03 +1.0001e-03 +1.0000e-03 +1.0000e-03 +1.0000e-03 +1.0000e-03 +1.0000e-03 +1.0000e-03 +1.0000e-03 +1.0000e-03 +1.0000e-03 +1.0000e-03 +1.0000e-03 +1.0000e-03 +9.9999e-04 +9.9999e-04 +9.9998e-04 +9.9998e-04 +9.9998e-04 +9.9997e-04 +9.9997e-04 +9.9997e-04 +9.9996e-04 +9.9996e-04 +9.9995e-04 +9.9995e-04 +9.9995e-04 +9.9994e-04 +9.9994e-04 +9.9993e-04 +9.9993e-04 +9.9993e-04 +9.9992e-04 +9.9992e-04 +9.9991e-04 +9.9991e-04 +9.9991e-04 +9.9990e-04 +9.9990e-04 +9.9989e-04 +9.9989e-04 +9.9988e-04 +9.9988e-04 +9.9987e-04 +9.9987e-04 +9.9986e-04 +9.9986e-04 +9.9985e-04 +9.9985e-04 +9.9984e-04 +9.9984e-04 +9.9983e-04 +9.9983e-04 +9.9982e-04 +9.9982e-04 +9.9981e-04 +9.9981e-04 +9.9980e-04 +9.9980e-04 
+0000.00050 +5.0004e-04 +5.0004e-04 +5.0004e-04 +5.0004e-04 +5.0003e-04 +5.0003e-04 +5.0003e-04 +5.0003e-04 +5.0002e-04 +5.0002e-04 +5.0002e-04 +5.0002e-04 +5.0001e-04 +5.0001e-04 +5.0001e-04 +5.0001e-04 +5.0000e-04 +5.0000e-04 +5.0000e-04 +5.0000e-04 +4.9999e-04 +4.9999e-04 +4.9999e-04 +4.9999e-04 +4.9998e-04 +4.9998e-04 +4.9998e-04 +4.9998e-04 +4.9998e-04 +4.9997e-04 +4.9997e-04 +4.9997e-04 +4.9997e-04 +4.9996e-04 +4.9996e-04 +4.9996e-04 +4.9996e-04 +4.9996e-04 +4.9995e-04 +4.9995e-04 +4.9995e-04 +4.9995e-04 +4.9994e-04 +4.9994e-04 +4.9994e-04 +4.9994e-04 +4.9994e-04 +4.9993e-04 +4.9993e-04 +4.9993e-04 +4.9993e-04 +4.9992e-04 +4.9992e-04 +4.9992e-04 +4.9992e-04 +4.9991e-04 +4.9991e-04 +4.9991e-04 +4.9991e-04 +4.9990e-04 +4.9990e-04 
+0000.00000 +1.6067e-10 +1.3591e-10 +1.1353e-10 +9.3377e-11 +7.5298e-11 +5.9147e-11 +4.4782e-11 +3.2067e-11 +2.0873e-11 +1.1074e-11 +2.5503e-12 -4.8116e-12 -1.1120e-11 -1.6479e-11 -2.0986e-11 -2.4733e-11 -2.7806e-11 -3.0287e-11 -3.2253e-11 -3.3773e-11 -3.4912e-11 -3.5729e-11 -3.6280e-11 -3.6613e-11 -3.6770e-11 -3.6789e-11 -3.6703e-11 -3.6539e-11 -3.6318e-11 -3.6055e-11 -3.5761e-11 -3.5442e-11 -3.5097e-11 -3.4719e-11 -3.4299e-11 -3.3818e-11 -3.3254e-11 -3.2581e-11 -3.1764e-11 -3.0765e-11 -2.9540e-11 -2.8040e-11 -2.6210e-11 -2.3989e-11 -2.1311e-11 -1.8105e-11 -1.4295e-11 -9.7981e-12 -4.5265e-12 +1.6126e-12 +8.7179e-12 +1.6893e-11 +2.6248e-11 +3.6898e-11 +4.8962e-11 +6.2567e-11 +7.7844e-11 +9.4930e-11 +1.1397e-10 +1.3510e-10 +1.5849e-10 
-0000.00050 -5.0004e-04 -5.0004e-04 -5.0004e-04 -5.0004e-04 -5.0003e-04 -5.0003e-04 -5.0003e-04 -5.0003e-04 -5.0002e-04 -5.0002e-04 -5.0002e-04 -5.0002e-04 -5.0001e-04 -5.0001e-04 -5.0001e-04 -5.0001e-04 -5.0000e-04 -5.0000e-04 -5.0000e-04 -5.0000e-04 -4.9999e-04 -4.9999e-04 -4.9999e-04 -4.9999e-04 -4.9998e-04 -4.9998e-04 -4.9998e-04 -4.9998e-04 -4.9998e-04 -4.9997e-04 -4.9997e-04 -4.9997e-04 -4.9997e-04 -4.9996e-04 -4.9996e-04 -4.9996e-04 -4.9996e-04 -4.9996e-04 -4.9995e-04 -4.9995e-04 -4.9995e-04 -4.9995e-04 -4.9994e-04 -4.9994e-04 -4.9994e-04 -4.9994e-04 -4.9994e-04 -4.9993e-04 -4.9993e-04 -4.9993e-04 -4.9993e-04 -4.9992e-04 -4.9992e-04 -4.9992e-04 -4.9992e-04 -4.9991e-04 -4.9991e-04 -4.9991e-04 -4.9991e-04 -4.9990e-04 -4.9990e-04 
-0000.00100 -1.0001e-03 -1.0001e-03 -1.0001e-03 -1.0001e-03 -1.0000e-03 -1.0000e-03 -1.0000e-03 -1.0000e-03 -1.0000e-03 -1.0000e-03 -1.0000e-03 -1.0000e-03 -1.0000e-03 -1.0000e-03 -1.0000e-03 -1.0000e-03 -9.9999e-04 -9.9999e-04 -9.9998e-04 -9.9998e-04 -9.9998e-04 -9.9997e-04 -9.9997e-04 -9.9996e-04 -9.9996e-04 -9.9996e-04 -9.9995e-04 -9.9995e-04 -9.9995e-04 -9.9994e-04 -9.9994e-04 -9.9993e-04 -9.9993e-04 -9.9993e-04 -9.9992e-04 -9.9992e-04 -9.9991e-04 -9.9991e-04 -9.9991e-04 -9.9990e-04 -9.9990e-04 -9.9989e-04 -9.9989e-04 -9.9988e-04 -9.9988e-04 -9.9987e-04 -9.9987e-04 -9.9986e-04 -9.9986e-04 -9.9985e-04 -9.9985e-04 -9.9984e-04 -9.9984e-04 -9.9983e-04 -9.9983e-04 -9.9982e-04 -9.9982e-04 -9.9981e-04 -9.9981e-04 -9.9980e-04 -9.9979e-04 
-0000.00150 -1.5001e-03 -1.5001e-03 -1.5001e-03 -1.5001e-03 -1.5001e-03 -1.5001e-03 -1.5001e-03 -1.5001e-03 -1.5001e-03 -1.5000e-03 -1.5000e-03 -1.5000e-03 -1.5000e-03 -1.5000e-03 -1.5000e-03 -1.5000e-03 -1.5000e-03 -1.5000e-03 -1.5000e-03 -1.5000e-03 -1.5000e-03 -1.5000e-03 -1.4999e-03 -1.4999e-03 -1.4999e-03 -1.4999e-03 -1.4999e-03 -1.4999e-03 -1.4999e-03 -1.4999e-03 -1.4999e-03 -1.4999e-03 -1.4999e-03 -1.4999e-03 -1.4999e-03 -1.4999e-03 -1.4999e-03 -1.4999e-03 -1.4999e-03 -1.4998e-03 -1.4998e-03 -1.4998e-03 -1.4998e-03 -1.4998e-03 -1.4998e-03 -1.4998e-03 -1.4998e-03 -1.4998e-03 -1.4998e-03 -1.4998e-03 -1.4998e-03 -1.4998e-03 -1.4997e-03 -1.4997e-03 -1.4997e-03 -1.4997e-03 -1.4997e-03 -1.4997e-03 -1.4997e-03 -1.4997e-03 -1.4997e-03 
-0000.00200 -2.0001e-03 -2.0001e-03 -2.0001e-03 -2.0001e-03 -2.0001e-03 -2.0001e-03 -2.0001e-03 -2.0001e-03 -2.0000e-03 -2.0000e-03 -2.0000e-03 -2.0000e-03 -2.0000e-03 -2.0000e-03 -2.0000e-03 -2.0000e-03 -2.0000e-03 -2.0000e-03 -1.9999e-03 -1.9999e-03 -1.9999e-03 -1.9999e-03 -1.9999e-03 -1.9999e-03 -1.9999e-03 -1.9999e-03 -1.9999e-03 -1.9999e-03 -1.9999e-03 -1.9999e-03 -1.9998e-03 -1.9998e-03 -1.9998e-03 -1.9998e-03 -1.9998e-03 -1.9998e-03 -1.9998e-03 -1.9998e-03 -1.9998e-03 -1.9998e-03 -1.9998e-03 -1.9998e-03 -1.9997e-03 -1.9997e-03 -1.9997e-03 -1.9997e-03 -1.9997e-03 -1.9997e-03 -1.9997e-03 -1.9997e-03 -1.9997e-03 -1.9997e-03 -1.9997e-03 -1.9996e-03 -1.9996e-03 -1.9996e-03 -1.9996e-03 -1.9996e-03 -1.9996e-03 -1.9996e-03 -1.9996e-03 