# Author: FAC idanalysis.IDKickMap
# Termination_kicks [T2m2]: +0.0000e+00 +0.0000e+00 +0.0000e+00 +0.0000e+00 
# Total Length of Longitudinal Interval [m]
0.13
# Number of Horizontal Points
61
# Number of Vertical Points
9
# Total Horizontal 2nd Order Kick [T2m2]
START
            -0000.01000 -0000.00967 -0000.00933 -0000.00900 -0000.00867 -0000.00833 -0000.00800 -0000.00767 -0000.00733 -0000.00700 -0000.00667 -0000.00633 -0000.00600 -0000.00567 -0000.00533 -0000.00500 -0000.00467 -0000.00433 -0000.00400 -0000.00367 -0000.00333 -0000.00300 -0000.00267 -0000.00233 -0000.00200 -0000.00167 -0000.00133 -0000.00100 -0000.00067 -0000.00033 +0000.00000 +0000.00033 +0000.00067 +0000.00100 +0000.00133 +0000.00167 +0000.00200 +0000.00233 +0000.00267 +0000.00300 +0000.00333 +0000.00367 +0000.00400 +0000.00433 +0000.00467 +0000.00500 +0000.00533 +0000.00567 +0000.00600 +0000.00633 +0000.00667 +0000.00700 +0000.00733 +0000.00767 +0000.00800 +0000.00833 +0000.00867 +0000.00900 +0000.00933 +0000.00967 +0000.01000 
+0000.00200 -1.4557e-04 -1.3508e-04 -1.2505e-04 -1.1546e-04 -1.0631e-04 -9.7590e-05 -8.9280e-05 -8.1380e-05 -7.3880e-05 -6.6770e-05 -6.0050e-05 -5.3700e-05 -4.7710e-05 -4.2090e-05 -3.6820e-05 -3.1900e-05 -2.7330e-05 -2.3090e-05 -1.9180e-05 -1.5600e-05 -1.2340e-05 -9.4100e-06 -6.7800e-06 -4.4800e-06 -2.4800e-06 -7.9000e-07 +6.0000e-07 +1.6800e-06 +2.4600e-06 +2.9400e-06 +3.1100e-06 +2.9900e-06 +2.5600e-06 +1.8300e-06 +8.0000e-07 -5.4000e-07 -2.1800e-06 -4.1300e-06 -6.3900e-06 -8.9700e-06 -1.1860e-05 -1.5070e-05 -1.8610e-05 -2.2480e-05 -2.6670e-05 -3.1210e-05 -3.6090e-05 -4.1320e-05 -4.6910e-05 -5.2860e-05 -5.9180e-05 -6.5880e-05 -7.2960e-05 -8.0430e-05 -8.8310e-05 -9.6590e-05 -1.0530e-04 -1.1443e-04 -1.2400e-04 -1.3402e-04 -1.4451e-04 
+0000.00150 -1.4449e-04 -1.3441e-04 -1.2474e-04 -1.1545e-04 -1.0656e-04 -9.8050e-05 -8.9910e-05 -8.2150e-05 -7.4750e-05 -6.7710e-05 -6.1030e-05 -5.4710e-05 -4.8730e-05 -4.3100e-05 -3.7800e-05 -3.2850e-05 -2.8230e-05 -2.3940e-05 -1.9970e-05 -1.6340e-05 -1.3020e-05 -1.0030e-05 -7.3500e-06 -4.9900e-06 -2.9500e-06 -1.2200e-06 +1.9000e-07 +1.3000e-06 +2.0900e-06 +2.5800e-06 +2.7500e-06 +2.6100e-06 +2.1700e-06 +1.4100e-06 +3.4000e-07 -1.0400e-06 -2.7300e-06 -4.7400e-06 -7.0600e-06 -9.7000e-06 -1.2650e-05 -1.5930e-05 -1.9530e-05 -2.3450e-05 -2.7710e-05 -3.2290e-05 -3.7210e-05 -4.2460e-05 -4.8050e-05 -5.3990e-05 -6.0280e-05 -6.6920e-05 -7.3910e-05 -8.1270e-05 -8.8990e-05 -9.7080e-05 -1.0555e-04 -1.1440e-04 -1.2364e-04 -1.3327e-04 -1.4330e-04 
+0000.00100 -1.4568e-04 -1.3591e-04 -1.2648e-04 -1.1740e-04 -1.0868e-04 -1.0029e-04 -9.2250e-05 -8.4560e-05 -7.7200e-05 -7.0180e-05 -6.3500e-05 -5.7150e-05 -5.1140e-05 -4.5460e-05 -4.0120e-05 -3.5100e-05 -3.0410e-05 -2.6050e-05 -2.2010e-05 -1.8300e-05 -1.4920e-05 -1.1860e-05 -9.1200e-06 -6.7100e-06 -4.6100e-06 -2.8400e-06 -1.3900e-06 -2.6000e-07 +5.5000e-07 +1.0400e-06 +1.2100e-06 +1.0600e-06 +5.9000e-07 -2.0000e-07 -1.3100e-06 -2.7300e-06 -4.4800e-06 -6.5500e-06 -8.9400e-06 -1.1650e-05 -1.4680e-05 -1.8030e-05 -2.1710e-05 -2.5710e-05 -3.0030e-05 -3.4680e-05 -3.9650e-05 -4.4950e-05 -5.0580e-05 -5.6540e-05 -6.2830e-05 -6.9450e-05 -7.6400e-05 -8.3690e-05 -9.1310e-05 -9.9280e-05 -1.0758e-04 -1.1622e-04 -1.2520e-04 -1.3453e-04 -1.4420e-04 
+0000.00050 -1.4635e-04 -1.3677e-04 -1.2750e-04 -1.1856e-04 -1.0994e-04 -1.0164e-04 -9.3660e-05 -8.6010e-05 -7.8680e-05 -7.1670e-05 -6.4990e-05 -5.8630e-05 -5.2600e-05 -4.6890e-05 -4.1500e-05 -3.6450e-05 -3.1720e-05 -2.7310e-05 -2.3230e-05 -1.9470e-05 -1.6050e-05 -1.2940e-05 -1.0170e-05 -7.7200e-06 -5.5900e-06 -3.8000e-06 -2.3200e-06 -1.1800e-06 -3.6000e-07 +1.3000e-07 +3.0000e-07 +1.4000e-07 -3.4000e-07 -1.1500e-06 -2.2800e-06 -3.7400e-06 -5.5300e-06 -7.6300e-06 -1.0070e-05 -1.2820e-05 -1.5900e-05 -1.9300e-05 -2.3030e-05 -2.7070e-05 -3.1440e-05 -3.6130e-05 -4.1140e-05 -4.6470e-05 -5.2120e-05 -5.8090e-05 -6.4380e-05 -7.0990e-05 -7.7910e-05 -8.5160e-05 -9.2710e-05 -1.0059e-04 -1.0878e-04 -1.1728e-04 -1.2609e-04 -1.3522e-04 -1.4466e-04 
+0000.00000 -1.4655e-04 -1.3703e-04 -1.2782e-04 -1.1893e-04 -1.1034e-04 -1.0207e-04 -9.4120e-05 -8.6480e-05 -7.9160e-05 -7.2160e-05 -6.5470e-05 -5.9110e-05 -5.3070e-05 -4.7360e-05 -4.1960e-05 -3.6890e-05 -3.2150e-05 -2.7720e-05 -2.3630e-05 -1.9860e-05 -1.6420e-05 -1.3300e-05 -1.0510e-05 -8.0500e-06 -5.9200e-06 -4.1100e-06 -2.6300e-06 -1.4800e-06 -6.6000e-07 -1.7000e-07 +0.0000e+00 -1.6000e-07 -6.5000e-07 -1.4700e-06 -2.6100e-06 -4.0800e-06 -5.8800e-06 -8.0000e-06 -1.0450e-05 -1.3220e-05 -1.6310e-05 -1.9730e-05 -2.3470e-05 -2.7540e-05 -3.1920e-05 -3.6630e-05 -4.1650e-05 -4.6990e-05 -5.2650e-05 -5.8620e-05 -6.4910e-05 -7.1510e-05 -7.8430e-05 -8.5650e-05 -9.3190e-05 -1.0103e-04 -1.0918e-04 -1.1763e-04 -1.2639e-04 -1.3545e-04 -1.4481e-04 
-0000.00050 -1.4631e-04 -1.3672e-04 -1.2746e-04 -1.1852e-04 -1.0990e-04 -1.0160e-04 -9.3620e-05 -8.5970e-05 -7.8640e-05 -7.1640e-05 -6.4960e-05 -5.8600e-05 -5.2570e-05 -4.6860e-05 -4.1480e-05 -3.6430e-05 -3.1700e-05 -2.7290e-05 -2.3210e-05 -1.9460e-05 -1.6030e-05 -1.2930e-05 -1.0160e-05 -7.7100e-06 -5.5900e-06 -3.7900e-06 -2.3200e-06 -1.1800e-06 -3.6000e-07 +1.3000e-07 +3.0000e-07 +1.4000e-07 -3.4000e-07 -1.1500e-06 -2.2900e-06 -3.7500e-06 -5.5300e-06 -7.6400e-06 -1.0080e-05 -1.2830e-05 -1.5910e-05 -1.9320e-05 -2.3040e-05 -2.7090e-05 -3.1460e-05 -3.6150e-05 -4.1160e-05 -4.6490e-05 -5.2150e-05 -5.8120e-05 -6.4410e-05 -7.1020e-05 -7.7940e-05 -8.5180e-05 -9.2740e-05 -1.0062e-04 -1.0881e-04 -1.1731e-04 -1.2613e-04 -1.3526e-04 -1.4470e-04 
-0000.00100 -1.4559e-04 -1.3582e-04 -1.2640e-04 -1.1733e-04 -1.0860e-04 -1.0022e-04 -9.2190e-05 -8.4490e-05 -7.7140e-05 -7.0130e-05 -6.3450e-05 -5.7110e-05 -5.1100e-05 -4.5420e-05 -4.0080e-05 -3.5060e-05 -3.0380e-05 -2.6020e-05 -2.1990e-05 -1.8280e-05 -1.4900e-05 -1.1840e-05 -9.1100e-06 -6.6900e-06 -4.6000e-06 -2.8400e-06 -1.3900e-06 -2.6000e-07 +5.5000e-07 +1.0400e-06 +1.2000e-06 +1.0500e-06 +5.8000e-07 -2.1000e-07 -1.3200e-06 -2.7500e-06 -4.5000e-06 -6.5600e-06 -8.9500e-06 -1.1670e-05 -1.4700e-05 -1.8050e-05 -2.1730e-05 -2.5730e-05 -3.0060e-05 -3.4710e-05 -3.9680e-05 -4.4990e-05 -5.0620e-05 -5.6580e-05 -6.2870e-05 -6.9490e-05 -7.6450e-05 -8.3740e-05 -9.1370e-05 -9.9330e-05 -1.0764e-04 -1.1628e-04 -1.2527e-04 -1.3461e-04 -1.4429e-04 
-0000.00150 -1.4433e-04 -1.3427e-04 -1.2460e-04 -1.1533e-04 -1.0644e-04 -9.7940e-05 -8.9810e-05 -8.2050e-05 -7.4660e-05 -6.7630e-05 -6.0960e-05 -5.4640e-05 -4.8670e-05 -4.3040e-05 -3.7750e-05 -3.2800e-05 -2.8190e-05 -2.3900e-05 -1.9940e-05 -1.6310e-05 -1.3000e-05 -1.0010e-05 -7.3400e-06 -4.9900e-06 -2.9500e-06 -1.2200e-06 +1.9000e-07 +1.3000e-06 +2.0900e-06 +2.5700e-06 +2.7400e-06 +2.6000e-06 +2.1500e-06 +1.3900e-06 +3.2000e-07 -1.0600e-06 -2.7500e-06 -4.7600e-06 -7.0800e-06 -9.7200e-06 -1.2680e-05 -1.5960e-05 -1.9560e-05 -2.3490e-05 -2.7740e-05 -3.2330e-05 -3.7250e-05 -4.2500e-05 -4.8100e-05 -5.4050e-05 -6.0340e-05 -6.6980e-05 -7.3980e-05 -8.1340e-05 -8.9070e-05 -9.7170e-05 -1.0565e-04 -1.1451e-04 -1.2376e-04 -1.3340e-04 -1.4344e-04 
-0000.00200 -1.4533e-04 -1.3486e-04 -1.2484e-04 -1.1527e-04 -1.0614e-04 -9.7430e-05 -8.9130e-05 -8.1250e-05 -7.3760e-05 -6.6660e-05 -5.9950e-05 -5.3610e-05 -4.7640e-05 -4.2020e-05 -3.6760e-05 -3.1850e-05 -2.7280e-05 -2.3050e-05 -1.9150e-05 -1.5580e-05 -1.2320e-05 -9.3900e-06 -6.7800e-06 -4.4700e-06 -2.4800e-06 -7.9000e-07 +5.9000e-07 +1.6700e-06 +2.4500e-06 +2.9200e-06 +3.1000e-06 +2.9700e-06 +2.5400e-06 +1.8100e-06 +7.8000e-07 -5.6000e-07 -2.2000e-06 -4.1600e-06 -6.4200e-06 -9.0000e-06 -1.1890e-05 -1.5110e-05 -1.8640e-05 -2.2510e-05 -2.6720e-05 -3.1260e-05 -3.6140e-05 -4.1380e-05 -4.6970e-05 -5.2930e-05 -5.9260e-05 -6.5960e-05 -7.3050e-05 -8.0540e-05 -8.8420e-05 -9.6720e-05 -1.0544e-04 -1.1459e-04 -1.2418e-04 -1.3422e-04 -1.4472e-04 
# Total Vertical 2nd Order Kick [T2m2]
START
            -0000.01000 -0000.00967 -0000.00933 -0000.00900 -0000.00867 -0000.00833 -0000.00800 -0000.00767 -0000.00733 -0000.00700 -0000.00667 -0000.00633 -0000.00600 -0000.00567 -0000.00533 -0000.00500 -0000.00467 -0000.00433 -0000.00400 -0000.00367 -0000.00333 -0000.00300 -0000.00267 -0000.00233 -0000.00200 -0000.00167 -0000.00133 -0000.00100 -0000.00067 -0000.00033 +0000.00000 +0000.00033 +0000.00067 +0000.00100 +0000.00133 +0000.00167 +0000.00200 +0000.00233 +0000.00267 +0000.00300 +0000.00333 +0000.00367 +0000.00400 +0000.00433 +0000.00467 +0000.00500 +0000.00533 +0000.00567 +0000.00600 +0000.00633 +0000.00667 +0000.00700 +0000.00733 +0000.00767 +0000.00800 +0000.00833 +0000.00867 +0000.00900 +0000.00933 +0000.00967 +0000.01000 
+0000.00200 -2.0980e-04 -2.0820e-04 -2.0657e-04 -2.0491e-04 -2.0322e-04 -2.0150e-04 -1.9976e-04 -1.9799e-04 -1.9619e-04 -1.9438e-04 -1.9253e-04 -1.9067e-04 -1.8879e-04 -1.8689e-04 -1.8497e-04 -1.8303e-04 -1.8108e-04 -1.7911e-04 -1.7713e-04 -1.7514e-04 -1.7314e-04 -1.7112e-04 -1.6910e-04 -1.6707e-04 -1.6503e-04 -1.6299e-04 -1.6094e-04 -1.5888e-04 -1.5683e-04 -1.5477e-04 -1.5271e-04 -1.5066e-04 -1.4860e-04 -1.4655e-04 -1.4450e-04 -1.4245e-04 -1.4041e-04 -1.3838e-04 -1.3635e-04 -1.3434e-04 -1.3233e-04 -1.3033e-04 -1.2835e-04 -1.2638e-04 -1.2442e-04 -1.2248e-04 -1.2055e-04 -1.1864e-04 -1.1675e-04 -1.1487e-04 -1.1302e-04 -1.1118e-04 -1.0937e-04 -1.0758e-04 -1.0582e-04 -1.0408e-04 -1.0236e-04 -1.0067e-04 -9.9015e-05 -9.7382e-05 -9.5778e-05 
+0000.00150 -1.4317e-04 -1.4201e-04 -1.4082e-04 -1.3961e-04 -1.3838e-04 -1.3712e-04 -1.3585e-04 -1.3456e-04 -1.3325e-04 -1.3191e-04 -1.3056e-04 -1.2920e-04 -1.2781e-04 -1.2641e-04 -1.2500e-04 -1.2357e-04 -1.2212e-04 -1.2066e-04 -1.1919e-04 -1.1771e-04 -1.1621e-04 -1.1471e-04 -1.1319e-04 -1.1167e-04 -1.1014e-04 -1.0860e-04 -1.0705e-04 -1.0551e-04 -1.0395e-04 -1.0239e-04 -1.0083e-04 -9.9277e-05 -9.7715e-05 -9.6155e-05 -9.4595e-05 -9.3038e-05 -9.1486e-05 -8.9937e-05 -8.8395e-05 -8.6860e-05 -8.5333e-05 -8.3815e-05 -8.2308e-05 -8.0812e-05 -7.9330e-05 -7.7861e-05 -7.6408e-05 -7.4971e-05 -7.3553e-05 -7.2153e-05 -7.0774e-05 -6.9417e-05 -6.8083e-05 -6.6774e-05 -6.5491e-05 -6.4235e-05 -6.3007e-05 -6.1810e-05 -6.0645e-05 -5.9513e-05 -5.8415e-05 
+0000.00100 -8.9192e-05 -8.8455e-05 -8.7702e-05 -8.6931e-05 -8.6144e-05 -8.5341e-05 -8.4522e-05 -8.3687e-05 -8.2837e-05 -8.1973e-05 -8.1094e-05 -8.0202e-05 -7.9296e-05 -7.8377e-05 -7.7446e-05 -7.6503e-05 -7.5548e-05 -7.4583e-05 -7.3607e-05 -7.2622e-05 -7.1628e-05 -7.0625e-05 -6.9615e-05 -6.8597e-05 -6.7573e-05 -6.6543e-05 -6.5508e-05 -6.4468e-05 -6.3425e-05 -6.2379e-05 -6.1331e-05 -6.0281e-05 -5.9231e-05 -5.8181e-05 -5.7132e-05 -5.6084e-05 -5.5040e-05 -5.4000e-05 -5.2964e-05 -5.1933e-05 -5.0909e-05 -4.9892e-05 -4.8884e-05 -4.7885e-05 -4.6896e-05 -4.5918e-05 -4.4954e-05 -4.4002e-05 -4.3065e-05 -4.2144e-05 -4.1239e-05 -4.0352e-05 -3.9484e-05 -3.8636e-05 -3.7810e-05 -3.7006e-05 -3.6226e-05 -3.5470e-05 -3.4741e-05 -3.4039e-05 -3.3366e-05 
+0000.00050 -4.2740e-05 -4.2398e-05 -4.2046e-05 -4.1684e-05 -4.1311e-05 -4.0928e-05 -4.0535e-05 -4.0133e-05 -3.9722e-05 -3.9302e-05 -3.8873e-05 -3.8436e-05 -3.7991e-05 -3.7538e-05 -3.7078e-05 -3.6611e-05 -3.6137e-05 -3.5656e-05 -3.5170e-05 -3.4678e-05 -3.4181e-05 -3.3679e-05 -3.3172e-05 -3.2661e-05 -3.2146e-05 -3.1628e-05 -3.1108e-05 -3.0584e-05 -3.0059e-05 -2.9532e-05 -2.9003e-05 -2.8474e-05 -2.7945e-05 -2.7416e-05 -2.6887e-05 -2.6360e-05 -2.5834e-05 -2.5310e-05 -2.4789e-05 -2.4271e-05 -2.3756e-05 -2.3246e-05 -2.2741e-05 -2.2240e-05 -2.1746e-05 -2.1257e-05 -2.0776e-05 -2.0302e-05 -1.9836e-05 -1.9379e-05 -1.8931e-05 -1.8493e-05 -1.8065e-05 -1.7648e-05 -1.7243e-05 -1.6850e-05 -1.6470e-05 -1.6104e-05 -1.5752e-05 -1.5415e-05 -1.5093e-05 
+0000.00000 +1.3726e-07 +1.1645e-07 +9.7854e-08 +8.1332e-08 +6.6728e-08 +5.3900e-08 +4.2710e-08 +3.3026e-08 +2.4721e-08 +1.7672e-08 +1.1763e-08 +6.8828e-09 +2.9251e-09 -2.1100e-10 -2.6209e-09 -4.3952e-09 -5.6182e-09 -6.3712e-09 -6.7262e-09 -6.7552e-09 -6.5202e-09 -6.0812e-09 -5.4912e-09 -4.7972e-09 -4.0442e-09 -3.2682e-09 -2.5022e-09 -1.7731e-09 -1.1029e-09 -5.0810e-10 +0.0000e+00 +4.1540e-10 +7.3730e-10 +9.7030e-10 +1.1241e-09 +1.2138e-09 +1.2596e-09 +1.2872e-09 +1.3274e-09 +1.4163e-09 +1.5952e-09 +1.9109e-09 +2.4153e-09 +3.1655e-09 +4.2240e-09 +5.6585e-09 +7.5420e-09 +9.9527e-09 +1.2974e-08 +1.6695e-08 +2.1210e-08 +2.6618e-08 +3.3023e-08 +4.0535e-08 +4.9270e-08 +5.9348e-08 +7.0894e-08 +8.4040e-08 +9.8922e-08 +1.1568e-07 +1.3446e-07 
-0000.00050 +4.3014e-05 +4.2630e-05 +4.2239e-05 +4.1843e-05 +4.1440e-05 +4.1031e-05 +4.0615e-05 +4.0194e-05 +3.9766e-05 +3.9332e-05 +3.8891e-05 +3.8444e-05 +3.7992e-05 +3.7533e-05 +3.7068e-05 +3.6598e-05 +3.6122e-05 +3.5640e-05 +3.5154e-05 +3.4662e-05 +3.4166e-05 +3.3665e-05 +3.3160e-05 +3.2651e-05 +3.2138e-05 +3.1622e-05 +3.1103e-05 +3.0581e-05 +3.0057e-05 +2.9531e-05 +2.9004e-05 +2.8476e-05 +2.7947e-05 +2.7418e-05 +2.6890e-05 +2.6362e-05 +2.5836e-05 +2.5312e-05 +2.4791e-05 +2.4273e-05 +2.3758e-05 +2.3248e-05 +2.2743e-05 +2.2244e-05 +2.1751e-05 +2.1265e-05 +2.0787e-05 +2.0318e-05 +1.9858e-05 +1.9407e-05 +1.8968e-05 +1.8541e-05 +1.8126e-05 +1.7724e-05 +1.7336e-05 +1.6964e-05 +1.6608e-05 +1.6268e-05 +1.5947e-05 +1.5644e-05 +1.5361e-05 
-0000.00100 +8.9467e-05 +8.8684e-05 +8.7889e-05 +8.7082e-05 +8.6263e-05 +8.5432e-05 +8.4589e-05 +8.3734e-05 +8.2867e-05 +8.1989e-05 +8.1098e-05 +8.0197e-05 +7.9284e-05 +7.8360e-05 +7.7426e-05 +7.6481e-05 +7.5526e-05 +7.4561e-05 +7.3586e-05 +7.2603e-05 +7.1611e-05 +7.0611e-05 +6.9603e-05 +6.8588e-05 +6.7567e-05 +6.6540e-05 +6.5507e-05 +6.4470e-05 +6.3429e-05 +6.2384e-05 +6.1337e-05 +6.0288e-05 +5.9238e-05 +5.8188e-05 +5.7139e-05 +5.6091e-05 +5.5046e-05 +5.4004e-05 +5.2967e-05 +5.1935e-05 +5.0909e-05 +4.9891e-05 +4.8882e-05 +4.7883e-05 +4.6895e-05 +4.5918e-05 +4.4955e-05 +4.4007e-05 +4.3075e-05 +4.2160e-05 +4.1263e-05 +4.0387e-05 +3.9531e-05 +3.8699e-05 +3.7891e-05 +3.7108e-05 +3.6353e-05 +3.5626e-05 +3.4930e-05 +3.4266e-05 +3.3635e-05 
-0000.00150 +1.4346e-04 +1.4224e-04 +1.4100e-04 +1.3975e-04 +1.3849e-04 +1.3720e-04 +1.3590e-04 +1.3459e-04 +1.3326e-04 +1.3191e-04 +1.3055e-04 +1.2918e-04 +1.2779e-04 +1.2639e-04 +1.2497e-04 +1.2354e-04 +1.2209e-04 +1.2064e-04 +1.1917e-04 +1.1769e-04 +1.1620e-04 +1.1470e-04 +1.1319e-04 +1.1167e-04 +1.1014e-04 +1.0861e-04 +1.0707e-04 +1.0552e-04 +1.0397e-04 +1.0241e-04 +1.0086e-04 +9.9291e-05 +9.7730e-05 +9.6168e-05 +9.4608e-05 +9.3050e-05 +9.1494e-05 +8.9944e-05 +8.8399e-05 +8.6860e-05 +8.5330e-05 +8.3809e-05 +8.2299e-05 +8.0801e-05 +7.9317e-05 +7.7848e-05 +7.6395e-05 +7.4960e-05 +7.3544e-05 +7.2149e-05 +7.0778e-05 +6.9430e-05 +6.8108e-05 +6.6814e-05 +6.5550e-05 +6.4317e-05 +6.3116e-05 +6.1951e-05 +6.0822e-05 +5.9732e-05 +5.8683e-05 
-0000.00200 +2.1007e-04 +2.0842e-04 +2.0674e-04 +2.0503e-04 +2.0330e-04 +2.0155e-04 +1.9978e-04 +1.9799e-04 +1.9618e-04 +1.9435e-04 +1.9250e-04 +1.9063e-04 +1.8874e-04 +1.8684e-04 +1.8492e-04 +1.8299e-04 +1.8104e-04 +1.7908e-04 +1.7710e-04 +1.7512e-04 +1.7312e-04 +1.7111e-04 +1.6910e-04 +1.6707e-04 +1.6504e-04 +1.6300e-04 +1.6096e-04 +1.5891e-04 +1.5686e-04 +1.5480e-04 +1.5275e-04 +1.5069e-04 +1.4863e-04 +1.4658e-04 +1.4453e-04 +1.4248e-04 +1.4043e-04 +1.3840e-04 +1.3637e-04 +1.3435e-04 +1.3233e-04 +1.3033e-04 +1.2834e-04 +1.2637e-04 +1.2440e-04 +1.2246e-04 +1.2053e-04 +1.1862e-04 +1.1672e-04 +1.1485e-04 +1.1300e-04 +1.1118e-04 +1.0938e-04 +1.0760e-04 +1.0586e-04 +1.0414e-04 +1.0245e-04 +1.0080e-04 +9.9171e-05 +9.7584e-05 +9.6034e-05 
# Horizontal Final Position [m]
START
            -0000.01000 -0000.00967 -0000.00933 -0000.00900 -0000.00867 -0000.00833 -0000.00800 -0000.00767 -0000.00733 -0000.00700 -0000.00667 -0000.00633 -0000.00600 -0000.00567 -0000.00533 -0000.00500 -0000.00467 -0000.00433 -0000.00400 -0000.00367 -0000.00333 -0000.00300 -0000.00267 -0000.00233 -0000.00200 -0000.00167 -0000.00133 -0000.00100 -0000.00067 -0000.00033 +0000.00000 +0000.00033 +0000.00067 +0000.00100 +0000.00133 +0000.00167 +0000.00200 +0000.00233 +0000.00267 +0000.00300 +0000.00333 +0000.00367 +0000.00400 +0000.00433 +0000.00467 +0000.00500 +0000.00533 +0000.00567 +0000.00600 +0000.00633 +0000.00667 +0000.00700 +0000.00733 +0000.00767 +0000.00800 +0000.00833 +0000.00867 +0000.00900 +0000.00933 +0000.00967 +0000.01000 
+0000.00200 -1.0000e-02 -9.6670e-03 -9.3338e-03 -9.0005e-03 -8.6672e-03 -8.3339e-03 -8.0006e-03 -7.6673e-03 -7.3340e-03 -7.0007e-03 -6.6674e-03 -6.3341e-03 -6.0008e-03 -5.6675e-03 -5.3342e-03 -5.0009e-03 -4.6676e-03 -4.3343e-03 -4.0010e-03 -3.6676e-03 -3.3343e-03 -3.0010e-03 -2.6677e-03 -2.3344e-03 -2.0010e-03 -1.6677e-03 -1.3344e-03 -1.0011e-03 -6.6773e-04 -3.3439e-04 -1.0624e-06 +3.3227e-04 +6.6561e-04 +9.9894e-04 +1.3323e-03 +1.6656e-03 +1.9990e-03 +2.3323e-03 +2.6656e-03 +2.9990e-03 +3.3323e-03 +3.6657e-03 +3.9990e-03 +4.3324e-03 +4.6657e-03 +4.9991e-03 +5.3324e-03 +5.6658e-03 +5.9991e-03 +6.3325e-03 +6.6659e-03 +6.9992e-03 +7.3326e-03 +7.6660e-03 +7.9993e-03 +8.3327e-03 +8.6661e-03 +8.9995e-03 +9.3329e-03 +9.6662e-03 +9.9996e-03 
+0000.00150 -1.0000e-02 -9.6670e-03 -9.3337e-03 -9.0004e-03 -8.6671e-03 -8.3338e-03 -8.0006e-03 -7.6673e-03 -7.3340e-03 -7.0007e-03 -6.6674e-03 -6.3341e-03 -6.0008e-03 -5.6675e-03 -5.3342e-03 -5.0009e-03 -4.6676e-03 -4.3342e-03 -4.0009e-03 -3.6676e-03 -3.3343e-03 -3.0010e-03 -2.6677e-03 -2.3344e-03 -2.0010e-03 -1.6677e-03 -1.3344e-03 -1.0011e-03 -6.6773e-04 -3.3440e-04 -1.0634e-06 +3.3227e-04 +6.6561e-04 +9.9894e-04 +1.3323e-03 +1.6656e-03 +1.9990e-03 +2.3323e-03 +2.6656e-03 +2.9990e-03 +3.3323e-03 +3.6657e-03 +3.9990e-03 +4.3324e-03 +4.6658e-03 +4.9991e-03 +5.3325e-03 +5.6658e-03 +5.9992e-03 +6.3326e-03 +6.6659e-03 +6.9993e-03 +7.3327e-03 +7.6660e-03 +7.9994e-03 +8.3328e-03 +8.6662e-03 +8.9995e-03 +9.3329e-03 +9.6663e-03 +9.9997e-03 
+0000.00100 -1.0000e-02 -9.6670e-03 -9.3337e-03 -9.0004e-03 -8.6671e-03 -8.3338e-03 -8.0006e-03 -7.6673e-03 -7.3340e-03 -7.0007e-03 -6.6674e-03 -6.3341e-03 -6.0008e-03 -5.6675e-03 -5.3342e-03 -5.0009e-03 -4.6676e-03 -4.3342e-03 -4.0009e-03 -3.6676e-03 -3.3343e-03 -3.0010e-03 -2.6677e-03 -2.3344e-03 -2.0010e-03 -1.6677e-03 -1.3344e-03 -1.0011e-03 -6.6773e-04 -3.3440e-04 -1.0632e-06 +3.3227e-04 +6.6561e-04 +9.9894e-04 +1.3323e-03 +1.6656e-03 +1.9990e-03 +2.3323e-03 +2.6656e-03 +2.9990e-03 +3.3323e-03 +3.6657e-03 +3.9990e-03 +4.3324e-03 +4.6658e-03 +4.9991e-03 +5.3325e-03 +5.6658e-03 +5.9992e-03 +6.3326e-03 +6.6659e-03 +6.9993e-03 +7.3327e-03 +7.6660e-03 +7.9994e-03 +8.3328e-03 +8.6662e-03 +8.9995e-03 +9.3329e-03 +9.6663e-03 +9.9997e-03 
+0000.00050 -1.0000e-02 -9.6670e-03 -9.3337e-03 -9.0004e-03 -8.6671e-03 -8.3338e-03 -8.0005e-03 -7.6673e-03 -7.3340e-03 -7.0007e-03 -6.6674e-03 -6.3341e-03 -6.0008e-03 -5.6675e-03 -5.3342e-03 -5.0009e-03 -4.6675e-03 -4.3342e-03 -4.0009e-03 -3.6676e-03 -3.3343e-03 -3.0010e-03 -2.6677e-03 -2.3343e-03 -2.0010e-03 -1.6677e-03 -1.3344e-03 -1.0010e-03 -6.6771e-04 -3.3438e-04 -1.0472e-06 +3.3229e-04 +6.6562e-04 +9.9896e-04 +1.3323e-03 +1.6656e-03 +1.9990e-03 +2.3323e-03 +2.6657e-03 +2.9990e-03 +3.3324e-03 +3.6657e-03 +3.9991e-03 +4.3324e-03 +4.6658e-03 +4.9991e-03 +5.3325e-03 +5.6658e-03 +5.9992e-03 +6.3326e-03 +6.6659e-03 +6.9993e-03 +7.3327e-03 +7.6660e-03 +7.9994e-03 +8.3328e-03 +8.6662e-03 +8.9995e-03 +9.3329e-03 +9.6663e-03 +9.9997e-03 
+0000.00000 -1.0000e-02 -9.6670e-03 -9.3337e-03 -9.0004e-03 -8.6671e-03 -8.3338e-03 -8.0005e-03 -7.6673e-03 -7.3340e-03 -7.0007e-03 -6.6674e-03 -6.3341e-03 -6.0008e-03 -5.6675e-03 -5.3342e-03 -5.0009e-03 -4.6675e-03 -4.3342e-03 -4.0009e-03 -3.6676e-03 -3.3343e-03 -3.0010e-03 -2.6677e-03 -2.3343e-03 -2.0010e-03 -1.6677e-03 -1.3344e-03 -1.0010e-03 -6.6771e-04 -3.3438e-04 -1.0457e-06 +3.3229e-04 +6.6562e-04 +9.9896e-04 +1.3323e-03 +1.6656e-03 +1.9990e-03 +2.3323e-03 +2.6657e-03 +2.9990e-03 +3.3324e-03 +3.6657e-03 +3.9991e-03 +4.3324e-03 +4.6658e-03 +4.9991e-03 +5.3325e-03 +5.6658e-03 +5.9992e-03 +6.3326e-03 +6.6659e-03 +6.9993e-03 +7.3327e-03 +7.6660e-03 +7.9994e-03 +8.3328e-03 +8.6662e-03 +8.9995e-03 +9.3329e-03 +9.6663e-03 +9.9997e-03 
-0000.00050 -1.0000e-02 -9.6670e-03 -9.3337e-03 -9.0004e-03 -8.6671e-03 -8.3338e-03 -8.0005e-03 -7.6673e-03 -7.3340e-03 -7.0007e-03 -6.6674e-03 -6.3341e-03 -6.0008e-03 -5.6675e-03 -5.3342e-03 -5.0009e-03 -4.6675e-03 -4.3342e-03 -4.0009e-03 -3.6676e-03 -3.3343e-03 -3.0010e-03 -2.6677e-03 -2.3343e-03 -2.0010e-03 -1.6677e-03 -1.3344e-03 -1.0010e-03 -6.6771e-04 -3.3438e-04 -1.0472e-06 +3.3229e-04 +6.6562e-04 +9.9896e-04 +1.3323e-03 +1.6656e-03 +1.9990e-03 +2.3323e-03 +2.6657e-03 +2.9990e-03 +3.3324e-03 +3.6657e-03 +3.9991e-03 +4.3324e-03 +4.6658e-03 +4.9991e-03 +5.3325e-03 +5.6658e-03 +5.9992e-03 +6.3326e-03 +6.6659e-03 +6.9993e-03 +7.3327e-03 +7.6660e-03 +7.9994e-03 +8.3328e-03 +8.6662e-03 +8.9995e-03 +9.3329e-03 +9.6663e-03 +9.9997e-03 
-0000.00100 -1.0000e-02 -9.6670e-03 -9.3337e-03 -9.0004e-03 -8.6671e-03 -8.3338e-03 -8.0006e-03 -7.6673e-03 -7.3340e-03 -7.0007e-03 -6.6674e-03 -6.3341e-03 -6.0008e-03 -5.6675e-03 -5.3342e-03 -5.0009e-03 -4.6676e-03 -4.3342e-03 -4.0009e-03 -3.6676e-03 -3.3343e-03 -3.0010e-03 -2.6677e-03 -2.3344e-03 -2.0010e-03 -1.6677e-03 -1.3344e-03 -1.0011e-03 -6.6773e-04 -3.3440e-04 -1.0632e-06 +3.3227e-04 +6.6561e-04 +9.9894e-04 +1.3323e-03 +1.6656e-03 +1.9990e-03 +2.3323e-03 +2.6656e-03 +2.9990e-03 +3.3323e-03 +3.6657e-03 +3.9990e-03 +4.3324e-03 +4.6658e-03 +4.9991e-03 +5.3325e-03 +5.6658e-03 +5.9992e-03 +6.3326e-03 +6.6659e-03 +6.9993e-03 +7.3327e-03 +7.6660e-03 +7.9994e-03 +8.3328e-03 +8.6662e-03 +8.9995e-03 +9.3329e-03 +9.6663e-03 +9.9997e-03 
-0000.00150 -1.0000e-02 -9.6670e-03 -9.3337e-03 -9.0004e-03 -8.6671e-03 -8.3338e-03 -8.0006e-03 -7.6673e-03 -7.3340e-03 -7.0007e-03 -6.6674e-03 -6.3341e-03 -6.0008e-03 -5.6675e-03 -5.3342e-03 -5.0009e-03 -4.6676e-03 -4.3342e-03 -4.0009e-03 -3.6676e-03 -3.3343e-03 -3.0010e-03 -2.6677e-03 -2.3344e-03 -2.0010e-03 -1.6677e-03 -1.3344e-03 -1.0011e-03 -6.6773e-04 -3.3440e-04 -1.0634e-06 +3.3227e-04 +6.6561e-04 +9.9894e-04 +1.3323e-03 +1.6656e-03 +1.9990e-03 +2.3323e-03 +2.6656e-03 +2.9990e-03 +3.3323e-03 +3.6657e-03 +3.9990e-03 +4.3324e-03 +4.6658e-03 +4.9991e-03 +5.3325e-03 +5.6658e-03 +5.9992e-03 +6.3326e-03 +6.6659e-03 +6.9993e-03 +7.3327e-03 +7.6660e-03 +7.9994e-03 +8.3328e-03 +8.6662e-03 +8.9995e-03 +9.3329e-03 +9.6663e-03 +9.9997e-03 
-0000.00200 -1.0000e-02 -9.6670e-03 -9.3338e-03 -9.0005e-03 -8.6672e-03 -8.3339e-03 -8.0006e-03 -7.6673e-03 -7.3340e-03 -7.0007e-03 -6.6674e-03 -6.3341e-03 -6.0008e-03 -5.6675e-03 -5.3342e-03 -5.0009e-03 -4.6676e-03 -4.3343e-03 -4.0010e-03 -3.6676e-03 -3.3343e-03 -3.0010e-03 -2.6677e-03 -2.3344e-03 -2.0010e-03 -1.6677e-03 -1.3344e-03 -1.0011e-03 -6.6773e-04 -3.3439e-04 -1.0624e-06 +3.3227e-04 +6.6561e-04 +9.9894e-04 +1.3323e-03 +1.6656e-03 +1.9990e-03 +2.3323e-03 +2.6656e-03 +2.9990e-03 +3.3323e-03 +3.6657e-03 +3.9990e-03 +4.3324e-03 +4.6657e-03 +4.9991e-03 +5.3324e-03 +5.6658e-03 +5.9991e-03 +6.3325e-03 +6.6659e-03 +6.9992e-03 +7.3326e-03 +7.6660e-03 +7.9993e-03 +8.3327e-03 +8.6661e-03 +8.9995e-03 +9.3329e-03 +9.6662e-03 +9.9996e-03 
# Vertical Final Position [m]
START
            -0000.01000 -0000.00967 -0000.00933 -0000.00900 -0000.00867 -0000.00833 -0000.00800 -0000.00767 -0000.00733 -0000.00700 -0000.00667 -0000.00633 -0000.00600 -0000.00567 -0000.00533 -0000.00500 -0000.00467 -0000.00433 -0000.00400 -0000.00367 -0000.00333 -0000.00300 -0000.00267 -0000.00233 -0000.00200 -0000.00167 -0000.00133 -0000.00100 -0000.00067 -0000.00033 +0000.00000 +0000.00033 +0000.00067 +0000.00100 +0000.00133 +0000.00167 +0000.00200 +0000.00233 +0000.00267 +0000.00300 +0000.00333 +0000.00367 +0000.00400 +0000.00433 +0000.00467 +0000.00500 +0000.00533 +0000.00567 +0000.00600 +0000.00633 +0000.00667 +0000.00700 +0000.00733 +0000.00767 +0000.00800 +0000.00833 +0000.00867 +0000.00900 +0000.00933 +0000.00967 +0000.01000 
+0000.00200 +2.0001e-03 +2.0001e-03 +2.0001e-03 +2.0001e-03 +2.0001e-03 +2.0001e-03 +2.0001e-03 +2.0001e-03 +2.0000e-03 +2.0000e-03 +2.0000e-03 +2.0000e-03 +2.0000e-03 +2.0000e-03 +2.0000e-03 +2.0000e-03 +2.0000e-03 +2.0000e-03 +1.9999e-03 +1.9999e-03 +1.9999e-03 +1.9999e-03 +1.9999e-03 +1.9999e-03 +1.9999e-03 +1.9999e-03 +1.9999e-03 +1.9999e-03 +1.9999e-03 +1.9999e-03 +1.9998e-03 +1.9998e-03 +1.9998e-03 +1.9998e-03 +1.9998e-03 +1.9998e-03 +1.9998e-03 +1.9998e-03 +1.9998e-03 +1.9998e-03 +1.9998e-03 +1.9998e-03 +1.9997e-03 +1.9997e-03 +1.9997e-03 +1.9997e-03 +1.9997e-03 +1.9997e-03 +1.9997e-03 +1.9997e-03 +1.9997e-03 +1.9997e-03 +1.9997e-03 +1.9996e-03 +1.9996e-03 +1.9996e-03 +1.9996e-03 +1.9996e-03 +1.9996e-03 +1.9996e-03 +1.9996e-03 
+0000.00150 +1.5001e-03 +1.5001e-03 +1.5001e-03 +1.5001e-03 +1.5001e-03 +1.5001e-03 +1.5001e-03 +1.5001e-03 +1.5001e-03 +1.5000e-03 +1.5000e-03 +1.5000e-03 +1.5000e-03 +1.5000e-03 +1.5000e-03 +1.5000e-03 +1.5000e-03 +1.5000e-03 +1.5000e-03 +1.5000e-03 +1.5000e-03 +1.5000e-03 +1.4999e-03 +1.4999e-03 +1.4999e-03 +1.4999e-03 +1.4999e-03 +1.4999e-03 +1.4999e-03 +1.4999e-03 +1.4999e-03 +1.4999e-03 +1.4999e-03 +1.4999e-03 +1.4999e-03 +1.4999e-03 +1.4999e-03 +1.4999e-03 +1.4999e-03 +1.4998e-03 +1.4998e-03 +1.4998e-03 +1.4998e-03 +1.4998e-03 +1.4998e-03 +1.4998e-03 +1.4998e-03 +1.4998e-03 +1.4998e-03 +1.4998e-03 +1.4998e-03 +1.4998e-03 +1.4997e-03 +1.4997e-03 +1.4997e-03 +1.4997e-03 +1.4997e-03 +1.4997e-03 +1.4997e-03 +1.4997e-03 +1.4997e-03 
+0000.00100 +1.0001e-03 +1.0001e-03 +1.0001e-03 +1.0001e-03 +1.0000e-03 +1.0000e-03 +1.0000e-03 +1.0000e-03 +1.0000e-03 +1.0000e-03 +1.0000e-03 +1.0000e-03 +1.0000e-03 +1.0000e-03 +1.0000e-03 +1.0000e-03 +9.9999e-04 +9.9999e-04 +9.9998e-04 +9.9998e-04 +9.9998e-04 +9.9997e-04 +9.9997e-04 +9.9997e-04 +9.9996e-04 +9.9996e-04 +9.9995e-04 +9.9995e-04 +9.9995e-04 +9.9994e-04 +9.9994e-04 +9.9993e-04 +9.9993e-04 +9.9993e-04 +9.9992e-04 +9.9992e-04 +9.9991e-04 +9.9991e-04 +9.9991e-04 +9.9990e-04 +9.9990e-04 +9.9989e-04 +9.9989e-04 +9.9988e-04 +9.9988e-04 +9.9987e-04 +9.9987e-04 +9.9986e-04 +9.9986e-04 +9.9985e-04 +9.9985e-04 +9.9984e-04 +9.9984e-04 +9.9983e-04 +9.9983e-04 +9.9982e-04 +9.9982e-04 +9.9981e-04 +9.9981e-04 +9.9980e-04 +9.9980e-04 
+0000.00050 +5.0004e-04 +5.0004e-04 +5.0004e-04 +5.0004e-04 +5.0003e-04 +5.0003e-04 +5.0003e-04 +5.0003e-04 +5.0002e-04 +5.0002e-04 +5.0002e-04 +5.0002e-04 +5.0001e-04 +5.0001e-04 +5.0001e-04 +5.0001e-04 +5.0000e-04 +5.0000e-04 +5.0000e-04 +5.0000e-04 +4.9999e-04 +4.9999e-04 +4.9999e-04 +4.9999e-04 +4.9998e-04 +4.9998e-04 +4.9998e-04 +4.9998e-04 +4.9998e-04 +4.9997e-04 +4.9997e-04 +4.9997e-04 +4.9997e-04 +4.9996e-04 +4.9996e-04 +4.9996e-04 +4.9996e-04 +4.9996e-04 +4.9995e-04 +4.9995e-04 +4.9995e-04 +4.9995e-04 +4.9994e-04 +4.9994e-04 +4.9994e-04 +4.9994e-04 +4.9994e-04 +4.9993e-04 +4.9993e-04 +4.9993e-04 +4.9993e-04 +4.9992e-04 +4.9992e-04 +4.9992e-04 +4.9992e-04 +4.9991e-04 +4.9991e-04 +4.9991e-04 +4.9991e-04 +4.9990e-04 +4.9990e-04 
+0000.00000 +1.6067e-10 +1.3591e-10 +1.1353e-10 +9.3377e-11 +7.5298e-11 +5.9147e-11 +4.4782e-11 +3.2067e-11 +2.0873e-11 +1.1074e-11 +2.5503e-12 -4.8116e-12 -1.1120e-11 -1.6479e-11 -2.0986e-11 -2.4733e-11 -2.7806e-11 -3.0287e-11 -3.2253e-11 -3.3773e-11 -3.4912e-11 -3.5729e-11 -3.6280e-11 -3.6613e-11 -3.6770e-11 -3.6789e-11 -3.6703e-11 -3.6539e-11 -3.6318e-11 -3.6055e-11 -3.5761e-11 -3.5442e-11 -3.5097e-11 -3.4719e-11 -3.4299e-11 -3.3818e-11 -3.3254e-11 -3.2581e-11 -3.1764e-11 -3.0765e-11 -2.9540e-11 -2.8040e-11 -2.6210e-11 -2.3989e-11 -2.1311e-11 -1.8105e-11 -1.4295e-11 -9.7981e-12 -4.5265e-12 +1.6126e-12 +8.7179e-12 +1.6893e-11 +2.6248e-11 +3.6898e-11 +4.8962e-11 +6.2567e-11 +7.7844e-11 +9.4930e-11 +1.1397e-10 +1.3510e-10 +1.5849e-10 
-0000.00050 -5.0004e-04 -5.0004e-04 -5.0004e-04 -5.0004e-04 -5.0003e-04 -5.0003e-04 -5.0003e-04 -5.0003e-04 -5.0002e-04 -5.0002e-04 -5.0002e-04 -5.0002e-04 -5.0001e-04 -5.0001e-04 -5.0001e-04 -5.0001e-04 -5.0000e-04 -5.0000e-04 -5.0000e-04 -5.0000e-04 -4.9999e-04 -4.9999e-04 -4.9999e-04 -4.9999e-04 -4.9998e-04 -4.9998e-04 -4.9998e-04 -4.9998e-04 -4.9998e-04 -4.9997e-04 -4.9997e-04 -4.9997e-04 -4.9997e-04 -4.9996e-04 -4.9996e-04 -4.9996e-04 -4.9996e-04 -4.9996e-04 -4.9995e-04 -4.9995e-04 -4.9995e-04 -4.9995e-04 -4.9994e-04 -4.9994e-04 -4.9994e-04 -4.9994e-04 -4.9994e-04 -4.9993e-04 -4.9993e-04 -4.9993e-04 -4.9993e-04 -4.9992e-04 -4.9992e-04 -4.9992e-04 -4.9992e-04 -4.9991e-04 -4.9991e-04 -4.9991e-04 -4.9991e-04 -4.9990e-04 -4.9990e-04 
-0000.00100 -1.0001e-03 -1.0001e-03 -1.0001e-03 -1.0001e-03 -1.0000e-03 -1.0000e-03 -1.0000e-03 -1.0000e-03 -1.0000e-03 -1.0000e-03 -1.0000e-03 -1.0000e-03 -1.0000e-03 -1.0000e-03 -1.0000e-03 -1.0000e-03 -9.9999e-04 -9.9999e-04 -9.9998e-04 -9.9998e-04 -9.9998e-04 -9.9997e-04 -9.9997e-04 -9.9996e-04 -9.9996e-04 -9.9996e-04 -9.9995e-04 -9.9995e-04 -9.9995e-04 -9.9994e-04 -9.9994e-04 -9.9993e-04 -9.9993e-04 -9.9993e-04 -9.9992e-04 -9.9992e-04 -9.9991e-04 -9.9991e-04 -9.9991e-04 -9.9990e-04 -9.9990e-04 -9.9989e-04 -9.9989e-04 -9.9988e-04 -9.9988e-04 -9.9987e-04 -9.9987e-04 -9.9986e-04 -9.9986e-04 -9.9985e-04 -9.9985e-04 -9.9984e-04 -9.9984e-04 -9.9983e-04 -9.9983e-04 -9.9982e-04 -9.9982e-04 -9.9981e-04 -9.9981e-04 -9.9980e-04 -9.9979e-04 
-0000.00150 -1.5001e-03 -1.5001e-03 -1.5001e-03 -1.5001e-03 -1.5001e-03 -1.5001e-03 -1.5001e-03 -1.5001e-03 -1.5001e-03 -1.5000e-03 -1.5000e-03 -1.5000e-03 -1.5000e-03 -1.5000e-03 -1.5000e-03 -1.5000e-03 -1.5000e-03 -1.5000e-03 -1.5000e-03 -1.5000e-03 -1.5000e-03 -1.5000e-03 -1.4999e-03 -1.4999e-03 -1.4999e-03 -1.4999e-03 -1.4999e-03 -1.4999e-03 -1.4999e-03 -1.4999e-03 -1.4999e-03 -1.4999e-03 -1.4999e-03 -1.4999e-03 -1.4999e-03 -1.4999e-03 -1.4999e-03 -1.4999e-03 -1.4999e-03 -1.4998e-03 -1.4998e-03 -1.4998e-03 -1.4998e-03 -1.4998e-03 -1.4998e-03 -1.4998e-03 -1.4998e-03 -1.4998e-03 -1.4998e-03 -1.4998e-03 -1.4998e-03 -1.4998e-03 -1.4997e-03 -1.4997e-03 -1.4997e-03 -1.4997e-03 -1.4997e-03 -1.4997e-03 -1.4997e-03 -1.4997e-03 -1.4997e-03 
-0000.00200 -2.0001e-03 -2.0001e-03 -2.0001e-03 -2.0001e-03 -2.0001e-03 -2.0001e-03 -2.0001e-03 -2.0001e-03 -2.0000e-03 -2.0000e-03 -2.0000e-03 -2.0000e-03 -2.0000e-03 -2.0000e-03 -2.0000e-03 -2.0000e-03 -2.0000e-03 -2.0000e-03 -1.9999e-03 -1.9999e-03 -1.9999e-03 -1.9999e-03 -1.9999e-03 -1.9999e-03 -1.9999e-03 -1.9999e-03 -1.9999e-03 -1.9999e-03 -1.9999e-03 -1.9999e-03 -1.9998e-03 -1.9998e-03 -1.9998e-03 -1.9998e-03 -1.9998e-03 -1.9998e-03 -1.9998e-03 -1.9998e-03 -1.9998e-03 -1.9998e-03 -1.9998e-03 -1.9998e-03 -1.9997e-03 -1.9997e-03 -1.9997e-03 -1.9997e-03 -1.9997e-03 -1.9997e-03 -1.9997e-03 -1.9997e-03 -1.9997e-03 -1.9997e-03 -1.9997e-03 -1.9996e-03 -1.9996e-03 -1.9996e-03 -1.9996e-03 -1.9996e-03 -1.9996e-03 -1.9996e-03 -1.9996e-03 