# Author: FAC idanalysis.IDKickMap
# Termination_kicks [T2m2]: +0.0000e+00 +0.0000e+00 +0.0000e+00 +0.0000e+00 
# Total Length of Longitudinal Interval [m]
0.13
# Number of Horizontal Points
61
# Number of Vertical Points
9
# Total Horizontal 2nd Order Kick [T2m2]
START
            -0000.01000 -0000.00967 -0000.00933 -0000.00900 -0000.00867 -0000.00833 -0000.00800 -0000.00767 -0000.00733 -0000.00700 -0000.00667 -0000.00633 -0000.00600 -0000.00567 -0000.00533 -0000.00500 -0000.00467 -0000.00433 -0000.00400 -0000.00367 -0000.00333 -0000.00300 -0000.00267 -0000.00233 -0000.00200 -0000.00167 -0000.00133 -0000.00100 -0000.00067 -0000.00033 +0000.00000 +0000.00033 +0000.00067 +0000.00100 +0000.00133 +0000.00167 +0000.00200 +0000.00233 +0000.00267 +0000.00300 +0000.00333 +0000.00367 +0000.00400 +0000.00433 +0000.00467 +0000.00500 +0000.00533 +0000.00567 +0000.00600 +0000.00633 +0000.00667 +0000.00700 +0000.00733 +0000.00767 +0000.00800 +0000.00833 +0000.00867 +0000.00900 +0000.00933 +0000.00967 +0000.01000 
+0000.00200 -7.4790e-05 -7.5360e-05 -7.5820e-05 -7.6180e-05 -7.6450e-05 -7.6640e-05 -7.6760e-05 -7.6820e-05 -7.6820e-05 -7.6780e-05 -7.6690e-05 -7.6570e-05 -7.6420e-05 -7.6250e-05 -7.6060e-05 -7.5860e-05 -7.5650e-05 -7.5450e-05 -7.5240e-05 -7.5040e-05 -7.4860e-05 -7.4680e-05 -7.4520e-05 -7.4380e-05 -7.4260e-05 -7.4160e-05 -7.4090e-05 -7.4040e-05 -7.4010e-05 -7.4010e-05 -7.4030e-05 -7.4080e-05 -7.4150e-05 -7.4250e-05 -7.4360e-05 -7.4500e-05 -7.4650e-05 -7.4820e-05 -7.5000e-05 -7.5180e-05 -7.5370e-05 -7.5570e-05 -7.5750e-05 -7.5930e-05 -7.6090e-05 -7.6240e-05 -7.6360e-05 -7.6450e-05 -7.6500e-05 -7.6500e-05 -7.6450e-05 -7.6350e-05 -7.6170e-05 -7.5920e-05 -7.5590e-05 -7.5160e-05 -7.4620e-05 -7.3980e-05 -7.3210e-05 -7.2300e-05 -7.1250e-05 
+0000.00150 +1.8000e-07 -2.6000e-07 -6.3000e-07 -9.2000e-07 -1.1500e-06 -1.3200e-06 -1.4400e-06 -1.5200e-06 -1.5500e-06 -1.5500e-06 -1.5200e-06 -1.4700e-06 -1.3900e-06 -1.2900e-06 -1.1900e-06 -1.0700e-06 -9.5000e-07 -8.3000e-07 -7.1000e-07 -5.9000e-07 -4.7000e-07 -3.7000e-07 -2.7000e-07 -1.9000e-07 -1.2000e-07 -6.0000e-08 -2.0000e-08 +0.0000e+00 +1.0000e-08 +0.0000e+00 -3.0000e-08 -7.0000e-08 -1.3000e-07 -2.1000e-07 -2.9000e-07 -3.9000e-07 -5.1000e-07 -6.3000e-07 -7.6000e-07 -8.9000e-07 -1.0200e-06 -1.1600e-06 -1.2900e-06 -1.4200e-06 -1.5300e-06 -1.6300e-06 -1.7100e-06 -1.7700e-06 -1.8000e-06 -1.8000e-06 -1.7600e-06 -1.6800e-06 -1.5500e-06 -1.3700e-06 -1.1200e-06 -8.1000e-07 -4.3000e-07 +4.0000e-08 +5.9000e-07 +1.2300e-06 +1.9800e-06 
+0000.00100 +3.6000e-07 +0.0000e+00 -3.0000e-07 -5.4000e-07 -7.3000e-07 -8.8000e-07 -9.8000e-07 -1.0400e-06 -1.0800e-06 -1.0800e-06 -1.0600e-06 -1.0200e-06 -9.6000e-07 -8.9000e-07 -8.0000e-07 -7.1000e-07 -6.2000e-07 -5.2000e-07 -4.3000e-07 -3.3000e-07 -2.4000e-07 -1.6000e-07 -8.0000e-08 -2.0000e-08 +4.0000e-08 +8.0000e-08 +1.1000e-07 +1.3000e-07 +1.4000e-07 +1.3000e-07 +1.1000e-07 +8.0000e-08 +3.0000e-08 -2.0000e-08 -9.0000e-08 -1.7000e-07 -2.6000e-07 -3.5000e-07 -4.5000e-07 -5.6000e-07 -6.6000e-07 -7.7000e-07 -8.7000e-07 -9.7000e-07 -1.0600e-06 -1.1300e-06 -1.2000e-06 -1.2400e-06 -1.2600e-06 -1.2600e-06 -1.2200e-06 -1.1500e-06 -1.0500e-06 -8.9000e-07 -6.9000e-07 -4.4000e-07 -1.3000e-07 +2.5000e-07 +6.9000e-07 +1.2100e-06 +1.8200e-06 
+0000.00050 +2.7000e-07 -4.0000e-08 -3.0000e-07 -5.0000e-07 -6.7000e-07 -7.9000e-07 -8.8000e-07 -9.4000e-07 -9.7000e-07 -9.7000e-07 -9.6000e-07 -9.2000e-07 -8.7000e-07 -8.1000e-07 -7.4000e-07 -6.7000e-07 -5.9000e-07 -5.1000e-07 -4.3000e-07 -3.5000e-07 -2.7000e-07 -2.0000e-07 -1.4000e-07 -8.0000e-08 -4.0000e-08 +0.0000e+00 +3.0000e-08 +5.0000e-08 +5.0000e-08 +4.0000e-08 +3.0000e-08 +0.0000e+00 -4.0000e-08 -9.0000e-08 -1.5000e-07 -2.1000e-07 -2.9000e-07 -3.7000e-07 -4.5000e-07 -5.4000e-07 -6.3000e-07 -7.1000e-07 -8.0000e-07 -8.8000e-07 -9.5000e-07 -1.0200e-06 -1.0700e-06 -1.1000e-06 -1.1200e-06 -1.1100e-06 -1.0800e-06 -1.0100e-06 -9.2000e-07 -7.9000e-07 -6.1000e-07 -3.9000e-07 -1.2000e-07 +2.0000e-07 +5.9000e-07 +1.0400e-06 +1.5600e-06 
+0000.00000 +2.4000e-07 -5.0000e-08 -2.9000e-07 -4.9000e-07 -6.4000e-07 -7.6000e-07 -8.5000e-07 -9.0000e-07 -9.3000e-07 -9.3000e-07 -9.2000e-07 -8.9000e-07 -8.4000e-07 -7.9000e-07 -7.2000e-07 -6.5000e-07 -5.8000e-07 -5.0000e-07 -4.3000e-07 -3.5000e-07 -2.8000e-07 -2.2000e-07 -1.6000e-07 -1.1000e-07 -6.0000e-08 -3.0000e-08 +0.0000e+00 +1.0000e-08 +2.0000e-08 +1.0000e-08 +0.0000e+00 -3.0000e-08 -7.0000e-08 -1.1000e-07 -1.7000e-07 -2.3000e-07 -3.0000e-07 -3.7000e-07 -4.5000e-07 -5.3000e-07 -6.1000e-07 -7.0000e-07 -7.8000e-07 -8.5000e-07 -9.2000e-07 -9.8000e-07 -1.0200e-06 -1.0500e-06 -1.0700e-06 -1.0600e-06 -1.0300e-06 -9.7000e-07 -8.7000e-07 -7.5000e-07 -5.8000e-07 -3.7000e-07 -1.2000e-07 +1.9000e-07 +5.6000e-07 +9.8000e-07 +1.4800e-06 
-0000.00050 +2.7000e-07 -4.0000e-08 -2.9000e-07 -5.0000e-07 -6.7000e-07 -7.9000e-07 -8.8000e-07 -9.4000e-07 -9.7000e-07 -9.7000e-07 -9.6000e-07 -9.2000e-07 -8.7000e-07 -8.1000e-07 -7.5000e-07 -6.7000e-07 -5.9000e-07 -5.1000e-07 -4.3000e-07 -3.5000e-07 -2.7000e-07 -2.0000e-07 -1.4000e-07 -8.0000e-08 -4.0000e-08 +0.0000e+00 +3.0000e-08 +4.0000e-08 +5.0000e-08 +4.0000e-08 +3.0000e-08 +0.0000e+00 -4.0000e-08 -9.0000e-08 -1.5000e-07 -2.1000e-07 -2.9000e-07 -3.6000e-07 -4.5000e-07 -5.4000e-07 -6.3000e-07 -7.1000e-07 -8.0000e-07 -8.8000e-07 -9.5000e-07 -1.0200e-06 -1.0700e-06 -1.1000e-06 -1.1100e-06 -1.1100e-06 -1.0800e-06 -1.0100e-06 -9.2000e-07 -7.9000e-07 -6.1000e-07 -3.9000e-07 -1.2000e-07 +2.0000e-07 +5.9000e-07 +1.0400e-06 +1.5600e-06 
-0000.00100 +3.6000e-07 +0.0000e+00 -3.0000e-07 -5.4000e-07 -7.3000e-07 -8.8000e-07 -9.8000e-07 -1.0500e-06 -1.0800e-06 -1.0800e-06 -1.0600e-06 -1.0200e-06 -9.6000e-07 -8.9000e-07 -8.0000e-07 -7.1000e-07 -6.2000e-07 -5.2000e-07 -4.3000e-07 -3.3000e-07 -2.4000e-07 -1.6000e-07 -8.0000e-08 -2.0000e-08 +4.0000e-08 +8.0000e-08 +1.2000e-07 +1.4000e-07 +1.4000e-07 +1.3000e-07 +1.1000e-07 +8.0000e-08 +4.0000e-08 -2.0000e-08 -9.0000e-08 -1.7000e-07 -2.6000e-07 -3.5000e-07 -4.5000e-07 -5.6000e-07 -6.6000e-07 -7.7000e-07 -8.7000e-07 -9.7000e-07 -1.0600e-06 -1.1300e-06 -1.1900e-06 -1.2400e-06 -1.2600e-06 -1.2600e-06 -1.2200e-06 -1.1500e-06 -1.0400e-06 -8.9000e-07 -6.9000e-07 -4.4000e-07 -1.3000e-07 +2.5000e-07 +6.9000e-07 +1.2100e-06 +1.8200e-06 
-0000.00150 +1.8000e-07 -2.6000e-07 -6.3000e-07 -9.2000e-07 -1.1500e-06 -1.3200e-06 -1.4400e-06 -1.5200e-06 -1.5500e-06 -1.5500e-06 -1.5200e-06 -1.4700e-06 -1.3900e-06 -1.2900e-06 -1.1900e-06 -1.0700e-06 -9.5000e-07 -8.3000e-07 -7.0000e-07 -5.9000e-07 -4.7000e-07 -3.7000e-07 -2.7000e-07 -1.9000e-07 -1.2000e-07 -6.0000e-08 -2.0000e-08 +0.0000e+00 +1.0000e-08 +0.0000e+00 -3.0000e-08 -7.0000e-08 -1.3000e-07 -2.0000e-07 -2.9000e-07 -3.9000e-07 -5.0000e-07 -6.2000e-07 -7.5000e-07 -8.9000e-07 -1.0200e-06 -1.1600e-06 -1.2900e-06 -1.4100e-06 -1.5300e-06 -1.6300e-06 -1.7100e-06 -1.7700e-06 -1.8000e-06 -1.8000e-06 -1.7600e-06 -1.6800e-06 -1.5500e-06 -1.3700e-06 -1.1200e-06 -8.1000e-07 -4.3000e-07 +3.0000e-08 +5.9000e-07 +1.2300e-06 +1.9800e-06 
-0000.00200 -7.4790e-05 -7.5350e-05 -7.5810e-05 -7.6180e-05 -7.6450e-05 -7.6640e-05 -7.6760e-05 -7.6820e-05 -7.6820e-05 -7.6780e-05 -7.6690e-05 -7.6570e-05 -7.6420e-05 -7.6250e-05 -7.6060e-05 -7.5860e-05 -7.5650e-05 -7.5450e-05 -7.5240e-05 -7.5040e-05 -7.4860e-05 -7.4680e-05 -7.4520e-05 -7.4380e-05 -7.4260e-05 -7.4160e-05 -7.4080e-05 -7.4030e-05 -7.4010e-05 -7.4010e-05 -7.4030e-05 -7.4080e-05 -7.4150e-05 -7.4250e-05 -7.4360e-05 -7.4500e-05 -7.4650e-05 -7.4820e-05 -7.5000e-05 -7.5180e-05 -7.5370e-05 -7.5560e-05 -7.5750e-05 -7.5930e-05 -7.6090e-05 -7.6240e-05 -7.6360e-05 -7.6450e-05 -7.6500e-05 -7.6500e-05 -7.6450e-05 -7.6350e-05 -7.6170e-05 -7.5920e-05 -7.5590e-05 -7.5160e-05 -7.4620e-05 -7.3980e-05 -7.3210e-05 -7.2300e-05 -7.1260e-05 
# Total Vertical 2nd Order Kick [T2m2]
START
            -0000.01000 -0000.00967 -0000.00933 -0000.00900 -0000.00867 -0000.00833 -0000.00800 -0000.00767 -0000.00733 -0000.00700 -0000.00667 -0000.00633 -0000.00600 -0000.00567 -0000.00533 -0000.00500 -0000.00467 -0000.00433 -0000.00400 -0000.00367 -0000.00333 -0000.00300 -0000.00267 -0000.00233 -0000.00200 -0000.00167 -0000.00133 -0000.00100 -0000.00067 -0000.00033 +0000.00000 +0000.00033 +0000.00067 +0000.00100 +0000.00133 +0000.00167 +0000.00200 +0000.00233 +0000.00267 +0000.00300 +0000.00333 +0000.00367 +0000.00400 +0000.00433 +0000.00467 +0000.00500 +0000.00533 +0000.00567 +0000.00600 +0000.00633 +0000.00667 +0000.00700 +0000.00733 +0000.00767 +0000.00800 +0000.00833 +0000.00867 +0000.00900 +0000.00933 +0000.00967 +0000.01000 
+0000.00200 -2.2390e-04 -2.2380e-04 -2.2372e-04 -2.2367e-04 -2.2364e-04 -2.2363e-04 -2.2364e-04 -2.2366e-04 -2.2370e-04 -2.2375e-04 -2.2382e-04 -2.2389e-04 -2.2397e-04 -2.2405e-04 -2.2415e-04 -2.2424e-04 -2.2434e-04 -2.2444e-04 -2.2455e-04 -2.2465e-04 -2.2475e-04 -2.2485e-04 -2.2494e-04 -2.2503e-04 -2.2512e-04 -2.2520e-04 -2.2528e-04 -2.2536e-04 -2.2543e-04 -2.2549e-04 -2.2554e-04 -2.2559e-04 -2.2564e-04 -2.2568e-04 -2.2571e-04 -2.2574e-04 -2.2576e-04 -2.2578e-04 -2.2579e-04 -2.2581e-04 -2.2581e-04 -2.2582e-04 -2.2582e-04 -2.2583e-04 -2.2583e-04 -2.2583e-04 -2.2584e-04 -2.2585e-04 -2.2587e-04 -2.2589e-04 -2.2592e-04 -2.2596e-04 -2.2601e-04 -2.2607e-04 -2.2615e-04 -2.2624e-04 -2.2635e-04 -2.2648e-04 -2.2663e-04 -2.2680e-04 -2.2700e-04 
+0000.00150 -1.4628e-04 -1.4620e-04 -1.4613e-04 -1.4609e-04 -1.4605e-04 -1.4603e-04 -1.4603e-04 -1.4603e-04 -1.4604e-04 -1.4606e-04 -1.4609e-04 -1.4613e-04 -1.4617e-04 -1.4621e-04 -1.4626e-04 -1.4631e-04 -1.4636e-04 -1.4641e-04 -1.4647e-04 -1.4652e-04 -1.4657e-04 -1.4662e-04 -1.4667e-04 -1.4672e-04 -1.4677e-04 -1.4681e-04 -1.4685e-04 -1.4689e-04 -1.4692e-04 -1.4695e-04 -1.4698e-04 -1.4700e-04 -1.4702e-04 -1.4703e-04 -1.4704e-04 -1.4705e-04 -1.4706e-04 -1.4706e-04 -1.4706e-04 -1.4706e-04 -1.4705e-04 -1.4705e-04 -1.4704e-04 -1.4704e-04 -1.4703e-04 -1.4703e-04 -1.4703e-04 -1.4703e-04 -1.4704e-04 -1.4705e-04 -1.4706e-04 -1.4708e-04 -1.4711e-04 -1.4715e-04 -1.4720e-04 -1.4726e-04 -1.4733e-04 -1.4741e-04 -1.4751e-04 -1.4762e-04 -1.4775e-04 
+0000.00100 -8.8530e-05 -8.8470e-05 -8.8423e-05 -8.8387e-05 -8.8361e-05 -8.8345e-05 -8.8338e-05 -8.8338e-05 -8.8344e-05 -8.8357e-05 -8.8375e-05 -8.8397e-05 -8.8423e-05 -8.8452e-05 -8.8484e-05 -8.8517e-05 -8.8552e-05 -8.8588e-05 -8.8624e-05 -8.8659e-05 -8.8695e-05 -8.8729e-05 -8.8762e-05 -8.8794e-05 -8.8824e-05 -8.8852e-05 -8.8877e-05 -8.8901e-05 -8.8921e-05 -8.8940e-05 -8.8955e-05 -8.8968e-05 -8.8978e-05 -8.8986e-05 -8.8992e-05 -8.8995e-05 -8.8996e-05 -8.8995e-05 -8.8992e-05 -8.8988e-05 -8.8983e-05 -8.8977e-05 -8.8971e-05 -8.8964e-05 -8.8959e-05 -8.8954e-05 -8.8951e-05 -8.8950e-05 -8.8952e-05 -8.8957e-05 -8.8967e-05 -8.8981e-05 -8.9000e-05 -8.9026e-05 -8.9059e-05 -8.9100e-05 -8.9150e-05 -8.9209e-05 -8.9280e-05 -8.9362e-05 -8.9457e-05 
+0000.00050 -4.1773e-05 -4.1741e-05 -4.1716e-05 -4.1697e-05 -4.1683e-05 -4.1674e-05 -4.1670e-05 -4.1669e-05 -4.1672e-05 -4.1678e-05 -4.1687e-05 -4.1698e-05 -4.1711e-05 -4.1725e-05 -4.1741e-05 -4.1758e-05 -4.1775e-05 -4.1793e-05 -4.1811e-05 -4.1829e-05 -4.1847e-05 -4.1864e-05 -4.1881e-05 -4.1897e-05 -4.1912e-05 -4.1925e-05 -4.1938e-05 -4.1950e-05 -4.1960e-05 -4.1968e-05 -4.1976e-05 -4.1982e-05 -4.1987e-05 -4.1990e-05 -4.1992e-05 -4.1993e-05 -4.1993e-05 -4.1992e-05 -4.1990e-05 -4.1987e-05 -4.1984e-05 -4.1981e-05 -4.1977e-05 -4.1973e-05 -4.1969e-05 -4.1966e-05 -4.1964e-05 -4.1963e-05 -4.1963e-05 -4.1966e-05 -4.1970e-05 -4.1977e-05 -4.1986e-05 -4.1999e-05 -4.2015e-05 -4.2036e-05 -4.2061e-05 -4.2092e-05 -4.2128e-05 -4.2170e-05 -4.2219e-05 
+0000.00000 +2.2680e-09 +2.0500e-09 +1.8500e-09 +1.6660e-09 +1.4980e-09 +1.3440e-09 +1.2040e-09 +1.0760e-09 +9.6000e-10 +8.5400e-10 +7.5900e-10 +6.7200e-10 +5.9400e-10 +5.2400e-10 +4.6100e-10 +4.0400e-10 +3.5200e-10 +3.0600e-10 +2.6500e-10 +2.2800e-10 +1.9500e-10 +1.6500e-10 +1.3800e-10 +1.1400e-10 +9.2000e-11 +7.2000e-11 +5.5000e-11 +3.9000e-11 +2.4000e-11 +1.1000e-11 +0.0000e+00 -1.1000e-11 -1.9000e-11 -2.6000e-11 -3.2000e-11 -3.6000e-11 -3.8000e-11 -3.8000e-11 -3.6000e-11 -3.1000e-11 -2.4000e-11 -1.3000e-11 +2.0000e-12 +2.0000e-11 +4.4000e-11 +7.2000e-11 +1.0600e-10 +1.4600e-10 +1.9300e-10 +2.4700e-10 +3.1000e-10 +3.8100e-10 +4.6200e-10 +5.5400e-10 +6.5700e-10 +7.7200e-10 +9.0000e-10 +1.0430e-09 +1.2000e-09 +1.3740e-09 +1.5650e-09 
-0000.00050 +4.1778e-05 +4.1746e-05 +4.1721e-05 +4.1701e-05 +4.1687e-05 +4.1678e-05 +4.1673e-05 +4.1672e-05 +4.1675e-05 +4.1681e-05 +4.1689e-05 +4.1700e-05 +4.1713e-05 +4.1727e-05 +4.1743e-05 +4.1759e-05 +4.1777e-05 +4.1795e-05 +4.1812e-05 +4.1830e-05 +4.1848e-05 +4.1865e-05 +4.1882e-05 +4.1898e-05 +4.1912e-05 +4.1926e-05 +4.1939e-05 +4.1950e-05 +4.1960e-05 +4.1969e-05 +4.1977e-05 +4.1983e-05 +4.1987e-05 +4.1991e-05 +4.1993e-05 +4.1994e-05 +4.1994e-05 +4.1993e-05 +4.1991e-05 +4.1988e-05 +4.1985e-05 +4.1981e-05 +4.1977e-05 +4.1974e-05 +4.1970e-05 +4.1967e-05 +4.1965e-05 +4.1964e-05 +4.1965e-05 +4.1967e-05 +4.1971e-05 +4.1978e-05 +4.1988e-05 +4.2001e-05 +4.2018e-05 +4.2038e-05 +4.2064e-05 +4.2095e-05 +4.2131e-05 +4.2174e-05 +4.2223e-05 
-0000.00100 +8.8535e-05 +8.8475e-05 +8.8427e-05 +8.8391e-05 +8.8365e-05 +8.8349e-05 +8.8341e-05 +8.8340e-05 +8.8347e-05 +8.8359e-05 +8.8377e-05 +8.8399e-05 +8.8425e-05 +8.8454e-05 +8.8486e-05 +8.8519e-05 +8.8554e-05 +8.8589e-05 +8.8625e-05 +8.8661e-05 +8.8696e-05 +8.8731e-05 +8.8764e-05 +8.8795e-05 +8.8825e-05 +8.8853e-05 +8.8878e-05 +8.8902e-05 +8.8922e-05 +8.8941e-05 +8.8956e-05 +8.8969e-05 +8.8979e-05 +8.8987e-05 +8.8992e-05 +8.8995e-05 +8.8996e-05 +8.8995e-05 +8.8993e-05 +8.8989e-05 +8.8983e-05 +8.8977e-05 +8.8971e-05 +8.8965e-05 +8.8959e-05 +8.8955e-05 +8.8952e-05 +8.8951e-05 +8.8953e-05 +8.8958e-05 +8.8967e-05 +8.8981e-05 +8.9001e-05 +8.9027e-05 +8.9060e-05 +8.9101e-05 +8.9152e-05 +8.9211e-05 +8.9282e-05 +8.9365e-05 +8.9460e-05 
-0000.00150 +1.4628e-04 +1.4620e-04 +1.4614e-04 +1.4609e-04 +1.4606e-04 +1.4604e-04 +1.4603e-04 +1.4604e-04 +1.4605e-04 +1.4607e-04 +1.4610e-04 +1.4613e-04 +1.4617e-04 +1.4621e-04 +1.4626e-04 +1.4631e-04 +1.4636e-04 +1.4642e-04 +1.4647e-04 +1.4652e-04 +1.4658e-04 +1.4663e-04 +1.4668e-04 +1.4673e-04 +1.4677e-04 +1.4681e-04 +1.4685e-04 +1.4689e-04 +1.4692e-04 +1.4695e-04 +1.4698e-04 +1.4700e-04 +1.4702e-04 +1.4703e-04 +1.4704e-04 +1.4705e-04 +1.4706e-04 +1.4706e-04 +1.4706e-04 +1.4706e-04 +1.4706e-04 +1.4705e-04 +1.4705e-04 +1.4704e-04 +1.4704e-04 +1.4704e-04 +1.4703e-04 +1.4704e-04 +1.4704e-04 +1.4705e-04 +1.4707e-04 +1.4709e-04 +1.4712e-04 +1.4716e-04 +1.4721e-04 +1.4726e-04 +1.4734e-04 +1.4742e-04 +1.4752e-04 +1.4763e-04 +1.4776e-04 
-0000.00200 +2.2391e-04 +2.2381e-04 +2.2373e-04 +2.2368e-04 +2.2365e-04 +2.2364e-04 +2.2364e-04 +2.2367e-04 +2.2371e-04 +2.2376e-04 +2.2382e-04 +2.2389e-04 +2.2397e-04 +2.2406e-04 +2.2415e-04 +2.2425e-04 +2.2435e-04 +2.2445e-04 +2.2455e-04 +2.2465e-04 +2.2475e-04 +2.2485e-04 +2.2495e-04 +2.2504e-04 +2.2513e-04 +2.2521e-04 +2.2529e-04 +2.2536e-04 +2.2543e-04 +2.2549e-04 +2.2555e-04 +2.2560e-04 +2.2565e-04 +2.2568e-04 +2.2572e-04 +2.2575e-04 +2.2577e-04 +2.2579e-04 +2.2580e-04 +2.2581e-04 +2.2582e-04 +2.2582e-04 +2.2583e-04 +2.2583e-04 +2.2584e-04 +2.2584e-04 +2.2585e-04 +2.2586e-04 +2.2588e-04 +2.2590e-04 +2.2593e-04 +2.2597e-04 +2.2602e-04 +2.2608e-04 +2.2615e-04 +2.2625e-04 +2.2636e-04 +2.2648e-04 +2.2663e-04 +2.2681e-04 +2.2701e-04 
# Horizontal Final Position [m]
START
            -0000.01000 -0000.00967 -0000.00933 -0000.00900 -0000.00867 -0000.00833 -0000.00800 -0000.00767 -0000.00733 -0000.00700 -0000.00667 -0000.00633 -0000.00600 -0000.00567 -0000.00533 -0000.00500 -0000.00467 -0000.00433 -0000.00400 -0000.00367 -0000.00333 -0000.00300 -0000.00267 -0000.00233 -0000.00200 -0000.00167 -0000.00133 -0000.00100 -0000.00067 -0000.00033 +0000.00000 +0000.00033 +0000.00067 +0000.00100 +0000.00133 +0000.00167 +0000.00200 +0000.00233 +0000.00267 +0000.00300 +0000.00333 +0000.00367 +0000.00400 +0000.00433 +0000.00467 +0000.00500 +0000.00533 +0000.00567 +0000.00600 +0000.00633 +0000.00667 +0000.00700 +0000.00733 +0000.00767 +0000.00800 +0000.00833 +0000.00867 +0000.00900 +0000.00933 +0000.00967 +0000.01000 
+0000.00200 -9.9993e-03 -9.6661e-03 -9.3328e-03 -8.9995e-03 -8.6662e-03 -8.3328e-03 -7.9995e-03 -7.6662e-03 -7.3329e-03 -6.9996e-03 -6.6663e-03 -6.3329e-03 -5.9996e-03 -5.6663e-03 -5.3330e-03 -4.9996e-03 -4.6663e-03 -4.3330e-03 -3.9997e-03 -3.6663e-03 -3.3330e-03 -2.9997e-03 -2.6663e-03 -2.3330e-03 -1.9997e-03 -1.6663e-03 -1.3330e-03 -9.9966e-04 -6.6633e-04 -3.3300e-04 +3.3481e-07 +3.3367e-04 +6.6700e-04 +1.0003e-03 +1.3337e-03 +1.6670e-03 +2.0003e-03 +2.3337e-03 +2.6670e-03 +3.0003e-03 +3.3337e-03 +3.6670e-03 +4.0003e-03 +4.3337e-03 +4.6670e-03 +5.0003e-03 +5.3337e-03 +5.6670e-03 +6.0004e-03 +6.3337e-03 +6.6671e-03 +7.0004e-03 +7.3338e-03 +7.6672e-03 +8.0005e-03 +8.3339e-03 +8.6673e-03 +9.0006e-03 +9.3340e-03 +9.6674e-03 +1.0001e-02 
+0000.00150 -9.9999e-03 -9.6665e-03 -9.3332e-03 -8.9999e-03 -8.6665e-03 -8.3332e-03 -7.9999e-03 -7.6665e-03 -7.3332e-03 -6.9999e-03 -6.6665e-03 -6.3332e-03 -5.9999e-03 -5.6666e-03 -5.3332e-03 -4.9999e-03 -4.6666e-03 -4.3333e-03 -4.0000e-03 -3.6666e-03 -3.3333e-03 -3.0000e-03 -2.6667e-03 -2.3333e-03 -2.0000e-03 -1.6667e-03 -1.3333e-03 -1.0000e-03 -6.6668e-04 -3.3335e-04 -1.6983e-08 +3.3332e-04 +6.6665e-04 +9.9999e-04 +1.3333e-03 +1.6667e-03 +2.0000e-03 +2.3333e-03 +2.6667e-03 +3.0000e-03 +3.3334e-03 +3.6667e-03 +4.0000e-03 +4.3334e-03 +4.6667e-03 +5.0001e-03 +5.3334e-03 +5.6668e-03 +6.0001e-03 +6.3334e-03 +6.6668e-03 +7.0001e-03 +7.3335e-03 +7.6668e-03 +8.0001e-03 +8.3335e-03 +8.6668e-03 +9.0001e-03 +9.3334e-03 +9.6667e-03 +1.0000e-02 
+0000.00100 -9.9999e-03 -9.6665e-03 -9.3332e-03 -8.9999e-03 -8.6665e-03 -8.3332e-03 -7.9999e-03 -7.6665e-03 -7.3332e-03 -6.9999e-03 -6.6665e-03 -6.3332e-03 -5.9999e-03 -5.6666e-03 -5.3332e-03 -4.9999e-03 -4.6666e-03 -4.3333e-03 -4.0000e-03 -3.6666e-03 -3.3333e-03 -3.0000e-03 -2.6667e-03 -2.3333e-03 -2.0000e-03 -1.6667e-03 -1.3333e-03 -1.0000e-03 -6.6668e-04 -3.3335e-04 -1.7755e-08 +3.3332e-04 +6.6665e-04 +9.9999e-04 +1.3333e-03 +1.6667e-03 +2.0000e-03 +2.3333e-03 +2.6667e-03 +3.0000e-03 +3.3334e-03 +3.6667e-03 +4.0000e-03 +4.3334e-03 +4.6667e-03 +5.0001e-03 +5.3334e-03 +5.6668e-03 +6.0001e-03 +6.3334e-03 +6.6668e-03 +7.0001e-03 +7.3335e-03 +7.6668e-03 +8.0001e-03 +8.3335e-03 +8.6668e-03 +9.0001e-03 +9.3334e-03 +9.6667e-03 +1.0000e-02 
+0000.00050 -9.9999e-03 -9.6665e-03 -9.3332e-03 -8.9999e-03 -8.6665e-03 -8.3332e-03 -7.9999e-03 -7.6665e-03 -7.3332e-03 -6.9999e-03 -6.6665e-03 -6.3332e-03 -5.9999e-03 -5.6666e-03 -5.3333e-03 -4.9999e-03 -4.6666e-03 -4.3333e-03 -4.0000e-03 -3.6666e-03 -3.3333e-03 -3.0000e-03 -2.6667e-03 -2.3333e-03 -2.0000e-03 -1.6667e-03 -1.3333e-03 -1.0000e-03 -6.6668e-04 -3.3335e-04 -1.8107e-08 +3.3332e-04 +6.6665e-04 +9.9999e-04 +1.3333e-03 +1.6667e-03 +2.0000e-03 +2.3333e-03 +2.6667e-03 +3.0000e-03 +3.3334e-03 +3.6667e-03 +4.0000e-03 +4.3334e-03 +4.6667e-03 +5.0001e-03 +5.3334e-03 +5.6668e-03 +6.0001e-03 +6.3334e-03 +6.6668e-03 +7.0001e-03 +7.3335e-03 +7.6668e-03 +8.0001e-03 +8.3335e-03 +8.6668e-03 +9.0001e-03 +9.3334e-03 +9.6667e-03 +1.0000e-02 
+0000.00000 -9.9999e-03 -9.6665e-03 -9.3332e-03 -8.9999e-03 -8.6665e-03 -8.3332e-03 -7.9999e-03 -7.6665e-03 -7.3332e-03 -6.9999e-03 -6.6665e-03 -6.3332e-03 -5.9999e-03 -5.6666e-03 -5.3333e-03 -4.9999e-03 -4.6666e-03 -4.3333e-03 -4.0000e-03 -3.6666e-03 -3.3333e-03 -3.0000e-03 -2.6667e-03 -2.3333e-03 -2.0000e-03 -1.6667e-03 -1.3333e-03 -1.0000e-03 -6.6668e-04 -3.3335e-04 -1.8214e-08 +3.3332e-04 +6.6665e-04 +9.9999e-04 +1.3333e-03 +1.6667e-03 +2.0000e-03 +2.3333e-03 +2.6667e-03 +3.0000e-03 +3.3334e-03 +3.6667e-03 +4.0000e-03 +4.3334e-03 +4.6667e-03 +5.0001e-03 +5.3334e-03 +5.6668e-03 +6.0001e-03 +6.3334e-03 +6.6668e-03 +7.0001e-03 +7.3335e-03 +7.6668e-03 +8.0001e-03 +8.3335e-03 +8.6668e-03 +9.0001e-03 +9.3334e-03 +9.6667e-03 +1.0000e-02 
-0000.00050 -9.9999e-03 -9.6665e-03 -9.3332e-03 -8.9999e-03 -8.6665e-03 -8.3332e-03 -7.9999e-03 -7.6665e-03 -7.3332e-03 -6.9999e-03 -6.6665e-03 -6.3332e-03 -5.9999e-03 -5.6666e-03 -5.3333e-03 -4.9999e-03 -4.6666e-03 -4.3333e-03 -4.0000e-03 -3.6666e-03 -3.3333e-03 -3.0000e-03 -2.6667e-03 -2.3333e-03 -2.0000e-03 -1.6667e-03 -1.3333e-03 -1.0000e-03 -6.6668e-04 -3.3335e-04 -1.8107e-08 +3.3332e-04 +6.6665e-04 +9.9999e-04 +1.3333e-03 +1.6667e-03 +2.0000e-03 +2.3333e-03 +2.6667e-03 +3.0000e-03 +3.3334e-03 +3.6667e-03 +4.0000e-03 +4.3334e-03 +4.6667e-03 +5.0001e-03 +5.3334e-03 +5.6668e-03 +6.0001e-03 +6.3334e-03 +6.6668e-03 +7.0001e-03 +7.3335e-03 +7.6668e-03 +8.0001e-03 +8.3335e-03 +8.6668e-03 +9.0001e-03 +9.3334e-03 +9.6667e-03 +1.0000e-02 
-0000.00100 -9.9999e-03 -9.6665e-03 -9.3332e-03 -8.9999e-03 -8.6665e-03 -8.3332e-03 -7.9999e-03 -7.6665e-03 -7.3332e-03 -6.9999e-03 -6.6665e-03 -6.3332e-03 -5.9999e-03 -5.6666e-03 -5.3332e-03 -4.9999e-03 -4.6666e-03 -4.3333e-03 -4.0000e-03 -3.6666e-03 -3.3333e-03 -3.0000e-03 -2.6667e-03 -2.3333e-03 -2.0000e-03 -1.6667e-03 -1.3333e-03 -1.0000e-03 -6.6668e-04 -3.3335e-04 -1.7755e-08 +3.3332e-04 +6.6665e-04 +9.9999e-04 +1.3333e-03 +1.6667e-03 +2.0000e-03 +2.3333e-03 +2.6667e-03 +3.0000e-03 +3.3334e-03 +3.6667e-03 +4.0000e-03 +4.3334e-03 +4.6667e-03 +5.0001e-03 +5.3334e-03 +5.6668e-03 +6.0001e-03 +6.3334e-03 +6.6668e-03 +7.0001e-03 +7.3335e-03 +7.6668e-03 +8.0001e-03 +8.3335e-03 +8.6668e-03 +9.0001e-03 +9.3334e-03 +9.6667e-03 +1.0000e-02 
-0000.00150 -9.9999e-03 -9.6665e-03 -9.3332e-03 -8.9999e-03 -8.6665e-03 -8.3332e-03 -7.9999e-03 -7.6665e-03 -7.3332e-03 -6.9999e-03 -6.6665e-03 -6.3332e-03 -5.9999e-03 -5.6666e-03 -5.3332e-03 -4.9999e-03 -4.6666e-03 -4.3333e-03 -4.0000e-03 -3.6666e-03 -3.3333e-03 -3.0000e-03 -2.6667e-03 -2.3333e-03 -2.0000e-03 -1.6667e-03 -1.3333e-03 -1.0000e-03 -6.6668e-04 -3.3335e-04 -1.6983e-08 +3.3332e-04 +6.6665e-04 +9.9999e-04 +1.3333e-03 +1.6667e-03 +2.0000e-03 +2.3333e-03 +2.6667e-03 +3.0000e-03 +3.3334e-03 +3.6667e-03 +4.0000e-03 +4.3334e-03 +4.6667e-03 +5.0001e-03 +5.3334e-03 +5.6668e-03 +6.0001e-03 +6.3334e-03 +6.6668e-03 +7.0001e-03 +7.3335e-03 +7.6668e-03 +8.0001e-03 +8.3335e-03 +8.6668e-03 +9.0001e-03 +9.3334e-03 +9.6667e-03 +1.0000e-02 
-0000.00200 -9.9993e-03 -9.6661e-03 -9.3328e-03 -8.9995e-03 -8.6662e-03 -8.3328e-03 -7.9995e-03 -7.6662e-03 -7.3329e-03 -6.9996e-03 -6.6663e-03 -6.3329e-03 -5.9996e-03 -5.6663e-03 -5.3330e-03 -4.9996e-03 -4.6663e-03 -4.3330e-03 -3.9997e-03 -3.6663e-03 -3.3330e-03 -2.9997e-03 -2.6663e-03 -2.3330e-03 -1.9997e-03 -1.6663e-03 -1.3330e-03 -9.9966e-04 -6.6633e-04 -3.3300e-04 +3.3481e-07 +3.3367e-04 +6.6700e-04 +1.0003e-03 +1.3337e-03 +1.6670e-03 +2.0003e-03 +2.3337e-03 +2.6670e-03 +3.0003e-03 +3.3337e-03 +3.6670e-03 +4.0003e-03 +4.3337e-03 +4.6670e-03 +5.0003e-03 +5.3337e-03 +5.6670e-03 +6.0004e-03 +6.3337e-03 +6.6671e-03 +7.0004e-03 +7.3338e-03 +7.6672e-03 +8.0005e-03 +8.3339e-03 +8.6673e-03 +9.0006e-03 +9.3340e-03 +9.6674e-03 +1.0001e-02 
# Vertical Final Position [m]
START
            -0000.01000 -0000.00967 -0000.00933 -0000.00900 -0000.00867 -0000.00833 -0000.00800 -0000.00767 -0000.00733 -0000.00700 -0000.00667 -0000.00633 -0000.00600 -0000.00567 -0000.00533 -0000.00500 -0000.00467 -0000.00433 -0000.00400 -0000.00367 -0000.00333 -0000.00300 -0000.00267 -0000.00233 -0000.00200 -0000.00167 -0000.00133 -0000.00100 -0000.00067 -0000.00033 +0000.00000 +0000.00033 +0000.00067 +0000.00100 +0000.00133 +0000.00167 +0000.00200 +0000.00233 +0000.00267 +0000.00300 +0000.00333 +0000.00367 +0000.00400 +0000.00433 +0000.00467 +0000.00500 +0000.00533 +0000.00567 +0000.00600 +0000.00633 +0000.00667 +0000.00700 +0000.00733 +0000.00767 +0000.00800 +0000.00833 +0000.00867 +0000.00900 +0000.00933 +0000.00967 +0000.01000 
+0000.00200 +1.9999e-03 +1.9999e-03 +1.9999e-03 +1.9999e-03 +1.9999e-03 +1.9999e-03 +1.9999e-03 +1.9998e-03 +1.9998e-03 +1.9998e-03 +1.9998e-03 +1.9998e-03 +1.9998e-03 +1.9998e-03 +1.9998e-03 +1.9998e-03 +1.9998e-03 +1.9998e-03 +1.9998e-03 +1.9998e-03 +1.9998e-03 +1.9998e-03 +1.9998e-03 +1.9998e-03 +1.9998e-03 +1.9998e-03 +1.9998e-03 +1.9998e-03 +1.9998e-03 +1.9998e-03 +1.9998e-03 +1.9998e-03 +1.9998e-03 +1.9998e-03 +1.9998e-03 +1.9998e-03 +1.9998e-03 +1.9997e-03 +1.9997e-03 +1.9997e-03 +1.9997e-03 +1.9997e-03 +1.9997e-03 +1.9997e-03 +1.9997e-03 +1.9997e-03 +1.9997e-03 +1.9997e-03 +1.9997e-03 +1.9997e-03 +1.9997e-03 +1.9997e-03 +1.9997e-03 +1.9997e-03 +1.9997e-03 +1.9997e-03 +1.9997e-03 +1.9997e-03 +1.9997e-03 +1.9997e-03 +1.9997e-03 
+0000.00150 +1.4999e-03 +1.4999e-03 +1.4999e-03 +1.4999e-03 +1.4999e-03 +1.4999e-03 +1.4999e-03 +1.4999e-03 +1.4999e-03 +1.4999e-03 +1.4999e-03 +1.4999e-03 +1.4999e-03 +1.4999e-03 +1.4999e-03 +1.4999e-03 +1.4999e-03 +1.4999e-03 +1.4999e-03 +1.4999e-03 +1.4999e-03 +1.4999e-03 +1.4999e-03 +1.4999e-03 +1.4999e-03 +1.4999e-03 +1.4999e-03 +1.4999e-03 +1.4999e-03 +1.4999e-03 +1.4999e-03 +1.4999e-03 +1.4999e-03 +1.4999e-03 +1.4999e-03 +1.4999e-03 +1.4998e-03 +1.4998e-03 +1.4998e-03 +1.4998e-03 +1.4998e-03 +1.4998e-03 +1.4998e-03 +1.4998e-03 +1.4998e-03 +1.4998e-03 +1.4998e-03 +1.4998e-03 +1.4998e-03 +1.4998e-03 +1.4998e-03 +1.4998e-03 +1.4998e-03 +1.4998e-03 +1.4998e-03 +1.4998e-03 +1.4998e-03 +1.4998e-03 +1.4998e-03 +1.4998e-03 +1.4998e-03 
+0000.00100 +9.9995e-04 +9.9995e-04 +9.9995e-04 +9.9995e-04 +9.9995e-04 +9.9995e-04 +9.9995e-04 +9.9994e-04 +9.9994e-04 +9.9994e-04 +9.9994e-04 +9.9994e-04 +9.9994e-04 +9.9993e-04 +9.9993e-04 +9.9993e-04 +9.9993e-04 +9.9993e-04 +9.9993e-04 +9.9993e-04 +9.9992e-04 +9.9992e-04 +9.9992e-04 +9.9992e-04 +9.9992e-04 +9.9992e-04 +9.9992e-04 +9.9992e-04 +9.9991e-04 +9.9991e-04 +9.9991e-04 +9.9991e-04 +9.9991e-04 +9.9991e-04 +9.9991e-04 +9.9990e-04 +9.9990e-04 +9.9990e-04 +9.9990e-04 +9.9990e-04 +9.9990e-04 +9.9990e-04 +9.9990e-04 +9.9989e-04 +9.9989e-04 +9.9989e-04 +9.9989e-04 +9.9989e-04 +9.9989e-04 +9.9989e-04 +9.9988e-04 +9.9988e-04 +9.9988e-04 +9.9988e-04 +9.9988e-04 +9.9988e-04 +9.9987e-04 +9.9987e-04 +9.9987e-04 +9.9987e-04 +9.9987e-04 
+0000.00050 +4.9998e-04 +4.9998e-04 +4.9998e-04 +4.9998e-04 +4.9998e-04 +4.9998e-04 +4.9998e-04 +4.9998e-04 +4.9997e-04 +4.9997e-04 +4.9997e-04 +4.9997e-04 +4.9997e-04 +4.9997e-04 +4.9997e-04 +4.9997e-04 +4.9997e-04 +4.9997e-04 +4.9997e-04 +4.9997e-04 +4.9997e-04 +4.9996e-04 +4.9996e-04 +4.9996e-04 +4.9996e-04 +4.9996e-04 +4.9996e-04 +4.9996e-04 +4.9996e-04 +4.9996e-04 +4.9996e-04 +4.9996e-04 +4.9996e-04 +4.9996e-04 +4.9996e-04 +4.9996e-04 +4.9995e-04 +4.9995e-04 +4.9995e-04 +4.9995e-04 +4.9995e-04 +4.9995e-04 +4.9995e-04 +4.9995e-04 +4.9995e-04 +4.9995e-04 +4.9995e-04 +4.9995e-04 +4.9995e-04 +4.9995e-04 +4.9995e-04 +4.9994e-04 +4.9994e-04 +4.9994e-04 +4.9994e-04 +4.9994e-04 +4.9994e-04 +4.9994e-04 +4.9994e-04 +4.9994e-04 +4.9994e-04 
+0000.00000 -4.0093e-11 -4.0587e-11 -4.1057e-11 -4.1502e-11 -4.1925e-11 -4.2326e-11 -4.2705e-11 -4.3063e-11 -4.3402e-11 -4.3720e-11 -4.4020e-11 -4.4302e-11 -4.4566e-11 -4.4813e-11 -4.5043e-11 -4.5257e-11 -4.5455e-11 -4.5639e-11 -4.5807e-11 -4.5961e-11 -4.6101e-11 -4.6227e-11 -4.6339e-11 -4.6439e-11 -4.6525e-11 -4.6599e-11 -4.6661e-11 -4.6710e-11 -4.6746e-11 -4.6771e-11 -4.6784e-11 -4.6785e-11 -4.6774e-11 -4.6751e-11 -4.6717e-11 -4.6670e-11 -4.6612e-11 -4.6541e-11 -4.6459e-11 -4.6364e-11 -4.6256e-11 -4.6136e-11 -4.6003e-11 -4.5857e-11 -4.5698e-11 -4.5525e-11 -4.5338e-11 -4.5136e-11 -4.4920e-11 -4.4688e-11 -4.4441e-11 -4.4178e-11 -4.3898e-11 -4.3601e-11 -4.3287e-11 -4.2955e-11 -4.2603e-11 -4.2233e-11 -4.1842e-11 -4.1431e-11 -4.0998e-11 
-0000.00050 -4.9998e-04 -4.9998e-04 -4.9998e-04 -4.9998e-04 -4.9998e-04 -4.9998e-04 -4.9998e-04 -4.9998e-04 -4.9997e-04 -4.9997e-04 -4.9997e-04 -4.9997e-04 -4.9997e-04 -4.9997e-04 -4.9997e-04 -4.9997e-04 -4.9997e-04 -4.9997e-04 -4.9997e-04 -4.9997e-04 -4.9997e-04 -4.9996e-04 -4.9996e-04 -4.9996e-04 -4.9996e-04 -4.9996e-04 -4.9996e-04 -4.9996e-04 -4.9996e-04 -4.9996e-04 -4.9996e-04 -4.9996e-04 -4.9996e-04 -4.9996e-04 -4.9996e-04 -4.9996e-04 -4.9995e-04 -4.9995e-04 -4.9995e-04 -4.9995e-04 -4.9995e-04 -4.9995e-04 -4.9995e-04 -4.9995e-04 -4.9995e-04 -4.9995e-04 -4.9995e-04 -4.9995e-04 -4.9995e-04 -4.9995e-04 -4.9995e-04 -4.9994e-04 -4.9994e-04 -4.9994e-04 -4.9994e-04 -4.9994e-04 -4.9994e-04 -4.9994e-04 -4.9994e-04 -4.9994e-04 -4.9994e-04 
-0000.00100 -9.9995e-04 -9.9995e-04 -9.9995e-04 -9.9995e-04 -9.9995e-04 -9.9995e-04 -9.9995e-04 -9.9994e-04 -9.9994e-04 -9.9994e-04 -9.9994e-04 -9.9994e-04 -9.9994e-04 -9.9993e-04 -9.9993e-04 -9.9993e-04 -9.9993e-04 -9.9993e-04 -9.9993e-04 -9.9993e-04 -9.9992e-04 -9.9992e-04 -9.9992e-04 -9.9992e-04 -9.9992e-04 -9.9992e-04 -9.9992e-04 -9.9992e-04 -9.9991e-04 -9.9991e-04 -9.9991e-04 -9.9991e-04 -9.9991e-04 -9.9991e-04 -9.9991e-04 -9.9990e-04 -9.9990e-04 -9.9990e-04 -9.9990e-04 -9.9990e-04 -9.9990e-04 -9.9990e-04 -9.9990e-04 -9.9989e-04 -9.9989e-04 -9.9989e-04 -9.9989e-04 -9.9989e-04 -9.9989e-04 -9.9989e-04 -9.9988e-04 -9.9988e-04 -9.9988e-04 -9.9988e-04 -9.9988e-04 -9.9988e-04 -9.9987e-04 -9.9987e-04 -9.9987e-04 -9.9987e-04 -9.9987e-04 
-0000.00150 -1.4999e-03 -1.4999e-03 -1.4999e-03 -1.4999e-03 -1.4999e-03 -1.4999e-03 -1.4999e-03 -1.4999e-03 -1.4999e-03 -1.4999e-03 -1.4999e-03 -1.4999e-03 -1.4999e-03 -1.4999e-03 -1.4999e-03 -1.4999e-03 -1.4999e-03 -1.4999e-03 -1.4999e-03 -1.4999e-03 -1.4999e-03 -1.4999e-03 -1.4999e-03 -1.4999e-03 -1.4999e-03 -1.4999e-03 -1.4999e-03 -1.4999e-03 -1.4999e-03 -1.4999e-03 -1.4999e-03 -1.4999e-03 -1.4999e-03 -1.4999e-03 -1.4999e-03 -1.4999e-03 -1.4998e-03 -1.4998e-03 -1.4998e-03 -1.4998e-03 -1.4998e-03 -1.4998e-03 -1.4998e-03 -1.4998e-03 -1.4998e-03 -1.4998e-03 -1.4998e-03 -1.4998e-03 -1.4998e-03 -1.4998e-03 -1.4998e-03 -1.4998e-03 -1.4998e-03 -1.4998e-03 -1.4998e-03 -1.4998e-03 -1.4998e-03 -1.4998e-03 -1.4998e-03 -1.4998e-03 -1.4998e-03 
-0000.00200 -1.9999e-03 -1.9999e-03 -1.9999e-03 -1.9999e-03 -1.9999e-03 -1.9999e-03 -1.9999e-03 -1.9998e-03 -1.9998e-03 -1.9998e-03 -1.9998e-03 -1.9998e-03 -1.9998e-03 -1.9998e-03 -1.9998e-03 -1.9998e-03 -1.9998e-03 -1.9998e-03 -1.9998e-03 -1.9998e-03 -1.9998e-03 -1.9998e-03 -1.9998e-03 -1.9998e-03 -1.9998e-03 -1.9998e-03 -1.9998e-03 -1.9998e-03 -1.9998e-03 -1.9998e-03 -1.9998e-03 -1.9998e-03 -1.9998e-03 -1.9998e-03 -1.9998e-03 -1.9998e-03 -1.9998e-03 -1.9997e-03 -1.9997e-03 -1.9997e-03 -1.9997e-03 -1.9997e-03 -1.9997e-03 -1.9997e-03 -1.9997e-03 -1.9997e-03 -1.9997e-03 -1.9997e-03 -1.9997e-03 -1.9997e-03 -1.9997e-03 -1.9997e-03 -1.9997e-03 -1.9997e-03 -1.9997e-03 -1.9997e-03 -1.9997e-03 -1.9997e-03 -1.9997e-03 -1.9997e-03 -1.9997e-03 