# Author: FAC idanalysis.IDKickMap
# Termination_kicks [T2m2]: +0.0000e+00 +0.0000e+00 +0.0000e+00 +0.0000e+00 
# Total Length of Longitudinal Interval [m]
0.13
# Number of Horizontal Points
61
# Number of Vertical Points
9
# Total Horizontal 2nd Order Kick [T2m2]
START
            -0000.01000 -0000.00967 -0000.00933 -0000.00900 -0000.00867 -0000.00833 -0000.00800 -0000.00767 -0000.00733 -0000.00700 -0000.00667 -0000.00633 -0000.00600 -0000.00567 -0000.00533 -0000.00500 -0000.00467 -0000.00433 -0000.00400 -0000.00367 -0000.00333 -0000.00300 -0000.00267 -0000.00233 -0000.00200 -0000.00167 -0000.00133 -0000.00100 -0000.00067 -0000.00033 +0000.00000 +0000.00033 +0000.00067 +0000.00100 +0000.00133 +0000.00167 +0000.00200 +0000.00233 +0000.00267 +0000.00300 +0000.00333 +0000.00367 +0000.00400 +0000.00433 +0000.00467 +0000.00500 +0000.00533 +0000.00567 +0000.00600 +0000.00633 +0000.00667 +0000.00700 +0000.00733 +0000.00767 +0000.00800 +0000.00833 +0000.00867 +0000.00900 +0000.00933 +0000.00967 +0000.01000 
+0000.00200 -2.7326e-05 -2.5786e-05 -2.4266e-05 -2.2746e-05 -2.1246e-05 -1.9766e-05 -1.8306e-05 -1.6876e-05 -1.5476e-05 -1.4116e-05 -1.2786e-05 -1.1506e-05 -1.0266e-05 -9.0830e-06 -7.9470e-06 -6.8650e-06 -5.8400e-06 -4.8740e-06 -3.9700e-06 -3.1290e-06 -2.3530e-06 -1.6450e-06 -1.0060e-06 -4.3600e-07 +6.2000e-08 +4.8700e-07 +8.3900e-07 +1.1170e-06 +1.3200e-06 +1.4470e-06 +1.4990e-06 +1.4760e-06 +1.3770e-06 +1.2020e-06 +9.5200e-07 +6.2800e-07 +2.3100e-07 -2.4000e-07 -7.8300e-07 -1.3960e-06 -2.0780e-06 -2.8290e-06 -3.6450e-06 -4.5260e-06 -5.4680e-06 -6.4710e-06 -7.5320e-06 -8.6480e-06 -9.8160e-06 -1.1036e-05 -1.2296e-05 -1.3606e-05 -1.4956e-05 -1.6336e-05 -1.7756e-05 -1.9206e-05 -2.0676e-05 -2.2176e-05 -2.3686e-05 -2.5206e-05 -2.6736e-05 
+0000.00150 -2.7296e-05 -2.5816e-05 -2.4346e-05 -2.2886e-05 -2.1426e-05 -1.9986e-05 -1.8576e-05 -1.7176e-05 -1.5816e-05 -1.4486e-05 -1.3196e-05 -1.1936e-05 -1.0726e-05 -9.5660e-06 -8.4520e-06 -7.3900e-06 -6.3830e-06 -5.4340e-06 -4.5450e-06 -3.7170e-06 -2.9540e-06 -2.2570e-06 -1.6270e-06 -1.0660e-06 -5.7500e-07 -1.5600e-07 +1.9100e-07 +4.6500e-07 +6.6500e-07 +7.9100e-07 +8.4200e-07 +8.1900e-07 +7.2100e-07 +5.4800e-07 +3.0200e-07 -1.8000e-08 -4.1000e-07 -8.7400e-07 -1.4090e-06 -2.0130e-06 -2.6860e-06 -3.4240e-06 -4.2280e-06 -5.0940e-06 -6.0210e-06 -7.0070e-06 -8.0480e-06 -9.1430e-06 -1.0286e-05 -1.1486e-05 -1.2716e-05 -1.3996e-05 -1.5316e-05 -1.6666e-05 -1.8046e-05 -1.9456e-05 -2.0886e-05 -2.2336e-05 -2.3796e-05 -2.5266e-05 -2.6746e-05 
+0000.00100 -2.7276e-05 -2.5836e-05 -2.4406e-05 -2.2976e-05 -2.1556e-05 -2.0146e-05 -1.8756e-05 -1.7396e-05 -1.6056e-05 -1.4746e-05 -1.3476e-05 -1.2246e-05 -1.1056e-05 -9.9060e-06 -8.8080e-06 -7.7610e-06 -6.7670e-06 -5.8300e-06 -4.9520e-06 -4.1350e-06 -3.3800e-06 -2.6910e-06 -2.0680e-06 -1.5130e-06 -1.0280e-06 -6.1300e-07 -2.7000e-07 +1.0000e-09 +1.9900e-07 +3.2300e-07 +3.7400e-07 +3.5100e-07 +2.5300e-07 +8.3000e-08 -1.6100e-07 -4.7800e-07 -8.6600e-07 -1.3260e-06 -1.8550e-06 -2.4530e-06 -3.1180e-06 -3.8480e-06 -4.6420e-06 -5.4980e-06 -6.4140e-06 -7.3860e-06 -8.4140e-06 -9.4930e-06 -1.0626e-05 -1.1796e-05 -1.3016e-05 -1.4276e-05 -1.5566e-05 -1.6896e-05 -1.8246e-05 -1.9626e-05 -2.1026e-05 -2.2446e-05 -2.3866e-05 -2.5306e-05 -2.6736e-05 
+0000.00050 -2.7256e-05 -2.5846e-05 -2.4436e-05 -2.3026e-05 -2.1626e-05 -2.0236e-05 -1.8866e-05 -1.7516e-05 -1.6196e-05 -1.4906e-05 -1.3646e-05 -1.2426e-05 -1.1246e-05 -1.0109e-05 -9.0200e-06 -7.9820e-06 -6.9970e-06 -6.0670e-06 -5.1950e-06 -4.3840e-06 -3.6350e-06 -2.9510e-06 -2.3320e-06 -1.7810e-06 -1.2990e-06 -8.8700e-07 -5.4600e-07 -2.7700e-07 -8.0000e-08 +4.3000e-08 +9.4000e-08 +7.0000e-08 -2.6000e-08 -1.9600e-07 -4.3900e-07 -7.5300e-07 -1.1390e-06 -1.5960e-06 -2.1220e-06 -2.7160e-06 -3.3760e-06 -4.1020e-06 -4.8900e-06 -5.7400e-06 -6.6480e-06 -7.6130e-06 -8.6330e-06 -9.7030e-06 -1.0826e-05 -1.1986e-05 -1.3196e-05 -1.4436e-05 -1.5716e-05 -1.7026e-05 -1.8366e-05 -1.9736e-05 -2.1116e-05 -2.2506e-05 -2.3916e-05 -2.5326e-05 -2.6736e-05 
+0000.00000 -2.7256e-05 -2.5846e-05 -2.4446e-05 -2.3046e-05 -2.1646e-05 -2.0266e-05 -1.8906e-05 -1.7556e-05 -1.6246e-05 -1.4956e-05 -1.3696e-05 -1.2486e-05 -1.1306e-05 -1.0175e-05 -9.0890e-06 -8.0540e-06 -7.0720e-06 -6.1450e-06 -5.2760e-06 -4.4670e-06 -3.7200e-06 -3.0370e-06 -2.4200e-06 -1.8700e-06 -1.3890e-06 -9.7800e-07 -6.3800e-07 -3.7000e-07 -1.7400e-07 -5.0000e-08 +0.0000e+00 -2.3000e-08 -1.2000e-07 -2.8900e-07 -5.3100e-07 -8.4500e-07 -1.2300e-06 -1.6860e-06 -2.2100e-06 -2.8030e-06 -3.4610e-06 -4.1850e-06 -4.9710e-06 -5.8190e-06 -6.7250e-06 -7.6870e-06 -8.7040e-06 -9.7710e-06 -1.0886e-05 -1.2046e-05 -1.3246e-05 -1.4496e-05 -1.5766e-05 -1.7076e-05 -1.8406e-05 -1.9766e-05 -2.1146e-05 -2.2536e-05 -2.3936e-05 -2.5336e-05 -2.6746e-05 
-0000.00050 -2.7256e-05 -2.5846e-05 -2.4426e-05 -2.3026e-05 -2.1626e-05 -2.0236e-05 -1.8866e-05 -1.7516e-05 -1.6196e-05 -1.4896e-05 -1.3646e-05 -1.2416e-05 -1.1236e-05 -1.0105e-05 -9.0160e-06 -7.9780e-06 -6.9930e-06 -6.0640e-06 -5.1930e-06 -4.3820e-06 -3.6330e-06 -2.9490e-06 -2.3310e-06 -1.7800e-06 -1.2980e-06 -8.8600e-07 -5.4600e-07 -2.7700e-07 -8.0000e-08 +4.3000e-08 +9.3000e-08 +7.0000e-08 -2.7000e-08 -1.9700e-07 -4.3900e-07 -7.5400e-07 -1.1400e-06 -1.5970e-06 -2.1230e-06 -2.7170e-06 -3.3770e-06 -4.1020e-06 -4.8910e-06 -5.7410e-06 -6.6490e-06 -7.6140e-06 -8.6340e-06 -9.7040e-06 -1.0826e-05 -1.1986e-05 -1.3196e-05 -1.4436e-05 -1.5716e-05 -1.7036e-05 -1.8376e-05 -1.9736e-05 -2.1116e-05 -2.2516e-05 -2.3926e-05 -2.5336e-05 -2.6746e-05 
-0000.00100 -2.7266e-05 -2.5826e-05 -2.4396e-05 -2.2966e-05 -2.1546e-05 -2.0136e-05 -1.8746e-05 -1.7386e-05 -1.6046e-05 -1.4736e-05 -1.3466e-05 -1.2236e-05 -1.1046e-05 -9.8990e-06 -8.8010e-06 -7.7540e-06 -6.7610e-06 -5.8250e-06 -4.9470e-06 -4.1300e-06 -3.3770e-06 -2.6880e-06 -2.0650e-06 -1.5110e-06 -1.0260e-06 -6.1200e-07 -2.6900e-07 +2.0000e-09 +1.9900e-07 +3.2300e-07 +3.7400e-07 +3.5000e-07 +2.5300e-07 +8.2000e-08 -1.6300e-07 -4.7900e-07 -8.6800e-07 -1.3280e-06 -1.8570e-06 -2.4550e-06 -3.1210e-06 -3.8510e-06 -4.6460e-06 -5.5020e-06 -6.4180e-06 -7.3910e-06 -8.4180e-06 -9.4980e-06 -1.0626e-05 -1.1806e-05 -1.3026e-05 -1.4276e-05 -1.5576e-05 -1.6906e-05 -1.8256e-05 -1.9636e-05 -2.1036e-05 -2.2456e-05 -2.3886e-05 -2.5316e-05 -2.6756e-05 
-0000.00150 -2.7266e-05 -2.5796e-05 -2.4326e-05 -2.2856e-05 -2.1406e-05 -1.9966e-05 -1.8556e-05 -1.7166e-05 -1.5796e-05 -1.4476e-05 -1.3176e-05 -1.1926e-05 -1.0716e-05 -9.5540e-06 -8.4410e-06 -7.3800e-06 -6.3740e-06 -5.4260e-06 -4.5370e-06 -3.7110e-06 -2.9480e-06 -2.2520e-06 -1.6220e-06 -1.0620e-06 -5.7200e-07 -1.5300e-07 +1.9300e-07 +4.6600e-07 +6.6600e-07 +7.9100e-07 +8.4200e-07 +8.1800e-07 +7.1900e-07 +5.4700e-07 +3.0000e-07 -2.0000e-08 -4.1300e-07 -8.7800e-07 -1.4130e-06 -2.0180e-06 -2.6910e-06 -3.4300e-06 -4.2340e-06 -5.1010e-06 -6.0280e-06 -7.0140e-06 -8.0560e-06 -9.1520e-06 -1.0296e-05 -1.1496e-05 -1.2726e-05 -1.4006e-05 -1.5326e-05 -1.6676e-05 -1.8066e-05 -1.9476e-05 -2.0906e-05 -2.2356e-05 -2.3816e-05 -2.5286e-05 -2.6766e-05 
-0000.00200 -2.7286e-05 -2.5756e-05 -2.4226e-05 -2.2716e-05 -2.1216e-05 -1.9736e-05 -1.8286e-05 -1.6856e-05 -1.5456e-05 -1.4096e-05 -1.2776e-05 -1.1496e-05 -1.0256e-05 -9.0710e-06 -7.9360e-06 -6.8550e-06 -5.8310e-06 -4.8660e-06 -3.9630e-06 -3.1230e-06 -2.3480e-06 -1.6400e-06 -1.0010e-06 -4.3300e-07 +6.5000e-08 +4.9000e-07 +8.4100e-07 +1.1180e-06 +1.3200e-06 +1.4480e-06 +1.4990e-06 +1.4750e-06 +1.3750e-06 +1.2000e-06 +9.5000e-07 +6.2500e-07 +2.2700e-07 -2.4400e-07 -7.8700e-07 -1.4010e-06 -2.0850e-06 -2.8360e-06 -3.6530e-06 -4.5340e-06 -5.4780e-06 -6.4820e-06 -7.5430e-06 -8.6600e-06 -9.8300e-06 -1.1046e-05 -1.2316e-05 -1.3626e-05 -1.4976e-05 -1.6356e-05 -1.7776e-05 -1.9226e-05 -2.0706e-05 -2.2196e-05 -2.3716e-05 -2.5236e-05 -2.6766e-05 
# Total Vertical 2nd Order Kick [T2m2]
START
            -0000.01000 -0000.00967 -0000.00933 -0000.00900 -0000.00867 -0000.00833 -0000.00800 -0000.00767 -0000.00733 -0000.00700 -0000.00667 -0000.00633 -0000.00600 -0000.00567 -0000.00533 -0000.00500 -0000.00467 -0000.00433 -0000.00400 -0000.00367 -0000.00333 -0000.00300 -0000.00267 -0000.00233 -0000.00200 -0000.00167 -0000.00133 -0000.00100 -0000.00067 -0000.00033 +0000.00000 +0000.00033 +0000.00067 +0000.00100 +0000.00133 +0000.00167 +0000.00200 +0000.00233 +0000.00267 +0000.00300 +0000.00333 +0000.00367 +0000.00400 +0000.00433 +0000.00467 +0000.00500 +0000.00533 +0000.00567 +0000.00600 +0000.00633 +0000.00667 +0000.00700 +0000.00733 +0000.00767 +0000.00800 +0000.00833 +0000.00867 +0000.00900 +0000.00933 +0000.00967 +0000.01000 
+0000.00200 -9.7036e-06 -9.7554e-06 -9.7721e-06 -9.7553e-06 -9.7061e-06 -9.6259e-06 -9.5160e-06 -9.3777e-06 -9.2124e-06 -9.0214e-06 -8.8058e-06 -8.5670e-06 -8.3063e-06 -8.0249e-06 -7.7240e-06 -7.4049e-06 -7.0689e-06 -6.7170e-06 -6.3507e-06 -5.9710e-06 -5.5791e-06 -5.1763e-06 -4.7637e-06 -4.3425e-06 -3.9138e-06 -3.4788e-06 -3.0386e-06 -2.5944e-06 -2.1472e-06 -1.6983e-06 -1.2486e-06 -7.9936e-07 -3.5158e-07 +9.3645e-08 +5.3524e-07 +9.7215e-07 +1.4033e-06 +1.8277e-06 +2.2443e-06 +2.6521e-06 +3.0499e-06 +3.4370e-06 +3.8122e-06 +4.1745e-06 +4.5230e-06 +4.8567e-06 +5.1747e-06 +5.4759e-06 +5.7595e-06 +6.0246e-06 +6.2701e-06 +6.4951e-06 +6.6988e-06 +6.8803e-06 +7.0387e-06 +7.1730e-06 +7.2825e-06 +7.3662e-06 +7.4233e-06 +7.4530e-06 +7.4544e-06 
+0000.00150 -7.1069e-06 -7.1512e-06 -7.1691e-06 -7.1615e-06 -7.1295e-06 -7.0741e-06 -6.9962e-06 -6.8969e-06 -6.7771e-06 -6.6377e-06 -6.4799e-06 -6.3044e-06 -6.1124e-06 -5.9046e-06 -5.6821e-06 -5.4459e-06 -5.1967e-06 -4.9356e-06 -4.6635e-06 -4.3813e-06 -4.0898e-06 -3.7900e-06 -3.4827e-06 -3.1689e-06 -2.8494e-06 -2.5251e-06 -2.1969e-06 -1.8655e-06 -1.5319e-06 -1.1969e-06 -8.6133e-07 -5.2602e-07 -1.9179e-07 +1.4054e-07 +4.7015e-07 +7.9624e-07 +1.1180e-06 +1.4347e-06 +1.7455e-06 +2.0496e-06 +2.3463e-06 +2.6348e-06 +2.9144e-06 +3.1842e-06 +3.4436e-06 +3.6918e-06 +3.9281e-06 +4.1517e-06 +4.3619e-06 +4.5581e-06 +4.7395e-06 +4.9054e-06 +5.0552e-06 +5.1881e-06 +5.3034e-06 +5.4005e-06 +5.4788e-06 +5.5375e-06 +5.5761e-06 +5.5938e-06 +5.5900e-06 
+0000.00100 -4.6514e-06 -4.6841e-06 -4.6991e-06 -4.6970e-06 -4.6785e-06 -4.6442e-06 -4.5948e-06 -4.5310e-06 -4.4535e-06 -4.3629e-06 -4.2597e-06 -4.1448e-06 -4.0187e-06 -3.8821e-06 -3.7355e-06 -3.5797e-06 -3.4151e-06 -3.2426e-06 -3.0626e-06 -2.8758e-06 -2.6828e-06 -2.4841e-06 -2.2805e-06 -2.0724e-06 -1.8604e-06 -1.6452e-06 -1.4274e-06 -1.2074e-06 -9.8590e-07 -7.6337e-07 -5.4047e-07 -3.1772e-07 -9.5657e-08 +1.2514e-07 +3.4416e-07 +5.6084e-07 +7.7466e-07 +9.8508e-07 +1.1916e-06 +1.3936e-06 +1.5907e-06 +1.7823e-06 +1.9680e-06 +2.1471e-06 +2.3192e-06 +2.4839e-06 +2.6406e-06 +2.7888e-06 +2.9281e-06 +3.0580e-06 +3.1779e-06 +3.2875e-06 +3.3862e-06 +3.4737e-06 +3.5494e-06 +3.6129e-06 +3.6637e-06 +3.7015e-06 +3.7257e-06 +3.7359e-06 +3.7318e-06 
+0000.00050 -2.2864e-06 -2.3049e-06 -2.3144e-06 -2.3152e-06 -2.3077e-06 -2.2923e-06 -2.2692e-06 -2.2388e-06 -2.2014e-06 -2.1574e-06 -2.1071e-06 -2.0508e-06 -1.9889e-06 -1.9216e-06 -1.8493e-06 -1.7722e-06 -1.6908e-06 -1.6053e-06 -1.5161e-06 -1.4234e-06 -1.3275e-06 -1.2287e-06 -1.1275e-06 -1.0239e-06 -9.1840e-07 -8.1123e-07 -7.0269e-07 -5.9305e-07 -4.8261e-07 -3.7166e-07 -2.6047e-07 -1.4932e-07 -3.8497e-08 +7.1730e-08 +1.8109e-07 +2.8930e-07 +3.9611e-07 +5.0125e-07 +6.0445e-07 +7.0545e-07 +8.0400e-07 +8.9983e-07 +9.9270e-07 +1.0824e-06 +1.1685e-06 +1.2510e-06 +1.3295e-06 +1.4038e-06 +1.4736e-06 +1.5388e-06 +1.5991e-06 +1.6542e-06 +1.7039e-06 +1.7480e-06 +1.7863e-06 +1.8185e-06 +1.8444e-06 +1.8639e-06 +1.8766e-06 +1.8824e-06 +1.8810e-06 
+0000.00000 +3.4228e-08 +3.1334e-08 +2.8626e-08 +2.6095e-08 +2.3732e-08 +2.1528e-08 +1.9476e-08 +1.7568e-08 +1.5795e-08 +1.4151e-08 +1.2629e-08 +1.1221e-08 +9.9230e-09 +8.7280e-09 +7.6300e-09 +6.6240e-09 +5.7050e-09 +4.8690e-09 +4.1110e-09 +3.4280e-09 +2.8150e-09 +2.2690e-09 +1.7880e-09 +1.3680e-09 +1.0070e-09 +7.0400e-10 +4.5600e-10 +2.6300e-10 +1.2300e-10 +3.5000e-11 +0.0000e+00 +1.7000e-11 +8.6000e-11 +2.0800e-10 +3.8400e-10 +6.1500e-10 +9.0200e-10 +1.2490e-09 +1.6560e-09 +2.1270e-09 +2.6640e-09 +3.2710e-09 +3.9510e-09 +4.7080e-09 +5.5460e-09 +6.4700e-09 +7.4840e-09 +8.5940e-09 +9.8050e-09 +1.1123e-08 +1.2555e-08 +1.4106e-08 +1.5784e-08 +1.7595e-08 +1.9548e-08 +2.1649e-08 +2.3908e-08 +2.6332e-08 +2.8930e-08 +3.1711e-08 +3.4686e-08 
-0000.00050 +2.3545e-06 +2.3672e-06 +2.3712e-06 +2.3670e-06 +2.3548e-06 +2.3349e-06 +2.3077e-06 +2.2735e-06 +2.2326e-06 +2.1853e-06 +2.1320e-06 +2.0729e-06 +2.0084e-06 +1.9387e-06 +1.8642e-06 +1.7852e-06 +1.7020e-06 +1.6148e-06 +1.5241e-06 +1.4300e-06 +1.3329e-06 +1.2331e-06 +1.1309e-06 +1.0265e-06 +9.2029e-07 +8.1253e-07 +7.0349e-07 +5.9348e-07 +4.8276e-07 +3.7164e-07 +2.6038e-07 +1.4927e-07 +3.8584e-08 -7.1407e-08 -1.8042e-07 -2.8818e-07 -3.9442e-07 -4.9888e-07 -6.0128e-07 -7.0135e-07 -7.9884e-07 -8.9347e-07 -9.8500e-07 -1.0731e-06 -1.1577e-06 -1.2383e-06 -1.3148e-06 -1.3869e-06 -1.4543e-06 -1.5169e-06 -1.5743e-06 -1.6263e-06 -1.6727e-06 -1.7132e-06 -1.7476e-06 -1.7756e-06 -1.7970e-06 -1.8115e-06 -1.8190e-06 -1.8192e-06 -1.8119e-06 
-0000.00100 +4.7185e-06 +4.7454e-06 +4.7550e-06 +4.7478e-06 +4.7245e-06 +4.6858e-06 +4.6324e-06 +4.5648e-06 +4.4838e-06 +4.3899e-06 +4.2838e-06 +4.1661e-06 +4.0374e-06 +3.8985e-06 +3.7498e-06 +3.5920e-06 +3.4257e-06 +3.2515e-06 +3.0701e-06 +2.8820e-06 +2.6878e-06 +2.4881e-06 +2.2835e-06 +2.0746e-06 +1.8620e-06 +1.6462e-06 +1.4279e-06 +1.2075e-06 +9.8574e-07 +7.6308e-07 +5.4011e-07 +3.1738e-07 +9.5460e-08 -1.2512e-07 -3.4381e-07 -5.6006e-07 -7.7333e-07 -9.8310e-07 -1.1888e-06 -1.3900e-06 -1.5861e-06 -1.7765e-06 -1.9608e-06 -2.1385e-06 -2.3091e-06 -2.4719e-06 -2.6267e-06 -2.7727e-06 -2.9096e-06 -3.0369e-06 -3.1540e-06 -3.2606e-06 -3.3560e-06 -3.4399e-06 -3.5117e-06 -3.5710e-06 -3.6173e-06 -3.6502e-06 -3.6692e-06 -3.6738e-06 -3.6637e-06 
-0000.00150 +7.1724e-06 +7.2108e-06 +7.2232e-06 +7.2105e-06 +7.1738e-06 +7.1140e-06 +7.0320e-06 +6.9289e-06 +6.8057e-06 +6.6631e-06 +6.5023e-06 +6.3242e-06 +6.1297e-06 +5.9197e-06 +5.6952e-06 +5.4570e-06 +5.2062e-06 +4.9436e-06 +4.6701e-06 +4.3866e-06 +4.0940e-06 +3.7932e-06 +3.4851e-06 +3.1705e-06 +2.8504e-06 +2.5256e-06 +2.1969e-06 +1.8652e-06 +1.5313e-06 +1.1962e-06 +8.6054e-07 +5.2526e-07 +1.9115e-07 -1.4097e-07 -4.7028e-07 -7.9598e-07 -1.1173e-06 -1.4333e-06 -1.7434e-06 -2.0467e-06 -2.3425e-06 -2.6299e-06 -2.9082e-06 -3.1766e-06 -3.4345e-06 -3.6810e-06 -3.9153e-06 -4.1369e-06 -4.3449e-06 -4.5385e-06 -4.7172e-06 -4.8801e-06 -5.0266e-06 -5.1559e-06 -5.2674e-06 -5.3604e-06 -5.4341e-06 -5.4880e-06 -5.5213e-06 -5.5333e-06 -5.5235e-06 
-0000.00200 +9.7667e-06 +9.8125e-06 +9.8238e-06 +9.8017e-06 +9.7478e-06 +9.6632e-06 +9.5493e-06 +9.4074e-06 +9.2387e-06 +9.0445e-06 +8.8261e-06 +8.5848e-06 +8.3217e-06 +8.0381e-06 +7.7353e-06 +7.4145e-06 +7.0768e-06 +6.7236e-06 +6.3560e-06 +5.9751e-06 +5.5823e-06 +5.1786e-06 +4.7652e-06 +4.3433e-06 +3.9140e-06 +3.4786e-06 +3.0380e-06 +2.5935e-06 +2.1461e-06 +1.6970e-06 +1.2473e-06 +7.9804e-07 +3.5036e-07 -9.4687e-08 -5.3603e-07 -9.7260e-07 -1.4033e-06 -1.8272e-06 -2.2432e-06 -2.6502e-06 -3.0472e-06 -3.4332e-06 -3.8073e-06 -4.1684e-06 -4.5155e-06 -4.8476e-06 -5.1638e-06 -5.4631e-06 -5.7445e-06 -6.0071e-06 -6.2499e-06 -6.4721e-06 -6.6726e-06 -6.8507e-06 -7.0052e-06 -7.1354e-06 -7.2404e-06 -7.3192e-06 -7.3710e-06 -7.3950e-06 -7.3902e-06 
# Horizontal Final Position [m]
START
            -0000.01000 -0000.00967 -0000.00933 -0000.00900 -0000.00867 -0000.00833 -0000.00800 -0000.00767 -0000.00733 -0000.00700 -0000.00667 -0000.00633 -0000.00600 -0000.00567 -0000.00533 -0000.00500 -0000.00467 -0000.00433 -0000.00400 -0000.00367 -0000.00333 -0000.00300 -0000.00267 -0000.00233 -0000.00200 -0000.00167 -0000.00133 -0000.00100 -0000.00067 -0000.00033 +0000.00000 +0000.00033 +0000.00067 +0000.00100 +0000.00133 +0000.00167 +0000.00200 +0000.00233 +0000.00267 +0000.00300 +0000.00333 +0000.00367 +0000.00400 +0000.00433 +0000.00467 +0000.00500 +0000.00533 +0000.00567 +0000.00600 +0000.00633 +0000.00667 +0000.00700 +0000.00733 +0000.00767 +0000.00800 +0000.00833 +0000.00867 +0000.00900 +0000.00933 +0000.00967 +0000.01000 
+0000.00200 -1.0004e-02 -9.6702e-03 -9.3369e-03 -9.0036e-03 -8.6703e-03 -8.3370e-03 -8.0037e-03 -7.6704e-03 -7.3371e-03 -7.0037e-03 -6.6704e-03 -6.3371e-03 -6.0038e-03 -5.6705e-03 -5.3372e-03 -5.0039e-03 -4.6706e-03 -4.3372e-03 -4.0039e-03 -3.6706e-03 -3.3373e-03 -3.0039e-03 -2.6706e-03 -2.3373e-03 -2.0040e-03 -1.6706e-03 -1.3373e-03 -1.0040e-03 -6.7062e-04 -3.3728e-04 -3.9365e-06 +3.2941e-04 +6.6275e-04 +9.9609e-04 +1.3294e-03 +1.6628e-03 +1.9961e-03 +2.3295e-03 +2.6628e-03 +2.9962e-03 +3.3295e-03 +3.6629e-03 +3.9962e-03 +4.3296e-03 +4.6629e-03 +4.9962e-03 +5.3296e-03 +5.6629e-03 +5.9963e-03 +6.3296e-03 +6.6629e-03 +6.9962e-03 +7.3296e-03 +7.6629e-03 +7.9962e-03 +8.3295e-03 +8.6628e-03 +8.9961e-03 +9.3293e-03 +9.6626e-03 +9.9959e-03 
+0000.00150 -1.0004e-02 -9.6702e-03 -9.3369e-03 -9.0036e-03 -8.6703e-03 -8.3370e-03 -8.0037e-03 -7.6704e-03 -7.3371e-03 -7.0037e-03 -6.6704e-03 -6.3371e-03 -6.0038e-03 -5.6705e-03 -5.3372e-03 -5.0039e-03 -4.6706e-03 -4.3372e-03 -4.0039e-03 -3.6706e-03 -3.3373e-03 -3.0039e-03 -2.6706e-03 -2.3373e-03 -2.0040e-03 -1.6706e-03 -1.3373e-03 -1.0040e-03 -6.7062e-04 -3.3728e-04 -3.9365e-06 +3.2941e-04 +6.6275e-04 +9.9609e-04 +1.3294e-03 +1.6628e-03 +1.9961e-03 +2.3295e-03 +2.6628e-03 +2.9962e-03 +3.3295e-03 +3.6629e-03 +3.9962e-03 +4.3296e-03 +4.6629e-03 +4.9962e-03 +5.3296e-03 +5.6629e-03 +5.9963e-03 +6.3296e-03 +6.6629e-03 +6.9962e-03 +7.3296e-03 +7.6629e-03 +7.9962e-03 +8.3295e-03 +8.6628e-03 +8.9961e-03 +9.3293e-03 +9.6626e-03 +9.9959e-03 
+0000.00100 -1.0004e-02 -9.6702e-03 -9.3369e-03 -9.0036e-03 -8.6703e-03 -8.3370e-03 -8.0037e-03 -7.6704e-03 -7.3371e-03 -7.0037e-03 -6.6704e-03 -6.3371e-03 -6.0038e-03 -5.6705e-03 -5.3372e-03 -5.0039e-03 -4.6706e-03 -4.3372e-03 -4.0039e-03 -3.6706e-03 -3.3373e-03 -3.0039e-03 -2.6706e-03 -2.3373e-03 -2.0040e-03 -1.6706e-03 -1.3373e-03 -1.0040e-03 -6.7062e-04 -3.3728e-04 -3.9365e-06 +3.2941e-04 +6.6275e-04 +9.9609e-04 +1.3294e-03 +1.6628e-03 +1.9961e-03 +2.3295e-03 +2.6628e-03 +2.9962e-03 +3.3295e-03 +3.6629e-03 +3.9962e-03 +4.3296e-03 +4.6629e-03 +4.9962e-03 +5.3296e-03 +5.6629e-03 +5.9963e-03 +6.3296e-03 +6.6629e-03 +6.9962e-03 +7.3296e-03 +7.6629e-03 +7.9962e-03 +8.3295e-03 +8.6628e-03 +8.9961e-03 +9.3293e-03 +9.6626e-03 +9.9959e-03 
+0000.00050 -1.0004e-02 -9.6702e-03 -9.3369e-03 -9.0036e-03 -8.6703e-03 -8.3370e-03 -8.0037e-03 -7.6704e-03 -7.3371e-03 -7.0037e-03 -6.6704e-03 -6.3371e-03 -6.0038e-03 -5.6705e-03 -5.3372e-03 -5.0039e-03 -4.6706e-03 -4.3372e-03 -4.0039e-03 -3.6706e-03 -3.3373e-03 -3.0039e-03 -2.6706e-03 -2.3373e-03 -2.0040e-03 -1.6706e-03 -1.3373e-03 -1.0040e-03 -6.7062e-04 -3.3728e-04 -3.9365e-06 +3.2941e-04 +6.6275e-04 +9.9609e-04 +1.3294e-03 +1.6628e-03 +1.9961e-03 +2.3295e-03 +2.6628e-03 +2.9962e-03 +3.3295e-03 +3.6629e-03 +3.9962e-03 +4.3296e-03 +4.6629e-03 +4.9962e-03 +5.3296e-03 +5.6629e-03 +5.9963e-03 +6.3296e-03 +6.6629e-03 +6.9962e-03 +7.3296e-03 +7.6629e-03 +7.9962e-03 +8.3295e-03 +8.6628e-03 +8.9961e-03 +9.3293e-03 +9.6626e-03 +9.9959e-03 
+0000.00000 -1.0004e-02 -9.6702e-03 -9.3369e-03 -9.0036e-03 -8.6703e-03 -8.3370e-03 -8.0037e-03 -7.6704e-03 -7.3371e-03 -7.0037e-03 -6.6704e-03 -6.3371e-03 -6.0038e-03 -5.6705e-03 -5.3372e-03 -5.0039e-03 -4.6706e-03 -4.3372e-03 -4.0039e-03 -3.6706e-03 -3.3373e-03 -3.0039e-03 -2.6706e-03 -2.3373e-03 -2.0040e-03 -1.6706e-03 -1.3373e-03 -1.0040e-03 -6.7062e-04 -3.3728e-04 -3.9365e-06 +3.2941e-04 +6.6275e-04 +9.9609e-04 +1.3294e-03 +1.6628e-03 +1.9961e-03 +2.3295e-03 +2.6628e-03 +2.9962e-03 +3.3295e-03 +3.6629e-03 +3.9962e-03 +4.3296e-03 +4.6629e-03 +4.9962e-03 +5.3296e-03 +5.6629e-03 +5.9963e-03 +6.3296e-03 +6.6629e-03 +6.9962e-03 +7.3296e-03 +7.6629e-03 +7.9962e-03 +8.3295e-03 +8.6628e-03 +8.9961e-03 +9.3293e-03 +9.6626e-03 +9.9959e-03 
-0000.00050 -1.0004e-02 -9.6702e-03 -9.3369e-03 -9.0036e-03 -8.6703e-03 -8.3370e-03 -8.0037e-03 -7.6704e-03 -7.3371e-03 -7.0037e-03 -6.6704e-03 -6.3371e-03 -6.0038e-03 -5.6705e-03 -5.3372e-03 -5.0039e-03 -4.6706e-03 -4.3372e-03 -4.0039e-03 -3.6706e-03 -3.3373e-03 -3.0039e-03 -2.6706e-03 -2.3373e-03 -2.0040e-03 -1.6706e-03 -1.3373e-03 -1.0040e-03 -6.7062e-04 -3.3728e-04 -3.9365e-06 +3.2941e-04 +6.6275e-04 +9.9609e-04 +1.3294e-03 +1.6628e-03 +1.9961e-03 +2.3295e-03 +2.6628e-03 +2.9962e-03 +3.3295e-03 +3.6629e-03 +3.9962e-03 +4.3296e-03 +4.6629e-03 +4.9962e-03 +5.3296e-03 +5.6629e-03 +5.9963e-03 +6.3296e-03 +6.6629e-03 +6.9962e-03 +7.3296e-03 +7.6629e-03 +7.9962e-03 +8.3295e-03 +8.6628e-03 +8.9961e-03 +9.3293e-03 +9.6626e-03 +9.9959e-03 
-0000.00100 -1.0004e-02 -9.6702e-03 -9.3369e-03 -9.0036e-03 -8.6703e-03 -8.3370e-03 -8.0037e-03 -7.6704e-03 -7.3371e-03 -7.0037e-03 -6.6704e-03 -6.3371e-03 -6.0038e-03 -5.6705e-03 -5.3372e-03 -5.0039e-03 -4.6706e-03 -4.3372e-03 -4.0039e-03 -3.6706e-03 -3.3373e-03 -3.0039e-03 -2.6706e-03 -2.3373e-03 -2.0040e-03 -1.6706e-03 -1.3373e-03 -1.0040e-03 -6.7062e-04 -3.3728e-04 -3.9365e-06 +3.2941e-04 +6.6275e-04 +9.9609e-04 +1.3294e-03 +1.6628e-03 +1.9961e-03 +2.3295e-03 +2.6628e-03 +2.9962e-03 +3.3295e-03 +3.6629e-03 +3.9962e-03 +4.3296e-03 +4.6629e-03 +4.9962e-03 +5.3296e-03 +5.6629e-03 +5.9963e-03 +6.3296e-03 +6.6629e-03 +6.9962e-03 +7.3296e-03 +7.6629e-03 +7.9962e-03 +8.3295e-03 +8.6628e-03 +8.9961e-03 +9.3293e-03 +9.6626e-03 +9.9959e-03 
-0000.00150 -1.0004e-02 -9.6702e-03 -9.3369e-03 -9.0036e-03 -8.6703e-03 -8.3370e-03 -8.0037e-03 -7.6704e-03 -7.3371e-03 -7.0037e-03 -6.6704e-03 -6.3371e-03 -6.0038e-03 -5.6705e-03 -5.3372e-03 -5.0039e-03 -4.6706e-03 -4.3372e-03 -4.0039e-03 -3.6706e-03 -3.3373e-03 -3.0039e-03 -2.6706e-03 -2.3373e-03 -2.0040e-03 -1.6706e-03 -1.3373e-03 -1.0040e-03 -6.7062e-04 -3.3728e-04 -3.9365e-06 +3.2941e-04 +6.6275e-04 +9.9609e-04 +1.3294e-03 +1.6628e-03 +1.9961e-03 +2.3295e-03 +2.6628e-03 +2.9962e-03 +3.3295e-03 +3.6629e-03 +3.9962e-03 +4.3296e-03 +4.6629e-03 +4.9962e-03 +5.3296e-03 +5.6629e-03 +5.9963e-03 +6.3296e-03 +6.6629e-03 +6.9962e-03 +7.3296e-03 +7.6629e-03 +7.9962e-03 +8.3295e-03 +8.6628e-03 +8.9961e-03 +9.3293e-03 +9.6626e-03 +9.9959e-03 
-0000.00200 -1.0004e-02 -9.6702e-03 -9.3369e-03 -9.0036e-03 -8.6703e-03 -8.3370e-03 -8.0037e-03 -7.6704e-03 -7.3371e-03 -7.0037e-03 -6.6704e-03 -6.3371e-03 -6.0038e-03 -5.6705e-03 -5.3372e-03 -5.0039e-03 -4.6706e-03 -4.3372e-03 -4.0039e-03 -3.6706e-03 -3.3373e-03 -3.0039e-03 -2.6706e-03 -2.3373e-03 -2.0040e-03 -1.6706e-03 -1.3373e-03 -1.0040e-03 -6.7062e-04 -3.3728e-04 -3.9365e-06 +3.2941e-04 +6.6275e-04 +9.9609e-04 +1.3294e-03 +1.6628e-03 +1.9961e-03 +2.3295e-03 +2.6628e-03 +2.9962e-03 +3.3295e-03 +3.6629e-03 +3.9962e-03 +4.3296e-03 +4.6629e-03 +4.9962e-03 +5.3296e-03 +5.6629e-03 +5.9963e-03 +6.3296e-03 +6.6629e-03 +6.9962e-03 +7.3296e-03 +7.6629e-03 +7.9962e-03 +8.3295e-03 +8.6628e-03 +8.9961e-03 +9.3293e-03 +9.6626e-03 +9.9959e-03 
# Vertical Final Position [m]
START
            -0000.01000 -0000.00967 -0000.00933 -0000.00900 -0000.00867 -0000.00833 -0000.00800 -0000.00767 -0000.00733 -0000.00700 -0000.00667 -0000.00633 -0000.00600 -0000.00567 -0000.00533 -0000.00500 -0000.00467 -0000.00433 -0000.00400 -0000.00367 -0000.00333 -0000.00300 -0000.00267 -0000.00233 -0000.00200 -0000.00167 -0000.00133 -0000.00100 -0000.00067 -0000.00033 +0000.00000 +0000.00033 +0000.00067 +0000.00100 +0000.00133 +0000.00167 +0000.00200 +0000.00233 +0000.00267 +0000.00300 +0000.00333 +0000.00367 +0000.00400 +0000.00433 +0000.00467 +0000.00500 +0000.00533 +0000.00567 +0000.00600 +0000.00633 +0000.00667 +0000.00700 +0000.00733 +0000.00767 +0000.00800 +0000.00833 +0000.00867 +0000.00900 +0000.00933 +0000.00967 +0000.01000 
+0000.00200 +2.0001e-03 +2.0001e-03 +2.0001e-03 +2.0001e-03 +2.0001e-03 +2.0001e-03 +2.0001e-03 +2.0001e-03 +2.0001e-03 +2.0001e-03 +2.0001e-03 +2.0001e-03 +2.0001e-03 +2.0001e-03 +2.0001e-03 +2.0001e-03 +2.0001e-03 +2.0001e-03 +2.0001e-03 +2.0001e-03 +2.0001e-03 +2.0000e-03 +2.0000e-03 +2.0000e-03 +2.0000e-03 +2.0000e-03 +2.0000e-03 +2.0000e-03 +2.0000e-03 +2.0000e-03 +2.0000e-03 +2.0000e-03 +2.0000e-03 +2.0000e-03 +2.0000e-03 +2.0000e-03 +2.0000e-03 +2.0000e-03 +2.0000e-03 +2.0000e-03 +1.9999e-03 +1.9999e-03 +1.9999e-03 +1.9999e-03 +1.9999e-03 +1.9999e-03 +1.9999e-03 +1.9999e-03 +1.9999e-03 +1.9999e-03 +1.9999e-03 +1.9999e-03 +1.9999e-03 +1.9999e-03 +1.9999e-03 +1.9999e-03 +1.9999e-03 +1.9999e-03 +1.9999e-03 +1.9999e-03 +1.9999e-03 
+0000.00150 +1.5001e-03 +1.5001e-03 +1.5001e-03 +1.5001e-03 +1.5001e-03 +1.5001e-03 +1.5001e-03 +1.5001e-03 +1.5001e-03 +1.5001e-03 +1.5001e-03 +1.5001e-03 +1.5001e-03 +1.5000e-03 +1.5000e-03 +1.5000e-03 +1.5000e-03 +1.5000e-03 +1.5000e-03 +1.5000e-03 +1.5000e-03 +1.5000e-03 +1.5000e-03 +1.5000e-03 +1.5000e-03 +1.5000e-03 +1.5000e-03 +1.5000e-03 +1.5000e-03 +1.5000e-03 +1.5000e-03 +1.5000e-03 +1.5000e-03 +1.5000e-03 +1.5000e-03 +1.5000e-03 +1.5000e-03 +1.5000e-03 +1.5000e-03 +1.5000e-03 +1.5000e-03 +1.5000e-03 +1.5000e-03 +1.5000e-03 +1.5000e-03 +1.5000e-03 +1.5000e-03 +1.5000e-03 +1.5000e-03 +1.5000e-03 +1.5000e-03 +1.5000e-03 +1.5000e-03 +1.5000e-03 +1.5000e-03 +1.4999e-03 +1.4999e-03 +1.4999e-03 +1.4999e-03 +1.4999e-03 +1.4999e-03 
+0000.00100 +1.0000e-03 +1.0000e-03 +1.0000e-03 +1.0000e-03 +1.0000e-03 +1.0000e-03 +1.0000e-03 +1.0000e-03 +1.0000e-03 +1.0000e-03 +1.0000e-03 +1.0000e-03 +1.0000e-03 +1.0000e-03 +1.0000e-03 +1.0000e-03 +1.0000e-03 +1.0000e-03 +1.0000e-03 +1.0000e-03 +1.0000e-03 +1.0000e-03 +1.0000e-03 +1.0000e-03 +1.0000e-03 +1.0000e-03 +1.0000e-03 +1.0000e-03 +1.0000e-03 +1.0000e-03 +1.0000e-03 +9.9999e-04 +9.9999e-04 +9.9999e-04 +9.9999e-04 +9.9999e-04 +9.9999e-04 +9.9999e-04 +9.9998e-04 +9.9998e-04 +9.9998e-04 +9.9998e-04 +9.9998e-04 +9.9998e-04 +9.9997e-04 +9.9997e-04 +9.9997e-04 +9.9997e-04 +9.9997e-04 +9.9997e-04 +9.9996e-04 +9.9996e-04 +9.9996e-04 +9.9996e-04 +9.9996e-04 +9.9996e-04 +9.9996e-04 +9.9996e-04 +9.9996e-04 +9.9996e-04 +9.9996e-04 
+0000.00050 +5.0002e-04 +5.0002e-04 +5.0002e-04 +5.0002e-04 +5.0002e-04 +5.0002e-04 +5.0002e-04 +5.0002e-04 +5.0002e-04 +5.0002e-04 +5.0002e-04 +5.0002e-04 +5.0002e-04 +5.0002e-04 +5.0002e-04 +5.0002e-04 +5.0002e-04 +5.0001e-04 +5.0001e-04 +5.0001e-04 +5.0001e-04 +5.0001e-04 +5.0001e-04 +5.0001e-04 +5.0001e-04 +5.0001e-04 +5.0000e-04 +5.0000e-04 +5.0000e-04 +5.0000e-04 +5.0000e-04 +5.0000e-04 +5.0000e-04 +5.0000e-04 +5.0000e-04 +4.9999e-04 +4.9999e-04 +4.9999e-04 +4.9999e-04 +4.9999e-04 +4.9999e-04 +4.9999e-04 +4.9999e-04 +4.9999e-04 +4.9999e-04 +4.9998e-04 +4.9998e-04 +4.9998e-04 +4.9998e-04 +4.9998e-04 +4.9998e-04 +4.9998e-04 +4.9998e-04 +4.9998e-04 +4.9998e-04 +4.9998e-04 +4.9998e-04 +4.9998e-04 +4.9998e-04 +4.9998e-04 +4.9998e-04 
+0000.00000 -5.4057e-11 -5.6767e-11 -5.9368e-11 -6.1862e-11 -6.4250e-11 -6.6535e-11 -6.8718e-11 -7.0800e-11 -7.2784e-11 -7.4669e-11 -7.6459e-11 -7.8153e-11 -7.9754e-11 -8.1262e-11 -8.2678e-11 -8.4004e-11 -8.5240e-11 -8.6387e-11 -8.7447e-11 -8.8419e-11 -8.9305e-11 -9.0105e-11 -9.0820e-11 -9.1451e-11 -9.1996e-11 -9.2458e-11 -9.2836e-11 -9.3131e-11 -9.3343e-11 -9.3471e-11 -9.3516e-11 -9.3479e-11 -9.3358e-11 -9.3153e-11 -9.2866e-11 -9.2494e-11 -9.2038e-11 -9.1498e-11 -9.0872e-11 -9.0161e-11 -8.9364e-11 -8.8480e-11 -8.7509e-11 -8.6449e-11 -8.5299e-11 -8.4060e-11 -8.2730e-11 -8.1307e-11 -7.9791e-11 -7.8180e-11 -7.6474e-11 -7.4671e-11 -7.2769e-11 -7.0767e-11 -6.8664e-11 -6.6458e-11 -6.4147e-11 -6.1730e-11 -5.9205e-11 -5.6570e-11 -5.3824e-11 
-0000.00050 -5.0002e-04 -5.0002e-04 -5.0002e-04 -5.0002e-04 -5.0002e-04 -5.0002e-04 -5.0002e-04 -5.0002e-04 -5.0002e-04 -5.0002e-04 -5.0002e-04 -5.0002e-04 -5.0002e-04 -5.0002e-04 -5.0002e-04 -5.0002e-04 -5.0002e-04 -5.0001e-04 -5.0001e-04 -5.0001e-04 -5.0001e-04 -5.0001e-04 -5.0001e-04 -5.0001e-04 -5.0001e-04 -5.0001e-04 -5.0000e-04 -5.0000e-04 -5.0000e-04 -5.0000e-04 -5.0000e-04 -5.0000e-04 -5.0000e-04 -5.0000e-04 -5.0000e-04 -4.9999e-04 -4.9999e-04 -4.9999e-04 -4.9999e-04 -4.9999e-04 -4.9999e-04 -4.9999e-04 -4.9999e-04 -4.9999e-04 -4.9999e-04 -4.9998e-04 -4.9998e-04 -4.9998e-04 -4.9998e-04 -4.9998e-04 -4.9998e-04 -4.9998e-04 -4.9998e-04 -4.9998e-04 -4.9998e-04 -4.9998e-04 -4.9998e-04 -4.9998e-04 -4.9998e-04 -4.9998e-04 -4.9998e-04 
-0000.00100 -1.0000e-03 -1.0000e-03 -1.0000e-03 -1.0000e-03 -1.0000e-03 -1.0000e-03 -1.0000e-03 -1.0000e-03 -1.0000e-03 -1.0000e-03 -1.0000e-03 -1.0000e-03 -1.0000e-03 -1.0000e-03 -1.0000e-03 -1.0000e-03 -1.0000e-03 -1.0000e-03 -1.0000e-03 -1.0000e-03 -1.0000e-03 -1.0000e-03 -1.0000e-03 -1.0000e-03 -1.0000e-03 -1.0000e-03 -1.0000e-03 -1.0000e-03 -1.0000e-03 -1.0000e-03 -1.0000e-03 -9.9999e-04 -9.9999e-04 -9.9999e-04 -9.9999e-04 -9.9999e-04 -9.9999e-04 -9.9999e-04 -9.9998e-04 -9.9998e-04 -9.9998e-04 -9.9998e-04 -9.9998e-04 -9.9998e-04 -9.9997e-04 -9.9997e-04 -9.9997e-04 -9.9997e-04 -9.9997e-04 -9.9997e-04 -9.9996e-04 -9.9996e-04 -9.9996e-04 -9.9996e-04 -9.9996e-04 -9.9996e-04 -9.9996e-04 -9.9996e-04 -9.9996e-04 -9.9996e-04 -9.9996e-04 
-0000.00150 -1.5001e-03 -1.5001e-03 -1.5001e-03 -1.5001e-03 -1.5001e-03 -1.5001e-03 -1.5001e-03 -1.5001e-03 -1.5001e-03 -1.5001e-03 -1.5001e-03 -1.5001e-03 -1.5001e-03 -1.5000e-03 -1.5000e-03 -1.5000e-03 -1.5000e-03 -1.5000e-03 -1.5000e-03 -1.5000e-03 -1.5000e-03 -1.5000e-03 -1.5000e-03 -1.5000e-03 -1.5000e-03 -1.5000e-03 -1.5000e-03 -1.5000e-03 -1.5000e-03 -1.5000e-03 -1.5000e-03 -1.5000e-03 -1.5000e-03 -1.5000e-03 -1.5000e-03 -1.5000e-03 -1.5000e-03 -1.5000e-03 -1.5000e-03 -1.5000e-03 -1.5000e-03 -1.5000e-03 -1.5000e-03 -1.5000e-03 -1.5000e-03 -1.5000e-03 -1.5000e-03 -1.5000e-03 -1.5000e-03 -1.5000e-03 -1.5000e-03 -1.5000e-03 -1.5000e-03 -1.5000e-03 -1.5000e-03 -1.4999e-03 -1.4999e-03 -1.4999e-03 -1.4999e-03 -1.4999e-03 -1.4999e-03 
-0000.00200 -2.0001e-03 -2.0001e-03 -2.0001e-03 -2.0001e-03 -2.0001e-03 -2.0001e-03 -2.0001e-03 -2.0001e-03 -2.0001e-03 -2.0001e-03 -2.0001e-03 -2.0001e-03 -2.0001e-03 -2.0001e-03 -2.0001e-03 -2.0001e-03 -2.0001e-03 -2.0001e-03 -2.0001e-03 -2.0001e-03 -2.0001e-03 -2.0000e-03 -2.0000e-03 -2.0000e-03 -2.0000e-03 -2.0000e-03 -2.0000e-03 -2.0000e-03 -2.0000e-03 -2.0000e-03 -2.0000e-03 -2.0000e-03 -2.0000e-03 -2.0000e-03 -2.0000e-03 -2.0000e-03 -2.0000e-03 -2.0000e-03 -2.0000e-03 -2.0000e-03 -1.9999e-03 -1.9999e-03 -1.9999e-03 -1.9999e-03 -1.9999e-03 -1.9999e-03 -1.9999e-03 -1.9999e-03 -1.9999e-03 -1.9999e-03 -1.9999e-03 -1.9999e-03 -1.9999e-03 -1.9999e-03 -1.9999e-03 -1.9999e-03 -1.9999e-03 -1.9999e-03 -1.9999e-03 -1.9999e-03 -1.9999e-03 