# Author: FAC idanalysis.IDKickMap
# Termination_kicks [T2m2]: +0.0000e+00 +0.0000e+00 +0.0000e+00 +0.0000e+00 
# Total Length of Longitudinal Interval [m]
0.13
# Number of Horizontal Points
61
# Number of Vertical Points
9
# Total Horizontal 2nd Order Kick [T2m2]
START
            -0000.01000 -0000.00967 -0000.00933 -0000.00900 -0000.00867 -0000.00833 -0000.00800 -0000.00767 -0000.00733 -0000.00700 -0000.00667 -0000.00633 -0000.00600 -0000.00567 -0000.00533 -0000.00500 -0000.00467 -0000.00433 -0000.00400 -0000.00367 -0000.00333 -0000.00300 -0000.00267 -0000.00233 -0000.00200 -0000.00167 -0000.00133 -0000.00100 -0000.00067 -0000.00033 +0000.00000 +0000.00033 +0000.00067 +0000.00100 +0000.00133 +0000.00167 +0000.00200 +0000.00233 +0000.00267 +0000.00300 +0000.00333 +0000.00367 +0000.00400 +0000.00433 +0000.00467 +0000.00500 +0000.00533 +0000.00567 +0000.00600 +0000.00633 +0000.00667 +0000.00700 +0000.00733 +0000.00767 +0000.00800 +0000.00833 +0000.00867 +0000.00900 +0000.00933 +0000.00967 +0000.01000 
+0000.00200 +4.6073e-04 +4.5559e-04 +4.5045e-04 +4.4534e-04 +4.4027e-04 +4.3526e-04 +4.3033e-04 +4.2549e-04 +4.2075e-04 +4.1614e-04 +4.1165e-04 +4.0731e-04 +4.0313e-04 +3.9912e-04 +3.9528e-04 +3.9164e-04 +3.8819e-04 +3.8495e-04 +3.8192e-04 +3.7912e-04 +3.7655e-04 +3.7421e-04 +3.7211e-04 +3.7026e-04 +3.6866e-04 +3.6731e-04 +3.6622e-04 +3.6539e-04 +3.6482e-04 +3.6450e-04 +3.6445e-04 +3.6466e-04 +3.6513e-04 +3.6586e-04 +3.6684e-04 +3.6807e-04 +3.6956e-04 +3.7129e-04 +3.7326e-04 +3.7546e-04 +3.7789e-04 +3.8054e-04 +3.8341e-04 +3.8648e-04 +3.8974e-04 +3.9320e-04 +3.9683e-04 +4.0062e-04 +4.0457e-04 +4.0867e-04 +4.1289e-04 +4.1723e-04 +4.2167e-04 +4.2620e-04 +4.3080e-04 +4.3546e-04 +4.4015e-04 +4.4487e-04 +4.4960e-04 +4.5430e-04 +4.5898e-04 
+0000.00150 +4.5282e-04 +4.4878e-04 +4.4464e-04 +4.4043e-04 +4.3617e-04 +4.3188e-04 +4.2758e-04 +4.2330e-04 +4.1905e-04 +4.1486e-04 +4.1074e-04 +4.0670e-04 +4.0278e-04 +3.9897e-04 +3.9531e-04 +3.9179e-04 +3.8844e-04 +3.8527e-04 +3.8228e-04 +3.7949e-04 +3.7692e-04 +3.7456e-04 +3.7242e-04 +3.7053e-04 +3.6887e-04 +3.6746e-04 +3.6629e-04 +3.6539e-04 +3.6474e-04 +3.6436e-04 +3.6423e-04 +3.6437e-04 +3.6477e-04 +3.6544e-04 +3.6636e-04 +3.6755e-04 +3.6898e-04 +3.7067e-04 +3.7260e-04 +3.7477e-04 +3.7717e-04 +3.7980e-04 +3.8265e-04 +3.8569e-04 +3.8894e-04 +3.9237e-04 +3.9598e-04 +3.9974e-04 +4.0366e-04 +4.0770e-04 +4.1187e-04 +4.1614e-04 +4.2049e-04 +4.2491e-04 +4.2937e-04 +4.3387e-04 +4.3838e-04 +4.4287e-04 +4.4733e-04 +4.5174e-04 +4.5606e-04 
+0000.00100 +4.4853e-04 +4.4537e-04 +4.4202e-04 +4.3852e-04 +4.3488e-04 +4.3115e-04 +4.2733e-04 +4.2347e-04 +4.1959e-04 +4.1570e-04 +4.1184e-04 +4.0802e-04 +4.0426e-04 +4.0059e-04 +3.9703e-04 +3.9358e-04 +3.9027e-04 +3.8712e-04 +3.8414e-04 +3.8133e-04 +3.7872e-04 +3.7632e-04 +3.7414e-04 +3.7218e-04 +3.7046e-04 +3.6898e-04 +3.6775e-04 +3.6677e-04 +3.6606e-04 +3.6561e-04 +3.6542e-04 +3.6551e-04 +3.6586e-04 +3.6647e-04 +3.6736e-04 +3.6851e-04 +3.6992e-04 +3.7158e-04 +3.7350e-04 +3.7566e-04 +3.7805e-04 +3.8067e-04 +3.8351e-04 +3.8656e-04 +3.8981e-04 +3.9323e-04 +3.9683e-04 +4.0058e-04 +4.0448e-04 +4.0849e-04 +4.1261e-04 +4.1682e-04 +4.2109e-04 +4.2541e-04 +4.2975e-04 +4.3410e-04 +4.3842e-04 +4.4270e-04 +4.4691e-04 +4.5101e-04 +4.5499e-04 
+0000.00050 +4.4595e-04 +4.4333e-04 +4.4047e-04 +4.3739e-04 +4.3413e-04 +4.3073e-04 +4.2720e-04 +4.2359e-04 +4.1992e-04 +4.1621e-04 +4.1250e-04 +4.0880e-04 +4.0515e-04 +4.0155e-04 +3.9804e-04 +3.9463e-04 +3.9134e-04 +3.8820e-04 +3.8521e-04 +3.8239e-04 +3.7976e-04 +3.7733e-04 +3.7511e-04 +3.7312e-04 +3.7136e-04 +3.6984e-04 +3.6857e-04 +3.6756e-04 +3.6681e-04 +3.6632e-04 +3.6610e-04 +3.6616e-04 +3.6648e-04 +3.6708e-04 +3.6795e-04 +3.6909e-04 +3.7049e-04 +3.7215e-04 +3.7406e-04 +3.7622e-04 +3.7862e-04 +3.8124e-04 +3.8409e-04 +3.8714e-04 +3.9039e-04 +3.9382e-04 +3.9741e-04 +4.0116e-04 +4.0504e-04 +4.0903e-04 +4.1312e-04 +4.1728e-04 +4.2149e-04 +4.2574e-04 +4.2999e-04 +4.3422e-04 +4.3841e-04 +4.4252e-04 +4.4654e-04 +4.5042e-04 +4.5414e-04 
+0000.00000 +4.4510e-04 +4.4265e-04 +4.3995e-04 +4.3701e-04 +4.3388e-04 +4.3058e-04 +4.2716e-04 +4.2363e-04 +4.2003e-04 +4.1638e-04 +4.1272e-04 +4.0906e-04 +4.0543e-04 +4.0186e-04 +3.9837e-04 +3.9497e-04 +3.9169e-04 +3.8855e-04 +3.8555e-04 +3.8273e-04 +3.8010e-04 +3.7766e-04 +3.7543e-04 +3.7342e-04 +3.7165e-04 +3.7012e-04 +3.6883e-04 +3.6781e-04 +3.6705e-04 +3.6655e-04 +3.6632e-04 +3.6637e-04 +3.6669e-04 +3.6728e-04 +3.6814e-04 +3.6928e-04 +3.7068e-04 +3.7233e-04 +3.7425e-04 +3.7641e-04 +3.7881e-04 +3.8144e-04 +3.8429e-04 +3.8734e-04 +3.9059e-04 +3.9402e-04 +3.9762e-04 +4.0136e-04 +4.0523e-04 +4.0921e-04 +4.1329e-04 +4.1743e-04 +4.2163e-04 +4.2584e-04 +4.3006e-04 +4.3425e-04 +4.3839e-04 +4.4244e-04 +4.4639e-04 +4.5019e-04 +4.5382e-04 
-0000.00050 +4.4595e-04 +4.4333e-04 +4.4047e-04 +4.3739e-04 +4.3413e-04 +4.3073e-04 +4.2720e-04 +4.2359e-04 +4.1992e-04 +4.1621e-04 +4.1250e-04 +4.0880e-04 +4.0515e-04 +4.0155e-04 +3.9804e-04 +3.9463e-04 +3.9134e-04 +3.8820e-04 +3.8521e-04 +3.8239e-04 +3.7976e-04 +3.7733e-04 +3.7511e-04 +3.7312e-04 +3.7136e-04 +3.6984e-04 +3.6857e-04 +3.6756e-04 +3.6681e-04 +3.6632e-04 +3.6610e-04 +3.6616e-04 +3.6648e-04 +3.6708e-04 +3.6795e-04 +3.6909e-04 +3.7049e-04 +3.7214e-04 +3.7406e-04 +3.7622e-04 +3.7862e-04 +3.8124e-04 +3.8409e-04 +3.8714e-04 +3.9039e-04 +3.9382e-04 +3.9741e-04 +4.0116e-04 +4.0504e-04 +4.0903e-04 +4.1311e-04 +4.1728e-04 +4.2149e-04 +4.2574e-04 +4.2999e-04 +4.3422e-04 +4.3841e-04 +4.4252e-04 +4.4654e-04 +4.5042e-04 +4.5414e-04 
-0000.00100 +4.4854e-04 +4.4538e-04 +4.4203e-04 +4.3852e-04 +4.3489e-04 +4.3115e-04 +4.2734e-04 +4.2347e-04 +4.1959e-04 +4.1570e-04 +4.1184e-04 +4.0802e-04 +4.0426e-04 +4.0059e-04 +3.9703e-04 +3.9358e-04 +3.9027e-04 +3.8712e-04 +3.8414e-04 +3.8133e-04 +3.7872e-04 +3.7632e-04 +3.7414e-04 +3.7218e-04 +3.7046e-04 +3.6898e-04 +3.6775e-04 +3.6677e-04 +3.6606e-04 +3.6561e-04 +3.6542e-04 +3.6551e-04 +3.6586e-04 +3.6647e-04 +3.6736e-04 +3.6851e-04 +3.6992e-04 +3.7158e-04 +3.7350e-04 +3.7566e-04 +3.7805e-04 +3.8067e-04 +3.8351e-04 +3.8656e-04 +3.8981e-04 +3.9323e-04 +3.9683e-04 +4.0058e-04 +4.0448e-04 +4.0849e-04 +4.1261e-04 +4.1682e-04 +4.2109e-04 +4.2541e-04 +4.2975e-04 +4.3410e-04 +4.3842e-04 +4.4270e-04 +4.4690e-04 +4.5101e-04 +4.5499e-04 
-0000.00150 +4.5283e-04 +4.4878e-04 +4.4465e-04 +4.4043e-04 +4.3617e-04 +4.3188e-04 +4.2758e-04 +4.2330e-04 +4.1905e-04 +4.1486e-04 +4.1074e-04 +4.0671e-04 +4.0278e-04 +3.9898e-04 +3.9531e-04 +3.9179e-04 +3.8844e-04 +3.8527e-04 +3.8228e-04 +3.7950e-04 +3.7692e-04 +3.7456e-04 +3.7243e-04 +3.7053e-04 +3.6887e-04 +3.6746e-04 +3.6630e-04 +3.6539e-04 +3.6474e-04 +3.6436e-04 +3.6423e-04 +3.6437e-04 +3.6477e-04 +3.6544e-04 +3.6636e-04 +3.6755e-04 +3.6898e-04 +3.7067e-04 +3.7260e-04 +3.7477e-04 +3.7717e-04 +3.7980e-04 +3.8264e-04 +3.8569e-04 +3.8894e-04 +3.9237e-04 +3.9597e-04 +3.9974e-04 +4.0365e-04 +4.0770e-04 +4.1186e-04 +4.1613e-04 +4.2048e-04 +4.2490e-04 +4.2937e-04 +4.3386e-04 +4.3837e-04 +4.4286e-04 +4.4732e-04 +4.5173e-04 +4.5605e-04 
-0000.00200 +4.6074e-04 +4.5560e-04 +4.5046e-04 +4.4535e-04 +4.4028e-04 +4.3527e-04 +4.3034e-04 +4.2549e-04 +4.2076e-04 +4.1614e-04 +4.1166e-04 +4.0732e-04 +4.0313e-04 +3.9912e-04 +3.9528e-04 +3.9164e-04 +3.8819e-04 +3.8495e-04 +3.8192e-04 +3.7912e-04 +3.7655e-04 +3.7421e-04 +3.7211e-04 +3.7026e-04 +3.6866e-04 +3.6731e-04 +3.6622e-04 +3.6539e-04 +3.6481e-04 +3.6450e-04 +3.6445e-04 +3.6466e-04 +3.6513e-04 +3.6585e-04 +3.6684e-04 +3.6807e-04 +3.6956e-04 +3.7128e-04 +3.7325e-04 +3.7546e-04 +3.7789e-04 +3.8054e-04 +3.8340e-04 +3.8647e-04 +3.8974e-04 +3.9319e-04 +3.9682e-04 +4.0062e-04 +4.0457e-04 +4.0866e-04 +4.1289e-04 +4.1722e-04 +4.2167e-04 +4.2619e-04 +4.3079e-04 +4.3545e-04 +4.4015e-04 +4.4487e-04 +4.4959e-04 +4.5430e-04 +4.5897e-04 
# Total Vertical 2nd Order Kick [T2m2]
START
            -0000.01000 -0000.00967 -0000.00933 -0000.00900 -0000.00867 -0000.00833 -0000.00800 -0000.00767 -0000.00733 -0000.00700 -0000.00667 -0000.00633 -0000.00600 -0000.00567 -0000.00533 -0000.00500 -0000.00467 -0000.00433 -0000.00400 -0000.00367 -0000.00333 -0000.00300 -0000.00267 -0000.00233 -0000.00200 -0000.00167 -0000.00133 -0000.00100 -0000.00067 -0000.00033 +0000.00000 +0000.00033 +0000.00067 +0000.00100 +0000.00133 +0000.00167 +0000.00200 +0000.00233 +0000.00267 +0000.00300 +0000.00333 +0000.00367 +0000.00400 +0000.00433 +0000.00467 +0000.00500 +0000.00533 +0000.00567 +0000.00600 +0000.00633 +0000.00667 +0000.00700 +0000.00733 +0000.00767 +0000.00800 +0000.00833 +0000.00867 +0000.00900 +0000.00933 +0000.00967 +0000.01000 
+0000.00200 -1.3952e-04 -1.3639e-04 -1.3368e-04 -1.3136e-04 -1.2942e-04 -1.2783e-04 -1.2658e-04 -1.2565e-04 -1.2502e-04 -1.2466e-04 -1.2457e-04 -1.2472e-04 -1.2509e-04 -1.2568e-04 -1.2646e-04 -1.2741e-04 -1.2852e-04 -1.2978e-04 -1.3117e-04 -1.3268e-04 -1.3429e-04 -1.3599e-04 -1.3776e-04 -1.3959e-04 -1.4148e-04 -1.4340e-04 -1.4535e-04 -1.4732e-04 -1.4929e-04 -1.5126e-04 -1.5321e-04 -1.5514e-04 -1.5703e-04 -1.5888e-04 -1.6068e-04 -1.6242e-04 -1.6410e-04 -1.6570e-04 -1.6722e-04 -1.6866e-04 -1.7001e-04 -1.7126e-04 -1.7241e-04 -1.7346e-04 -1.7439e-04 -1.7521e-04 -1.7591e-04 -1.7650e-04 -1.7696e-04 -1.7730e-04 -1.7752e-04 -1.7760e-04 -1.7756e-04 -1.7739e-04 -1.7710e-04 -1.7667e-04 -1.7612e-04 -1.7545e-04 -1.7465e-04 -1.7373e-04 -1.7270e-04 
+0000.00150 -9.2024e-05 -8.9590e-05 -8.7477e-05 -8.5667e-05 -8.4145e-05 -8.2895e-05 -8.1902e-05 -8.1152e-05 -8.0630e-05 -8.0322e-05 -8.0213e-05 -8.0291e-05 -8.0541e-05 -8.0952e-05 -8.1510e-05 -8.2204e-05 -8.3020e-05 -8.3948e-05 -8.4976e-05 -8.6093e-05 -8.7288e-05 -8.8551e-05 -8.9872e-05 -9.1241e-05 -9.2648e-05 -9.4085e-05 -9.5541e-05 -9.7010e-05 -9.8482e-05 -9.9950e-05 -1.0141e-04 -1.0284e-04 -1.0425e-04 -1.0563e-04 -1.0697e-04 -1.0826e-04 -1.0951e-04 -1.1069e-04 -1.1182e-04 -1.1288e-04 -1.1386e-04 -1.1478e-04 -1.1561e-04 -1.1636e-04 -1.1703e-04 -1.1761e-04 -1.1809e-04 -1.1849e-04 -1.1879e-04 -1.1899e-04 -1.1909e-04 -1.1910e-04 -1.1900e-04 -1.1881e-04 -1.1851e-04 -1.1811e-04 -1.1762e-04 -1.1702e-04 -1.1633e-04 -1.1555e-04 -1.1466e-04 
+0000.00100 -5.6151e-05 -5.4479e-05 -5.3021e-05 -5.1767e-05 -5.0707e-05 -4.9830e-05 -4.9127e-05 -4.8587e-05 -4.8201e-05 -4.7960e-05 -4.7853e-05 -4.7874e-05 -4.8011e-05 -4.8258e-05 -4.8604e-05 -4.9043e-05 -4.9566e-05 -5.0166e-05 -5.0834e-05 -5.1563e-05 -5.2346e-05 -5.3177e-05 -5.4048e-05 -5.4952e-05 -5.5883e-05 -5.6836e-05 -5.7804e-05 -5.8780e-05 -5.9760e-05 -6.0739e-05 -6.1710e-05 -6.2670e-05 -6.3612e-05 -6.4533e-05 -6.5428e-05 -6.6293e-05 -6.7124e-05 -6.7918e-05 -6.8669e-05 -6.9376e-05 -7.0035e-05 -7.0643e-05 -7.1197e-05 -7.1694e-05 -7.2133e-05 -7.2511e-05 -7.2825e-05 -7.3075e-05 -7.3259e-05 -7.3375e-05 -7.3421e-05 -7.3398e-05 -7.3305e-05 -7.3139e-05 -7.2903e-05 -7.2594e-05 -7.2214e-05 -7.1761e-05 -7.1238e-05 -7.0644e-05 -6.9981e-05 
+0000.00050 -2.6622e-05 -2.5771e-05 -2.5028e-05 -2.4388e-05 -2.3844e-05 -2.3392e-05 -2.3027e-05 -2.2745e-05 -2.2540e-05 -2.2408e-05 -2.2343e-05 -2.2343e-05 -2.2402e-05 -2.2516e-05 -2.2681e-05 -2.2892e-05 -2.3146e-05 -2.3439e-05 -2.3768e-05 -2.4127e-05 -2.4514e-05 -2.4926e-05 -2.5358e-05 -2.5807e-05 -2.6271e-05 -2.6746e-05 -2.7229e-05 -2.7717e-05 -2.8208e-05 -2.8698e-05 -2.9185e-05 -2.9666e-05 -3.0139e-05 -3.0601e-05 -3.1051e-05 -3.1486e-05 -3.1904e-05 -3.2303e-05 -3.2681e-05 -3.3036e-05 -3.3367e-05 -3.3672e-05 -3.3949e-05 -3.4198e-05 -3.4416e-05 -3.4604e-05 -3.4758e-05 -3.4879e-05 -3.4966e-05 -3.5018e-05 -3.5033e-05 -3.5012e-05 -3.4954e-05 -3.4858e-05 -3.4724e-05 -3.4552e-05 -3.4342e-05 -3.4093e-05 -3.3806e-05 -3.3481e-05 -3.3118e-05 
+0000.00000 +1.3218e-08 +1.2636e-08 +1.2101e-08 +1.1612e-08 +1.1165e-08 +1.0758e-08 +1.0387e-08 +1.0051e-08 +9.7468e-09 +9.4725e-09 +9.2256e-09 +9.0043e-09 +8.8064e-09 +8.6300e-09 +8.4735e-09 +8.3350e-09 +8.2131e-09 +8.1062e-09 +8.0130e-09 +7.9321e-09 +7.8624e-09 +7.8029e-09 +7.7526e-09 +7.7105e-09 +7.6760e-09 +7.6483e-09 +7.6269e-09 +7.6113e-09 +7.6012e-09 +7.5964e-09 +7.5966e-09 +7.6018e-09 +7.6120e-09 +7.6274e-09 +7.6483e-09 +7.6751e-09 +7.7080e-09 +7.7478e-09 +7.7951e-09 +7.8506e-09 +7.9152e-09 +7.9899e-09 +8.0757e-09 +8.1738e-09 +8.2855e-09 +8.4122e-09 +8.5552e-09 +8.7163e-09 +8.8971e-09 +9.0993e-09 +9.3248e-09 +9.5757e-09 +9.8539e-09 +1.0162e-08 +1.0502e-08 +1.0876e-08 +1.1286e-08 +1.1737e-08 +1.2229e-08 +1.2766e-08 +1.3351e-08 
-0000.00050 +2.6648e-05 +2.5797e-05 +2.5052e-05 +2.4411e-05 +2.3866e-05 +2.3414e-05 +2.3048e-05 +2.2765e-05 +2.2559e-05 +2.2427e-05 +2.2362e-05 +2.2361e-05 +2.2420e-05 +2.2533e-05 +2.2698e-05 +2.2909e-05 +2.3163e-05 +2.3456e-05 +2.3784e-05 +2.4143e-05 +2.4530e-05 +2.4941e-05 +2.5373e-05 +2.5823e-05 +2.6287e-05 +2.6762e-05 +2.7245e-05 +2.7733e-05 +2.8223e-05 +2.8713e-05 +2.9200e-05 +2.9681e-05 +3.0154e-05 +3.0617e-05 +3.1067e-05 +3.1501e-05 +3.1919e-05 +3.2318e-05 +3.2696e-05 +3.3052e-05 +3.3383e-05 +3.3688e-05 +3.3965e-05 +3.4214e-05 +3.4433e-05 +3.4620e-05 +3.4775e-05 +3.4897e-05 +3.4984e-05 +3.5036e-05 +3.5052e-05 +3.5031e-05 +3.4973e-05 +3.4878e-05 +3.4745e-05 +3.4574e-05 +3.4364e-05 +3.4117e-05 +3.3831e-05 +3.3506e-05 +3.3144e-05 
-0000.00100 +5.6178e-05 +5.4504e-05 +5.3045e-05 +5.1790e-05 +5.0729e-05 +4.9851e-05 +4.9147e-05 +4.8606e-05 +4.8220e-05 +4.7978e-05 +4.7872e-05 +4.7891e-05 +4.8028e-05 +4.8275e-05 +4.8621e-05 +4.9060e-05 +4.9583e-05 +5.0182e-05 +5.0850e-05 +5.1579e-05 +5.2362e-05 +5.3193e-05 +5.4063e-05 +5.4967e-05 +5.5899e-05 +5.6851e-05 +5.7819e-05 +5.8796e-05 +5.9776e-05 +6.0754e-05 +6.1726e-05 +6.2685e-05 +6.3627e-05 +6.4548e-05 +6.5444e-05 +6.6309e-05 +6.7140e-05 +6.7933e-05 +6.8685e-05 +6.9392e-05 +7.0051e-05 +7.0659e-05 +7.1213e-05 +7.1711e-05 +7.2149e-05 +7.2527e-05 +7.2842e-05 +7.3093e-05 +7.3276e-05 +7.3393e-05 +7.3440e-05 +7.3417e-05 +7.3324e-05 +7.3160e-05 +7.2923e-05 +7.2616e-05 +7.2236e-05 +7.1785e-05 +7.1263e-05 +7.0670e-05 +7.0008e-05 
-0000.00150 +9.2050e-05 +8.9615e-05 +8.7501e-05 +8.5690e-05 +8.4167e-05 +8.2917e-05 +8.1923e-05 +8.1173e-05 +8.0650e-05 +8.0341e-05 +8.0232e-05 +8.0309e-05 +8.0559e-05 +8.0969e-05 +8.1527e-05 +8.2220e-05 +8.3036e-05 +8.3964e-05 +8.4991e-05 +8.6108e-05 +8.7303e-05 +8.8566e-05 +8.9887e-05 +9.1255e-05 +9.2662e-05 +9.4098e-05 +9.5555e-05 +9.7024e-05 +9.8496e-05 +9.9964e-05 +1.0142e-04 +1.0286e-04 +1.0427e-04 +1.0565e-04 +1.0698e-04 +1.0828e-04 +1.0952e-04 +1.1071e-04 +1.1183e-04 +1.1289e-04 +1.1388e-04 +1.1479e-04 +1.1562e-04 +1.1638e-04 +1.1704e-04 +1.1762e-04 +1.1811e-04 +1.1850e-04 +1.1880e-04 +1.1901e-04 +1.1911e-04 +1.1912e-04 +1.1902e-04 +1.1883e-04 +1.1853e-04 +1.1814e-04 +1.1764e-04 +1.1705e-04 +1.1636e-04 +1.1557e-04 +1.1469e-04 
-0000.00200 +1.3954e-04 +1.3641e-04 +1.3370e-04 +1.3138e-04 +1.2944e-04 +1.2785e-04 +1.2660e-04 +1.2567e-04 +1.2504e-04 +1.2468e-04 +1.2459e-04 +1.2474e-04 +1.2511e-04 +1.2570e-04 +1.2647e-04 +1.2743e-04 +1.2854e-04 +1.2980e-04 +1.3119e-04 +1.3270e-04 +1.3431e-04 +1.3600e-04 +1.3778e-04 +1.3961e-04 +1.4150e-04 +1.4342e-04 +1.4537e-04 +1.4734e-04 +1.4931e-04 +1.5128e-04 +1.5323e-04 +1.5515e-04 +1.5705e-04 +1.5890e-04 +1.6070e-04 +1.6244e-04 +1.6411e-04 +1.6572e-04 +1.6724e-04 +1.6868e-04 +1.7003e-04 +1.7128e-04 +1.7243e-04 +1.7347e-04 +1.7441e-04 +1.7523e-04 +1.7593e-04 +1.7652e-04 +1.7698e-04 +1.7732e-04 +1.7753e-04 +1.7762e-04 +1.7758e-04 +1.7741e-04 +1.7711e-04 +1.7669e-04 +1.7614e-04 +1.7547e-04 +1.7467e-04 +1.7375e-04 +1.7272e-04 
# Horizontal Final Position [m]
START
            -0000.01000 -0000.00967 -0000.00933 -0000.00900 -0000.00867 -0000.00833 -0000.00800 -0000.00767 -0000.00733 -0000.00700 -0000.00667 -0000.00633 -0000.00600 -0000.00567 -0000.00533 -0000.00500 -0000.00467 -0000.00433 -0000.00400 -0000.00367 -0000.00333 -0000.00300 -0000.00267 -0000.00233 -0000.00200 -0000.00167 -0000.00133 -0000.00100 -0000.00067 -0000.00033 +0000.00000 +0000.00033 +0000.00067 +0000.00100 +0000.00133 +0000.00167 +0000.00200 +0000.00233 +0000.00267 +0000.00300 +0000.00333 +0000.00367 +0000.00400 +0000.00433 +0000.00467 +0000.00500 +0000.00533 +0000.00567 +0000.00600 +0000.00633 +0000.00667 +0000.00700 +0000.00733 +0000.00767 +0000.00800 +0000.00833 +0000.00867 +0000.00900 +0000.00933 +0000.00967 +0000.01000 
+0000.00200 -9.9998e-03 -9.6666e-03 -9.3333e-03 -9.0001e-03 -8.6669e-03 -8.3337e-03 -8.0004e-03 -7.6672e-03 -7.3339e-03 -7.0007e-03 -6.6674e-03 -6.3341e-03 -6.0009e-03 -5.6676e-03 -5.3343e-03 -5.0010e-03 -4.6677e-03 -4.3344e-03 -4.0011e-03 -3.6678e-03 -3.3345e-03 -3.0012e-03 -2.6679e-03 -2.3346e-03 -2.0013e-03 -1.6680e-03 -1.3346e-03 -1.0013e-03 -6.6798e-04 -3.3465e-04 -1.3199e-06 +3.3201e-04 +6.6535e-04 +9.9869e-04 +1.3320e-03 +1.6654e-03 +1.9987e-03 +2.3321e-03 +2.6654e-03 +2.9988e-03 +3.3321e-03 +3.6655e-03 +3.9989e-03 +4.3322e-03 +4.6656e-03 +4.9990e-03 +5.3324e-03 +5.6658e-03 +5.9991e-03 +6.3325e-03 +6.6659e-03 +6.9993e-03 +7.3327e-03 +7.6662e-03 +7.9996e-03 +8.3330e-03 +8.6664e-03 +8.9999e-03 +9.3333e-03 +9.6668e-03 +1.0000e-02 
+0000.00150 -9.9997e-03 -9.6665e-03 -9.3333e-03 -9.0001e-03 -8.6669e-03 -8.3336e-03 -8.0004e-03 -7.6671e-03 -7.3339e-03 -7.0006e-03 -6.6674e-03 -6.3341e-03 -6.0008e-03 -5.6675e-03 -5.3343e-03 -5.0010e-03 -4.6677e-03 -4.3344e-03 -4.0011e-03 -3.6678e-03 -3.3345e-03 -3.0012e-03 -2.6679e-03 -2.3346e-03 -2.0012e-03 -1.6679e-03 -1.3346e-03 -1.0013e-03 -6.6795e-04 -3.3462e-04 -1.2918e-06 +3.3204e-04 +6.6538e-04 +9.9872e-04 +1.3321e-03 +1.6654e-03 +1.9988e-03 +2.3321e-03 +2.6655e-03 +2.9988e-03 +3.3322e-03 +3.6655e-03 +3.9989e-03 +4.3323e-03 +4.6656e-03 +4.9990e-03 +5.3324e-03 +5.6658e-03 +5.9992e-03 +6.3326e-03 +6.6660e-03 +6.9994e-03 +7.3328e-03 +7.6662e-03 +7.9996e-03 +8.3330e-03 +8.6664e-03 +8.9999e-03 +9.3333e-03 +9.6668e-03 +1.0000e-02 
+0000.00100 -9.9999e-03 -9.6667e-03 -9.3334e-03 -9.0002e-03 -8.6669e-03 -8.3337e-03 -8.0004e-03 -7.6672e-03 -7.3339e-03 -7.0006e-03 -6.6674e-03 -6.3341e-03 -6.0008e-03 -5.6675e-03 -5.3342e-03 -5.0010e-03 -4.6677e-03 -4.3344e-03 -4.0011e-03 -3.6678e-03 -3.3345e-03 -3.0012e-03 -2.6678e-03 -2.3345e-03 -2.0012e-03 -1.6679e-03 -1.3346e-03 -1.0012e-03 -6.6792e-04 -3.3459e-04 -1.2624e-06 +3.3207e-04 +6.6541e-04 +9.9875e-04 +1.3321e-03 +1.6654e-03 +1.9988e-03 +2.3321e-03 +2.6655e-03 +2.9988e-03 +3.3322e-03 +3.6656e-03 +3.9989e-03 +4.3323e-03 +4.6657e-03 +4.9990e-03 +5.3324e-03 +5.6658e-03 +5.9992e-03 +6.3326e-03 +6.6660e-03 +6.9993e-03 +7.3327e-03 +7.6661e-03 +7.9995e-03 +8.3330e-03 +8.6664e-03 +8.9998e-03 +9.3332e-03 +9.6666e-03 +1.0000e-02 
+0000.00050 -1.0000e-02 -9.6668e-03 -9.3335e-03 -9.0002e-03 -8.6669e-03 -8.3336e-03 -8.0004e-03 -7.6671e-03 -7.3338e-03 -7.0005e-03 -6.6673e-03 -6.3340e-03 -6.0007e-03 -5.6674e-03 -5.3342e-03 -5.0009e-03 -4.6676e-03 -4.3343e-03 -4.0010e-03 -3.6678e-03 -3.3345e-03 -3.0012e-03 -2.6679e-03 -2.3346e-03 -2.0013e-03 -1.6680e-03 -1.3346e-03 -1.0013e-03 -6.6800e-04 -3.3467e-04 -1.3414e-06 +3.3199e-04 +6.6533e-04 +9.9868e-04 +1.3320e-03 +1.6654e-03 +1.9987e-03 +2.3321e-03 +2.6655e-03 +2.9988e-03 +3.3322e-03 +3.6656e-03 +3.9990e-03 +4.3323e-03 +4.6657e-03 +4.9991e-03 +5.3325e-03 +5.6659e-03 +5.9993e-03 +6.3327e-03 +6.6661e-03 +6.9995e-03 +7.3329e-03 +7.6662e-03 +7.9996e-03 +8.3330e-03 +8.6664e-03 +8.9998e-03 +9.3332e-03 +9.6666e-03 +9.9999e-03 
+0000.00000 -1.0000e-02 -9.6668e-03 -9.3335e-03 -9.0002e-03 -8.6669e-03 -8.3336e-03 -8.0004e-03 -7.6671e-03 -7.3338e-03 -7.0005e-03 -6.6673e-03 -6.3340e-03 -6.0007e-03 -5.6674e-03 -5.3342e-03 -5.0009e-03 -4.6676e-03 -4.3343e-03 -4.0010e-03 -3.6678e-03 -3.3345e-03 -3.0012e-03 -2.6679e-03 -2.3346e-03 -2.0013e-03 -1.6680e-03 -1.3346e-03 -1.0013e-03 -6.6800e-04 -3.3467e-04 -1.3410e-06 +3.3199e-04 +6.6533e-04 +9.9868e-04 +1.3320e-03 +1.6654e-03 +1.9987e-03 +2.3321e-03 +2.6655e-03 +2.9988e-03 +3.3322e-03 +3.6656e-03 +3.9990e-03 +4.3323e-03 +4.6657e-03 +4.9991e-03 +5.3325e-03 +5.6659e-03 +5.9993e-03 +6.3327e-03 +6.6661e-03 +6.9995e-03 +7.3329e-03 +7.6662e-03 +7.9996e-03 +8.3330e-03 +8.6664e-03 +8.9998e-03 +9.3332e-03 +9.6666e-03 +9.9999e-03 
-0000.00050 -1.0000e-02 -9.6668e-03 -9.3335e-03 -9.0002e-03 -8.6669e-03 -8.3336e-03 -8.0004e-03 -7.6671e-03 -7.3338e-03 -7.0005e-03 -6.6673e-03 -6.3340e-03 -6.0007e-03 -5.6674e-03 -5.3342e-03 -5.0009e-03 -4.6676e-03 -4.3343e-03 -4.0010e-03 -3.6678e-03 -3.3345e-03 -3.0012e-03 -2.6679e-03 -2.3346e-03 -2.0013e-03 -1.6680e-03 -1.3346e-03 -1.0013e-03 -6.6800e-04 -3.3467e-04 -1.3414e-06 +3.3199e-04 +6.6533e-04 +9.9868e-04 +1.3320e-03 +1.6654e-03 +1.9987e-03 +2.3321e-03 +2.6655e-03 +2.9988e-03 +3.3322e-03 +3.6656e-03 +3.9990e-03 +4.3323e-03 +4.6657e-03 +4.9991e-03 +5.3325e-03 +5.6659e-03 +5.9993e-03 +6.3327e-03 +6.6661e-03 +6.9995e-03 +7.3329e-03 +7.6662e-03 +7.9996e-03 +8.3330e-03 +8.6664e-03 +8.9998e-03 +9.3332e-03 +9.6666e-03 +9.9999e-03 
-0000.00100 -9.9999e-03 -9.6667e-03 -9.3334e-03 -9.0002e-03 -8.6669e-03 -8.3337e-03 -8.0004e-03 -7.6672e-03 -7.3339e-03 -7.0006e-03 -6.6674e-03 -6.3341e-03 -6.0008e-03 -5.6675e-03 -5.3342e-03 -5.0010e-03 -4.6677e-03 -4.3344e-03 -4.0011e-03 -3.6678e-03 -3.3345e-03 -3.0012e-03 -2.6678e-03 -2.3345e-03 -2.0012e-03 -1.6679e-03 -1.3346e-03 -1.0012e-03 -6.6792e-04 -3.3459e-04 -1.2624e-06 +3.3207e-04 +6.6541e-04 +9.9875e-04 +1.3321e-03 +1.6654e-03 +1.9988e-03 +2.3321e-03 +2.6655e-03 +2.9988e-03 +3.3322e-03 +3.6656e-03 +3.9989e-03 +4.3323e-03 +4.6657e-03 +4.9990e-03 +5.3324e-03 +5.6658e-03 +5.9992e-03 +6.3326e-03 +6.6660e-03 +6.9993e-03 +7.3327e-03 +7.6661e-03 +7.9995e-03 +8.3330e-03 +8.6664e-03 +8.9998e-03 +9.3332e-03 +9.6666e-03 +1.0000e-02 
-0000.00150 -9.9997e-03 -9.6665e-03 -9.3333e-03 -9.0001e-03 -8.6669e-03 -8.3336e-03 -8.0004e-03 -7.6671e-03 -7.3339e-03 -7.0006e-03 -6.6674e-03 -6.3341e-03 -6.0008e-03 -5.6675e-03 -5.3343e-03 -5.0010e-03 -4.6677e-03 -4.3344e-03 -4.0011e-03 -3.6678e-03 -3.3345e-03 -3.0012e-03 -2.6679e-03 -2.3346e-03 -2.0012e-03 -1.6679e-03 -1.3346e-03 -1.0013e-03 -6.6795e-04 -3.3462e-04 -1.2918e-06 +3.3204e-04 +6.6538e-04 +9.9872e-04 +1.3321e-03 +1.6654e-03 +1.9988e-03 +2.3321e-03 +2.6655e-03 +2.9988e-03 +3.3322e-03 +3.6655e-03 +3.9989e-03 +4.3323e-03 +4.6656e-03 +4.9990e-03 +5.3324e-03 +5.6658e-03 +5.9992e-03 +6.3326e-03 +6.6660e-03 +6.9994e-03 +7.3328e-03 +7.6662e-03 +7.9996e-03 +8.3330e-03 +8.6664e-03 +8.9999e-03 +9.3333e-03 +9.6668e-03 +1.0000e-02 
-0000.00200 -9.9998e-03 -9.6666e-03 -9.3333e-03 -9.0001e-03 -8.6669e-03 -8.3337e-03 -8.0004e-03 -7.6672e-03 -7.3339e-03 -7.0007e-03 -6.6674e-03 -6.3341e-03 -6.0009e-03 -5.6676e-03 -5.3343e-03 -5.0010e-03 -4.6677e-03 -4.3344e-03 -4.0011e-03 -3.6678e-03 -3.3345e-03 -3.0012e-03 -2.6679e-03 -2.3346e-03 -2.0013e-03 -1.6680e-03 -1.3346e-03 -1.0013e-03 -6.6798e-04 -3.3465e-04 -1.3199e-06 +3.3201e-04 +6.6535e-04 +9.9869e-04 +1.3320e-03 +1.6654e-03 +1.9987e-03 +2.3321e-03 +2.6654e-03 +2.9988e-03 +3.3321e-03 +3.6655e-03 +3.9989e-03 +4.3322e-03 +4.6656e-03 +4.9990e-03 +5.3324e-03 +5.6658e-03 +5.9991e-03 +6.3325e-03 +6.6659e-03 +6.9993e-03 +7.3327e-03 +7.6662e-03 +7.9996e-03 +8.3330e-03 +8.6664e-03 +8.9999e-03 +9.3333e-03 +9.6668e-03 +1.0000e-02 
# Vertical Final Position [m]
START
            -0000.01000 -0000.00967 -0000.00933 -0000.00900 -0000.00867 -0000.00833 -0000.00800 -0000.00767 -0000.00733 -0000.00700 -0000.00667 -0000.00633 -0000.00600 -0000.00567 -0000.00533 -0000.00500 -0000.00467 -0000.00433 -0000.00400 -0000.00367 -0000.00333 -0000.00300 -0000.00267 -0000.00233 -0000.00200 -0000.00167 -0000.00133 -0000.00100 -0000.00067 -0000.00033 +0000.00000 +0000.00033 +0000.00067 +0000.00100 +0000.00133 +0000.00167 +0000.00200 +0000.00233 +0000.00267 +0000.00300 +0000.00333 +0000.00367 +0000.00400 +0000.00433 +0000.00467 +0000.00500 +0000.00533 +0000.00567 +0000.00600 +0000.00633 +0000.00667 +0000.00700 +0000.00733 +0000.00767 +0000.00800 +0000.00833 +0000.00867 +0000.00900 +0000.00933 +0000.00967 +0000.01000 
+0000.00200 +2.0003e-03 +2.0003e-03 +2.0003e-03 +2.0003e-03 +2.0003e-03 +2.0003e-03 +2.0003e-03 +2.0003e-03 +2.0003e-03 +2.0003e-03 +2.0003e-03 +2.0003e-03 +2.0003e-03 +2.0002e-03 +2.0002e-03 +2.0002e-03 +2.0002e-03 +2.0002e-03 +2.0001e-03 +2.0001e-03 +2.0001e-03 +2.0001e-03 +2.0001e-03 +2.0000e-03 +2.0000e-03 +2.0000e-03 +2.0000e-03 +1.9999e-03 +1.9999e-03 +1.9999e-03 +1.9999e-03 +1.9998e-03 +1.9998e-03 +1.9998e-03 +1.9998e-03 +1.9997e-03 +1.9997e-03 +1.9997e-03 +1.9997e-03 +1.9996e-03 +1.9996e-03 +1.9996e-03 +1.9996e-03 +1.9995e-03 +1.9995e-03 +1.9995e-03 +1.9995e-03 +1.9995e-03 +1.9995e-03 +1.9994e-03 +1.9994e-03 +1.9994e-03 +1.9994e-03 +1.9994e-03 +1.9994e-03 +1.9994e-03 +1.9994e-03 +1.9994e-03 +1.9994e-03 +1.9994e-03 +1.9994e-03 
+0000.00150 +1.5002e-03 +1.5002e-03 +1.5002e-03 +1.5002e-03 +1.5002e-03 +1.5002e-03 +1.5002e-03 +1.5002e-03 +1.5002e-03 +1.5002e-03 +1.5002e-03 +1.5002e-03 +1.5002e-03 +1.5002e-03 +1.5002e-03 +1.5002e-03 +1.5002e-03 +1.5001e-03 +1.5001e-03 +1.5001e-03 +1.5001e-03 +1.5001e-03 +1.5001e-03 +1.5000e-03 +1.5000e-03 +1.5000e-03 +1.5000e-03 +1.5000e-03 +1.4999e-03 +1.4999e-03 +1.4999e-03 +1.4999e-03 +1.4999e-03 +1.4998e-03 +1.4998e-03 +1.4998e-03 +1.4998e-03 +1.4998e-03 +1.4997e-03 +1.4997e-03 +1.4997e-03 +1.4997e-03 +1.4997e-03 +1.4997e-03 +1.4996e-03 +1.4996e-03 +1.4996e-03 +1.4996e-03 +1.4996e-03 +1.4996e-03 +1.4996e-03 +1.4996e-03 +1.4996e-03 +1.4996e-03 +1.4996e-03 +1.4996e-03 +1.4996e-03 +1.4996e-03 +1.4996e-03 +1.4996e-03 +1.4996e-03 
+0000.00100 +1.0001e-03 +1.0001e-03 +1.0001e-03 +1.0001e-03 +1.0001e-03 +1.0001e-03 +1.0002e-03 +1.0002e-03 +1.0002e-03 +1.0002e-03 +1.0002e-03 +1.0002e-03 +1.0001e-03 +1.0001e-03 +1.0001e-03 +1.0001e-03 +1.0001e-03 +1.0001e-03 +1.0001e-03 +1.0001e-03 +1.0001e-03 +1.0001e-03 +1.0001e-03 +1.0000e-03 +1.0000e-03 +1.0000e-03 +1.0000e-03 +9.9998e-04 +9.9997e-04 +9.9995e-04 +9.9994e-04 +9.9992e-04 +9.9991e-04 +9.9989e-04 +9.9988e-04 +9.9987e-04 +9.9985e-04 +9.9984e-04 +9.9983e-04 +9.9981e-04 +9.9980e-04 +9.9979e-04 +9.9978e-04 +9.9977e-04 +9.9976e-04 +9.9975e-04 +9.9975e-04 +9.9974e-04 +9.9973e-04 +9.9973e-04 +9.9973e-04 +9.9973e-04 +9.9973e-04 +9.9973e-04 +9.9973e-04 +9.9973e-04 +9.9974e-04 +9.9974e-04 +9.9975e-04 +9.9976e-04 +9.9977e-04 
+0000.00050 +5.0004e-04 +5.0005e-04 +5.0006e-04 +5.0006e-04 +5.0007e-04 +5.0007e-04 +5.0007e-04 +5.0008e-04 +5.0008e-04 +5.0008e-04 +5.0008e-04 +5.0008e-04 +5.0008e-04 +5.0007e-04 +5.0007e-04 +5.0007e-04 +5.0006e-04 +5.0006e-04 +5.0005e-04 +5.0005e-04 +5.0004e-04 +5.0004e-04 +5.0003e-04 +5.0002e-04 +5.0002e-04 +5.0001e-04 +5.0000e-04 +4.9999e-04 +4.9999e-04 +4.9998e-04 +4.9997e-04 +4.9996e-04 +4.9995e-04 +4.9995e-04 +4.9994e-04 +4.9993e-04 +4.9992e-04 +4.9992e-04 +4.9991e-04 +4.9990e-04 +4.9990e-04 +4.9989e-04 +4.9989e-04 +4.9988e-04 +4.9988e-04 +4.9987e-04 +4.9987e-04 +4.9987e-04 +4.9987e-04 +4.9986e-04 +4.9986e-04 +4.9986e-04 +4.9987e-04 +4.9987e-04 +4.9987e-04 +4.9987e-04 +4.9988e-04 +4.9988e-04 +4.9989e-04 +4.9989e-04 +4.9990e-04 
+0000.00000 +8.6847e-12 +7.3027e-12 +5.9749e-12 +4.7007e-12 +3.4792e-12 +2.3098e-12 +1.1917e-12 +1.2437e-13 -8.9294e-13 -1.8608e-12 -2.7798e-12 -3.6504e-12 -4.4733e-12 -5.2488e-12 -5.9775e-12 -6.6599e-12 -7.2963e-12 -7.8871e-12 -8.4326e-12 -8.9333e-12 -9.3895e-12 -9.8013e-12 -1.0169e-11 -1.0493e-11 -1.0773e-11 -1.1010e-11 -1.1204e-11 -1.1354e-11 -1.1462e-11 -1.1526e-11 -1.1547e-11 -1.1525e-11 -1.1460e-11 -1.1353e-11 -1.1202e-11 -1.1007e-11 -1.0770e-11 -1.0488e-11 -1.0164e-11 -9.7946e-12 -9.3816e-12 -8.9241e-12 -8.4219e-12 -7.8746e-12 -7.2818e-12 -6.6433e-12 -5.9586e-12 -5.2273e-12 -4.4489e-12 -3.6229e-12 -2.7488e-12 -1.8261e-12 -8.5424e-13 +1.6743e-13 +1.2395e-12 +2.3627e-12 +3.5376e-12 +4.7649e-12 +6.0454e-12 +7.3798e-12 +8.7690e-12 
-0000.00050 -5.0004e-04 -5.0005e-04 -5.0006e-04 -5.0006e-04 -5.0007e-04 -5.0007e-04 -5.0007e-04 -5.0008e-04 -5.0008e-04 -5.0008e-04 -5.0008e-04 -5.0008e-04 -5.0008e-04 -5.0007e-04 -5.0007e-04 -5.0007e-04 -5.0006e-04 -5.0006e-04 -5.0005e-04 -5.0005e-04 -5.0004e-04 -5.0004e-04 -5.0003e-04 -5.0002e-04 -5.0002e-04 -5.0001e-04 -5.0000e-04 -4.9999e-04 -4.9999e-04 -4.9998e-04 -4.9997e-04 -4.9996e-04 -4.9995e-04 -4.9995e-04 -4.9994e-04 -4.9993e-04 -4.9992e-04 -4.9992e-04 -4.9991e-04 -4.9990e-04 -4.9990e-04 -4.9989e-04 -4.9989e-04 -4.9988e-04 -4.9988e-04 -4.9987e-04 -4.9987e-04 -4.9987e-04 -4.9987e-04 -4.9986e-04 -4.9986e-04 -4.9986e-04 -4.9987e-04 -4.9987e-04 -4.9987e-04 -4.9987e-04 -4.9988e-04 -4.9988e-04 -4.9989e-04 -4.9989e-04 -4.9990e-04 
-0000.00100 -1.0001e-03 -1.0001e-03 -1.0001e-03 -1.0001e-03 -1.0001e-03 -1.0001e-03 -1.0002e-03 -1.0002e-03 -1.0002e-03 -1.0002e-03 -1.0002e-03 -1.0002e-03 -1.0001e-03 -1.0001e-03 -1.0001e-03 -1.0001e-03 -1.0001e-03 -1.0001e-03 -1.0001e-03 -1.0001e-03 -1.0001e-03 -1.0001e-03 -1.0001e-03 -1.0000e-03 -1.0000e-03 -1.0000e-03 -1.0000e-03 -9.9998e-04 -9.9997e-04 -9.9995e-04 -9.9994e-04 -9.9992e-04 -9.9991e-04 -9.9989e-04 -9.9988e-04 -9.9987e-04 -9.9985e-04 -9.9984e-04 -9.9983e-04 -9.9981e-04 -9.9980e-04 -9.9979e-04 -9.9978e-04 -9.9977e-04 -9.9976e-04 -9.9975e-04 -9.9975e-04 -9.9974e-04 -9.9973e-04 -9.9973e-04 -9.9973e-04 -9.9973e-04 -9.9973e-04 -9.9973e-04 -9.9973e-04 -9.9973e-04 -9.9974e-04 -9.9974e-04 -9.9975e-04 -9.9976e-04 -9.9977e-04 
-0000.00150 -1.5002e-03 -1.5002e-03 -1.5002e-03 -1.5002e-03 -1.5002e-03 -1.5002e-03 -1.5002e-03 -1.5002e-03 -1.5002e-03 -1.5002e-03 -1.5002e-03 -1.5002e-03 -1.5002e-03 -1.5002e-03 -1.5002e-03 -1.5002e-03 -1.5002e-03 -1.5001e-03 -1.5001e-03 -1.5001e-03 -1.5001e-03 -1.5001e-03 -1.5001e-03 -1.5000e-03 -1.5000e-03 -1.5000e-03 -1.5000e-03 -1.5000e-03 -1.4999e-03 -1.4999e-03 -1.4999e-03 -1.4999e-03 -1.4999e-03 -1.4998e-03 -1.4998e-03 -1.4998e-03 -1.4998e-03 -1.4998e-03 -1.4997e-03 -1.4997e-03 -1.4997e-03 -1.4997e-03 -1.4997e-03 -1.4997e-03 -1.4996e-03 -1.4996e-03 -1.4996e-03 -1.4996e-03 -1.4996e-03 -1.4996e-03 -1.4996e-03 -1.4996e-03 -1.4996e-03 -1.4996e-03 -1.4996e-03 -1.4996e-03 -1.4996e-03 -1.4996e-03 -1.4996e-03 -1.4996e-03 -1.4996e-03 
-0000.00200 -2.0003e-03 -2.0003e-03 -2.0003e-03 -2.0003e-03 -2.0003e-03 -2.0003e-03 -2.0003e-03 -2.0003e-03 -2.0003e-03 -2.0003e-03 -2.0003e-03 -2.0003e-03 -2.0003e-03 -2.0002e-03 -2.0002e-03 -2.0002e-03 -2.0002e-03 -2.0002e-03 -2.0001e-03 -2.0001e-03 -2.0001e-03 -2.0001e-03 -2.0001e-03 -2.0000e-03 -2.0000e-03 -2.0000e-03 -2.0000e-03 -1.9999e-03 -1.9999e-03 -1.9999e-03 -1.9999e-03 -1.9998e-03 -1.9998e-03 -1.9998e-03 -1.9998e-03 -1.9997e-03 -1.9997e-03 -1.9997e-03 -1.9997e-03 -1.9996e-03 -1.9996e-03 -1.9996e-03 -1.9996e-03 -1.9995e-03 -1.9995e-03 -1.9995e-03 -1.9995e-03 -1.9995e-03 -1.9995e-03 -1.9994e-03 -1.9994e-03 -1.9994e-03 -1.9994e-03 -1.9994e-03 -1.9994e-03 -1.9994e-03 -1.9994e-03 -1.9994e-03 -1.9994e-03 -1.9994e-03 -1.9994e-03 