# Author: FAC idanalysis.IDKickMap
# Termination_kicks [T2m2]: +0.0000e+00 +0.0000e+00 +0.0000e+00 +0.0000e+00 
# Total Length of Longitudinal Interval [m]
0.13
# Number of Horizontal Points
61
# Number of Vertical Points
9
# Total Horizontal 2nd Order Kick [T2m2]
START
            -0000.01000 -0000.00967 -0000.00933 -0000.00900 -0000.00867 -0000.00833 -0000.00800 -0000.00767 -0000.00733 -0000.00700 -0000.00667 -0000.00633 -0000.00600 -0000.00567 -0000.00533 -0000.00500 -0000.00467 -0000.00433 -0000.00400 -0000.00367 -0000.00333 -0000.00300 -0000.00267 -0000.00233 -0000.00200 -0000.00167 -0000.00133 -0000.00100 -0000.00067 -0000.00033 +0000.00000 +0000.00033 +0000.00067 +0000.00100 +0000.00133 +0000.00167 +0000.00200 +0000.00233 +0000.00267 +0000.00300 +0000.00333 +0000.00367 +0000.00400 +0000.00433 +0000.00467 +0000.00500 +0000.00533 +0000.00567 +0000.00600 +0000.00633 +0000.00667 +0000.00700 +0000.00733 +0000.00767 +0000.00800 +0000.00833 +0000.00867 +0000.00900 +0000.00933 +0000.00967 +0000.01000 
+0000.00200 -3.5940e-05 -3.5496e-05 -3.5066e-05 -3.4650e-05 -3.4247e-05 -3.3859e-05 -3.3484e-05 -3.3124e-05 -3.2778e-05 -3.2447e-05 -3.2130e-05 -3.1828e-05 -3.1540e-05 -3.1268e-05 -3.1010e-05 -3.0767e-05 -3.0539e-05 -3.0326e-05 -3.0128e-05 -2.9946e-05 -2.9778e-05 -2.9626e-05 -2.9490e-05 -2.9368e-05 -2.9262e-05 -2.9172e-05 -2.9097e-05 -2.9037e-05 -2.8993e-05 -2.8965e-05 -2.8952e-05 -2.8954e-05 -2.8972e-05 -2.9006e-05 -2.9055e-05 -2.9119e-05 -2.9199e-05 -2.9295e-05 -2.9406e-05 -2.9532e-05 -2.9674e-05 -2.9831e-05 -3.0003e-05 -3.0191e-05 -3.0393e-05 -3.0611e-05 -3.0844e-05 -3.1092e-05 -3.1355e-05 -3.1633e-05 -3.1926e-05 -3.2233e-05 -3.2555e-05 -3.2892e-05 -3.3243e-05 -3.3608e-05 -3.3988e-05 -3.4382e-05 -3.4790e-05 -3.5211e-05 -3.5647e-05 
+0000.00150 -3.6063e-05 -3.5623e-05 -3.5197e-05 -3.4784e-05 -3.4384e-05 -3.3998e-05 -3.3626e-05 -3.3268e-05 -3.2924e-05 -3.2594e-05 -3.2278e-05 -3.1977e-05 -3.1691e-05 -3.1419e-05 -3.1162e-05 -3.0919e-05 -3.0692e-05 -3.0479e-05 -3.0282e-05 -3.0099e-05 -2.9932e-05 -2.9780e-05 -2.9643e-05 -2.9522e-05 -2.9416e-05 -2.9326e-05 -2.9251e-05 -2.9191e-05 -2.9147e-05 -2.9118e-05 -2.9105e-05 -2.9108e-05 -2.9126e-05 -2.9159e-05 -2.9208e-05 -2.9273e-05 -2.9353e-05 -2.9448e-05 -2.9559e-05 -2.9685e-05 -2.9827e-05 -2.9984e-05 -3.0156e-05 -3.0344e-05 -3.0546e-05 -3.0764e-05 -3.0996e-05 -3.1244e-05 -3.1506e-05 -3.1783e-05 -3.2075e-05 -3.2382e-05 -3.2702e-05 -3.3038e-05 -3.3387e-05 -3.3750e-05 -3.4128e-05 -3.4519e-05 -3.4924e-05 -3.5343e-05 -3.5775e-05 
+0000.00100 -3.6151e-05 -3.5714e-05 -3.5290e-05 -3.4879e-05 -3.4481e-05 -3.4097e-05 -3.3727e-05 -3.3370e-05 -3.3027e-05 -3.2699e-05 -3.2384e-05 -3.2084e-05 -3.1798e-05 -3.1527e-05 -3.1270e-05 -3.1028e-05 -3.0801e-05 -3.0588e-05 -3.0391e-05 -3.0209e-05 -3.0042e-05 -2.9890e-05 -2.9753e-05 -2.9632e-05 -2.9526e-05 -2.9435e-05 -2.9360e-05 -2.9301e-05 -2.9256e-05 -2.9228e-05 -2.9215e-05 -2.9217e-05 -2.9235e-05 -2.9269e-05 -2.9318e-05 -2.9382e-05 -2.9462e-05 -2.9558e-05 -2.9669e-05 -2.9795e-05 -2.9937e-05 -3.0094e-05 -3.0266e-05 -3.0453e-05 -3.0655e-05 -3.0873e-05 -3.1105e-05 -3.1352e-05 -3.1614e-05 -3.1891e-05 -3.2182e-05 -3.2487e-05 -3.2807e-05 -3.3141e-05 -3.3489e-05 -3.3851e-05 -3.4227e-05 -3.4617e-05 -3.5020e-05 -3.5436e-05 -3.5866e-05 
+0000.00050 -3.6203e-05 -3.5767e-05 -3.5345e-05 -3.4936e-05 -3.4539e-05 -3.4156e-05 -3.3787e-05 -3.3431e-05 -3.3089e-05 -3.2761e-05 -3.2447e-05 -3.2147e-05 -3.1862e-05 -3.1591e-05 -3.1334e-05 -3.1093e-05 -3.0866e-05 -3.0654e-05 -3.0456e-05 -3.0274e-05 -3.0107e-05 -2.9955e-05 -2.9819e-05 -2.9698e-05 -2.9592e-05 -2.9501e-05 -2.9426e-05 -2.9366e-05 -2.9322e-05 -2.9294e-05 -2.9281e-05 -2.9283e-05 -2.9301e-05 -2.9335e-05 -2.9384e-05 -2.9448e-05 -2.9528e-05 -2.9624e-05 -2.9735e-05 -2.9861e-05 -3.0003e-05 -3.0159e-05 -3.0331e-05 -3.0519e-05 -3.0721e-05 -3.0938e-05 -3.1170e-05 -3.1417e-05 -3.1679e-05 -3.1955e-05 -3.2246e-05 -3.2551e-05 -3.2870e-05 -3.3204e-05 -3.3551e-05 -3.3912e-05 -3.4287e-05 -3.4676e-05 -3.5077e-05 -3.5492e-05 -3.5920e-05 
+0000.00000 -3.6220e-05 -3.5786e-05 -3.5364e-05 -3.4955e-05 -3.4559e-05 -3.4176e-05 -3.3807e-05 -3.3452e-05 -3.3110e-05 -3.2782e-05 -3.2468e-05 -3.2168e-05 -3.1883e-05 -3.1612e-05 -3.1356e-05 -3.1114e-05 -3.0887e-05 -3.0675e-05 -3.0478e-05 -3.0296e-05 -3.0129e-05 -2.9977e-05 -2.9841e-05 -2.9720e-05 -2.9614e-05 -2.9523e-05 -2.9448e-05 -2.9388e-05 -2.9344e-05 -2.9316e-05 -2.9303e-05 -2.9305e-05 -2.9323e-05 -2.9357e-05 -2.9406e-05 -2.9470e-05 -2.9550e-05 -2.9646e-05 -2.9757e-05 -2.9883e-05 -3.0024e-05 -3.0181e-05 -3.0353e-05 -3.0540e-05 -3.0743e-05 -3.0960e-05 -3.1192e-05 -3.1439e-05 -3.1700e-05 -3.1976e-05 -3.2267e-05 -3.2572e-05 -3.2891e-05 -3.3224e-05 -3.3571e-05 -3.3932e-05 -3.4307e-05 -3.4695e-05 -3.5096e-05 -3.5511e-05 -3.5938e-05 
-0000.00050 -3.6203e-05 -3.5768e-05 -3.5345e-05 -3.4936e-05 -3.4540e-05 -3.4157e-05 -3.3787e-05 -3.3431e-05 -3.3089e-05 -3.2761e-05 -3.2447e-05 -3.2147e-05 -3.1862e-05 -3.1591e-05 -3.1334e-05 -3.1093e-05 -3.0866e-05 -3.0653e-05 -3.0456e-05 -3.0274e-05 -3.0107e-05 -2.9955e-05 -2.9819e-05 -2.9698e-05 -2.9592e-05 -2.9501e-05 -2.9426e-05 -2.9366e-05 -2.9322e-05 -2.9294e-05 -2.9281e-05 -2.9283e-05 -2.9301e-05 -2.9335e-05 -2.9384e-05 -2.9448e-05 -2.9528e-05 -2.9624e-05 -2.9735e-05 -2.9861e-05 -3.0003e-05 -3.0160e-05 -3.0332e-05 -3.0519e-05 -3.0721e-05 -3.0938e-05 -3.1170e-05 -3.1417e-05 -3.1679e-05 -3.1955e-05 -3.2246e-05 -3.2551e-05 -3.2870e-05 -3.3204e-05 -3.3551e-05 -3.3912e-05 -3.4287e-05 -3.4676e-05 -3.5077e-05 -3.5492e-05 -3.5920e-05 
-0000.00100 -3.6151e-05 -3.5714e-05 -3.5290e-05 -3.4879e-05 -3.4481e-05 -3.4097e-05 -3.3727e-05 -3.3370e-05 -3.3027e-05 -3.2699e-05 -3.2384e-05 -3.2084e-05 -3.1798e-05 -3.1527e-05 -3.1270e-05 -3.1028e-05 -3.0801e-05 -3.0588e-05 -3.0391e-05 -3.0209e-05 -3.0042e-05 -2.9890e-05 -2.9753e-05 -2.9632e-05 -2.9526e-05 -2.9435e-05 -2.9360e-05 -2.9301e-05 -2.9257e-05 -2.9228e-05 -2.9215e-05 -2.9217e-05 -2.9235e-05 -2.9269e-05 -2.9318e-05 -2.9382e-05 -2.9462e-05 -2.9558e-05 -2.9669e-05 -2.9795e-05 -2.9937e-05 -3.0094e-05 -3.0266e-05 -3.0453e-05 -3.0655e-05 -3.0873e-05 -3.1105e-05 -3.1352e-05 -3.1614e-05 -3.1891e-05 -3.2182e-05 -3.2487e-05 -3.2807e-05 -3.3141e-05 -3.3490e-05 -3.3852e-05 -3.4228e-05 -3.4617e-05 -3.5020e-05 -3.5437e-05 -3.5866e-05 
-0000.00150 -3.6063e-05 -3.5623e-05 -3.5197e-05 -3.4784e-05 -3.4384e-05 -3.3998e-05 -3.3626e-05 -3.3268e-05 -3.2924e-05 -3.2594e-05 -3.2278e-05 -3.1977e-05 -3.1691e-05 -3.1419e-05 -3.1161e-05 -3.0919e-05 -3.0691e-05 -3.0479e-05 -3.0281e-05 -3.0099e-05 -2.9932e-05 -2.9780e-05 -2.9643e-05 -2.9522e-05 -2.9416e-05 -2.9325e-05 -2.9250e-05 -2.9191e-05 -2.9147e-05 -2.9118e-05 -2.9105e-05 -2.9108e-05 -2.9126e-05 -2.9159e-05 -2.9208e-05 -2.9273e-05 -2.9353e-05 -2.9448e-05 -2.9559e-05 -2.9685e-05 -2.9827e-05 -2.9984e-05 -3.0156e-05 -3.0344e-05 -3.0546e-05 -3.0764e-05 -3.0997e-05 -3.1244e-05 -3.1507e-05 -3.1784e-05 -3.2075e-05 -3.2382e-05 -3.2703e-05 -3.3038e-05 -3.3387e-05 -3.3751e-05 -3.4128e-05 -3.4520e-05 -3.4925e-05 -3.5343e-05 -3.5776e-05 
-0000.00200 -3.5939e-05 -3.5496e-05 -3.5066e-05 -3.4649e-05 -3.4247e-05 -3.3858e-05 -3.3484e-05 -3.3124e-05 -3.2778e-05 -3.2447e-05 -3.2130e-05 -3.1828e-05 -3.1540e-05 -3.1268e-05 -3.1010e-05 -3.0767e-05 -3.0539e-05 -3.0326e-05 -3.0128e-05 -2.9946e-05 -2.9778e-05 -2.9626e-05 -2.9490e-05 -2.9368e-05 -2.9262e-05 -2.9172e-05 -2.9097e-05 -2.9037e-05 -2.8993e-05 -2.8965e-05 -2.8951e-05 -2.8954e-05 -2.8972e-05 -2.9005e-05 -2.9055e-05 -2.9119e-05 -2.9199e-05 -2.9295e-05 -2.9406e-05 -2.9532e-05 -2.9674e-05 -2.9831e-05 -3.0003e-05 -3.0191e-05 -3.0393e-05 -3.0611e-05 -3.0844e-05 -3.1092e-05 -3.1355e-05 -3.1633e-05 -3.1926e-05 -3.2233e-05 -3.2555e-05 -3.2892e-05 -3.3243e-05 -3.3608e-05 -3.3988e-05 -3.4382e-05 -3.4790e-05 -3.5211e-05 -3.5647e-05 
# Total Vertical 2nd Order Kick [T2m2]
START
            -0000.01000 -0000.00967 -0000.00933 -0000.00900 -0000.00867 -0000.00833 -0000.00800 -0000.00767 -0000.00733 -0000.00700 -0000.00667 -0000.00633 -0000.00600 -0000.00567 -0000.00533 -0000.00500 -0000.00467 -0000.00433 -0000.00400 -0000.00367 -0000.00333 -0000.00300 -0000.00267 -0000.00233 -0000.00200 -0000.00167 -0000.00133 -0000.00100 -0000.00067 -0000.00033 +0000.00000 +0000.00033 +0000.00067 +0000.00100 +0000.00133 +0000.00167 +0000.00200 +0000.00233 +0000.00267 +0000.00300 +0000.00333 +0000.00367 +0000.00400 +0000.00433 +0000.00467 +0000.00500 +0000.00533 +0000.00567 +0000.00600 +0000.00633 +0000.00667 +0000.00700 +0000.00733 +0000.00767 +0000.00800 +0000.00833 +0000.00867 +0000.00900 +0000.00933 +0000.00967 +0000.01000 
+0000.00200 -3.8884e-06 -3.8159e-06 -3.7418e-06 -3.6661e-06 -3.5889e-06 -3.5102e-06 -3.4302e-06 -3.3488e-06 -3.2663e-06 -3.1825e-06 -3.0977e-06 -3.0119e-06 -2.9251e-06 -2.8375e-06 -2.7490e-06 -2.6598e-06 -2.5699e-06 -2.4793e-06 -2.3882e-06 -2.2966e-06 -2.2045e-06 -2.1120e-06 -2.0192e-06 -1.9261e-06 -1.8327e-06 -1.7391e-06 -1.6454e-06 -1.5516e-06 -1.4577e-06 -1.3638e-06 -1.2700e-06 -1.1762e-06 -1.0825e-06 -9.8901e-07 -8.9567e-07 -8.0256e-07 -7.0971e-07 -6.1715e-07 -5.2490e-07 -4.3301e-07 -3.4150e-07 -2.5040e-07 -1.5973e-07 -6.9521e-08 +2.0209e-08 +1.0944e-07 +1.9814e-07 +2.8630e-07 +3.7390e-07 +4.6093e-07 +5.4736e-07 +6.3319e-07 +7.1840e-07 +8.0299e-07 +8.8694e-07 +9.7024e-07 +1.0529e-06 +1.1349e-06 +1.2162e-06 +1.2969e-06 +1.3769e-06 
+0000.00150 -2.8335e-06 -2.7798e-06 -2.7249e-06 -2.6687e-06 -2.6113e-06 -2.5527e-06 -2.4932e-06 -2.4326e-06 -2.3710e-06 -2.3085e-06 -2.2452e-06 -2.1811e-06 -2.1163e-06 -2.0508e-06 -1.9846e-06 -1.9179e-06 -1.8506e-06 -1.7828e-06 -1.7146e-06 -1.6459e-06 -1.5769e-06 -1.5076e-06 -1.4380e-06 -1.3682e-06 -1.2982e-06 -1.2281e-06 -1.1578e-06 -1.0874e-06 -1.0170e-06 -9.4657e-07 -8.7617e-07 -8.0582e-07 -7.3556e-07 -6.6541e-07 -5.9541e-07 -5.2559e-07 -4.5596e-07 -3.8655e-07 -3.1740e-07 -2.4852e-07 -1.7994e-07 -1.1168e-07 -4.3759e-08 +2.3804e-08 +9.0989e-08 +1.5778e-07 +2.2416e-07 +2.9011e-07 +3.5562e-07 +4.2067e-07 +4.8526e-07 +5.4937e-07 +6.1299e-07 +6.7612e-07 +7.3874e-07 +8.0085e-07 +8.6244e-07 +9.2350e-07 +9.8404e-07 +1.0441e-06 +1.1035e-06 
+0000.00100 -1.8520e-06 -1.8165e-06 -1.7802e-06 -1.7430e-06 -1.7050e-06 -1.6662e-06 -1.6267e-06 -1.5865e-06 -1.5457e-06 -1.5042e-06 -1.4622e-06 -1.4196e-06 -1.3765e-06 -1.3329e-06 -1.2889e-06 -1.2445e-06 -1.1997e-06 -1.1546e-06 -1.1091e-06 -1.0634e-06 -1.0175e-06 -9.7130e-07 -9.2493e-07 -8.7840e-07 -8.3174e-07 -7.8497e-07 -7.3812e-07 -6.9121e-07 -6.4426e-07 -5.9731e-07 -5.5037e-07 -5.0347e-07 -4.5662e-07 -4.0986e-07 -3.6319e-07 -3.1663e-07 -2.7022e-07 -2.2396e-07 -1.7787e-07 -1.3197e-07 -8.6266e-08 -4.0787e-08 +4.4602e-09 +4.9460e-08 +9.4200e-08 +1.3867e-07 +1.8285e-07 +2.2674e-07 +2.7033e-07 +3.1360e-07 +3.5655e-07 +3.9917e-07 +4.4145e-07 +4.8339e-07 +5.2497e-07 +5.6620e-07 +6.0708e-07 +6.4758e-07 +6.8772e-07 +7.2750e-07 +7.6690e-07 
+0000.00050 -9.1606e-07 -8.9845e-07 -8.8039e-07 -8.6189e-07 -8.4298e-07 -8.2368e-07 -8.0401e-07 -7.8398e-07 -7.6362e-07 -7.4294e-07 -7.2197e-07 -7.0072e-07 -6.7921e-07 -6.5747e-07 -6.3550e-07 -6.1332e-07 -5.9095e-07 -5.6841e-07 -5.4572e-07 -5.2288e-07 -4.9991e-07 -4.7683e-07 -4.5366e-07 -4.3040e-07 -4.0708e-07 -3.8370e-07 -3.6027e-07 -3.3682e-07 -3.1335e-07 -2.8987e-07 -2.6640e-07 -2.4295e-07 -2.1953e-07 -1.9614e-07 -1.7281e-07 -1.4953e-07 -1.2632e-07 -1.0319e-07 -8.0152e-08 -5.7204e-08 -3.4360e-08 -1.1627e-08 +1.0988e-08 +3.3478e-08 +5.5836e-08 +7.8057e-08 +1.0013e-07 +1.2206e-07 +1.4383e-07 +1.6544e-07 +1.8689e-07 +2.0817e-07 +2.2928e-07 +2.5021e-07 +2.7097e-07 +2.9154e-07 +3.1193e-07 +3.3214e-07 +3.5216e-07 +3.7199e-07 +3.9163e-07 
+0000.00000 -1.9309e-09 -1.9645e-09 -1.9962e-09 -2.0262e-09 -2.0545e-09 -2.0812e-09 -2.1063e-09 -2.1300e-09 -2.1523e-09 -2.1732e-09 -2.1928e-09 -2.2112e-09 -2.2284e-09 -2.2445e-09 -2.2595e-09 -2.2734e-09 -2.2864e-09 -2.2983e-09 -2.3094e-09 -2.3195e-09 -2.3287e-09 -2.3371e-09 -2.3447e-09 -2.3515e-09 -2.3574e-09 -2.3626e-09 -2.3670e-09 -2.3707e-09 -2.3736e-09 -2.3758e-09 -2.3772e-09 -2.3778e-09 -2.3777e-09 -2.3768e-09 -2.3751e-09 -2.3726e-09 -2.3693e-09 -2.3652e-09 -2.3602e-09 -2.3543e-09 -2.3474e-09 -2.3397e-09 -2.3309e-09 -2.3211e-09 -2.3102e-09 -2.2982e-09 -2.2851e-09 -2.2707e-09 -2.2551e-09 -2.2381e-09 -2.2197e-09 -2.1999e-09 -2.1786e-09 -2.1558e-09 -2.1312e-09 -2.1050e-09 -2.0769e-09 -2.0470e-09 -2.0151e-09 -1.9811e-09 -1.9450e-09 
-0000.00050 +9.1220e-07 +8.9452e-07 +8.7640e-07 +8.5784e-07 +8.3887e-07 +8.1952e-07 +7.9979e-07 +7.7972e-07 +7.5931e-07 +7.3859e-07 +7.1758e-07 +6.9630e-07 +6.7476e-07 +6.5298e-07 +6.3098e-07 +6.0877e-07 +5.8638e-07 +5.6382e-07 +5.4110e-07 +5.1824e-07 +4.9525e-07 +4.7216e-07 +4.4897e-07 +4.2570e-07 +4.0236e-07 +3.7897e-07 +3.5554e-07 +3.3208e-07 +3.0860e-07 +2.8512e-07 +2.6165e-07 +2.3819e-07 +2.1477e-07 +1.9139e-07 +1.6806e-07 +1.4478e-07 +1.2158e-07 +9.8462e-08 +7.5429e-08 +5.2493e-08 +2.9661e-08 +6.9431e-09 -1.5655e-08 -3.8126e-08 -6.0463e-08 -8.2660e-08 -1.0471e-07 -1.2661e-07 -1.4835e-07 -1.6993e-07 -1.9134e-07 -2.1258e-07 -2.3365e-07 -2.5453e-07 -2.7524e-07 -2.9576e-07 -3.1609e-07 -3.3624e-07 -3.5619e-07 -3.7595e-07 -3.9552e-07 
-0000.00100 +1.8481e-06 +1.8126e-06 +1.7762e-06 +1.7389e-06 +1.7009e-06 +1.6621e-06 +1.6225e-06 +1.5823e-06 +1.5414e-06 +1.4999e-06 +1.4578e-06 +1.4152e-06 +1.3720e-06 +1.3284e-06 +1.2844e-06 +1.2399e-06 +1.1951e-06 +1.1500e-06 +1.1045e-06 +1.0588e-06 +1.0128e-06 +9.6661e-07 +9.2023e-07 +8.7369e-07 +8.2701e-07 +7.8023e-07 +7.3337e-07 +6.8645e-07 +6.3950e-07 +5.9254e-07 +5.4560e-07 +4.9870e-07 +4.5185e-07 +4.0508e-07 +3.5842e-07 +3.1187e-07 +2.6546e-07 +2.1921e-07 +1.7313e-07 +1.2724e-07 +8.1556e-08 +3.6092e-08 -9.1361e-09 -5.4116e-08 -9.8833e-08 -1.4328e-07 -1.8743e-07 -2.3130e-07 -2.7485e-07 -3.1809e-07 -3.6100e-07 -4.0358e-07 -4.4582e-07 -4.8771e-07 -5.2924e-07 -5.7042e-07 -6.1124e-07 -6.5169e-07 -6.9177e-07 -7.3147e-07 -7.7080e-07 
-0000.00150 +2.8296e-06 +2.7759e-06 +2.7208e-06 +2.6646e-06 +2.6071e-06 +2.5486e-06 +2.4889e-06 +2.4283e-06 +2.3667e-06 +2.3042e-06 +2.2408e-06 +2.1767e-06 +2.1118e-06 +2.0463e-06 +1.9801e-06 +1.9133e-06 +1.8460e-06 +1.7782e-06 +1.7099e-06 +1.6413e-06 +1.5723e-06 +1.5029e-06 +1.4334e-06 +1.3635e-06 +1.2935e-06 +1.2233e-06 +1.1530e-06 +1.0827e-06 +1.0122e-06 +9.4181e-07 +8.7140e-07 +8.0105e-07 +7.3079e-07 +6.6064e-07 +5.9064e-07 +5.2082e-07 +4.5120e-07 +3.8180e-07 +3.1265e-07 +2.4379e-07 +1.7522e-07 +1.0697e-07 +3.9064e-08 -2.8481e-08 -9.5647e-08 -1.6241e-07 -2.2877e-07 -2.9469e-07 -3.6017e-07 -4.2519e-07 -4.8974e-07 -5.5381e-07 -6.1739e-07 -6.8047e-07 -7.4304e-07 -8.0509e-07 -8.6662e-07 -9.2763e-07 -9.8810e-07 -1.0480e-06 -1.1074e-06 
-0000.00200 +3.8844e-06 +3.8119e-06 +3.7378e-06 +3.6620e-06 +3.5847e-06 +3.5060e-06 +3.4259e-06 +3.3445e-06 +3.2619e-06 +3.1781e-06 +3.0933e-06 +3.0074e-06 +2.9206e-06 +2.8329e-06 +2.7444e-06 +2.6552e-06 +2.5652e-06 +2.4747e-06 +2.3835e-06 +2.2919e-06 +2.1998e-06 +2.1073e-06 +2.0145e-06 +1.9213e-06 +1.8279e-06 +1.7344e-06 +1.6406e-06 +1.5468e-06 +1.4529e-06 +1.3590e-06 +1.2652e-06 +1.1714e-06 +1.0777e-06 +9.8421e-07 +8.9088e-07 +7.9777e-07 +7.0492e-07 +6.1237e-07 +5.2013e-07 +4.2825e-07 +3.3676e-07 +2.4567e-07 +1.5501e-07 +6.4820e-08 -2.4890e-08 -1.1409e-07 -2.0277e-07 -2.9091e-07 -3.7848e-07 -4.6547e-07 -5.5187e-07 -6.3766e-07 -7.2283e-07 -8.0737e-07 -8.9127e-07 -9.7452e-07 -1.0571e-06 -1.1390e-06 -1.2203e-06 -1.3009e-06 -1.3808e-06 
# Horizontal Final Position [m]
START
            -0000.01000 -0000.00967 -0000.00933 -0000.00900 -0000.00867 -0000.00833 -0000.00800 -0000.00767 -0000.00733 -0000.00700 -0000.00667 -0000.00633 -0000.00600 -0000.00567 -0000.00533 -0000.00500 -0000.00467 -0000.00433 -0000.00400 -0000.00367 -0000.00333 -0000.00300 -0000.00267 -0000.00233 -0000.00200 -0000.00167 -0000.00133 -0000.00100 -0000.00067 -0000.00033 +0000.00000 +0000.00033 +0000.00067 +0000.00100 +0000.00133 +0000.00167 +0000.00200 +0000.00233 +0000.00267 +0000.00300 +0000.00333 +0000.00367 +0000.00400 +0000.00433 +0000.00467 +0000.00500 +0000.00533 +0000.00567 +0000.00600 +0000.00633 +0000.00667 +0000.00700 +0000.00733 +0000.00767 +0000.00800 +0000.00833 +0000.00867 +0000.00900 +0000.00933 +0000.00967 +0000.01000 
+0000.00200 -1.0004e-02 -9.6704e-03 -9.3371e-03 -9.0038e-03 -8.6706e-03 -8.3373e-03 -8.0040e-03 -7.6707e-03 -7.3374e-03 -7.0041e-03 -6.6707e-03 -6.3374e-03 -6.0041e-03 -5.6708e-03 -5.3375e-03 -5.0041e-03 -4.6708e-03 -4.3375e-03 -4.0042e-03 -3.6708e-03 -3.3375e-03 -3.0042e-03 -2.6708e-03 -2.3375e-03 -2.0041e-03 -1.6708e-03 -1.3375e-03 -1.0041e-03 -6.7079e-04 -3.3745e-04 -4.1070e-06 +3.2923e-04 +6.6258e-04 +9.9592e-04 +1.3293e-03 +1.6626e-03 +1.9959e-03 +2.3293e-03 +2.6626e-03 +2.9960e-03 +3.3293e-03 +3.6626e-03 +3.9960e-03 +4.3293e-03 +4.6626e-03 +4.9960e-03 +5.3293e-03 +5.6626e-03 +5.9959e-03 +6.3293e-03 +6.6626e-03 +6.9959e-03 +7.3292e-03 +7.6625e-03 +7.9958e-03 +8.3292e-03 +8.6625e-03 +8.9958e-03 +9.3291e-03 +9.6624e-03 +9.9957e-03 
+0000.00150 -1.0004e-02 -9.6704e-03 -9.3371e-03 -9.0038e-03 -8.6706e-03 -8.3373e-03 -8.0040e-03 -7.6707e-03 -7.3374e-03 -7.0040e-03 -6.6707e-03 -6.3374e-03 -6.0041e-03 -5.6708e-03 -5.3375e-03 -5.0041e-03 -4.6708e-03 -4.3375e-03 -4.0042e-03 -3.6708e-03 -3.3375e-03 -3.0042e-03 -2.6708e-03 -2.3375e-03 -2.0042e-03 -1.6708e-03 -1.3375e-03 -1.0041e-03 -6.7079e-04 -3.3745e-04 -4.1127e-06 +3.2923e-04 +6.6257e-04 +9.9591e-04 +1.3293e-03 +1.6626e-03 +1.9959e-03 +2.3293e-03 +2.6626e-03 +2.9959e-03 +3.3293e-03 +3.6626e-03 +3.9960e-03 +4.3293e-03 +4.6626e-03 +4.9959e-03 +5.3293e-03 +5.6626e-03 +5.9959e-03 +6.3293e-03 +6.6626e-03 +6.9959e-03 +7.3292e-03 +7.6625e-03 +7.9958e-03 +8.3292e-03 +8.6625e-03 +8.9958e-03 +9.3291e-03 +9.6624e-03 +9.9957e-03 
+0000.00100 -1.0004e-02 -9.6704e-03 -9.3371e-03 -9.0038e-03 -8.6706e-03 -8.3373e-03 -8.0040e-03 -7.6707e-03 -7.3374e-03 -7.0040e-03 -6.6707e-03 -6.3374e-03 -6.0041e-03 -5.6708e-03 -5.3375e-03 -5.0041e-03 -4.6708e-03 -4.3375e-03 -4.0042e-03 -3.6708e-03 -3.3375e-03 -3.0042e-03 -2.6708e-03 -2.3375e-03 -2.0042e-03 -1.6708e-03 -1.3375e-03 -1.0041e-03 -6.7079e-04 -3.3745e-04 -4.1127e-06 +3.2923e-04 +6.6257e-04 +9.9591e-04 +1.3293e-03 +1.6626e-03 +1.9959e-03 +2.3293e-03 +2.6626e-03 +2.9959e-03 +3.3293e-03 +3.6626e-03 +3.9960e-03 +4.3293e-03 +4.6626e-03 +4.9959e-03 +5.3293e-03 +5.6626e-03 +5.9959e-03 +6.3293e-03 +6.6626e-03 +6.9959e-03 +7.3292e-03 +7.6625e-03 +7.9958e-03 +8.3292e-03 +8.6625e-03 +8.9958e-03 +9.3291e-03 +9.6624e-03 +9.9957e-03 
+0000.00050 -1.0004e-02 -9.6704e-03 -9.3371e-03 -9.0038e-03 -8.6706e-03 -8.3373e-03 -8.0040e-03 -7.6707e-03 -7.3374e-03 -7.0040e-03 -6.6707e-03 -6.3374e-03 -6.0041e-03 -5.6708e-03 -5.3375e-03 -5.0041e-03 -4.6708e-03 -4.3375e-03 -4.0042e-03 -3.6708e-03 -3.3375e-03 -3.0042e-03 -2.6708e-03 -2.3375e-03 -2.0042e-03 -1.6708e-03 -1.3375e-03 -1.0041e-03 -6.7079e-04 -3.3745e-04 -4.1128e-06 +3.2923e-04 +6.6257e-04 +9.9591e-04 +1.3293e-03 +1.6626e-03 +1.9959e-03 +2.3293e-03 +2.6626e-03 +2.9959e-03 +3.3293e-03 +3.6626e-03 +3.9960e-03 +4.3293e-03 +4.6626e-03 +4.9959e-03 +5.3293e-03 +5.6626e-03 +5.9959e-03 +6.3293e-03 +6.6626e-03 +6.9959e-03 +7.3292e-03 +7.6625e-03 +7.9958e-03 +8.3292e-03 +8.6625e-03 +8.9958e-03 +9.3291e-03 +9.6624e-03 +9.9957e-03 
+0000.00000 -1.0004e-02 -9.6704e-03 -9.3371e-03 -9.0038e-03 -8.6706e-03 -8.3373e-03 -8.0040e-03 -7.6707e-03 -7.3374e-03 -7.0040e-03 -6.6707e-03 -6.3374e-03 -6.0041e-03 -5.6708e-03 -5.3375e-03 -5.0041e-03 -4.6708e-03 -4.3375e-03 -4.0042e-03 -3.6708e-03 -3.3375e-03 -3.0042e-03 -2.6708e-03 -2.3375e-03 -2.0042e-03 -1.6708e-03 -1.3375e-03 -1.0041e-03 -6.7079e-04 -3.3745e-04 -4.1128e-06 +3.2923e-04 +6.6257e-04 +9.9591e-04 +1.3293e-03 +1.6626e-03 +1.9959e-03 +2.3293e-03 +2.6626e-03 +2.9959e-03 +3.3293e-03 +3.6626e-03 +3.9960e-03 +4.3293e-03 +4.6626e-03 +4.9959e-03 +5.3293e-03 +5.6626e-03 +5.9959e-03 +6.3293e-03 +6.6626e-03 +6.9959e-03 +7.3292e-03 +7.6625e-03 +7.9958e-03 +8.3292e-03 +8.6625e-03 +8.9958e-03 +9.3291e-03 +9.6624e-03 +9.9957e-03 
-0000.00050 -1.0004e-02 -9.6704e-03 -9.3371e-03 -9.0038e-03 -8.6706e-03 -8.3373e-03 -8.0040e-03 -7.6707e-03 -7.3374e-03 -7.0040e-03 -6.6707e-03 -6.3374e-03 -6.0041e-03 -5.6708e-03 -5.3375e-03 -5.0041e-03 -4.6708e-03 -4.3375e-03 -4.0042e-03 -3.6708e-03 -3.3375e-03 -3.0042e-03 -2.6708e-03 -2.3375e-03 -2.0042e-03 -1.6708e-03 -1.3375e-03 -1.0041e-03 -6.7079e-04 -3.3745e-04 -4.1128e-06 +3.2923e-04 +6.6257e-04 +9.9591e-04 +1.3293e-03 +1.6626e-03 +1.9959e-03 +2.3293e-03 +2.6626e-03 +2.9959e-03 +3.3293e-03 +3.6626e-03 +3.9960e-03 +4.3293e-03 +4.6626e-03 +4.9959e-03 +5.3293e-03 +5.6626e-03 +5.9959e-03 +6.3293e-03 +6.6626e-03 +6.9959e-03 +7.3292e-03 +7.6625e-03 +7.9958e-03 +8.3292e-03 +8.6625e-03 +8.9958e-03 +9.3291e-03 +9.6624e-03 +9.9957e-03 
-0000.00100 -1.0004e-02 -9.6704e-03 -9.3371e-03 -9.0038e-03 -8.6706e-03 -8.3373e-03 -8.0040e-03 -7.6707e-03 -7.3374e-03 -7.0040e-03 -6.6707e-03 -6.3374e-03 -6.0041e-03 -5.6708e-03 -5.3375e-03 -5.0041e-03 -4.6708e-03 -4.3375e-03 -4.0042e-03 -3.6708e-03 -3.3375e-03 -3.0042e-03 -2.6708e-03 -2.3375e-03 -2.0042e-03 -1.6708e-03 -1.3375e-03 -1.0041e-03 -6.7079e-04 -3.3745e-04 -4.1127e-06 +3.2923e-04 +6.6257e-04 +9.9591e-04 +1.3293e-03 +1.6626e-03 +1.9959e-03 +2.3293e-03 +2.6626e-03 +2.9959e-03 +3.3293e-03 +3.6626e-03 +3.9960e-03 +4.3293e-03 +4.6626e-03 +4.9959e-03 +5.3293e-03 +5.6626e-03 +5.9959e-03 +6.3293e-03 +6.6626e-03 +6.9959e-03 +7.3292e-03 +7.6625e-03 +7.9958e-03 +8.3292e-03 +8.6625e-03 +8.9958e-03 +9.3291e-03 +9.6624e-03 +9.9957e-03 
-0000.00150 -1.0004e-02 -9.6704e-03 -9.3371e-03 -9.0038e-03 -8.6706e-03 -8.3373e-03 -8.0040e-03 -7.6707e-03 -7.3374e-03 -7.0040e-03 -6.6707e-03 -6.3374e-03 -6.0041e-03 -5.6708e-03 -5.3375e-03 -5.0041e-03 -4.6708e-03 -4.3375e-03 -4.0042e-03 -3.6708e-03 -3.3375e-03 -3.0042e-03 -2.6708e-03 -2.3375e-03 -2.0042e-03 -1.6708e-03 -1.3375e-03 -1.0041e-03 -6.7079e-04 -3.3745e-04 -4.1127e-06 +3.2923e-04 +6.6257e-04 +9.9591e-04 +1.3293e-03 +1.6626e-03 +1.9959e-03 +2.3293e-03 +2.6626e-03 +2.9959e-03 +3.3293e-03 +3.6626e-03 +3.9960e-03 +4.3293e-03 +4.6626e-03 +4.9959e-03 +5.3293e-03 +5.6626e-03 +5.9959e-03 +6.3293e-03 +6.6626e-03 +6.9959e-03 +7.3292e-03 +7.6625e-03 +7.9958e-03 +8.3292e-03 +8.6625e-03 +8.9958e-03 +9.3291e-03 +9.6624e-03 +9.9957e-03 
-0000.00200 -1.0004e-02 -9.6704e-03 -9.3371e-03 -9.0038e-03 -8.6706e-03 -8.3373e-03 -8.0040e-03 -7.6707e-03 -7.3374e-03 -7.0041e-03 -6.6707e-03 -6.3374e-03 -6.0041e-03 -5.6708e-03 -5.3375e-03 -5.0041e-03 -4.6708e-03 -4.3375e-03 -4.0042e-03 -3.6708e-03 -3.3375e-03 -3.0042e-03 -2.6708e-03 -2.3375e-03 -2.0041e-03 -1.6708e-03 -1.3375e-03 -1.0041e-03 -6.7079e-04 -3.3745e-04 -4.1070e-06 +3.2923e-04 +6.6258e-04 +9.9592e-04 +1.3293e-03 +1.6626e-03 +1.9959e-03 +2.3293e-03 +2.6626e-03 +2.9960e-03 +3.3293e-03 +3.6626e-03 +3.9960e-03 +4.3293e-03 +4.6626e-03 +4.9960e-03 +5.3293e-03 +5.6626e-03 +5.9959e-03 +6.3293e-03 +6.6626e-03 +6.9959e-03 +7.3292e-03 +7.6625e-03 +7.9958e-03 +8.3292e-03 +8.6625e-03 +8.9958e-03 +9.3291e-03 +9.6624e-03 +9.9957e-03 
# Vertical Final Position [m]
START
            -0000.01000 -0000.00967 -0000.00933 -0000.00900 -0000.00867 -0000.00833 -0000.00800 -0000.00767 -0000.00733 -0000.00700 -0000.00667 -0000.00633 -0000.00600 -0000.00567 -0000.00533 -0000.00500 -0000.00467 -0000.00433 -0000.00400 -0000.00367 -0000.00333 -0000.00300 -0000.00267 -0000.00233 -0000.00200 -0000.00167 -0000.00133 -0000.00100 -0000.00067 -0000.00033 +0000.00000 +0000.00033 +0000.00067 +0000.00100 +0000.00133 +0000.00167 +0000.00200 +0000.00233 +0000.00267 +0000.00300 +0000.00333 +0000.00367 +0000.00400 +0000.00433 +0000.00467 +0000.00500 +0000.00533 +0000.00567 +0000.00600 +0000.00633 +0000.00667 +0000.00700 +0000.00733 +0000.00767 +0000.00800 +0000.00833 +0000.00867 +0000.00900 +0000.00933 +0000.00967 +0000.01000 
+0000.00200 +2.0000e-03 +2.0000e-03 +2.0000e-03 +2.0000e-03 +2.0000e-03 +2.0000e-03 +2.0000e-03 +2.0000e-03 +2.0000e-03 +2.0000e-03 +2.0000e-03 +2.0000e-03 +2.0000e-03 +2.0000e-03 +2.0000e-03 +2.0000e-03 +2.0000e-03 +2.0000e-03 +2.0000e-03 +2.0000e-03 +2.0000e-03 +2.0000e-03 +2.0000e-03 +2.0000e-03 +2.0000e-03 +2.0000e-03 +2.0000e-03 +2.0000e-03 +2.0000e-03 +2.0000e-03 +2.0000e-03 +2.0000e-03 +2.0000e-03 +2.0000e-03 +2.0000e-03 +2.0000e-03 +2.0000e-03 +2.0000e-03 +2.0000e-03 +2.0000e-03 +2.0000e-03 +2.0000e-03 +2.0000e-03 +2.0000e-03 +2.0000e-03 +2.0000e-03 +2.0000e-03 +2.0000e-03 +2.0000e-03 +2.0000e-03 +2.0000e-03 +2.0000e-03 +2.0000e-03 +2.0000e-03 +2.0000e-03 +2.0000e-03 +2.0000e-03 +2.0000e-03 +2.0000e-03 +2.0000e-03 +2.0000e-03 
+0000.00150 +1.5000e-03 +1.5000e-03 +1.5000e-03 +1.5000e-03 +1.5000e-03 +1.5000e-03 +1.5000e-03 +1.5000e-03 +1.5000e-03 +1.5000e-03 +1.5000e-03 +1.5000e-03 +1.5000e-03 +1.5000e-03 +1.5000e-03 +1.5000e-03 +1.5000e-03 +1.5000e-03 +1.5000e-03 +1.5000e-03 +1.5000e-03 +1.5000e-03 +1.5000e-03 +1.5000e-03 +1.5000e-03 +1.5000e-03 +1.5000e-03 +1.5000e-03 +1.5000e-03 +1.5000e-03 +1.5000e-03 +1.5000e-03 +1.5000e-03 +1.5000e-03 +1.5000e-03 +1.5000e-03 +1.5000e-03 +1.5000e-03 +1.5000e-03 +1.5000e-03 +1.5000e-03 +1.5000e-03 +1.5000e-03 +1.5000e-03 +1.5000e-03 +1.5000e-03 +1.5000e-03 +1.5000e-03 +1.5000e-03 +1.5000e-03 +1.5000e-03 +1.5000e-03 +1.5000e-03 +1.5000e-03 +1.5000e-03 +1.5000e-03 +1.5000e-03 +1.5000e-03 +1.5000e-03 +1.5000e-03 +1.5000e-03 
+0000.00100 +1.0000e-03 +1.0000e-03 +1.0000e-03 +1.0000e-03 +1.0000e-03 +1.0000e-03 +1.0000e-03 +1.0000e-03 +1.0000e-03 +1.0000e-03 +1.0000e-03 +1.0000e-03 +1.0000e-03 +1.0000e-03 +1.0000e-03 +1.0000e-03 +1.0000e-03 +1.0000e-03 +1.0000e-03 +1.0000e-03 +1.0000e-03 +1.0000e-03 +1.0000e-03 +1.0000e-03 +1.0000e-03 +1.0000e-03 +1.0000e-03 +1.0000e-03 +1.0000e-03 +1.0000e-03 +1.0000e-03 +1.0000e-03 +1.0000e-03 +1.0000e-03 +1.0000e-03 +1.0000e-03 +9.9999e-04 +9.9999e-04 +9.9999e-04 +9.9999e-04 +9.9999e-04 +9.9999e-04 +9.9999e-04 +9.9999e-04 +9.9999e-04 +9.9999e-04 +9.9999e-04 +9.9998e-04 +9.9998e-04 +9.9998e-04 +9.9998e-04 +9.9998e-04 +9.9998e-04 +9.9998e-04 +9.9998e-04 +9.9998e-04 +9.9998e-04 +9.9998e-04 +9.9998e-04 +9.9998e-04 +9.9998e-04 
+0000.00050 +5.0001e-04 +5.0001e-04 +5.0001e-04 +5.0001e-04 +5.0001e-04 +5.0001e-04 +5.0001e-04 +5.0001e-04 +5.0001e-04 +5.0001e-04 +5.0001e-04 +5.0001e-04 +5.0001e-04 +5.0001e-04 +5.0001e-04 +5.0001e-04 +5.0001e-04 +5.0001e-04 +5.0001e-04 +5.0001e-04 +5.0001e-04 +5.0000e-04 +5.0000e-04 +5.0000e-04 +5.0000e-04 +5.0000e-04 +5.0000e-04 +5.0000e-04 +5.0000e-04 +5.0000e-04 +5.0000e-04 +5.0000e-04 +5.0000e-04 +5.0000e-04 +5.0000e-04 +5.0000e-04 +5.0000e-04 +4.9999e-04 +4.9999e-04 +4.9999e-04 +4.9999e-04 +4.9999e-04 +4.9999e-04 +4.9999e-04 +4.9999e-04 +4.9999e-04 +4.9999e-04 +4.9999e-04 +4.9999e-04 +4.9999e-04 +4.9999e-04 +4.9999e-04 +4.9999e-04 +4.9999e-04 +4.9999e-04 +4.9999e-04 +4.9999e-04 +4.9999e-04 +4.9999e-04 +4.9999e-04 +4.9999e-04 
+0000.00000 -9.8892e-12 -1.0027e-11 -1.0158e-11 -1.0284e-11 -1.0404e-11 -1.0519e-11 -1.0628e-11 -1.0732e-11 -1.0831e-11 -1.0924e-11 -1.1013e-11 -1.1097e-11 -1.1176e-11 -1.1250e-11 -1.1320e-11 -1.1385e-11 -1.1446e-11 -1.1502e-11 -1.1554e-11 -1.1602e-11 -1.1646e-11 -1.1685e-11 -1.1720e-11 -1.1752e-11 -1.1779e-11 -1.1802e-11 -1.1822e-11 -1.1837e-11 -1.1848e-11 -1.1856e-11 -1.1859e-11 -1.1859e-11 -1.1854e-11 -1.1846e-11 -1.1834e-11 -1.1817e-11 -1.1797e-11 -1.1772e-11 -1.1744e-11 -1.1711e-11 -1.1674e-11 -1.1633e-11 -1.1588e-11 -1.1538e-11 -1.1483e-11 -1.1425e-11 -1.1361e-11 -1.1293e-11 -1.1220e-11 -1.1142e-11 -1.1060e-11 -1.0972e-11 -1.0879e-11 -1.0780e-11 -1.0677e-11 -1.0567e-11 -1.0452e-11 -1.0332e-11 -1.0205e-11 -1.0072e-11 -9.9330e-12 
-0000.00050 -5.0001e-04 -5.0001e-04 -5.0001e-04 -5.0001e-04 -5.0001e-04 -5.0001e-04 -5.0001e-04 -5.0001e-04 -5.0001e-04 -5.0001e-04 -5.0001e-04 -5.0001e-04 -5.0001e-04 -5.0001e-04 -5.0001e-04 -5.0001e-04 -5.0001e-04 -5.0001e-04 -5.0001e-04 -5.0001e-04 -5.0001e-04 -5.0000e-04 -5.0000e-04 -5.0000e-04 -5.0000e-04 -5.0000e-04 -5.0000e-04 -5.0000e-04 -5.0000e-04 -5.0000e-04 -5.0000e-04 -5.0000e-04 -5.0000e-04 -5.0000e-04 -5.0000e-04 -5.0000e-04 -5.0000e-04 -4.9999e-04 -4.9999e-04 -4.9999e-04 -4.9999e-04 -4.9999e-04 -4.9999e-04 -4.9999e-04 -4.9999e-04 -4.9999e-04 -4.9999e-04 -4.9999e-04 -4.9999e-04 -4.9999e-04 -4.9999e-04 -4.9999e-04 -4.9999e-04 -4.9999e-04 -4.9999e-04 -4.9999e-04 -4.9999e-04 -4.9999e-04 -4.9999e-04 -4.9999e-04 -4.9999e-04 
-0000.00100 -1.0000e-03 -1.0000e-03 -1.0000e-03 -1.0000e-03 -1.0000e-03 -1.0000e-03 -1.0000e-03 -1.0000e-03 -1.0000e-03 -1.0000e-03 -1.0000e-03 -1.0000e-03 -1.0000e-03 -1.0000e-03 -1.0000e-03 -1.0000e-03 -1.0000e-03 -1.0000e-03 -1.0000e-03 -1.0000e-03 -1.0000e-03 -1.0000e-03 -1.0000e-03 -1.0000e-03 -1.0000e-03 -1.0000e-03 -1.0000e-03 -1.0000e-03 -1.0000e-03 -1.0000e-03 -1.0000e-03 -1.0000e-03 -1.0000e-03 -1.0000e-03 -1.0000e-03 -1.0000e-03 -9.9999e-04 -9.9999e-04 -9.9999e-04 -9.9999e-04 -9.9999e-04 -9.9999e-04 -9.9999e-04 -9.9999e-04 -9.9999e-04 -9.9999e-04 -9.9999e-04 -9.9998e-04 -9.9998e-04 -9.9998e-04 -9.9998e-04 -9.9998e-04 -9.9998e-04 -9.9998e-04 -9.9998e-04 -9.9998e-04 -9.9998e-04 -9.9998e-04 -9.9998e-04 -9.9998e-04 -9.9998e-04 
-0000.00150 -1.5000e-03 -1.5000e-03 -1.5000e-03 -1.5000e-03 -1.5000e-03 -1.5000e-03 -1.5000e-03 -1.5000e-03 -1.5000e-03 -1.5000e-03 -1.5000e-03 -1.5000e-03 -1.5000e-03 -1.5000e-03 -1.5000e-03 -1.5000e-03 -1.5000e-03 -1.5000e-03 -1.5000e-03 -1.5000e-03 -1.5000e-03 -1.5000e-03 -1.5000e-03 -1.5000e-03 -1.5000e-03 -1.5000e-03 -1.5000e-03 -1.5000e-03 -1.5000e-03 -1.5000e-03 -1.5000e-03 -1.5000e-03 -1.5000e-03 -1.5000e-03 -1.5000e-03 -1.5000e-03 -1.5000e-03 -1.5000e-03 -1.5000e-03 -1.5000e-03 -1.5000e-03 -1.5000e-03 -1.5000e-03 -1.5000e-03 -1.5000e-03 -1.5000e-03 -1.5000e-03 -1.5000e-03 -1.5000e-03 -1.5000e-03 -1.5000e-03 -1.5000e-03 -1.5000e-03 -1.5000e-03 -1.5000e-03 -1.5000e-03 -1.5000e-03 -1.5000e-03 -1.5000e-03 -1.5000e-03 -1.5000e-03 
-0000.00200 -2.0000e-03 -2.0000e-03 -2.0000e-03 -2.0000e-03 -2.0000e-03 -2.0000e-03 -2.0000e-03 -2.0000e-03 -2.0000e-03 -2.0000e-03 -2.0000e-03 -2.0000e-03 -2.0000e-03 -2.0000e-03 -2.0000e-03 -2.0000e-03 -2.0000e-03 -2.0000e-03 -2.0000e-03 -2.0000e-03 -2.0000e-03 -2.0000e-03 -2.0000e-03 -2.0000e-03 -2.0000e-03 -2.0000e-03 -2.0000e-03 -2.0000e-03 -2.0000e-03 -2.0000e-03 -2.0000e-03 -2.0000e-03 -2.0000e-03 -2.0000e-03 -2.0000e-03 -2.0000e-03 -2.0000e-03 -2.0000e-03 -2.0000e-03 -2.0000e-03 -2.0000e-03 -2.0000e-03 -2.0000e-03 -2.0000e-03 -2.0000e-03 -2.0000e-03 -2.0000e-03 -2.0000e-03 -2.0000e-03 -2.0000e-03 -2.0000e-03 -2.0000e-03 -2.0000e-03 -2.0000e-03 -2.0000e-03 -2.0000e-03 -2.0000e-03 -2.0000e-03 -2.0000e-03 -2.0000e-03 -2.0000e-03 