# Author: FAC idanalysis.IDKickMap
# Termination_kicks [T2m2]: +0.0000e+00 +0.0000e+00 +0.0000e+00 +0.0000e+00 
# Total Length of Longitudinal Interval [m]
0.13
# Number of Horizontal Points
61
# Number of Vertical Points
9
# Total Horizontal 2nd Order Kick [T2m2]
START
            -0000.01000 -0000.00967 -0000.00933 -0000.00900 -0000.00867 -0000.00833 -0000.00800 -0000.00767 -0000.00733 -0000.00700 -0000.00667 -0000.00633 -0000.00600 -0000.00567 -0000.00533 -0000.00500 -0000.00467 -0000.00433 -0000.00400 -0000.00367 -0000.00333 -0000.00300 -0000.00267 -0000.00233 -0000.00200 -0000.00167 -0000.00133 -0000.00100 -0000.00067 -0000.00033 +0000.00000 +0000.00033 +0000.00067 +0000.00100 +0000.00133 +0000.00167 +0000.00200 +0000.00233 +0000.00267 +0000.00300 +0000.00333 +0000.00367 +0000.00400 +0000.00433 +0000.00467 +0000.00500 +0000.00533 +0000.00567 +0000.00600 +0000.00633 +0000.00667 +0000.00700 +0000.00733 +0000.00767 +0000.00800 +0000.00833 +0000.00867 +0000.00900 +0000.00933 +0000.00967 +0000.01000 
+0000.00200 -1.4220e-03 -1.4112e-03 -1.4009e-03 -1.3910e-03 -1.3815e-03 -1.3724e-03 -1.3638e-03 -1.3555e-03 -1.3476e-03 -1.3402e-03 -1.3331e-03 -1.3264e-03 -1.3200e-03 -1.3140e-03 -1.3084e-03 -1.3032e-03 -1.2983e-03 -1.2937e-03 -1.2895e-03 -1.2857e-03 -1.2822e-03 -1.2790e-03 -1.2761e-03 -1.2736e-03 -1.2714e-03 -1.2696e-03 -1.2681e-03 -1.2669e-03 -1.2660e-03 -1.2654e-03 -1.2652e-03 -1.2653e-03 -1.2657e-03 -1.2664e-03 -1.2675e-03 -1.2689e-03 -1.2706e-03 -1.2726e-03 -1.2750e-03 -1.2777e-03 -1.2807e-03 -1.2840e-03 -1.2877e-03 -1.2918e-03 -1.2961e-03 -1.3008e-03 -1.3059e-03 -1.3113e-03 -1.3171e-03 -1.3233e-03 -1.3298e-03 -1.3366e-03 -1.3439e-03 -1.3515e-03 -1.3596e-03 -1.3680e-03 -1.3768e-03 -1.3860e-03 -1.3956e-03 -1.4057e-03 -1.4162e-03 
+0000.00150 -9.0520e-04 -8.9624e-04 -8.8763e-04 -8.7937e-04 -8.7146e-04 -8.6389e-04 -8.5665e-04 -8.4974e-04 -8.4315e-04 -8.3688e-04 -8.3092e-04 -8.2528e-04 -8.1994e-04 -8.1491e-04 -8.1018e-04 -8.0574e-04 -8.0160e-04 -7.9774e-04 -7.9418e-04 -7.9090e-04 -7.8791e-04 -7.8520e-04 -7.8277e-04 -7.8062e-04 -7.7875e-04 -7.7716e-04 -7.7584e-04 -7.7480e-04 -7.7404e-04 -7.7356e-04 -7.7335e-04 -7.7342e-04 -7.7376e-04 -7.7439e-04 -7.7530e-04 -7.7648e-04 -7.7796e-04 -7.7971e-04 -7.8176e-04 -7.8409e-04 -7.8672e-04 -7.8964e-04 -7.9287e-04 -7.9639e-04 -8.0022e-04 -8.0435e-04 -8.0880e-04 -8.1357e-04 -8.1866e-04 -8.2408e-04 -8.2982e-04 -8.3590e-04 -8.4233e-04 -8.4910e-04 -8.5622e-04 -8.6371e-04 -8.7156e-04 -8.7978e-04 -8.8838e-04 -8.9736e-04 -9.0674e-04 
+0000.00100 -9.0070e-04 -8.9309e-04 -8.8565e-04 -8.7839e-04 -8.7131e-04 -8.6443e-04 -8.5776e-04 -8.5129e-04 -8.4504e-04 -8.3901e-04 -8.3321e-04 -8.2765e-04 -8.2233e-04 -8.1725e-04 -8.1244e-04 -8.0788e-04 -8.0358e-04 -7.9955e-04 -7.9580e-04 -7.9232e-04 -7.8912e-04 -7.8621e-04 -7.8358e-04 -7.8125e-04 -7.7921e-04 -7.7746e-04 -7.7602e-04 -7.7487e-04 -7.7402e-04 -7.7348e-04 -7.7325e-04 -7.7332e-04 -7.7369e-04 -7.7438e-04 -7.7537e-04 -7.7666e-04 -7.7826e-04 -7.8017e-04 -7.8238e-04 -7.8490e-04 -7.8772e-04 -7.9084e-04 -7.9425e-04 -7.9796e-04 -8.0197e-04 -8.0626e-04 -8.1084e-04 -8.1571e-04 -8.2086e-04 -8.2628e-04 -8.3198e-04 -8.3794e-04 -8.4416e-04 -8.5065e-04 -8.5738e-04 -8.6437e-04 -8.7159e-04 -8.7905e-04 -8.8674e-04 -8.9465e-04 -9.0278e-04 
+0000.00050 -8.9904e-04 -8.9212e-04 -8.8527e-04 -8.7851e-04 -8.7185e-04 -8.6532e-04 -8.5892e-04 -8.5266e-04 -8.4657e-04 -8.4066e-04 -8.3493e-04 -8.2940e-04 -8.2408e-04 -8.1898e-04 -8.1411e-04 -8.0948e-04 -8.0510e-04 -8.0098e-04 -7.9712e-04 -7.9354e-04 -7.9023e-04 -7.8722e-04 -7.8449e-04 -7.8206e-04 -7.7993e-04 -7.7811e-04 -7.7660e-04 -7.7541e-04 -7.7453e-04 -7.7397e-04 -7.7372e-04 -7.7380e-04 -7.7420e-04 -7.7492e-04 -7.7596e-04 -7.7732e-04 -7.7900e-04 -7.8099e-04 -7.8330e-04 -7.8592e-04 -7.8884e-04 -7.9206e-04 -7.9559e-04 -7.9940e-04 -8.0350e-04 -8.0788e-04 -8.1253e-04 -8.1744e-04 -8.2261e-04 -8.2804e-04 -8.3370e-04 -8.3959e-04 -8.4569e-04 -8.5201e-04 -8.5853e-04 -8.6523e-04 -8.7210e-04 -8.7914e-04 -8.8632e-04 -8.9364e-04 -9.0107e-04 
+0000.00000 -8.9854e-04 -8.9182e-04 -8.8515e-04 -8.7854e-04 -8.7201e-04 -8.6558e-04 -8.5927e-04 -8.5308e-04 -8.4704e-04 -8.4117e-04 -8.3546e-04 -8.2994e-04 -8.2462e-04 -8.1952e-04 -8.1463e-04 -8.0998e-04 -8.0558e-04 -8.0143e-04 -7.9755e-04 -7.9393e-04 -7.9060e-04 -7.8755e-04 -7.8479e-04 -7.8234e-04 -7.8019e-04 -7.7835e-04 -7.7682e-04 -7.7561e-04 -7.7472e-04 -7.7415e-04 -7.7391e-04 -7.7399e-04 -7.7440e-04 -7.7513e-04 -7.7619e-04 -7.7757e-04 -7.7927e-04 -7.8129e-04 -7.8362e-04 -7.8627e-04 -7.8922e-04 -7.9248e-04 -7.9603e-04 -7.9988e-04 -8.0400e-04 -8.0840e-04 -8.1307e-04 -8.1800e-04 -8.2318e-04 -8.2859e-04 -8.3424e-04 -8.4010e-04 -8.4617e-04 -8.5243e-04 -8.5887e-04 -8.6548e-04 -8.7224e-04 -8.7914e-04 -8.8616e-04 -8.9329e-04 -9.0050e-04 
-0000.00050 -8.9904e-04 -8.9212e-04 -8.8527e-04 -8.7851e-04 -8.7185e-04 -8.6531e-04 -8.5891e-04 -8.5266e-04 -8.4657e-04 -8.4066e-04 -8.3493e-04 -8.2940e-04 -8.2408e-04 -8.1898e-04 -8.1411e-04 -8.0948e-04 -8.0510e-04 -8.0098e-04 -7.9712e-04 -7.9354e-04 -7.9023e-04 -7.8722e-04 -7.8449e-04 -7.8206e-04 -7.7994e-04 -7.7812e-04 -7.7661e-04 -7.7541e-04 -7.7453e-04 -7.7397e-04 -7.7372e-04 -7.7380e-04 -7.7420e-04 -7.7492e-04 -7.7596e-04 -7.7732e-04 -7.7900e-04 -7.8099e-04 -7.8330e-04 -7.8592e-04 -7.8884e-04 -7.9206e-04 -7.9559e-04 -7.9940e-04 -8.0350e-04 -8.0788e-04 -8.1253e-04 -8.1744e-04 -8.2262e-04 -8.2804e-04 -8.3370e-04 -8.3959e-04 -8.4569e-04 -8.5201e-04 -8.5853e-04 -8.6523e-04 -8.7210e-04 -8.7914e-04 -8.8632e-04 -8.9364e-04 -9.0107e-04 
-0000.00100 -9.0070e-04 -8.9309e-04 -8.8565e-04 -8.7839e-04 -8.7131e-04 -8.6443e-04 -8.5775e-04 -8.5129e-04 -8.4503e-04 -8.3900e-04 -8.3321e-04 -8.2764e-04 -8.2232e-04 -8.1725e-04 -8.1243e-04 -8.0787e-04 -8.0358e-04 -7.9955e-04 -7.9579e-04 -7.9231e-04 -7.8912e-04 -7.8620e-04 -7.8358e-04 -7.8124e-04 -7.7920e-04 -7.7746e-04 -7.7601e-04 -7.7487e-04 -7.7402e-04 -7.7348e-04 -7.7325e-04 -7.7332e-04 -7.7369e-04 -7.7438e-04 -7.7537e-04 -7.7666e-04 -7.7826e-04 -7.8017e-04 -7.8239e-04 -7.8490e-04 -7.8772e-04 -7.9084e-04 -7.9425e-04 -7.9797e-04 -8.0197e-04 -8.0627e-04 -8.1085e-04 -8.1572e-04 -8.2086e-04 -8.2629e-04 -8.3198e-04 -8.3794e-04 -8.4417e-04 -8.5065e-04 -8.5739e-04 -8.6437e-04 -8.7160e-04 -8.7906e-04 -8.8675e-04 -8.9466e-04 -9.0279e-04 
-0000.00150 -9.0519e-04 -8.9623e-04 -8.8763e-04 -8.7937e-04 -8.7146e-04 -8.6388e-04 -8.5664e-04 -8.4973e-04 -8.4314e-04 -8.3687e-04 -8.3092e-04 -8.2528e-04 -8.1994e-04 -8.1491e-04 -8.1017e-04 -8.0574e-04 -8.0159e-04 -7.9774e-04 -7.9418e-04 -7.9090e-04 -7.8791e-04 -7.8520e-04 -7.8277e-04 -7.8062e-04 -7.7875e-04 -7.7716e-04 -7.7584e-04 -7.7480e-04 -7.7404e-04 -7.7356e-04 -7.7335e-04 -7.7342e-04 -7.7376e-04 -7.7439e-04 -7.7530e-04 -7.7649e-04 -7.7796e-04 -7.7972e-04 -7.8176e-04 -7.8410e-04 -7.8673e-04 -7.8965e-04 -7.9287e-04 -7.9639e-04 -8.0022e-04 -8.0436e-04 -8.0881e-04 -8.1358e-04 -8.1867e-04 -8.2408e-04 -8.2983e-04 -8.3591e-04 -8.4233e-04 -8.4911e-04 -8.5623e-04 -8.6371e-04 -8.7156e-04 -8.7978e-04 -8.8838e-04 -8.9736e-04 -9.0674e-04 
-0000.00200 -1.4220e-03 -1.4112e-03 -1.4009e-03 -1.3910e-03 -1.3815e-03 -1.3724e-03 -1.3638e-03 -1.3555e-03 -1.3476e-03 -1.3402e-03 -1.3331e-03 -1.3264e-03 -1.3200e-03 -1.3140e-03 -1.3084e-03 -1.3032e-03 -1.2983e-03 -1.2937e-03 -1.2895e-03 -1.2857e-03 -1.2822e-03 -1.2790e-03 -1.2761e-03 -1.2736e-03 -1.2714e-03 -1.2696e-03 -1.2680e-03 -1.2668e-03 -1.2660e-03 -1.2654e-03 -1.2652e-03 -1.2653e-03 -1.2657e-03 -1.2664e-03 -1.2675e-03 -1.2688e-03 -1.2706e-03 -1.2726e-03 -1.2749e-03 -1.2776e-03 -1.2807e-03 -1.2840e-03 -1.2877e-03 -1.2917e-03 -1.2961e-03 -1.3008e-03 -1.3059e-03 -1.3113e-03 -1.3171e-03 -1.3232e-03 -1.3298e-03 -1.3366e-03 -1.3439e-03 -1.3515e-03 -1.3595e-03 -1.3680e-03 -1.3768e-03 -1.3860e-03 -1.3956e-03 -1.4057e-03 -1.4162e-03 
# Total Vertical 2nd Order Kick [T2m2]
START
            -0000.01000 -0000.00967 -0000.00933 -0000.00900 -0000.00867 -0000.00833 -0000.00800 -0000.00767 -0000.00733 -0000.00700 -0000.00667 -0000.00633 -0000.00600 -0000.00567 -0000.00533 -0000.00500 -0000.00467 -0000.00433 -0000.00400 -0000.00367 -0000.00333 -0000.00300 -0000.00267 -0000.00233 -0000.00200 -0000.00167 -0000.00133 -0000.00100 -0000.00067 -0000.00033 +0000.00000 +0000.00033 +0000.00067 +0000.00100 +0000.00133 +0000.00167 +0000.00200 +0000.00233 +0000.00267 +0000.00300 +0000.00333 +0000.00367 +0000.00400 +0000.00433 +0000.00467 +0000.00500 +0000.00533 +0000.00567 +0000.00600 +0000.00633 +0000.00667 +0000.00700 +0000.00733 +0000.00767 +0000.00800 +0000.00833 +0000.00867 +0000.00900 +0000.00933 +0000.00967 +0000.01000 
+0000.00200 -2.6360e-04 -2.6468e-04 -2.6526e-04 -2.6539e-04 -2.6512e-04 -2.6448e-04 -2.6351e-04 -2.6225e-04 -2.6073e-04 -2.5899e-04 -2.5705e-04 -2.5496e-04 -2.5273e-04 -2.5039e-04 -2.4797e-04 -2.4550e-04 -2.4299e-04 -2.4047e-04 -2.3796e-04 -2.3547e-04 -2.3302e-04 -2.3063e-04 -2.2830e-04 -2.2606e-04 -2.2390e-04 -2.2185e-04 -2.1989e-04 -2.1806e-04 -2.1633e-04 -2.1472e-04 -2.1323e-04 -2.1186e-04 -2.1060e-04 -2.0945e-04 -2.0841e-04 -2.0746e-04 -2.0660e-04 -2.0583e-04 -2.0512e-04 -2.0446e-04 -2.0384e-04 -2.0324e-04 -2.0265e-04 -2.0205e-04 -2.0140e-04 -2.0070e-04 -1.9992e-04 -1.9902e-04 -1.9799e-04 -1.9680e-04 -1.9541e-04 -1.9379e-04 -1.9191e-04 -1.8973e-04 -1.8722e-04 -1.8434e-04 -1.8105e-04 -1.7730e-04 -1.7306e-04 -1.6828e-04 -1.6291e-04 
+0000.00150 -1.7101e-04 -1.7252e-04 -1.7367e-04 -1.7448e-04 -1.7498e-04 -1.7519e-04 -1.7514e-04 -1.7485e-04 -1.7433e-04 -1.7361e-04 -1.7271e-04 -1.7165e-04 -1.7044e-04 -1.6911e-04 -1.6767e-04 -1.6613e-04 -1.6451e-04 -1.6283e-04 -1.6110e-04 -1.5933e-04 -1.5753e-04 -1.5572e-04 -1.5390e-04 -1.5209e-04 -1.5029e-04 -1.4851e-04 -1.4676e-04 -1.4505e-04 -1.4338e-04 -1.4176e-04 -1.4019e-04 -1.3867e-04 -1.3721e-04 -1.3581e-04 -1.3447e-04 -1.3319e-04 -1.3198e-04 -1.3082e-04 -1.2972e-04 -1.2867e-04 -1.2768e-04 -1.2674e-04 -1.2583e-04 -1.2497e-04 -1.2413e-04 -1.2332e-04 -1.2252e-04 -1.2173e-04 -1.2094e-04 -1.2013e-04 -1.1929e-04 -1.1842e-04 -1.1750e-04 -1.1652e-04 -1.1546e-04 -1.1431e-04 -1.1305e-04 -1.1166e-04 -1.1014e-04 -1.0845e-04 -1.0658e-04 
+0000.00100 -1.0406e-04 -1.0509e-04 -1.0590e-04 -1.0650e-04 -1.0690e-04 -1.0712e-04 -1.0717e-04 -1.0707e-04 -1.0682e-04 -1.0644e-04 -1.0595e-04 -1.0534e-04 -1.0463e-04 -1.0384e-04 -1.0297e-04 -1.0204e-04 -1.0104e-04 -9.9991e-05 -9.8902e-05 -9.7778e-05 -9.6628e-05 -9.5458e-05 -9.4275e-05 -9.3085e-05 -9.1894e-05 -9.0708e-05 -8.9532e-05 -8.8369e-05 -8.7225e-05 -8.6104e-05 -8.5008e-05 -8.3940e-05 -8.2904e-05 -8.1902e-05 -8.0934e-05 -8.0004e-05 -7.9111e-05 -7.8256e-05 -7.7439e-05 -7.6661e-05 -7.5920e-05 -7.5215e-05 -7.4546e-05 -7.3909e-05 -7.3303e-05 -7.2726e-05 -7.2173e-05 -7.1642e-05 -7.1128e-05 -7.0628e-05 -7.0137e-05 -6.9649e-05 -6.9158e-05 -6.8660e-05 -6.8148e-05 -6.7615e-05 -6.7053e-05 -6.6456e-05 -6.5814e-05 -6.5121e-05 -6.4367e-05 
+0000.00050 -4.9333e-05 -4.9843e-05 -5.0246e-05 -5.0549e-05 -5.0759e-05 -5.0882e-05 -5.0924e-05 -5.0891e-05 -5.0789e-05 -5.0622e-05 -5.0396e-05 -5.0117e-05 -4.9789e-05 -4.9418e-05 -4.9006e-05 -4.8560e-05 -4.8084e-05 -4.7581e-05 -4.7055e-05 -4.6511e-05 -4.5951e-05 -4.5379e-05 -4.4798e-05 -4.4212e-05 -4.3623e-05 -4.3033e-05 -4.2447e-05 -4.1864e-05 -4.1289e-05 -4.0723e-05 -4.0167e-05 -3.9623e-05 -3.9093e-05 -3.8579e-05 -3.8080e-05 -3.7599e-05 -3.7136e-05 -3.6691e-05 -3.6264e-05 -3.5858e-05 -3.5470e-05 -3.5101e-05 -3.4751e-05 -3.4420e-05 -3.4106e-05 -3.3810e-05 -3.3529e-05 -3.3263e-05 -3.3010e-05 -3.2770e-05 -3.2540e-05 -3.2318e-05 -3.2102e-05 -3.1891e-05 -3.1682e-05 -3.1472e-05 -3.1259e-05 -3.1039e-05 -3.0810e-05 -3.0568e-05 -3.0310e-05 
+0000.00000 -2.3194e-08 -2.3347e-08 -2.3576e-08 -2.3874e-08 -2.4231e-08 -2.4641e-08 -2.5094e-08 -2.5585e-08 -2.6107e-08 -2.6651e-08 -2.7213e-08 -2.7787e-08 -2.8366e-08 -2.8944e-08 -2.9518e-08 -3.0081e-08 -3.0630e-08 -3.1160e-08 -3.1667e-08 -3.2148e-08 -3.2599e-08 -3.3017e-08 -3.3399e-08 -3.3742e-08 -3.4046e-08 -3.4306e-08 -3.4523e-08 -3.4695e-08 -3.4821e-08 -3.4899e-08 -3.4930e-08 -3.4914e-08 -3.4851e-08 -3.4741e-08 -3.4584e-08 -3.4383e-08 -3.4139e-08 -3.3852e-08 -3.3526e-08 -3.3162e-08 -3.2763e-08 -3.2332e-08 -3.1872e-08 -3.1386e-08 -3.0879e-08 -3.0353e-08 -2.9815e-08 -2.9268e-08 -2.8717e-08 -2.8167e-08 -2.7625e-08 -2.7095e-08 -2.6584e-08 -2.6099e-08 -2.5646e-08 -2.5232e-08 -2.4865e-08 -2.4552e-08 -2.4300e-08 -2.4120e-08 -2.4018e-08 
-0000.00050 +4.9287e-05 +4.9796e-05 +5.0198e-05 +5.0501e-05 +5.0711e-05 +5.0833e-05 +5.0874e-05 +5.0840e-05 +5.0736e-05 +5.0569e-05 +5.0342e-05 +5.0062e-05 +4.9732e-05 +4.9360e-05 +4.8947e-05 +4.8500e-05 +4.8023e-05 +4.7518e-05 +4.6992e-05 +4.6446e-05 +4.5885e-05 +4.5313e-05 +4.4731e-05 +4.4144e-05 +4.3554e-05 +4.2965e-05 +4.2377e-05 +4.1795e-05 +4.1219e-05 +4.0653e-05 +4.0097e-05 +3.9553e-05 +3.9024e-05 +3.8509e-05 +3.8011e-05 +3.7530e-05 +3.7067e-05 +3.6623e-05 +3.6197e-05 +3.5791e-05 +3.5404e-05 +3.5037e-05 +3.4688e-05 +3.4357e-05 +3.4045e-05 +3.3749e-05 +3.3469e-05 +3.3205e-05 +3.2953e-05 +3.2714e-05 +3.2485e-05 +3.2264e-05 +3.2050e-05 +3.1839e-05 +3.1631e-05 +3.1422e-05 +3.1209e-05 +3.0990e-05 +3.0761e-05 +3.0520e-05 +3.0262e-05 
-0000.00100 +1.0402e-04 +1.0504e-04 +1.0585e-04 +1.0645e-04 +1.0685e-04 +1.0707e-04 +1.0712e-04 +1.0702e-04 +1.0677e-04 +1.0639e-04 +1.0589e-04 +1.0528e-04 +1.0458e-04 +1.0378e-04 +1.0291e-04 +1.0197e-04 +1.0098e-04 +9.9928e-05 +9.8838e-05 +9.7714e-05 +9.6562e-05 +9.5392e-05 +9.4208e-05 +9.3018e-05 +9.1826e-05 +9.0640e-05 +8.9463e-05 +8.8300e-05 +8.7156e-05 +8.6034e-05 +8.4938e-05 +8.3871e-05 +8.2835e-05 +8.1833e-05 +8.0866e-05 +7.9936e-05 +7.9043e-05 +7.8189e-05 +7.7373e-05 +7.6595e-05 +7.5855e-05 +7.5151e-05 +7.4482e-05 +7.3847e-05 +7.3242e-05 +7.2665e-05 +7.2114e-05 +7.1583e-05 +7.1071e-05 +7.0572e-05 +7.0081e-05 +6.9594e-05 +6.9105e-05 +6.8608e-05 +6.8096e-05 +6.7564e-05 +6.7003e-05 +6.6406e-05 +6.5766e-05 +6.5073e-05 +6.4319e-05 
-0000.00150 +1.7097e-04 +1.7248e-04 +1.7362e-04 +1.7443e-04 +1.7493e-04 +1.7515e-04 +1.7509e-04 +1.7480e-04 +1.7428e-04 +1.7356e-04 +1.7266e-04 +1.7159e-04 +1.7039e-04 +1.6905e-04 +1.6761e-04 +1.6607e-04 +1.6445e-04 +1.6277e-04 +1.6103e-04 +1.5926e-04 +1.5746e-04 +1.5565e-04 +1.5383e-04 +1.5202e-04 +1.5022e-04 +1.4844e-04 +1.4669e-04 +1.4498e-04 +1.4331e-04 +1.4169e-04 +1.4012e-04 +1.3860e-04 +1.3714e-04 +1.3574e-04 +1.3440e-04 +1.3312e-04 +1.3191e-04 +1.3075e-04 +1.2965e-04 +1.2861e-04 +1.2762e-04 +1.2667e-04 +1.2577e-04 +1.2491e-04 +1.2407e-04 +1.2326e-04 +1.2246e-04 +1.2167e-04 +1.2088e-04 +1.2007e-04 +1.1924e-04 +1.1837e-04 +1.1745e-04 +1.1647e-04 +1.1541e-04 +1.1426e-04 +1.1300e-04 +1.1161e-04 +1.1009e-04 +1.0840e-04 +1.0653e-04 
-0000.00200 +2.6356e-04 +2.6463e-04 +2.6521e-04 +2.6535e-04 +2.6507e-04 +2.6443e-04 +2.6346e-04 +2.6220e-04 +2.6068e-04 +2.5893e-04 +2.5700e-04 +2.5490e-04 +2.5267e-04 +2.5033e-04 +2.4791e-04 +2.4544e-04 +2.4293e-04 +2.4041e-04 +2.3789e-04 +2.3540e-04 +2.3295e-04 +2.3056e-04 +2.2823e-04 +2.2599e-04 +2.2383e-04 +2.2178e-04 +2.1983e-04 +2.1799e-04 +2.1626e-04 +2.1465e-04 +2.1316e-04 +2.1179e-04 +2.1053e-04 +2.0938e-04 +2.0834e-04 +2.0739e-04 +2.0654e-04 +2.0576e-04 +2.0505e-04 +2.0439e-04 +2.0378e-04 +2.0318e-04 +2.0259e-04 +2.0198e-04 +2.0134e-04 +2.0064e-04 +1.9986e-04 +1.9896e-04 +1.9794e-04 +1.9674e-04 +1.9535e-04 +1.9373e-04 +1.9185e-04 +1.8967e-04 +1.8717e-04 +1.8428e-04 +1.8099e-04 +1.7724e-04 +1.7300e-04 +1.6822e-04 +1.6285e-04 
# Horizontal Final Position [m]
START
            -0000.01000 -0000.00967 -0000.00933 -0000.00900 -0000.00867 -0000.00833 -0000.00800 -0000.00767 -0000.00733 -0000.00700 -0000.00667 -0000.00633 -0000.00600 -0000.00567 -0000.00533 -0000.00500 -0000.00467 -0000.00433 -0000.00400 -0000.00367 -0000.00333 -0000.00300 -0000.00267 -0000.00233 -0000.00200 -0000.00167 -0000.00133 -0000.00100 -0000.00067 -0000.00033 +0000.00000 +0000.00033 +0000.00067 +0000.00100 +0000.00133 +0000.00167 +0000.00200 +0000.00233 +0000.00267 +0000.00300 +0000.00333 +0000.00367 +0000.00400 +0000.00433 +0000.00467 +0000.00500 +0000.00533 +0000.00567 +0000.00600 +0000.00633 +0000.00667 +0000.00700 +0000.00733 +0000.00767 +0000.00800 +0000.00833 +0000.00867 +0000.00900 +0000.00933 +0000.00967 +0000.01000 
+0000.00200 -9.9998e-03 -9.6665e-03 -9.3332e-03 -8.9999e-03 -8.6666e-03 -8.3334e-03 -8.0001e-03 -7.6668e-03 -7.3335e-03 -7.0002e-03 -6.6669e-03 -6.3336e-03 -6.0003e-03 -5.6670e-03 -5.3337e-03 -5.0003e-03 -4.6670e-03 -4.3337e-03 -4.0004e-03 -3.6671e-03 -3.3338e-03 -3.0004e-03 -2.6671e-03 -2.3338e-03 -2.0004e-03 -1.6671e-03 -1.3338e-03 -1.0004e-03 -6.6711e-04 -3.3377e-04 -4.3620e-07 +3.3290e-04 +6.6624e-04 +9.9958e-04 +1.3329e-03 +1.6663e-03 +1.9996e-03 +2.3330e-03 +2.6663e-03 +2.9996e-03 +3.3330e-03 +3.6663e-03 +3.9997e-03 +4.3330e-03 +4.6664e-03 +4.9997e-03 +5.3331e-03 +5.6664e-03 +5.9998e-03 +6.3331e-03 +6.6665e-03 +6.9998e-03 +7.3332e-03 +7.6665e-03 +7.9999e-03 +8.3332e-03 +8.6666e-03 +9.0000e-03 +9.3333e-03 +9.6667e-03 +1.0000e-02 
+0000.00150 -9.9993e-03 -9.6660e-03 -9.3328e-03 -8.9995e-03 -8.6662e-03 -8.3329e-03 -7.9996e-03 -7.6663e-03 -7.3330e-03 -6.9997e-03 -6.6664e-03 -6.3331e-03 -5.9998e-03 -5.6665e-03 -5.3332e-03 -4.9999e-03 -4.6665e-03 -4.3332e-03 -3.9999e-03 -3.6666e-03 -3.3333e-03 -3.0000e-03 -2.6666e-03 -2.3333e-03 -2.0000e-03 -1.6667e-03 -1.3333e-03 -1.0000e-03 -6.6669e-04 -3.3336e-04 -2.6961e-08 +3.3331e-04 +6.6664e-04 +9.9997e-04 +1.3333e-03 +1.6666e-03 +2.0000e-03 +2.3333e-03 +2.6667e-03 +3.0000e-03 +3.3334e-03 +3.6667e-03 +4.0001e-03 +4.3334e-03 +4.6668e-03 +5.0001e-03 +5.3335e-03 +5.6668e-03 +6.0002e-03 +6.3336e-03 +6.6669e-03 +7.0003e-03 +7.3337e-03 +7.6671e-03 +8.0004e-03 +8.3338e-03 +8.6672e-03 +9.0006e-03 +9.3340e-03 +9.6674e-03 +1.0001e-02 
+0000.00100 -9.9993e-03 -9.6660e-03 -9.3328e-03 -8.9995e-03 -8.6662e-03 -8.3329e-03 -7.9996e-03 -7.6663e-03 -7.3330e-03 -6.9997e-03 -6.6664e-03 -6.3331e-03 -5.9998e-03 -5.6665e-03 -5.3332e-03 -4.9999e-03 -4.6665e-03 -4.3332e-03 -3.9999e-03 -3.6666e-03 -3.3333e-03 -3.0000e-03 -2.6666e-03 -2.3333e-03 -2.0000e-03 -1.6667e-03 -1.3333e-03 -1.0000e-03 -6.6669e-04 -3.3336e-04 -2.7005e-08 +3.3331e-04 +6.6664e-04 +9.9997e-04 +1.3333e-03 +1.6666e-03 +2.0000e-03 +2.3333e-03 +2.6667e-03 +3.0000e-03 +3.3334e-03 +3.6667e-03 +4.0001e-03 +4.3334e-03 +4.6668e-03 +5.0001e-03 +5.3335e-03 +5.6668e-03 +6.0002e-03 +6.3336e-03 +6.6669e-03 +7.0003e-03 +7.3337e-03 +7.6671e-03 +8.0004e-03 +8.3338e-03 +8.6672e-03 +9.0006e-03 +9.3340e-03 +9.6674e-03 +1.0001e-02 
+0000.00050 -9.9993e-03 -9.6660e-03 -9.3328e-03 -8.9995e-03 -8.6662e-03 -8.3329e-03 -7.9996e-03 -7.6663e-03 -7.3330e-03 -6.9997e-03 -6.6664e-03 -6.3331e-03 -5.9998e-03 -5.6665e-03 -5.3332e-03 -4.9999e-03 -4.6665e-03 -4.3332e-03 -3.9999e-03 -3.6666e-03 -3.3333e-03 -3.0000e-03 -2.6666e-03 -2.3333e-03 -2.0000e-03 -1.6667e-03 -1.3333e-03 -1.0000e-03 -6.6669e-04 -3.3336e-04 -2.5506e-08 +3.3331e-04 +6.6664e-04 +9.9998e-04 +1.3333e-03 +1.6666e-03 +2.0000e-03 +2.3333e-03 +2.6667e-03 +3.0000e-03 +3.3334e-03 +3.6667e-03 +4.0001e-03 +4.3334e-03 +4.6668e-03 +5.0001e-03 +5.3335e-03 +5.6668e-03 +6.0002e-03 +6.3336e-03 +6.6669e-03 +7.0003e-03 +7.3337e-03 +7.6671e-03 +8.0004e-03 +8.3338e-03 +8.6672e-03 +9.0006e-03 +9.3340e-03 +9.6674e-03 +1.0001e-02 
+0000.00000 -9.9993e-03 -9.6660e-03 -9.3328e-03 -8.9995e-03 -8.6662e-03 -8.3329e-03 -7.9996e-03 -7.6663e-03 -7.3330e-03 -6.9997e-03 -6.6664e-03 -6.3331e-03 -5.9998e-03 -5.6665e-03 -5.3332e-03 -4.9999e-03 -4.6665e-03 -4.3332e-03 -3.9999e-03 -3.6666e-03 -3.3333e-03 -3.0000e-03 -2.6666e-03 -2.3333e-03 -2.0000e-03 -1.6667e-03 -1.3333e-03 -1.0000e-03 -6.6669e-04 -3.3336e-04 -2.5450e-08 +3.3331e-04 +6.6664e-04 +9.9998e-04 +1.3333e-03 +1.6666e-03 +2.0000e-03 +2.3333e-03 +2.6667e-03 +3.0000e-03 +3.3334e-03 +3.6667e-03 +4.0001e-03 +4.3334e-03 +4.6668e-03 +5.0001e-03 +5.3335e-03 +5.6668e-03 +6.0002e-03 +6.3336e-03 +6.6669e-03 +7.0003e-03 +7.3337e-03 +7.6671e-03 +8.0004e-03 +8.3338e-03 +8.6672e-03 +9.0006e-03 +9.3340e-03 +9.6674e-03 +1.0001e-02 
-0000.00050 -9.9993e-03 -9.6660e-03 -9.3328e-03 -8.9995e-03 -8.6662e-03 -8.3329e-03 -7.9996e-03 -7.6663e-03 -7.3330e-03 -6.9997e-03 -6.6664e-03 -6.3331e-03 -5.9998e-03 -5.6665e-03 -5.3332e-03 -4.9999e-03 -4.6665e-03 -4.3332e-03 -3.9999e-03 -3.6666e-03 -3.3333e-03 -3.0000e-03 -2.6666e-03 -2.3333e-03 -2.0000e-03 -1.6667e-03 -1.3333e-03 -1.0000e-03 -6.6669e-04 -3.3336e-04 -2.5506e-08 +3.3331e-04 +6.6664e-04 +9.9998e-04 +1.3333e-03 +1.6666e-03 +2.0000e-03 +2.3333e-03 +2.6667e-03 +3.0000e-03 +3.3334e-03 +3.6667e-03 +4.0001e-03 +4.3334e-03 +4.6668e-03 +5.0001e-03 +5.3335e-03 +5.6668e-03 +6.0002e-03 +6.3336e-03 +6.6669e-03 +7.0003e-03 +7.3337e-03 +7.6671e-03 +8.0004e-03 +8.3338e-03 +8.6672e-03 +9.0006e-03 +9.3340e-03 +9.6674e-03 +1.0001e-02 
-0000.00100 -9.9993e-03 -9.6660e-03 -9.3328e-03 -8.9995e-03 -8.6662e-03 -8.3329e-03 -7.9996e-03 -7.6663e-03 -7.3330e-03 -6.9997e-03 -6.6664e-03 -6.3331e-03 -5.9998e-03 -5.6665e-03 -5.3332e-03 -4.9999e-03 -4.6665e-03 -4.3332e-03 -3.9999e-03 -3.6666e-03 -3.3333e-03 -3.0000e-03 -2.6666e-03 -2.3333e-03 -2.0000e-03 -1.6667e-03 -1.3333e-03 -1.0000e-03 -6.6669e-04 -3.3336e-04 -2.7005e-08 +3.3331e-04 +6.6664e-04 +9.9997e-04 +1.3333e-03 +1.6666e-03 +2.0000e-03 +2.3333e-03 +2.6667e-03 +3.0000e-03 +3.3334e-03 +3.6667e-03 +4.0001e-03 +4.3334e-03 +4.6668e-03 +5.0001e-03 +5.3335e-03 +5.6668e-03 +6.0002e-03 +6.3336e-03 +6.6669e-03 +7.0003e-03 +7.3337e-03 +7.6671e-03 +8.0004e-03 +8.3338e-03 +8.6672e-03 +9.0006e-03 +9.3340e-03 +9.6674e-03 +1.0001e-02 
-0000.00150 -9.9993e-03 -9.6660e-03 -9.3328e-03 -8.9995e-03 -8.6662e-03 -8.3329e-03 -7.9996e-03 -7.6663e-03 -7.3330e-03 -6.9997e-03 -6.6664e-03 -6.3331e-03 -5.9998e-03 -5.6665e-03 -5.3332e-03 -4.9999e-03 -4.6665e-03 -4.3332e-03 -3.9999e-03 -3.6666e-03 -3.3333e-03 -3.0000e-03 -2.6666e-03 -2.3333e-03 -2.0000e-03 -1.6667e-03 -1.3333e-03 -1.0000e-03 -6.6669e-04 -3.3336e-04 -2.6961e-08 +3.3331e-04 +6.6664e-04 +9.9997e-04 +1.3333e-03 +1.6666e-03 +2.0000e-03 +2.3333e-03 +2.6667e-03 +3.0000e-03 +3.3334e-03 +3.6667e-03 +4.0001e-03 +4.3334e-03 +4.6668e-03 +5.0001e-03 +5.3335e-03 +5.6668e-03 +6.0002e-03 +6.3336e-03 +6.6669e-03 +7.0003e-03 +7.3337e-03 +7.6671e-03 +8.0004e-03 +8.3338e-03 +8.6672e-03 +9.0006e-03 +9.3340e-03 +9.6674e-03 +1.0001e-02 
-0000.00200 -9.9998e-03 -9.6665e-03 -9.3332e-03 -8.9999e-03 -8.6666e-03 -8.3334e-03 -8.0001e-03 -7.6668e-03 -7.3335e-03 -7.0002e-03 -6.6669e-03 -6.3336e-03 -6.0003e-03 -5.6670e-03 -5.3337e-03 -5.0003e-03 -4.6670e-03 -4.3337e-03 -4.0004e-03 -3.6671e-03 -3.3338e-03 -3.0004e-03 -2.6671e-03 -2.3338e-03 -2.0004e-03 -1.6671e-03 -1.3338e-03 -1.0004e-03 -6.6711e-04 -3.3377e-04 -4.3620e-07 +3.3290e-04 +6.6624e-04 +9.9958e-04 +1.3329e-03 +1.6663e-03 +1.9996e-03 +2.3330e-03 +2.6663e-03 +2.9996e-03 +3.3330e-03 +3.6663e-03 +3.9997e-03 +4.3330e-03 +4.6664e-03 +4.9997e-03 +5.3331e-03 +5.6664e-03 +5.9998e-03 +6.3331e-03 +6.6665e-03 +6.9998e-03 +7.3332e-03 +7.6665e-03 +7.9999e-03 +8.3332e-03 +8.6666e-03 +9.0000e-03 +9.3333e-03 +9.6667e-03 +1.0000e-02 
# Vertical Final Position [m]
START
            -0000.01000 -0000.00967 -0000.00933 -0000.00900 -0000.00867 -0000.00833 -0000.00800 -0000.00767 -0000.00733 -0000.00700 -0000.00667 -0000.00633 -0000.00600 -0000.00567 -0000.00533 -0000.00500 -0000.00467 -0000.00433 -0000.00400 -0000.00367 -0000.00333 -0000.00300 -0000.00267 -0000.00233 -0000.00200 -0000.00167 -0000.00133 -0000.00100 -0000.00067 -0000.00033 +0000.00000 +0000.00033 +0000.00067 +0000.00100 +0000.00133 +0000.00167 +0000.00200 +0000.00233 +0000.00267 +0000.00300 +0000.00333 +0000.00367 +0000.00400 +0000.00433 +0000.00467 +0000.00500 +0000.00533 +0000.00567 +0000.00600 +0000.00633 +0000.00667 +0000.00700 +0000.00733 +0000.00767 +0000.00800 +0000.00833 +0000.00867 +0000.00900 +0000.00933 +0000.00967 +0000.01000 
+0000.00200 +2.0001e-03 +2.0001e-03 +2.0001e-03 +2.0001e-03 +2.0000e-03 +2.0000e-03 +2.0000e-03 +2.0000e-03 +2.0000e-03 +2.0000e-03 +2.0000e-03 +2.0000e-03 +1.9999e-03 +1.9999e-03 +1.9999e-03 +1.9999e-03 +1.9999e-03 +1.9999e-03 +1.9999e-03 +1.9999e-03 +1.9999e-03 +1.9999e-03 +1.9999e-03 +1.9998e-03 +1.9998e-03 +1.9998e-03 +1.9998e-03 +1.9998e-03 +1.9998e-03 +1.9998e-03 +1.9998e-03 +1.9998e-03 +1.9998e-03 +1.9998e-03 +1.9998e-03 +1.9998e-03 +1.9997e-03 +1.9997e-03 +1.9997e-03 +1.9997e-03 +1.9997e-03 +1.9997e-03 +1.9997e-03 +1.9997e-03 +1.9997e-03 +1.9996e-03 +1.9996e-03 +1.9996e-03 +1.9996e-03 +1.9996e-03 +1.9996e-03 +1.9996e-03 +1.9996e-03 +1.9995e-03 +1.9995e-03 +1.9995e-03 +1.9995e-03 +1.9995e-03 +1.9995e-03 +1.9995e-03 +1.9994e-03 
+0000.00150 +1.5001e-03 +1.5001e-03 +1.5001e-03 +1.5001e-03 +1.5001e-03 +1.5001e-03 +1.5000e-03 +1.5000e-03 +1.5000e-03 +1.5000e-03 +1.5000e-03 +1.5000e-03 +1.5000e-03 +1.5000e-03 +1.5000e-03 +1.5000e-03 +1.5000e-03 +1.4999e-03 +1.4999e-03 +1.4999e-03 +1.4999e-03 +1.4999e-03 +1.4999e-03 +1.4999e-03 +1.4999e-03 +1.4999e-03 +1.4999e-03 +1.4999e-03 +1.4999e-03 +1.4999e-03 +1.4999e-03 +1.4999e-03 +1.4998e-03 +1.4998e-03 +1.4998e-03 +1.4998e-03 +1.4998e-03 +1.4998e-03 +1.4998e-03 +1.4998e-03 +1.4998e-03 +1.4998e-03 +1.4998e-03 +1.4998e-03 +1.4998e-03 +1.4998e-03 +1.4998e-03 +1.4997e-03 +1.4997e-03 +1.4997e-03 +1.4997e-03 +1.4997e-03 +1.4997e-03 +1.4997e-03 +1.4997e-03 +1.4997e-03 +1.4997e-03 +1.4997e-03 +1.4997e-03 +1.4996e-03 +1.4996e-03 
+0000.00100 +1.0001e-03 +1.0001e-03 +1.0001e-03 +1.0001e-03 +1.0001e-03 +1.0000e-03 +1.0000e-03 +1.0000e-03 +1.0000e-03 +1.0000e-03 +1.0000e-03 +1.0000e-03 +1.0000e-03 +9.9999e-04 +9.9999e-04 +9.9998e-04 +9.9998e-04 +9.9997e-04 +9.9996e-04 +9.9996e-04 +9.9995e-04 +9.9995e-04 +9.9994e-04 +9.9994e-04 +9.9994e-04 +9.9993e-04 +9.9993e-04 +9.9992e-04 +9.9992e-04 +9.9991e-04 +9.9991e-04 +9.9991e-04 +9.9990e-04 +9.9990e-04 +9.9989e-04 +9.9989e-04 +9.9989e-04 +9.9988e-04 +9.9988e-04 +9.9988e-04 +9.9987e-04 +9.9987e-04 +9.9986e-04 +9.9986e-04 +9.9986e-04 +9.9985e-04 +9.9985e-04 +9.9984e-04 +9.9984e-04 +9.9983e-04 +9.9983e-04 +9.9982e-04 +9.9981e-04 +9.9981e-04 +9.9980e-04 +9.9979e-04 +9.9979e-04 +9.9978e-04 +9.9977e-04 +9.9976e-04 +9.9975e-04 
+0000.00050 +5.0004e-04 +5.0004e-04 +5.0003e-04 +5.0003e-04 +5.0003e-04 +5.0002e-04 +5.0002e-04 +5.0002e-04 +5.0001e-04 +5.0001e-04 +5.0001e-04 +5.0000e-04 +5.0000e-04 +5.0000e-04 +5.0000e-04 +4.9999e-04 +4.9999e-04 +4.9999e-04 +4.9999e-04 +4.9998e-04 +4.9998e-04 +4.9998e-04 +4.9998e-04 +4.9997e-04 +4.9997e-04 +4.9997e-04 +4.9997e-04 +4.9996e-04 +4.9996e-04 +4.9996e-04 +4.9996e-04 +4.9996e-04 +4.9995e-04 +4.9995e-04 +4.9995e-04 +4.9995e-04 +4.9995e-04 +4.9994e-04 +4.9994e-04 +4.9994e-04 +4.9994e-04 +4.9994e-04 +4.9993e-04 +4.9993e-04 +4.9993e-04 +4.9993e-04 +4.9992e-04 +4.9992e-04 +4.9992e-04 +4.9992e-04 +4.9991e-04 +4.9991e-04 +4.9991e-04 +4.9990e-04 +4.9990e-04 +4.9990e-04 +4.9989e-04 +4.9989e-04 +4.9989e-04 +4.9988e-04 +4.9988e-04 
+0000.00000 -4.7070e-11 -4.8154e-11 -4.9249e-11 -5.0349e-11 -5.1449e-11 -5.2546e-11 -5.3635e-11 -5.4711e-11 -5.5771e-11 -5.6812e-11 -5.7828e-11 -5.8817e-11 -5.9776e-11 -6.0701e-11 -6.1590e-11 -6.2439e-11 -6.3246e-11 -6.4009e-11 -6.4725e-11 -6.5393e-11 -6.6010e-11 -6.6574e-11 -6.7084e-11 -6.7539e-11 -6.7937e-11 -6.8277e-11 -6.8559e-11 -6.8781e-11 -6.8943e-11 -6.9045e-11 -6.9086e-11 -6.9066e-11 -6.8986e-11 -6.8846e-11 -6.8646e-11 -6.8386e-11 -6.8068e-11 -6.7693e-11 -6.7262e-11 -6.6775e-11 -6.6235e-11 -6.5643e-11 -6.5001e-11 -6.4312e-11 -6.3576e-11 -6.2797e-11 -6.1977e-11 -6.1118e-11 -6.0224e-11 -5.9297e-11 -5.8342e-11 -5.7360e-11 -5.6356e-11 -5.5333e-11 -5.4295e-11 -5.3247e-11 -5.2192e-11 -5.1135e-11 -5.0080e-11 -4.9033e-11 -4.7997e-11 
-0000.00050 -5.0004e-04 -5.0004e-04 -5.0003e-04 -5.0003e-04 -5.0003e-04 -5.0002e-04 -5.0002e-04 -5.0002e-04 -5.0001e-04 -5.0001e-04 -5.0001e-04 -5.0000e-04 -5.0000e-04 -5.0000e-04 -5.0000e-04 -4.9999e-04 -4.9999e-04 -4.9999e-04 -4.9999e-04 -4.9998e-04 -4.9998e-04 -4.9998e-04 -4.9998e-04 -4.9997e-04 -4.9997e-04 -4.9997e-04 -4.9997e-04 -4.9996e-04 -4.9996e-04 -4.9996e-04 -4.9996e-04 -4.9996e-04 -4.9995e-04 -4.9995e-04 -4.9995e-04 -4.9995e-04 -4.9995e-04 -4.9994e-04 -4.9994e-04 -4.9994e-04 -4.9994e-04 -4.9994e-04 -4.9993e-04 -4.9993e-04 -4.9993e-04 -4.9993e-04 -4.9992e-04 -4.9992e-04 -4.9992e-04 -4.9992e-04 -4.9991e-04 -4.9991e-04 -4.9991e-04 -4.9990e-04 -4.9990e-04 -4.9990e-04 -4.9989e-04 -4.9989e-04 -4.9989e-04 -4.9988e-04 -4.9988e-04 
-0000.00100 -1.0001e-03 -1.0001e-03 -1.0001e-03 -1.0001e-03 -1.0001e-03 -1.0000e-03 -1.0000e-03 -1.0000e-03 -1.0000e-03 -1.0000e-03 -1.0000e-03 -1.0000e-03 -1.0000e-03 -9.9999e-04 -9.9999e-04 -9.9998e-04 -9.9998e-04 -9.9997e-04 -9.9996e-04 -9.9996e-04 -9.9995e-04 -9.9995e-04 -9.9994e-04 -9.9994e-04 -9.9994e-04 -9.9993e-04 -9.9993e-04 -9.9992e-04 -9.9992e-04 -9.9991e-04 -9.9991e-04 -9.9991e-04 -9.9990e-04 -9.9990e-04 -9.9989e-04 -9.9989e-04 -9.9989e-04 -9.9988e-04 -9.9988e-04 -9.9988e-04 -9.9987e-04 -9.9987e-04 -9.9986e-04 -9.9986e-04 -9.9986e-04 -9.9985e-04 -9.9985e-04 -9.9984e-04 -9.9984e-04 -9.9983e-04 -9.9983e-04 -9.9982e-04 -9.9981e-04 -9.9981e-04 -9.9980e-04 -9.9979e-04 -9.9979e-04 -9.9978e-04 -9.9977e-04 -9.9976e-04 -9.9975e-04 
-0000.00150 -1.5001e-03 -1.5001e-03 -1.5001e-03 -1.5001e-03 -1.5001e-03 -1.5001e-03 -1.5000e-03 -1.5000e-03 -1.5000e-03 -1.5000e-03 -1.5000e-03 -1.5000e-03 -1.5000e-03 -1.5000e-03 -1.5000e-03 -1.5000e-03 -1.5000e-03 -1.4999e-03 -1.4999e-03 -1.4999e-03 -1.4999e-03 -1.4999e-03 -1.4999e-03 -1.4999e-03 -1.4999e-03 -1.4999e-03 -1.4999e-03 -1.4999e-03 -1.4999e-03 -1.4999e-03 -1.4999e-03 -1.4999e-03 -1.4998e-03 -1.4998e-03 -1.4998e-03 -1.4998e-03 -1.4998e-03 -1.4998e-03 -1.4998e-03 -1.4998e-03 -1.4998e-03 -1.4998e-03 -1.4998e-03 -1.4998e-03 -1.4998e-03 -1.4998e-03 -1.4998e-03 -1.4997e-03 -1.4997e-03 -1.4997e-03 -1.4997e-03 -1.4997e-03 -1.4997e-03 -1.4997e-03 -1.4997e-03 -1.4997e-03 -1.4997e-03 -1.4997e-03 -1.4997e-03 -1.4996e-03 -1.4996e-03 
-0000.00200 -2.0001e-03 -2.0001e-03 -2.0001e-03 -2.0001e-03 -2.0000e-03 -2.0000e-03 -2.0000e-03 -2.0000e-03 -2.0000e-03 -2.0000e-03 -2.0000e-03 -2.0000e-03 -1.9999e-03 -1.9999e-03 -1.9999e-03 -1.9999e-03 -1.9999e-03 -1.9999e-03 -1.9999e-03 -1.9999e-03 -1.9999e-03 -1.9999e-03 -1.9999e-03 -1.9998e-03 -1.9998e-03 -1.9998e-03 -1.9998e-03 -1.9998e-03 -1.9998e-03 -1.9998e-03 -1.9998e-03 -1.9998e-03 -1.9998e-03 -1.9998e-03 -1.9998e-03 -1.9998e-03 -1.9997e-03 -1.9997e-03 -1.9997e-03 -1.9997e-03 -1.9997e-03 -1.9997e-03 -1.9997e-03 -1.9997e-03 -1.9997e-03 -1.9996e-03 -1.9996e-03 -1.9996e-03 -1.9996e-03 -1.9996e-03 -1.9996e-03 -1.9996e-03 -1.9996e-03 -1.9995e-03 -1.9995e-03 -1.9995e-03 -1.9995e-03 -1.9995e-03 -1.9995e-03 -1.9995e-03 -1.9994e-03 