# Author: FAC fieldmaptrack.IDKickMap
# 
# Total Length of Longitudinal Interval [m]
3.3
# Number of Horizontal Points
31
# Number of Vertical Points
3
# Total Horizontal 2nd Order Kick [T2m2]
START
            -0000.01500 -0000.01400 -0000.01300 -0000.01200 -0000.01100 -0000.01000 -0000.00900 -0000.00800 -0000.00700 -0000.00600 -0000.00500 -0000.00400 -0000.00300 -0000.00200 -0000.00100 +0000.00000 +0000.00100 +0000.00200 +0000.00300 +0000.00400 +0000.00500 +0000.00600 +0000.00700 +0000.00800 +0000.00900 +0000.01000 +0000.01100 +0000.01200 +0000.01300 +0000.01400 +0000.01500 
+0000.01200 -1.3181e-03 -1.2326e-03 -1.1246e-03 -1.0303e-03 -9.2874e-04 -8.1979e-04 -7.1777e-04 -6.1487e-04 -5.0384e-04 -3.7887e-04 -2.6976e-04 -1.6750e-04 -6.0868e-05 +5.4092e-05 +1.7283e-04 +2.7891e-04 +4.0006e-04 +5.1367e-04 +6.4424e-04 +7.7519e-04 +8.9458e-04 +1.0169e-03 +1.1725e-03 +1.3289e-03 +1.4963e-03 +1.6561e-03 +1.8295e-03 +2.0023e-03 +2.1885e-03 +2.3966e-03 +2.6025e-03 
+0000.00000 -1.3181e-03 -1.2326e-03 -1.1246e-03 -1.0303e-03 -9.2874e-04 -8.1979e-04 -7.1777e-04 -6.1487e-04 -5.0384e-04 -3.7887e-04 -2.6976e-04 -1.6750e-04 -6.0868e-05 +5.4092e-05 +1.7283e-04 +2.7891e-04 +4.0006e-04 +5.1367e-04 +6.4424e-04 +7.7519e-04 +8.9458e-04 +1.0169e-03 +1.1725e-03 +1.3289e-03 +1.4963e-03 +1.6561e-03 +1.8295e-03 +2.0023e-03 +2.1885e-03 +2.3966e-03 +2.6025e-03 
-0000.01200 -1.3181e-03 -1.2326e-03 -1.1246e-03 -1.0303e-03 -9.2874e-04 -8.1979e-04 -7.1777e-04 -6.1487e-04 -5.0384e-04 -3.7887e-04 -2.6976e-04 -1.6750e-04 -6.0868e-05 +5.4092e-05 +1.7283e-04 +2.7891e-04 +4.0006e-04 +5.1367e-04 +6.4424e-04 +7.7519e-04 +8.9458e-04 +1.0169e-03 +1.1725e-03 +1.3289e-03 +1.4963e-03 +1.6561e-03 +1.8295e-03 +2.0023e-03 +2.1885e-03 +2.3966e-03 +2.6025e-03 
# Total Vertical 2nd Order Kick [T2m2]
START
            -0000.01500 -0000.01400 -0000.01300 -0000.01200 -0000.01100 -0000.01000 -0000.00900 -0000.00800 -0000.00700 -0000.00600 -0000.00500 -0000.00400 -0000.00300 -0000.00200 -0000.00100 +0000.00000 +0000.00100 +0000.00200 +0000.00300 +0000.00400 +0000.00500 +0000.00600 +0000.00700 +0000.00800 +0000.00900 +0000.01000 +0000.01100 +0000.01200 +0000.01300 +0000.01400 +0000.01500 
+0000.01200 +3.9892e-03 +3.9026e-03 +3.8357e-03 +3.7504e-03 +3.6910e-03 +3.6205e-03 +3.5471e-03 +3.4712e-03 +3.4056e-03 +3.3248e-03 +3.2220e-03 +3.1322e-03 +3.0513e-03 +2.9527e-03 +2.8326e-03 +2.7114e-03 +2.5690e-03 +2.4348e-03 +2.2785e-03 +2.1233e-03 +1.9761e-03 +1.7914e-03 +1.6091e-03 +1.3949e-03 +1.1946e-03 +9.8457e-04 +7.4387e-04 +5.4373e-04 +2.9877e-04 +2.9980e-05 -2.1381e-04 
+0000.00000 +3.9892e-03 +3.9026e-03 +3.8357e-03 +3.7504e-03 +3.6910e-03 +3.6205e-03 +3.5471e-03 +3.4712e-03 +3.4056e-03 +3.3248e-03 +3.2220e-03 +3.1322e-03 +3.0513e-03 +2.9527e-03 +2.8326e-03 +2.7114e-03 +2.5690e-03 +2.4348e-03 +2.2785e-03 +2.1233e-03 +1.9761e-03 +1.7914e-03 +1.6091e-03 +1.3949e-03 +1.1946e-03 +9.8457e-04 +7.4387e-04 +5.4373e-04 +2.9877e-04 +2.9980e-05 -2.1381e-04 
-0000.01200 +3.9892e-03 +3.9026e-03 +3.8357e-03 +3.7504e-03 +3.6910e-03 +3.6205e-03 +3.5471e-03 +3.4712e-03 +3.4056e-03 +3.3248e-03 +3.2220e-03 +3.1322e-03 +3.0513e-03 +2.9527e-03 +2.8326e-03 +2.7114e-03 +2.5690e-03 +2.4348e-03 +2.2785e-03 +2.1233e-03 +1.9761e-03 +1.7914e-03 +1.6091e-03 +1.3949e-03 +1.1946e-03 +9.8457e-04 +7.4387e-04 +5.4373e-04 +2.9877e-04 +2.9980e-05 -2.1381e-04 
# Horizontal Final Position [m]
START
            -0000.01500 -0000.01400 -0000.01300 -0000.01200 -0000.01100 -0000.01000 -0000.00900 -0000.00800 -0000.00700 -0000.00600 -0000.00500 -0000.00400 -0000.00300 -0000.00200 -0000.00100 +0000.00000 +0000.00100 +0000.00200 +0000.00300 +0000.00400 +0000.00500 +0000.00600 +0000.00700 +0000.00800 +0000.00900 +0000.01000 +0000.01100 +0000.01200 +0000.01300 +0000.01400 +0000.01500 
+0000.01200 -1.5896e-02 -1.4889e-02 -1.3881e-02 -1.2875e-02 -1.1868e-02 -1.0861e-02 -9.8551e-03 -8.8494e-03 -7.8436e-03 -6.8381e-03 -5.8331e-03 -4.8285e-03 -3.8242e-03 -2.8200e-03 -1.8161e-03 -8.1280e-04 +1.9046e-04 +1.1932e-03 +2.1959e-03 +3.1983e-03 +4.2001e-03 +5.2016e-03 +6.2034e-03 +7.2046e-03 +8.2057e-03 +9.2062e-03 +1.0207e-02 +1.1207e-02 +1.2206e-02 +1.3206e-02 +1.4205e-02 
+0000.00000 -1.5896e-02 -1.4889e-02 -1.3881e-02 -1.2875e-02 -1.1868e-02 -1.0861e-02 -9.8551e-03 -8.8494e-03 -7.8436e-03 -6.8381e-03 -5.8331e-03 -4.8285e-03 -3.8242e-03 -2.8200e-03 -1.8161e-03 -8.1280e-04 +1.9046e-04 +1.1932e-03 +2.1959e-03 +3.1983e-03 +4.2001e-03 +5.2016e-03 +6.2034e-03 +7.2046e-03 +8.2057e-03 +9.2062e-03 +1.0207e-02 +1.1207e-02 +1.2206e-02 +1.3206e-02 +1.4205e-02 
-0000.01200 -1.5896e-02 -1.4889e-02 -1.3881e-02 -1.2875e-02 -1.1868e-02 -1.0861e-02 -9.8551e-03 -8.8494e-03 -7.8436e-03 -6.8381e-03 -5.8331e-03 -4.8285e-03 -3.8242e-03 -2.8200e-03 -1.8161e-03 -8.1280e-04 +1.9046e-04 +1.1932e-03 +2.1959e-03 +3.1983e-03 +4.2001e-03 +5.2016e-03 +6.2034e-03 +7.2046e-03 +8.2057e-03 +9.2062e-03 +1.0207e-02 +1.1207e-02 +1.2206e-02 +1.3206e-02 +1.4205e-02 
# Vertical Final Position [m]
START
            -0000.01500 -0000.01400 -0000.01300 -0000.01200 -0000.01100 -0000.01000 -0000.00900 -0000.00800 -0000.00700 -0000.00600 -0000.00500 -0000.00400 -0000.00300 -0000.00200 -0000.00100 +0000.00000 +0000.00100 +0000.00200 +0000.00300 +0000.00400 +0000.00500 +0000.00600 +0000.00700 +0000.00800 +0000.00900 +0000.01000 +0000.01100 +0000.01200 +0000.01300 +0000.01400 +0000.01500 
+0000.01200 +1.2077e-02 +1.2075e-02 +1.2073e-02 +1.2071e-02 +1.2069e-02 +1.2067e-02 +1.2064e-02 +1.2062e-02 +1.2059e-02 +1.2056e-02 +1.2053e-02 +1.2050e-02 +1.2046e-02 +1.2043e-02 +1.2039e-02 +1.2035e-02 +1.2031e-02 +1.2026e-02 +1.2022e-02 +1.2017e-02 +1.2013e-02 +1.2008e-02 +1.2002e-02 +1.1997e-02 +1.1992e-02 +1.1986e-02 +1.1980e-02 +1.1975e-02 +1.1969e-02 +1.1963e-02 +1.1958e-02 
+0000.00000 +7.6746e-05 +7.4730e-05 +7.3064e-05 +7.0888e-05 +6.8943e-05 +6.6691e-05 +6.4270e-05 +6.1632e-05 +5.9203e-05 +5.6234e-05 +5.2792e-05 +4.9583e-05 +4.6418e-05 +4.2937e-05 +3.8968e-05 +3.4986e-05 +3.0599e-05 +2.6329e-05 +2.1615e-05 +1.7019e-05 +1.2605e-05 +7.5628e-06 +2.4819e-06 -3.2334e-06 -8.3968e-06 -1.3842e-05 -1.9769e-05 -2.4731e-05 -3.0686e-05 -3.6766e-05 -4.2399e-05 
-0000.01200 -1.1923e-02 -1.1925e-02 -1.1927e-02 -1.1929e-02 -1.1931e-02 -1.1933e-02 -1.1936e-02 -1.1938e-02 -1.1941e-02 -1.1944e-02 -1.1947e-02 -1.1950e-02 -1.1954e-02 -1.1957e-02 -1.1961e-02 -1.1965e-02 -1.1969e-02 -1.1974e-02 -1.1978e-02 -1.1983e-02 -1.1987e-02 -1.1992e-02 -1.1998e-02 -1.2003e-02 -1.2008e-02 -1.2014e-02 -1.2020e-02 -1.2025e-02 -1.2031e-02 -1.2037e-02 -1.2042e-02 