# Author: FAC idanalysis.IDKickMap
# Termination_kicks [T2m2]: -3.9005e-03 +7.9815e-04 -2.7499e-03 +1.4064e-03 
# Total Length of Longitudinal Interval [m]
2.8
# Number of Horizontal Points
31
# Number of Vertical Points
3
# Total Horizontal 2nd Order Kick [T2m2]
START
            -0000.01500 -0000.01400 -0000.01300 -0000.01200 -0000.01100 -0000.01000 -0000.00900 -0000.00800 -0000.00700 -0000.00600 -0000.00500 -0000.00400 -0000.00300 -0000.00200 -0000.00100 +0000.00000 +0000.00100 +0000.00200 +0000.00300 +0000.00400 +0000.00500 +0000.00600 +0000.00700 +0000.00800 +0000.00900 +0000.01000 +0000.01100 +0000.01200 +0000.01300 +0000.01400 +0000.01500 
+0000.01200 +4.9950e-03 +5.0934e-03 +5.1902e-03 +5.2875e-03 +5.3905e-03 +5.4987e-03 +5.6083e-03 +5.7175e-03 +5.8272e-03 +5.9407e-03 +6.0587e-03 +6.1756e-03 +6.2876e-03 +6.4002e-03 +6.5190e-03 +6.6433e-03 +6.7714e-03 +6.9067e-03 +7.0520e-03 +7.1998e-03 +7.3421e-03 +7.4850e-03 +7.6372e-03 +7.7999e-03 +7.9721e-03 +8.1535e-03 +8.3439e-03 +8.5420e-03 +8.7468e-03 +8.9605e-03 +9.1848e-03 
+0000.00000 +4.9950e-03 +5.0934e-03 +5.1902e-03 +5.2875e-03 +5.3905e-03 +5.4987e-03 +5.6083e-03 +5.7175e-03 +5.8272e-03 +5.9407e-03 +6.0587e-03 +6.1756e-03 +6.2876e-03 +6.4002e-03 +6.5190e-03 +6.6433e-03 +6.7714e-03 +6.9067e-03 +7.0520e-03 +7.1998e-03 +7.3421e-03 +7.4850e-03 +7.6372e-03 +7.7999e-03 +7.9721e-03 +8.1535e-03 +8.3439e-03 +8.5420e-03 +8.7468e-03 +8.9605e-03 +9.1848e-03 
-0000.01200 +4.9950e-03 +5.0934e-03 +5.1902e-03 +5.2875e-03 +5.3905e-03 +5.4987e-03 +5.6083e-03 +5.7175e-03 +5.8272e-03 +5.9407e-03 +6.0587e-03 +6.1756e-03 +6.2876e-03 +6.4002e-03 +6.5190e-03 +6.6433e-03 +6.7714e-03 +6.9067e-03 +7.0520e-03 +7.1998e-03 +7.3421e-03 +7.4850e-03 +7.6372e-03 +7.7999e-03 +7.9721e-03 +8.1535e-03 +8.3439e-03 +8.5420e-03 +8.7468e-03 +8.9605e-03 +9.1848e-03 
# Total Vertical 2nd Order Kick [T2m2]
START
            -0000.01500 -0000.01400 -0000.01300 -0000.01200 -0000.01100 -0000.01000 -0000.00900 -0000.00800 -0000.00700 -0000.00600 -0000.00500 -0000.00400 -0000.00300 -0000.00200 -0000.00100 +0000.00000 +0000.00100 +0000.00200 +0000.00300 +0000.00400 +0000.00500 +0000.00600 +0000.00700 +0000.00800 +0000.00900 +0000.01000 +0000.01100 +0000.01200 +0000.01300 +0000.01400 +0000.01500 
+0000.01200 -9.3806e-04 -9.2401e-04 -8.9166e-04 -8.5402e-04 -8.2642e-04 -7.9784e-04 -7.5491e-04 -7.1580e-04 -7.0201e-04 -7.0229e-04 -6.9841e-04 -6.8917e-04 -6.7990e-04 -6.7793e-04 -6.8802e-04 -7.0391e-04 -7.2021e-04 -7.5054e-04 -8.0841e-04 -8.8253e-04 -9.5945e-04 -1.0396e-03 -1.1244e-03 -1.2197e-03 -1.3331e-03 -1.4541e-03 -1.5693e-03 -1.6913e-03 -1.8372e-03 -2.0025e-03 -2.1766e-03 
+0000.00000 -9.3806e-04 -9.2401e-04 -8.9166e-04 -8.5402e-04 -8.2642e-04 -7.9784e-04 -7.5491e-04 -7.1580e-04 -7.0201e-04 -7.0229e-04 -6.9841e-04 -6.8917e-04 -6.7990e-04 -6.7793e-04 -6.8802e-04 -7.0391e-04 -7.2021e-04 -7.5054e-04 -8.0841e-04 -8.8253e-04 -9.5945e-04 -1.0396e-03 -1.1244e-03 -1.2197e-03 -1.3331e-03 -1.4541e-03 -1.5693e-03 -1.6913e-03 -1.8372e-03 -2.0025e-03 -2.1766e-03 
-0000.01200 -9.3806e-04 -9.2401e-04 -8.9166e-04 -8.5402e-04 -8.2642e-04 -7.9784e-04 -7.5491e-04 -7.1580e-04 -7.0201e-04 -7.0229e-04 -6.9841e-04 -6.8917e-04 -6.7990e-04 -6.7793e-04 -6.8802e-04 -7.0391e-04 -7.2021e-04 -7.5054e-04 -8.0841e-04 -8.8253e-04 -9.5945e-04 -1.0396e-03 -1.1244e-03 -1.2197e-03 -1.3331e-03 -1.4541e-03 -1.5693e-03 -1.6913e-03 -1.8372e-03 -2.0025e-03 -2.1766e-03 
# Horizontal Final Position [m]
START
            -0000.01500 -0000.01400 -0000.01300 -0000.01200 -0000.01100 -0000.01000 -0000.00900 -0000.00800 -0000.00700 -0000.00600 -0000.00500 -0000.00400 -0000.00300 -0000.00200 -0000.00100 +0000.00000 +0000.00100 +0000.00200 +0000.00300 +0000.00400 +0000.00500 +0000.00600 +0000.00700 +0000.00800 +0000.00900 +0000.01000 +0000.01100 +0000.01200 +0000.01300 +0000.01400 +0000.01500 
+0000.01200 -1.5112e-02 -1.4103e-02 -1.3094e-02 -1.2086e-02 -1.1078e-02 -1.0071e-02 -9.0639e-03 -8.0573e-03 -7.0511e-03 -6.0453e-03 -5.0398e-03 -4.0349e-03 -3.0304e-03 -2.0264e-03 -1.0227e-03 -1.9275e-05 +9.8372e-04 +1.9864e-03 +2.9887e-03 +3.9906e-03 +4.9919e-03 +5.9927e-03 +6.9932e-03 +7.9934e-03 +8.9933e-03 +9.9928e-03 +1.0992e-02 +1.1991e-02 +1.2989e-02 +1.3987e-02 +1.4984e-02 
+0000.00000 -1.5112e-02 -1.4103e-02 -1.3094e-02 -1.2086e-02 -1.1078e-02 -1.0071e-02 -9.0639e-03 -8.0573e-03 -7.0511e-03 -6.0453e-03 -5.0398e-03 -4.0349e-03 -3.0304e-03 -2.0264e-03 -1.0227e-03 -1.9275e-05 +9.8372e-04 +1.9864e-03 +2.9887e-03 +3.9906e-03 +4.9919e-03 +5.9927e-03 +6.9932e-03 +7.9934e-03 +8.9933e-03 +9.9928e-03 +1.0992e-02 +1.1991e-02 +1.2989e-02 +1.3987e-02 +1.4984e-02 
-0000.01200 -1.5112e-02 -1.4103e-02 -1.3094e-02 -1.2086e-02 -1.1078e-02 -1.0071e-02 -9.0639e-03 -8.0573e-03 -7.0511e-03 -6.0453e-03 -5.0398e-03 -4.0349e-03 -3.0304e-03 -2.0264e-03 -1.0227e-03 -1.9275e-05 +9.8372e-04 +1.9864e-03 +2.9887e-03 +3.9906e-03 +4.9919e-03 +5.9927e-03 +6.9932e-03 +7.9934e-03 +8.9933e-03 +9.9928e-03 +1.0992e-02 +1.1991e-02 +1.2989e-02 +1.3987e-02 +1.4984e-02 
# Vertical Final Position [m]
START
            -0000.01500 -0000.01400 -0000.01300 -0000.01200 -0000.01100 -0000.01000 -0000.00900 -0000.00800 -0000.00700 -0000.00600 -0000.00500 -0000.00400 -0000.00300 -0000.00200 -0000.00100 +0000.00000 +0000.00100 +0000.00200 +0000.00300 +0000.00400 +0000.00500 +0000.00600 +0000.00700 +0000.00800 +0000.00900 +0000.01000 +0000.01100 +0000.01200 +0000.01300 +0000.01400 +0000.01500 
+0000.01200 +1.2034e-02 +1.2034e-02 +1.2034e-02 +1.2034e-02 +1.2033e-02 +1.2033e-02 +1.2032e-02 +1.2031e-02 +1.2030e-02 +1.2029e-02 +1.2027e-02 +1.2025e-02 +1.2024e-02 +1.2022e-02 +1.2020e-02 +1.2017e-02 +1.2015e-02 +1.2013e-02 +1.2010e-02 +1.2007e-02 +1.2003e-02 +1.2000e-02 +1.1996e-02 +1.1993e-02 +1.1989e-02 +1.1985e-02 +1.1981e-02 +1.1978e-02 +1.1973e-02 +1.1969e-02 +1.1964e-02 
+0000.00000 +3.4358e-05 +3.4091e-05 +3.3897e-05 +3.3651e-05 +3.3203e-05 +3.2621e-05 +3.2000e-05 +3.1171e-05 +2.9952e-05 +2.8503e-05 +2.7037e-05 +2.5492e-05 +2.3736e-05 +2.1767e-05 +1.9634e-05 +1.7436e-05 +1.5225e-05 +1.2764e-05 +9.8209e-06 +6.5425e-06 +3.1313e-06 -3.3392e-07 -3.7813e-06 -7.2668e-06 -1.0914e-05 -1.4700e-05 -1.8540e-05 -2.2484e-05 -2.6627e-05 -3.0983e-05 -3.5511e-05 
-0000.01200 -1.1966e-02 -1.1966e-02 -1.1966e-02 -1.1966e-02 -1.1967e-02 -1.1967e-02 -1.1968e-02 -1.1969e-02 -1.1970e-02 -1.1971e-02 -1.1973e-02 -1.1975e-02 -1.1976e-02 -1.1978e-02 -1.1980e-02 -1.1983e-02 -1.1985e-02 -1.1987e-02 -1.1990e-02 -1.1993e-02 -1.1997e-02 -1.2000e-02 -1.2004e-02 -1.2007e-02 -1.2011e-02 -1.2015e-02 -1.2019e-02 -1.2022e-02 -1.2027e-02 -1.2031e-02 -1.2036e-02 