Gap = 4
X_pos[mm]	Beff[T]	Bpeak[T]	Z_pos[mm]	By[T]
-15.0	1.1836	1.1831	-18.5	0.5310
-14.9	1.1836	1.1831	-18.4	0.4876
-14.8	1.1836	1.1832	-18.3	0.4446
-14.7	1.1837	1.1832	-18.2	0.4023
-14.6	1.1837	1.1832	-18.0	0.3604
-14.5	1.1837	1.1832	-17.9	0.3191
-14.4	1.1837	1.1833	-17.8	0.2783
-14.3	1.1837	1.1833	-17.7	0.2378
-14.2	1.1837	1.1833	-17.6	0.1978
-14.2	1.1837	1.1833	-17.5	0.1581
-14.1	1.1837	1.1833	-17.3	0.1186
-14.0	1.1837	1.1833	-17.2	0.0794
-13.9	1.1837	1.1832	-17.1	0.0403
-13.8	1.1837	1.1832	-17.0	0.0012
-13.7	1.1837	1.1832	-16.9	-0.0378
-13.6	1.1837	1.1832	-16.8	-0.0769
-13.5	1.1836	1.1832	-16.6	-0.1162
-13.4	1.1836	1.1831	-16.5	-0.1556
-13.3	1.1836	1.1831	-16.4	-0.1954
-13.2	1.1835	1.1831	-16.3	-0.2354
-13.1	1.1835	1.1830	-16.2	-0.2758
-13.0	1.1835	1.1830	-16.1	-0.3166
-12.9	1.1835	1.1830	-15.9	-0.3579
-12.8	1.1835	1.1830	-15.8	-0.3998
-12.7	1.1835	1.1830	-15.7	-0.4421
-12.6	1.1835	1.1830	-15.6	-0.4850
-12.6	1.1835	1.1830	-15.5	-0.5284
-12.5	1.1835	1.1830	-15.4	-0.5723
-12.4	1.1835	1.1830	-15.3	-0.6167
-12.3	1.1835	1.1830	-15.1	-0.6614
-12.2	1.1835	1.1831	-15.0	-0.7064
-12.1	1.1836	1.1831	-14.9	-0.7515
-12.0	1.1836	1.1831	-14.8	-0.7965
-11.9	1.1836	1.1832	-14.7	-0.8412
-11.8	1.1837	1.1832	-14.6	-0.8853
-11.7	1.1837	1.1832	-14.4	-0.9285
-11.6	1.1837	1.1833	-14.3	-0.9706
-11.5	1.1838	1.1833	-14.2	-1.0111
-11.4	1.1838	1.1833	-14.1	-1.0498
-11.3	1.1838	1.1834	-14.0	-1.0863
-11.2	1.1839	1.1834	-13.9	-1.1203
-11.1	1.1839	1.1834	-13.7	-1.1515
-11.1	1.1839	1.1834	-13.6	-1.1797
-11.0	1.1839	1.1835	-13.5	-1.2047
-10.9	1.1839	1.1835	-13.4	-1.2264
-10.8	1.1839	1.1835	-13.3	-1.2445
-10.7	1.1839	1.1835	-13.2	-1.2592
-10.6	1.1839	1.1835	-13.0	-1.2703
-10.5	1.1839	1.1835	-12.9	-1.2778
-10.4	1.1839	1.1835	-12.8	-1.2816
-10.3	1.1839	1.1834	-12.7	-1.2819
-10.2	1.1839	1.1834	-12.6	-1.2786
-10.1	1.1839	1.1834	-12.5	-1.2717
-10.0	1.1838	1.1834	-12.4	-1.2612
-9.9	1.1838	1.1833	-12.2	-1.2471
-9.8	1.1838	1.1833	-12.1	-1.2295
-9.7	1.1838	1.1833	-12.0	-1.2084
-9.6	1.1837	1.1833	-11.9	-1.1839
-9.5	1.1837	1.1832	-11.8	-1.1562
-9.5	1.1837	1.1832	-11.7	-1.1254
-9.4	1.1837	1.1832	-11.5	-1.0919
-9.3	1.1837	1.1832	-11.4	-1.0558
-9.2	1.1837	1.1832	-11.3	-1.0175
-9.1	1.1837	1.1832	-11.2	-0.9772
-9.0	1.1837	1.1832	-11.1	-0.9354
-8.9	1.1837	1.1832	-11.0	-0.8924
-8.8	1.1837	1.1832	-10.8	-0.8484
-8.7	1.1837	1.1832	-10.7	-0.8039
-8.6	1.1837	1.1832	-10.6	-0.7590
-8.5	1.1837	1.1833	-10.5	-0.7140
-8.4	1.1838	1.1833	-10.4	-0.6690
-8.3	1.1838	1.1833	-10.3	-0.6243
-8.2	1.1838	1.1833	-10.1	-0.5800
-8.1	1.1838	1.1834	-10.0	-0.5361
-8.0	1.1839	1.1834	-9.9	-0.4927
-7.9	1.1839	1.1834	-9.8	-0.4498
-7.9	1.1839	1.1835	-9.7	-0.4074
-7.8	1.1840	1.1835	-9.6	-0.3656
-7.7	1.1840	1.1835	-9.5	-0.3243
-7.6	1.1840	1.1835	-9.3	-0.2835
-7.5	1.1840	1.1836	-9.2	-0.2431
-7.4	1.1840	1.1836	-9.1	-0.2031
-7.3	1.1840	1.1836	-9.0	-0.1635
-7.2	1.1841	1.1836	-8.9	-0.1241
-7.1	1.1841	1.1836	-8.8	-0.0849
-7.0	1.1840	1.1836	-8.6	-0.0459
-6.9	1.1840	1.1836	-8.5	-0.0070
-6.8	1.1840	1.1836	-8.4	0.0320
-6.7	1.1840	1.1835	-8.3	0.0710
-6.6	1.1840	1.1835	-8.2	0.1101
-6.5	1.1840	1.1835	-8.1	0.1494
-6.4	1.1840	1.1835	-7.9	0.1889
-6.3	1.1839	1.1835	-7.8	0.2288
-6.3	1.1839	1.1834	-7.7	0.2690
-6.2	1.1839	1.1834	-7.6	0.3097
-6.1	1.1839	1.1834	-7.5	0.3508
-6.0	1.1838	1.1834	-7.4	0.3924
-5.9	1.1838	1.1833	-7.2	0.4345
-5.8	1.1838	1.1833	-7.1	0.4772
-5.7	1.1838	1.1833	-7.0	0.5205
-5.6	1.1838	1.1833	-6.9	0.5642
-5.5	1.1838	1.1833	-6.8	0.6084
-5.4	1.1838	1.1833	-6.7	0.6530
-5.3	1.1838	1.1833	-6.6	0.6980
-5.2	1.1838	1.1833	-6.4	0.7430
-5.1	1.1838	1.1833	-6.3	0.7881
-5.0	1.1838	1.1833	-6.2	0.8329
-4.9	1.1838	1.1833	-6.1	0.8772
-4.8	1.1838	1.1834	-6.0	0.9207
-4.7	1.1839	1.1834	-5.9	0.9632
-4.7	1.1839	1.1834	-5.7	1.0042
-4.6	1.1839	1.1834	-5.6	1.0435
-4.5	1.1839	1.1835	-5.5	1.0807
-4.4	1.1840	1.1835	-5.4	1.1155
-4.3	1.1840	1.1835	-5.3	1.1475
-4.2	1.1840	1.1836	-5.2	1.1766
-4.1	1.1840	1.1836	-5.0	1.2026
-4.0	1.1841	1.1836	-4.9	1.2252
-3.9	1.1841	1.1836	-4.8	1.2444
-3.8	1.1841	1.1836	-4.7	1.2601
-3.7	1.1841	1.1836	-4.6	1.2722
-3.6	1.1841	1.1836	-4.5	1.2807
-3.5	1.1841	1.1836	-4.3	1.2856
-3.4	1.1841	1.1836	-4.2	1.2869
-3.3	1.1841	1.1836	-4.1	1.2846
-3.2	1.1841	1.1836	-4.0	1.2787
-3.2	1.1841	1.1836	-3.9	1.2691
-3.1	1.1841	1.1836	-3.8	1.2560
-3.0	1.1840	1.1836	-3.7	1.2393
-2.9	1.1840	1.1835	-3.5	1.2191
-2.8	1.1840	1.1835	-3.4	1.1954
-2.7	1.1840	1.1835	-3.3	1.1685
-2.6	1.1839	1.1835	-3.2	1.1385
-2.5	1.1839	1.1834	-3.1	1.1056
-2.4	1.1839	1.1834	-3.0	1.0701
-2.3	1.1839	1.1834	-2.8	1.0323
-2.2	1.1838	1.1834	-2.7	0.9924
-2.1	1.1838	1.1834	-2.6	0.9509
-2.0	1.1838	1.1834	-2.5	0.9081
-1.9	1.1838	1.1833	-2.4	0.8643
-1.8	1.1838	1.1833	-2.3	0.8198
-1.7	1.1838	1.1833	-2.1	0.7748
-1.6	1.1838	1.1833	-2.0	0.7297
-1.6	1.1838	1.1834	-1.9	0.6846
-1.5	1.1838	1.1834	-1.8	0.6397
-1.4	1.1839	1.1834	-1.7	0.5952
-1.3	1.1839	1.1834	-1.6	0.5510
-1.2	1.1839	1.1834	-1.4	0.5074
-1.1	1.1839	1.1835	-1.3	0.4643
-1.0	1.1840	1.1835	-1.2	0.4217
-0.9	1.1840	1.1835	-1.1	0.3796
-0.8	1.1840	1.1835	-1.0	0.3381
-0.7	1.1840	1.1836	-0.9	0.2971
-0.6	1.1841	1.1836	-0.8	0.2565
-0.5	1.1841	1.1836	-0.6	0.2163
-0.4	1.1841	1.1836	-0.5	0.1765
-0.3	1.1841	1.1836	-0.4	0.1370
-0.2	1.1841	1.1836	-0.3	0.0977
-0.1	1.1841	1.1837	-0.2	0.0585
-0.0	1.1841	1.1837	-0.1	0.0195
0.0	1.1841	1.1837	0.1	-0.0195
0.1	1.1841	1.1837	0.2	-0.0585
0.2	1.1841	1.1836	0.3	-0.0977
0.3	1.1841	1.1836	0.4	-0.1370
0.4	1.1841	1.1836	0.5	-0.1765
0.5	1.1841	1.1836	0.6	-0.2163
0.6	1.1841	1.1836	0.8	-0.2565
0.7	1.1840	1.1836	0.9	-0.2971
0.8	1.1840	1.1835	1.0	-0.3381
0.9	1.1840	1.1835	1.1	-0.3796
1.0	1.1840	1.1835	1.2	-0.4217
1.1	1.1839	1.1835	1.3	-0.4643
1.2	1.1839	1.1834	1.4	-0.5074
1.3	1.1839	1.1834	1.6	-0.5510
1.4	1.1839	1.1834	1.7	-0.5952
1.5	1.1838	1.1834	1.8	-0.6397
1.6	1.1838	1.1834	1.9	-0.6846
1.6	1.1838	1.1833	2.0	-0.7297
1.7	1.1838	1.1833	2.1	-0.7748
1.8	1.1838	1.1833	2.3	-0.8198
1.9	1.1838	1.1833	2.4	-0.8643
2.0	1.1838	1.1834	2.5	-0.9081
2.1	1.1838	1.1834	2.6	-0.9509
2.2	1.1838	1.1834	2.7	-0.9924
2.3	1.1839	1.1834	2.8	-1.0323
2.4	1.1839	1.1834	3.0	-1.0701
2.5	1.1839	1.1834	3.1	-1.1056
2.6	1.1839	1.1835	3.2	-1.1385
2.7	1.1840	1.1835	3.3	-1.1685
2.8	1.1840	1.1835	3.4	-1.1954
2.9	1.1840	1.1835	3.5	-1.2191
3.0	1.1840	1.1836	3.7	-1.2393
3.1	1.1841	1.1836	3.8	-1.2560
3.2	1.1841	1.1836	3.9	-1.2691
3.2	1.1841	1.1836	4.0	-1.2787
3.3	1.1841	1.1836	4.1	-1.2846
3.4	1.1841	1.1836	4.2	-1.2869
3.5	1.1841	1.1836	4.3	-1.2856
3.6	1.1841	1.1836	4.5	-1.2807
3.7	1.1841	1.1836	4.6	-1.2722
3.8	1.1841	1.1836	4.7	-1.2601
3.9	1.1841	1.1836	4.8	-1.2444
4.0	1.1841	1.1836	4.9	-1.2252
4.1	1.1840	1.1836	5.0	-1.2026
4.2	1.1840	1.1836	5.2	-1.1766
4.3	1.1840	1.1835	5.3	-1.1475
4.4	1.1840	1.1835	5.4	-1.1155
4.5	1.1839	1.1835	5.5	-1.0807
4.6	1.1839	1.1834	5.6	-1.0435
4.7	1.1839	1.1834	5.7	-1.0042
4.7	1.1839	1.1834	5.9	-0.9632
4.8	1.1838	1.1834	6.0	-0.9207
4.9	1.1838	1.1833	6.1	-0.8772
5.0	1.1838	1.1833	6.2	-0.8329
5.1	1.1838	1.1833	6.3	-0.7881
5.2	1.1838	1.1833	6.4	-0.7430
5.3	1.1838	1.1833	6.6	-0.6980
5.4	1.1838	1.1833	6.7	-0.6530
5.5	1.1838	1.1833	6.8	-0.6084
5.6	1.1838	1.1833	6.9	-0.5642
5.7	1.1838	1.1833	7.0	-0.5205
5.8	1.1838	1.1833	7.1	-0.4772
5.9	1.1838	1.1833	7.2	-0.4345
6.0	1.1838	1.1834	7.4	-0.3924
6.1	1.1839	1.1834	7.5	-0.3508
6.2	1.1839	1.1834	7.6	-0.3097
6.3	1.1839	1.1834	7.7	-0.2690
6.3	1.1839	1.1835	7.8	-0.2288
6.4	1.1840	1.1835	7.9	-0.1889
6.5	1.1840	1.1835	8.1	-0.1494
6.6	1.1840	1.1835	8.2	-0.1101
6.7	1.1840	1.1835	8.3	-0.0710
6.8	1.1840	1.1836	8.4	-0.0320
6.9	1.1840	1.1836	8.5	0.0070
7.0	1.1840	1.1836	8.6	0.0459
7.1	1.1841	1.1836	8.8	0.0849
7.2	1.1841	1.1836	8.9	0.1241
7.3	1.1840	1.1836	9.0	0.1635
7.4	1.1840	1.1836	9.1	0.2031
7.5	1.1840	1.1836	9.2	0.2431
7.6	1.1840	1.1835	9.3	0.2835
7.7	1.1840	1.1835	9.5	0.3243
7.8	1.1840	1.1835	9.6	0.3656
7.9	1.1839	1.1835	9.7	0.4074
7.9	1.1839	1.1834	9.8	0.4498
8.0	1.1839	1.1834	9.9	0.4927
8.1	1.1838	1.1834	10.0	0.5361
8.2	1.1838	1.1833	10.1	0.5800
8.3	1.1838	1.1833	10.3	0.6243
8.4	1.1838	1.1833	10.4	0.6690
8.5	1.1837	1.1833	10.5	0.7140
8.6	1.1837	1.1832	10.6	0.7590
8.7	1.1837	1.1832	10.7	0.8039
8.8	1.1837	1.1832	10.8	0.8484
8.9	1.1837	1.1832	11.0	0.8924
9.0	1.1837	1.1832	11.1	0.9354
9.1	1.1837	1.1832	11.2	0.9772
9.2	1.1837	1.1832	11.3	1.0175
9.3	1.1837	1.1832	11.4	1.0558
9.4	1.1837	1.1832	11.5	1.0919
9.5	1.1837	1.1832	11.7	1.1254
9.5	1.1837	1.1832	11.8	1.1562
9.6	1.1837	1.1833	11.9	1.1839
9.7	1.1838	1.1833	12.0	1.2084
9.8	1.1838	1.1833	12.1	1.2295
9.9	1.1838	1.1833	12.2	1.2471
10.0	1.1838	1.1834	12.4	1.2612
10.1	1.1839	1.1834	12.5	1.2717
10.2	1.1839	1.1834	12.6	1.2786
10.3	1.1839	1.1834	12.7	1.2819
10.4	1.1839	1.1835	12.8	1.2816
10.5	1.1839	1.1835	12.9	1.2778
10.6	1.1839	1.1835	13.0	1.2703
10.7	1.1839	1.1835	13.2	1.2592
10.8	1.1839	1.1835	13.3	1.2445
10.9	1.1839	1.1835	13.4	1.2264
11.0	1.1839	1.1835	13.5	1.2047
11.1	1.1839	1.1834	13.6	1.1797
11.1	1.1839	1.1834	13.7	1.1515
11.2	1.1839	1.1834	13.9	1.1203
11.3	1.1838	1.1834	14.0	1.0863
11.4	1.1838	1.1833	14.1	1.0498
11.5	1.1838	1.1833	14.2	1.0111
11.6	1.1837	1.1833	14.3	0.9706
11.7	1.1837	1.1832	14.4	0.9285
11.8	1.1837	1.1832	14.6	0.8853
11.9	1.1836	1.1832	14.7	0.8412
12.0	1.1836	1.1831	14.8	0.7965
12.1	1.1836	1.1831	14.9	0.7515
12.2	1.1835	1.1831	15.0	0.7064
12.3	1.1835	1.1830	15.1	0.6614
12.4	1.1835	1.1830	15.3	0.6167
12.5	1.1835	1.1830	15.4	0.5723
12.6	1.1835	1.1830	15.5	0.5284
12.6	1.1835	1.1830	15.6	0.4850
12.7	1.1835	1.1830	15.7	0.4421
12.8	1.1835	1.1830	15.8	0.3998
12.9	1.1835	1.1830	15.9	0.3579
13.0	1.1835	1.1830	16.1	0.3166
13.1	1.1835	1.1830	16.2	0.2758
13.2	1.1835	1.1831	16.3	0.2354
13.3	1.1836	1.1831	16.4	0.1954
13.4	1.1836	1.1831	16.5	0.1556
13.5	1.1836	1.1832	16.6	0.1162
13.6	1.1837	1.1832	16.8	0.0769
13.7	1.1837	1.1832	16.9	0.0378
13.8	1.1837	1.1832	17.0	-0.0012
13.9	1.1837	1.1832	17.1	-0.0403
14.0	1.1837	1.1833	17.2	-0.0794
14.1	1.1837	1.1833	17.3	-0.1186
14.2	1.1837	1.1833	17.5	-0.1581
14.2	1.1837	1.1833	17.6	-0.1978
14.3	1.1837	1.1833	17.7	-0.2378
14.4	1.1837	1.1833	17.8	-0.2783
14.5	1.1837	1.1832	17.9	-0.3191
14.6	1.1837	1.1832	18.0	-0.3604
14.7	1.1837	1.1832	18.2	-0.4023
14.8	1.1836	1.1832	18.3	-0.4446
14.9	1.1836	1.1831	18.4	-0.4876
15.0	1.1836	1.1831	18.5	-0.5310
Gap = 6
X_pos[mm]	Beff[T]	Bpeak[T]	Z_pos[mm]	By[T]
-15.0	0.7572	0.7571	-18.5	0.3801
-14.9	0.7572	0.7571	-18.4	0.3517
-14.8	0.7572	0.7571	-18.3	0.3232
-14.7	0.7572	0.7572	-18.2	0.2945
-14.6	0.7572	0.7572	-18.0	0.2656
-14.5	0.7572	0.7572	-17.9	0.2366
-14.4	0.7572	0.7572	-17.8	0.2076
-14.3	0.7572	0.7572	-17.7	0.1785
-14.2	0.7573	0.7572	-17.6	0.1493
-14.2	0.7573	0.7572	-17.5	0.1201
-14.1	0.7573	0.7572	-17.3	0.0910
-14.0	0.7573	0.7572	-17.2	0.0618
-13.9	0.7573	0.7572	-17.1	0.0325
-13.8	0.7573	0.7572	-17.0	0.0033
-13.7	0.7573	0.7572	-16.9	-0.0259
-13.6	0.7573	0.7572	-16.8	-0.0551
-13.5	0.7573	0.7572	-16.6	-0.0842
-13.4	0.7573	0.7572	-16.5	-0.1134
-13.3	0.7572	0.7572	-16.4	-0.1425
-13.2	0.7572	0.7572	-16.3	-0.1716
-13.1	0.7572	0.7572	-16.2	-0.2007
-13.0	0.7572	0.7572	-16.1	-0.2296
-12.9	0.7572	0.7572	-15.9	-0.2585
-12.8	0.7572	0.7572	-15.8	-0.2873
-12.7	0.7572	0.7572	-15.7	-0.3159
-12.6	0.7572	0.7572	-15.6	-0.3444
-12.6	0.7572	0.7572	-15.5	-0.3726
-12.5	0.7573	0.7572	-15.4	-0.4005
-12.4	0.7573	0.7572	-15.3	-0.4281
-12.3	0.7573	0.7572	-15.1	-0.4553
-12.2	0.7573	0.7572	-15.0	-0.4820
-12.1	0.7573	0.7572	-14.9	-0.5082
-12.0	0.7573	0.7572	-14.8	-0.5337
-11.9	0.7573	0.7572	-14.7	-0.5585
-11.8	0.7573	0.7572	-14.6	-0.5824
-11.7	0.7573	0.7573	-14.4	-0.6055
-11.6	0.7573	0.7573	-14.3	-0.6275
-11.5	0.7573	0.7573	-14.2	-0.6485
-11.4	0.7573	0.7573	-14.1	-0.6682
-11.3	0.7574	0.7573	-14.0	-0.6867
-11.2	0.7574	0.7573	-13.9	-0.7037
-11.1	0.7574	0.7573	-13.7	-0.7194
-11.1	0.7574	0.7573	-13.6	-0.7334
-11.0	0.7574	0.7573	-13.5	-0.7459
-10.9	0.7574	0.7573	-13.4	-0.7567
-10.8	0.7574	0.7573	-13.3	-0.7658
-10.7	0.7574	0.7573	-13.2	-0.7732
-10.6	0.7574	0.7573	-13.0	-0.7788
-10.5	0.7574	0.7573	-12.9	-0.7826
-10.4	0.7574	0.7573	-12.8	-0.7846
-10.3	0.7574	0.7573	-12.7	-0.7847
-10.2	0.7574	0.7573	-12.6	-0.7831
-10.1	0.7574	0.7573	-12.5	-0.7796
-10.0	0.7574	0.7573	-12.4	-0.7743
-9.9	0.7574	0.7573	-12.2	-0.7673
-9.8	0.7574	0.7573	-12.1	-0.7585
-9.7	0.7574	0.7573	-12.0	-0.7480
-9.6	0.7574	0.7573	-11.9	-0.7358
-9.5	0.7574	0.7573	-11.8	-0.7220
-9.5	0.7574	0.7573	-11.7	-0.7067
-9.4	0.7574	0.7573	-11.5	-0.6899
-9.3	0.7574	0.7573	-11.4	-0.6717
-9.2	0.7574	0.7573	-11.3	-0.6522
-9.1	0.7574	0.7573	-11.2	-0.6315
-9.0	0.7574	0.7573	-11.1	-0.6097
-8.9	0.7574	0.7573	-11.0	-0.5869
-8.8	0.7574	0.7573	-10.8	-0.5631
-8.7	0.7574	0.7573	-10.7	-0.5385
-8.6	0.7574	0.7573	-10.6	-0.5132
-8.5	0.7574	0.7573	-10.5	-0.4872
-8.4	0.7574	0.7573	-10.4	-0.4607
-8.3	0.7574	0.7573	-10.3	-0.4336
-8.2	0.7574	0.7573	-10.1	-0.4062
-8.1	0.7574	0.7573	-10.0	-0.3784
-8.0	0.7574	0.7574	-9.9	-0.3504
-7.9	0.7574	0.7574	-9.8	-0.3220
-7.9	0.7574	0.7574	-9.7	-0.2936
-7.8	0.7574	0.7574	-9.6	-0.2649
-7.7	0.7574	0.7574	-9.5	-0.2362
-7.6	0.7575	0.7574	-9.3	-0.2073
-7.5	0.7575	0.7574	-9.2	-0.1784
-7.4	0.7575	0.7574	-9.1	-0.1494
-7.3	0.7575	0.7574	-9.0	-0.1204
-7.2	0.7575	0.7574	-8.9	-0.0914
-7.1	0.7575	0.7574	-8.8	-0.0623
-7.0	0.7575	0.7574	-8.6	-0.0333
-6.9	0.7575	0.7574	-8.5	-0.0042
-6.8	0.7575	0.7574	-8.4	0.0249
-6.7	0.7575	0.7574	-8.3	0.0540
-6.6	0.7575	0.7574	-8.2	0.0830
-6.5	0.7575	0.7574	-8.1	0.1121
-6.4	0.7575	0.7574	-7.9	0.1411
-6.3	0.7574	0.7574	-7.8	0.1701
-6.3	0.7574	0.7574	-7.7	0.1991
-6.2	0.7574	0.7574	-7.6	0.2280
-6.1	0.7574	0.7574	-7.5	0.2568
-6.0	0.7574	0.7574	-7.4	0.2855
-5.9	0.7574	0.7574	-7.2	0.3141
-5.8	0.7574	0.7574	-7.1	0.3426
-5.7	0.7574	0.7574	-7.0	0.3708
-5.6	0.7574	0.7574	-6.9	0.3987
-5.5	0.7574	0.7574	-6.8	0.4264
-5.4	0.7574	0.7574	-6.7	0.4536
-5.3	0.7574	0.7574	-6.6	0.4804
-5.2	0.7574	0.7574	-6.4	0.5067
-5.1	0.7574	0.7574	-6.3	0.5324
-5.0	0.7574	0.7574	-6.2	0.5574
-4.9	0.7574	0.7574	-6.1	0.5815
-4.8	0.7574	0.7574	-6.0	0.6049
-4.7	0.7574	0.7574	-5.9	0.6272
-4.7	0.7574	0.7574	-5.7	0.6484
-4.6	0.7575	0.7574	-5.6	0.6685
-4.5	0.7575	0.7574	-5.5	0.6873
-4.4	0.7575	0.7574	-5.4	0.7047
-4.3	0.7575	0.7574	-5.3	0.7207
-4.2	0.7575	0.7574	-5.2	0.7352
-4.1	0.7575	0.7574	-5.0	0.7482
-4.0	0.7575	0.7574	-4.9	0.7594
-3.9	0.7575	0.7574	-4.8	0.7690
-3.8	0.7575	0.7574	-4.7	0.7768
-3.7	0.7575	0.7574	-4.6	0.7829
-3.6	0.7575	0.7574	-4.5	0.7872
-3.5	0.7575	0.7574	-4.3	0.7897
-3.4	0.7575	0.7574	-4.2	0.7903
-3.3	0.7575	0.7574	-4.1	0.7891
-3.2	0.7575	0.7574	-4.0	0.7861
-3.2	0.7575	0.7574	-3.9	0.7813
-3.1	0.7575	0.7574	-3.8	0.7747
-3.0	0.7575	0.7574	-3.7	0.7663
-2.9	0.7575	0.7574	-3.5	0.7562
-2.8	0.7575	0.7574	-3.4	0.7444
-2.7	0.7575	0.7574	-3.3	0.7310
-2.6	0.7575	0.7574	-3.2	0.7160
-2.5	0.7575	0.7574	-3.1	0.6996
-2.4	0.7575	0.7574	-3.0	0.6817
-2.3	0.7575	0.7574	-2.8	0.6625
-2.2	0.7575	0.7574	-2.7	0.6420
-2.1	0.7574	0.7574	-2.6	0.6204
-2.0	0.7574	0.7574	-2.5	0.5977
-1.9	0.7574	0.7574	-2.4	0.5741
-1.8	0.7574	0.7574	-2.3	0.5496
-1.7	0.7574	0.7574	-2.1	0.5244
-1.6	0.7574	0.7574	-2.0	0.4985
-1.6	0.7574	0.7574	-1.9	0.4720
-1.5	0.7575	0.7574	-1.8	0.4450
-1.4	0.7575	0.7574	-1.7	0.4176
-1.3	0.7575	0.7574	-1.6	0.3898
-1.2	0.7575	0.7574	-1.4	0.3617
-1.1	0.7575	0.7574	-1.3	0.3333
-1.0	0.7575	0.7574	-1.2	0.3048
-0.9	0.7575	0.7574	-1.1	0.2761
-0.8	0.7575	0.7574	-1.0	0.2472
-0.7	0.7575	0.7574	-0.9	0.2183
-0.6	0.7575	0.7574	-0.8	0.1893
-0.5	0.7575	0.7574	-0.6	0.1602
-0.4	0.7575	0.7574	-0.5	0.1311
-0.3	0.7575	0.7575	-0.4	0.1020
-0.2	0.7575	0.7575	-0.3	0.0729
-0.1	0.7575	0.7575	-0.2	0.0437
-0.0	0.7575	0.7575	-0.1	0.0146
0.0	0.7575	0.7575	0.1	-0.0146
0.1	0.7575	0.7575	0.2	-0.0437
0.2	0.7575	0.7575	0.3	-0.0729
0.3	0.7575	0.7575	0.4	-0.1020
0.4	0.7575	0.7574	0.5	-0.1311
0.5	0.7575	0.7574	0.6	-0.1602
0.6	0.7575	0.7574	0.8	-0.1893
0.7	0.7575	0.7574	0.9	-0.2183
0.8	0.7575	0.7574	1.0	-0.2472
0.9	0.7575	0.7574	1.1	-0.2761
1.0	0.7575	0.7574	1.2	-0.3048
1.1	0.7575	0.7574	1.3	-0.3333
1.2	0.7575	0.7574	1.4	-0.3617
1.3	0.7575	0.7574	1.6	-0.3898
1.4	0.7575	0.7574	1.7	-0.4176
1.5	0.7575	0.7574	1.8	-0.4450
1.6	0.7574	0.7574	1.9	-0.4720
1.6	0.7574	0.7574	2.0	-0.4985
1.7	0.7574	0.7574	2.1	-0.5244
1.8	0.7574	0.7574	2.3	-0.5496
1.9	0.7574	0.7574	2.4	-0.5741
2.0	0.7574	0.7574	2.5	-0.5977
2.1	0.7574	0.7574	2.6	-0.6204
2.2	0.7575	0.7574	2.7	-0.6420
2.3	0.7575	0.7574	2.8	-0.6625
2.4	0.7575	0.7574	3.0	-0.6817
2.5	0.7575	0.7574	3.1	-0.6996
2.6	0.7575	0.7574	3.2	-0.7160
2.7	0.7575	0.7574	3.3	-0.7310
2.8	0.7575	0.7574	3.4	-0.7444
2.9	0.7575	0.7574	3.5	-0.7562
3.0	0.7575	0.7574	3.7	-0.7663
3.1	0.7575	0.7574	3.8	-0.7747
3.2	0.7575	0.7574	3.9	-0.7813
3.2	0.7575	0.7574	4.0	-0.7861
3.3	0.7575	0.7574	4.1	-0.7891
3.4	0.7575	0.7574	4.2	-0.7903
3.5	0.7575	0.7574	4.3	-0.7897
3.6	0.7575	0.7574	4.5	-0.7872
3.7	0.7575	0.7574	4.6	-0.7829
3.8	0.7575	0.7574	4.7	-0.7768
3.9	0.7575	0.7574	4.8	-0.7690
4.0	0.7575	0.7574	4.9	-0.7594
4.1	0.7575	0.7574	5.0	-0.7482
4.2	0.7575	0.7574	5.2	-0.7352
4.3	0.7575	0.7574	5.3	-0.7207
4.4	0.7575	0.7574	5.4	-0.7047
4.5	0.7575	0.7574	5.5	-0.6873
4.6	0.7575	0.7574	5.6	-0.6685
4.7	0.7574	0.7574	5.7	-0.6484
4.7	0.7574	0.7574	5.9	-0.6272
4.8	0.7574	0.7574	6.0	-0.6049
4.9	0.7574	0.7574	6.1	-0.5815
5.0	0.7574	0.7574	6.2	-0.5574
5.1	0.7574	0.7574	6.3	-0.5324
5.2	0.7574	0.7574	6.4	-0.5067
5.3	0.7574	0.7574	6.6	-0.4804
5.4	0.7574	0.7574	6.7	-0.4536
5.5	0.7574	0.7574	6.8	-0.4264
5.6	0.7574	0.7574	6.9	-0.3987
5.7	0.7574	0.7574	7.0	-0.3708
5.8	0.7574	0.7574	7.1	-0.3426
5.9	0.7574	0.7574	7.2	-0.3141
6.0	0.7574	0.7574	7.4	-0.2855
6.1	0.7574	0.7574	7.5	-0.2568
6.2	0.7574	0.7574	7.6	-0.2280
6.3	0.7574	0.7574	7.7	-0.1991
6.3	0.7574	0.7574	7.8	-0.1701
6.4	0.7575	0.7574	7.9	-0.1411
6.5	0.7575	0.7574	8.1	-0.1121
6.6	0.7575	0.7574	8.2	-0.0830
6.7	0.7575	0.7574	8.3	-0.0540
6.8	0.7575	0.7574	8.4	-0.0249
6.9	0.7575	0.7574	8.5	0.0042
7.0	0.7575	0.7574	8.6	0.0333
7.1	0.7575	0.7574	8.8	0.0623
7.2	0.7575	0.7574	8.9	0.0914
7.3	0.7575	0.7574	9.0	0.1204
7.4	0.7575	0.7574	9.1	0.1494
7.5	0.7575	0.7574	9.2	0.1784
7.6	0.7575	0.7574	9.3	0.2073
7.7	0.7574	0.7574	9.5	0.2362
7.8	0.7574	0.7574	9.6	0.2649
7.9	0.7574	0.7574	9.7	0.2936
7.9	0.7574	0.7574	9.8	0.3220
8.0	0.7574	0.7574	9.9	0.3504
8.1	0.7574	0.7573	10.0	0.3784
8.2	0.7574	0.7573	10.1	0.4062
8.3	0.7574	0.7573	10.3	0.4336
8.4	0.7574	0.7573	10.4	0.4607
8.5	0.7574	0.7573	10.5	0.4872
8.6	0.7574	0.7573	10.6	0.5132
8.7	0.7574	0.7573	10.7	0.5385
8.8	0.7574	0.7573	10.8	0.5631
8.9	0.7574	0.7573	11.0	0.5869
9.0	0.7574	0.7573	11.1	0.6097
9.1	0.7574	0.7573	11.2	0.6315
9.2	0.7574	0.7573	11.3	0.6522
9.3	0.7574	0.7573	11.4	0.6717
9.4	0.7574	0.7573	11.5	0.6899
9.5	0.7574	0.7573	11.7	0.7067
9.5	0.7574	0.7573	11.8	0.7220
9.6	0.7574	0.7573	11.9	0.7358
9.7	0.7574	0.7573	12.0	0.7480
9.8	0.7574	0.7573	12.1	0.7585
9.9	0.7574	0.7573	12.2	0.7673
10.0	0.7574	0.7573	12.4	0.7743
10.1	0.7574	0.7573	12.5	0.7796
10.2	0.7574	0.7573	12.6	0.7831
10.3	0.7574	0.7573	12.7	0.7847
10.4	0.7574	0.7573	12.8	0.7846
10.5	0.7574	0.7573	12.9	0.7826
10.6	0.7574	0.7573	13.0	0.7788
10.7	0.7574	0.7573	13.2	0.7732
10.8	0.7574	0.7573	13.3	0.7658
10.9	0.7574	0.7573	13.4	0.7567
11.0	0.7574	0.7573	13.5	0.7459
11.1	0.7574	0.7573	13.6	0.7334
11.1	0.7574	0.7573	13.7	0.7194
11.2	0.7574	0.7573	13.9	0.7037
11.3	0.7574	0.7573	14.0	0.6867
11.4	0.7573	0.7573	14.1	0.6682
11.5	0.7573	0.7573	14.2	0.6485
11.6	0.7573	0.7573	14.3	0.6275
11.7	0.7573	0.7573	14.4	0.6055
11.8	0.7573	0.7572	14.6	0.5824
11.9	0.7573	0.7572	14.7	0.5585
12.0	0.7573	0.7572	14.8	0.5337
12.1	0.7573	0.7572	14.9	0.5082
12.2	0.7573	0.7572	15.0	0.4820
12.3	0.7573	0.7572	15.1	0.4553
12.4	0.7573	0.7572	15.3	0.4281
12.5	0.7573	0.7572	15.4	0.4005
12.6	0.7572	0.7572	15.5	0.3726
12.6	0.7572	0.7572	15.6	0.3444
12.7	0.7572	0.7572	15.7	0.3159
12.8	0.7572	0.7572	15.8	0.2873
12.9	0.7572	0.7572	15.9	0.2585
13.0	0.7572	0.7572	16.1	0.2296
13.1	0.7572	0.7572	16.2	0.2007
13.2	0.7572	0.7572	16.3	0.1716
13.3	0.7572	0.7572	16.4	0.1425
13.4	0.7573	0.7572	16.5	0.1134
13.5	0.7573	0.7572	16.6	0.0842
13.6	0.7573	0.7572	16.8	0.0551
13.7	0.7573	0.7572	16.9	0.0259
13.8	0.7573	0.7572	17.0	-0.0033
13.9	0.7573	0.7572	17.1	-0.0325
14.0	0.7573	0.7572	17.2	-0.0618
14.1	0.7573	0.7572	17.3	-0.0910
14.2	0.7573	0.7572	17.5	-0.1201
14.2	0.7573	0.7572	17.6	-0.1493
14.3	0.7572	0.7572	17.7	-0.1785
14.4	0.7572	0.7572	17.8	-0.2076
14.5	0.7572	0.7572	17.9	-0.2366
14.6	0.7572	0.7572	18.0	-0.2656
14.7	0.7572	0.7572	18.2	-0.2945
14.8	0.7572	0.7571	18.3	-0.3232
14.9	0.7572	0.7571	18.4	-0.3517
15.0	0.7572	0.7571	18.5	-0.3801
Gap = 8
X_pos[mm]	Beff[T]	Bpeak[T]	Z_pos[mm]	By[T]
-15.0	0.5015	0.5015	-18.5	0.2652
-14.9	0.5015	0.5015	-18.4	0.2464
-14.8	0.5015	0.5015	-18.3	0.2272
-14.7	0.5015	0.5015	-18.2	0.2078
-14.6	0.5015	0.5015	-18.0	0.1882
-14.5	0.5015	0.5015	-17.9	0.1683
-14.4	0.5015	0.5015	-17.8	0.1482
-14.3	0.5015	0.5015	-17.7	0.1280
-14.2	0.5015	0.5015	-17.6	0.1076
-14.2	0.5015	0.5015	-17.5	0.0871
-14.1	0.5015	0.5015	-17.3	0.0666
-14.0	0.5015	0.5015	-17.2	0.0459
-13.9	0.5015	0.5015	-17.1	0.0253
-13.8	0.5015	0.5015	-17.0	0.0046
-13.7	0.5015	0.5015	-16.9	-0.0161
-13.6	0.5015	0.5015	-16.8	-0.0367
-13.5	0.5015	0.5015	-16.6	-0.0573
-13.4	0.5015	0.5015	-16.5	-0.0779
-13.3	0.5015	0.5015	-16.4	-0.0983
-13.2	0.5015	0.5015	-16.3	-0.1186
-13.1	0.5015	0.5015	-16.2	-0.1388
-13.0	0.5015	0.5015	-16.1	-0.1588
-12.9	0.5015	0.5015	-15.9	-0.1786
-12.8	0.5015	0.5015	-15.8	-0.1982
-12.7	0.5015	0.5015	-15.7	-0.2175
-12.6	0.5015	0.5015	-15.6	-0.2366
-12.6	0.5015	0.5015	-15.5	-0.2553
-12.5	0.5015	0.5015	-15.4	-0.2736
-12.4	0.5015	0.5015	-15.3	-0.2916
-12.3	0.5015	0.5015	-15.1	-0.3091
-12.2	0.5015	0.5015	-15.0	-0.3262
-12.1	0.5015	0.5015	-14.9	-0.3428
-12.0	0.5016	0.5015	-14.8	-0.3588
-11.9	0.5016	0.5015	-14.7	-0.3742
-11.8	0.5016	0.5015	-14.6	-0.3889
-11.7	0.5016	0.5016	-14.4	-0.4030
-11.6	0.5016	0.5016	-14.3	-0.4164
-11.5	0.5016	0.5016	-14.2	-0.4291
-11.4	0.5016	0.5016	-14.1	-0.4409
-11.3	0.5016	0.5016	-14.0	-0.4519
-11.2	0.5016	0.5016	-13.9	-0.4620
-11.1	0.5016	0.5016	-13.7	-0.4713
-11.1	0.5016	0.5016	-13.6	-0.4796
-11.0	0.5016	0.5016	-13.5	-0.4869
-10.9	0.5016	0.5016	-13.4	-0.4933
-10.8	0.5016	0.5016	-13.3	-0.4986
-10.7	0.5016	0.5016	-13.2	-0.5029
-10.6	0.5016	0.5016	-13.0	-0.5062
-10.5	0.5016	0.5016	-12.9	-0.5085
-10.4	0.5016	0.5016	-12.8	-0.5096
-10.3	0.5016	0.5016	-12.7	-0.5097
-10.2	0.5016	0.5016	-12.6	-0.5088
-10.1	0.5016	0.5016	-12.5	-0.5068
-10.0	0.5016	0.5016	-12.4	-0.5037
-9.9	0.5016	0.5016	-12.2	-0.4996
-9.8	0.5016	0.5016	-12.1	-0.4945
-9.7	0.5016	0.5016	-12.0	-0.4884
-9.6	0.5016	0.5016	-11.9	-0.4813
-9.5	0.5016	0.5016	-11.8	-0.4732
-9.5	0.5016	0.5016	-11.7	-0.4641
-9.4	0.5016	0.5016	-11.5	-0.4542
-9.3	0.5016	0.5016	-11.4	-0.4434
-9.2	0.5016	0.5016	-11.3	-0.4318
-9.1	0.5016	0.5016	-11.2	-0.4194
-9.0	0.5016	0.5016	-11.1	-0.4062
-8.9	0.5016	0.5016	-11.0	-0.3923
-8.8	0.5016	0.5016	-10.8	-0.3777
-8.7	0.5016	0.5016	-10.7	-0.3625
-8.6	0.5016	0.5016	-10.6	-0.3466
-8.5	0.5016	0.5016	-10.5	-0.3303
-8.4	0.5016	0.5016	-10.4	-0.3134
-8.3	0.5016	0.5016	-10.3	-0.2960
-8.2	0.5016	0.5016	-10.1	-0.2782
-8.1	0.5016	0.5016	-10.0	-0.2600
-8.0	0.5016	0.5016	-9.9	-0.2415
-7.9	0.5016	0.5016	-9.8	-0.2226
-7.9	0.5016	0.5016	-9.7	-0.2034
-7.8	0.5016	0.5016	-9.6	-0.1840
-7.7	0.5016	0.5016	-9.5	-0.1643
-7.6	0.5016	0.5016	-9.3	-0.1445
-7.5	0.5016	0.5016	-9.2	-0.1244
-7.4	0.5016	0.5016	-9.1	-0.1043
-7.3	0.5016	0.5016	-9.0	-0.0840
-7.2	0.5016	0.5016	-8.9	-0.0636
-7.1	0.5016	0.5016	-8.8	-0.0431
-7.0	0.5016	0.5016	-8.6	-0.0226
-6.9	0.5016	0.5016	-8.5	-0.0020
-6.8	0.5016	0.5016	-8.4	0.0185
-6.7	0.5016	0.5016	-8.3	0.0391
-6.6	0.5016	0.5016	-8.2	0.0596
-6.5	0.5016	0.5016	-8.1	0.0800
-6.4	0.5016	0.5016	-7.9	0.1003
-6.3	0.5016	0.5016	-7.8	0.1206
-6.3	0.5016	0.5016	-7.7	0.1407
-6.2	0.5016	0.5016	-7.6	0.1607
-6.1	0.5016	0.5016	-7.5	0.1804
-6.0	0.5016	0.5016	-7.4	0.2000
-5.9	0.5016	0.5016	-7.2	0.2193
-5.8	0.5016	0.5016	-7.1	0.2383
-5.7	0.5016	0.5016	-7.0	0.2570
-5.6	0.5016	0.5016	-6.9	0.2754
-5.5	0.5016	0.5016	-6.8	0.2934
-5.4	0.5016	0.5016	-6.7	0.3110
-5.3	0.5016	0.5016	-6.6	0.3281
-5.2	0.5016	0.5016	-6.4	0.3448
-5.1	0.5016	0.5016	-6.3	0.3609
-5.0	0.5016	0.5016	-6.2	0.3764
-4.9	0.5016	0.5016	-6.1	0.3913
-4.8	0.5016	0.5016	-6.0	0.4055
-4.7	0.5016	0.5016	-5.9	0.4190
-4.7	0.5016	0.5016	-5.7	0.4318
-4.6	0.5016	0.5016	-5.6	0.4438
-4.5	0.5016	0.5016	-5.5	0.4550
-4.4	0.5017	0.5016	-5.4	0.4654
-4.3	0.5017	0.5016	-5.3	0.4748
-4.2	0.5017	0.5016	-5.2	0.4833
-4.1	0.5017	0.5016	-5.0	0.4909
-4.0	0.5017	0.5016	-4.9	0.4975
-3.9	0.5017	0.5016	-4.8	0.5030
-3.8	0.5017	0.5016	-4.7	0.5076
-3.7	0.5017	0.5017	-4.6	0.5111
-3.6	0.5017	0.5017	-4.5	0.5136
-3.5	0.5017	0.5017	-4.3	0.5150
-3.4	0.5017	0.5017	-4.2	0.5154
-3.3	0.5017	0.5017	-4.1	0.5147
-3.2	0.5017	0.5017	-4.0	0.5129
-3.2	0.5017	0.5017	-3.9	0.5101
-3.1	0.5017	0.5017	-3.8	0.5062
-3.0	0.5017	0.5016	-3.7	0.5013
-2.9	0.5017	0.5016	-3.5	0.4954
-2.8	0.5017	0.5016	-3.4	0.4885
-2.7	0.5017	0.5016	-3.3	0.4806
-2.6	0.5017	0.5016	-3.2	0.4717
-2.5	0.5017	0.5016	-3.1	0.4620
-2.4	0.5017	0.5016	-3.0	0.4514
-2.3	0.5017	0.5016	-2.8	0.4399
-2.2	0.5017	0.5016	-2.7	0.4276
-2.1	0.5017	0.5016	-2.6	0.4145
-2.0	0.5017	0.5016	-2.5	0.4007
-1.9	0.5017	0.5016	-2.4	0.3863
-1.8	0.5017	0.5016	-2.3	0.3711
-1.7	0.5017	0.5016	-2.1	0.3554
-1.6	0.5017	0.5016	-2.0	0.3390
-1.6	0.5017	0.5016	-1.9	0.3222
-1.5	0.5017	0.5016	-1.8	0.3049
-1.4	0.5017	0.5016	-1.7	0.2871
-1.3	0.5017	0.5016	-1.6	0.2689
-1.2	0.5017	0.5016	-1.4	0.2504
-1.1	0.5017	0.5016	-1.3	0.2315
-1.0	0.5017	0.5017	-1.2	0.2123
-0.9	0.5017	0.5017	-1.1	0.1928
-0.8	0.5017	0.5017	-1.0	0.1731
-0.7	0.5017	0.5017	-0.9	0.1532
-0.6	0.5017	0.5017	-0.8	0.1332
-0.5	0.5017	0.5017	-0.6	0.1129
-0.4	0.5017	0.5017	-0.5	0.0926
-0.3	0.5017	0.5017	-0.4	0.0721
-0.2	0.5017	0.5017	-0.3	0.0515
-0.1	0.5017	0.5017	-0.2	0.0310
-0.0	0.5017	0.5017	-0.1	0.0103
0.0	0.5017	0.5017	0.1	-0.0103
0.1	0.5017	0.5017	0.2	-0.0310
0.2	0.5017	0.5017	0.3	-0.0515
0.3	0.5017	0.5017	0.4	-0.0721
0.4	0.5017	0.5017	0.5	-0.0926
0.5	0.5017	0.5017	0.6	-0.1129
0.6	0.5017	0.5017	0.8	-0.1332
0.7	0.5017	0.5017	0.9	-0.1532
0.8	0.5017	0.5017	1.0	-0.1731
0.9	0.5017	0.5017	1.1	-0.1928
1.0	0.5017	0.5017	1.2	-0.2123
1.1	0.5017	0.5016	1.3	-0.2315
1.2	0.5017	0.5016	1.4	-0.2504
1.3	0.5017	0.5016	1.6	-0.2689
1.4	0.5017	0.5016	1.7	-0.2871
1.5	0.5017	0.5016	1.8	-0.3049
1.6	0.5017	0.5016	1.9	-0.3222
1.6	0.5017	0.5016	2.0	-0.3390
1.7	0.5017	0.5016	2.1	-0.3554
1.8	0.5017	0.5016	2.3	-0.3711
1.9	0.5017	0.5016	2.4	-0.3863
2.0	0.5017	0.5016	2.5	-0.4007
2.1	0.5017	0.5016	2.6	-0.4145
2.2	0.5017	0.5016	2.7	-0.4276
2.3	0.5017	0.5016	2.8	-0.4399
2.4	0.5017	0.5016	3.0	-0.4514
2.5	0.5017	0.5016	3.1	-0.4620
2.6	0.5017	0.5016	3.2	-0.4717
2.7	0.5017	0.5016	3.3	-0.4806
2.8	0.5017	0.5016	3.4	-0.4885
2.9	0.5017	0.5016	3.5	-0.4954
3.0	0.5017	0.5016	3.7	-0.5013
3.1	0.5017	0.5017	3.8	-0.5062
3.2	0.5017	0.5017	3.9	-0.5101
3.2	0.5017	0.5017	4.0	-0.5129
3.3	0.5017	0.5017	4.1	-0.5147
3.4	0.5017	0.5017	4.2	-0.5154
3.5	0.5017	0.5017	4.3	-0.5150
3.6	0.5017	0.5017	4.5	-0.5136
3.7	0.5017	0.5017	4.6	-0.5111
3.8	0.5017	0.5016	4.7	-0.5076
3.9	0.5017	0.5016	4.8	-0.5030
4.0	0.5017	0.5016	4.9	-0.4975
4.1	0.5017	0.5016	5.0	-0.4909
4.2	0.5017	0.5016	5.2	-0.4833
4.3	0.5017	0.5016	5.3	-0.4748
4.4	0.5017	0.5016	5.4	-0.4654
4.5	0.5016	0.5016	5.5	-0.4550
4.6	0.5016	0.5016	5.6	-0.4438
4.7	0.5016	0.5016	5.7	-0.4318
4.7	0.5016	0.5016	5.9	-0.4190
4.8	0.5016	0.5016	6.0	-0.4055
4.9	0.5016	0.5016	6.1	-0.3913
5.0	0.5016	0.5016	6.2	-0.3764
5.1	0.5016	0.5016	6.3	-0.3609
5.2	0.5016	0.5016	6.4	-0.3448
5.3	0.5016	0.5016	6.6	-0.3281
5.4	0.5016	0.5016	6.7	-0.3110
5.5	0.5016	0.5016	6.8	-0.2934
5.6	0.5016	0.5016	6.9	-0.2754
5.7	0.5016	0.5016	7.0	-0.2570
5.8	0.5016	0.5016	7.1	-0.2383
5.9	0.5016	0.5016	7.2	-0.2193
6.0	0.5016	0.5016	7.4	-0.2000
6.1	0.5016	0.5016	7.5	-0.1804
6.2	0.5016	0.5016	7.6	-0.1607
6.3	0.5016	0.5016	7.7	-0.1407
6.3	0.5016	0.5016	7.8	-0.1206
6.4	0.5016	0.5016	7.9	-0.1003
6.5	0.5016	0.5016	8.1	-0.0800
6.6	0.5016	0.5016	8.2	-0.0596
6.7	0.5016	0.5016	8.3	-0.0391
6.8	0.5016	0.5016	8.4	-0.0185
6.9	0.5016	0.5016	8.5	0.0020
7.0	0.5016	0.5016	8.6	0.0226
7.1	0.5016	0.5016	8.8	0.0431
7.2	0.5016	0.5016	8.9	0.0636
7.3	0.5016	0.5016	9.0	0.0840
7.4	0.5016	0.5016	9.1	0.1043
7.5	0.5016	0.5016	9.2	0.1244
7.6	0.5016	0.5016	9.3	0.1445
7.7	0.5016	0.5016	9.5	0.1643
7.8	0.5016	0.5016	9.6	0.1840
7.9	0.5016	0.5016	9.7	0.2034
7.9	0.5016	0.5016	9.8	0.2226
8.0	0.5016	0.5016	9.9	0.2415
8.1	0.5016	0.5016	10.0	0.2600
8.2	0.5016	0.5016	10.1	0.2782
8.3	0.5016	0.5016	10.3	0.2960
8.4	0.5016	0.5016	10.4	0.3134
8.5	0.5016	0.5016	10.5	0.3303
8.6	0.5016	0.5016	10.6	0.3466
8.7	0.5016	0.5016	10.7	0.3625
8.8	0.5016	0.5016	10.8	0.3777
8.9	0.5016	0.5016	11.0	0.3923
9.0	0.5016	0.5016	11.1	0.4062
9.1	0.5016	0.5016	11.2	0.4194
9.2	0.5016	0.5016	11.3	0.4318
9.3	0.5016	0.5016	11.4	0.4434
9.4	0.5016	0.5016	11.5	0.4542
9.5	0.5016	0.5016	11.7	0.4641
9.5	0.5016	0.5016	11.8	0.4732
9.6	0.5016	0.5016	11.9	0.4813
9.7	0.5016	0.5016	12.0	0.4884
9.8	0.5016	0.5016	12.1	0.4945
9.9	0.5016	0.5016	12.2	0.4996
10.0	0.5016	0.5016	12.4	0.5037
10.1	0.5016	0.5016	12.5	0.5068
10.2	0.5016	0.5016	12.6	0.5088
10.3	0.5016	0.5016	12.7	0.5097
10.4	0.5016	0.5016	12.8	0.5096
10.5	0.5016	0.5016	12.9	0.5085
10.6	0.5016	0.5016	13.0	0.5062
10.7	0.5016	0.5016	13.2	0.5029
10.8	0.5016	0.5016	13.3	0.4986
10.9	0.5016	0.5016	13.4	0.4933
11.0	0.5016	0.5016	13.5	0.4869
11.1	0.5016	0.5016	13.6	0.4796
11.1	0.5016	0.5016	13.7	0.4713
11.2	0.5016	0.5016	13.9	0.4620
11.3	0.5016	0.5016	14.0	0.4519
11.4	0.5016	0.5016	14.1	0.4409
11.5	0.5016	0.5016	14.2	0.4291
11.6	0.5016	0.5016	14.3	0.4164
11.7	0.5016	0.5016	14.4	0.4030
11.8	0.5016	0.5015	14.6	0.3889
11.9	0.5016	0.5015	14.7	0.3742
12.0	0.5016	0.5015	14.8	0.3588
12.1	0.5015	0.5015	14.9	0.3428
12.2	0.5015	0.5015	15.0	0.3262
12.3	0.5015	0.5015	15.1	0.3091
12.4	0.5015	0.5015	15.3	0.2916
12.5	0.5015	0.5015	15.4	0.2736
12.6	0.5015	0.5015	15.5	0.2553
12.6	0.5015	0.5015	15.6	0.2366
12.7	0.5015	0.5015	15.7	0.2175
12.8	0.5015	0.5015	15.8	0.1982
12.9	0.5015	0.5015	15.9	0.1786
13.0	0.5015	0.5015	16.1	0.1588
13.1	0.5015	0.5015	16.2	0.1388
13.2	0.5015	0.5015	16.3	0.1186
13.3	0.5015	0.5015	16.4	0.0983
13.4	0.5015	0.5015	16.5	0.0779
13.5	0.5015	0.5015	16.6	0.0573
13.6	0.5015	0.5015	16.8	0.0367
13.7	0.5015	0.5015	16.9	0.0161
13.8	0.5015	0.5015	17.0	-0.0046
13.9	0.5015	0.5015	17.1	-0.0253
14.0	0.5015	0.5015	17.2	-0.0459
14.1	0.5015	0.5015	17.3	-0.0666
14.2	0.5015	0.5015	17.5	-0.0871
14.2	0.5015	0.5015	17.6	-0.1076
14.3	0.5015	0.5015	17.7	-0.1280
14.4	0.5015	0.5015	17.8	-0.1482
14.5	0.5015	0.5015	17.9	-0.1683
14.6	0.5015	0.5015	18.0	-0.1882
14.7	0.5015	0.5015	18.2	-0.2078
14.8	0.5015	0.5015	18.3	-0.2272
14.9	0.5015	0.5015	18.4	-0.2464
15.0	0.5015	0.5015	18.5	-0.2652
Gap = 10
X_pos[mm]	Beff[T]	Bpeak[T]	Z_pos[mm]	By[T]
-15.0	0.3390	0.3389	-18.5	0.1850
-14.9	0.3390	0.3390	-18.4	0.1722
-14.8	0.3390	0.3390	-18.3	0.1592
-14.7	0.3390	0.3390	-18.2	0.1459
-14.6	0.3390	0.3390	-18.0	0.1325
-14.5	0.3390	0.3390	-17.9	0.1188
-14.4	0.3390	0.3390	-17.8	0.1049
-14.3	0.3390	0.3390	-17.7	0.0910
-14.2	0.3390	0.3390	-17.6	0.0768
-14.2	0.3390	0.3390	-17.5	0.0626
-14.1	0.3390	0.3390	-17.3	0.0483
-14.0	0.3390	0.3390	-17.2	0.0339
-13.9	0.3390	0.3390	-17.1	0.0195
-13.8	0.3390	0.3390	-17.0	0.0051
-13.7	0.3390	0.3390	-16.9	-0.0094
-13.6	0.3390	0.3390	-16.8	-0.0238
-13.5	0.3390	0.3390	-16.6	-0.0381
-13.4	0.3390	0.3390	-16.5	-0.0524
-13.3	0.3390	0.3390	-16.4	-0.0666
-13.2	0.3390	0.3390	-16.3	-0.0807
-13.1	0.3390	0.3390	-16.2	-0.0947
-13.0	0.3390	0.3390	-16.1	-0.1085
-12.9	0.3390	0.3390	-15.9	-0.1221
-12.8	0.3390	0.3390	-15.8	-0.1355
-12.7	0.3390	0.3390	-15.7	-0.1487
-12.6	0.3390	0.3390	-15.6	-0.1617
-12.6	0.3390	0.3390	-15.5	-0.1744
-12.5	0.3390	0.3390	-15.4	-0.1868
-12.4	0.3390	0.3390	-15.3	-0.1988
-12.3	0.3390	0.3390	-15.1	-0.2106
-12.2	0.3391	0.3390	-15.0	-0.2220
-12.1	0.3391	0.3391	-14.9	-0.2329
-12.0	0.3391	0.3391	-14.8	-0.2435
-11.9	0.3391	0.3391	-14.7	-0.2537
-11.8	0.3391	0.3391	-14.6	-0.2634
-11.7	0.3391	0.3391	-14.4	-0.2726
-11.6	0.3391	0.3391	-14.3	-0.2813
-11.5	0.3391	0.3391	-14.2	-0.2895
-11.4	0.3391	0.3391	-14.1	-0.2972
-11.3	0.3391	0.3391	-14.0	-0.3042
-11.2	0.3391	0.3391	-13.9	-0.3108
-11.1	0.3391	0.3391	-13.7	-0.3167
-11.1	0.3391	0.3391	-13.6	-0.3220
-11.0	0.3391	0.3391	-13.5	-0.3267
-10.9	0.3391	0.3391	-13.4	-0.3308
-10.8	0.3391	0.3391	-13.3	-0.3342
-10.7	0.3391	0.3391	-13.2	-0.3370
-10.6	0.3391	0.3391	-13.0	-0.3391
-10.5	0.3391	0.3391	-12.9	-0.3405
-10.4	0.3391	0.3391	-12.8	-0.3413
-10.3	0.3391	0.3391	-12.7	-0.3413
-10.2	0.3391	0.3391	-12.6	-0.3408
-10.1	0.3391	0.3391	-12.5	-0.3395
-10.0	0.3391	0.3391	-12.4	-0.3376
-9.9	0.3391	0.3391	-12.2	-0.3350
-9.8	0.3391	0.3391	-12.1	-0.3318
-9.7	0.3391	0.3391	-12.0	-0.3279
-9.6	0.3391	0.3391	-11.9	-0.3234
-9.5	0.3391	0.3391	-11.8	-0.3182
-9.5	0.3391	0.3391	-11.7	-0.3125
-9.4	0.3391	0.3391	-11.5	-0.3061
-9.3	0.3391	0.3391	-11.4	-0.2992
-9.2	0.3391	0.3391	-11.3	-0.2917
-9.1	0.3391	0.3391	-11.2	-0.2837
-9.0	0.3391	0.3391	-11.1	-0.2751
-8.9	0.3391	0.3391	-11.0	-0.2661
-8.8	0.3391	0.3391	-10.8	-0.2566
-8.7	0.3391	0.3391	-10.7	-0.2466
-8.6	0.3391	0.3391	-10.6	-0.2361
-8.5	0.3391	0.3391	-10.5	-0.2253
-8.4	0.3391	0.3391	-10.4	-0.2141
-8.3	0.3391	0.3391	-10.3	-0.2025
-8.2	0.3391	0.3391	-10.1	-0.1906
-8.1	0.3391	0.3391	-10.0	-0.1783
-8.0	0.3391	0.3391	-9.9	-0.1658
-7.9	0.3391	0.3391	-9.8	-0.1530
-7.9	0.3391	0.3391	-9.7	-0.1399
-7.8	0.3391	0.3391	-9.6	-0.1266
-7.7	0.3391	0.3391	-9.5	-0.1131
-7.6	0.3391	0.3391	-9.3	-0.0994
-7.5	0.3391	0.3391	-9.2	-0.0856
-7.4	0.3391	0.3391	-9.1	-0.0717
-7.3	0.3391	0.3391	-9.0	-0.0576
-7.2	0.3391	0.3391	-8.9	-0.0434
-7.1	0.3391	0.3391	-8.8	-0.0292
-7.0	0.3391	0.3391	-8.6	-0.0149
-6.9	0.3391	0.3391	-8.5	-0.0006
-6.8	0.3391	0.3391	-8.4	0.0137
-6.7	0.3391	0.3391	-8.3	0.0280
-6.6	0.3391	0.3391	-8.2	0.0423
-6.5	0.3391	0.3391	-8.1	0.0565
-6.4	0.3391	0.3391	-7.9	0.0706
-6.3	0.3391	0.3391	-7.8	0.0846
-6.3	0.3391	0.3391	-7.7	0.0985
-6.2	0.3391	0.3391	-7.6	0.1123
-6.1	0.3391	0.3391	-7.5	0.1258
-6.0	0.3391	0.3391	-7.4	0.1392
-5.9	0.3391	0.3391	-7.2	0.1524
-5.8	0.3391	0.3391	-7.1	0.1653
-5.7	0.3391	0.3391	-7.0	0.1780
-5.6	0.3391	0.3391	-6.9	0.1904
-5.5	0.3391	0.3391	-6.8	0.2025
-5.4	0.3391	0.3391	-6.7	0.2142
-5.3	0.3391	0.3391	-6.6	0.2256
-5.2	0.3391	0.3391	-6.4	0.2367
-5.1	0.3391	0.3391	-6.3	0.2473
-5.0	0.3391	0.3391	-6.2	0.2575
-4.9	0.3391	0.3391	-6.1	0.2672
-4.8	0.3391	0.3391	-6.0	0.2765
-4.7	0.3391	0.3391	-5.9	0.2853
-4.7	0.3391	0.3391	-5.7	0.2936
-4.6	0.3391	0.3391	-5.6	0.3013
-4.5	0.3391	0.3391	-5.5	0.3085
-4.4	0.3391	0.3391	-5.4	0.3151
-4.3	0.3391	0.3391	-5.3	0.3211
-4.2	0.3391	0.3391	-5.2	0.3266
-4.1	0.3391	0.3391	-5.0	0.3314
-4.0	0.3391	0.3391	-4.9	0.3355
-3.9	0.3391	0.3391	-4.8	0.3391
-3.8	0.3391	0.3391	-4.7	0.3420
-3.7	0.3391	0.3391	-4.6	0.3442
-3.6	0.3391	0.3391	-4.5	0.3457
-3.5	0.3391	0.3391	-4.3	0.3466
-3.4	0.3391	0.3391	-4.2	0.3468
-3.3	0.3391	0.3391	-4.1	0.3464
-3.2	0.3391	0.3391	-4.0	0.3452
-3.2	0.3391	0.3391	-3.9	0.3434
-3.1	0.3391	0.3391	-3.8	0.3410
-3.0	0.3391	0.3391	-3.7	0.3378
-2.9	0.3391	0.3391	-3.5	0.3341
-2.8	0.3391	0.3391	-3.4	0.3297
-2.7	0.3391	0.3391	-3.3	0.3246
-2.6	0.3391	0.3391	-3.2	0.3190
-2.5	0.3391	0.3391	-3.1	0.3127
-2.4	0.3391	0.3391	-3.0	0.3059
-2.3	0.3391	0.3391	-2.8	0.2984
-2.2	0.3391	0.3391	-2.7	0.2905
-2.1	0.3391	0.3391	-2.6	0.2820
-2.0	0.3391	0.3391	-2.5	0.2730
-1.9	0.3391	0.3391	-2.4	0.2635
-1.8	0.3391	0.3391	-2.3	0.2536
-1.7	0.3391	0.3391	-2.1	0.2432
-1.6	0.3391	0.3391	-2.0	0.2324
-1.6	0.3391	0.3391	-1.9	0.2212
-1.5	0.3391	0.3391	-1.8	0.2096
-1.4	0.3391	0.3391	-1.7	0.1977
-1.3	0.3391	0.3391	-1.6	0.1855
-1.2	0.3391	0.3391	-1.4	0.1729
-1.1	0.3391	0.3391	-1.3	0.1601
-1.0	0.3391	0.3391	-1.2	0.1470
-0.9	0.3391	0.3391	-1.1	0.1337
-0.8	0.3391	0.3391	-1.0	0.1202
-0.7	0.3391	0.3391	-0.9	0.1065
-0.6	0.3391	0.3391	-0.8	0.0926
-0.5	0.3391	0.3391	-0.6	0.0786
-0.4	0.3391	0.3391	-0.5	0.0645
-0.3	0.3391	0.3391	-0.4	0.0502
-0.2	0.3391	0.3391	-0.3	0.0359
-0.1	0.3391	0.3391	-0.2	0.0216
-0.0	0.3391	0.3391	-0.1	0.0072
0.0	0.3391	0.3391	0.1	-0.0072
0.1	0.3391	0.3391	0.2	-0.0216
0.2	0.3391	0.3391	0.3	-0.0359
0.3	0.3391	0.3391	0.4	-0.0502
0.4	0.3391	0.3391	0.5	-0.0645
0.5	0.3391	0.3391	0.6	-0.0786
0.6	0.3391	0.3391	0.8	-0.0926
0.7	0.3391	0.3391	0.9	-0.1065
0.8	0.3391	0.3391	1.0	-0.1202
0.9	0.3391	0.3391	1.1	-0.1337
1.0	0.3391	0.3391	1.2	-0.1470
1.1	0.3391	0.3391	1.3	-0.1601
1.2	0.3391	0.3391	1.4	-0.1729
1.3	0.3391	0.3391	1.6	-0.1855
1.4	0.3391	0.3391	1.7	-0.1977
1.5	0.3391	0.3391	1.8	-0.2096
1.6	0.3391	0.3391	1.9	-0.2212
1.6	0.3391	0.3391	2.0	-0.2324
1.7	0.3391	0.3391	2.1	-0.2432
1.8	0.3391	0.3391	2.3	-0.2536
1.9	0.3391	0.3391	2.4	-0.2635
2.0	0.3391	0.3391	2.5	-0.2730
2.1	0.3391	0.3391	2.6	-0.2820
2.2	0.3391	0.3391	2.7	-0.2905
2.3	0.3391	0.3391	2.8	-0.2984
2.4	0.3391	0.3391	3.0	-0.3059
2.5	0.3391	0.3391	3.1	-0.3127
2.6	0.3391	0.3391	3.2	-0.3190
2.7	0.3391	0.3391	3.3	-0.3246
2.8	0.3391	0.3391	3.4	-0.3297
2.9	0.3391	0.3391	3.5	-0.3341
3.0	0.3391	0.3391	3.7	-0.3378
3.1	0.3391	0.3391	3.8	-0.3410
3.2	0.3391	0.3391	3.9	-0.3434
3.2	0.3391	0.3391	4.0	-0.3452
3.3	0.3391	0.3391	4.1	-0.3464
3.4	0.3391	0.3391	4.2	-0.3468
3.5	0.3391	0.3391	4.3	-0.3466
3.6	0.3391	0.3391	4.5	-0.3457
3.7	0.3391	0.3391	4.6	-0.3442
3.8	0.3391	0.3391	4.7	-0.3420
3.9	0.3391	0.3391	4.8	-0.3391
4.0	0.3391	0.3391	4.9	-0.3355
4.1	0.3391	0.3391	5.0	-0.3314
4.2	0.3391	0.3391	5.2	-0.3266
4.3	0.3391	0.3391	5.3	-0.3211
4.4	0.3391	0.3391	5.4	-0.3151
4.5	0.3391	0.3391	5.5	-0.3085
4.6	0.3391	0.3391	5.6	-0.3013
4.7	0.3391	0.3391	5.7	-0.2936
4.7	0.3391	0.3391	5.9	-0.2853
4.8	0.3391	0.3391	6.0	-0.2765
4.9	0.3391	0.3391	6.1	-0.2672
5.0	0.3391	0.3391	6.2	-0.2575
5.1	0.3391	0.3391	6.3	-0.2473
5.2	0.3391	0.3391	6.4	-0.2367
5.3	0.3391	0.3391	6.6	-0.2256
5.4	0.3391	0.3391	6.7	-0.2142
5.5	0.3391	0.3391	6.8	-0.2025
5.6	0.3391	0.3391	6.9	-0.1904
5.7	0.3391	0.3391	7.0	-0.1780
5.8	0.3391	0.3391	7.1	-0.1653
5.9	0.3391	0.3391	7.2	-0.1524
6.0	0.3391	0.3391	7.4	-0.1392
6.1	0.3391	0.3391	7.5	-0.1258
6.2	0.3391	0.3391	7.6	-0.1123
6.3	0.3391	0.3391	7.7	-0.0985
6.3	0.3391	0.3391	7.8	-0.0846
6.4	0.3391	0.3391	7.9	-0.0706
6.5	0.3391	0.3391	8.1	-0.0565
6.6	0.3391	0.3391	8.2	-0.0423
6.7	0.3391	0.3391	8.3	-0.0280
6.8	0.3391	0.3391	8.4	-0.0137
6.9	0.3391	0.3391	8.5	0.0006
7.0	0.3391	0.3391	8.6	0.0149
7.1	0.3391	0.3391	8.8	0.0292
7.2	0.3391	0.3391	8.9	0.0434
7.3	0.3391	0.3391	9.0	0.0576
7.4	0.3391	0.3391	9.1	0.0717
7.5	0.3391	0.3391	9.2	0.0856
7.6	0.3391	0.3391	9.3	0.0994
7.7	0.3391	0.3391	9.5	0.1131
7.8	0.3391	0.3391	9.6	0.1266
7.9	0.3391	0.3391	9.7	0.1399
7.9	0.3391	0.3391	9.8	0.1530
8.0	0.3391	0.3391	9.9	0.1658
8.1	0.3391	0.3391	10.0	0.1783
8.2	0.3391	0.3391	10.1	0.1906
8.3	0.3391	0.3391	10.3	0.2025
8.4	0.3391	0.3391	10.4	0.2141
8.5	0.3391	0.3391	10.5	0.2253
8.6	0.3391	0.3391	10.6	0.2361
8.7	0.3391	0.3391	10.7	0.2466
8.8	0.3391	0.3391	10.8	0.2566
8.9	0.3391	0.3391	11.0	0.2661
9.0	0.3391	0.3391	11.1	0.2751
9.1	0.3391	0.3391	11.2	0.2837
9.2	0.3391	0.3391	11.3	0.2917
9.3	0.3391	0.3391	11.4	0.2992
9.4	0.3391	0.3391	11.5	0.3061
9.5	0.3391	0.3391	11.7	0.3125
9.5	0.3391	0.3391	11.8	0.3182
9.6	0.3391	0.3391	11.9	0.3234
9.7	0.3391	0.3391	12.0	0.3279
9.8	0.3391	0.3391	12.1	0.3318
9.9	0.3391	0.3391	12.2	0.3350
10.0	0.3391	0.3391	12.4	0.3376
10.1	0.3391	0.3391	12.5	0.3395
10.2	0.3391	0.3391	12.6	0.3408
10.3	0.3391	0.3391	12.7	0.3413
10.4	0.3391	0.3391	12.8	0.3413
10.5	0.3391	0.3391	12.9	0.3405
10.6	0.3391	0.3391	13.0	0.3391
10.7	0.3391	0.3391	13.2	0.3370
10.8	0.3391	0.3391	13.3	0.3342
10.9	0.3391	0.3391	13.4	0.3308
11.0	0.3391	0.3391	13.5	0.3267
11.1	0.3391	0.3391	13.6	0.3220
11.1	0.3391	0.3391	13.7	0.3167
11.2	0.3391	0.3391	13.9	0.3108
11.3	0.3391	0.3391	14.0	0.3042
11.4	0.3391	0.3391	14.1	0.2972
11.5	0.3391	0.3391	14.2	0.2895
11.6	0.3391	0.3391	14.3	0.2813
11.7	0.3391	0.3391	14.4	0.2726
11.8	0.3391	0.3391	14.6	0.2634
11.9	0.3391	0.3391	14.7	0.2537
12.0	0.3391	0.3391	14.8	0.2435
12.1	0.3391	0.3391	14.9	0.2329
12.2	0.3391	0.3390	15.0	0.2220
12.3	0.3390	0.3390	15.1	0.2106
12.4	0.3390	0.3390	15.3	0.1988
12.5	0.3390	0.3390	15.4	0.1868
12.6	0.3390	0.3390	15.5	0.1744
12.6	0.3390	0.3390	15.6	0.1617
12.7	0.3390	0.3390	15.7	0.1487
12.8	0.3390	0.3390	15.8	0.1355
12.9	0.3390	0.3390	15.9	0.1221
13.0	0.3390	0.3390	16.1	0.1085
13.1	0.3390	0.3390	16.2	0.0947
13.2	0.3390	0.3390	16.3	0.0807
13.3	0.3390	0.3390	16.4	0.0666
13.4	0.3390	0.3390	16.5	0.0524
13.5	0.3390	0.3390	16.6	0.0381
13.6	0.3390	0.3390	16.8	0.0238
13.7	0.3390	0.3390	16.9	0.0094
13.8	0.3390	0.3390	17.0	-0.0051
13.9	0.3390	0.3390	17.1	-0.0195
14.0	0.3390	0.3390	17.2	-0.0339
14.1	0.3390	0.3390	17.3	-0.0483
14.2	0.3390	0.3390	17.5	-0.0626
14.2	0.3390	0.3390	17.6	-0.0768
14.3	0.3390	0.3390	17.7	-0.0910
14.4	0.3390	0.3390	17.8	-0.1049
14.5	0.3390	0.3390	17.9	-0.1188
14.6	0.3390	0.3390	18.0	-0.1325
14.7	0.3390	0.3390	18.2	-0.1459
14.8	0.3390	0.3390	18.3	-0.1592
14.9	0.3390	0.3390	18.4	-0.1722
15.0	0.3390	0.3389	18.5	-0.1850
Gap = 12
X_pos[mm]	Beff[T]	Bpeak[T]	Z_pos[mm]	By[T]
-15.0	0.2312	0.2312	-18.5	0.1295
-14.9	0.2312	0.2312	-18.4	0.1208
-14.8	0.2312	0.2312	-18.3	0.1118
-14.7	0.2312	0.2312	-18.2	0.1027
-14.6	0.2312	0.2312	-18.0	0.0934
-14.5	0.2312	0.2312	-17.9	0.0840
-14.4	0.2312	0.2312	-17.8	0.0744
-14.3	0.2312	0.2312	-17.7	0.0647
-14.2	0.2312	0.2312	-17.6	0.0550
-14.2	0.2313	0.2313	-17.5	0.0451
-14.1	0.2313	0.2313	-17.3	0.0352
-14.0	0.2313	0.2313	-17.2	0.0252
-13.9	0.2313	0.2313	-17.1	0.0152
-13.8	0.2313	0.2313	-17.0	0.0052
-13.7	0.2313	0.2313	-16.9	-0.0048
-13.6	0.2313	0.2313	-16.8	-0.0148
-13.5	0.2313	0.2313	-16.6	-0.0248
-13.4	0.2313	0.2313	-16.5	-0.0347
-13.3	0.2313	0.2313	-16.4	-0.0446
-13.2	0.2313	0.2313	-16.3	-0.0543
-13.1	0.2313	0.2313	-16.2	-0.0640
-13.0	0.2313	0.2313	-16.1	-0.0735
-12.9	0.2313	0.2313	-15.9	-0.0829
-12.8	0.2313	0.2313	-15.8	-0.0922
-12.7	0.2313	0.2313	-15.7	-0.1013
-12.6	0.2313	0.2313	-15.6	-0.1102
-12.6	0.2313	0.2313	-15.5	-0.1189
-12.5	0.2313	0.2313	-15.4	-0.1273
-12.4	0.2313	0.2313	-15.3	-0.1356
-12.3	0.2313	0.2313	-15.1	-0.1436
-12.2	0.2313	0.2313	-15.0	-0.1513
-12.1	0.2313	0.2313	-14.9	-0.1588
-12.0	0.2313	0.2313	-14.8	-0.1660
-11.9	0.2313	0.2313	-14.7	-0.1728
-11.8	0.2313	0.2313	-14.6	-0.1794
-11.7	0.2313	0.2313	-14.4	-0.1856
-11.6	0.2313	0.2313	-14.3	-0.1915
-11.5	0.2313	0.2313	-14.2	-0.1970
-11.4	0.2313	0.2313	-14.1	-0.2021
-11.3	0.2313	0.2313	-14.0	-0.2069
-11.2	0.2313	0.2313	-13.9	-0.2112
-11.1	0.2313	0.2313	-13.7	-0.2152
-11.1	0.2313	0.2313	-13.6	-0.2187
-11.0	0.2313	0.2313	-13.5	-0.2219
-10.9	0.2313	0.2313	-13.4	-0.2246
-10.8	0.2313	0.2313	-13.3	-0.2269
-10.7	0.2313	0.2313	-13.2	-0.2287
-10.6	0.2313	0.2313	-13.0	-0.2301
-10.5	0.2313	0.2313	-12.9	-0.2311
-10.4	0.2313	0.2313	-12.8	-0.2316
-10.3	0.2313	0.2313	-12.7	-0.2317
-10.2	0.2313	0.2313	-12.6	-0.2313
-10.1	0.2313	0.2313	-12.5	-0.2305
-10.0	0.2314	0.2313	-12.4	-0.2292
-9.9	0.2314	0.2313	-12.2	-0.2275
-9.8	0.2314	0.2314	-12.1	-0.2254
-9.7	0.2314	0.2314	-12.0	-0.2228
-9.6	0.2314	0.2314	-11.9	-0.2198
-9.5	0.2314	0.2314	-11.8	-0.2164
-9.5	0.2314	0.2314	-11.7	-0.2126
-9.4	0.2314	0.2314	-11.5	-0.2084
-9.3	0.2314	0.2314	-11.4	-0.2038
-9.2	0.2314	0.2314	-11.3	-0.1988
-9.1	0.2314	0.2314	-11.2	-0.1934
-9.0	0.2314	0.2314	-11.1	-0.1877
-8.9	0.2314	0.2314	-11.0	-0.1816
-8.8	0.2314	0.2314	-10.8	-0.1752
-8.7	0.2314	0.2314	-10.7	-0.1685
-8.6	0.2314	0.2314	-10.6	-0.1615
-8.5	0.2314	0.2314	-10.5	-0.1541
-8.4	0.2314	0.2314	-10.4	-0.1465
-8.3	0.2314	0.2314	-10.3	-0.1387
-8.2	0.2314	0.2314	-10.1	-0.1305
-8.1	0.2314	0.2314	-10.0	-0.1222
-8.0	0.2314	0.2314	-9.9	-0.1136
-7.9	0.2314	0.2314	-9.8	-0.1048
-7.9	0.2314	0.2314	-9.7	-0.0959
-7.8	0.2314	0.2314	-9.6	-0.0868
-7.7	0.2314	0.2314	-9.5	-0.0775
-7.6	0.2314	0.2314	-9.3	-0.0681
-7.5	0.2314	0.2314	-9.2	-0.0585
-7.4	0.2314	0.2314	-9.1	-0.0489
-7.3	0.2314	0.2314	-9.0	-0.0391
-7.2	0.2314	0.2314	-8.9	-0.0293
-7.1	0.2314	0.2314	-8.8	-0.0195
-7.0	0.2314	0.2314	-8.6	-0.0096
-6.9	0.2314	0.2314	-8.5	0.0003
-6.8	0.2314	0.2314	-8.4	0.0102
-6.7	0.2314	0.2314	-8.3	0.0201
-6.6	0.2314	0.2314	-8.2	0.0300
-6.5	0.2314	0.2314	-8.1	0.0398
-6.4	0.2314	0.2314	-7.9	0.0496
-6.3	0.2314	0.2314	-7.8	0.0593
-6.3	0.2314	0.2314	-7.7	0.0689
-6.2	0.2314	0.2314	-7.6	0.0784
-6.1	0.2314	0.2314	-7.5	0.0877
-6.0	0.2314	0.2314	-7.4	0.0969
-5.9	0.2314	0.2314	-7.2	0.1059
-5.8	0.2314	0.2314	-7.1	0.1148
-5.7	0.2314	0.2314	-7.0	0.1235
-5.6	0.2314	0.2314	-6.9	0.1319
-5.5	0.2314	0.2314	-6.8	0.1402
-5.4	0.2314	0.2314	-6.7	0.1482
-5.3	0.2314	0.2314	-6.6	0.1559
-5.2	0.2314	0.2314	-6.4	0.1634
-5.1	0.2314	0.2314	-6.3	0.1705
-5.0	0.2314	0.2314	-6.2	0.1774
-4.9	0.2314	0.2314	-6.1	0.1840
-4.8	0.2314	0.2314	-6.0	0.1902
-4.7	0.2314	0.2314	-5.9	0.1961
-4.7	0.2314	0.2314	-5.7	0.2016
-4.6	0.2314	0.2314	-5.6	0.2068
-4.5	0.2314	0.2314	-5.5	0.2116
-4.4	0.2314	0.2314	-5.4	0.2160
-4.3	0.2314	0.2314	-5.3	0.2200
-4.2	0.2314	0.2314	-5.2	0.2236
-4.1	0.2314	0.2314	-5.0	0.2267
-4.0	0.2314	0.2314	-4.9	0.2295
-3.9	0.2314	0.2314	-4.8	0.2318
-3.8	0.2314	0.2314	-4.7	0.2337
-3.7	0.2314	0.2314	-4.6	0.2352
-3.6	0.2314	0.2314	-4.5	0.2362
-3.5	0.2314	0.2314	-4.3	0.2368
-3.4	0.2314	0.2314	-4.2	0.2369
-3.3	0.2314	0.2314	-4.1	0.2366
-3.2	0.2314	0.2314	-4.0	0.2358
-3.2	0.2314	0.2314	-3.9	0.2346
-3.1	0.2314	0.2314	-3.8	0.2330
-3.0	0.2314	0.2314	-3.7	0.2309
-2.9	0.2314	0.2314	-3.5	0.2284
-2.8	0.2314	0.2314	-3.4	0.2254
-2.7	0.2314	0.2314	-3.3	0.2221
-2.6	0.2314	0.2314	-3.2	0.2183
-2.5	0.2314	0.2314	-3.1	0.2141
-2.4	0.2314	0.2314	-3.0	0.2096
-2.3	0.2314	0.2314	-2.8	0.2046
-2.2	0.2314	0.2314	-2.7	0.1993
-2.1	0.2314	0.2314	-2.6	0.1936
-2.0	0.2314	0.2314	-2.5	0.1875
-1.9	0.2314	0.2314	-2.4	0.1811
-1.8	0.2314	0.2314	-2.3	0.1744
-1.7	0.2314	0.2314	-2.1	0.1674
-1.6	0.2314	0.2314	-2.0	0.1601
-1.6	0.2314	0.2314	-1.9	0.1525
-1.5	0.2314	0.2314	-1.8	0.1446
-1.4	0.2314	0.2314	-1.7	0.1364
-1.3	0.2314	0.2314	-1.6	0.1281
-1.2	0.2314	0.2314	-1.4	0.1195
-1.1	0.2314	0.2314	-1.3	0.1107
-1.0	0.2314	0.2314	-1.2	0.1017
-0.9	0.2314	0.2314	-1.1	0.0926
-0.8	0.2314	0.2314	-1.0	0.0832
-0.7	0.2314	0.2314	-0.9	0.0738
-0.6	0.2314	0.2314	-0.8	0.0642
-0.5	0.2314	0.2314	-0.6	0.0545
-0.4	0.2314	0.2314	-0.5	0.0447
-0.3	0.2314	0.2314	-0.4	0.0349
-0.2	0.2314	0.2314	-0.3	0.0249
-0.1	0.2314	0.2314	-0.2	0.0150
-0.0	0.2314	0.2314	-0.1	0.0050
0.0	0.2314	0.2314	0.1	-0.0050
0.1	0.2314	0.2314	0.2	-0.0150
0.2	0.2314	0.2314	0.3	-0.0249
0.3	0.2314	0.2314	0.4	-0.0349
0.4	0.2314	0.2314	0.5	-0.0447
0.5	0.2314	0.2314	0.6	-0.0545
0.6	0.2314	0.2314	0.8	-0.0642
0.7	0.2314	0.2314	0.9	-0.0738
0.8	0.2314	0.2314	1.0	-0.0832
0.9	0.2314	0.2314	1.1	-0.0926
1.0	0.2314	0.2314	1.2	-0.1017
1.1	0.2314	0.2314	1.3	-0.1107
1.2	0.2314	0.2314	1.4	-0.1195
1.3	0.2314	0.2314	1.6	-0.1281
1.4	0.2314	0.2314	1.7	-0.1364
1.5	0.2314	0.2314	1.8	-0.1446
1.6	0.2314	0.2314	1.9	-0.1525
1.6	0.2314	0.2314	2.0	-0.1601
1.7	0.2314	0.2314	2.1	-0.1674
1.8	0.2314	0.2314	2.3	-0.1744
1.9	0.2314	0.2314	2.4	-0.1811
2.0	0.2314	0.2314	2.5	-0.1875
2.1	0.2314	0.2314	2.6	-0.1936
2.2	0.2314	0.2314	2.7	-0.1993
2.3	0.2314	0.2314	2.8	-0.2046
2.4	0.2314	0.2314	3.0	-0.2096
2.5	0.2314	0.2314	3.1	-0.2141
2.6	0.2314	0.2314	3.2	-0.2183
2.7	0.2314	0.2314	3.3	-0.2221
2.8	0.2314	0.2314	3.4	-0.2254
2.9	0.2314	0.2314	3.5	-0.2284
3.0	0.2314	0.2314	3.7	-0.2309
3.1	0.2314	0.2314	3.8	-0.2330
3.2	0.2314	0.2314	3.9	-0.2346
3.2	0.2314	0.2314	4.0	-0.2358
3.3	0.2314	0.2314	4.1	-0.2366
3.4	0.2314	0.2314	4.2	-0.2369
3.5	0.2314	0.2314	4.3	-0.2368
3.6	0.2314	0.2314	4.5	-0.2362
3.7	0.2314	0.2314	4.6	-0.2352
3.8	0.2314	0.2314	4.7	-0.2337
3.9	0.2314	0.2314	4.8	-0.2318
4.0	0.2314	0.2314	4.9	-0.2295
4.1	0.2314	0.2314	5.0	-0.2267
4.2	0.2314	0.2314	5.2	-0.2236
4.3	0.2314	0.2314	5.3	-0.2200
4.4	0.2314	0.2314	5.4	-0.2160
4.5	0.2314	0.2314	5.5	-0.2116
4.6	0.2314	0.2314	5.6	-0.2068
4.7	0.2314	0.2314	5.7	-0.2016
4.7	0.2314	0.2314	5.9	-0.1961
4.8	0.2314	0.2314	6.0	-0.1902
4.9	0.2314	0.2314	6.1	-0.1840
5.0	0.2314	0.2314	6.2	-0.1774
5.1	0.2314	0.2314	6.3	-0.1705
5.2	0.2314	0.2314	6.4	-0.1634
5.3	0.2314	0.2314	6.6	-0.1559
5.4	0.2314	0.2314	6.7	-0.1482
5.5	0.2314	0.2314	6.8	-0.1402
5.6	0.2314	0.2314	6.9	-0.1319
5.7	0.2314	0.2314	7.0	-0.1235
5.8	0.2314	0.2314	7.1	-0.1148
5.9	0.2314	0.2314	7.2	-0.1059
6.0	0.2314	0.2314	7.4	-0.0969
6.1	0.2314	0.2314	7.5	-0.0877
6.2	0.2314	0.2314	7.6	-0.0784
6.3	0.2314	0.2314	7.7	-0.0689
6.3	0.2314	0.2314	7.8	-0.0593
6.4	0.2314	0.2314	7.9	-0.0496
6.5	0.2314	0.2314	8.1	-0.0398
6.6	0.2314	0.2314	8.2	-0.0300
6.7	0.2314	0.2314	8.3	-0.0201
6.8	0.2314	0.2314	8.4	-0.0102
6.9	0.2314	0.2314	8.5	-0.0003
7.0	0.2314	0.2314	8.6	0.0096
7.1	0.2314	0.2314	8.8	0.0195
7.2	0.2314	0.2314	8.9	0.0293
7.3	0.2314	0.2314	9.0	0.0391
7.4	0.2314	0.2314	9.1	0.0489
7.5	0.2314	0.2314	9.2	0.0585
7.6	0.2314	0.2314	9.3	0.0681
7.7	0.2314	0.2314	9.5	0.0775
7.8	0.2314	0.2314	9.6	0.0868
7.9	0.2314	0.2314	9.7	0.0959
7.9	0.2314	0.2314	9.8	0.1048
8.0	0.2314	0.2314	9.9	0.1136
8.1	0.2314	0.2314	10.0	0.1222
8.2	0.2314	0.2314	10.1	0.1305
8.3	0.2314	0.2314	10.3	0.1387
8.4	0.2314	0.2314	10.4	0.1465
8.5	0.2314	0.2314	10.5	0.1541
8.6	0.2314	0.2314	10.6	0.1615
8.7	0.2314	0.2314	10.7	0.1685
8.8	0.2314	0.2314	10.8	0.1752
8.9	0.2314	0.2314	11.0	0.1816
9.0	0.2314	0.2314	11.1	0.1877
9.1	0.2314	0.2314	11.2	0.1934
9.2	0.2314	0.2314	11.3	0.1988
9.3	0.2314	0.2314	11.4	0.2038
9.4	0.2314	0.2314	11.5	0.2084
9.5	0.2314	0.2314	11.7	0.2126
9.5	0.2314	0.2314	11.8	0.2164
9.6	0.2314	0.2314	11.9	0.2198
9.7	0.2314	0.2314	12.0	0.2228
9.8	0.2314	0.2314	12.1	0.2254
9.9	0.2314	0.2313	12.2	0.2275
10.0	0.2314	0.2313	12.4	0.2292
10.1	0.2313	0.2313	12.5	0.2305
10.2	0.2313	0.2313	12.6	0.2313
10.3	0.2313	0.2313	12.7	0.2317
10.4	0.2313	0.2313	12.8	0.2316
10.5	0.2313	0.2313	12.9	0.2311
10.6	0.2313	0.2313	13.0	0.2301
10.7	0.2313	0.2313	13.2	0.2287
10.8	0.2313	0.2313	13.3	0.2269
10.9	0.2313	0.2313	13.4	0.2246
11.0	0.2313	0.2313	13.5	0.2219
11.1	0.2313	0.2313	13.6	0.2187
11.1	0.2313	0.2313	13.7	0.2152
11.2	0.2313	0.2313	13.9	0.2112
11.3	0.2313	0.2313	14.0	0.2069
11.4	0.2313	0.2313	14.1	0.2021
11.5	0.2313	0.2313	14.2	0.1970
11.6	0.2313	0.2313	14.3	0.1915
11.7	0.2313	0.2313	14.4	0.1856
11.8	0.2313	0.2313	14.6	0.1794
11.9	0.2313	0.2313	14.7	0.1728
12.0	0.2313	0.2313	14.8	0.1660
12.1	0.2313	0.2313	14.9	0.1588
12.2	0.2313	0.2313	15.0	0.1513
12.3	0.2313	0.2313	15.1	0.1436
12.4	0.2313	0.2313	15.3	0.1356
12.5	0.2313	0.2313	15.4	0.1273
12.6	0.2313	0.2313	15.5	0.1189
12.6	0.2313	0.2313	15.6	0.1102
12.7	0.2313	0.2313	15.7	0.1013
12.8	0.2313	0.2313	15.8	0.0922
12.9	0.2313	0.2313	15.9	0.0829
13.0	0.2313	0.2313	16.1	0.0735
13.1	0.2313	0.2313	16.2	0.0640
13.2	0.2313	0.2313	16.3	0.0543
13.3	0.2313	0.2313	16.4	0.0446
13.4	0.2313	0.2313	16.5	0.0347
13.5	0.2313	0.2313	16.6	0.0248
13.6	0.2313	0.2313	16.8	0.0148
13.7	0.2313	0.2313	16.9	0.0048
13.8	0.2313	0.2313	17.0	-0.0052
13.9	0.2313	0.2313	17.1	-0.0152
14.0	0.2313	0.2313	17.2	-0.0252
14.1	0.2313	0.2313	17.3	-0.0352
14.2	0.2313	0.2313	17.5	-0.0451
14.2	0.2312	0.2312	17.6	-0.0550
14.3	0.2312	0.2312	17.7	-0.0647
14.4	0.2312	0.2312	17.8	-0.0744
14.5	0.2312	0.2312	17.9	-0.0840
14.6	0.2312	0.2312	18.0	-0.0934
14.7	0.2312	0.2312	18.2	-0.1027
14.8	0.2312	0.2312	18.3	-0.1118
14.9	0.2312	0.2312	18.4	-0.1208
15.0	0.2312	0.2312	18.5	-0.1295
