Gap = 4
X_pos[mm]	Beff[T]	Bpeak[T]	Z_pos[mm]	By[T]
-15.0	1.2838	1.2838	-18.5	0.5280
-14.8	1.2837	1.2837	-18.3	0.4419
-14.6	1.2835	1.2835	-18.0	0.3579
-14.4	1.2833	1.2833	-17.8	0.2759
-14.2	1.2832	1.2832	-17.6	0.1957
-14.1	1.2830	1.2830	-17.3	0.1167
-13.9	1.2829	1.2829	-17.1	0.0386
-13.7	1.2828	1.2828	-16.9	-0.0393
-13.5	1.2828	1.2828	-16.6	-0.1175
-13.3	1.2828	1.2828	-16.4	-0.1965
-13.1	1.2829	1.2829	-16.2	-0.2768
-12.9	1.2831	1.2831	-15.9	-0.3588
-12.7	1.2833	1.2833	-15.7	-0.4428
-12.5	1.2835	1.2835	-15.5	-0.5290
-12.4	1.2837	1.2837	-15.2	-0.6172
-12.2	1.2838	1.2838	-15.0	-0.7068
-12.0	1.2840	1.2840	-14.8	-0.7968
-11.8	1.2842	1.2842	-14.5	-0.8855
-11.6	1.2843	1.2843	-14.3	-0.9707
-11.4	1.2843	1.2843	-14.1	-1.0497
-11.2	1.2844	1.2844	-13.8	-1.1200
-11.0	1.2844	1.2844	-13.6	-1.1790
-10.8	1.2843	1.2843	-13.4	-1.2251
-10.7	1.2842	1.2842	-13.1	-1.2573
-10.5	1.2841	1.2841	-12.9	-1.2750
-10.3	1.2840	1.2840	-12.7	-1.2781
-10.1	1.2839	1.2839	-12.4	-1.2665
-9.9	1.2837	1.2837	-12.2	-1.2405
-9.7	1.2835	1.2835	-12.0	-1.2002
-9.5	1.2834	1.2834	-11.8	-1.1464
-9.3	1.2833	1.2833	-11.5	-1.0807
-9.2	1.2832	1.2832	-11.3	-1.0051
-9.0	1.2832	1.2832	-11.1	-0.9223
-8.8	1.2833	1.2833	-10.8	-0.8349
-8.6	1.2833	1.2833	-10.6	-0.7453
-8.4	1.2835	1.2835	-10.4	-0.6555
-8.2	1.2836	1.2836	-10.1	-0.5668
-8.0	1.2838	1.2838	-9.9	-0.4799
-7.8	1.2840	1.2840	-9.7	-0.3951
-7.6	1.2841	1.2841	-9.4	-0.3125
-7.5	1.2842	1.2842	-9.2	-0.2317
-7.3	1.2844	1.2844	-9.0	-0.1525
-7.1	1.2844	1.2844	-8.7	-0.0742
-6.9	1.2845	1.2845	-8.5	0.0036
-6.7	1.2845	1.2845	-8.3	0.0813
-6.5	1.2845	1.2845	-8.0	0.1596
-6.3	1.2844	1.2844	-7.8	0.2390
-6.1	1.2844	1.2844	-7.6	0.3199
-5.9	1.2843	1.2843	-7.3	0.4028
-5.8	1.2841	1.2841	-7.1	0.4877
-5.6	1.2840	1.2840	-6.9	0.5748
-5.4	1.2838	1.2838	-6.6	0.6637
-5.2	1.2837	1.2837	-6.4	0.7537
-5.0	1.2836	1.2836	-6.2	0.8433
-4.8	1.2835	1.2835	-5.9	0.9307
-4.6	1.2834	1.2834	-5.7	1.0134
-4.4	1.2834	1.2834	-5.5	1.0887
-4.2	1.2835	1.2835	-5.2	1.1540
-4.1	1.2835	1.2835	-5.0	1.2072
-3.9	1.2837	1.2837	-4.8	1.2469
-3.7	1.2838	1.2838	-4.5	1.2723
-3.5	1.2840	1.2840	-4.3	1.2831
-3.3	1.2841	1.2841	-4.1	1.2792
-3.1	1.2842	1.2842	-3.8	1.2607
-2.9	1.2844	1.2844	-3.6	1.2276
-2.7	1.2844	1.2844	-3.4	1.1807
-2.5	1.2845	1.2845	-3.1	1.1208
-2.4	1.2845	1.2845	-2.9	1.0499
-2.2	1.2846	1.2846	-2.7	0.9703
-2.0	1.2845	1.2845	-2.4	0.8847
-1.8	1.2845	1.2845	-2.2	0.7958
-1.6	1.2844	1.2844	-2.0	0.7057
-1.4	1.2843	1.2843	-1.7	0.6161
-1.2	1.2842	1.2842	-1.5	0.5279
-1.0	1.2840	1.2840	-1.3	0.4419
-0.8	1.2839	1.2839	-1.0	0.3579
-0.7	1.2837	1.2837	-0.8	0.2761
-0.5	1.2836	1.2836	-0.6	0.1959
-0.3	1.2835	1.2835	-0.3	0.1170
-0.1	1.2835	1.2835	-0.1	0.0389
0.1	1.2835	1.2835	0.1	-0.0389
0.3	1.2835	1.2835	0.3	-0.1170
0.5	1.2836	1.2836	0.6	-0.1959
0.7	1.2837	1.2837	0.8	-0.2761
0.8	1.2839	1.2839	1.0	-0.3579
1.0	1.2840	1.2840	1.3	-0.4419
1.2	1.2842	1.2842	1.5	-0.5279
1.4	1.2843	1.2843	1.7	-0.6161
1.6	1.2844	1.2844	2.0	-0.7057
1.8	1.2845	1.2845	2.2	-0.7958
2.0	1.2845	1.2845	2.4	-0.8847
2.2	1.2846	1.2846	2.7	-0.9703
2.4	1.2845	1.2845	2.9	-1.0499
2.5	1.2845	1.2845	3.1	-1.1208
2.7	1.2844	1.2844	3.4	-1.1807
2.9	1.2844	1.2844	3.6	-1.2276
3.1	1.2842	1.2842	3.8	-1.2607
3.3	1.2841	1.2841	4.1	-1.2792
3.5	1.2840	1.2840	4.3	-1.2831
3.7	1.2838	1.2838	4.5	-1.2723
3.9	1.2837	1.2837	4.8	-1.2469
4.1	1.2835	1.2835	5.0	-1.2072
4.2	1.2835	1.2835	5.2	-1.1540
4.4	1.2834	1.2834	5.5	-1.0887
4.6	1.2834	1.2834	5.7	-1.0134
4.8	1.2835	1.2835	5.9	-0.9307
5.0	1.2836	1.2836	6.2	-0.8433
5.2	1.2837	1.2837	6.4	-0.7537
5.4	1.2838	1.2838	6.6	-0.6637
5.6	1.2840	1.2840	6.9	-0.5748
5.8	1.2841	1.2841	7.1	-0.4877
5.9	1.2843	1.2843	7.3	-0.4028
6.1	1.2844	1.2844	7.6	-0.3199
6.3	1.2844	1.2844	7.8	-0.2390
6.5	1.2845	1.2845	8.0	-0.1596
6.7	1.2845	1.2845	8.3	-0.0813
6.9	1.2845	1.2845	8.5	-0.0036
7.1	1.2844	1.2844	8.7	0.0742
7.3	1.2844	1.2844	9.0	0.1525
7.5	1.2842	1.2842	9.2	0.2317
7.6	1.2841	1.2841	9.4	0.3125
7.8	1.2840	1.2840	9.7	0.3951
8.0	1.2838	1.2838	9.9	0.4799
8.2	1.2836	1.2836	10.1	0.5668
8.4	1.2835	1.2835	10.4	0.6555
8.6	1.2833	1.2833	10.6	0.7453
8.8	1.2833	1.2833	10.8	0.8349
9.0	1.2832	1.2832	11.1	0.9223
9.2	1.2832	1.2832	11.3	1.0051
9.3	1.2833	1.2833	11.5	1.0807
9.5	1.2834	1.2834	11.8	1.1464
9.7	1.2835	1.2835	12.0	1.2002
9.9	1.2837	1.2837	12.2	1.2405
10.1	1.2839	1.2839	12.4	1.2665
10.3	1.2840	1.2840	12.7	1.2781
10.5	1.2841	1.2841	12.9	1.2750
10.7	1.2842	1.2842	13.1	1.2573
10.8	1.2843	1.2843	13.4	1.2251
11.0	1.2844	1.2844	13.6	1.1790
11.2	1.2844	1.2844	13.8	1.1200
11.4	1.2843	1.2843	14.1	1.0497
11.6	1.2843	1.2843	14.3	0.9707
11.8	1.2842	1.2842	14.5	0.8855
12.0	1.2840	1.2840	14.8	0.7968
12.2	1.2838	1.2838	15.0	0.7068
12.4	1.2837	1.2837	15.2	0.6172
12.5	1.2835	1.2835	15.5	0.5290
12.7	1.2833	1.2833	15.7	0.4428
12.9	1.2831	1.2831	15.9	0.3588
13.1	1.2829	1.2829	16.2	0.2768
13.3	1.2828	1.2828	16.4	0.1965
13.5	1.2828	1.2828	16.6	0.1175
13.7	1.2828	1.2828	16.9	0.0393
13.9	1.2829	1.2829	17.1	-0.0386
14.1	1.2830	1.2830	17.3	-0.1167
14.2	1.2832	1.2832	17.6	-0.1957
14.4	1.2833	1.2833	17.8	-0.2759
14.6	1.2835	1.2835	18.0	-0.3579
14.8	1.2837	1.2837	18.3	-0.4419
15.0	1.2838	1.2838	18.5	-0.5280
Gap = 6
X_pos[mm]	Beff[T]	Bpeak[T]	Z_pos[mm]	By[T]
-15.0	0.7877	0.7877	-18.5	0.3786
-14.8	0.7876	0.7876	-18.3	0.3218
-14.6	0.7876	0.7876	-18.0	0.2642
-14.4	0.7875	0.7875	-17.8	0.2062
-14.2	0.7875	0.7875	-17.6	0.1480
-14.1	0.7875	0.7875	-17.3	0.0897
-13.9	0.7874	0.7874	-17.1	0.0313
-13.7	0.7874	0.7874	-16.9	-0.0270
-13.5	0.7874	0.7874	-16.6	-0.0853
-13.3	0.7874	0.7874	-16.4	-0.1436
-13.1	0.7875	0.7875	-16.2	-0.2017
-12.9	0.7875	0.7875	-15.9	-0.2595
-12.7	0.7875	0.7875	-15.7	-0.3169
-12.5	0.7876	0.7876	-15.5	-0.3735
-12.4	0.7876	0.7876	-15.2	-0.4289
-12.2	0.7877	0.7877	-15.0	-0.4827
-12.0	0.7877	0.7877	-14.8	-0.5343
-11.8	0.7878	0.7878	-14.5	-0.5829
-11.6	0.7878	0.7878	-14.3	-0.6278
-11.4	0.7878	0.7878	-14.1	-0.6682
-11.2	0.7878	0.7878	-13.8	-0.7034
-11.0	0.7878	0.7878	-13.6	-0.7327
-10.8	0.7878	0.7878	-13.4	-0.7555
-10.7	0.7878	0.7878	-13.1	-0.7715
-10.5	0.7878	0.7878	-12.9	-0.7804
-10.3	0.7877	0.7877	-12.7	-0.7820
-10.1	0.7877	0.7877	-12.4	-0.7763
-9.9	0.7877	0.7877	-12.2	-0.7633
-9.7	0.7876	0.7876	-12.0	-0.7434
-9.5	0.7876	0.7876	-11.8	-0.7169
-9.3	0.7876	0.7876	-11.5	-0.6842
-9.2	0.7876	0.7876	-11.3	-0.6461
-9.0	0.7876	0.7876	-11.1	-0.6031
-8.8	0.7876	0.7876	-10.8	-0.5561
-8.6	0.7876	0.7876	-10.6	-0.5059
-8.4	0.7876	0.7876	-10.4	-0.4531
-8.2	0.7877	0.7877	-10.1	-0.3985
-8.0	0.7877	0.7877	-9.9	-0.3425
-7.8	0.7877	0.7877	-9.7	-0.2856
-7.6	0.7878	0.7878	-9.4	-0.2282
-7.5	0.7878	0.7878	-9.2	-0.1704
-7.3	0.7879	0.7879	-9.0	-0.1125
-7.1	0.7879	0.7879	-8.7	-0.0544
-6.9	0.7879	0.7879	-8.5	0.0037
-6.7	0.7879	0.7879	-8.3	0.0618
-6.5	0.7879	0.7879	-8.0	0.1198
-6.3	0.7879	0.7879	-7.8	0.1778
-6.1	0.7879	0.7879	-7.6	0.2356
-5.9	0.7878	0.7878	-7.3	0.2931
-5.8	0.7878	0.7878	-7.1	0.3500
-5.6	0.7878	0.7878	-6.9	0.4059
-5.4	0.7877	0.7877	-6.6	0.4606
-5.2	0.7877	0.7877	-6.4	0.5133
-5.0	0.7877	0.7877	-6.2	0.5635
-4.8	0.7876	0.7876	-5.9	0.6104
-4.6	0.7876	0.7876	-5.7	0.6532
-4.4	0.7876	0.7876	-5.5	0.6912
-4.2	0.7876	0.7876	-5.2	0.7236
-4.1	0.7876	0.7876	-5.0	0.7499
-3.9	0.7877	0.7877	-4.8	0.7695
-3.7	0.7877	0.7877	-4.5	0.7821
-3.5	0.7878	0.7878	-4.3	0.7874
-3.3	0.7878	0.7878	-4.1	0.7855
-3.1	0.7878	0.7878	-3.8	0.7762
-2.9	0.7879	0.7879	-3.6	0.7598
-2.7	0.7879	0.7879	-3.4	0.7366
-2.5	0.7879	0.7879	-3.1	0.7069
-2.4	0.7879	0.7879	-2.9	0.6713
-2.2	0.7879	0.7879	-2.7	0.6306
-2.0	0.7879	0.7879	-2.4	0.5855
-1.8	0.7879	0.7879	-2.2	0.5366
-1.6	0.7879	0.7879	-2.0	0.4849
-1.4	0.7879	0.7879	-1.7	0.4310
-1.2	0.7878	0.7878	-1.5	0.3755
-1.0	0.7878	0.7878	-1.3	0.3188
-0.8	0.7877	0.7877	-1.0	0.2615
-0.7	0.7877	0.7877	-0.8	0.2036
-0.5	0.7877	0.7877	-0.6	0.1456
-0.3	0.7877	0.7877	-0.3	0.0874
-0.1	0.7876	0.7876	-0.1	0.0291
0.1	0.7876	0.7876	0.1	-0.0291
0.3	0.7877	0.7877	0.3	-0.0874
0.5	0.7877	0.7877	0.6	-0.1456
0.7	0.7877	0.7877	0.8	-0.2036
0.8	0.7877	0.7877	1.0	-0.2615
1.0	0.7878	0.7878	1.3	-0.3188
1.2	0.7878	0.7878	1.5	-0.3755
1.4	0.7879	0.7879	1.7	-0.4310
1.6	0.7879	0.7879	2.0	-0.4849
1.8	0.7879	0.7879	2.2	-0.5366
2.0	0.7879	0.7879	2.4	-0.5855
2.2	0.7879	0.7879	2.7	-0.6306
2.4	0.7879	0.7879	2.9	-0.6713
2.5	0.7879	0.7879	3.1	-0.7069
2.7	0.7879	0.7879	3.4	-0.7366
2.9	0.7879	0.7879	3.6	-0.7598
3.1	0.7878	0.7878	3.8	-0.7762
3.3	0.7878	0.7878	4.1	-0.7855
3.5	0.7878	0.7878	4.3	-0.7874
3.7	0.7877	0.7877	4.5	-0.7821
3.9	0.7877	0.7877	4.8	-0.7695
4.1	0.7876	0.7876	5.0	-0.7499
4.2	0.7876	0.7876	5.2	-0.7236
4.4	0.7876	0.7876	5.5	-0.6912
4.6	0.7876	0.7876	5.7	-0.6532
4.8	0.7876	0.7876	5.9	-0.6104
5.0	0.7877	0.7877	6.2	-0.5635
5.2	0.7877	0.7877	6.4	-0.5133
5.4	0.7877	0.7877	6.6	-0.4606
5.6	0.7878	0.7878	6.9	-0.4059
5.8	0.7878	0.7878	7.1	-0.3500
5.9	0.7878	0.7878	7.3	-0.2931
6.1	0.7879	0.7879	7.6	-0.2356
6.3	0.7879	0.7879	7.8	-0.1778
6.5	0.7879	0.7879	8.0	-0.1198
6.7	0.7879	0.7879	8.3	-0.0618
6.9	0.7879	0.7879	8.5	-0.0037
7.1	0.7879	0.7879	8.7	0.0544
7.3	0.7879	0.7879	9.0	0.1125
7.5	0.7878	0.7878	9.2	0.1704
7.6	0.7878	0.7878	9.4	0.2282
7.8	0.7877	0.7877	9.7	0.2856
8.0	0.7877	0.7877	9.9	0.3425
8.2	0.7877	0.7877	10.1	0.3985
8.4	0.7876	0.7876	10.4	0.4531
8.6	0.7876	0.7876	10.6	0.5059
8.8	0.7876	0.7876	10.8	0.5561
9.0	0.7876	0.7876	11.1	0.6031
9.2	0.7876	0.7876	11.3	0.6461
9.3	0.7876	0.7876	11.5	0.6842
9.5	0.7876	0.7876	11.8	0.7169
9.7	0.7876	0.7876	12.0	0.7434
9.9	0.7877	0.7877	12.2	0.7633
10.1	0.7877	0.7877	12.4	0.7763
10.3	0.7877	0.7877	12.7	0.7820
10.5	0.7878	0.7878	12.9	0.7804
10.7	0.7878	0.7878	13.1	0.7715
10.8	0.7878	0.7878	13.4	0.7555
11.0	0.7878	0.7878	13.6	0.7327
11.2	0.7878	0.7878	13.8	0.7034
11.4	0.7878	0.7878	14.1	0.6682
11.6	0.7878	0.7878	14.3	0.6278
11.8	0.7878	0.7878	14.5	0.5829
12.0	0.7877	0.7877	14.8	0.5343
12.2	0.7877	0.7877	15.0	0.4827
12.4	0.7876	0.7876	15.2	0.4289
12.5	0.7876	0.7876	15.5	0.3735
12.7	0.7875	0.7875	15.7	0.3169
12.9	0.7875	0.7875	15.9	0.2595
13.1	0.7875	0.7875	16.2	0.2017
13.3	0.7874	0.7874	16.4	0.1436
13.5	0.7874	0.7874	16.6	0.0853
13.7	0.7874	0.7874	16.9	0.0270
13.9	0.7874	0.7874	17.1	-0.0313
14.1	0.7875	0.7875	17.3	-0.0897
14.2	0.7875	0.7875	17.6	-0.1480
14.4	0.7875	0.7875	17.8	-0.2062
14.6	0.7876	0.7876	18.0	-0.2642
14.8	0.7876	0.7876	18.3	-0.3218
15.0	0.7877	0.7877	18.5	-0.3786
Gap = 8
X_pos[mm]	Beff[T]	Bpeak[T]	Z_pos[mm]	By[T]
-15.0	0.5155	0.5155	-18.5	0.2653
-14.8	0.5155	0.5155	-18.3	0.2272
-14.6	0.5155	0.5155	-18.0	0.1880
-14.4	0.5155	0.5155	-17.8	0.1479
-14.2	0.5155	0.5155	-17.6	0.1071
-14.1	0.5155	0.5155	-17.3	0.0659
-13.9	0.5155	0.5155	-17.1	0.0245
-13.7	0.5155	0.5155	-16.9	-0.0170
-13.5	0.5155	0.5155	-16.6	-0.0584
-13.3	0.5155	0.5155	-16.4	-0.0995
-13.1	0.5155	0.5155	-16.2	-0.1402
-12.9	0.5155	0.5155	-15.9	-0.1801
-12.7	0.5155	0.5155	-15.7	-0.2191
-12.5	0.5155	0.5155	-15.5	-0.2569
-12.4	0.5155	0.5155	-15.2	-0.2933
-12.2	0.5156	0.5156	-15.0	-0.3280
-12.0	0.5156	0.5156	-14.8	-0.3605
-11.8	0.5156	0.5156	-14.5	-0.3907
-11.6	0.5156	0.5156	-14.3	-0.4181
-11.4	0.5156	0.5156	-14.1	-0.4425
-11.2	0.5156	0.5156	-13.8	-0.4635
-11.0	0.5156	0.5156	-13.6	-0.4808
-10.8	0.5156	0.5156	-13.4	-0.4943
-10.7	0.5156	0.5156	-13.1	-0.5037
-10.5	0.5156	0.5156	-12.9	-0.5090
-10.3	0.5156	0.5156	-12.7	-0.5099
-10.1	0.5156	0.5156	-12.4	-0.5066
-9.9	0.5156	0.5156	-12.2	-0.4991
-9.7	0.5156	0.5156	-12.0	-0.4875
-9.5	0.5156	0.5156	-11.8	-0.4718
-9.3	0.5156	0.5156	-11.5	-0.4525
-9.2	0.5156	0.5156	-11.3	-0.4297
-9.0	0.5156	0.5156	-11.1	-0.4037
-8.8	0.5156	0.5156	-10.8	-0.3748
-8.6	0.5156	0.5156	-10.6	-0.3434
-8.4	0.5156	0.5156	-10.4	-0.3098
-8.2	0.5156	0.5156	-10.1	-0.2743
-8.0	0.5156	0.5156	-9.9	-0.2372
-7.8	0.5156	0.5156	-9.7	-0.1989
-7.6	0.5157	0.5157	-9.4	-0.1596
-7.5	0.5157	0.5157	-9.2	-0.1194
-7.3	0.5157	0.5157	-9.0	-0.0787
-7.1	0.5157	0.5157	-8.7	-0.0377
-6.9	0.5157	0.5157	-8.5	0.0035
-6.7	0.5157	0.5157	-8.3	0.0447
-6.5	0.5157	0.5157	-8.0	0.0858
-6.3	0.5157	0.5157	-7.8	0.1265
-6.1	0.5157	0.5157	-7.6	0.1666
-5.9	0.5157	0.5157	-7.3	0.2059
-5.8	0.5157	0.5157	-7.1	0.2442
-5.6	0.5157	0.5157	-6.9	0.2813
-5.4	0.5157	0.5157	-6.6	0.3167
-5.2	0.5156	0.5156	-6.4	0.3503
-5.0	0.5156	0.5156	-6.2	0.3816
-4.8	0.5156	0.5156	-5.9	0.4104
-4.6	0.5156	0.5156	-5.7	0.4363
-4.4	0.5156	0.5156	-5.5	0.4590
-4.2	0.5156	0.5156	-5.2	0.4782
-4.1	0.5156	0.5156	-5.0	0.4936
-3.9	0.5156	0.5156	-4.8	0.5051
-3.7	0.5157	0.5157	-4.5	0.5124
-3.5	0.5157	0.5157	-4.3	0.5155
-3.3	0.5157	0.5157	-4.1	0.5144
-3.1	0.5157	0.5157	-3.8	0.5089
-2.9	0.5157	0.5157	-3.6	0.4993
-2.7	0.5157	0.5157	-3.4	0.4856
-2.5	0.5157	0.5157	-3.1	0.4680
-2.4	0.5157	0.5157	-2.9	0.4469
-2.2	0.5157	0.5157	-2.7	0.4223
-2.0	0.5157	0.5157	-2.4	0.3947
-1.8	0.5157	0.5157	-2.2	0.3644
-1.6	0.5157	0.5157	-2.0	0.3318
-1.4	0.5157	0.5157	-1.7	0.2970
-1.2	0.5157	0.5157	-1.5	0.2606
-1.0	0.5157	0.5157	-1.3	0.2227
-0.8	0.5157	0.5157	-1.0	0.1836
-0.7	0.5157	0.5157	-0.8	0.1437
-0.5	0.5157	0.5157	-0.6	0.1031
-0.3	0.5156	0.5156	-0.3	0.0620
-0.1	0.5156	0.5156	-0.1	0.0207
0.1	0.5156	0.5156	0.1	-0.0207
0.3	0.5156	0.5156	0.3	-0.0620
0.5	0.5157	0.5157	0.6	-0.1031
0.7	0.5157	0.5157	0.8	-0.1437
0.8	0.5157	0.5157	1.0	-0.1836
1.0	0.5157	0.5157	1.3	-0.2227
1.2	0.5157	0.5157	1.5	-0.2606
1.4	0.5157	0.5157	1.7	-0.2970
1.6	0.5157	0.5157	2.0	-0.3318
1.8	0.5157	0.5157	2.2	-0.3644
2.0	0.5157	0.5157	2.4	-0.3947
2.2	0.5157	0.5157	2.7	-0.4223
2.4	0.5157	0.5157	2.9	-0.4469
2.5	0.5157	0.5157	3.1	-0.4680
2.7	0.5157	0.5157	3.4	-0.4856
2.9	0.5157	0.5157	3.6	-0.4993
3.1	0.5157	0.5157	3.8	-0.5089
3.3	0.5157	0.5157	4.1	-0.5144
3.5	0.5157	0.5157	4.3	-0.5155
3.7	0.5157	0.5157	4.5	-0.5124
3.9	0.5156	0.5156	4.8	-0.5051
4.1	0.5156	0.5156	5.0	-0.4936
4.2	0.5156	0.5156	5.2	-0.4782
4.4	0.5156	0.5156	5.5	-0.4590
4.6	0.5156	0.5156	5.7	-0.4363
4.8	0.5156	0.5156	5.9	-0.4104
5.0	0.5156	0.5156	6.2	-0.3816
5.2	0.5156	0.5156	6.4	-0.3503
5.4	0.5157	0.5157	6.6	-0.3167
5.6	0.5157	0.5157	6.9	-0.2813
5.8	0.5157	0.5157	7.1	-0.2442
5.9	0.5157	0.5157	7.3	-0.2059
6.1	0.5157	0.5157	7.6	-0.1666
6.3	0.5157	0.5157	7.8	-0.1265
6.5	0.5157	0.5157	8.0	-0.0858
6.7	0.5157	0.5157	8.3	-0.0447
6.9	0.5157	0.5157	8.5	-0.0035
7.1	0.5157	0.5157	8.7	0.0377
7.3	0.5157	0.5157	9.0	0.0787
7.5	0.5157	0.5157	9.2	0.1194
7.6	0.5157	0.5157	9.4	0.1596
7.8	0.5156	0.5156	9.7	0.1989
8.0	0.5156	0.5156	9.9	0.2372
8.2	0.5156	0.5156	10.1	0.2743
8.4	0.5156	0.5156	10.4	0.3098
8.6	0.5156	0.5156	10.6	0.3434
8.8	0.5156	0.5156	10.8	0.3748
9.0	0.5156	0.5156	11.1	0.4037
9.2	0.5156	0.5156	11.3	0.4297
9.3	0.5156	0.5156	11.5	0.4525
9.5	0.5156	0.5156	11.8	0.4718
9.7	0.5156	0.5156	12.0	0.4875
9.9	0.5156	0.5156	12.2	0.4991
10.1	0.5156	0.5156	12.4	0.5066
10.3	0.5156	0.5156	12.7	0.5099
10.5	0.5156	0.5156	12.9	0.5090
10.7	0.5156	0.5156	13.1	0.5037
10.8	0.5156	0.5156	13.4	0.4943
11.0	0.5156	0.5156	13.6	0.4808
11.2	0.5156	0.5156	13.8	0.4635
11.4	0.5156	0.5156	14.1	0.4425
11.6	0.5156	0.5156	14.3	0.4181
11.8	0.5156	0.5156	14.5	0.3907
12.0	0.5156	0.5156	14.8	0.3605
12.2	0.5156	0.5156	15.0	0.3280
12.4	0.5155	0.5155	15.2	0.2933
12.5	0.5155	0.5155	15.5	0.2569
12.7	0.5155	0.5155	15.7	0.2191
12.9	0.5155	0.5155	15.9	0.1801
13.1	0.5155	0.5155	16.2	0.1402
13.3	0.5155	0.5155	16.4	0.0995
13.5	0.5155	0.5155	16.6	0.0584
13.7	0.5155	0.5155	16.9	0.0170
13.9	0.5155	0.5155	17.1	-0.0245
14.1	0.5155	0.5155	17.3	-0.0659
14.2	0.5155	0.5155	17.6	-0.1071
14.4	0.5155	0.5155	17.8	-0.1479
14.6	0.5155	0.5155	18.0	-0.1880
14.8	0.5155	0.5155	18.3	-0.2272
15.0	0.5155	0.5155	18.5	-0.2653
Gap = 10
X_pos[mm]	Beff[T]	Bpeak[T]	Z_pos[mm]	By[T]
-15.0	0.3470	0.3470	-18.5	0.1852
-14.8	0.3470	0.3470	-18.3	0.1593
-14.6	0.3470	0.3470	-18.0	0.1324
-14.4	0.3470	0.3470	-17.8	0.1048
-14.2	0.3470	0.3470	-17.6	0.0765
-14.1	0.3471	0.3471	-17.3	0.0479
-13.9	0.3471	0.3471	-17.1	0.0190
-13.7	0.3471	0.3471	-16.9	-0.0100
-13.5	0.3471	0.3471	-16.6	-0.0389
-13.3	0.3471	0.3471	-16.4	-0.0675
-13.1	0.3471	0.3471	-16.2	-0.0956
-12.9	0.3471	0.3471	-15.9	-0.1232
-12.7	0.3471	0.3471	-15.7	-0.1499
-12.5	0.3471	0.3471	-15.5	-0.1756
-12.4	0.3471	0.3471	-15.2	-0.2001
-12.2	0.3471	0.3471	-15.0	-0.2233
-12.0	0.3471	0.3471	-14.8	-0.2448
-11.8	0.3471	0.3471	-14.5	-0.2647
-11.6	0.3471	0.3471	-14.3	-0.2826
-11.4	0.3472	0.3472	-14.1	-0.2984
-11.2	0.3472	0.3472	-13.8	-0.3119
-11.0	0.3472	0.3472	-13.6	-0.3230
-10.8	0.3472	0.3472	-13.4	-0.3316
-10.7	0.3472	0.3472	-13.1	-0.3377
-10.5	0.3472	0.3472	-12.9	-0.3410
-10.3	0.3472	0.3472	-12.7	-0.3417
-10.1	0.3472	0.3472	-12.4	-0.3396
-9.9	0.3472	0.3472	-12.2	-0.3349
-9.7	0.3472	0.3472	-12.0	-0.3275
-9.5	0.3472	0.3472	-11.8	-0.3176
-9.3	0.3472	0.3472	-11.5	-0.3052
-9.2	0.3472	0.3472	-11.3	-0.2905
-9.0	0.3472	0.3472	-11.1	-0.2736
-8.8	0.3472	0.3472	-10.8	-0.2548
-8.6	0.3472	0.3472	-10.6	-0.2341
-8.4	0.3472	0.3472	-10.4	-0.2118
-8.2	0.3472	0.3472	-10.1	-0.1880
-8.0	0.3472	0.3472	-9.9	-0.1630
-7.8	0.3472	0.3472	-9.7	-0.1369
-7.6	0.3472	0.3472	-9.4	-0.1099
-7.5	0.3472	0.3472	-9.2	-0.0822
-7.3	0.3472	0.3472	-9.0	-0.0540
-7.1	0.3472	0.3472	-8.7	-0.0254
-6.9	0.3472	0.3472	-8.5	0.0033
-6.7	0.3472	0.3472	-8.3	0.0320
-6.5	0.3472	0.3472	-8.0	0.0605
-6.3	0.3472	0.3472	-7.8	0.0887
-6.1	0.3472	0.3472	-7.6	0.1164
-5.9	0.3472	0.3472	-7.3	0.1434
-5.8	0.3472	0.3472	-7.1	0.1694
-5.6	0.3472	0.3472	-6.9	0.1944
-5.4	0.3472	0.3472	-6.6	0.2182
-5.2	0.3472	0.3472	-6.4	0.2404
-5.0	0.3472	0.3472	-6.2	0.2611
-4.8	0.3472	0.3472	-5.9	0.2798
-4.6	0.3472	0.3472	-5.7	0.2966
-4.4	0.3472	0.3472	-5.5	0.3112
-4.2	0.3472	0.3472	-5.2	0.3235
-4.1	0.3472	0.3472	-5.0	0.3333
-3.9	0.3472	0.3472	-4.8	0.3406
-3.7	0.3472	0.3472	-4.5	0.3452
-3.5	0.3472	0.3472	-4.3	0.3471
-3.3	0.3472	0.3472	-4.1	0.3464
-3.1	0.3472	0.3472	-3.8	0.3429
-2.9	0.3472	0.3472	-3.6	0.3368
-2.7	0.3472	0.3472	-3.4	0.3280
-2.5	0.3472	0.3472	-3.1	0.3168
-2.4	0.3472	0.3472	-2.9	0.3031
-2.2	0.3472	0.3472	-2.7	0.2872
-2.0	0.3472	0.3472	-2.4	0.2693
-1.8	0.3472	0.3472	-2.2	0.2493
-1.6	0.3472	0.3472	-2.0	0.2277
-1.4	0.3472	0.3472	-1.7	0.2045
-1.2	0.3472	0.3472	-1.5	0.1799
-1.0	0.3472	0.3472	-1.3	0.1542
-0.8	0.3472	0.3472	-1.0	0.1275
-0.7	0.3472	0.3472	-0.8	0.1000
-0.5	0.3472	0.3472	-0.6	0.0718
-0.3	0.3472	0.3472	-0.3	0.0433
-0.1	0.3472	0.3472	-0.1	0.0145
0.1	0.3472	0.3472	0.1	-0.0145
0.3	0.3472	0.3472	0.3	-0.0433
0.5	0.3472	0.3472	0.6	-0.0718
0.7	0.3472	0.3472	0.8	-0.1000
0.8	0.3472	0.3472	1.0	-0.1275
1.0	0.3472	0.3472	1.3	-0.1542
1.2	0.3472	0.3472	1.5	-0.1799
1.4	0.3472	0.3472	1.7	-0.2045
1.6	0.3472	0.3472	2.0	-0.2277
1.8	0.3472	0.3472	2.2	-0.2493
2.0	0.3472	0.3472	2.4	-0.2693
2.2	0.3472	0.3472	2.7	-0.2872
2.4	0.3472	0.3472	2.9	-0.3031
2.5	0.3472	0.3472	3.1	-0.3168
2.7	0.3472	0.3472	3.4	-0.3280
2.9	0.3472	0.3472	3.6	-0.3368
3.1	0.3472	0.3472	3.8	-0.3429
3.3	0.3472	0.3472	4.1	-0.3464
3.5	0.3472	0.3472	4.3	-0.3471
3.7	0.3472	0.3472	4.5	-0.3452
3.9	0.3472	0.3472	4.8	-0.3406
4.1	0.3472	0.3472	5.0	-0.3333
4.2	0.3472	0.3472	5.2	-0.3235
4.4	0.3472	0.3472	5.5	-0.3112
4.6	0.3472	0.3472	5.7	-0.2966
4.8	0.3472	0.3472	5.9	-0.2798
5.0	0.3472	0.3472	6.2	-0.2611
5.2	0.3472	0.3472	6.4	-0.2404
5.4	0.3472	0.3472	6.6	-0.2182
5.6	0.3472	0.3472	6.9	-0.1944
5.8	0.3472	0.3472	7.1	-0.1694
5.9	0.3472	0.3472	7.3	-0.1434
6.1	0.3472	0.3472	7.6	-0.1164
6.3	0.3472	0.3472	7.8	-0.0887
6.5	0.3472	0.3472	8.0	-0.0605
6.7	0.3472	0.3472	8.3	-0.0320
6.9	0.3472	0.3472	8.5	-0.0033
7.1	0.3472	0.3472	8.7	0.0254
7.3	0.3472	0.3472	9.0	0.0540
7.5	0.3472	0.3472	9.2	0.0822
7.6	0.3472	0.3472	9.4	0.1099
7.8	0.3472	0.3472	9.7	0.1369
8.0	0.3472	0.3472	9.9	0.1630
8.2	0.3472	0.3472	10.1	0.1880
8.4	0.3472	0.3472	10.4	0.2118
8.6	0.3472	0.3472	10.6	0.2341
8.8	0.3472	0.3472	10.8	0.2548
9.0	0.3472	0.3472	11.1	0.2736
9.2	0.3472	0.3472	11.3	0.2905
9.3	0.3472	0.3472	11.5	0.3052
9.5	0.3472	0.3472	11.8	0.3176
9.7	0.3472	0.3472	12.0	0.3275
9.9	0.3472	0.3472	12.2	0.3349
10.1	0.3472	0.3472	12.4	0.3396
10.3	0.3472	0.3472	12.7	0.3417
10.5	0.3472	0.3472	12.9	0.3410
10.7	0.3472	0.3472	13.1	0.3377
10.8	0.3472	0.3472	13.4	0.3316
11.0	0.3472	0.3472	13.6	0.3230
11.2	0.3472	0.3472	13.8	0.3119
11.4	0.3472	0.3472	14.1	0.2984
11.6	0.3471	0.3471	14.3	0.2826
11.8	0.3471	0.3471	14.5	0.2647
12.0	0.3471	0.3471	14.8	0.2448
12.2	0.3471	0.3471	15.0	0.2233
12.4	0.3471	0.3471	15.2	0.2001
12.5	0.3471	0.3471	15.5	0.1756
12.7	0.3471	0.3471	15.7	0.1499
12.9	0.3471	0.3471	15.9	0.1232
13.1	0.3471	0.3471	16.2	0.0956
13.3	0.3471	0.3471	16.4	0.0675
13.5	0.3471	0.3471	16.6	0.0389
13.7	0.3471	0.3471	16.9	0.0100
13.9	0.3471	0.3471	17.1	-0.0190
14.1	0.3471	0.3471	17.3	-0.0479
14.2	0.3470	0.3470	17.6	-0.0765
14.4	0.3470	0.3470	17.8	-0.1048
14.6	0.3470	0.3470	18.0	-0.1324
14.8	0.3470	0.3470	18.3	-0.1593
15.0	0.3470	0.3470	18.5	-0.1852
Gap = 12
X_pos[mm]	Beff[T]	Bpeak[T]	Z_pos[mm]	By[T]
-15.0	0.2370	0.2370	-18.5	0.1297
-14.8	0.2370	0.2370	-18.3	0.1119
-14.6	0.2370	0.2370	-18.0	0.0934
-14.4	0.2370	0.2370	-17.8	0.0743
-14.2	0.2370	0.2370	-17.6	0.0548
-14.1	0.2370	0.2370	-17.3	0.0349
-13.9	0.2371	0.2371	-17.1	0.0148
-13.7	0.2371	0.2371	-16.9	-0.0053
-13.5	0.2371	0.2371	-16.6	-0.0253
-13.3	0.2371	0.2371	-16.4	-0.0452
-13.1	0.2371	0.2371	-16.2	-0.0647
-12.9	0.2371	0.2371	-15.9	-0.0837
-12.7	0.2371	0.2371	-15.7	-0.1021
-12.5	0.2371	0.2371	-15.5	-0.1197
-12.4	0.2371	0.2371	-15.2	-0.1365
-12.2	0.2371	0.2371	-15.0	-0.1522
-12.0	0.2371	0.2371	-14.8	-0.1669
-11.8	0.2371	0.2371	-14.5	-0.1803
-11.6	0.2371	0.2371	-14.3	-0.1923
-11.4	0.2371	0.2371	-14.1	-0.2029
-11.2	0.2371	0.2371	-13.8	-0.2120
-11.0	0.2371	0.2371	-13.6	-0.2194
-10.8	0.2371	0.2371	-13.4	-0.2252
-10.7	0.2371	0.2371	-13.1	-0.2292
-10.5	0.2371	0.2371	-12.9	-0.2315
-10.3	0.2372	0.2372	-12.7	-0.2319
-10.1	0.2372	0.2372	-12.4	-0.2306
-9.9	0.2372	0.2372	-12.2	-0.2275
-9.7	0.2372	0.2372	-12.0	-0.2226
-9.5	0.2372	0.2372	-11.8	-0.2160
-9.3	0.2372	0.2372	-11.5	-0.2078
-9.2	0.2372	0.2372	-11.3	-0.1980
-9.0	0.2372	0.2372	-11.1	-0.1867
-8.8	0.2372	0.2372	-10.8	-0.1741
-8.6	0.2372	0.2372	-10.6	-0.1601
-8.4	0.2372	0.2372	-10.4	-0.1450
-8.2	0.2372	0.2372	-10.1	-0.1288
-8.0	0.2372	0.2372	-9.9	-0.1117
-7.8	0.2372	0.2372	-9.7	-0.0938
-7.6	0.2372	0.2372	-9.4	-0.0753
-7.5	0.2372	0.2372	-9.2	-0.0562
-7.3	0.2372	0.2372	-9.0	-0.0367
-7.1	0.2372	0.2372	-8.7	-0.0169
-6.9	0.2372	0.2372	-8.5	0.0030
-6.7	0.2372	0.2372	-8.3	0.0229
-6.5	0.2372	0.2372	-8.0	0.0426
-6.3	0.2372	0.2372	-7.8	0.0621
-6.1	0.2372	0.2372	-7.6	0.0812
-5.9	0.2372	0.2372	-7.3	0.0998
-5.8	0.2372	0.2372	-7.1	0.1176
-5.6	0.2372	0.2372	-6.9	0.1347
-5.4	0.2372	0.2372	-6.6	0.1508
-5.2	0.2372	0.2372	-6.4	0.1659
-5.0	0.2372	0.2372	-6.2	0.1798
-4.8	0.2372	0.2372	-5.9	0.1924
-4.6	0.2372	0.2372	-5.7	0.2037
-4.4	0.2372	0.2372	-5.5	0.2134
-4.2	0.2372	0.2372	-5.2	0.2216
-4.1	0.2372	0.2372	-5.0	0.2281
-3.9	0.2372	0.2372	-4.8	0.2329
-3.7	0.2372	0.2372	-4.5	0.2359
-3.5	0.2372	0.2372	-4.3	0.2372
-3.3	0.2372	0.2372	-4.1	0.2366
-3.1	0.2372	0.2372	-3.8	0.2343
-2.9	0.2372	0.2372	-3.6	0.2302
-2.7	0.2372	0.2372	-3.4	0.2244
-2.5	0.2372	0.2372	-3.1	0.2169
-2.4	0.2372	0.2372	-2.9	0.2078
-2.2	0.2372	0.2372	-2.7	0.1971
-2.0	0.2372	0.2372	-2.4	0.1850
-1.8	0.2372	0.2372	-2.2	0.1716
-1.6	0.2372	0.2372	-2.0	0.1569
-1.4	0.2372	0.2372	-1.7	0.1411
-1.2	0.2372	0.2372	-1.5	0.1243
-1.0	0.2372	0.2372	-1.3	0.1067
-0.8	0.2372	0.2372	-1.0	0.0883
-0.7	0.2372	0.2372	-0.8	0.0693
-0.5	0.2372	0.2372	-0.6	0.0498
-0.3	0.2372	0.2372	-0.3	0.0300
-0.1	0.2372	0.2372	-0.1	0.0100
0.1	0.2372	0.2372	0.1	-0.0100
0.3	0.2372	0.2372	0.3	-0.0300
0.5	0.2372	0.2372	0.6	-0.0498
0.7	0.2372	0.2372	0.8	-0.0693
0.8	0.2372	0.2372	1.0	-0.0883
1.0	0.2372	0.2372	1.3	-0.1067
1.2	0.2372	0.2372	1.5	-0.1243
1.4	0.2372	0.2372	1.7	-0.1411
1.6	0.2372	0.2372	2.0	-0.1569
1.8	0.2372	0.2372	2.2	-0.1716
2.0	0.2372	0.2372	2.4	-0.1850
2.2	0.2372	0.2372	2.7	-0.1971
2.4	0.2372	0.2372	2.9	-0.2078
2.5	0.2372	0.2372	3.1	-0.2169
2.7	0.2372	0.2372	3.4	-0.2244
2.9	0.2372	0.2372	3.6	-0.2302
3.1	0.2372	0.2372	3.8	-0.2343
3.3	0.2372	0.2372	4.1	-0.2366
3.5	0.2372	0.2372	4.3	-0.2372
3.7	0.2372	0.2372	4.5	-0.2359
3.9	0.2372	0.2372	4.8	-0.2329
4.1	0.2372	0.2372	5.0	-0.2281
4.2	0.2372	0.2372	5.2	-0.2216
4.4	0.2372	0.2372	5.5	-0.2134
4.6	0.2372	0.2372	5.7	-0.2037
4.8	0.2372	0.2372	5.9	-0.1924
5.0	0.2372	0.2372	6.2	-0.1798
5.2	0.2372	0.2372	6.4	-0.1659
5.4	0.2372	0.2372	6.6	-0.1508
5.6	0.2372	0.2372	6.9	-0.1347
5.8	0.2372	0.2372	7.1	-0.1176
5.9	0.2372	0.2372	7.3	-0.0998
6.1	0.2372	0.2372	7.6	-0.0812
6.3	0.2372	0.2372	7.8	-0.0621
6.5	0.2372	0.2372	8.0	-0.0426
6.7	0.2372	0.2372	8.3	-0.0229
6.9	0.2372	0.2372	8.5	-0.0030
7.1	0.2372	0.2372	8.7	0.0169
7.3	0.2372	0.2372	9.0	0.0367
7.5	0.2372	0.2372	9.2	0.0562
7.6	0.2372	0.2372	9.4	0.0753
7.8	0.2372	0.2372	9.7	0.0938
8.0	0.2372	0.2372	9.9	0.1117
8.2	0.2372	0.2372	10.1	0.1288
8.4	0.2372	0.2372	10.4	0.1450
8.6	0.2372	0.2372	10.6	0.1601
8.8	0.2372	0.2372	10.8	0.1741
9.0	0.2372	0.2372	11.1	0.1867
9.2	0.2372	0.2372	11.3	0.1980
9.3	0.2372	0.2372	11.5	0.2078
9.5	0.2372	0.2372	11.8	0.2160
9.7	0.2372	0.2372	12.0	0.2226
9.9	0.2372	0.2372	12.2	0.2275
10.1	0.2372	0.2372	12.4	0.2306
10.3	0.2372	0.2372	12.7	0.2319
10.5	0.2371	0.2371	12.9	0.2315
10.7	0.2371	0.2371	13.1	0.2292
10.8	0.2371	0.2371	13.4	0.2252
11.0	0.2371	0.2371	13.6	0.2194
11.2	0.2371	0.2371	13.8	0.2120
11.4	0.2371	0.2371	14.1	0.2029
11.6	0.2371	0.2371	14.3	0.1923
11.8	0.2371	0.2371	14.5	0.1803
12.0	0.2371	0.2371	14.8	0.1669
12.2	0.2371	0.2371	15.0	0.1522
12.4	0.2371	0.2371	15.2	0.1365
12.5	0.2371	0.2371	15.5	0.1197
12.7	0.2371	0.2371	15.7	0.1021
12.9	0.2371	0.2371	15.9	0.0837
13.1	0.2371	0.2371	16.2	0.0647
13.3	0.2371	0.2371	16.4	0.0452
13.5	0.2371	0.2371	16.6	0.0253
13.7	0.2371	0.2371	16.9	0.0053
13.9	0.2371	0.2371	17.1	-0.0148
14.1	0.2370	0.2370	17.3	-0.0349
14.2	0.2370	0.2370	17.6	-0.0548
14.4	0.2370	0.2370	17.8	-0.0743
14.6	0.2370	0.2370	18.0	-0.0934
14.8	0.2370	0.2370	18.3	-0.1119
15.0	0.2370	0.2370	18.5	-0.1297
