Blocks width = 40
ID length[m]	Blocks height[mm]	Field Roll-off[%]
0.40	55.4	1.272
0.48	57.8	1.406
0.57	61.0	1.598
0.65	65.1	1.784
0.74	69.9	1.924
0.82	78.0	1.964
0.91	92.5	1.463
Blocks width = 50
ID length[m]	Blocks height[mm]	Field Roll-off[%]
0.40	48.1	-0.196
0.48	49.7	-0.225
0.57	52.1	-0.269
0.65	54.5	-0.298
0.74	57.8	-0.317
0.82	61.8	-0.285
0.91	66.7	-0.199
0.99	73.9	-0.114
1.07	83.6	-0.165
Blocks width = 60
ID length[m]	Blocks height[mm]	Field Roll-off[%]
0.40	44.8	-0.042
0.48	46.5	-0.034
0.57	48.1	-0.027
0.65	50.5	-0.007
0.74	53.7	0.026
0.82	57.0	0.068
0.91	61.0	0.140
0.99	65.9	0.244
1.07	72.3	0.364
1.16	81.2	0.442
1.24	97.4	0.344
Blocks width = 70
ID length[m]	Blocks height[mm]	Field Roll-off[%]
0.40	43.2	-0.008
0.48	44.8	0.002
0.57	46.5	0.015
0.65	48.9	0.036
0.74	51.3	0.062
0.82	54.5	0.104
0.91	57.8	0.153
0.99	62.6	0.246
1.07	68.3	0.379
1.16	75.6	0.560
1.24	86.1	0.736
1.33	107.9	0.802
Blocks width = 80
ID length[m]	Blocks height[mm]	Field Roll-off[%]
0.40	42.4	0.013
0.48	44.0	0.018
0.57	45.7	0.025
0.65	48.1	0.036
0.74	50.5	0.051
0.82	52.9	0.067
0.91	56.2	0.094
0.99	61.0	0.146
1.07	65.9	0.213
1.16	73.1	0.341
1.24	82.0	0.518
1.33	98.2	0.755
