Blocks width = 60
ID length[m]	Blocks height[mm]	Field Roll-off[%]
0.40	51.3	0.079
0.48	53.7	0.107
0.57	56.2	0.139
0.65	59.4	0.190
0.74	62.6	0.247
0.82	67.5	0.346
0.91	73.9	0.498
0.99	82.8	0.687
1.07	97.4	0.857
Blocks width = 70
ID length[m]	Blocks height[mm]	Field Roll-off[%]
0.40	43.2	0.001
0.48	44.8	0.011
0.57	47.3	0.029
0.65	48.9	0.043
0.74	51.3	0.068
0.82	54.5	0.107
0.91	58.6	0.168
0.99	63.4	0.258
1.07	69.1	0.388
1.16	76.4	0.567
1.24	87.7	0.761
1.33	111.9	0.844
Blocks width = 80
ID length[m]	Blocks height[mm]	Field Roll-off[%]
0.40	41.6	-0.008
0.48	43.2	0.001
0.57	44.8	0.012
0.65	47.3	0.031
0.74	49.7	0.054
0.82	52.1	0.080
0.91	55.4	0.124
0.99	59.4	0.189
1.07	64.2	0.287
1.16	70.7	0.446
1.24	79.6	0.644
1.33	94.1	0.804
