# Author: FAC idanalysis.IDKickMap
# 
# Total Length of Longitudinal Interval [m]
1.2
# Number of Horizontal Points
31
# Number of Vertical Points
3
# Total Horizontal 2nd Order Kick [T2m2]
START
            -0000.00900 -0000.00840 -0000.00780 -0000.00720 -0000.00660 -0000.00600 -0000.00540 -0000.00480 -0000.00420 -0000.00360 -0000.00300 -0000.00240 -0000.00180 -0000.00120 -0000.00060 +0000.00000 +0000.00060 +0000.00120 +0000.00180 +0000.00240 +0000.00300 +0000.00360 +0000.00420 +0000.00480 +0000.00540 +0000.00600 +0000.00660 +0000.00720 +0000.00780 +0000.00840 +0000.00900 
+0000.01200 -1.0054e-02 -9.0740e-03 -8.1338e-03 -7.2317e-03 -6.3690e-03 -5.5499e-03 -4.7836e-03 -4.0755e-03 -3.4348e-03 -2.8723e-03 -2.3922e-03 -1.9968e-03 -1.6830e-03 -1.4431e-03 -1.2726e-03 -1.1785e-03 -1.1832e-03 -1.2889e-03 -1.4778e-03 -1.7386e-03 -2.0657e-03 -2.4536e-03 -2.8846e-03 -3.3421e-03 -3.8343e-03 -4.3890e-03 -5.0082e-03 -5.6700e-03 -6.3526e-03 -7.0404e-03 -7.7235e-03 
+0000.00000 -1.0054e-02 -9.0740e-03 -8.1338e-03 -7.2317e-03 -6.3690e-03 -5.5499e-03 -4.7836e-03 -4.0755e-03 -3.4348e-03 -2.8723e-03 -2.3922e-03 -1.9968e-03 -1.6830e-03 -1.4431e-03 -1.2726e-03 -1.1785e-03 -1.1832e-03 -1.2889e-03 -1.4778e-03 -1.7386e-03 -2.0657e-03 -2.4536e-03 -2.8846e-03 -3.3421e-03 -3.8343e-03 -4.3890e-03 -5.0082e-03 -5.6700e-03 -6.3526e-03 -7.0404e-03 -7.7235e-03 
-0000.01200 -1.0054e-02 -9.0740e-03 -8.1338e-03 -7.2317e-03 -6.3690e-03 -5.5499e-03 -4.7836e-03 -4.0755e-03 -3.4348e-03 -2.8723e-03 -2.3922e-03 -1.9968e-03 -1.6830e-03 -1.4431e-03 -1.2726e-03 -1.1785e-03 -1.1832e-03 -1.2889e-03 -1.4778e-03 -1.7386e-03 -2.0657e-03 -2.4536e-03 -2.8846e-03 -3.3421e-03 -3.8343e-03 -4.3890e-03 -5.0082e-03 -5.6700e-03 -6.3526e-03 -7.0404e-03 -7.7235e-03 
# Total Vertical 2nd Order Kick [T2m2]
START
            -0000.00900 -0000.00840 -0000.00780 -0000.00720 -0000.00660 -0000.00600 -0000.00540 -0000.00480 -0000.00420 -0000.00360 -0000.00300 -0000.00240 -0000.00180 -0000.00120 -0000.00060 +0000.00000 +0000.00060 +0000.00120 +0000.00180 +0000.00240 +0000.00300 +0000.00360 +0000.00420 +0000.00480 +0000.00540 +0000.00600 +0000.00660 +0000.00720 +0000.00780 +0000.00840 +0000.00900 
+0000.01200 +5.8824e-14 +5.1547e-14 +4.4848e-14 +3.8696e-14 +3.3055e-14 +2.7921e-14 +2.3328e-14 +1.9256e-14 +1.5710e-14 +1.2717e-14 +1.0255e-14 +8.2744e-15 +6.7297e-15 +5.5769e-15 +4.7556e-15 +4.2490e-15 +4.1191e-15 +4.3366e-15 +4.7927e-15 +5.4328e-15 +6.2255e-15 +7.1210e-15 +8.0518e-15 +8.9728e-15 +9.8982e-15 +1.0887e-14 +1.1934e-14 +1.2983e-14 +1.3973e-14 +1.4851e-14 +1.5603e-14 
+0000.00000 +5.8824e-14 +5.1547e-14 +4.4848e-14 +3.8696e-14 +3.3055e-14 +2.7921e-14 +2.3328e-14 +1.9256e-14 +1.5710e-14 +1.2717e-14 +1.0255e-14 +8.2744e-15 +6.7297e-15 +5.5769e-15 +4.7556e-15 +4.2490e-15 +4.1191e-15 +4.3366e-15 +4.7927e-15 +5.4328e-15 +6.2255e-15 +7.1210e-15 +8.0518e-15 +8.9728e-15 +9.8982e-15 +1.0887e-14 +1.1934e-14 +1.2983e-14 +1.3973e-14 +1.4851e-14 +1.5603e-14 
-0000.01200 +5.8824e-14 +5.1547e-14 +4.4848e-14 +3.8696e-14 +3.3055e-14 +2.7921e-14 +2.3328e-14 +1.9256e-14 +1.5710e-14 +1.2717e-14 +1.0255e-14 +8.2744e-15 +6.7297e-15 +5.5769e-15 +4.7556e-15 +4.2490e-15 +4.1191e-15 +4.3366e-15 +4.7927e-15 +5.4328e-15 +6.2255e-15 +7.1210e-15 +8.0518e-15 +8.9728e-15 +9.8982e-15 +1.0887e-14 +1.1934e-14 +1.2983e-14 +1.3973e-14 +1.4851e-14 +1.5603e-14 
# Horizontal Final Position [m]
START
            -0000.00900 -0000.00840 -0000.00780 -0000.00720 -0000.00660 -0000.00600 -0000.00540 -0000.00480 -0000.00420 -0000.00360 -0000.00300 -0000.00240 -0000.00180 -0000.00120 -0000.00060 +0000.00000 +0000.00060 +0000.00120 +0000.00180 +0000.00240 +0000.00300 +0000.00360 +0000.00420 +0000.00480 +0000.00540 +0000.00600 +0000.00660 +0000.00720 +0000.00780 +0000.00840 +0000.00900 
+0000.01200 -9.0600e-03 -8.4541e-03 -7.8485e-03 -7.2431e-03 -6.6380e-03 -6.0331e-03 -5.4285e-03 -4.8243e-03 -4.2204e-03 -3.6171e-03 -3.0142e-03 -2.4119e-03 -1.8100e-03 -1.2085e-03 -6.0752e-04 -6.9600e-06 +5.9301e-04 +1.1924e-03 +1.7912e-03 +2.3897e-03 +2.9877e-03 +3.5854e-03 +4.1828e-03 +4.7801e-03 +5.3771e-03 +5.9738e-03 +6.5701e-03 +7.1661e-03 +7.7620e-03 +8.3579e-03 +8.9538e-03 
+0000.00000 -9.0600e-03 -8.4541e-03 -7.8485e-03 -7.2431e-03 -6.6380e-03 -6.0331e-03 -5.4285e-03 -4.8243e-03 -4.2204e-03 -3.6171e-03 -3.0142e-03 -2.4119e-03 -1.8100e-03 -1.2085e-03 -6.0752e-04 -6.9600e-06 +5.9301e-04 +1.1924e-03 +1.7912e-03 +2.3897e-03 +2.9877e-03 +3.5854e-03 +4.1828e-03 +4.7801e-03 +5.3771e-03 +5.9738e-03 +6.5701e-03 +7.1661e-03 +7.7620e-03 +8.3579e-03 +8.9538e-03 
-0000.01200 -9.0600e-03 -8.4541e-03 -7.8485e-03 -7.2431e-03 -6.6380e-03 -6.0331e-03 -5.4285e-03 -4.8243e-03 -4.2204e-03 -3.6171e-03 -3.0142e-03 -2.4119e-03 -1.8100e-03 -1.2085e-03 -6.0752e-04 -6.9600e-06 +5.9301e-04 +1.1924e-03 +1.7912e-03 +2.3897e-03 +2.9877e-03 +3.5854e-03 +4.1828e-03 +4.7801e-03 +5.3771e-03 +5.9738e-03 +6.5701e-03 +7.1661e-03 +7.7620e-03 +8.3579e-03 +8.9538e-03 
# Vertical Final Position [m]
START
            -0000.00900 -0000.00840 -0000.00780 -0000.00720 -0000.00660 -0000.00600 -0000.00540 -0000.00480 -0000.00420 -0000.00360 -0000.00300 -0000.00240 -0000.00180 -0000.00120 -0000.00060 +0000.00000 +0000.00060 +0000.00120 +0000.00180 +0000.00240 +0000.00300 +0000.00360 +0000.00420 +0000.00480 +0000.00540 +0000.00600 +0000.00660 +0000.00720 +0000.00780 +0000.00840 +0000.00900 
+0000.01200 +1.2000e-02 +1.2000e-02 +1.2000e-02 +1.2000e-02 +1.2000e-02 +1.2000e-02 +1.2000e-02 +1.2000e-02 +1.2000e-02 +1.2000e-02 +1.2000e-02 +1.2000e-02 +1.2000e-02 +1.2000e-02 +1.2000e-02 +1.2000e-02 +1.2000e-02 +1.2000e-02 +1.2000e-02 +1.2000e-02 +1.2000e-02 +1.2000e-02 +1.2000e-02 +1.2000e-02 +1.2000e-02 +1.2000e-02 +1.2000e-02 +1.2000e-02 +1.2000e-02 +1.2000e-02 +1.2000e-02 
+0000.00000 +8.4650e-20 +2.4406e-20 -1.4979e-21 +3.4413e-20 +2.4402e-20 -1.3121e-20 +1.2828e-20 +2.5592e-20 -8.3955e-21 +7.4643e-21 +6.1502e-20 +3.1609e-20 -3.7934e-20 -1.8101e-20 +1.9362e-20 +4.3769e-22 +1.2630e-20 +5.6301e-20 +4.1416e-20 +2.4091e-20 +5.8771e-20 +6.1043e-20 +2.6721e-20 +1.9773e-20 +2.2945e-20 +1.0964e-20 +1.3486e-20 +8.1633e-20 +1.8534e-19 +1.9033e-19 +1.1244e-19 
-0000.01200 -1.2000e-02 -1.2000e-02 -1.2000e-02 -1.2000e-02 -1.2000e-02 -1.2000e-02 -1.2000e-02 -1.2000e-02 -1.2000e-02 -1.2000e-02 -1.2000e-02 -1.2000e-02 -1.2000e-02 -1.2000e-02 -1.2000e-02 -1.2000e-02 -1.2000e-02 -1.2000e-02 -1.2000e-02 -1.2000e-02 -1.2000e-02 -1.2000e-02 -1.2000e-02 -1.2000e-02 -1.2000e-02 -1.2000e-02 -1.2000e-02 -1.2000e-02 -1.2000e-02 -1.2000e-02 -1.2000e-02 