# Author: FAC idanalysis.IDKickMap
# Termination_kicks [T2m2]: -8.1733e-04 +4.8220e-04 +2.2711e-04 +3.6127e-04 
# Total Length of Longitudinal Interval [m]
2.773
# Number of Horizontal Points
37
# Number of Vertical Points
3
# Total Horizontal 2nd Order Kick [T2m2]
START
            -0000.01800 -0000.01700 -0000.01600 -0000.01500 -0000.01400 -0000.01300 -0000.01200 -0000.01100 -0000.01000 -0000.00900 -0000.00800 -0000.00700 -0000.00600 -0000.00500 -0000.00400 -0000.00300 -0000.00200 -0000.00100 +0000.00000 +0000.00100 +0000.00200 +0000.00300 +0000.00400 +0000.00500 +0000.00600 +0000.00700 +0000.00800 +0000.00900 +0000.01000 +0000.01100 +0000.01200 +0000.01300 +0000.01400 +0000.01500 +0000.01600 +0000.01700 +0000.01800 
+0000.01200 +8.5764e-04 +8.5758e-04 +8.6475e-04 +8.2110e-04 +8.1316e-04 +8.2224e-04 +8.0111e-04 +7.6850e-04 +7.4885e-04 +7.3606e-04 +7.4863e-04 +7.1442e-04 +6.6972e-04 +6.6870e-04 +6.4850e-04 +6.1866e-04 +5.6946e-04 +5.2226e-04 +4.8568e-04 +4.4326e-04 +4.1875e-04 +4.2754e-04 +4.3369e-04 +4.7429e-04 +5.2288e-04 +6.0437e-04 +7.0648e-04 +8.0647e-04 +8.7465e-04 +9.6978e-04 +1.0227e-03 +1.0664e-03 +1.0769e-03 +1.0684e-03 +1.0513e-03 +1.0201e-03 +9.5406e-04 
+0000.00000 +8.5764e-04 +8.5758e-04 +8.6475e-04 +8.2110e-04 +8.1316e-04 +8.2224e-04 +8.0111e-04 +7.6850e-04 +7.4885e-04 +7.3606e-04 +7.4863e-04 +7.1442e-04 +6.6972e-04 +6.6870e-04 +6.4850e-04 +6.1866e-04 +5.6946e-04 +5.2226e-04 +4.8568e-04 +4.4326e-04 +4.1875e-04 +4.2754e-04 +4.3369e-04 +4.7429e-04 +5.2288e-04 +6.0437e-04 +7.0648e-04 +8.0647e-04 +8.7465e-04 +9.6978e-04 +1.0227e-03 +1.0664e-03 +1.0769e-03 +1.0684e-03 +1.0513e-03 +1.0201e-03 +9.5406e-04 
-0000.01200 +8.5764e-04 +8.5758e-04 +8.6475e-04 +8.2110e-04 +8.1316e-04 +8.2224e-04 +8.0111e-04 +7.6850e-04 +7.4885e-04 +7.3606e-04 +7.4863e-04 +7.1442e-04 +6.6972e-04 +6.6870e-04 +6.4850e-04 +6.1866e-04 +5.6946e-04 +5.2226e-04 +4.8568e-04 +4.4326e-04 +4.1875e-04 +4.2754e-04 +4.3369e-04 +4.7429e-04 +5.2288e-04 +6.0437e-04 +7.0648e-04 +8.0647e-04 +8.7465e-04 +9.6978e-04 +1.0227e-03 +1.0664e-03 +1.0769e-03 +1.0684e-03 +1.0513e-03 +1.0201e-03 +9.5406e-04 
# Total Vertical 2nd Order Kick [T2m2]
START
            -0000.01800 -0000.01700 -0000.01600 -0000.01500 -0000.01400 -0000.01300 -0000.01200 -0000.01100 -0000.01000 -0000.00900 -0000.00800 -0000.00700 -0000.00600 -0000.00500 -0000.00400 -0000.00300 -0000.00200 -0000.00100 +0000.00000 +0000.00100 +0000.00200 +0000.00300 +0000.00400 +0000.00500 +0000.00600 +0000.00700 +0000.00800 +0000.00900 +0000.01000 +0000.01100 +0000.01200 +0000.01300 +0000.01400 +0000.01500 +0000.01600 +0000.01700 +0000.01800 
+0000.01200 -7.9632e-04 -8.4461e-04 -8.8823e-04 -9.0417e-04 -9.3073e-04 -9.4450e-04 -9.2830e-04 -8.9173e-04 -8.4798e-04 -7.8246e-04 -6.9838e-04 -6.5749e-04 -5.9547e-04 -5.3257e-04 -4.9593e-04 -4.6735e-04 -4.4882e-04 -4.5015e-04 -4.6043e-04 -4.7741e-04 -5.0530e-04 -5.1591e-04 -5.5896e-04 -5.9079e-04 -6.4278e-04 -6.7874e-04 -7.2353e-04 -7.6301e-04 -8.0778e-04 -8.3293e-04 -8.8210e-04 -9.0466e-04 -9.1547e-04 -9.1424e-04 -9.3295e-04 -9.2231e-04 -8.8624e-04 
+0000.00000 -7.9632e-04 -8.4461e-04 -8.8823e-04 -9.0417e-04 -9.3073e-04 -9.4450e-04 -9.2830e-04 -8.9173e-04 -8.4798e-04 -7.8246e-04 -6.9838e-04 -6.5749e-04 -5.9547e-04 -5.3257e-04 -4.9593e-04 -4.6735e-04 -4.4882e-04 -4.5015e-04 -4.6043e-04 -4.7741e-04 -5.0530e-04 -5.1591e-04 -5.5896e-04 -5.9079e-04 -6.4278e-04 -6.7874e-04 -7.2353e-04 -7.6301e-04 -8.0778e-04 -8.3293e-04 -8.8210e-04 -9.0466e-04 -9.1547e-04 -9.1424e-04 -9.3295e-04 -9.2231e-04 -8.8624e-04 
-0000.01200 -7.9632e-04 -8.4461e-04 -8.8823e-04 -9.0417e-04 -9.3073e-04 -9.4450e-04 -9.2830e-04 -8.9173e-04 -8.4798e-04 -7.8246e-04 -6.9838e-04 -6.5749e-04 -5.9547e-04 -5.3257e-04 -4.9593e-04 -4.6735e-04 -4.4882e-04 -4.5015e-04 -4.6043e-04 -4.7741e-04 -5.0530e-04 -5.1591e-04 -5.5896e-04 -5.9079e-04 -6.4278e-04 -6.7874e-04 -7.2353e-04 -7.6301e-04 -8.0778e-04 -8.3293e-04 -8.8210e-04 -9.0466e-04 -9.1547e-04 -9.1424e-04 -9.3295e-04 -9.2231e-04 -8.8624e-04 
# Horizontal Final Position [m]
START
            -0000.01800 -0000.01700 -0000.01600 -0000.01500 -0000.01400 -0000.01300 -0000.01200 -0000.01100 -0000.01000 -0000.00900 -0000.00800 -0000.00700 -0000.00600 -0000.00500 -0000.00400 -0000.00300 -0000.00200 -0000.00100 +0000.00000 +0000.00100 +0000.00200 +0000.00300 +0000.00400 +0000.00500 +0000.00600 +0000.00700 +0000.00800 +0000.00900 +0000.01000 +0000.01100 +0000.01200 +0000.01300 +0000.01400 +0000.01500 +0000.01600 +0000.01700 +0000.01800 
+0000.01200 -1.8043e-02 -1.7045e-02 -1.6047e-02 -1.5049e-02 -1.4051e-02 -1.3051e-02 -1.2052e-02 -1.1052e-02 -1.0052e-02 -9.0499e-03 -8.0470e-03 -7.0445e-03 -6.0415e-03 -5.0374e-03 -4.0333e-03 -3.0293e-03 -2.0257e-03 -1.0221e-03 -1.8401e-05 +9.8511e-04 +1.9888e-03 +2.9932e-03 +3.9976e-03 +5.0025e-03 +6.0076e-03 +7.0131e-03 +8.0190e-03 +9.0246e-03 +1.0030e-02 +1.1035e-02 +1.2039e-02 +1.3043e-02 +1.4046e-02 +1.5049e-02 +1.6051e-02 +1.7053e-02 +1.8054e-02 
+0000.00000 -1.8043e-02 -1.7045e-02 -1.6047e-02 -1.5049e-02 -1.4051e-02 -1.3051e-02 -1.2052e-02 -1.1052e-02 -1.0052e-02 -9.0499e-03 -8.0470e-03 -7.0445e-03 -6.0415e-03 -5.0374e-03 -4.0333e-03 -3.0293e-03 -2.0257e-03 -1.0221e-03 -1.8401e-05 +9.8511e-04 +1.9888e-03 +2.9932e-03 +3.9976e-03 +5.0025e-03 +6.0076e-03 +7.0131e-03 +8.0190e-03 +9.0246e-03 +1.0030e-02 +1.1035e-02 +1.2039e-02 +1.3043e-02 +1.4046e-02 +1.5049e-02 +1.6051e-02 +1.7053e-02 +1.8054e-02 
-0000.01200 -1.8043e-02 -1.7045e-02 -1.6047e-02 -1.5049e-02 -1.4051e-02 -1.3051e-02 -1.2052e-02 -1.1052e-02 -1.0052e-02 -9.0499e-03 -8.0470e-03 -7.0445e-03 -6.0415e-03 -5.0374e-03 -4.0333e-03 -3.0293e-03 -2.0257e-03 -1.0221e-03 -1.8401e-05 +9.8511e-04 +1.9888e-03 +2.9932e-03 +3.9976e-03 +5.0025e-03 +6.0076e-03 +7.0131e-03 +8.0190e-03 +9.0246e-03 +1.0030e-02 +1.1035e-02 +1.2039e-02 +1.3043e-02 +1.4046e-02 +1.5049e-02 +1.6051e-02 +1.7053e-02 +1.8054e-02 
# Vertical Final Position [m]
START
            -0000.01800 -0000.01700 -0000.01600 -0000.01500 -0000.01400 -0000.01300 -0000.01200 -0000.01100 -0000.01000 -0000.00900 -0000.00800 -0000.00700 -0000.00600 -0000.00500 -0000.00400 -0000.00300 -0000.00200 -0000.00100 +0000.00000 +0000.00100 +0000.00200 +0000.00300 +0000.00400 +0000.00500 +0000.00600 +0000.00700 +0000.00800 +0000.00900 +0000.01000 +0000.01100 +0000.01200 +0000.01300 +0000.01400 +0000.01500 +0000.01600 +0000.01700 +0000.01800 
+0000.01200 +1.1833e-02 +1.1839e-02 +1.1846e-02 +1.1854e-02 +1.1863e-02 +1.1873e-02 +1.1884e-02 +1.1896e-02 +1.1908e-02 +1.1921e-02 +1.1934e-02 +1.1945e-02 +1.1957e-02 +1.1968e-02 +1.1978e-02 +1.1987e-02 +1.1995e-02 +1.2003e-02 +1.2009e-02 +1.2015e-02 +1.2021e-02 +1.2026e-02 +1.2030e-02 +1.2034e-02 +1.2037e-02 +1.2040e-02 +1.2042e-02 +1.2043e-02 +1.2045e-02 +1.2046e-02 +1.2046e-02 +1.2047e-02 +1.2048e-02 +1.2049e-02 +1.2050e-02 +1.2051e-02 +1.2053e-02 
+0000.00000 -1.6663e-04 -1.6104e-04 -1.5439e-04 -1.4632e-04 -1.3730e-04 -1.2728e-04 -1.1618e-04 -1.0424e-04 -9.1908e-05 -7.9105e-05 -6.6243e-05 -5.4564e-05 -4.2949e-05 -3.1961e-05 -2.2118e-05 -1.3017e-05 -4.8252e-06 +2.5597e-06 +9.2848e-06 +1.5303e-05 +2.0767e-05 +2.5964e-05 +3.0097e-05 +3.3955e-05 +3.6944e-05 +3.9562e-05 +4.1644e-05 +4.3378e-05 +4.4652e-05 +4.5813e-05 +4.6355e-05 +4.7285e-05 +4.8226e-05 +4.9254e-05 +4.9936e-05 +5.1142e-05 +5.2819e-05 
-0000.01200 -1.2167e-02 -1.2161e-02 -1.2154e-02 -1.2146e-02 -1.2137e-02 -1.2127e-02 -1.2116e-02 -1.2104e-02 -1.2092e-02 -1.2079e-02 -1.2066e-02 -1.2055e-02 -1.2043e-02 -1.2032e-02 -1.2022e-02 -1.2013e-02 -1.2005e-02 -1.1997e-02 -1.1991e-02 -1.1985e-02 -1.1979e-02 -1.1974e-02 -1.1970e-02 -1.1966e-02 -1.1963e-02 -1.1960e-02 -1.1958e-02 -1.1957e-02 -1.1955e-02 -1.1954e-02 -1.1954e-02 -1.1953e-02 -1.1952e-02 -1.1951e-02 -1.1950e-02 -1.1949e-02 -1.1947e-02 