# Author: FAC idanalysis.IDKickMap
# Termination_kicks [T2m2]: -8.0859e-04 +1.0919e-03 +1.7051e-04 +7.0383e-04 
# Total Length of Longitudinal Interval [m]
2.773
# Number of Horizontal Points
37
# Number of Vertical Points
3
# Total Horizontal 2nd Order Kick [T2m2]
START
            -0000.01800 -0000.01700 -0000.01600 -0000.01500 -0000.01400 -0000.01300 -0000.01200 -0000.01100 -0000.01000 -0000.00900 -0000.00800 -0000.00700 -0000.00600 -0000.00500 -0000.00400 -0000.00300 -0000.00200 -0000.00100 +0000.00000 +0000.00100 +0000.00200 +0000.00300 +0000.00400 +0000.00500 +0000.00600 +0000.00700 +0000.00800 +0000.00900 +0000.01000 +0000.01100 +0000.01200 +0000.01300 +0000.01400 +0000.01500 +0000.01600 +0000.01700 +0000.01800 
+0000.01200 +9.1958e-04 +9.0090e-04 +8.9166e-04 +8.6215e-04 +8.2655e-04 +7.8054e-04 +7.4583e-04 +6.9836e-04 +6.4238e-04 +5.9680e-04 +5.5298e-04 +4.9481e-04 +4.5262e-04 +4.0313e-04 +3.9995e-04 +3.6564e-04 +3.3651e-04 +3.4427e-04 +3.2147e-04 +3.4488e-04 +3.5002e-04 +4.1199e-04 +4.5726e-04 +5.1227e-04 +5.8145e-04 +6.4967e-04 +7.3818e-04 +8.3252e-04 +9.2484e-04 +1.0002e-03 +1.0489e-03 +1.0817e-03 +1.0983e-03 +1.0852e-03 +1.0755e-03 +1.0459e-03 +9.8290e-04 
+0000.00000 +9.1958e-04 +9.0090e-04 +8.9166e-04 +8.6215e-04 +8.2655e-04 +7.8054e-04 +7.4583e-04 +6.9836e-04 +6.4238e-04 +5.9680e-04 +5.5298e-04 +4.9481e-04 +4.5262e-04 +4.0313e-04 +3.9995e-04 +3.6564e-04 +3.3651e-04 +3.4427e-04 +3.2147e-04 +3.4488e-04 +3.5002e-04 +4.1199e-04 +4.5726e-04 +5.1227e-04 +5.8145e-04 +6.4967e-04 +7.3818e-04 +8.3252e-04 +9.2484e-04 +1.0002e-03 +1.0489e-03 +1.0817e-03 +1.0983e-03 +1.0852e-03 +1.0755e-03 +1.0459e-03 +9.8290e-04 
-0000.01200 +9.1958e-04 +9.0090e-04 +8.9166e-04 +8.6215e-04 +8.2655e-04 +7.8054e-04 +7.4583e-04 +6.9836e-04 +6.4238e-04 +5.9680e-04 +5.5298e-04 +4.9481e-04 +4.5262e-04 +4.0313e-04 +3.9995e-04 +3.6564e-04 +3.3651e-04 +3.4427e-04 +3.2147e-04 +3.4488e-04 +3.5002e-04 +4.1199e-04 +4.5726e-04 +5.1227e-04 +5.8145e-04 +6.4967e-04 +7.3818e-04 +8.3252e-04 +9.2484e-04 +1.0002e-03 +1.0489e-03 +1.0817e-03 +1.0983e-03 +1.0852e-03 +1.0755e-03 +1.0459e-03 +9.8290e-04 
# Total Vertical 2nd Order Kick [T2m2]
START
            -0000.01800 -0000.01700 -0000.01600 -0000.01500 -0000.01400 -0000.01300 -0000.01200 -0000.01100 -0000.01000 -0000.00900 -0000.00800 -0000.00700 -0000.00600 -0000.00500 -0000.00400 -0000.00300 -0000.00200 -0000.00100 +0000.00000 +0000.00100 +0000.00200 +0000.00300 +0000.00400 +0000.00500 +0000.00600 +0000.00700 +0000.00800 +0000.00900 +0000.01000 +0000.01100 +0000.01200 +0000.01300 +0000.01400 +0000.01500 +0000.01600 +0000.01700 +0000.01800 
+0000.01200 -1.6024e-03 -1.5820e-03 -1.5627e-03 -1.5245e-03 -1.4781e-03 -1.4199e-03 -1.3037e-03 -1.1756e-03 -1.0469e-03 -8.6829e-04 -6.8885e-04 -4.9511e-04 -2.8997e-04 -1.1274e-04 +6.1182e-05 +2.1852e-04 +3.5491e-04 +4.2987e-04 +4.7001e-04 +4.5908e-04 +4.3716e-04 +3.8576e-04 +2.7892e-04 +1.5728e-04 +1.0458e-05 -1.3030e-04 -2.9862e-04 -4.5408e-04 -6.0693e-04 -7.4869e-04 -8.9059e-04 -1.0051e-03 -1.1215e-03 -1.2156e-03 -1.3068e-03 -1.3628e-03 -1.4138e-03 
+0000.00000 -1.6024e-03 -1.5820e-03 -1.5627e-03 -1.5245e-03 -1.4781e-03 -1.4199e-03 -1.3037e-03 -1.1756e-03 -1.0469e-03 -8.6829e-04 -6.8885e-04 -4.9511e-04 -2.8997e-04 -1.1274e-04 +6.1182e-05 +2.1852e-04 +3.5491e-04 +4.2987e-04 +4.7001e-04 +4.5908e-04 +4.3716e-04 +3.8576e-04 +2.7892e-04 +1.5728e-04 +1.0458e-05 -1.3030e-04 -2.9862e-04 -4.5408e-04 -6.0693e-04 -7.4869e-04 -8.9059e-04 -1.0051e-03 -1.1215e-03 -1.2156e-03 -1.3068e-03 -1.3628e-03 -1.4138e-03 
-0000.01200 -1.6024e-03 -1.5820e-03 -1.5627e-03 -1.5245e-03 -1.4781e-03 -1.4199e-03 -1.3037e-03 -1.1756e-03 -1.0469e-03 -8.6829e-04 -6.8885e-04 -4.9511e-04 -2.8997e-04 -1.1274e-04 +6.1182e-05 +2.1852e-04 +3.5491e-04 +4.2987e-04 +4.7001e-04 +4.5908e-04 +4.3716e-04 +3.8576e-04 +2.7892e-04 +1.5728e-04 +1.0458e-05 -1.3030e-04 -2.9862e-04 -4.5408e-04 -6.0693e-04 -7.4869e-04 -8.9059e-04 -1.0051e-03 -1.1215e-03 -1.2156e-03 -1.3068e-03 -1.3628e-03 -1.4138e-03 
# Horizontal Final Position [m]
START
            -0000.01800 -0000.01700 -0000.01600 -0000.01500 -0000.01400 -0000.01300 -0000.01200 -0000.01100 -0000.01000 -0000.00900 -0000.00800 -0000.00700 -0000.00600 -0000.00500 -0000.00400 -0000.00300 -0000.00200 -0000.00100 +0000.00000 +0000.00100 +0000.00200 +0000.00300 +0000.00400 +0000.00500 +0000.00600 +0000.00700 +0000.00800 +0000.00900 +0000.01000 +0000.01100 +0000.01200 +0000.01300 +0000.01400 +0000.01500 +0000.01600 +0000.01700 +0000.01800 
+0000.01200 -1.8044e-02 -1.7047e-02 -1.6049e-02 -1.5051e-02 -1.4053e-02 -1.3055e-02 -1.2056e-02 -1.1057e-02 -1.0057e-02 -9.0561e-03 -8.0543e-03 -7.0522e-03 -6.0490e-03 -5.0455e-03 -4.0408e-03 -3.0363e-03 -2.0314e-03 -1.0259e-03 -2.0960e-05 +9.8495e-04 +1.9902e-03 +2.9964e-03 +4.0021e-03 +5.0077e-03 +6.0133e-03 +7.0186e-03 +8.0240e-03 +9.0293e-03 +1.0034e-02 +1.1039e-02 +1.2042e-02 +1.3046e-02 +1.4048e-02 +1.5051e-02 +1.6053e-02 +1.7054e-02 +1.8055e-02 
+0000.00000 -1.8044e-02 -1.7047e-02 -1.6049e-02 -1.5051e-02 -1.4053e-02 -1.3055e-02 -1.2056e-02 -1.1057e-02 -1.0057e-02 -9.0561e-03 -8.0543e-03 -7.0522e-03 -6.0490e-03 -5.0455e-03 -4.0408e-03 -3.0363e-03 -2.0314e-03 -1.0259e-03 -2.0960e-05 +9.8495e-04 +1.9902e-03 +2.9964e-03 +4.0021e-03 +5.0077e-03 +6.0133e-03 +7.0186e-03 +8.0240e-03 +9.0293e-03 +1.0034e-02 +1.1039e-02 +1.2042e-02 +1.3046e-02 +1.4048e-02 +1.5051e-02 +1.6053e-02 +1.7054e-02 +1.8055e-02 
-0000.01200 -1.8044e-02 -1.7047e-02 -1.6049e-02 -1.5051e-02 -1.4053e-02 -1.3055e-02 -1.2056e-02 -1.1057e-02 -1.0057e-02 -9.0561e-03 -8.0543e-03 -7.0522e-03 -6.0490e-03 -5.0455e-03 -4.0408e-03 -3.0363e-03 -2.0314e-03 -1.0259e-03 -2.0960e-05 +9.8495e-04 +1.9902e-03 +2.9964e-03 +4.0021e-03 +5.0077e-03 +6.0133e-03 +7.0186e-03 +8.0240e-03 +9.0293e-03 +1.0034e-02 +1.1039e-02 +1.2042e-02 +1.3046e-02 +1.4048e-02 +1.5051e-02 +1.6053e-02 +1.7054e-02 +1.8055e-02 
# Vertical Final Position [m]
START
            -0000.01800 -0000.01700 -0000.01600 -0000.01500 -0000.01400 -0000.01300 -0000.01200 -0000.01100 -0000.01000 -0000.00900 -0000.00800 -0000.00700 -0000.00600 -0000.00500 -0000.00400 -0000.00300 -0000.00200 -0000.00100 +0000.00000 +0000.00100 +0000.00200 +0000.00300 +0000.00400 +0000.00500 +0000.00600 +0000.00700 +0000.00800 +0000.00900 +0000.01000 +0000.01100 +0000.01200 +0000.01300 +0000.01400 +0000.01500 +0000.01600 +0000.01700 +0000.01800 
+0000.01200 +1.1836e-02 +1.1843e-02 +1.1850e-02 +1.1859e-02 +1.1870e-02 +1.1881e-02 +1.1894e-02 +1.1908e-02 +1.1922e-02 +1.1937e-02 +1.1951e-02 +1.1966e-02 +1.1981e-02 +1.1994e-02 +1.2007e-02 +1.2019e-02 +1.2030e-02 +1.2039e-02 +1.2046e-02 +1.2052e-02 +1.2058e-02 +1.2062e-02 +1.2065e-02 +1.2066e-02 +1.2067e-02 +1.2068e-02 +1.2067e-02 +1.2067e-02 +1.2066e-02 +1.2065e-02 +1.2064e-02 +1.2063e-02 +1.2062e-02 +1.2061e-02 +1.2060e-02 +1.2060e-02 +1.2061e-02 
+0000.00000 -1.6403e-04 -1.5737e-04 -1.4965e-04 -1.4057e-04 -1.3032e-04 -1.1906e-04 -1.0605e-04 -9.2310e-05 -7.8381e-05 -6.3339e-05 -4.8500e-05 -3.3672e-05 -1.9033e-05 -5.5909e-06 +7.2036e-06 +1.9004e-05 +2.9697e-05 +3.8636e-05 +4.6196e-05 +5.2335e-05 +5.7687e-05 +6.1927e-05 +6.4642e-05 +6.6394e-05 +6.7270e-05 +6.7783e-05 +6.7362e-05 +6.6743e-05 +6.5803e-05 +6.4796e-05 +6.3625e-05 +6.2841e-05 +6.1752e-05 +6.1083e-05 +6.0376e-05 +6.0430e-05 +6.0512e-05 
-0000.01200 -1.2164e-02 -1.2157e-02 -1.2150e-02 -1.2141e-02 -1.2130e-02 -1.2119e-02 -1.2106e-02 -1.2092e-02 -1.2078e-02 -1.2063e-02 -1.2049e-02 -1.2034e-02 -1.2019e-02 -1.2006e-02 -1.1993e-02 -1.1981e-02 -1.1970e-02 -1.1961e-02 -1.1954e-02 -1.1948e-02 -1.1942e-02 -1.1938e-02 -1.1935e-02 -1.1934e-02 -1.1933e-02 -1.1932e-02 -1.1933e-02 -1.1933e-02 -1.1934e-02 -1.1935e-02 -1.1936e-02 -1.1937e-02 -1.1938e-02 -1.1939e-02 -1.1940e-02 -1.1940e-02 -1.1939e-02 